##### EXOPHOT SPECTRAL OVERLAP FILE #####
# Date: 12/03/2021 13:30:09
# SED file: g2v.txt
# atmosphere file: g2v_psg_highlyOxidizing_trn.txt
# photopigment file: Chl_b.txt
# Stellar radius (Rs in km): 696340
# Exoplanet semi-major axis (sma in km): 149600000.0
# Absorption rate (s^-1): 1.03351e+01
## Wavelength (Angstrom)  Overlapped Spectra (A^-1 s^-1)
3000.00 3.18358e-04
3010.00 2.59571e-04
3010.56 2.59416e-04
3020.00 2.80271e-04
3025.61 2.94603e-04
3030.00 3.02973e-04
3040.00 3.16960e-04
3040.74 3.17863e-04
3050.00 3.31247e-04
3055.94 3.44326e-04
3060.00 3.53630e-04
3070.00 3.66468e-04
3071.22 3.66268e-04
3080.00 3.56479e-04
3086.58 3.50450e-04
3090.00 3.52381e-04
3100.00 3.83334e-04
3102.01 3.91644e-04
3110.00 4.18380e-04
3117.52 4.21800e-04
3120.00 4.18927e-04
3130.00 3.98901e-04
3133.11 3.92886e-04
3140.00 3.83966e-04
3148.77 3.86478e-04
3150.00 3.88544e-04
3160.00 4.16798e-04
3164.52 4.28601e-04
3170.00 4.33531e-04
3180.00 4.09841e-04
3180.34 4.08773e-04
3190.00 3.93219e-04
3196.24 4.10746e-04
3200.00 4.27169e-04
3210.00 4.53336e-04
3212.22 4.49697e-04
3220.00 4.15985e-04
3228.29 3.88302e-04
3230.00 3.89639e-04
3240.00 4.60516e-04
3244.43 5.12786e-04
3250.00 5.80664e-04
3260.00 6.75854e-04
3260.65 6.80683e-04
3270.00 7.31791e-04
3276.95 7.47047e-04
3280.00 7.48788e-04
3290.00 7.42264e-04
3293.34 7.38565e-04
3300.00 7.31697e-04
3309.80 7.27517e-04
3310.00 7.27576e-04
3320.00 7.38846e-04
3326.35 7.51877e-04
3330.00 7.60839e-04
3340.00 7.80880e-04
3342.98 7.79821e-04
3350.00 7.52137e-04
3359.70 6.54979e-04
3360.00 6.51672e-04
3370.00 5.74682e-04
3376.50 5.86395e-04
3380.00 6.08234e-04
3390.00 6.78840e-04
3393.38 6.91813e-04
3400.00 6.99349e-04
3410.00 6.96577e-04
3410.35 6.96727e-04
3420.00 7.12266e-04
3427.40 7.30804e-04
3430.00 7.36816e-04
3440.00 7.53496e-04
3444.54 7.59033e-04
3450.00 7.64160e-04
3460.00 7.71077e-04
3461.76 7.72976e-04
3470.00 7.87677e-04
3479.07 8.16010e-04
3480.00 8.19588e-04
3490.00 8.63582e-04
3496.46 8.93105e-04
3500.00 9.05691e-04
3510.00 9.08058e-04
3513.95 8.90358e-04
3520.00 8.55013e-04
3530.00 8.41322e-04
3531.51 8.50609e-04
3540.00 9.40939e-04
3549.17 1.00328e-03
3550.00 1.00193e-03
3560.00 8.87708e-04
3566.92 7.71287e-04
3570.00 7.31287e-04
3580.00 6.96473e-04
3584.75 7.15978e-04
3590.00 7.49823e-04
3600.00 8.17041e-04
3602.68 8.32596e-04
3610.00 8.64391e-04
3620.00 8.75642e-04
3620.69 8.75186e-04
3630.00 8.57829e-04
3638.79 8.55218e-04
3640.00 8.62946e-04
3650.00 9.92554e-04
3656.99 1.05004e-03
3660.00 1.05828e-03
3670.00 1.03514e-03
3675.27 1.00982e-03
3680.00 9.88225e-04
3690.00 9.72733e-04
3693.65 9.86137e-04
3700.00 1.01859e-03
3710.00 1.01186e-03
3712.12 9.91030e-04
3720.00 8.70448e-04
3730.00 7.33040e-04
3730.68 7.28306e-04
3740.00 7.34269e-04
3749.33 8.23973e-04
3750.00 8.31528e-04
3760.00 9.37806e-04
3768.08 1.00029e-03
3770.00 1.00982e-03
3780.00 1.02583e-03
3786.92 1.02325e-03
3790.00 1.02563e-03
3800.00 1.04210e-03
3805.85 1.01462e-03
3810.00 9.60398e-04
3820.00 7.23782e-04
3824.88 6.11381e-04
3830.00 5.40589e-04
3840.00 5.78445e-04
3844.01 6.21231e-04
3850.00 6.69033e-04
3860.00 6.53723e-04
3863.23 6.35253e-04
3870.00 5.99593e-04
3880.00 5.94087e-04
3882.54 6.03743e-04
3890.00 6.58492e-04
3900.00 7.61210e-04
3901.96 7.73388e-04
3910.00 7.50504e-04
3920.00 5.43539e-04
3921.46 5.09822e-04
3930.00 3.95808e-04
3940.00 5.39741e-04
3941.07 5.63448e-04
3950.00 7.02120e-04
3960.00 6.05913e-04
3960.78 5.93324e-04
3970.00 5.17614e-04
3980.00 7.51127e-04
3980.58 7.71532e-04
3990.00 1.08987e-03
4000.00 1.23521e-03
4000.48 1.23770e-03
4010.00 1.25241e-03
4020.00 1.27410e-03
4020.49 1.27568e-03
4030.00 1.30937e-03
4040.00 1.33550e-03
4040.59 1.33613e-03
4050.00 1.33208e-03
4060.00 1.32394e-03
4060.79 1.32507e-03
4070.00 1.37934e-03
4080.00 1.53799e-03
4081.10 1.55871e-03
4090.00 1.71225e-03
4100.00 1.79423e-03
4101.50 1.80037e-03
4110.00 1.84104e-03
4120.00 1.96592e-03
4122.01 1.99951e-03
4130.00 2.14270e-03
4140.00 2.31725e-03
4142.62 2.36544e-03
4150.00 2.52130e-03
4160.00 2.79271e-03
4163.33 2.88760e-03
4170.00 3.06239e-03
4180.00 3.26055e-03
4184.15 3.33683e-03
4190.00 3.47164e-03
4200.00 3.82335e-03
4205.07 4.01675e-03
4210.00 4.17855e-03
4220.00 4.37153e-03
4226.10 4.44789e-03
4230.00 4.51206e-03
4240.00 4.77707e-03
4247.23 4.96018e-03
4250.00 5.00446e-03
4260.00 5.00425e-03
4268.46 4.91233e-03
4270.00 4.89835e-03
4280.00 4.82769e-03
4289.80 4.56760e-03
4290.00 4.55823e-03
4300.00 3.96876e-03
4310.00 3.81655e-03
4311.25 3.87551e-03
4320.00 4.67299e-03
4330.00 5.56216e-03
4332.81 5.64624e-03
4340.00 5.56846e-03
4350.00 5.37290e-03
4354.47 5.47417e-03
4360.00 5.74174e-03
4370.00 6.23225e-03
4376.25 6.29234e-03
4380.00 6.25920e-03
4390.00 6.24506e-03
4398.13 6.65948e-03
4400.00 6.81358e-03
4410.00 7.86397e-03
4420.00 8.98725e-03
4420.12 9.00040e-03
4430.00 1.00691e-02
4440.00 1.10077e-02
4442.22 1.12183e-02
4450.00 1.20861e-02
4460.00 1.36439e-02
4464.43 1.43832e-02
4470.00 1.52407e-02
4480.00 1.64536e-02
4486.75 1.72912e-02
4490.00 1.78121e-02
4500.00 1.99396e-02
4509.19 2.14249e-02
4510.00 2.14872e-02
4520.00 2.12351e-02
4530.00 2.02683e-02
4531.73 2.01748e-02
4540.00 2.01539e-02
4550.00 2.05866e-02
4554.39 2.07692e-02
4560.00 2.08651e-02
4570.00 2.03199e-02
4577.16 1.92441e-02
4580.00 1.87327e-02
4590.00 1.70371e-02
4600.00 1.59451e-02
4600.05 1.59406e-02
4610.00 1.49234e-02
4620.00 1.35660e-02
4623.05 1.31109e-02
4630.00 1.20834e-02
4640.00 1.07778e-02
4646.16 1.00954e-02
4650.00 9.70444e-03
4660.00 8.74282e-03
4669.39 7.82896e-03
4670.00 7.76547e-03
4680.00 6.67208e-03
4690.00 5.68563e-03
4692.74 5.42184e-03
4700.00 4.74736e-03
4710.00 3.97447e-03
4716.20 3.60769e-03
4720.00 3.41211e-03
4730.00 2.95021e-03
4739.79 2.54545e-03
4740.00 2.53683e-03
4750.00 2.15075e-03
4760.00 1.83077e-03
4763.48 1.73565e-03
4770.00 1.57347e-03
4780.00 1.35143e-03
4787.30 1.21597e-03
4790.00 1.17077e-03
4800.00 1.02217e-03
4810.00 9.11112e-04
4811.24 9.00448e-04
4820.00 8.38690e-04
4830.00 7.76530e-04
4835.29 7.41367e-04
4840.00 7.06600e-04
4850.00 6.17109e-04
4859.47 5.39935e-04
4860.00 5.38257e-04
4870.00 5.50402e-04
4880.00 5.51455e-04
4883.77 5.56104e-04
4890.00 5.69049e-04
4900.00 5.76568e-04
4908.19 5.66761e-04
4910.00 5.64347e-04
4920.00 5.56153e-04
4930.00 5.52098e-04
4932.73 5.53503e-04
4940.00 5.60973e-04
4950.00 5.71136e-04
4957.39 5.80117e-04
4960.00 5.82953e-04
4970.00 5.89031e-04
4980.00 5.81989e-04
4982.18 5.75794e-04
4990.00 5.50597e-04
5000.00 5.41448e-04
5007.09 5.37716e-04
5010.00 5.38255e-04
5020.00 5.55551e-04
5030.00 5.74743e-04
5032.12 5.76114e-04
5040.00 5.75456e-04
5050.00 5.78941e-04
5057.29 5.87350e-04
5060.00 5.90964e-04
5070.00 5.99449e-04
5080.00 5.91959e-04
5082.57 5.89602e-04
5090.00 5.85880e-04
5100.00 5.91928e-04
5107.98 6.02492e-04
5110.00 6.03257e-04
5120.00 5.93998e-04
5130.00 5.95109e-04
5133.52 5.95998e-04
5140.00 5.97022e-04
5150.00 5.93958e-04
5159.19 5.69319e-04
5160.00 5.66570e-04
5170.00 5.40175e-04
5180.00 5.47082e-04
5184.99 5.56282e-04
5190.00 5.70183e-04
5200.00 6.15771e-04
5210.00 6.59618e-04
5210.91 6.62821e-04
5220.00 6.84301e-04
5230.00 6.98685e-04
5236.97 7.31335e-04
5240.00 7.46586e-04
5250.00 7.66824e-04
5260.00 7.34888e-04
5263.15 7.22897e-04
5270.00 7.14264e-04
5280.00 7.71781e-04
5289.47 8.59192e-04
5290.00 8.63898e-04
5300.00 9.32167e-04
5310.00 9.50351e-04
5315.92 9.41902e-04
5320.00 9.30696e-04
5330.00 9.15715e-04
5340.00 9.75403e-04
5342.50 9.93129e-04
5350.00 1.04140e-03
5360.00 1.08960e-03
5369.21 1.09024e-03
5370.00 1.09026e-03
5380.00 1.10731e-03
5390.00 1.12692e-03
5396.05 1.12661e-03
5400.00 1.12368e-03
5410.00 1.12181e-03
5420.00 1.14057e-03
5423.03 1.15151e-03
5430.00 1.17996e-03
5440.00 1.21216e-03
5450.00 1.23290e-03
5450.15 1.23305e-03
5460.00 1.23133e-03
5470.00 1.22120e-03
5477.40 1.21896e-03
5480.00 1.21941e-03
5490.00 1.22353e-03
5500.00 1.22582e-03
5504.79 1.22739e-03
5510.00 1.22902e-03
5520.00 1.23132e-03
5530.00 1.24274e-03
5532.31 1.24797e-03
5540.00 1.26696e-03
5550.00 1.27886e-03
5559.97 1.27873e-03
5560.00 1.27871e-03
5570.00 1.26391e-03
5580.00 1.25795e-03
5587.77 1.26863e-03
5590.00 1.27399e-03
5600.00 1.30792e-03
5610.00 1.34719e-03
5615.71 1.35982e-03
5620.00 1.36538e-03
5630.00 1.37588e-03
5640.00 1.38824e-03
5643.79 1.39235e-03
5650.00 1.39457e-03
5660.00 1.38193e-03
5670.00 1.37198e-03
5672.01 1.37346e-03
5680.00 1.38687e-03
5690.00 1.39260e-03
5700.00 1.37157e-03
5700.37 1.37072e-03
5710.00 1.36385e-03
5720.00 1.40366e-03
5728.87 1.44236e-03
5730.00 1.44398e-03
5740.00 1.42416e-03
5750.00 1.40775e-03
5757.52 1.40997e-03
5760.00 1.41400e-03
5770.00 1.43647e-03
5780.00 1.43854e-03
5786.30 1.44818e-03
5790.00 1.45767e-03
5800.00 1.49862e-03
5810.00 1.57314e-03
5815.23 1.60618e-03
5820.00 1.63512e-03
5830.00 1.70254e-03
5840.00 1.73985e-03
5844.31 1.75155e-03
5850.00 1.77634e-03
5860.00 1.85532e-03
5870.00 1.89578e-03
5873.53 1.88862e-03
5880.00 1.85972e-03
5890.00 1.84385e-03
5900.00 1.92755e-03
5902.90 1.96356e-03
5910.00 2.04455e-03
5920.00 2.08663e-03
5930.00 2.07264e-03
5932.41 2.07238e-03
5940.00 2.08055e-03
5950.00 2.08354e-03
5960.00 2.07971e-03
5962.08 2.07573e-03
5970.00 2.05079e-03
5980.00 2.00570e-03
5990.00 1.93931e-03
5991.89 1.92775e-03
6000.00 1.88098e-03
6010.00 1.81484e-03
6020.00 1.75768e-03
6021.85 1.74804e-03
6030.00 1.71163e-03
6040.00 1.68776e-03
6050.00 1.66700e-03
6051.96 1.66174e-03
6060.00 1.64093e-03
6070.00 1.62545e-03
6080.00 1.59726e-03
6082.21 1.59180e-03
6090.00 1.58016e-03
6100.00 1.57865e-03
6110.00 1.57098e-03
6112.63 1.56377e-03
6120.00 1.53542e-03
6130.00 1.50452e-03
6140.00 1.50394e-03
6143.19 1.50453e-03
6150.00 1.49704e-03
6160.00 1.45860e-03
6170.00 1.42489e-03
6173.91 1.42377e-03
6180.00 1.43794e-03
6190.00 1.48450e-03
6200.00 1.50932e-03
6204.77 1.52049e-03
6210.00 1.53380e-03
6220.00 1.56241e-03
6230.00 1.61073e-03
6235.80 1.64518e-03
6240.00 1.67636e-03
6250.00 1.79031e-03
6260.00 1.97851e-03
6266.98 2.14962e-03
6270.00 2.22933e-03
6280.00 2.50088e-03
6290.00 2.78589e-03
6298.31 3.03253e-03
6300.00 3.08551e-03
6310.00 3.44720e-03
6320.00 3.93004e-03
6329.80 4.48973e-03
6330.00 4.50202e-03
6340.00 5.18434e-03
6350.00 5.92786e-03
6360.00 6.71403e-03
6361.45 6.83167e-03
6370.00 7.54646e-03
6380.00 8.41715e-03
6390.00 9.17460e-03
6393.26 9.37205e-03
6400.00 9.70158e-03
6410.00 1.00624e-02
6420.00 1.03555e-02
6425.23 1.04393e-02
6430.00 1.04439e-02
6440.00 1.01847e-02
6450.00 9.64222e-03
6457.35 9.17433e-03
6460.00 8.98972e-03
6470.00 8.18701e-03
6480.00 7.25982e-03
6489.64 6.35728e-03
6490.00 6.32522e-03
6500.00 5.48878e-03
6510.00 4.69230e-03
6520.00 3.93015e-03
6522.09 3.77875e-03
6530.00 3.24971e-03
6540.00 2.67988e-03
6550.00 2.07229e-03
6554.70 1.78916e-03
6560.00 1.55427e-03
6570.00 1.40172e-03
6580.00 1.20844e-03
6587.47 1.09726e-03
6590.00 1.06718e-03
6600.00 9.45442e-04
6610.00 8.09315e-04
6620.00 7.10928e-04
6620.41 7.07614e-04
6630.00 6.35312e-04
6640.00 5.62012e-04
6650.00 5.00394e-04
6653.51 4.79334e-04
6660.00 4.44347e-04
6670.00 4.09018e-04
6680.00 3.79205e-04
6686.78 3.60154e-04
6690.00 3.50620e-04
6700.00 3.20527e-04
6710.00 3.01218e-04
6720.00 2.82787e-04
6720.21 2.82500e-04
6730.00 2.73496e-04
6740.00 2.60157e-04
6750.00 2.47323e-04
6753.81 2.45331e-04
6760.00 2.42429e-04
6770.00 2.31425e-04
6780.00 2.24751e-04
6787.58 2.15548e-04
6790.00 2.12230e-04
6800.00 2.00188e-04
6810.00 1.89198e-04
6820.00 1.79447e-04
6821.52 1.78223e-04
6830.00 1.70649e-04
6840.00 1.56589e-04
6850.00 1.46203e-04
6855.63 1.41229e-04
6860.00 1.37603e-04
6870.00 1.29944e-04
6880.00 1.22355e-04
6889.91 1.19021e-04
6890.00 1.18988e-04
6900.00 1.12900e-04
6910.00 1.04498e-04
6920.00 1.03321e-04
6924.36 1.00962e-04
6930.00 9.72969e-05
6940.00 9.48499e-05
6950.00 9.07853e-05
6958.98 9.05817e-05
6960.00 9.06090e-05
6970.00 8.96675e-05
6980.00 8.75076e-05
6990.00 8.30149e-05
6993.77 8.23311e-05
7000.00 8.20492e-05
7010.00 8.11709e-05
7020.00 8.15741e-05
7028.74 8.04740e-05
7030.00 8.03321e-05
7040.00 7.94944e-05
7050.00 7.73061e-05
7060.00 7.97715e-05
7063.88 8.02988e-05
7070.00 8.00242e-05
7080.00 7.87594e-05
7090.00 7.89404e-05
7099.20 7.92408e-05
7100.00 7.93202e-05
7110.00 8.09830e-05
7120.00 8.21816e-05
7130.00 8.38972e-05
7134.70 8.34137e-05
7140.00 8.21018e-05
7150.00 7.94167e-05
7160.00 7.66186e-05
7170.00 7.57278e-05
7170.37 7.57589e-05
7180.00 7.61641e-05
7190.00 7.20226e-05
7200.00 7.09880e-05
7206.23 7.13470e-05
7210.00 7.11380e-05
7220.00 6.85528e-05
7230.00 6.77757e-05
7240.00 6.80450e-05
7242.26 6.81763e-05
7250.00 6.79273e-05
7260.00 6.43810e-05
7270.00 6.18234e-05
7278.47 6.36131e-05
7280.00 6.36082e-05
7290.00 5.93767e-05
7300.00 5.71467e-05
7310.00 5.71988e-05
7314.86 5.65791e-05
7320.00 5.56541e-05
7330.00 5.52972e-05
7340.00 5.58688e-05
7350.00 4.94050e-05
7351.43 4.89058e-05
7360.00 4.88662e-05
7370.00 4.72071e-05
7380.00 4.41586e-05
7388.19 4.40564e-05
7390.00 4.39750e-05
7400.00 4.25660e-05
7410.00 4.40145e-05
7420.00 4.42572e-05
7425.13 4.45888e-05
7430.00 4.50663e-05
7440.00 4.56690e-05
7450.00 4.60688e-05
7460.00 4.83702e-05
7462.26 4.93136e-05
7470.00 5.09618e-05
7480.00 4.57492e-05
7490.00 4.64088e-05
7499.57 5.00256e-05
7500.00 5.00435e-05
7510.00 4.70198e-05
7520.00 4.60092e-05
7530.00 4.44799e-05
7537.07 4.30396e-05
7540.00 4.24915e-05
7550.00 4.18201e-05
7560.00 4.30509e-05
7570.00 4.01042e-05
7574.75 3.95333e-05
7580.00 3.93876e-05
7590.00 3.80087e-05
7600.00 3.68866e-05
7610.00 3.59562e-05
7612.63 3.50887e-05
7620.00 3.34308e-05
7630.00 3.66632e-05
7640.00 3.43144e-05
7650.00 3.43205e-05
7650.69 3.43645e-05
7660.00 3.35028e-05
7670.00 3.11815e-05
7680.00 3.63666e-05
7688.94 3.58135e-05
7690.00 3.53730e-05
7700.00 3.16826e-05
7710.00 3.35207e-05
7720.00 3.13340e-05
7727.39 3.15748e-05
7730.00 3.15403e-05
7740.00 2.94871e-05
7750.00 3.10350e-05
7760.00 3.03522e-05
7766.03 2.81980e-05
7770.00 2.70227e-05
7780.00 2.71163e-05
7790.00 2.74404e-05
7800.00 2.56629e-05
7804.86 2.59573e-05
7810.00 2.67102e-05
7820.00 2.68023e-05
7830.00 2.52297e-05
7840.00 2.27964e-05
7843.88 2.33148e-05
7850.00 2.50227e-05
7860.00 2.62285e-05
7870.00 2.67732e-05
7880.00 2.58311e-05
7883.10 2.58656e-05
7890.00 2.61039e-05
7900.00 2.51020e-05
7910.00 2.48727e-05
7920.00 2.40996e-05
7922.51 2.41610e-05
7930.00 2.55498e-05
7940.00 2.75098e-05
7950.00 2.27467e-05
7960.00 2.36561e-05
7962.13 2.39377e-05
7970.00 2.40405e-05
7980.00 2.34436e-05
7990.00 2.15320e-05
8000.00 2.28938e-05
