##### EXOPHOT SPECTRAL OVERLAP FILE #####
# Date: 12/03/2021 13:30:09
# SED file: g2v.txt
# atmosphere file: g2v_psg_reducing_trn.txt
# photopigment file: BChl_a.txt
# Stellar radius (Rs in km): 696340
# Exoplanet semi-major axis (sma in km): 149600000.0
# Absorption rate (s^-1): 1.10220e+01
## Wavelength (Angstrom)  Overlapped Spectra (A^-1 s^-1)
3000.00 1.08313e-04
3002.00 1.09329e-04
3003.90 1.10147e-04
3006.00 1.11254e-04
3008.00 1.12459e-04
3010.00 1.14661e-04
3010.56 1.15168e-04
3012.00 1.16372e-04
3013.90 1.18577e-04
3016.00 1.21021e-04
3018.00 1.23782e-04
3020.00 1.25901e-04
3022.00 1.28234e-04
3023.90 1.31569e-04
3025.61 1.33428e-04
3026.00 1.33814e-04
3028.00 1.36245e-04
3030.00 1.38175e-04
3032.00 1.39558e-04
3033.90 1.41449e-04
3036.00 1.43816e-04
3038.00 1.44322e-04
3040.00 1.46492e-04
3040.74 1.47238e-04
3042.00 1.47963e-04
3043.90 1.48354e-04
3046.00 1.50475e-04
3048.00 1.52242e-04
3050.00 1.53490e-04
3052.00 1.55484e-04
3053.90 1.57462e-04
3055.94 1.60604e-04
3056.00 1.60708e-04
3058.00 1.64152e-04
3060.00 1.65879e-04
3062.00 1.67530e-04
3063.90 1.69815e-04
3066.00 1.71204e-04
3068.00 1.72143e-04
3070.00 1.73188e-04
3071.22 1.72231e-04
3072.00 1.71640e-04
3073.90 1.71660e-04
3076.00 1.70030e-04
3078.00 1.69409e-04
3080.00 1.66871e-04
3082.00 1.66005e-04
3083.90 1.64889e-04
3086.00 1.65300e-04
3086.58 1.65293e-04
3088.00 1.65196e-04
3090.00 1.66385e-04
3092.00 1.68235e-04
3093.90 1.70204e-04
3096.00 1.72849e-04
3098.00 1.77287e-04
3100.00 1.81414e-04
3102.00 1.85150e-04
3102.01 1.85171e-04
3103.90 1.88611e-04
3106.00 1.92934e-04
3108.00 1.95525e-04
3110.00 1.98344e-04
3112.00 1.99706e-04
3113.90 2.01086e-04
3116.00 2.01121e-04
3117.52 2.01287e-04
3118.00 2.01279e-04
3120.00 2.00353e-04
3122.00 1.98930e-04
3123.90 1.97908e-04
3126.00 1.95866e-04
3128.00 1.94549e-04
3130.00 1.92036e-04
3132.00 1.91813e-04
3133.11 1.90515e-04
3133.90 1.89700e-04
3136.00 1.90145e-04
3138.00 1.89253e-04
3140.00 1.89630e-04
3142.00 1.89829e-04
3143.90 1.90252e-04
3146.00 1.91390e-04
3148.00 1.93306e-04
3148.77 1.94286e-04
3150.00 1.95806e-04
3152.00 1.98267e-04
3153.90 2.02468e-04
3156.00 2.05199e-04
3158.00 2.09192e-04
3160.00 2.14642e-04
3162.00 2.20003e-04
3163.90 2.22038e-04
3164.52 2.22940e-04
3166.00 2.25607e-04
3168.00 2.27789e-04
3170.00 2.28543e-04
3172.00 2.29983e-04
3173.90 2.28855e-04
3176.00 2.27705e-04
3178.00 2.25917e-04
3180.00 2.24101e-04
3180.34 2.23836e-04
3182.00 2.22421e-04
3183.90 2.20349e-04
3186.00 2.19911e-04
3188.00 2.19706e-04
3190.00 2.19364e-04
3192.00 2.23156e-04
3193.90 2.28003e-04
3196.00 2.32884e-04
3196.24 2.33637e-04
3198.00 2.39907e-04
3200.00 2.45863e-04
3202.00 2.51809e-04
3203.90 2.56784e-04
3206.00 2.62224e-04
3208.00 2.66920e-04
3210.00 2.66209e-04
3212.00 2.68949e-04
3212.22 2.68737e-04
3213.90 2.64033e-04
3216.00 2.60630e-04
3218.00 2.56171e-04
3220.00 2.50206e-04
3222.00 2.46284e-04
3223.90 2.40751e-04
3226.00 2.39734e-04
3228.00 2.38514e-04
3228.29 2.38400e-04
3230.00 2.39481e-04
3232.00 2.45171e-04
3233.90 2.51457e-04
3236.00 2.62596e-04
3238.00 2.74229e-04
3240.00 2.89365e-04
3242.00 3.04105e-04
3243.90 3.20794e-04
3244.43 3.25142e-04
3246.00 3.37639e-04
3248.00 3.55675e-04
3250.00 3.72340e-04
3252.00 3.86281e-04
3253.90 4.01754e-04
3256.00 4.15839e-04
3258.00 4.30677e-04
3260.00 4.40090e-04
3260.65 4.43408e-04
3262.00 4.51772e-04
3263.90 4.63908e-04
3266.00 4.72102e-04
3268.00 4.81142e-04
3270.00 4.86104e-04
3272.00 4.93088e-04
3273.90 4.98682e-04
3276.00 5.02023e-04
3276.95 5.04341e-04
3278.00 5.06788e-04
3280.00 5.08985e-04
3282.00 5.11837e-04
3284.00 5.12607e-04
3286.00 5.13404e-04
3288.00 5.13294e-04
3290.00 5.17196e-04
3292.00 5.17704e-04
3293.34 5.19721e-04
3294.00 5.20537e-04
3296.00 5.20264e-04
3298.00 5.22019e-04
3300.00 5.21524e-04
3302.00 5.22841e-04
3304.00 5.26713e-04
3306.00 5.26481e-04
3308.00 5.31143e-04
3309.80 5.31223e-04
3310.00 5.31400e-04
3312.00 5.36786e-04
3314.00 5.40033e-04
3316.00 5.46049e-04
3318.00 5.51871e-04
3320.00 5.60005e-04
3322.00 5.64573e-04
3324.00 5.70638e-04
3326.00 5.77660e-04
3326.35 5.78994e-04
3328.00 5.85492e-04
3330.00 5.93096e-04
3332.00 5.99515e-04
3334.00 6.06089e-04
3336.00 6.16073e-04
3338.00 6.22232e-04
3340.00 6.26991e-04
3342.00 6.31453e-04
3342.98 6.34353e-04
3344.00 6.36523e-04
3346.00 6.35227e-04
3348.00 6.31482e-04
3350.00 6.25504e-04
3352.00 6.17011e-04
3354.00 6.06833e-04
3356.00 5.92611e-04
3358.00 5.77079e-04
3359.70 5.64051e-04
3360.00 5.61920e-04
3362.00 5.48348e-04
3364.00 5.33586e-04
3366.00 5.25036e-04
3368.00 5.18105e-04
3370.00 5.14915e-04
3372.00 5.17776e-04
3374.00 5.25390e-04
3376.00 5.36191e-04
3376.50 5.39583e-04
3378.00 5.50970e-04
3380.00 5.67229e-04
3382.00 5.86536e-04
3384.00 6.05609e-04
3386.00 6.26238e-04
3388.00 6.44888e-04
3390.00 6.60483e-04
3392.00 6.73161e-04
3393.38 6.81352e-04
3394.00 6.84827e-04
3396.00 6.94876e-04
3398.00 7.03315e-04
3400.00 7.08359e-04
3402.00 7.14391e-04
3404.00 7.20066e-04
3406.00 7.24813e-04
3408.00 7.30510e-04
3410.00 7.37904e-04
3410.35 7.39023e-04
3412.00 7.44331e-04
3414.00 7.54107e-04
3416.00 7.64983e-04
3418.00 7.74336e-04
3420.00 7.87282e-04
3422.00 7.98081e-04
3424.00 8.13884e-04
3426.00 8.25512e-04
3427.40 8.33737e-04
3428.00 8.37691e-04
3430.00 8.51523e-04
3432.00 8.63519e-04
3434.00 8.77051e-04
3436.00 8.88476e-04
3438.00 8.98423e-04
3440.00 9.14740e-04
3442.00 9.23999e-04
3444.00 9.35966e-04
3444.54 9.38366e-04
3446.00 9.44136e-04
3448.00 9.56274e-04
3450.00 9.66811e-04
3452.00 9.77784e-04
3454.00 9.89794e-04
3456.00 1.00063e-03
3458.00 1.01145e-03
3460.00 1.02341e-03
3461.76 1.03541e-03
3462.00 1.03708e-03
3464.00 1.05061e-03
3466.00 1.06399e-03
3468.00 1.07878e-03
3470.00 1.09506e-03
3472.00 1.11372e-03
3474.00 1.13269e-03
3476.00 1.15170e-03
3478.00 1.17396e-03
3479.07 1.18354e-03
3480.00 1.19221e-03
3482.00 1.21688e-03
3484.00 1.24101e-03
3486.00 1.26537e-03
3488.00 1.28920e-03
3490.00 1.31525e-03
3492.00 1.34104e-03
3494.00 1.36516e-03
3496.00 1.39223e-03
3496.46 1.39812e-03
3498.00 1.41653e-03
3500.00 1.44094e-03
3502.00 1.46255e-03
3504.00 1.47821e-03
3506.00 1.49284e-03
3508.00 1.49949e-03
3510.00 1.50866e-03
3512.00 1.50876e-03
3513.95 1.50729e-03
3514.00 1.50705e-03
3516.00 1.49309e-03
3518.00 1.48872e-03
3520.00 1.47914e-03
3522.00 1.47111e-03
3524.00 1.46889e-03
3526.00 1.47274e-03
3528.00 1.48683e-03
3530.00 1.51216e-03
3531.51 1.53665e-03
3532.00 1.54581e-03
3534.00 1.59078e-03
3536.00 1.64081e-03
3538.00 1.69450e-03
3540.00 1.75276e-03
3542.00 1.80727e-03
3544.00 1.85453e-03
3546.00 1.89394e-03
3548.00 1.92234e-03
3549.17 1.93095e-03
3550.00 1.93352e-03
3552.00 1.92862e-03
3554.00 1.90676e-03
3556.00 1.87175e-03
3558.00 1.82591e-03
3560.00 1.77194e-03
3562.00 1.71357e-03
3564.00 1.65494e-03
3566.00 1.59957e-03
3566.92 1.57542e-03
3568.00 1.54864e-03
3570.00 1.50684e-03
3572.00 1.47806e-03
3574.00 1.46042e-03
3576.00 1.45493e-03
3578.00 1.46041e-03
3580.00 1.47532e-03
3582.00 1.49584e-03
3584.00 1.52495e-03
3584.75 1.53624e-03
3586.00 1.55534e-03
3588.00 1.59002e-03
3590.00 1.62776e-03
3592.00 1.66589e-03
3594.00 1.70565e-03
3596.00 1.74333e-03
3598.00 1.78321e-03
3600.00 1.81981e-03
3602.00 1.85467e-03
3602.68 1.86622e-03
3604.00 1.88810e-03
3606.00 1.91883e-03
3608.00 1.94649e-03
3610.00 1.96856e-03
3612.00 1.99186e-03
3614.00 2.00771e-03
3616.00 2.02126e-03
3618.00 2.02860e-03
3620.00 2.03378e-03
3620.69 2.03647e-03
3622.00 2.04008e-03
3624.00 2.03676e-03
3626.00 2.03543e-03
3628.00 2.02722e-03
3630.00 2.01865e-03
3632.00 2.00940e-03
3634.00 2.00113e-03
3636.00 1.99982e-03
3638.00 2.00944e-03
3638.79 2.01701e-03
3640.00 2.03382e-03
3642.00 2.07699e-03
3644.00 2.13216e-03
3646.00 2.19152e-03
3648.00 2.25128e-03
3650.00 2.30349e-03
3652.00 2.34354e-03
3654.00 2.37120e-03
3656.00 2.38752e-03
3656.99 2.39117e-03
3658.00 2.39253e-03
3660.00 2.38992e-03
3662.00 2.37879e-03
3664.00 2.36032e-03
3666.00 2.33906e-03
3668.00 2.30995e-03
3670.00 2.27844e-03
3672.00 2.24699e-03
3674.00 2.21552e-03
3675.27 2.19642e-03
3676.00 2.18519e-03
3678.00 2.15304e-03
3680.00 2.12585e-03
3682.00 2.09974e-03
3684.00 2.07780e-03
3686.00 2.06309e-03
3688.00 2.05388e-03
3690.00 2.04829e-03
3692.00 2.05259e-03
3693.65 2.06166e-03
3694.00 2.06379e-03
3696.00 2.07487e-03
3698.00 2.08402e-03
3700.00 2.09346e-03
3702.00 2.09841e-03
3704.00 2.09710e-03
3706.00 2.08938e-03
3708.00 2.06635e-03
3710.00 2.03618e-03
3712.00 1.99002e-03
3712.12 1.98673e-03
3714.00 1.92893e-03
3716.00 1.86513e-03
3718.00 1.79103e-03
3720.00 1.71793e-03
3722.00 1.64371e-03
3724.00 1.57099e-03
3726.00 1.50570e-03
3728.00 1.45208e-03
3730.00 1.41050e-03
3730.68 1.39881e-03
3732.00 1.38079e-03
3734.00 1.36681e-03
3736.00 1.36136e-03
3738.00 1.37136e-03
3740.00 1.38536e-03
3742.00 1.40794e-03
3744.00 1.43723e-03
3746.00 1.46906e-03
3748.00 1.50513e-03
3749.33 1.53061e-03
3750.00 1.54338e-03
3752.00 1.58029e-03
3754.00 1.61655e-03
3756.00 1.65346e-03
3758.00 1.68828e-03
3760.00 1.72017e-03
3762.00 1.74842e-03
3764.00 1.78014e-03
3766.00 1.80125e-03
3768.00 1.82182e-03
3768.08 1.82260e-03
3770.00 1.84019e-03
3772.00 1.85373e-03
3774.00 1.86044e-03
3776.00 1.87052e-03
3778.00 1.87093e-03
3780.00 1.87480e-03
3782.00 1.87713e-03
3784.00 1.87916e-03
3786.00 1.88573e-03
3786.92 1.88886e-03
3788.00 1.89269e-03
3790.00 1.90304e-03
3792.00 1.91840e-03
3794.00 1.93089e-03
3796.00 1.94568e-03
3798.00 1.95690e-03
3800.00 1.96551e-03
3802.00 1.96436e-03
3804.00 1.95521e-03
3805.85 1.93741e-03
3806.00 1.93567e-03
3808.00 1.90567e-03
3810.00 1.85690e-03
3812.00 1.79343e-03
3814.00 1.71457e-03
3816.00 1.63102e-03
3818.00 1.54133e-03
3820.00 1.44841e-03
3822.00 1.35931e-03
3824.00 1.27929e-03
3824.88 1.24687e-03
3826.00 1.20951e-03
3828.00 1.15778e-03
3830.00 1.12819e-03
3832.00 1.11864e-03
3834.00 1.13218e-03
3836.00 1.16391e-03
3838.00 1.20735e-03
3840.00 1.26151e-03
3842.00 1.31966e-03
3844.00 1.38068e-03
3844.01 1.38087e-03
3846.00 1.43735e-03
3848.00 1.48899e-03
3850.00 1.53025e-03
3852.00 1.56045e-03
3854.00 1.57511e-03
3856.00 1.58069e-03
3858.00 1.57931e-03
3860.00 1.56888e-03
3862.00 1.55749e-03
3863.23 1.54955e-03
3864.00 1.54396e-03
3866.00 1.52868e-03
3868.00 1.51633e-03
3870.00 1.50917e-03
3872.00 1.50857e-03
3874.00 1.51239e-03
3876.00 1.52187e-03
3878.00 1.54026e-03
3880.00 1.56699e-03
3882.00 1.60015e-03
3882.54 1.60964e-03
3884.00 1.63795e-03
3886.00 1.68872e-03
3888.00 1.74673e-03
3890.00 1.80731e-03
3892.00 1.87801e-03
3894.00 1.95243e-03
3896.00 2.02826e-03
3898.00 2.09554e-03
3900.00 2.15786e-03
3901.96 2.20783e-03
3902.00 2.20877e-03
3904.00 2.23952e-03
3906.00 2.24999e-03
3908.00 2.23885e-03
3910.00 2.19473e-03
3912.00 2.11794e-03
3914.00 2.01374e-03
3916.00 1.89126e-03
3918.00 1.75475e-03
3920.00 1.61905e-03
3921.46 1.52264e-03
3922.00 1.48872e-03
3924.00 1.37214e-03
3926.00 1.27847e-03
3928.00 1.21830e-03
3930.00 1.19820e-03
3932.00 1.22138e-03
3934.00 1.28882e-03
3936.00 1.38638e-03
3938.00 1.50267e-03
3940.00 1.63412e-03
3941.07 1.70538e-03
3942.00 1.76522e-03
3944.00 1.88549e-03
3946.00 1.99152e-03
3948.00 2.06906e-03
3950.00 2.11233e-03
3952.00 2.10326e-03
3954.00 2.05964e-03
3956.00 1.98313e-03
3958.00 1.89045e-03
3960.00 1.78685e-03
3960.78 1.74590e-03
3962.00 1.68363e-03
3964.00 1.59308e-03
3966.00 1.52187e-03
3968.00 1.48047e-03
3970.00 1.48127e-03
3972.00 1.52953e-03
3974.00 1.62191e-03
3976.00 1.74709e-03
3978.00 1.89849e-03
3980.00 2.06794e-03
3980.58 2.11915e-03
3982.00 2.24465e-03
3984.00 2.41770e-03
3986.00 2.58433e-03
3988.00 2.72928e-03
3990.00 2.85423e-03
3992.00 2.93883e-03
3994.00 2.99355e-03
3996.00 3.03024e-03
3998.00 3.03793e-03
4000.00 3.02705e-03
4000.48 3.02304e-03
4002.00 3.00523e-03
4004.00 2.96547e-03
4006.00 2.92094e-03
4008.00 2.87475e-03
4010.00 2.82833e-03
4012.00 2.78525e-03
4014.00 2.74413e-03
4016.00 2.70591e-03
4018.00 2.66863e-03
4020.00 2.63634e-03
4020.49 2.62787e-03
4022.00 2.60021e-03
4024.00 2.56516e-03
4026.00 2.52881e-03
4028.00 2.49390e-03
4030.00 2.45194e-03
4032.00 2.40827e-03
4034.00 2.36708e-03
4036.00 2.32163e-03
4038.00 2.27290e-03
4040.00 2.22985e-03
4040.59 2.21574e-03
4042.00 2.17772e-03
4044.00 2.12016e-03
4046.00 2.06830e-03
4048.00 2.01259e-03
4050.00 1.96578e-03
4052.00 1.90866e-03
4054.00 1.85359e-03
4056.00 1.80717e-03
4058.00 1.75246e-03
4060.00 1.70581e-03
4060.79 1.68903e-03
4062.00 1.66389e-03
4064.00 1.62283e-03
4066.00 1.58721e-03
4068.00 1.56254e-03
4070.00 1.53336e-03
4072.00 1.51674e-03
4074.00 1.50567e-03
4076.00 1.49869e-03
4078.00 1.49036e-03
4080.00 1.48055e-03
4081.10 1.47803e-03
4082.00 1.47484e-03
4084.00 1.45872e-03
4086.00 1.44535e-03
4088.00 1.42744e-03
4090.00 1.41024e-03
4092.00 1.38263e-03
4094.00 1.35409e-03
4096.00 1.31935e-03
4098.00 1.28650e-03
4100.00 1.25227e-03
4101.50 1.22989e-03
4102.00 1.22229e-03
4104.00 1.18701e-03
4106.00 1.15094e-03
4108.00 1.12397e-03
4110.00 1.09824e-03
4112.00 1.07376e-03
4114.00 1.04578e-03
4116.00 1.02539e-03
4118.00 1.00917e-03
4120.00 9.96637e-04
4122.00 9.78146e-04
4122.01 9.78056e-04
4124.00 9.60262e-04
4126.00 9.45918e-04
4128.00 9.30239e-04
4130.00 9.17495e-04
4132.00 9.04003e-04
4134.00 8.94019e-04
4136.00 8.73479e-04
4138.00 8.64182e-04
4140.00 8.48227e-04
4142.00 8.35414e-04
4142.62 8.31058e-04
4144.00 8.20944e-04
4146.00 8.09825e-04
4148.00 7.99755e-04
4150.00 7.86460e-04
4152.00 7.78717e-04
4154.00 7.74104e-04
4156.00 7.63786e-04
4158.00 7.55592e-04
4160.00 7.48022e-04
4162.00 7.40481e-04
4163.33 7.36264e-04
4164.00 7.35052e-04
4166.00 7.32499e-04
4168.00 7.19934e-04
4170.00 7.10168e-04
4172.00 7.01117e-04
4174.00 6.92155e-04
4176.00 6.81896e-04
4178.00 6.68981e-04
4180.00 6.57314e-04
4182.00 6.48430e-04
4184.00 6.37844e-04
4184.15 6.37495e-04
4186.00 6.34280e-04
4188.00 6.18158e-04
4190.00 6.11990e-04
4192.00 6.12190e-04
4194.00 6.09024e-04
4196.00 6.04128e-04
4198.00 5.96469e-04
4200.00 6.01469e-04
4202.00 5.98416e-04
4204.00 5.98469e-04
4205.07 5.98901e-04
4206.00 5.98704e-04
4208.00 5.94742e-04
4210.00 5.85416e-04
4212.00 5.81213e-04
4214.00 5.75670e-04
4216.00 5.73236e-04
4218.00 5.67614e-04
4220.00 5.59478e-04
4222.00 5.56570e-04
4224.00 5.47548e-04
4226.00 5.42303e-04
4226.10 5.42110e-04
4228.00 5.37719e-04
4230.00 5.32480e-04
4232.00 5.26876e-04
4234.00 5.24035e-04
4236.00 5.33604e-04
4238.00 5.29436e-04
4240.00 5.28750e-04
4242.00 5.26043e-04
4244.00 5.26674e-04
4246.00 5.22957e-04
4247.23 5.25080e-04
4248.00 5.25828e-04
4250.00 5.20036e-04
4252.00 5.19175e-04
4254.00 5.10555e-04
4256.00 5.03135e-04
4258.00 5.01474e-04
4260.00 4.95429e-04
4262.00 4.86941e-04
4264.00 4.82609e-04
4266.00 4.75625e-04
4268.00 4.68335e-04
4268.46 4.67127e-04
4270.00 4.64582e-04
4272.00 4.62465e-04
4274.00 4.57766e-04
4276.00 4.54665e-04
4278.00 4.49596e-04
4280.00 4.42266e-04
4282.00 4.42869e-04
4284.00 4.34721e-04
4286.00 4.28297e-04
4288.00 4.17477e-04
4289.80 4.09440e-04
4290.00 4.08675e-04
4292.00 3.99295e-04
4294.00 3.85131e-04
4296.00 3.74552e-04
4298.00 3.60668e-04
4300.00 3.52425e-04
4302.00 3.40813e-04
4304.00 3.34696e-04
4306.00 3.29629e-04
4308.00 3.29753e-04
4310.00 3.36171e-04
4311.25 3.41371e-04
4312.00 3.45459e-04
4314.00 3.60230e-04
4316.00 3.73495e-04
4318.00 3.91039e-04
4320.00 4.03573e-04
4322.00 4.25340e-04
4324.00 4.43202e-04
4326.00 4.62349e-04
4328.00 4.69673e-04
4330.00 4.78251e-04
4332.00 4.86260e-04
4332.81 4.87803e-04
4334.00 4.89139e-04
4336.00 4.89688e-04
4338.00 4.81082e-04
4340.00 4.73958e-04
4342.00 4.67388e-04
4344.00 4.61009e-04
4346.00 4.53970e-04
4348.00 4.51878e-04
4350.00 4.46418e-04
4352.00 4.48836e-04
4354.00 4.52841e-04
4354.47 4.53546e-04
4356.00 4.55402e-04
4358.00 4.59531e-04
4360.00 4.68900e-04
4362.00 4.73447e-04
4364.00 4.78716e-04
4366.00 4.78602e-04
4368.00 4.87286e-04
4370.00 4.83556e-04
4372.00 4.85851e-04
4374.00 4.84108e-04
4376.00 4.74672e-04
4376.25 4.74180e-04
4378.00 4.72950e-04
4380.00 4.63744e-04
4382.00 4.55509e-04
4384.00 4.38507e-04
4386.00 4.39665e-04
4388.00 4.32391e-04
4390.00 4.27221e-04
4392.00 4.20096e-04
4394.00 4.21620e-04
4396.00 4.22955e-04
4398.00 4.26560e-04
4398.13 4.26768e-04
4400.00 4.28971e-04
4402.00 4.32200e-04
4404.00 4.36774e-04
4406.00 4.39765e-04
4408.00 4.48651e-04
4410.00 4.48573e-04
4412.00 4.53086e-04
4414.00 4.56035e-04
4416.00 4.63390e-04
4418.00 4.64479e-04
4420.00 4.66594e-04
4420.12 4.66538e-04
4422.00 4.63847e-04
4424.00 4.67884e-04
4426.00 4.72630e-04
4428.00 4.64092e-04
4430.00 4.66024e-04
4432.00 4.65324e-04
4434.00 4.69696e-04
4436.00 4.62738e-04
4438.00 4.50207e-04
4440.00 4.50143e-04
4442.00 4.49839e-04
4442.22 4.49503e-04
4444.00 4.45559e-04
4446.00 4.42800e-04
4448.00 4.41384e-04
4450.00 4.31866e-04
4452.00 4.42788e-04
4454.00 4.43048e-04
4456.00 4.45790e-04
4458.00 4.44526e-04
4460.00 4.51185e-04
4462.00 4.46705e-04
4464.00 4.45264e-04
4464.43 4.46851e-04
4466.00 4.53348e-04
4468.00 4.51291e-04
4470.00 4.52611e-04
4472.00 4.49940e-04
4474.00 4.47246e-04
4476.00 4.42487e-04
4478.00 4.41964e-04
4480.00 4.41027e-04
4482.00 4.42135e-04
4484.00 4.38484e-04
4486.00 4.41579e-04
4486.75 4.39006e-04
4488.00 4.33327e-04
4490.00 4.36769e-04
4492.00 4.43095e-04
4494.00 4.38166e-04
4496.00 4.42495e-04
4498.00 4.49113e-04
4500.00 4.67449e-04
4502.00 4.65210e-04
4504.00 4.71129e-04
4506.00 4.70913e-04
4508.00 4.70871e-04
4509.19 4.68302e-04
4510.00 4.67430e-04
4512.00 4.69563e-04
4514.00 4.57831e-04
4516.00 4.52877e-04
4518.00 4.52738e-04
4520.00 4.42923e-04
4522.00 4.30252e-04
4524.00 4.26893e-04
4526.00 4.19200e-04
4528.00 4.15616e-04
4530.00 4.04475e-04
4531.73 3.99538e-04
4532.00 3.99367e-04
4534.00 3.99922e-04
4536.00 3.99529e-04
4538.00 4.02595e-04
4540.00 3.93767e-04
4542.00 3.92294e-04
4544.00 3.96874e-04
4546.00 4.01804e-04
4548.00 4.01192e-04
4550.00 4.02294e-04
4552.00 4.04920e-04
4554.00 4.06649e-04
4554.39 4.06902e-04
4556.00 4.08106e-04
4558.00 4.10323e-04
4560.00 4.11953e-04
4562.00 4.13916e-04
4564.00 4.16387e-04
4566.00 4.18891e-04
4568.00 4.14430e-04
4570.00 4.07441e-04
4572.00 4.17547e-04
4574.00 4.08438e-04
4576.00 4.07210e-04
4577.16 4.01673e-04
4578.00 3.98003e-04
4580.00 3.98604e-04
4582.00 3.92396e-04
4584.00 3.89123e-04
4586.00 3.84019e-04
4588.00 3.80273e-04
4590.00 3.84384e-04
4592.00 3.79907e-04
4594.00 3.77594e-04
4596.00 3.77437e-04
4598.00 3.76687e-04
4600.00 3.76212e-04
4600.05 3.76296e-04
4602.00 3.81698e-04
4604.00 3.82687e-04
4606.00 3.85370e-04
4608.00 3.73878e-04
4610.00 3.78809e-04
4612.00 3.73415e-04
4614.00 3.80388e-04
4616.00 3.78275e-04
4618.00 3.73070e-04
4620.00 3.67429e-04
4622.00 3.68244e-04
4623.05 3.71010e-04
4624.00 3.71059e-04
4626.00 3.63100e-04
4628.00 3.69848e-04
4630.00 3.60850e-04
4632.00 3.62043e-04
4634.00 3.56264e-04
4636.00 3.55533e-04
4638.00 3.62931e-04
4640.00 3.57659e-04
4642.00 3.54708e-04
4644.00 3.64021e-04
4646.00 3.61594e-04
4646.16 3.60922e-04
4648.00 3.55236e-04
4650.00 3.59630e-04
4652.00 3.58249e-04
4654.00 3.60853e-04
4656.00 3.58221e-04
4658.00 3.59266e-04
4660.00 3.53624e-04
4662.00 3.57614e-04
4664.00 3.59116e-04
4666.00 3.58612e-04
4668.00 3.57266e-04
4669.39 3.60643e-04
4670.00 3.60988e-04
4672.00 3.55306e-04
4674.00 3.60496e-04
4676.00 3.57626e-04
4678.00 3.54009e-04
4680.00 3.51685e-04
4682.00 3.52550e-04
4684.00 3.44593e-04
4686.00 3.46441e-04
4688.00 3.50914e-04
4690.00 3.42216e-04
4692.00 3.42202e-04
4692.74 3.43047e-04
4694.00 3.41021e-04
4696.00 3.29383e-04
4698.00 3.31538e-04
4700.00 3.30500e-04
4702.00 3.28071e-04
4704.00 3.25634e-04
4706.00 3.29230e-04
4708.00 3.20481e-04
4710.00 3.21785e-04
4712.00 3.20847e-04
4714.00 3.17719e-04
4716.00 3.24623e-04
4716.20 3.24973e-04
4718.00 3.24866e-04
4720.00 3.27816e-04
4722.00 3.25152e-04
4724.00 3.28531e-04
4726.00 3.22814e-04
4728.00 3.30119e-04
4730.00 3.34971e-04
4732.00 3.29824e-04
4734.00 3.36833e-04
4736.00 3.31318e-04
4738.00 3.27528e-04
4739.79 3.33361e-04
4740.00 3.34022e-04
4742.00 3.34677e-04
4744.00 3.30464e-04
4746.00 3.30644e-04
4748.00 3.25996e-04
4750.00 3.33115e-04
4752.00 3.33769e-04
4754.00 3.27095e-04
4756.00 3.27028e-04
4758.00 3.19473e-04
4760.00 3.27441e-04
4762.00 3.27352e-04
4763.48 3.23805e-04
4764.00 3.23573e-04
4766.00 3.27289e-04
4768.00 3.23481e-04
4770.00 3.22494e-04
4772.00 3.23055e-04
4774.00 3.25731e-04
4776.00 3.23974e-04
4778.00 3.22039e-04
4780.00 3.24910e-04
4782.00 3.24460e-04
4784.00 3.20395e-04
4786.00 3.20977e-04
4787.30 3.18911e-04
4788.00 3.17504e-04
4790.00 3.15675e-04
4792.00 3.14490e-04
4794.00 3.15964e-04
4796.00 3.20118e-04
4798.00 3.13760e-04
4800.00 3.11423e-04
4802.00 3.18522e-04
4804.00 3.22589e-04
4806.00 3.14148e-04
4808.00 3.12953e-04
4810.00 3.07809e-04
4811.24 3.11379e-04
4812.00 3.14238e-04
4814.00 3.14708e-04
4816.00 3.13422e-04
4818.00 3.15774e-04
4820.00 3.21313e-04
4822.00 3.16578e-04
4824.00 3.13169e-04
4826.00 3.20779e-04
4828.00 3.18771e-04
4830.00 3.14479e-04
4832.00 3.15137e-04
4834.00 3.14034e-04
4835.29 3.13173e-04
4836.00 3.12611e-04
4838.00 3.10854e-04
4840.00 3.12197e-04
4842.00 3.13567e-04
4844.00 3.07685e-04
4846.00 3.01591e-04
4848.00 3.06153e-04
4850.00 2.95634e-04
4852.00 2.87856e-04
4854.00 2.89029e-04
4856.00 2.85323e-04
4858.00 2.83371e-04
4859.47 2.76015e-04
4860.00 2.73266e-04
4862.00 2.68574e-04
4864.00 2.67653e-04
4866.00 2.64624e-04
4868.00 2.67534e-04
4870.00 2.65761e-04
4872.00 2.70734e-04
4874.00 2.71230e-04
4876.00 2.78578e-04
4878.00 2.74828e-04
4880.00 2.81018e-04
4882.00 2.89909e-04
4883.77 2.92303e-04
4884.00 2.92433e-04
4886.00 2.93987e-04
4888.00 2.97125e-04
4890.00 3.02989e-04
4892.00 3.03937e-04
4894.00 3.10977e-04
4896.00 3.06549e-04
4898.00 3.06552e-04
4900.00 3.07208e-04
4902.00 3.13518e-04
4904.00 3.12276e-04
4906.00 3.12675e-04
4908.00 3.10925e-04
4908.19 3.10819e-04
4910.00 3.09856e-04
4912.00 3.05132e-04
4914.00 3.03773e-04
4916.00 3.07752e-04
4918.00 2.97863e-04
4920.00 3.05201e-04
4922.00 3.05372e-04
4924.00 2.99132e-04
4926.00 3.02249e-04
4928.00 3.03781e-04
4930.00 3.08402e-04
4932.00 3.00038e-04
4932.73 3.02304e-04
4934.00 3.09307e-04
4936.00 3.07885e-04
4938.00 3.10327e-04
4940.00 3.13338e-04
4942.00 3.13271e-04
4944.00 3.12069e-04
4946.00 3.13470e-04
4948.00 3.16889e-04
4950.00 3.23052e-04
4952.00 3.15941e-04
4954.00 3.32443e-04
4956.00 3.19593e-04
4957.39 3.20338e-04
4958.00 3.24152e-04
4960.00 3.37232e-04
4962.00 3.36716e-04
4964.00 3.36980e-04
4966.00 3.36195e-04
4968.00 3.37346e-04
4970.00 3.39796e-04
4972.00 3.36926e-04
4974.00 3.35976e-04
4976.00 3.33849e-04
4978.00 3.29868e-04
4980.00 3.27334e-04
4982.00 3.33250e-04
4982.18 3.33108e-04
4984.00 3.25948e-04
4986.00 3.23973e-04
4988.00 3.22557e-04
4990.00 3.19473e-04
4992.00 3.13824e-04
4994.00 3.10727e-04
4996.00 3.04780e-04
4998.00 3.03377e-04
5000.00 2.97587e-04
5002.00 2.98296e-04
5004.00 2.96909e-04
5006.00 2.91581e-04
5007.09 2.91608e-04
5008.00 2.94063e-04
5010.00 3.01696e-04
5012.00 2.98944e-04
5014.00 3.02668e-04
5016.00 3.07041e-04
5018.00 3.02880e-04
5020.00 3.02413e-04
5022.00 3.11009e-04
5024.00 3.11890e-04
5026.00 3.09535e-04
5028.00 3.02481e-04
5030.00 3.09051e-04
5032.00 3.06435e-04
5032.12 3.06394e-04
5034.00 3.11870e-04
5036.00 3.18753e-04
5038.00 3.10509e-04
5040.00 3.11059e-04
5042.00 3.09832e-04
5044.00 3.10429e-04
5046.00 3.06237e-04
5048.00 3.11799e-04
5050.00 3.04280e-04
5052.00 3.10063e-04
5054.00 3.10043e-04
5056.00 3.16490e-04
5057.29 3.19906e-04
5058.00 3.20151e-04
5060.00 3.16966e-04
5062.00 3.18484e-04
5064.00 3.12385e-04
5066.00 3.14472e-04
5068.00 3.23063e-04
5070.00 3.29502e-04
5072.00 3.32763e-04
5074.00 3.32905e-04
5076.00 3.29595e-04
5078.00 3.30869e-04
5080.00 3.23944e-04
5082.00 3.23173e-04
5082.57 3.23259e-04
5084.00 3.22450e-04
5086.00 3.21740e-04
5088.00 3.23686e-04
5090.00 3.12675e-04
5092.00 3.26461e-04
5094.00 3.19924e-04
5096.00 3.24853e-04
5098.00 3.23206e-04
5100.00 3.23206e-04
5102.00 3.19529e-04
5104.00 3.28758e-04
5106.00 3.22391e-04
5107.98 3.37089e-04
5108.00 3.37146e-04
5110.00 3.29693e-04
5112.00 3.24461e-04
5114.00 3.30907e-04
5116.00 3.32083e-04
5118.00 3.30019e-04
5120.00 3.24634e-04
5122.00 3.33627e-04
5124.00 3.27343e-04
5126.00 3.29778e-04
5127.90 3.30794e-04
5130.00 3.32873e-04
5132.00 3.24402e-04
5133.52 3.25498e-04
5134.00 3.26752e-04
5136.00 3.31050e-04
5137.90 3.32653e-04
5140.00 3.28464e-04
5142.00 3.37720e-04
5144.00 3.37696e-04
5146.00 3.26351e-04
5147.90 3.32165e-04
5150.00 3.31297e-04
5152.00 3.26846e-04
5154.00 3.19875e-04
5156.00 3.24645e-04
5157.90 3.19212e-04
5159.19 3.18095e-04
5160.00 3.17915e-04
5162.00 3.14471e-04
5164.00 3.13596e-04
5166.00 3.13469e-04
5167.90 3.07094e-04
5170.00 3.08078e-04
5172.00 3.04957e-04
5174.00 3.10095e-04
5176.00 3.06892e-04
5177.90 3.13426e-04
5180.00 3.10605e-04
5182.00 3.12838e-04
5184.00 3.14819e-04
5184.99 3.15441e-04
5186.00 3.17434e-04
5187.90 3.25422e-04
5190.00 3.28910e-04
5192.00 3.33363e-04
5194.00 3.38850e-04
5196.00 3.38930e-04
5197.90 3.57412e-04
5200.00 3.62658e-04
5202.00 3.61996e-04
5204.00 3.71564e-04
5206.00 3.70657e-04
5207.90 3.83948e-04
5210.00 3.78089e-04
5210.91 3.84884e-04
5212.00 3.95490e-04
5214.00 3.96858e-04
5216.00 4.01822e-04
5217.90 4.06004e-04
5220.00 4.11115e-04
5222.00 4.09693e-04
5224.00 4.15002e-04
5226.00 4.23744e-04
5227.90 4.17862e-04
5230.00 4.30245e-04
5232.00 4.29237e-04
5234.00 4.40656e-04
5236.00 4.38948e-04
5236.97 4.42019e-04
5237.90 4.47007e-04
5240.00 4.54569e-04
5242.00 4.60128e-04
5244.00 4.64508e-04
5246.00 4.74423e-04
5247.90 4.77760e-04
5250.00 4.73754e-04
5252.00 4.75374e-04
5254.00 4.76897e-04
5256.00 4.72669e-04
5257.90 4.70848e-04
5260.00 4.65905e-04
5262.00 4.60433e-04
5263.15 4.64206e-04
5264.00 4.65934e-04
5266.00 4.58537e-04
5267.90 4.59903e-04
5270.00 4.57371e-04
5272.00 4.65988e-04
5274.00 4.67992e-04
5276.00 4.76770e-04
5277.90 4.89827e-04
5280.00 4.99606e-04
5282.00 5.10707e-04
5284.00 5.24518e-04
5286.00 5.31272e-04
5287.90 5.47192e-04
5289.47 5.55706e-04
5290.00 5.58236e-04
5292.00 5.70003e-04
5294.00 5.78476e-04
5296.00 5.91210e-04
5297.90 6.08067e-04
5300.00 6.10875e-04
5302.00 6.10454e-04
5304.00 6.18250e-04
5306.00 6.28880e-04
5307.90 6.23289e-04
5310.00 6.34461e-04
5312.00 6.29728e-04
5314.00 6.26743e-04
5315.92 6.25315e-04
5316.00 6.25143e-04
5317.90 6.21331e-04
5320.00 6.22111e-04
5322.00 6.07998e-04
5324.00 6.11575e-04
5326.00 6.12025e-04
5327.90 6.08846e-04
5330.00 6.11520e-04
5332.00 6.18697e-04
5334.00 6.23885e-04
5336.00 6.29713e-04
5337.90 6.36265e-04
5340.00 6.51432e-04
5342.00 6.53771e-04
5342.50 6.56301e-04
5344.00 6.70169e-04
5346.00 6.86986e-04
5347.90 6.91487e-04
5350.00 7.00332e-04
5352.00 7.08531e-04
5354.00 7.15800e-04
5356.00 7.23940e-04
5357.90 7.30827e-04
5360.00 7.31744e-04
5362.00 7.36176e-04
5364.00 7.39248e-04
5366.00 7.35943e-04
5367.90 7.41346e-04
5369.21 7.37276e-04
5370.00 7.35139e-04
5372.00 7.41862e-04
5374.00 7.46471e-04
5376.00 7.49848e-04
5377.90 7.47043e-04
5380.00 7.50264e-04
5382.00 7.58280e-04
5384.00 7.65967e-04
5386.00 7.69332e-04
5387.90 7.68817e-04
5390.00 7.72234e-04
5392.00 7.79649e-04
5394.00 7.68280e-04
5396.00 7.68344e-04
5396.05 7.68552e-04
5397.90 7.74593e-04
5400.00 7.69213e-04
5402.00 7.72197e-04
5404.00 7.65656e-04
5406.00 7.75452e-04
5407.90 7.70303e-04
5410.00 7.72532e-04
5412.00 7.84131e-04
5414.00 7.81634e-04
5416.00 7.87852e-04
5417.90 7.91891e-04
5420.00 7.93219e-04
5422.00 8.07218e-04
5423.03 8.07853e-04
5424.00 8.07247e-04
5426.00 8.15635e-04
5427.90 8.18179e-04
5430.00 8.15922e-04
5432.00 8.33988e-04
5434.00 8.41087e-04
5436.00 8.42274e-04
5437.90 8.52099e-04
5440.00 8.56036e-04
5442.00 8.59804e-04
5444.00 8.74480e-04
5446.00 8.74598e-04
5447.90 8.72316e-04
5450.00 8.79084e-04
5450.15 8.79544e-04
5452.00 8.83213e-04
5454.00 8.85314e-04
5456.00 8.83643e-04
5457.90 8.89358e-04
5460.00 8.88187e-04
5462.00 8.89912e-04
5464.00 8.84937e-04
5466.00 8.94223e-04
5467.90 8.90796e-04
5470.00 8.99322e-04
5472.00 8.96836e-04
5474.00 9.03197e-04
5476.00 9.00768e-04
5477.40 9.03843e-04
5477.90 9.05313e-04
5480.00 9.09714e-04
5482.00 9.17739e-04
5484.00 9.16859e-04
5486.00 9.19534e-04
5487.90 9.24068e-04
5490.00 9.37745e-04
5492.00 9.35441e-04
5494.00 9.44184e-04
5496.00 9.47502e-04
5497.90 9.49324e-04
5500.00 9.61781e-04
5502.00 9.66810e-04
5504.00 9.73847e-04
5504.79 9.72689e-04
5506.00 9.71654e-04
5507.90 9.84678e-04
5510.00 9.93344e-04
5512.00 1.00086e-03
5514.00 1.00381e-03
5516.00 1.01463e-03
5517.90 1.02204e-03
5520.00 1.04083e-03
5522.00 1.03927e-03
5524.00 1.05322e-03
5526.00 1.06257e-03
5527.90 1.07139e-03
5530.00 1.08170e-03
5532.00 1.08731e-03
5532.31 1.08925e-03
5534.00 1.10255e-03
5536.00 1.11471e-03
5537.90 1.13690e-03
5540.00 1.14420e-03
5542.00 1.15929e-03
5544.00 1.17406e-03
5546.00 1.18957e-03
5547.90 1.19184e-03
5550.00 1.21222e-03
5552.00 1.21947e-03
5554.00 1.23753e-03
5556.00 1.24243e-03
5557.90 1.26215e-03
5559.97 1.26770e-03
5560.00 1.26777e-03
5562.00 1.28052e-03
5564.00 1.29656e-03
5566.00 1.30003e-03
5567.90 1.31360e-03
5570.00 1.32078e-03
5572.00 1.32838e-03
5574.00 1.34424e-03
5576.00 1.36196e-03
5577.90 1.36981e-03
5580.00 1.37784e-03
5582.00 1.39849e-03
5584.00 1.41399e-03
5586.00 1.44122e-03
5587.77 1.45787e-03
5587.90 1.45900e-03
5590.00 1.48140e-03
5592.00 1.50397e-03
5594.00 1.52365e-03
5596.00 1.54963e-03
5597.90 1.57779e-03
5600.00 1.60353e-03
5602.00 1.62847e-03
5604.00 1.66326e-03
5606.00 1.69795e-03
5607.90 1.72419e-03
5610.00 1.75521e-03
5612.00 1.78176e-03
5614.00 1.80365e-03
5615.71 1.82753e-03
5616.00 1.83208e-03
5617.90 1.86234e-03
5620.00 1.88779e-03
5622.00 1.91089e-03
5624.00 1.94883e-03
5626.00 1.97387e-03
5627.90 1.99075e-03
5630.00 2.02650e-03
5632.00 2.04651e-03
5634.00 2.07971e-03
5636.00 2.11307e-03
5637.90 2.14135e-03
5640.00 2.17631e-03
5642.00 2.20496e-03
5643.79 2.24006e-03
5644.00 2.24334e-03
5646.00 2.26387e-03
5647.90 2.29552e-03
5650.00 2.32794e-03
5652.00 2.35182e-03
5654.00 2.37452e-03
5656.00 2.40067e-03
5657.90 2.42649e-03
5660.00 2.45448e-03
5662.00 2.47631e-03
5664.00 2.50450e-03
5666.00 2.51953e-03
5667.90 2.55978e-03
5670.00 2.59130e-03
5672.00 2.62421e-03
5672.01 2.62434e-03
5674.00 2.65355e-03
5676.00 2.69536e-03
5677.90 2.73109e-03
5680.00 2.77556e-03
5682.00 2.81098e-03
5684.00 2.85193e-03
5686.00 2.88831e-03
5687.90 2.92653e-03
5690.00 2.95612e-03
5692.00 2.98458e-03
5694.00 3.00983e-03
5696.00 3.02728e-03
5697.90 3.04675e-03
5700.00 3.07544e-03
5700.37 3.08117e-03
5702.00 3.10688e-03
5704.00 3.13573e-03
5706.00 3.16604e-03
5707.90 3.19589e-03
5710.00 3.23179e-03
5712.00 3.27364e-03
5714.00 3.32066e-03
5716.00 3.38243e-03
5717.90 3.42654e-03
5720.00 3.47523e-03
5722.00 3.54943e-03
5724.00 3.59384e-03
5726.00 3.64957e-03
5727.90 3.68710e-03
5728.87 3.71062e-03
5730.00 3.73786e-03
5732.00 3.76646e-03
5734.00 3.78671e-03
5736.00 3.80682e-03
5737.90 3.81556e-03
5740.00 3.83368e-03
5742.00 3.84123e-03
5744.00 3.85120e-03
5746.00 3.85401e-03
5747.90 3.87541e-03
5750.00 3.87815e-03
5752.00 3.90843e-03
5754.00 3.92594e-03
5756.00 3.94743e-03
5757.52 3.96378e-03
5757.90 3.96920e-03
5760.00 4.00527e-03
5762.00 4.02623e-03
5764.00 4.06215e-03
5766.00 4.07040e-03
5767.90 4.10215e-03
5770.00 4.11431e-03
5772.00 4.13180e-03
5774.00 4.13635e-03
5776.00 4.13700e-03
5777.90 4.13581e-03
5780.00 4.14273e-03
5782.00 4.13519e-03
5784.00 4.12307e-03
5786.00 4.11397e-03
5786.30 4.11415e-03
5787.90 4.12081e-03
5790.00 4.12782e-03
5792.00 4.12634e-03
5794.00 4.13349e-03
5796.00 4.14020e-03
5797.90 4.15430e-03
5800.00 4.16850e-03
5802.00 4.18642e-03
5804.00 4.19117e-03
5806.00 4.21141e-03
5807.90 4.22094e-03
5810.00 4.22931e-03
5812.00 4.24652e-03
5814.00 4.25168e-03
5815.23 4.25089e-03
5816.00 4.25023e-03
5817.90 4.25190e-03
5820.00 4.25961e-03
5822.00 4.25363e-03
5824.00 4.24544e-03
5826.00 4.23050e-03
5827.90 4.22428e-03
5830.00 4.20206e-03
5832.00 4.18418e-03
5834.00 4.15778e-03
5836.00 4.13193e-03
5837.90 4.09713e-03
5840.00 4.07085e-03
5842.00 4.04195e-03
5844.00 4.01421e-03
5844.31 4.01004e-03
5846.00 3.98620e-03
5847.90 3.95548e-03
5850.00 3.92604e-03
5852.00 3.91606e-03
5854.00 3.89900e-03
5856.00 3.87635e-03
5857.90 3.86335e-03
5860.00 3.84147e-03
5862.00 3.81474e-03
5864.00 3.79522e-03
5866.00 3.75707e-03
5867.90 3.70895e-03
5870.00 3.66578e-03
5872.00 3.61107e-03
5873.53 3.56759e-03
5874.00 3.55321e-03
5876.00 3.48124e-03
5877.90 3.41127e-03
5880.00 3.35506e-03
5882.00 3.28472e-03
5884.00 3.22190e-03
5886.00 3.15918e-03
5887.90 3.11815e-03
5890.00 3.08180e-03
5892.00 3.03645e-03
5894.00 3.01301e-03
5896.00 2.99358e-03
5897.90 2.98530e-03
5900.00 2.97593e-03
5902.00 2.96975e-03
5902.90 2.96856e-03
5904.00 2.96388e-03
5906.00 2.94097e-03
5907.90 2.92751e-03
5910.00 2.91146e-03
5912.00 2.87904e-03
5914.00 2.84928e-03
5916.00 2.80585e-03
5917.90 2.78062e-03
5920.00 2.73239e-03
5922.00 2.68524e-03
5924.00 2.64296e-03
5926.00 2.59780e-03
5927.90 2.56266e-03
5930.00 2.51119e-03
5932.00 2.46815e-03
5932.41 2.46048e-03
5934.00 2.43248e-03
5936.00 2.39236e-03
5937.90 2.34750e-03
5940.00 2.31363e-03
5942.00 2.28017e-03
5944.00 2.24289e-03
5946.00 2.21506e-03
5947.90 2.17990e-03
5950.00 2.15291e-03
5952.00 2.11470e-03
5954.00 2.07131e-03
5956.00 2.04203e-03
5957.90 2.01368e-03
5960.00 1.97959e-03
5962.00 1.94915e-03
5962.08 1.94789e-03
5964.00 1.91394e-03
5966.00 1.87994e-03
5967.90 1.84390e-03
5970.00 1.81598e-03
5972.00 1.78350e-03
5974.00 1.75391e-03
5976.00 1.71491e-03
5977.90 1.68969e-03
5980.00 1.65899e-03
5982.00 1.63141e-03
5984.00 1.60531e-03
5986.00 1.57112e-03
5987.90 1.54301e-03
5990.00 1.52217e-03
5991.89 1.48635e-03
5992.00 1.48421e-03
5994.00 1.45572e-03
5996.00 1.43297e-03
5997.90 1.40068e-03
6000.00 1.37457e-03
6002.00 1.34673e-03
6004.00 1.31979e-03
6006.00 1.30358e-03
6007.90 1.27753e-03
6010.00 1.25113e-03
6012.00 1.23238e-03
6014.00 1.20506e-03
6016.00 1.20291e-03
6017.90 1.17384e-03
6020.00 1.15895e-03
6021.85 1.13050e-03
6022.00 1.12829e-03
6024.00 1.11122e-03
6026.00 1.09831e-03
6027.90 1.08395e-03
6030.00 1.06766e-03
6032.00 1.05149e-03
6034.00 1.04263e-03
6036.00 1.02541e-03
6037.90 1.01545e-03
6040.00 9.99891e-04
6042.00 9.77736e-04
6044.00 9.65723e-04
6046.00 9.54579e-04
6047.90 9.46004e-04
6050.00 9.28508e-04
6051.96 9.16429e-04
6052.00 9.16238e-04
6054.00 9.07289e-04
6056.00 8.93082e-04
6057.90 8.88470e-04
6060.00 8.68380e-04
6062.00 8.65616e-04
6064.00 8.50527e-04
6066.00 8.25720e-04
6067.90 8.23435e-04
6070.00 8.05696e-04
6072.00 7.91876e-04
6074.00 7.81046e-04
6076.00 7.70710e-04
6077.90 7.65527e-04
6080.00 7.55529e-04
6082.00 7.32226e-04
6082.21 7.30954e-04
6084.00 7.29625e-04
6086.00 7.22010e-04
6087.90 7.11641e-04
6090.00 7.03470e-04
6092.00 6.89752e-04
6094.00 6.88090e-04
6096.00 6.79057e-04
6097.90 6.70966e-04
6100.00 6.70553e-04
6102.00 6.58554e-04
6104.00 6.50112e-04
6106.00 6.50871e-04
6107.90 6.38801e-04
6110.00 6.30133e-04
6112.00 6.23547e-04
6112.63 6.21195e-04
6114.00 6.16597e-04
6116.00 6.11717e-04
6117.90 6.01585e-04
6120.00 5.89699e-04
6122.00 5.83553e-04
6124.00 5.82388e-04
6126.00 5.71045e-04
6127.90 5.61338e-04
6130.00 5.62397e-04
6132.00 5.65588e-04
6134.00 5.54328e-04
6136.00 5.48483e-04
6137.90 5.51487e-04
6140.00 5.46921e-04
6142.00 5.43068e-04
6143.19 5.44557e-04
6144.00 5.45651e-04
6146.00 5.44898e-04
6147.90 5.41158e-04
6150.00 5.23943e-04
6152.00 5.36209e-04
6154.00 5.31687e-04
6156.00 5.24300e-04
6157.90 5.15940e-04
6160.00 5.12685e-04
6162.00 5.08785e-04
6164.00 5.08085e-04
6166.00 5.02866e-04
6167.90 4.96771e-04
6170.00 4.97060e-04
6172.00 4.92638e-04
6173.91 4.93632e-04
6174.00 4.93965e-04
6176.00 5.00419e-04
6177.90 4.92530e-04
6180.00 4.97884e-04
6182.00 5.01722e-04
6184.00 4.99945e-04
6186.00 5.05633e-04
6187.90 5.01103e-04
6190.00 5.08040e-04
6192.00 5.09647e-04
6194.00 5.01862e-04
6196.00 5.00653e-04
6197.90 5.06826e-04
6200.00 5.07064e-04
6202.00 5.00809e-04
6204.00 5.00491e-04
6204.77 5.00637e-04
6206.00 5.01799e-04
6207.90 5.04634e-04
6210.00 4.91755e-04
6212.00 4.84328e-04
6214.00 4.88422e-04
6216.00 4.89389e-04
6217.90 4.80272e-04
6220.00 4.88769e-04
6222.00 4.81977e-04
6224.00 4.79216e-04
6226.00 4.80444e-04
6227.90 4.78232e-04
6230.00 4.81050e-04
6232.00 4.74254e-04
6234.00 4.81292e-04
6235.80 4.69459e-04
6236.00 4.68136e-04
6237.90 4.67418e-04
6240.00 4.75885e-04
6242.00 4.67432e-04
6244.00 4.69335e-04
6246.00 4.64857e-04
6247.90 4.61687e-04
6250.00 4.62477e-04
6252.00 4.66937e-04
6254.00 4.64968e-04
6256.00 4.71737e-04
6257.90 4.69831e-04
6260.00 4.73947e-04
6262.00 4.84458e-04
6264.00 4.80886e-04
6266.00 4.91110e-04
6266.98 4.93656e-04
6267.90 4.89321e-04
6270.00 4.68212e-04
6272.00 4.91293e-04
6274.00 5.01505e-04
6276.00 4.91119e-04
6277.90 4.90353e-04
6280.00 4.96079e-04
6282.00 4.99317e-04
6284.00 4.95371e-04
6286.00 5.00255e-04
6287.90 5.04915e-04
6290.00 4.96379e-04
6292.00 4.93114e-04
6294.00 4.97621e-04
6296.00 4.94424e-04
6297.90 5.00029e-04
6298.31 5.01253e-04
6300.00 5.01497e-04
6302.00 4.93085e-04
6304.00 4.92627e-04
6306.00 5.00824e-04
6307.90 4.97732e-04
6310.00 4.93055e-04
6312.00 5.01264e-04
6314.00 4.93865e-04
6316.00 4.99942e-04
6317.90 5.02324e-04
6320.00 5.04380e-04
6322.00 5.01238e-04
6324.00 5.05259e-04
6326.00 5.11463e-04
6327.90 5.07527e-04
6329.80 5.10913e-04
6330.00 5.11620e-04
6332.00 5.17933e-04
6334.00 5.19191e-04
6336.00 5.20196e-04
6337.90 5.20572e-04
6340.00 5.21264e-04
6342.00 5.18108e-04
6344.00 5.22206e-04
6346.00 5.23188e-04
6347.90 5.26062e-04
6350.00 5.20092e-04
6352.00 5.24602e-04
6354.00 5.34779e-04
6356.00 5.37240e-04
6357.90 5.41321e-04
6360.00 5.36839e-04
6361.45 5.37610e-04
6362.00 5.37962e-04
6364.00 5.36137e-04
6366.00 5.37996e-04
6367.90 5.38199e-04
6370.00 5.39138e-04
6372.00 5.41858e-04
6374.00 5.41679e-04
6376.00 5.44090e-04
6377.90 5.54571e-04
6380.00 5.56308e-04
6382.00 5.53402e-04
6384.00 5.58263e-04
6386.00 5.59118e-04
6387.90 5.58252e-04
6390.00 5.59193e-04
6392.00 5.56333e-04
6393.26 5.55654e-04
6394.00 5.56575e-04
6396.00 5.63214e-04
6397.90 5.64551e-04
6400.00 5.54246e-04
6402.00 5.61528e-04
6404.00 5.60538e-04
6406.00 5.66307e-04
6407.90 5.58938e-04
6410.00 5.63566e-04
6412.00 5.62840e-04
6414.00 5.63567e-04
6416.00 5.68146e-04
6417.90 5.75041e-04
6420.00 5.70472e-04
6422.00 5.75501e-04
6424.00 5.83907e-04
6425.23 5.84369e-04
6426.00 5.82750e-04
6427.90 5.79204e-04
6430.00 5.87962e-04
6432.00 5.86847e-04
6434.00 5.86668e-04
6436.00 5.85698e-04
6437.90 5.83497e-04
6440.00 5.86990e-04
6442.00 5.95607e-04
6444.00 5.97426e-04
6446.00 5.87916e-04
6447.90 5.88165e-04
6450.00 5.94923e-04
6452.00 5.93419e-04
6454.00 5.96368e-04
6456.00 5.95918e-04
6457.35 6.00094e-04
6457.90 6.01229e-04
6460.00 5.97204e-04
6462.00 5.97063e-04
6464.00 6.01835e-04
6466.00 6.06674e-04
6467.90 6.11358e-04
6470.00 6.11893e-04
6472.00 6.04737e-04
6474.00 6.02356e-04
6476.00 6.12053e-04
6477.90 6.12887e-04
6480.00 6.05002e-04
6482.00 5.99392e-04
6484.00 6.13648e-04
6486.00 6.07746e-04
6487.90 6.07960e-04
6489.64 6.07661e-04
6490.00 6.07341e-04
6492.00 6.06807e-04
6494.00 6.10884e-04
6496.00 6.16514e-04
6497.90 6.28325e-04
6500.00 6.19914e-04
6502.00 6.16939e-04
6504.00 6.24096e-04
6506.00 6.19717e-04
6507.90 6.32827e-04
6510.00 6.31108e-04
6512.00 6.39066e-04
6514.00 6.37535e-04
6516.00 6.41337e-04
6517.90 6.35000e-04
6520.00 6.54142e-04
6522.00 6.35806e-04
6522.09 6.35550e-04
6524.00 6.48269e-04
6526.00 6.49349e-04
6527.90 6.42177e-04
6530.00 6.39591e-04
6532.00 6.53525e-04
6534.00 6.36613e-04
6536.00 6.48219e-04
6537.90 6.52694e-04
6540.00 6.48725e-04
6542.00 6.48504e-04
6544.00 6.42871e-04
6546.00 6.46163e-04
6547.90 6.31577e-04
6550.00 6.36543e-04
6552.00 6.30732e-04
6554.00 6.24289e-04
6554.70 6.24162e-04
6556.00 6.22681e-04
6558.00 6.11406e-04
6560.00 6.07228e-04
6562.00 5.93872e-04
6564.00 5.89465e-04
6566.00 5.89239e-04
6568.00 5.81357e-04
6570.00 5.81863e-04
6572.00 5.93099e-04
6574.00 5.87702e-04
6576.00 6.05717e-04
6578.00 6.07581e-04
6580.00 6.17117e-04
6582.00 6.21494e-04
6584.00 6.42820e-04
6586.00 6.54940e-04
6587.47 6.63412e-04
6588.00 6.65823e-04
6590.00 6.69993e-04
6592.00 6.77363e-04
6594.00 6.82343e-04
6596.00 6.81472e-04
6598.00 6.87086e-04
6600.00 6.82125e-04
6602.00 6.89879e-04
6604.00 6.97245e-04
6606.00 6.94053e-04
6608.00 6.89783e-04
6610.00 7.01825e-04
6612.00 6.74439e-04
6614.00 6.85932e-04
6616.00 6.92351e-04
6618.00 6.88293e-04
6620.00 6.95013e-04
6620.41 6.94866e-04
6622.00 6.89257e-04
6624.00 6.88660e-04
6626.00 6.95365e-04
6628.00 6.86309e-04
6630.00 6.93347e-04
6632.00 6.91970e-04
6634.00 6.86469e-04
6636.00 6.94126e-04
6638.00 6.92196e-04
6640.00 7.08974e-04
6642.00 7.01309e-04
6644.00 7.08328e-04
6646.00 6.98964e-04
6648.00 7.04227e-04
6650.00 7.06762e-04
6652.00 7.12502e-04
6653.51 7.10090e-04
6654.00 7.11596e-04
6656.00 7.31066e-04
6658.00 7.25717e-04
6660.00 7.25084e-04
6662.00 7.33869e-04
6664.00 7.34432e-04
6666.00 7.36688e-04
6668.00 7.42139e-04
6670.00 7.37292e-04
6672.00 7.50595e-04
6674.00 7.41749e-04
6676.00 7.51975e-04
6678.00 7.53584e-04
6680.00 7.55238e-04
6682.00 7.62965e-04
6684.00 7.66011e-04
6686.00 7.79456e-04
6686.78 7.86555e-04
6688.00 7.92151e-04
6690.00 7.80918e-04
6692.00 7.83945e-04
6694.00 7.87343e-04
6696.00 7.88699e-04
6698.00 7.87422e-04
6700.00 7.87794e-04
6702.00 7.97292e-04
6704.00 7.91260e-04
6706.00 7.79045e-04
6708.00 7.96874e-04
6710.00 7.98391e-04
6712.00 7.92294e-04
6714.00 8.10108e-04
6716.00 8.08889e-04
6718.00 8.08332e-04
6720.00 8.12808e-04
6720.21 8.13192e-04
6722.00 8.17919e-04
6724.00 8.28956e-04
6726.00 8.29967e-04
6728.00 8.47149e-04
6730.00 8.43929e-04
6732.00 8.51268e-04
6734.00 8.54572e-04
6736.00 8.60236e-04
6738.00 8.58220e-04
6740.00 8.56373e-04
6742.00 8.64497e-04
6744.00 8.64286e-04
6746.00 8.69321e-04
6748.00 8.75719e-04
6750.00 8.76746e-04
6752.00 8.85379e-04
6753.81 8.90946e-04
6754.00 8.91027e-04
6756.00 8.90258e-04
6758.00 9.00231e-04
6760.00 9.06223e-04
6762.00 9.06583e-04
6764.00 9.21708e-04
6766.00 9.17312e-04
6768.00 9.33895e-04
6770.00 9.36966e-04
6772.00 9.36355e-04
6774.00 9.41755e-04
6776.00 9.56222e-04
6778.00 9.51727e-04
6780.00 9.59891e-04
6782.00 9.59694e-04
6784.00 9.74304e-04
6786.00 9.74269e-04
6787.58 9.81313e-04
6788.00 9.84185e-04
6790.00 9.92379e-04
6792.00 9.84707e-04
6794.00 9.95614e-04
6796.00 1.00238e-03
6798.00 1.00596e-03
6800.00 1.01086e-03
6802.00 1.01125e-03
6804.00 1.01788e-03
6806.00 1.02169e-03
6808.00 1.03435e-03
6810.00 1.04519e-03
6812.00 1.04512e-03
6814.00 1.05105e-03
6816.00 1.05877e-03
6818.00 1.06531e-03
6820.00 1.08008e-03
6821.52 1.08298e-03
6822.00 1.08395e-03
6824.00 1.09621e-03
6826.00 1.10631e-03
6828.00 1.10425e-03
6830.00 1.11815e-03
6832.00 1.11735e-03
6834.00 1.12353e-03
6836.00 1.12783e-03
6838.00 1.13700e-03
6840.00 1.13956e-03
6842.00 1.13926e-03
6844.00 1.14284e-03
6846.00 1.14953e-03
6848.00 1.15558e-03
6850.00 1.15958e-03
6852.00 1.16641e-03
6854.00 1.17443e-03
6855.63 1.18699e-03
6856.00 1.18885e-03
6858.00 1.19189e-03
6860.00 1.20556e-03
6862.00 1.20903e-03
6864.00 1.23094e-03
6866.00 1.23423e-03
6868.00 1.24188e-03
6870.00 1.26290e-03
6872.00 1.25665e-03
6874.00 1.27335e-03
6876.00 1.27545e-03
6878.00 1.28339e-03
6880.00 1.28770e-03
6882.00 1.30345e-03
6884.00 1.31651e-03
6886.00 1.31328e-03
6888.00 1.32945e-03
6889.91 1.34324e-03
6890.00 1.34373e-03
6892.00 1.35075e-03
6894.00 1.35269e-03
6896.00 1.35692e-03
6898.00 1.36487e-03
6900.00 1.36941e-03
6902.00 1.38611e-03
6904.00 1.39282e-03
6906.00 1.39706e-03
6908.00 1.40600e-03
6910.00 1.41680e-03
6912.00 1.41698e-03
6914.00 1.43134e-03
6916.00 1.44362e-03
6918.00 1.44865e-03
6920.00 1.45799e-03
6922.00 1.45148e-03
6924.00 1.46174e-03
6924.36 1.46198e-03
6926.00 1.46077e-03
6928.00 1.48009e-03
6930.00 1.48690e-03
6932.00 1.48884e-03
6934.00 1.50892e-03
6936.00 1.51684e-03
6938.00 1.51405e-03
6940.00 1.53048e-03
6942.00 1.54175e-03
6944.00 1.54805e-03
6946.00 1.55241e-03
6948.00 1.56251e-03
6950.00 1.56411e-03
6952.00 1.58251e-03
6954.00 1.58852e-03
6956.00 1.59728e-03
6958.00 1.60683e-03
6958.98 1.61408e-03
6960.00 1.62378e-03
6962.00 1.64012e-03
6964.00 1.63931e-03
6966.00 1.65322e-03
6968.00 1.65728e-03
6970.00 1.67146e-03
6972.00 1.68844e-03
6974.00 1.68584e-03
6976.00 1.69709e-03
6978.00 1.71299e-03
6980.00 1.71304e-03
6982.00 1.72215e-03
6984.00 1.73663e-03
6986.00 1.74723e-03
6988.00 1.74832e-03
6990.00 1.75439e-03
6992.00 1.75842e-03
6993.77 1.75569e-03
6994.00 1.75598e-03
6996.00 1.76539e-03
6998.00 1.76652e-03
7000.00 1.76952e-03
7002.00 1.76692e-03
7004.00 1.77701e-03
7006.00 1.77505e-03
7008.00 1.78626e-03
7010.00 1.79486e-03
7012.00 1.79622e-03
7014.00 1.81575e-03
7016.00 1.81902e-03
7018.00 1.82022e-03
7020.00 1.83833e-03
7022.00 1.84751e-03
7024.00 1.84414e-03
7026.00 1.87099e-03
7028.00 1.87818e-03
7028.74 1.88220e-03
7030.00 1.89147e-03
7032.00 1.89835e-03
7034.00 1.90020e-03
7036.00 1.91370e-03
7038.00 1.92369e-03
7040.00 1.93428e-03
7042.00 1.94302e-03
7044.00 1.94481e-03
7046.00 1.94733e-03
7048.00 1.96359e-03
7050.00 1.95439e-03
7052.00 1.96684e-03
7054.00 1.96794e-03
7056.00 1.97918e-03
7058.00 1.97490e-03
7060.00 1.98222e-03
7062.00 1.98843e-03
7063.88 1.98483e-03
7064.00 1.98490e-03
7066.00 1.99551e-03
7068.00 2.00614e-03
7070.00 2.00484e-03
7072.00 2.01352e-03
7074.00 1.99905e-03
7076.00 2.00922e-03
7078.00 2.00598e-03
7080.00 2.01014e-03
7082.00 2.01044e-03
7084.00 2.01765e-03
7086.00 2.02914e-03
7088.00 2.03069e-03
7090.00 2.03603e-03
7092.00 2.04412e-03
7094.00 2.04396e-03
7096.00 2.05961e-03
7098.00 2.05097e-03
7099.20 2.05623e-03
7100.00 2.06324e-03
7102.00 2.07414e-03
7104.00 2.07226e-03
7106.00 2.07657e-03
7108.00 2.08311e-03
7110.00 2.07781e-03
7112.00 2.08604e-03
7114.00 2.08139e-03
7116.00 2.08071e-03
7118.00 2.08549e-03
7120.00 2.08700e-03
7122.00 2.08535e-03
7124.00 2.07731e-03
7126.00 2.09100e-03
7128.00 2.08465e-03
7130.00 2.08166e-03
7132.00 2.08260e-03
7134.00 2.07931e-03
7134.70 2.07877e-03
7136.00 2.07878e-03
7138.00 2.07613e-03
7140.00 2.06912e-03
7142.00 2.07845e-03
7144.00 2.07805e-03
7146.00 2.08131e-03
7148.00 2.08756e-03
7150.00 2.07943e-03
7152.00 2.09287e-03
7154.00 2.08741e-03
7156.00 2.09507e-03
7158.00 2.09010e-03
7160.00 2.09234e-03
7162.00 2.09432e-03
7164.00 2.09203e-03
7166.00 2.07991e-03
7168.00 2.08881e-03
7170.00 2.08597e-03
7170.37 2.08440e-03
7172.00 2.07725e-03
7174.00 2.07105e-03
7176.00 2.07076e-03
7178.00 2.06442e-03
7180.00 2.06663e-03
7182.00 2.05385e-03
7184.00 2.04835e-03
7186.00 2.05809e-03
7188.00 2.05249e-03
7190.00 2.06341e-03
7192.00 2.05994e-03
7194.00 2.06178e-03
7196.00 2.06696e-03
7198.00 2.07024e-03
7200.00 2.08089e-03
7202.00 2.07241e-03
7204.00 2.08153e-03
7206.00 2.08755e-03
7206.23 2.08798e-03
7208.00 2.09052e-03
7210.00 2.09409e-03
7212.00 2.10917e-03
7214.00 2.10234e-03
7216.00 2.10236e-03
7218.00 2.10974e-03
7220.00 2.11280e-03
7222.00 2.10664e-03
7224.00 2.11329e-03
7226.00 2.10771e-03
7228.00 2.11019e-03
7230.00 2.11793e-03
7232.00 2.11504e-03
7234.00 2.11717e-03
7236.00 2.11228e-03
7238.00 2.12171e-03
7240.00 2.12353e-03
7242.00 2.12360e-03
7242.26 2.12450e-03
7244.00 2.13094e-03
7246.00 2.12776e-03
7248.00 2.13788e-03
7250.00 2.13686e-03
7252.00 2.14191e-03
7254.00 2.14493e-03
7256.00 2.15172e-03
7258.00 2.16394e-03
7260.00 2.15471e-03
7262.00 2.15994e-03
7264.00 2.17690e-03
7266.00 2.17014e-03
7268.00 2.15566e-03
7270.00 2.14872e-03
7272.00 2.14611e-03
7274.00 2.14889e-03
7276.00 2.14693e-03
7278.00 2.14522e-03
7278.47 2.14332e-03
7280.00 2.13804e-03
7282.00 2.14372e-03
7284.00 2.13719e-03
7286.00 2.13981e-03
7288.00 2.14487e-03
7290.00 2.14587e-03
7292.00 2.15803e-03
7294.00 2.15985e-03
7296.00 2.17080e-03
7298.00 2.19848e-03
7300.00 2.20583e-03
7302.00 2.21011e-03
7304.00 2.22972e-03
7306.00 2.23305e-03
7308.00 2.25149e-03
7310.00 2.25484e-03
7312.00 2.26583e-03
7314.00 2.27315e-03
7314.86 2.27948e-03
7316.00 2.28718e-03
7318.00 2.29042e-03
7320.00 2.30264e-03
7322.00 2.30549e-03
7324.00 2.32718e-03
7326.00 2.32310e-03
7328.00 2.32613e-03
7330.00 2.34062e-03
7332.00 2.34753e-03
7334.00 2.35308e-03
7336.00 2.36480e-03
7338.00 2.37159e-03
7340.00 2.39585e-03
7342.00 2.40538e-03
7344.00 2.41601e-03
7346.00 2.42804e-03
7348.00 2.44695e-03
7350.00 2.46922e-03
7351.43 2.48039e-03
7352.00 2.48368e-03
7354.00 2.49665e-03
7356.00 2.52108e-03
7358.00 2.53827e-03
7360.00 2.54864e-03
7362.00 2.55067e-03
7364.00 2.57894e-03
7366.00 2.58666e-03
7368.00 2.60177e-03
7370.00 2.62083e-03
7372.00 2.63142e-03
7374.00 2.64821e-03
7376.00 2.65002e-03
7378.00 2.67126e-03
7380.00 2.68022e-03
7382.00 2.68435e-03
7384.00 2.70062e-03
7386.00 2.68854e-03
7388.00 2.71197e-03
7388.19 2.71436e-03
7390.00 2.72789e-03
7392.00 2.73905e-03
7394.00 2.75454e-03
7396.00 2.76986e-03
7398.00 2.78320e-03
7400.00 2.79600e-03
7402.00 2.81273e-03
7404.00 2.84052e-03
7406.00 2.85349e-03
7408.00 2.87819e-03
7410.00 2.89818e-03
7412.00 2.92243e-03
7414.00 2.94391e-03
7416.00 2.97814e-03
7418.00 2.99656e-03
7420.00 3.02924e-03
7422.00 3.06418e-03
7424.00 3.09098e-03
7425.13 3.10870e-03
7426.00 3.12200e-03
7428.00 3.14784e-03
7430.00 3.18361e-03
7432.00 3.22560e-03
7434.00 3.25134e-03
7436.00 3.27975e-03
7438.00 3.31544e-03
7440.00 3.33738e-03
7442.00 3.36966e-03
7444.00 3.39194e-03
7446.00 3.42816e-03
7448.00 3.46415e-03
7450.00 3.49395e-03
7452.00 3.52845e-03
7454.00 3.56259e-03
7456.00 3.60405e-03
7458.00 3.64389e-03
7460.00 3.68483e-03
7462.00 3.71168e-03
7462.26 3.71615e-03
7464.00 3.75380e-03
7466.00 3.79549e-03
7468.00 3.83476e-03
7470.00 3.87413e-03
7472.00 3.91687e-03
7474.00 3.94636e-03
7476.00 3.98352e-03
7478.00 4.02388e-03
7480.00 4.05771e-03
7482.00 4.09333e-03
7484.00 4.13903e-03
7486.00 4.17776e-03
7488.00 4.21920e-03
7490.00 4.24842e-03
7492.00 4.29114e-03
7494.00 4.32779e-03
7496.00 4.37688e-03
7498.00 4.41913e-03
7499.57 4.45374e-03
7500.00 4.46534e-03
7502.00 4.52513e-03
7504.00 4.56770e-03
7506.00 4.63160e-03
7508.00 4.68239e-03
7510.00 4.73720e-03
7512.00 4.80294e-03
7514.00 4.84825e-03
7516.00 4.90239e-03
7518.00 4.95686e-03
7520.00 5.01160e-03
7522.00 5.05899e-03
7524.00 5.12675e-03
7526.00 5.18104e-03
7528.00 5.23791e-03
7530.00 5.30592e-03
7532.00 5.36212e-03
7534.00 5.42907e-03
7536.00 5.49973e-03
7537.07 5.53743e-03
7538.00 5.56875e-03
7540.00 5.63009e-03
7542.00 5.69748e-03
7544.00 5.76881e-03
7546.00 5.83249e-03
7548.00 5.89380e-03
7550.00 5.96887e-03
7552.00 6.02547e-03
7554.00 6.09580e-03
7556.00 6.15667e-03
7558.00 6.22346e-03
7560.00 6.29231e-03
7562.00 6.36469e-03
7564.00 6.42133e-03
7566.00 6.49477e-03
7568.00 6.57638e-03
7570.00 6.64735e-03
7572.00 6.72588e-03
7574.00 6.79768e-03
7574.75 6.82457e-03
7576.00 6.87280e-03
7578.00 6.95561e-03
7580.00 7.02404e-03
7582.00 7.12171e-03
7584.00 7.20057e-03
7586.00 7.28680e-03
7588.00 7.36732e-03
7590.00 7.45720e-03
7592.00 7.53163e-03
7594.00 7.61551e-03
7596.00 7.70804e-03
7598.00 7.78727e-03
7600.00 7.87207e-03
7602.00 7.94872e-03
7604.00 8.03796e-03
7606.00 8.11589e-03
7608.00 8.21243e-03
7610.00 8.30204e-03
7612.00 8.39638e-03
7612.63 8.42329e-03
7614.00 8.48228e-03
7616.00 8.58393e-03
7618.00 8.68211e-03
7620.00 8.78041e-03
7622.00 8.87745e-03
7624.00 8.99456e-03
7626.00 9.08103e-03
7628.00 9.18650e-03
7630.00 9.29473e-03
7632.00 9.40238e-03
7634.00 9.50800e-03
7636.00 9.61761e-03
7638.00 9.71390e-03
7640.00 9.80252e-03
7642.00 9.90708e-03
7644.00 1.00112e-02
7646.00 1.00963e-02
7648.00 1.01812e-02
7650.00 1.02698e-02
7650.69 1.02973e-02
7652.00 1.03447e-02
7654.00 1.04175e-02
7656.00 1.05040e-02
7658.00 1.05645e-02
7660.00 1.06340e-02
7662.00 1.06967e-02
7664.00 1.07754e-02
7666.00 1.08568e-02
7668.00 1.09484e-02
7670.00 1.10415e-02
7672.00 1.11460e-02
7674.00 1.12587e-02
7676.00 1.13761e-02
7678.00 1.14996e-02
7680.00 1.16312e-02
7682.00 1.17672e-02
7684.00 1.18929e-02
7686.00 1.20212e-02
7688.00 1.21490e-02
7688.94 1.22021e-02
7690.00 1.22577e-02
7692.00 1.23599e-02
7694.00 1.24535e-02
7696.00 1.25445e-02
7698.00 1.26261e-02
7700.00 1.27034e-02
7702.00 1.27901e-02
7704.00 1.28539e-02
7706.00 1.29242e-02
7708.00 1.30117e-02
7710.00 1.30894e-02
7712.00 1.31738e-02
7714.00 1.32655e-02
7716.00 1.33591e-02
7718.00 1.34519e-02
7720.00 1.35462e-02
7722.00 1.36376e-02
7724.00 1.37200e-02
7726.00 1.38156e-02
7727.39 1.38745e-02
7728.00 1.38988e-02
7730.00 1.39759e-02
7732.00 1.40430e-02
7734.00 1.41094e-02
7736.00 1.41686e-02
7738.00 1.42231e-02
7740.00 1.42779e-02
7742.00 1.43311e-02
7744.00 1.43789e-02
7746.00 1.44346e-02
7748.00 1.44898e-02
7750.00 1.45624e-02
7752.00 1.46146e-02
7754.00 1.46924e-02
7756.00 1.47648e-02
7758.00 1.48441e-02
7760.00 1.49152e-02
7762.00 1.49973e-02
7764.00 1.50793e-02
7766.00 1.51482e-02
7766.03 1.51491e-02
7768.00 1.52160e-02
7770.00 1.52771e-02
7772.00 1.53301e-02
7774.00 1.53716e-02
7776.00 1.54206e-02
7778.00 1.54594e-02
7780.00 1.54969e-02
7782.00 1.55219e-02
7784.00 1.55437e-02
7786.00 1.55591e-02
7788.00 1.55715e-02
7790.00 1.55869e-02
7792.00 1.56078e-02
7794.00 1.56158e-02
7796.00 1.56078e-02
7798.00 1.56106e-02
7800.00 1.56042e-02
7802.00 1.56013e-02
7804.00 1.55874e-02
7804.86 1.55817e-02
7806.00 1.55732e-02
7808.00 1.55484e-02
7810.00 1.55215e-02
7812.00 1.55027e-02
7814.00 1.54580e-02
7816.00 1.54349e-02
7818.00 1.53872e-02
7820.00 1.53411e-02
7822.00 1.52949e-02
7824.00 1.52469e-02
7826.00 1.51854e-02
7828.00 1.51305e-02
7830.00 1.50803e-02
7832.00 1.50267e-02
7834.00 1.49645e-02
7836.00 1.49077e-02
7838.00 1.48428e-02
7840.00 1.47795e-02
7842.00 1.47164e-02
7843.88 1.46486e-02
7844.00 1.46444e-02
7846.00 1.45813e-02
7848.00 1.45188e-02
7850.00 1.44443e-02
7852.00 1.43758e-02
7854.00 1.43006e-02
7856.00 1.42285e-02
7858.00 1.41460e-02
7860.00 1.40584e-02
7862.00 1.39720e-02
7864.00 1.38833e-02
7866.00 1.37793e-02
7868.00 1.36984e-02
7870.00 1.35951e-02
7872.00 1.34765e-02
7874.00 1.33692e-02
7876.00 1.32390e-02
7878.00 1.31159e-02
7880.00 1.29761e-02
7882.00 1.28521e-02
7883.10 1.27748e-02
7884.00 1.27088e-02
7886.00 1.25684e-02
7888.00 1.24209e-02
7890.00 1.22753e-02
7892.00 1.21415e-02
7894.00 1.19838e-02
7896.00 1.18305e-02
7898.00 1.16754e-02
7900.00 1.15206e-02
7902.00 1.13693e-02
7904.00 1.12043e-02
7906.00 1.10351e-02
7908.00 1.08655e-02
7910.00 1.07043e-02
7912.00 1.05347e-02
7914.00 1.03591e-02
7916.00 1.01824e-02
7918.00 1.00164e-02
7920.00 9.85146e-03
7922.00 9.67155e-03
7922.51 9.63015e-03
7924.00 9.51473e-03
7926.00 9.33688e-03
7928.00 9.16997e-03
7930.00 9.00840e-03
7932.00 8.84484e-03
7934.00 8.69583e-03
7936.00 8.53621e-03
7938.00 8.37836e-03
7940.00 8.23953e-03
7942.00 8.08417e-03
7944.00 7.93803e-03
7946.00 7.79050e-03
7948.00 7.64566e-03
7950.00 7.50925e-03
7952.00 7.36471e-03
7954.00 7.22954e-03
7956.00 7.10340e-03
7958.00 6.96060e-03
7960.00 6.81643e-03
7962.00 6.69653e-03
7962.13 6.68844e-03
7964.00 6.55819e-03
7966.00 6.42331e-03
7968.00 6.29799e-03
7970.00 6.16792e-03
7972.00 6.03681e-03
7974.00 5.91455e-03
7976.00 5.77594e-03
7978.00 5.64476e-03
7980.00 5.51230e-03
7982.00 5.39069e-03
7984.00 5.25398e-03
7986.00 5.13250e-03
7988.00 4.99314e-03
7990.00 4.87402e-03
7992.00 4.74575e-03
7994.00 4.63153e-03
7996.00 4.50752e-03
7998.00 4.39453e-03
8000.00 4.26642e-03
8001.94 4.16704e-03
8002.00 4.16377e-03
8004.00 4.04969e-03
8006.00 3.94317e-03
8008.00 3.83509e-03
8010.00 3.73416e-03
8012.00 3.63479e-03
8014.00 3.54649e-03
8016.00 3.45567e-03
8018.00 3.35716e-03
8020.00 3.27248e-03
8022.00 3.18069e-03
8024.00 3.09891e-03
8026.00 3.01564e-03
8028.00 2.94094e-03
8030.00 2.86052e-03
8032.00 2.77320e-03
8034.00 2.70961e-03
8036.00 2.62868e-03
8038.00 2.55841e-03
8040.00 2.48961e-03
8041.95 2.42051e-03
8042.00 2.41867e-03
8044.00 2.35101e-03
8046.00 2.28396e-03
8048.00 2.21878e-03
8050.00 2.16408e-03
8052.00 2.11612e-03
8054.00 2.04932e-03
8056.00 2.00548e-03
8058.00 1.95309e-03
8060.00 1.90061e-03
8062.00 1.85377e-03
8064.00 1.80532e-03
8066.00 1.76023e-03
8068.00 1.70879e-03
8070.00 1.66375e-03
8072.00 1.62011e-03
8074.00 1.58384e-03
8076.00 1.53427e-03
8078.00 1.49250e-03
8080.00 1.45854e-03
8082.00 1.41244e-03
8082.16 1.40903e-03
8084.00 1.37415e-03
8086.00 1.33629e-03
8088.00 1.29623e-03
8090.00 1.26400e-03
8092.00 1.23006e-03
8094.00 1.19092e-03
8096.00 1.17190e-03
8098.00 1.14222e-03
8100.00 1.11522e-03
8102.00 1.08822e-03
8104.00 1.06616e-03
8106.00 1.04572e-03
8108.00 1.02469e-03
8110.00 1.00267e-03
8112.00 9.81238e-04
8114.00 9.49241e-04
8116.00 9.34105e-04
8118.00 9.11548e-04
8120.00 8.86506e-04
8122.00 8.78571e-04
8122.57 8.70553e-04
8124.00 8.45635e-04
8126.00 8.33950e-04
8128.00 8.19502e-04
8130.00 7.99009e-04
8132.00 7.79072e-04
8134.00 7.63175e-04
8136.00 7.36729e-04
8138.00 7.24733e-04
8140.00 7.13905e-04
8142.00 7.00827e-04
8144.00 6.77338e-04
8146.00 6.67546e-04
8148.00 6.59834e-04
8150.00 6.34908e-04
8152.00 6.37296e-04
8154.00 6.12111e-04
8156.00 6.12344e-04
8158.00 5.93888e-04
8160.00 5.82902e-04
8162.00 5.79019e-04
8163.18 5.65406e-04
8164.00 5.55967e-04
8166.00 5.50100e-04
8168.00 5.45145e-04
8170.00 5.30925e-04
8172.00 5.19869e-04
8174.00 5.15764e-04
8176.00 5.02572e-04
8178.00 4.93543e-04
8180.00 4.83713e-04
8182.00 4.71226e-04
8184.00 4.64338e-04
8186.00 4.49964e-04
8188.00 4.46214e-04
8190.00 4.35424e-04
8192.00 4.37988e-04
8194.00 4.20178e-04
8196.00 4.23237e-04
8198.00 4.12810e-04
8200.00 4.11879e-04
8202.00 4.01956e-04
8204.00 3.93969e-04
8204.00 3.93963e-04
8206.00 3.93608e-04
8208.00 3.89376e-04
8210.00 3.78018e-04
8212.00 3.72773e-04
8214.00 3.76702e-04
8216.00 3.64077e-04
8218.00 3.63551e-04
8220.00 3.57710e-04
8222.00 3.39705e-04
8224.00 3.43925e-04
8226.00 3.35379e-04
8228.00 3.35661e-04
8230.00 3.20179e-04
8232.00 3.30009e-04
8234.00 3.19284e-04
8236.00 3.13242e-04
8238.00 3.10438e-04
8240.00 3.07185e-04
8242.00 3.03956e-04
8244.00 3.01223e-04
8245.02 3.01340e-04
8246.00 3.00427e-04
8248.00 2.94165e-04
8250.00 2.94492e-04
8252.00 2.83040e-04
8254.00 2.82532e-04
8256.00 2.80070e-04
8258.00 2.81954e-04
8260.00 2.72327e-04
8262.00 2.75787e-04
8264.00 2.70795e-04
8266.00 2.78102e-04
8268.00 2.53405e-04
8270.00 2.59837e-04
8272.00 2.66563e-04
8274.00 2.48887e-04
8276.00 2.52454e-04
8278.00 2.50785e-04
8280.00 2.42907e-04
8282.00 2.44409e-04
8284.00 2.46516e-04
8286.00 2.44039e-04
8286.24 2.43499e-04
8288.00 2.36988e-04
8290.00 2.26512e-04
8292.00 2.31680e-04
8294.00 2.32926e-04
8296.00 2.23518e-04
8298.00 2.32437e-04
8300.00 2.16621e-04
8302.00 2.23110e-04
8304.00 2.11530e-04
8306.00 2.14682e-04
8308.00 2.11958e-04
8310.00 2.04347e-04
8312.00 1.99975e-04
8314.00 1.97397e-04
8316.00 1.95018e-04
8318.00 2.00124e-04
8320.00 2.09375e-04
8322.00 2.04716e-04
8324.00 1.95337e-04
8326.00 1.98489e-04
8327.67 1.87392e-04
8328.00 1.86625e-04
8330.00 1.97730e-04
8332.00 1.88904e-04
8334.00 1.78981e-04
8336.00 1.90297e-04
8338.00 1.67717e-04
8340.00 1.76215e-04
8342.00 1.89026e-04
8344.00 1.84877e-04
8346.00 1.81217e-04
8348.00 1.69771e-04
8350.00 1.76956e-04
8352.00 1.71416e-04
8354.00 1.71936e-04
8356.00 1.65899e-04
8358.00 1.70713e-04
8360.00 1.69423e-04
8362.00 1.64407e-04
8364.00 1.66872e-04
8366.00 1.65591e-04
8368.00 1.62797e-04
8369.31 1.56052e-04
8370.00 1.51923e-04
8372.00 1.48507e-04
8374.00 1.61792e-04
8376.00 1.56030e-04
8378.00 1.67584e-04
8380.00 1.49921e-04
8382.00 1.57657e-04
8384.00 1.50094e-04
8386.00 1.52231e-04
8388.00 1.46261e-04
8390.00 1.57398e-04
8392.00 1.50553e-04
8394.00 1.52942e-04
8396.00 1.51308e-04
8398.00 1.34840e-04
8400.00 1.40845e-04
8402.00 1.40835e-04
8404.00 1.40638e-04
8406.00 1.34808e-04
8408.00 1.37197e-04
8410.00 1.40295e-04
8411.16 1.42840e-04
8412.00 1.42962e-04
8414.00 1.34834e-04
8416.00 1.34938e-04
8418.00 1.47706e-04
8420.00 1.44359e-04
8422.00 1.21071e-04
8424.00 1.36739e-04
8426.00 1.31567e-04
8428.00 1.21742e-04
8430.00 1.36515e-04
8432.00 1.35332e-04
8434.00 1.26532e-04
8436.00 1.32236e-04
8438.00 1.17088e-04
8440.00 1.21764e-04
8442.00 1.17329e-04
8444.00 1.17143e-04
8446.00 1.13788e-04
8448.00 1.22250e-04
8450.00 1.08561e-04
8452.00 1.22320e-04
8453.21 1.23014e-04
8454.00 1.19286e-04
8456.00 1.10853e-04
8458.00 1.18031e-04
8460.00 1.18719e-04
8462.00 1.05224e-04
8464.00 1.25750e-04
8466.00 1.09929e-04
8468.00 1.07195e-04
8470.00 1.09520e-04
8472.00 1.01192e-04
8474.00 1.17084e-04
8476.00 1.16010e-04
8478.00 1.14921e-04
8480.00 1.08772e-04
8482.00 1.15147e-04
8484.00 1.16110e-04
8486.00 1.06805e-04
8488.00 1.07285e-04
8490.00 1.12937e-04
8492.00 1.04787e-04
8494.00 1.13866e-04
8495.48 1.05424e-04
8496.00 1.02438e-04
8498.00 1.05419e-04
8500.00 1.06725e-04
8502.00 1.04929e-04
8504.00 1.09537e-04
8506.00 9.90726e-05
8508.00 9.18147e-05
8510.00 9.47487e-05
8512.00 9.83805e-05
8514.00 1.03283e-04
8516.00 9.80668e-05
8518.00 1.02562e-04
8520.00 9.23466e-05
8522.00 1.03338e-04
8524.00 9.92210e-05
8526.00 1.00873e-04
8528.00 9.38425e-05
8530.00 9.29442e-05
8532.00 9.14821e-05
8534.00 9.08918e-05
8536.00 9.53409e-05
8537.96 9.31144e-05
8538.00 9.29394e-05
8540.00 8.17705e-05
8542.00 7.54937e-05
8544.00 7.46137e-05
8546.00 6.99605e-05
8548.00 7.64131e-05
8550.00 8.50085e-05
8552.00 7.88780e-05
8554.00 7.65307e-05
8556.00 6.88493e-05
8558.00 8.50692e-05
8560.00 7.41813e-05
8562.00 8.14142e-05
8564.00 8.00544e-05
8566.00 8.60939e-05
8568.00 8.60334e-05
8570.00 9.36507e-05
8572.00 7.90928e-05
8574.00 8.53960e-05
8576.00 9.04944e-05
8578.00 9.93409e-05
8580.00 7.84844e-05
8580.65 8.30572e-05
8582.00 9.85470e-05
8584.00 8.30138e-05
8586.00 8.18758e-05
8588.00 8.20103e-05
8590.00 8.23633e-05
8592.00 9.28451e-05
8594.00 8.29189e-05
8596.00 8.35706e-05
8598.00 9.28988e-05
8600.00 9.44629e-05
8602.00 8.28624e-05
8604.00 8.82018e-05
8606.00 8.17043e-05
8608.00 8.44529e-05
8610.00 9.50808e-05
8612.00 1.01528e-04
8614.00 8.24041e-05
8616.00 7.95130e-05
8618.00 9.22756e-05
8620.00 8.22426e-05
8622.00 8.07449e-05
8623.55 8.73958e-05
8624.00 8.71848e-05
8626.00 7.42123e-05
8628.00 8.17985e-05
8630.00 8.91324e-05
8632.00 8.90254e-05
8634.00 9.14402e-05
8636.00 9.69908e-05
8638.00 7.73142e-05
8640.00 8.91927e-05
8642.00 7.70205e-05
8644.00 9.96469e-05
8646.00 8.93760e-05
8648.00 8.84854e-05
8650.00 7.67271e-05
8652.00 9.23730e-05
8654.00 9.46079e-05
8656.00 9.45200e-05
8658.00 9.08381e-05
8660.00 7.64259e-05
8662.00 8.96832e-05
8664.00 8.52845e-05
8666.00 8.06754e-05
8666.67 7.84744e-05
8668.00 7.86133e-05
8670.00 9.45434e-05
8672.00 8.62064e-05
8674.00 8.90544e-05
8676.00 9.92693e-05
8678.00 9.72594e-05
8680.00 9.32539e-05
8682.00 9.64830e-05
8684.00 9.16678e-05
8686.00 1.02098e-04
8688.00 1.03834e-04
8690.00 1.07328e-04
8692.00 1.16385e-04
8694.00 1.00372e-04
8696.00 1.07582e-04
8698.00 1.12321e-04
8700.00 1.11335e-04
8702.00 1.06818e-04
8704.00 9.65004e-05
8706.00 1.07166e-04
8708.00 1.13008e-04
8710.00 1.17781e-04
8710.00 1.17782e-04
8712.00 1.13525e-04
8714.00 9.96399e-05
8716.00 1.04091e-04
8718.00 9.59557e-05
8720.00 1.07514e-04
8722.00 1.04921e-04
8724.00 1.03080e-04
8726.00 1.08750e-04
8728.00 1.13142e-04
8730.00 1.18851e-04
8732.00 1.08378e-04
8734.00 8.62676e-05
8736.00 1.14887e-04
8738.00 8.76456e-05
8740.00 1.18670e-04
8742.00 9.18788e-05
8744.00 1.06021e-04
8746.00 9.48277e-05
8748.00 9.75817e-05
8750.00 1.01614e-04
8752.00 1.03481e-04
8753.55 1.00981e-04
8754.00 1.00306e-04
8756.00 1.01267e-04
8758.00 1.06373e-04
8760.00 1.04095e-04
8762.00 8.59686e-05
8764.00 1.04732e-04
8766.00 9.79848e-05
8768.00 1.08697e-04
8770.00 9.76874e-05
8772.00 9.44507e-05
8774.00 8.82164e-05
8776.00 9.01178e-05
8778.00 1.00168e-04
8780.00 1.00123e-04
8782.00 1.03429e-04
8784.00 8.83393e-05
8786.00 8.86511e-05
8788.00 7.51063e-05
8790.00 8.25880e-05
8792.00 7.13638e-05
8794.00 5.53106e-05
8796.00 6.65371e-05
8797.32 7.29034e-05
8798.00 7.10296e-05
8800.00 5.66247e-05
8802.00 7.42342e-05
8804.00 6.06793e-05
8806.00 8.40791e-05
8808.00 6.11961e-05
8810.00 7.23393e-05
8812.00 6.14020e-05
8814.00 7.59055e-05
8816.00 4.48551e-05
8818.00 4.87933e-05
8820.00 6.48947e-05
8822.00 7.65517e-05
8824.00 6.35961e-05
8826.00 6.95724e-05
8828.00 7.69179e-05
8830.00 7.00735e-05
8832.00 7.90670e-05
8834.00 7.14094e-05
8836.00 7.83994e-05
8838.00 8.71788e-05
8840.00 8.48752e-05
8841.31 7.29695e-05
8842.00 6.72694e-05
8844.00 6.28040e-05
8846.00 5.28955e-05
8848.00 5.02161e-05
8850.00 1.03738e-04
8852.00 8.53008e-05
8854.00 6.16051e-05
8856.00 8.74300e-05
8858.00 7.85031e-05
8860.00 5.46690e-05
8862.00 6.91041e-05
8864.00 9.03318e-05
8866.00 1.01457e-04
8868.00 9.46076e-05
8870.00 9.10733e-05
8872.00 6.19226e-05
8874.00 8.09674e-05
8876.00 7.27194e-05
8878.00 8.57163e-05
8880.00 7.36961e-05
8882.00 7.07565e-05
8884.00 7.68463e-05
8885.51 5.57451e-05
8886.00 4.85653e-05
8888.00 4.77072e-05
8890.00 8.20824e-05
8892.00 7.49345e-05
8894.00 5.24742e-05
8896.00 1.03749e-04
8898.00 1.12318e-04
8900.00 6.29176e-05
8902.00 5.49054e-05
8904.00 4.38497e-05
8906.00 6.54287e-05
8908.00 7.38195e-05
8910.00 7.81026e-05
8912.00 7.79920e-05
8914.00 6.32882e-05
8916.00 8.74962e-05
8918.00 5.79823e-05
8920.00 5.78853e-05
8922.00 1.12749e-04
8924.00 6.88925e-05
8926.00 4.89977e-05
8928.00 7.63234e-05
8929.94 8.15086e-05
8930.00 8.23655e-05
8932.00 1.15034e-04
8934.00 7.01471e-05
8936.00 1.27393e-04
8938.00 1.14806e-04
8940.00 8.89795e-05
8942.00 6.26830e-05
8944.00 5.66162e-05
8946.00 8.15492e-05
8948.00 4.47496e-05
8950.00 9.28174e-05
8952.00 6.64185e-05
8954.00 8.98570e-05
8956.00 9.53774e-05
8958.00 6.49250e-05
8960.00 8.80580e-05
8962.00 1.07320e-04
8964.00 1.23620e-04
8966.00 9.29069e-05
8968.00 9.37231e-05
8970.00 3.03769e-05
8972.00 4.09106e-05
8974.00 7.77549e-05
8974.59 7.92378e-05
8976.00 7.35283e-05
8978.00 8.44900e-05
8980.00 9.74192e-05
8982.00 8.36162e-05
8984.00 5.47999e-05
8986.00 3.42484e-05
8988.00 1.10868e-04
8990.00 6.68490e-05
8992.00 1.11168e-04
8994.00 1.31446e-04
8996.00 1.05671e-04
8998.00 1.12510e-04
9000.00 6.78047e-05
