##### EXOPHOT SPECTRAL OVERLAP FILE #####
# Date: 12/03/2021 13:30:09
# SED file: g2v.txt
# atmosphere file: g2v_psg_weaklyOxidazing_trn.txt
# photopigment file: Chl_a.txt
# Stellar radius (Rs in km): 696340
# Exoplanet semi-major axis (sma in km): 149600000.0
# Absorption rate (s^-1): 9.15505e+00
## Wavelength (Angstrom)  Overlapped Spectra (A^-1 s^-1)
2198.10 2.47473e-06
2198.80 2.51447e-06
2200.00 2.57048e-06
2201.80 2.63938e-06
2203.70 2.69528e-06
2205.00 2.68686e-06
2205.60 2.66529e-06
2207.50 2.53816e-06
2209.30 2.38148e-06
2209.79 2.33925e-06
2211.20 2.22359e-06
2213.10 2.08242e-06
2215.00 1.99120e-06
2216.80 2.02464e-06
2218.70 2.14698e-06
2220.60 2.34466e-06
2220.84 2.37385e-06
2222.50 2.60597e-06
2224.30 2.93115e-06
2225.00 3.06535e-06
2226.20 3.30051e-06
2228.10 3.69568e-06
2230.00 4.09428e-06
2231.80 4.44282e-06
2231.94 4.47002e-06
2233.70 4.77192e-06
2235.00 4.92202e-06
2235.60 4.97388e-06
2237.50 5.10745e-06
2239.30 5.18312e-06
2241.20 5.15205e-06
2243.10 5.03725e-06
2243.10 5.03696e-06
2245.00 4.87638e-06
2246.80 4.64715e-06
2248.70 4.36916e-06
2250.60 4.10029e-06
2252.50 3.83691e-06
2254.30 3.58974e-06
2254.32 3.58748e-06
2255.00 3.51696e-06
2256.20 3.41541e-06
2258.10 3.25944e-06
2260.00 3.13132e-06
2261.80 3.09186e-06
2263.70 3.03711e-06
2265.00 3.00290e-06
2265.59 2.99353e-06
2265.60 2.99343e-06
2267.50 2.99398e-06
2269.30 3.01413e-06
2271.20 3.11513e-06
2273.10 3.32158e-06
2275.00 3.68477e-06
2276.80 4.18401e-06
2276.92 4.22024e-06
2278.70 4.77737e-06
2280.60 5.35672e-06
2282.50 5.81943e-06
2284.30 6.07145e-06
2285.00 6.08749e-06
2286.20 6.01596e-06
2288.10 5.74537e-06
2288.30 5.70292e-06
2290.00 5.30105e-06
2291.80 4.91087e-06
2293.70 4.54111e-06
2295.00 4.44602e-06
2295.60 4.45941e-06
2297.50 4.70595e-06
2299.30 5.15520e-06
2299.75 5.26904e-06
2301.20 5.64490e-06
2303.10 6.19820e-06
2305.00 6.54421e-06
2306.80 6.62787e-06
2308.70 6.48575e-06
2310.60 6.23749e-06
2311.24 6.14221e-06
2312.50 5.94712e-06
2314.30 5.66209e-06
2315.00 5.55757e-06
2316.20 5.41914e-06
2318.10 5.32501e-06
2320.00 5.28178e-06
2321.80 5.28500e-06
2322.80 5.27881e-06
2323.70 5.27481e-06
2325.00 5.28643e-06
2325.60 5.29069e-06
2327.50 5.25666e-06
2329.30 5.13955e-06
2331.20 4.95565e-06
2333.10 4.68576e-06
2334.41 4.40858e-06
2335.00 4.26679e-06
2336.80 3.79070e-06
2338.70 3.25500e-06
2340.60 2.77548e-06
2342.50 2.49718e-06
2344.30 2.52347e-06
2345.00 2.63244e-06
2346.09 2.92258e-06
2346.20 2.96059e-06
2348.10 3.74841e-06
2350.00 4.67305e-06
2351.80 5.51966e-06
2353.70 6.17201e-06
2355.00 6.36229e-06
2355.60 6.36715e-06
2357.50 6.08024e-06
2357.82 5.98975e-06
2359.30 5.45733e-06
2361.20 4.66826e-06
2363.10 3.90447e-06
2365.00 3.42486e-06
2366.80 3.36943e-06
2368.70 3.59289e-06
2369.61 3.78535e-06
2370.60 4.03008e-06
2372.50 4.46662e-06
2374.30 4.72917e-06
2375.00 4.76766e-06
2376.20 4.73257e-06
2378.10 4.45020e-06
2380.00 3.94127e-06
2381.45 3.51361e-06
2381.80 3.41526e-06
2383.70 2.94193e-06
2385.00 2.72345e-06
2385.60 2.66513e-06
2387.50 2.64934e-06
2389.30 2.81400e-06
2391.20 3.10312e-06
2393.10 3.43784e-06
2393.36 3.48512e-06
2395.00 3.75386e-06
2396.80 3.93393e-06
2398.70 4.07753e-06
2400.60 4.11460e-06
2402.50 4.10759e-06
2404.30 4.03206e-06
2405.00 3.99403e-06
2405.33 3.97556e-06
2406.20 3.92560e-06
2408.10 3.84158e-06
2410.00 3.86217e-06
2411.80 3.99977e-06
2413.70 4.35331e-06
2415.00 4.75543e-06
2415.60 4.98973e-06
2417.35 5.82705e-06
2417.50 5.90600e-06
2419.30 6.96416e-06
2421.20 8.08044e-06
2423.10 9.05920e-06
2425.00 9.78456e-06
2426.80 1.01313e-05
2428.70 1.02612e-05
2429.44 1.02624e-05
2430.60 1.02209e-05
2432.50 1.01059e-05
2434.30 1.01104e-05
2435.00 1.01800e-05
2436.20 1.03892e-05
2438.10 1.08484e-05
2440.00 1.14519e-05
2441.59 1.21912e-05
2441.80 1.22871e-05
2443.70 1.30050e-05
2445.00 1.34978e-05
2445.60 1.37336e-05
2447.50 1.44080e-05
2449.30 1.47704e-05
2451.20 1.50834e-05
2453.10 1.51707e-05
2453.80 1.51469e-05
2455.00 1.50294e-05
2456.80 1.46625e-05
2458.70 1.41419e-05
2460.60 1.35219e-05
2462.50 1.28554e-05
2464.30 1.23697e-05
2465.00 1.22350e-05
2466.07 1.20877e-05
2466.20 1.20729e-05
2468.10 1.19202e-05
2470.00 1.17949e-05
2471.80 1.15694e-05
2473.70 1.11713e-05
2475.00 1.06958e-05
2475.60 1.04014e-05
2477.50 9.22910e-06
2478.40 8.61363e-06
2479.30 7.96858e-06
2481.20 6.60932e-06
2483.10 5.44556e-06
2485.00 4.60188e-06
2486.80 4.30577e-06
2488.70 4.44007e-06
2490.60 5.01754e-06
2490.79 5.09307e-06
2492.50 5.91240e-06
2494.30 7.04915e-06
2495.00 7.54738e-06
2496.20 8.44373e-06
2498.10 9.86918e-06
2500.00 1.11581e-05
2501.80 1.20352e-05
2503.24 1.23327e-05
2503.70 1.23382e-05
2505.00 1.20941e-05
2505.60 1.18401e-05
2507.50 1.05242e-05
2509.30 8.82334e-06
2511.20 7.04319e-06
2513.00 5.54304e-06
2513.10 5.47597e-06
2515.00 4.56211e-06
2515.76 4.33525e-06
2516.80 4.11123e-06
2518.00 3.94449e-06
2518.70 3.87349e-06
2520.60 3.76062e-06
2522.50 3.77004e-06
2524.30 3.90016e-06
2525.00 3.98600e-06
2526.20 4.17773e-06
2528.10 4.55106e-06
2528.34 4.59916e-06
2530.00 4.93393e-06
2531.80 5.27934e-06
2533.70 5.53212e-06
2535.00 5.60178e-06
2535.60 5.59691e-06
2537.50 5.48884e-06
2539.30 5.43130e-06
2540.98 5.55596e-06
2541.20 5.59061e-06
2543.10 6.14319e-06
2545.00 7.35706e-06
2546.80 9.17594e-06
2548.70 1.15687e-05
2550.60 1.40654e-05
2552.50 1.63487e-05
2553.68 1.73481e-05
2554.30 1.77281e-05
2555.00 1.80549e-05
2556.20 1.82829e-05
2558.10 1.78499e-05
2560.00 1.69763e-05
2561.80 1.59985e-05
2563.70 1.54944e-05
2565.00 1.55894e-05
2565.60 1.57617e-05
2566.45 1.61251e-05
2567.50 1.68175e-05
2569.30 1.86403e-05
2571.20 2.05884e-05
2573.10 2.24983e-05
2575.00 2.37081e-05
2576.80 2.42484e-05
2578.70 2.40239e-05
2579.28 2.38567e-05
2580.60 2.33600e-05
2582.50 2.23787e-05
2584.30 2.14392e-05
2585.00 2.11350e-05
2586.20 2.06897e-05
2588.10 2.00933e-05
2590.00 1.97285e-05
2591.80 1.93409e-05
2592.18 1.92418e-05
2593.70 1.88335e-05
2595.00 1.85035e-05
2595.60 1.83117e-05
2597.50 1.74930e-05
2599.30 1.67156e-05
2601.20 1.57973e-05
2603.10 1.49869e-05
2605.00 1.43133e-05
2605.14 1.42670e-05
2606.80 1.37639e-05
2608.70 1.33154e-05
2610.60 1.30458e-05
2612.50 1.29294e-05
2614.30 1.27914e-05
2615.00 1.27371e-05
2616.20 1.26906e-05
2618.10 1.28874e-05
2618.17 1.29005e-05
2620.00 1.34680e-05
2621.80 1.45888e-05
2623.70 1.65654e-05
2625.00 1.85541e-05
2625.60 1.96406e-05
2627.50 2.36020e-05
2629.30 2.80838e-05
2631.20 3.28819e-05
2631.26 3.30275e-05
2633.10 3.75186e-05
2635.00 4.11876e-05
2636.80 4.37851e-05
2638.70 4.55930e-05
2640.60 4.76342e-05
2642.50 5.03954e-05
2644.30 5.36673e-05
2644.41 5.39455e-05
2645.00 5.55626e-05
2646.20 5.95878e-05
2648.10 6.64514e-05
2650.00 7.33656e-05
2651.80 7.89102e-05
2653.70 8.20675e-05
2655.00 8.22824e-05
2655.60 8.16265e-05
2657.50 7.66809e-05
2657.64 7.62239e-05
2659.30 6.99146e-05
2661.20 6.12725e-05
2663.10 5.28811e-05
2665.00 4.67313e-05
2666.80 4.38359e-05
2668.70 4.36812e-05
2670.60 4.59138e-05
2670.92 4.64737e-05
2672.50 4.97150e-05
2674.30 5.40040e-05
2675.00 5.56399e-05
2676.20 5.83398e-05
2678.10 6.22752e-05
2680.00 6.50920e-05
2681.80 6.72713e-05
2683.70 6.72840e-05
2684.28 6.68116e-05
2685.00 6.59596e-05
2685.60 6.50484e-05
2687.50 6.11800e-05
2689.30 5.63336e-05
2691.20 5.13751e-05
2693.10 4.70037e-05
2695.00 4.50651e-05
2696.80 4.63196e-05
2697.70 4.75947e-05
2698.70 4.94084e-05
2700.60 5.38773e-05
2702.50 5.82262e-05
2704.30 6.12020e-05
2705.00 6.17741e-05
2706.20 6.18517e-05
2708.10 6.00884e-05
2710.00 5.63076e-05
2711.19 5.31599e-05
2711.80 5.14253e-05
2713.70 4.58860e-05
2715.00 4.20585e-05
2715.60 4.03605e-05
2717.50 3.56178e-05
2719.30 3.24056e-05
2721.20 3.01023e-05
2723.10 2.90730e-05
2724.74 2.95994e-05
2725.00 2.98078e-05
2726.80 3.20129e-05
2728.70 3.49414e-05
2730.60 3.84399e-05
2732.50 4.12749e-05
2734.30 4.21480e-05
2735.00 4.20195e-05
2736.20 4.09996e-05
2738.10 3.73789e-05
2738.37 3.67408e-05
2740.00 3.26206e-05
2741.80 2.81329e-05
2743.70 2.40613e-05
2745.00 2.22520e-05
2745.60 2.17935e-05
2747.50 2.18499e-05
2749.30 2.36591e-05
2751.20 2.67809e-05
2752.06 2.85265e-05
2753.10 3.07798e-05
2755.00 3.47405e-05
2756.80 3.80890e-05
2758.70 4.20580e-05
2760.60 4.50503e-05
2762.50 4.81957e-05
2764.30 5.03335e-05
2765.00 5.12981e-05
2765.82 5.24753e-05
2766.20 5.29572e-05
2768.10 5.45012e-05
2770.00 5.57300e-05
2771.80 5.62514e-05
2773.70 5.48674e-05
2775.00 5.35991e-05
2775.60 5.27841e-05
2777.50 4.88630e-05
2779.30 4.43089e-05
2779.65 4.33666e-05
2781.20 3.90065e-05
2783.10 3.34035e-05
2785.00 2.79378e-05
2786.80 2.35929e-05
2788.70 1.97550e-05
2790.60 1.67309e-05
2792.50 1.42588e-05
2793.55 1.31162e-05
2794.30 1.23937e-05
2795.00 1.17936e-05
2796.20 1.09440e-05
2798.10 1.01405e-05
2800.00 1.00180e-05
2801.80 1.08645e-05
2803.70 1.30791e-05
2805.00 1.53473e-05
2805.60 1.66352e-05
2807.50 2.17482e-05
2807.52 2.17957e-05
2809.30 2.76997e-05
2811.20 3.52245e-05
2813.10 4.26845e-05
2815.00 5.07641e-05
2816.80 5.87756e-05
2818.70 6.68656e-05
2820.60 7.39223e-05
2821.55 7.73371e-05
2822.50 8.04060e-05
2824.30 8.45524e-05
2825.00 8.57475e-05
2826.20 8.72352e-05
2828.10 8.78019e-05
2830.00 8.63026e-05
2831.80 8.36298e-05
2833.70 7.98102e-05
2835.00 7.67040e-05
2835.60 7.50087e-05
2835.66 7.48235e-05
2837.50 6.85902e-05
2839.30 6.25089e-05
2841.20 5.60168e-05
2843.10 4.85174e-05
2845.00 4.15914e-05
2846.80 3.46586e-05
2848.70 2.83994e-05
2849.84 2.50882e-05
2850.60 2.31969e-05
2852.50 2.00485e-05
2854.30 1.94410e-05
2855.00 2.00370e-05
2856.20 2.21997e-05
2858.10 2.80813e-05
2860.00 3.67615e-05
2861.80 4.70343e-05
2863.70 5.91551e-05
2864.09 6.17425e-05
2865.00 6.79362e-05
2865.60 7.21094e-05
2867.50 8.54136e-05
2869.30 9.68916e-05
2871.20 1.07992e-04
2873.10 1.15980e-04
2875.00 1.20965e-04
2876.80 1.21084e-04
2878.41 1.18915e-04
2878.70 1.18511e-04
2880.60 1.15992e-04
2882.50 1.12387e-04
2884.30 1.11094e-04
2885.00 1.11367e-04
2886.20 1.12963e-04
2888.10 1.18024e-04
2890.00 1.25049e-04
2891.80 1.33199e-04
2892.80 1.39174e-04
2893.70 1.44826e-04
2895.00 1.52138e-04
2895.60 1.55265e-04
2897.50 1.65214e-04
2899.30 1.75195e-04
2901.20 1.85681e-04
2903.10 1.93329e-04
2905.00 2.00843e-04
2906.80 2.08276e-04
2907.27 2.09689e-04
2908.70 2.12998e-04
2910.00 2.15904e-04
2910.60 2.17002e-04
2912.50 2.18515e-04
2914.30 2.18616e-04
2916.20 2.18429e-04
2918.10 2.17354e-04
2920.00 2.15568e-04
2921.80 2.12210e-04
2921.80 2.12208e-04
2923.70 2.09834e-04
2925.60 2.06220e-04
2927.50 2.02838e-04
2929.30 2.00411e-04
2930.00 1.99445e-04
2931.20 1.97735e-04
2933.10 1.95616e-04
2935.00 1.95153e-04
2936.41 1.94150e-04
2936.80 1.93832e-04
2938.70 1.93046e-04
2940.60 1.93559e-04
2942.50 1.93387e-04
2944.30 1.94456e-04
2946.20 1.96004e-04
2948.10 1.97187e-04
2950.00 1.98726e-04
2951.09 1.99054e-04
2951.80 1.99320e-04
2953.70 2.00844e-04
2955.60 2.01822e-04
2957.50 2.05118e-04
2959.30 2.06433e-04
2961.20 2.08005e-04
2963.10 2.09708e-04
2965.00 2.12612e-04
2965.85 2.13503e-04
2966.80 2.14187e-04
2968.70 2.15617e-04
2970.00 2.16940e-04
2970.60 2.17478e-04
2972.50 2.18333e-04
2974.30 2.18767e-04
2976.20 2.20130e-04
2978.10 2.21938e-04
2980.00 2.23023e-04
2980.68 2.22945e-04
2981.80 2.22530e-04
2983.70 2.22220e-04
2985.60 2.22702e-04
2987.50 2.23784e-04
2989.30 2.23690e-04
2990.00 2.23207e-04
2991.20 2.22499e-04
2993.10 2.23542e-04
2995.00 2.25171e-04
2995.58 2.24749e-04
2996.80 2.23523e-04
2998.70 2.24439e-04
3000.60 2.24738e-04
3002.50 2.25671e-04
3004.30 2.25515e-04
3006.20 2.27288e-04
3008.10 2.29945e-04
3010.00 2.31701e-04
3010.56 2.32443e-04
3011.80 2.34615e-04
3013.70 2.38326e-04
3015.60 2.41383e-04
3017.50 2.44611e-04
3019.30 2.48212e-04
3021.20 2.52921e-04
3023.10 2.55284e-04
3025.00 2.59755e-04
3025.61 2.61597e-04
3026.80 2.64671e-04
3028.70 2.67315e-04
3030.00 2.70399e-04
3030.60 2.71710e-04
3032.50 2.74026e-04
3034.30 2.77507e-04
3036.20 2.79386e-04
3038.10 2.80372e-04
3040.00 2.83299e-04
3040.74 2.83448e-04
3041.80 2.83862e-04
3043.70 2.88053e-04
3045.60 2.88550e-04
3047.50 2.92766e-04
3049.30 2.96186e-04
3050.00 2.97182e-04
3051.20 2.98682e-04
3053.10 3.01506e-04
3055.00 3.07343e-04
3055.94 3.10393e-04
3056.80 3.12527e-04
3058.70 3.14737e-04
3060.60 3.17943e-04
3062.50 3.22977e-04
3064.30 3.26035e-04
3066.20 3.28474e-04
3068.10 3.31559e-04
3070.00 3.32689e-04
3071.22 3.31833e-04
3071.80 3.31546e-04
3073.70 3.31735e-04
3075.60 3.28837e-04
3077.50 3.26319e-04
3079.30 3.25995e-04
3081.20 3.22530e-04
3083.10 3.23209e-04
3085.00 3.20989e-04
3086.58 3.21295e-04
3086.80 3.21484e-04
3088.70 3.23347e-04
3090.00 3.24944e-04
3090.60 3.26017e-04
3092.50 3.30344e-04
3094.30 3.34382e-04
3096.20 3.41346e-04
3098.10 3.36799e-04
3100.00 3.64468e-04
3101.80 3.61294e-04
3102.01 3.59245e-04
3103.70 3.47185e-04
3105.60 3.62342e-04
3107.50 3.77330e-04
3109.30 3.78977e-04
3110.00 3.76395e-04
3111.20 3.74503e-04
3113.10 3.89269e-04
3115.00 3.98598e-04
3116.80 3.96679e-04
3117.52 3.93868e-04
3118.70 3.89387e-04
3120.60 3.87440e-04
3122.50 3.86279e-04
3124.30 3.85267e-04
3126.20 3.95874e-04
3128.10 3.84778e-04
3130.00 3.71477e-04
3131.80 3.75544e-04
3133.11 3.63853e-04
3133.70 3.59259e-04
3135.60 3.66420e-04
3137.50 3.69939e-04
3139.30 3.47054e-04
3141.20 3.55118e-04
3143.10 3.69906e-04
3145.00 3.80378e-04
3146.80 3.73323e-04
3148.70 3.79274e-04
3148.77 3.79585e-04
3150.00 3.81816e-04
3150.60 3.80274e-04
3152.50 3.73040e-04
3154.30 3.90154e-04
3156.20 3.96772e-04
3158.10 4.09408e-04
3160.00 4.10877e-04
3161.80 4.19589e-04
3163.70 4.30248e-04
3164.52 4.26473e-04
3165.60 4.21571e-04
3167.50 4.36506e-04
3169.30 4.47334e-04
3170.00 4.45600e-04
3171.20 4.38187e-04
3173.10 4.29874e-04
3175.00 4.33224e-04
3176.80 4.37535e-04
3178.70 4.13788e-04
3180.34 4.17266e-04
3180.60 4.18574e-04
3182.50 4.18674e-04
3184.30 4.07888e-04
3186.20 3.97525e-04
3188.10 4.11894e-04
3190.00 4.07981e-04
3191.80 4.04534e-04
3193.70 4.11478e-04
3195.60 4.21120e-04
3196.24 4.23460e-04
3197.50 4.29024e-04
3199.30 4.42274e-04
3201.20 4.46920e-04
3203.10 4.55530e-04
3205.00 4.74909e-04
3206.80 4.77045e-04
3208.70 4.80592e-04
3210.00 4.86968e-04
3210.60 4.85517e-04
3212.22 4.66490e-04
3212.50 4.65038e-04
3214.30 4.72122e-04
3216.20 4.52659e-04
3218.10 4.49068e-04
3220.00 4.36513e-04
3221.80 4.20576e-04
3223.70 4.20719e-04
3225.60 3.94229e-04
3227.50 4.03522e-04
3228.29 4.09208e-04
3229.30 4.09285e-04
3230.00 4.03193e-04
3231.20 3.95273e-04
3233.10 4.18597e-04
3235.00 4.33042e-04
3236.80 4.37528e-04
3238.70 4.78385e-04
3240.60 4.81701e-04
3242.50 4.67714e-04
3244.30 5.20923e-04
3244.43 5.23420e-04
3246.20 5.29732e-04
3248.10 5.57646e-04
3250.00 5.83723e-04
3251.80 5.98189e-04
3253.70 6.07240e-04
3255.60 6.28270e-04
3257.50 6.55853e-04
3259.30 6.64817e-04
3260.65 6.96174e-04
3261.20 7.01140e-04
3263.10 6.63335e-04
3265.00 6.84588e-04
3266.80 6.92117e-04
3268.70 6.94742e-04
3270.00 6.86312e-04
3270.60 6.85228e-04
3272.50 7.06022e-04
3274.30 7.09943e-04
3276.20 6.82917e-04
3276.95 6.83154e-04
3278.10 6.95383e-04
3280.00 7.04713e-04
3281.80 6.73665e-04
3283.70 6.77596e-04
3285.60 6.65066e-04
3287.50 6.68602e-04
3289.30 6.61331e-04
3290.00 6.69390e-04
3291.20 6.83486e-04
3293.10 6.62434e-04
3293.34 6.59951e-04
3295.00 6.54054e-04
3296.80 6.54228e-04
3298.70 6.52329e-04
3300.60 6.20754e-04
3302.50 6.36566e-04
3304.30 6.19866e-04
3306.20 6.17839e-04
3308.10 6.33101e-04
3309.80 6.20984e-04
3310.00 6.20878e-04
3311.80 6.35100e-04
3313.70 6.15746e-04
3315.60 6.12295e-04
3317.50 6.19276e-04
3319.30 6.17479e-04
3321.20 6.36586e-04
3323.10 6.34965e-04
3325.00 6.20069e-04
3326.35 6.34171e-04
3326.80 6.39816e-04
3328.70 6.49668e-04
3330.00 6.52027e-04
3330.60 6.48661e-04
3332.50 6.23741e-04
3334.30 6.38092e-04
3336.20 6.58131e-04
3338.10 6.38633e-04
3340.00 6.57401e-04
3341.80 6.40544e-04
3342.98 6.26975e-04
3343.70 6.26026e-04
3345.60 6.47451e-04
3347.50 6.47552e-04
3349.30 6.31188e-04
3350.00 6.20624e-04
3351.20 6.08355e-04
3353.10 6.11586e-04
3355.00 5.71165e-04
3356.80 5.47419e-04
3358.70 5.59972e-04
3359.70 5.49427e-04
3360.60 5.34097e-04
3362.50 5.16661e-04
3364.30 5.06663e-04
3366.20 4.82218e-04
3368.10 4.90267e-04
3370.00 4.64995e-04
3371.80 4.69104e-04
3373.70 4.86542e-04
3375.60 4.82664e-04
3376.50 4.86956e-04
3377.50 4.91604e-04
3379.30 4.90780e-04
3381.20 5.22720e-04
3383.10 5.19569e-04
3385.00 5.41960e-04
3386.80 5.55359e-04
3388.70 5.59443e-04
3390.00 5.60035e-04
3390.60 5.61011e-04
3392.50 5.70661e-04
3393.38 5.76763e-04
3394.30 5.80058e-04
3396.20 5.79252e-04
3398.10 6.00508e-04
3400.00 5.93345e-04
3401.80 5.92398e-04
3403.70 5.90114e-04
3405.60 6.05216e-04
3407.50 5.87415e-04
3409.30 5.85195e-04
3410.00 5.91491e-04
3410.35 5.95329e-04
3411.20 6.04255e-04
3413.10 6.06330e-04
3415.00 5.94644e-04
3416.80 6.26666e-04
3418.70 6.11505e-04
3420.60 6.07566e-04
3422.50 6.41813e-04
3424.30 6.43174e-04
3426.20 6.58822e-04
3427.40 6.53984e-04
3428.10 6.51944e-04
3430.00 6.64961e-04
3431.80 6.52928e-04
3433.70 6.60333e-04
3435.60 6.77919e-04
3437.50 6.72652e-04
3439.30 6.76662e-04
3441.20 6.79708e-04
3443.10 6.92555e-04
3444.54 7.03990e-04
3445.00 7.09238e-04
3446.80 7.27539e-04
3448.70 7.08659e-04
3450.00 7.15246e-04
3450.60 7.22104e-04
3452.50 7.32903e-04
3454.30 7.24642e-04
3456.20 7.25446e-04
3458.10 7.34293e-04
3460.00 7.59172e-04
3461.76 7.48296e-04
3461.80 7.48267e-04
3463.70 7.70086e-04
3465.60 7.83093e-04
3467.50 7.73435e-04
3469.30 7.73669e-04
3470.00 7.75351e-04
3471.20 7.84111e-04
3473.10 8.13117e-04
3475.00 8.16621e-04
3476.80 8.29205e-04
3478.70 8.36402e-04
3479.07 8.37154e-04
3480.60 8.49049e-04
3482.50 8.79104e-04
3484.30 8.60693e-04
3486.20 9.01621e-04
3488.10 9.11629e-04
3490.00 9.29230e-04
3491.80 9.42280e-04
3493.70 9.71784e-04
3495.60 9.80547e-04
3496.46 9.92452e-04
3497.50 1.00331e-03
3499.30 9.91274e-04
3501.20 1.01126e-03
3503.10 1.03289e-03
3505.00 1.04641e-03
3506.80 1.03204e-03
3508.70 1.05843e-03
3510.00 1.06342e-03
3510.60 1.06312e-03
3512.50 1.06128e-03
3513.95 1.04094e-03
3514.30 1.03600e-03
3516.20 1.03213e-03
3518.10 1.04690e-03
3520.00 1.01592e-03
3521.80 1.04278e-03
3523.70 1.02229e-03
3525.60 1.02589e-03
3527.50 1.02806e-03
3529.30 1.03107e-03
3530.00 1.04074e-03
3531.20 1.06276e-03
3531.51 1.06776e-03
3533.10 1.08866e-03
3535.00 1.11701e-03
3536.80 1.14283e-03
3538.70 1.19033e-03
3540.60 1.21789e-03
3542.50 1.24873e-03
3544.30 1.29949e-03
3546.20 1.29974e-03
3548.10 1.31510e-03
3549.17 1.31770e-03
3550.00 1.32356e-03
3551.80 1.34858e-03
3553.70 1.30545e-03
3555.60 1.28964e-03
3557.50 1.27317e-03
3559.30 1.22583e-03
3561.20 1.18858e-03
3563.10 1.15484e-03
3565.00 1.10719e-03
3566.80 1.07162e-03
3566.92 1.06843e-03
3568.70 1.02350e-03
3570.00 1.02667e-03
3570.60 1.02808e-03
3572.50 1.00271e-03
3574.30 9.96628e-04
3576.20 9.92239e-04
3578.10 9.93254e-04
3580.00 1.00921e-03
3581.80 1.00316e-03
3583.70 1.02999e-03
3584.75 1.03970e-03
3585.60 1.04758e-03
3587.50 1.07836e-03
3589.30 1.09373e-03
3590.00 1.10651e-03
3591.20 1.13414e-03
3593.10 1.16011e-03
3595.00 1.17400e-03
3596.80 1.21908e-03
3598.70 1.23047e-03
3600.60 1.26703e-03
3602.50 1.29399e-03
3602.68 1.29592e-03
3604.30 1.31346e-03
3606.20 1.33690e-03
3608.10 1.36413e-03
3610.00 1.37897e-03
3611.80 1.38720e-03
3613.70 1.42283e-03
3615.60 1.43843e-03
3617.50 1.43021e-03
3619.30 1.46278e-03
3620.69 1.45791e-03
3621.20 1.45613e-03
3623.10 1.47538e-03
3625.00 1.47509e-03
3626.80 1.48500e-03
3628.70 1.48814e-03
3630.00 1.48405e-03
3630.60 1.48288e-03
3632.50 1.48564e-03
3634.30 1.48317e-03
3636.20 1.48612e-03
3638.10 1.51609e-03
3638.79 1.53115e-03
3640.00 1.55830e-03
3641.80 1.59247e-03
3643.70 1.62064e-03
3645.60 1.68358e-03
3647.50 1.75828e-03
3649.30 1.82771e-03
3650.00 1.84160e-03
3651.20 1.85469e-03
3653.10 1.89457e-03
3655.00 1.95954e-03
3656.80 1.97597e-03
3656.99 1.97664e-03
3658.70 1.97926e-03
3660.60 1.96946e-03
3662.50 1.99358e-03
3664.30 1.99653e-03
3666.20 1.97850e-03
3668.10 2.02225e-03
3670.00 2.00157e-03
3671.80 1.98854e-03
3673.70 1.97675e-03
3675.27 1.96641e-03
3675.60 1.96568e-03
3677.50 1.96880e-03
3679.30 1.95563e-03
3681.20 1.93693e-03
3683.10 1.95815e-03
3685.00 1.97615e-03
3686.80 1.96129e-03
3688.70 1.99133e-03
3690.00 2.01714e-03
3690.60 2.02617e-03
3692.50 2.04037e-03
3693.65 2.04576e-03
3694.30 2.05557e-03
3696.20 2.11066e-03
3698.10 2.12846e-03
3700.00 2.16506e-03
3701.80 2.18835e-03
3703.70 2.20246e-03
3705.60 2.23716e-03
3707.50 2.22814e-03
3709.30 2.24629e-03
3710.00 2.23754e-03
3711.20 2.20905e-03
3712.12 2.19397e-03
3713.10 2.17474e-03
3715.00 2.10518e-03
3716.80 2.05459e-03
3718.70 1.99964e-03
3720.60 1.93753e-03
3722.50 1.86165e-03
3724.30 1.80414e-03
3726.20 1.74543e-03
3728.10 1.70538e-03
3730.00 1.65769e-03
3730.68 1.65094e-03
3731.80 1.65001e-03
3733.70 1.65137e-03
3735.60 1.65282e-03
3737.50 1.65750e-03
3739.30 1.69220e-03
3741.20 1.71957e-03
3743.10 1.74388e-03
3745.00 1.78385e-03
3746.80 1.83222e-03
3748.70 1.89512e-03
3749.33 1.91371e-03
3750.00 1.93158e-03
3750.60 1.94679e-03
3752.50 1.99901e-03
3754.30 2.06223e-03
3756.20 2.11616e-03
3758.10 2.15541e-03
3760.00 2.21490e-03
3761.80 2.24161e-03
3763.70 2.26707e-03
3765.60 2.33932e-03
3767.50 2.36445e-03
3768.08 2.37667e-03
3769.30 2.40238e-03
3770.00 2.40454e-03
3771.20 2.40228e-03
3773.10 2.43667e-03
3775.00 2.45697e-03
3776.80 2.43612e-03
3778.70 2.48455e-03
3780.60 2.49236e-03
3782.50 2.47560e-03
3784.30 2.50076e-03
3786.20 2.53058e-03
3786.92 2.52330e-03
3788.10 2.51130e-03
3790.00 2.54187e-03
3791.80 2.54349e-03
3793.70 2.59599e-03
3795.60 2.58774e-03
3797.50 2.60576e-03
3799.30 2.60644e-03
3801.20 2.61473e-03
3803.10 2.64700e-03
3805.00 2.60149e-03
3805.85 2.59102e-03
3806.80 2.58742e-03
3808.70 2.55653e-03
3810.00 2.50366e-03
3810.60 2.47771e-03
3812.50 2.40414e-03
3814.30 2.29945e-03
3816.20 2.16178e-03
3818.10 2.06134e-03
3820.00 1.94132e-03
3821.80 1.85320e-03
3823.70 1.72862e-03
3824.88 1.68036e-03
3825.60 1.65182e-03
3827.50 1.56074e-03
3829.30 1.53399e-03
3830.00 1.52054e-03
3831.20 1.49873e-03
3833.10 1.50814e-03
3835.00 1.54141e-03
3836.80 1.58756e-03
3838.70 1.64258e-03
3840.60 1.71264e-03
3842.50 1.79592e-03
3844.01 1.87112e-03
3844.30 1.88222e-03
3846.20 1.92534e-03
3848.10 2.00120e-03
3850.00 2.05556e-03
3851.80 2.10437e-03
3853.70 2.11103e-03
3855.60 2.12304e-03
3857.50 2.12882e-03
3859.30 2.11697e-03
3861.20 2.10960e-03
3863.10 2.08096e-03
3863.23 2.07924e-03
3865.00 2.06618e-03
3866.80 2.05873e-03
3868.70 2.03127e-03
3870.00 2.03105e-03
3870.60 2.03341e-03
3872.50 2.03865e-03
3874.30 2.05334e-03
3876.20 2.04155e-03
3878.10 2.07868e-03
3880.00 2.11830e-03
3881.80 2.15994e-03
3882.54 2.16675e-03
3883.70 2.17860e-03
3885.60 2.24291e-03
3887.50 2.31414e-03
3889.30 2.40206e-03
3890.00 2.42969e-03
3891.20 2.47536e-03
3893.10 2.57652e-03
3895.00 2.68195e-03
3896.80 2.78567e-03
3898.70 2.85030e-03
3900.60 2.93328e-03
3901.96 2.97877e-03
3902.50 2.99319e-03
3904.30 3.03271e-03
3906.20 3.04716e-03
3908.10 3.00910e-03
3910.00 2.95818e-03
3911.80 2.89940e-03
3913.70 2.76108e-03
3915.60 2.62548e-03
3917.50 2.46515e-03
3919.30 2.27895e-03
3921.20 2.12030e-03
3921.46 2.10056e-03
3923.10 1.98156e-03
3925.00 1.84174e-03
3926.80 1.73022e-03
3928.70 1.69206e-03
3930.00 1.68248e-03
3930.60 1.68501e-03
3932.50 1.73971e-03
3934.30 1.84546e-03
3936.20 1.97971e-03
3938.10 2.16321e-03
3940.00 2.35833e-03
3941.07 2.47319e-03
3941.80 2.55075e-03
3943.70 2.72953e-03
3945.60 2.87161e-03
3947.50 3.04910e-03
3949.30 3.13030e-03
3950.00 3.16262e-03
3951.20 3.19956e-03
3953.10 3.14362e-03
3955.00 3.07764e-03
3956.80 3.00234e-03
3958.70 2.87059e-03
3960.60 2.75022e-03
3960.78 2.73746e-03
3962.50 2.60955e-03
3964.30 2.51153e-03
3966.20 2.41992e-03
3968.10 2.39084e-03
3970.00 2.41488e-03
3971.80 2.51270e-03
3973.70 2.66167e-03
3975.60 2.91196e-03
3977.50 3.17413e-03
3979.30 3.43468e-03
3980.58 3.65409e-03
3981.20 3.76384e-03
3983.10 4.09018e-03
3985.00 4.43167e-03
3986.80 4.75620e-03
3988.70 5.07137e-03
3990.00 5.23904e-03
3990.60 5.30942e-03
3992.50 5.53116e-03
3994.30 5.69617e-03
3996.20 5.80573e-03
3998.10 5.91447e-03
4000.00 5.94824e-03
4000.48 5.95530e-03
4001.80 5.97598e-03
4003.70 5.98482e-03
4005.60 5.98692e-03
4007.50 5.99455e-03
4009.30 6.04633e-03
4010.00 6.06102e-03
4011.20 6.06612e-03
4013.10 6.03320e-03
4015.00 6.02840e-03
4016.80 6.08542e-03
4018.70 6.11261e-03
4020.49 6.11832e-03
4020.60 6.12003e-03
4022.50 6.17266e-03
4024.30 6.20074e-03
4026.20 6.21891e-03
4028.10 6.28898e-03
4030.00 6.28420e-03
4031.80 6.26725e-03
4033.70 6.35955e-03
4035.60 6.34125e-03
4037.50 6.34324e-03
4039.30 6.35411e-03
4040.59 6.35255e-03
4041.20 6.34615e-03
4043.10 6.31678e-03
4045.00 6.32845e-03
4046.80 6.31016e-03
4048.70 6.27047e-03
4050.00 6.26487e-03
4050.60 6.26384e-03
4052.50 6.23759e-03
4054.30 6.19399e-03
4056.20 6.20251e-03
4058.10 6.18255e-03
4060.00 6.14729e-03
4060.79 6.15506e-03
4061.80 6.16997e-03
4063.70 6.15976e-03
4065.60 6.15471e-03
4067.50 6.16317e-03
4069.30 6.23064e-03
4070.00 6.25251e-03
4071.20 6.28204e-03
4073.10 6.35092e-03
4075.00 6.46748e-03
4076.80 6.56488e-03
4078.70 6.72482e-03
4080.60 6.79558e-03
4081.10 6.82856e-03
4082.50 6.94176e-03
4084.30 7.01242e-03
4086.20 7.08675e-03
4088.10 7.19644e-03
4090.00 7.25823e-03
4091.80 7.25142e-03
4093.70 7.28308e-03
4095.60 7.32693e-03
4097.50 7.31209e-03
4099.30 7.25701e-03
4101.20 7.22610e-03
4101.50 7.22299e-03
4103.10 7.19818e-03
4105.00 7.13860e-03
4106.80 7.10546e-03
4108.70 7.08869e-03
4110.00 7.05924e-03
4110.60 7.04405e-03
4112.50 7.01595e-03
4114.30 7.02152e-03
4116.20 7.01767e-03
4118.10 7.04675e-03
4120.00 7.08174e-03
4121.80 7.03645e-03
4122.01 7.03678e-03
4123.70 7.07320e-03
4125.60 7.06825e-03
4127.50 7.15536e-03
4129.30 7.17248e-03
4130.00 7.17485e-03
4131.20 7.17585e-03
4133.10 7.14841e-03
4135.00 7.15496e-03
4136.80 7.21544e-03
4138.70 7.17805e-03
4140.60 7.17792e-03
4142.50 7.14622e-03
4142.62 7.14831e-03
4144.30 7.20638e-03
4146.20 7.17188e-03
4148.10 7.21057e-03
4150.00 7.26810e-03
4151.80 7.26331e-03
4153.70 7.29997e-03
4155.60 7.39373e-03
4157.50 7.41574e-03
4159.30 7.45409e-03
4161.20 7.49062e-03
4163.10 7.52365e-03
4163.33 7.53118e-03
4165.00 7.59063e-03
4166.80 7.61816e-03
4168.70 7.66474e-03
4170.00 7.63793e-03
4170.60 7.63648e-03
4172.50 7.72010e-03
4174.30 7.69804e-03
4176.20 7.70461e-03
4178.10 7.71646e-03
4180.00 7.76927e-03
4181.80 7.74900e-03
4183.70 7.78102e-03
4184.15 7.78536e-03
4185.60 7.79519e-03
4187.50 7.82424e-03
4189.30 7.79724e-03
4190.00 7.84740e-03
4191.20 7.97160e-03
4193.10 8.04038e-03
4195.00 8.06171e-03
4196.80 8.20795e-03
4198.70 8.31360e-03
4200.60 8.44372e-03
4202.50 8.54360e-03
4204.30 8.65158e-03
4205.07 8.70398e-03
4206.20 8.78723e-03
4208.10 8.90430e-03
4210.00 8.92068e-03
4211.80 9.04896e-03
4213.70 9.11262e-03
4215.60 9.19031e-03
4217.50 9.26816e-03
4219.30 9.31627e-03
4221.20 9.35892e-03
4223.10 9.35741e-03
4225.00 9.41678e-03
4226.10 9.47154e-03
4226.80 9.49823e-03
4228.70 9.54172e-03
4230.00 9.63306e-03
4230.60 9.67450e-03
4232.50 9.73366e-03
4234.30 9.81054e-03
4236.20 9.97738e-03
4238.10 1.00855e-02
4240.00 1.02108e-02
4241.80 1.03223e-02
4243.70 1.04120e-02
4245.60 1.05313e-02
4247.23 1.06473e-02
4247.50 1.06598e-02
4249.30 1.07007e-02
4250.00 1.07356e-02
4251.20 1.07921e-02
4253.10 1.07796e-02
4255.00 1.08099e-02
4256.80 1.08158e-02
4258.70 1.07870e-02
4260.60 1.07304e-02
4262.50 1.07379e-02
4264.30 1.06629e-02
4266.20 1.06372e-02
4268.10 1.05624e-02
4268.46 1.05615e-02
4270.00 1.05748e-02
4271.80 1.05089e-02
4273.70 1.05314e-02
4275.60 1.04536e-02
4277.50 1.04765e-02
4279.30 1.03834e-02
4281.20 1.03056e-02
4283.10 1.02469e-02
4285.00 1.01231e-02
4286.80 1.00335e-02
4288.70 9.83038e-03
4289.80 9.67745e-03
4290.00 9.65084e-03
4290.60 9.57473e-03
4292.50 9.35821e-03
4294.30 9.07237e-03
4296.20 8.82010e-03
4298.10 8.50624e-03
4300.00 8.26306e-03
4301.80 7.99138e-03
4303.70 7.77632e-03
4305.60 7.66858e-03
4307.50 7.57944e-03
4309.30 7.52277e-03
4310.00 7.55313e-03
4311.20 7.64724e-03
4311.25 7.65130e-03
4313.10 7.79247e-03
4315.00 8.03059e-03
4316.80 8.23914e-03
4318.70 8.55144e-03
4320.60 8.75883e-03
4322.50 9.07790e-03
4324.30 9.18447e-03
4326.20 9.38301e-03
4328.10 9.36444e-03
4330.00 9.36965e-03
4331.80 9.30729e-03
4332.81 9.21716e-03
4333.70 9.11725e-03
4335.60 8.87599e-03
4337.50 8.58657e-03
4339.30 8.31402e-03
4341.20 7.99969e-03
4343.10 7.61468e-03
4345.00 7.34660e-03
4346.80 7.06500e-03
4348.70 6.78959e-03
4350.00 6.62078e-03
4350.60 6.55008e-03
4352.50 6.35504e-03
4354.30 6.19072e-03
4354.47 6.17706e-03
4356.20 6.05900e-03
4358.10 5.92354e-03
4360.00 5.76408e-03
4361.80 5.66712e-03
4363.70 5.51447e-03
4365.60 5.37177e-03
4367.50 5.22675e-03
4369.30 5.02029e-03
4370.00 4.94274e-03
4371.20 4.81755e-03
4373.10 4.61254e-03
4375.00 4.39911e-03
4376.25 4.25794e-03
4376.80 4.19576e-03
4378.70 3.98164e-03
4380.60 3.75317e-03
4382.50 3.54754e-03
4384.30 3.37105e-03
4386.20 3.19084e-03
4388.10 3.06992e-03
4390.00 2.87458e-03
4391.80 2.76417e-03
4393.70 2.64263e-03
4395.60 2.56725e-03
4397.50 2.47151e-03
4398.13 2.44013e-03
4399.30 2.38233e-03
4401.20 2.29758e-03
4403.10 2.26410e-03
4405.00 2.16329e-03
4406.80 2.12540e-03
4408.70 2.06998e-03
4410.00 2.00704e-03
4410.60 1.97862e-03
4412.50 1.92272e-03
4414.30 1.89559e-03
4416.20 1.80661e-03
4418.10 1.78336e-03
4420.00 1.71596e-03
4420.12 1.71168e-03
4421.80 1.65242e-03
4423.70 1.56836e-03
4425.60 1.54913e-03
4427.50 1.45317e-03
4429.30 1.40924e-03
4430.00 1.38759e-03
4431.20 1.34471e-03
4433.10 1.30765e-03
4435.00 1.27728e-03
4436.80 1.18141e-03
4438.70 1.14408e-03
4440.60 1.09882e-03
4442.22 1.06393e-03
4442.50 1.05795e-03
4444.30 1.01823e-03
4446.20 9.85377e-04
4448.10 9.39961e-04
4450.00 8.77788e-04
4451.80 8.67243e-04
4453.70 8.28384e-04
4455.60 8.31842e-04
4457.50 7.75230e-04
4459.30 7.33334e-04
4461.20 7.61804e-04
4463.10 7.07290e-04
4464.43 6.96079e-04
4465.00 6.92691e-04
4466.80 6.61701e-04
4468.70 6.67633e-04
4470.00 6.59824e-04
4470.60 6.48093e-04
4472.50 5.97978e-04
4474.30 5.80809e-04
4476.20 5.42881e-04
4478.10 5.47964e-04
4480.00 5.39378e-04
4481.80 5.19307e-04
4483.70 5.01655e-04
4485.60 5.10377e-04
4486.75 4.99501e-04
4487.50 4.89771e-04
4489.30 4.82851e-04
4490.00 4.84814e-04
4491.20 4.80051e-04
4493.10 4.39615e-04
4495.00 4.35312e-04
4496.80 4.34542e-04
4498.70 4.32610e-04
4500.60 4.63865e-04
4502.50 4.36490e-04
4504.30 4.10576e-04
4506.20 4.15344e-04
4508.10 3.87305e-04
4509.19 3.69215e-04
4510.00 3.62046e-04
4511.80 3.69612e-04
4513.70 3.73313e-04
4515.60 3.38228e-04
4517.50 3.32688e-04
4519.30 3.50528e-04
4521.20 3.09043e-04
4523.10 3.24241e-04
4525.00 3.30044e-04
4526.80 3.06252e-04
4528.70 3.02801e-04
4530.00 2.94531e-04
4530.60 2.90527e-04
4531.73 2.86827e-04
4532.50 2.83349e-04
4534.30 2.68386e-04
4536.20 2.63359e-04
4538.10 2.41051e-04
4540.00 2.70051e-04
4541.80 2.62052e-04
4543.70 2.73547e-04
4545.60 2.70571e-04
4547.50 2.44548e-04
4549.30 2.50070e-04
4550.00 2.49504e-04
4551.20 2.48842e-04
4553.10 2.69658e-04
4554.39 2.72051e-04
4555.00 2.65288e-04
4556.80 2.28566e-04
4558.70 2.23767e-04
4560.60 2.33466e-04
4562.50 2.40497e-04
4564.30 2.32466e-04
4566.20 2.23806e-04
4568.10 2.39167e-04
4570.00 2.18311e-04
4571.80 2.31804e-04
4573.70 2.20358e-04
4575.60 2.19838e-04
4577.16 2.25247e-04
4577.50 2.26737e-04
4579.30 2.23513e-04
4581.20 1.87212e-04
4583.10 2.19118e-04
4585.00 2.32180e-04
4586.80 1.94736e-04
4588.70 1.83576e-04
4590.00 1.85868e-04
4590.60 1.83618e-04
4592.50 1.70687e-04
4594.30 1.93294e-04
4596.20 1.66481e-04
4598.10 1.79396e-04
4600.00 1.82006e-04
4600.05 1.82130e-04
4601.80 1.82020e-04
4603.70 1.58078e-04
4605.60 2.08610e-04
4607.50 1.85642e-04
4609.30 1.94825e-04
4610.00 1.76506e-04
4611.20 1.41208e-04
4613.10 1.70064e-04
4615.00 1.78788e-04
4616.80 1.80371e-04
4618.70 1.70657e-04
4620.60 1.88781e-04
4622.50 1.78966e-04
4623.05 1.75338e-04
4624.30 1.69625e-04
4626.20 1.69511e-04
4628.10 1.86479e-04
4630.00 1.55198e-04
4631.80 1.57050e-04
4633.70 1.59268e-04
4635.60 1.69116e-04
4637.50 1.61117e-04
4639.30 1.63842e-04
4641.20 1.59512e-04
4643.10 1.55521e-04
4645.00 1.48578e-04
4646.16 1.56888e-04
4646.80 1.61833e-04
4648.70 1.61713e-04
4650.00 1.60905e-04
4650.60 1.65850e-04
4652.50 1.89999e-04
4654.30 1.60610e-04
4656.20 1.64996e-04
4658.10 1.68337e-04
4660.00 1.56815e-04
4661.80 1.59308e-04
4663.70 1.58411e-04
4665.60 1.76173e-04
4667.50 1.31630e-04
4669.30 1.55014e-04
4669.39 1.56571e-04
4670.00 1.63456e-04
4671.20 1.60366e-04
4673.10 1.36374e-04
4675.00 1.58064e-04
4676.80 1.43400e-04
4678.70 1.51393e-04
4680.60 1.29766e-04
4682.50 1.57475e-04
4684.30 1.51581e-04
4686.20 1.27867e-04
4688.10 1.34094e-04
4690.00 1.53565e-04
4691.80 1.63386e-04
4692.74 1.61498e-04
4693.70 1.61175e-04
4695.60 1.65781e-04
4697.50 1.37761e-04
4699.30 1.57974e-04
4701.20 1.35830e-04
4703.10 1.39294e-04
4705.00 1.23183e-04
4706.80 1.45633e-04
4708.70 1.58530e-04
4710.00 1.35670e-04
4710.60 1.28176e-04
4712.50 1.39674e-04
4714.30 1.31455e-04
4716.20 1.42115e-04
4716.20 1.42123e-04
4718.10 1.42095e-04
4720.00 1.60388e-04
4721.80 1.22619e-04
4723.70 1.70286e-04
4725.60 1.48408e-04
4727.50 1.29492e-04
4729.30 1.79721e-04
4730.00 1.82389e-04
4731.20 1.58551e-04
4733.10 1.22574e-04
4735.00 1.62548e-04
4736.80 1.42028e-04
4738.70 1.68918e-04
4739.79 1.75042e-04
4740.60 1.71470e-04
4742.50 1.49871e-04
4744.30 1.26723e-04
4746.20 1.65095e-04
4748.10 1.74859e-04
4750.00 1.58664e-04
4751.80 1.50933e-04
4753.70 1.42071e-04
4755.60 1.62432e-04
4757.50 1.74303e-04
4759.30 2.02434e-04
4761.20 1.87292e-04
4763.10 1.51494e-04
4763.48 1.44519e-04
4765.00 1.37572e-04
4766.80 1.79947e-04
4768.70 1.72800e-04
4770.00 1.77346e-04
4770.60 1.76627e-04
4772.50 1.53610e-04
4774.30 1.84265e-04
4776.20 1.95034e-04
4778.10 1.41514e-04
4780.00 1.54996e-04
4781.80 1.72027e-04
4783.70 1.85637e-04
4785.60 1.89175e-04
4787.30 1.67270e-04
4787.50 1.69525e-04
4789.30 2.20910e-04
4790.00 2.10470e-04
4791.20 1.74341e-04
4793.10 1.81302e-04
4795.00 1.59982e-04
4796.80 1.61126e-04
4798.70 1.91597e-04
4800.60 2.12543e-04
4802.50 1.84906e-04
4804.30 1.89845e-04
4806.20 1.94204e-04
4808.10 1.96237e-04
4810.00 1.93379e-04
4811.24 1.95178e-04
4811.80 1.96736e-04
4813.70 1.98431e-04
4815.60 2.02142e-04
4817.50 2.36786e-04
4819.30 1.97294e-04
4821.20 2.13636e-04
4823.10 2.35742e-04
4825.00 2.27022e-04
4826.80 1.92359e-04
4828.70 2.26407e-04
4830.00 2.26579e-04
4830.60 2.24147e-04
4832.50 2.39286e-04
4834.30 2.48460e-04
4835.29 2.39967e-04
4836.20 2.36069e-04
4838.10 2.53535e-04
4840.00 2.22518e-04
4841.80 2.03740e-04
4843.70 2.27418e-04
4845.60 2.17500e-04
4847.50 2.45155e-04
4849.30 2.26303e-04
4850.00 2.25702e-04
4851.20 2.30381e-04
4853.10 2.17901e-04
4855.00 2.25677e-04
4856.80 2.30794e-04
4858.70 1.94283e-04
4859.47 2.09373e-04
4860.60 2.40044e-04
4862.50 2.26996e-04
4864.30 2.29021e-04
4866.20 2.35686e-04
4868.10 2.22939e-04
4870.00 2.29279e-04
4871.80 2.22669e-04
4873.70 2.13739e-04
4875.60 2.16569e-04
4877.50 2.33411e-04
4879.30 2.52896e-04
4881.20 2.39105e-04
4883.10 2.54875e-04
4883.77 2.62087e-04
4885.00 2.65077e-04
4886.80 2.54410e-04
4888.70 2.92471e-04
4890.00 2.93047e-04
4890.60 2.89015e-04
4892.50 2.83446e-04
4894.30 2.67551e-04
4896.20 2.64363e-04
4898.10 2.68166e-04
4900.00 2.76776e-04
4901.80 2.65122e-04
4903.70 2.74924e-04
4905.60 2.76414e-04
4907.50 2.81949e-04
4908.19 2.87073e-04
4909.30 2.90809e-04
4910.00 2.85963e-04
4911.20 2.76883e-04
4913.10 2.84917e-04
4915.00 2.76301e-04
4916.80 2.86231e-04
4918.70 2.75321e-04
4920.60 2.95030e-04
4922.50 2.88205e-04
4924.30 2.88971e-04
4926.20 2.73694e-04
4928.10 2.68376e-04
4930.00 2.88037e-04
4931.80 2.81710e-04
4932.73 2.77639e-04
4933.70 2.75268e-04
4935.60 2.74207e-04
4937.50 2.76630e-04
4939.30 2.65295e-04
4941.20 2.86418e-04
4943.10 3.06002e-04
4945.00 3.00852e-04
4946.80 2.81136e-04
4948.70 2.99091e-04
4950.00 3.27276e-04
4950.60 3.30836e-04
4952.50 2.94028e-04
4954.30 2.95551e-04
4956.20 3.01839e-04
4957.39 3.24623e-04
4958.10 3.26251e-04
4960.00 2.71198e-04
4961.80 3.00793e-04
4963.70 3.14954e-04
4965.60 3.00124e-04
4967.50 3.03364e-04
4969.30 3.02499e-04
4970.00 3.09496e-04
4971.20 3.17708e-04
4973.10 2.90703e-04
4975.00 2.94854e-04
4976.80 3.15003e-04
4978.70 3.04465e-04
4980.60 3.13777e-04
4982.18 3.16772e-04
4982.50 3.14734e-04
4984.30 2.86102e-04
4986.20 2.53229e-04
4988.10 2.67564e-04
4990.00 2.97751e-04
4991.80 2.64987e-04
4993.70 2.96150e-04
4995.60 3.05126e-04
4997.50 2.99132e-04
4999.30 2.62166e-04
5001.20 2.79085e-04
5003.10 3.04670e-04
5005.00 2.84450e-04
5006.80 3.09763e-04
5007.09 3.11035e-04
5008.70 2.96273e-04
5010.00 2.86074e-04
5010.60 2.84877e-04
5012.50 2.91084e-04
5014.30 2.91485e-04
5016.20 2.78499e-04
5018.10 2.90830e-04
5020.00 2.82600e-04
5021.80 2.74138e-04
5023.70 2.81440e-04
5025.60 2.99525e-04
5027.50 2.87218e-04
5029.30 3.13901e-04
5030.00 3.31476e-04
5031.20 3.39460e-04
5032.12 3.09833e-04
5033.10 2.80771e-04
5035.00 3.13733e-04
5036.80 3.17135e-04
5038.70 2.84076e-04
5040.60 2.81752e-04
5042.50 2.60667e-04
5044.30 3.03892e-04
5046.20 3.08274e-04
5048.10 2.89761e-04
5050.00 3.08975e-04
5051.80 3.15758e-04
5053.70 3.02215e-04
5055.60 3.11589e-04
5057.29 3.08552e-04
5057.50 3.08155e-04
5059.30 3.14256e-04
5061.20 3.27807e-04
5063.10 3.18219e-04
5065.00 2.84236e-04
5066.80 3.05420e-04
5068.70 2.86111e-04
5070.00 3.04384e-04
5070.60 3.11041e-04
5072.50 2.96714e-04
5074.30 3.18058e-04
5076.20 2.97510e-04
5078.10 3.21320e-04
5080.00 2.93850e-04
5081.80 2.96222e-04
5082.57 2.88483e-04
5083.70 2.75690e-04
5085.60 2.90708e-04
5087.50 3.03354e-04
5089.30 3.17741e-04
5090.00 3.24308e-04
5091.20 3.22622e-04
5093.10 2.90591e-04
5095.00 3.22917e-04
5096.80 2.94642e-04
5098.70 3.29182e-04
5100.60 3.31832e-04
5102.50 3.19794e-04
5104.30 3.14747e-04
5106.20 3.44785e-04
5107.98 3.37817e-04
5108.10 3.36539e-04
5110.00 3.20142e-04
5111.80 3.22658e-04
5113.70 3.24411e-04
5115.60 3.13557e-04
5117.50 3.27074e-04
5119.30 3.25272e-04
5121.20 3.19845e-04
5123.10 3.50339e-04
5125.00 3.12384e-04
5126.80 3.24146e-04
5128.70 3.47711e-04
5130.00 3.49344e-04
5130.60 3.50603e-04
5132.50 3.63114e-04
5133.52 3.59599e-04
5134.30 3.56543e-04
5136.20 3.56186e-04
5138.10 3.39959e-04
5140.00 3.90276e-04
5141.80 3.69419e-04
5143.70 3.37535e-04
5145.60 3.46401e-04
5147.50 3.67833e-04
5149.30 3.42735e-04
5150.00 3.56955e-04
5151.20 3.85510e-04
5153.10 3.63609e-04
5155.00 3.97221e-04
5156.80 3.41820e-04
5158.70 3.79764e-04
5159.19 3.87925e-04
5160.60 3.81505e-04
5162.50 3.51036e-04
5164.30 3.75000e-04
5166.20 3.59407e-04
5168.10 3.73231e-04
5170.00 3.87915e-04
5171.80 3.73923e-04
5173.70 3.73381e-04
5175.60 3.91210e-04
5177.50 3.71692e-04
5179.30 3.99252e-04
5181.20 3.96274e-04
5183.10 4.01868e-04
5184.99 3.94142e-04
5185.00 3.94169e-04
5186.80 4.07830e-04
5188.70 3.99614e-04
5190.00 4.03899e-04
5190.60 4.07862e-04
5192.50 4.17983e-04
5194.30 4.39567e-04
5196.20 4.65492e-04
5198.10 4.33559e-04
5200.00 4.66866e-04
5201.80 4.62445e-04
5203.70 4.81917e-04
5205.60 4.88812e-04
5207.50 4.78138e-04
5209.30 4.91111e-04
5210.00 5.08411e-04
5210.91 5.24375e-04
5211.20 5.23843e-04
5213.10 4.82265e-04
5215.00 5.31064e-04
5216.80 5.29601e-04
5218.70 5.15537e-04
5220.60 5.31418e-04
5222.50 5.46667e-04
5224.30 5.51513e-04
5226.20 5.24341e-04
5228.10 5.35605e-04
5230.00 5.78649e-04
5231.80 5.78389e-04
5233.70 5.91255e-04
5235.60 5.99327e-04
5236.97 5.77423e-04
5237.50 5.72445e-04
5239.30 5.82635e-04
5241.20 5.58036e-04
5243.10 5.71539e-04
5245.00 5.81719e-04
5246.80 6.09935e-04
5248.70 6.09770e-04
5250.00 6.16946e-04
5250.60 6.22018e-04
5252.50 6.31452e-04
5254.30 6.22072e-04
5256.20 5.92661e-04
5258.10 5.99336e-04
5260.00 5.62799e-04
5261.80 5.63474e-04
5263.15 5.77812e-04
5263.70 5.78008e-04
5265.60 5.55277e-04
5267.50 5.65920e-04
5269.30 5.47013e-04
5270.00 5.48455e-04
5271.20 5.56761e-04
5273.10 5.52631e-04
5275.00 5.75908e-04
5276.80 5.82191e-04
5278.70 5.84516e-04
5280.60 5.89113e-04
5282.50 6.05445e-04
5284.30 6.00446e-04
5286.20 6.57845e-04
5288.10 6.35722e-04
5289.47 6.13956e-04
5290.00 6.16587e-04
5291.80 6.52780e-04
5293.70 6.29255e-04
5295.60 6.88123e-04
5297.50 6.65719e-04
5299.30 6.80769e-04
5301.20 6.95480e-04
5303.10 6.83282e-04
5305.00 6.78092e-04
5306.80 7.10340e-04
5308.70 6.72903e-04
5310.00 6.82472e-04
5310.60 6.84984e-04
5312.50 6.58415e-04
5314.30 6.90056e-04
5315.92 6.55949e-04
5316.20 6.49864e-04
5318.10 6.46808e-04
5320.00 6.30405e-04
5321.80 5.99957e-04
5323.70 6.26918e-04
5325.60 6.33997e-04
5327.50 6.20845e-04
5329.30 5.88587e-04
5330.00 5.83385e-04
5331.20 5.89305e-04
5333.10 6.04788e-04
5335.00 5.79876e-04
5336.80 6.28050e-04
5338.70 6.00099e-04
5340.60 6.17376e-04
5342.50 6.49143e-04
5342.50 6.49136e-04
5344.30 6.28028e-04
5346.20 6.45175e-04
5348.10 6.39448e-04
5350.00 6.62123e-04
5351.80 6.21274e-04
5353.70 6.22557e-04
5355.60 6.34813e-04
5357.50 6.50941e-04
5359.30 6.33283e-04
5361.20 6.22253e-04
5363.10 6.11438e-04
5365.00 6.37381e-04
5366.80 6.07506e-04
5368.70 6.20175e-04
5369.21 6.20618e-04
5370.00 6.13803e-04
5370.60 6.04367e-04
5372.50 5.78863e-04
5374.30 5.93292e-04
5376.20 5.87310e-04
5378.10 6.37210e-04
5380.00 5.95374e-04
5381.80 6.00343e-04
5383.70 5.96428e-04
5385.60 5.84105e-04
5387.50 5.72788e-04
5389.30 6.13327e-04
5390.00 6.07868e-04
5391.20 5.83021e-04
5393.10 5.79472e-04
5395.00 5.67892e-04
5396.05 5.67739e-04
5396.80 5.66525e-04
5398.70 5.47608e-04
5400.60 5.49248e-04
5402.50 5.62601e-04
5404.30 5.32871e-04
5406.20 5.17937e-04
5408.10 5.27350e-04
5410.00 5.33126e-04
5411.80 5.25680e-04
5413.70 5.13956e-04
5415.60 5.27271e-04
5417.50 5.06937e-04
5419.30 5.18321e-04
5421.20 5.15699e-04
5423.03 5.30475e-04
5423.10 5.31154e-04
5425.00 5.38396e-04
5426.80 5.21345e-04
5428.70 5.24163e-04
5430.00 4.97948e-04
5430.60 4.91766e-04
5432.50 5.21975e-04
5434.30 5.07724e-04
5436.20 5.14966e-04
5438.10 5.24597e-04
5440.00 5.63012e-04
5441.80 5.60575e-04
5443.70 5.05079e-04
5445.60 4.97967e-04
5447.50 5.19893e-04
5449.30 4.81965e-04
5450.00 4.84840e-04
5450.15 4.86869e-04
5451.20 4.99200e-04
5453.10 4.80141e-04
5455.00 4.98288e-04
5456.80 4.99706e-04
5458.70 5.28569e-04
5460.60 4.82172e-04
5462.50 4.88258e-04
5464.30 4.77929e-04
5466.20 4.89342e-04
5468.10 4.83174e-04
5470.00 4.73050e-04
5471.80 4.61524e-04
5473.70 4.78301e-04
5475.60 4.98013e-04
5477.40 4.79450e-04
5477.50 4.79228e-04
5479.30 4.92415e-04
5481.20 4.79837e-04
5483.10 4.96535e-04
5485.00 4.74343e-04
5486.80 4.68642e-04
5488.70 4.82636e-04
5490.00 4.78130e-04
5490.60 4.75029e-04
5492.50 4.85504e-04
5494.30 5.11059e-04
5496.20 4.74182e-04
5498.10 4.95335e-04
5500.00 4.92001e-04
5501.80 4.61829e-04
5503.70 4.96005e-04
5504.79 5.03914e-04
5505.60 5.06391e-04
5507.50 5.20359e-04
5509.30 4.97482e-04
5510.00 4.84521e-04
5511.20 4.70155e-04
5513.10 4.90591e-04
5515.00 5.36771e-04
5516.80 5.20912e-04
5518.70 5.33506e-04
5520.60 5.39389e-04
5522.50 5.22976e-04
5524.30 5.26824e-04
5526.20 5.57551e-04
5528.10 5.43346e-04
5530.00 5.65408e-04
5531.80 5.44655e-04
5532.31 5.51855e-04
5533.70 5.80016e-04
5535.60 5.52306e-04
5537.50 5.72963e-04
5539.30 5.71925e-04
5541.20 6.12243e-04
5543.10 5.92992e-04
5545.00 6.01834e-04
5546.80 6.21038e-04
5548.70 5.96036e-04
5550.00 6.28020e-04
5550.60 6.45223e-04
5552.50 6.51699e-04
5554.30 6.42321e-04
5556.20 6.53608e-04
5558.10 6.43087e-04
5559.97 6.61153e-04
5560.00 6.61079e-04
5561.80 6.41390e-04
5563.70 6.71231e-04
5565.60 6.51090e-04
5567.50 6.55053e-04
5569.30 6.97357e-04
5570.00 7.01816e-04
5571.20 6.93296e-04
5573.10 6.77069e-04
5575.00 6.78599e-04
5576.80 6.81617e-04
5578.70 6.93900e-04
5580.60 7.02881e-04
5582.50 7.10401e-04
5584.30 7.16911e-04
5586.20 7.53623e-04
5587.77 7.35821e-04
5588.10 7.32065e-04
5590.00 7.42650e-04
5591.80 7.64324e-04
5593.70 7.76620e-04
5595.60 7.34918e-04
5597.50 7.55202e-04
5599.30 7.88681e-04
5601.20 8.02631e-04
5603.10 8.16507e-04
5605.00 8.28213e-04
5606.80 8.74167e-04
5608.70 8.51687e-04
5610.00 8.56539e-04
5610.60 8.63732e-04
5612.50 8.78076e-04
5614.30 8.80475e-04
5615.71 8.71698e-04
5616.20 8.74368e-04
5618.10 9.23164e-04
5620.00 9.47078e-04
5621.80 9.32200e-04
5623.70 9.24175e-04
5625.60 9.46307e-04
5627.50 9.67556e-04
5629.30 9.89076e-04
5630.00 9.92675e-04
5631.20 9.86966e-04
5633.10 9.71069e-04
5635.00 1.01413e-03
5636.80 9.98837e-04
5638.70 1.00427e-03
5640.60 1.00663e-03
5642.50 1.04834e-03
5643.79 1.05515e-03
5644.30 1.04969e-03
5646.20 1.03526e-03
5648.10 1.09721e-03
5650.00 1.03960e-03
5651.80 1.07608e-03
5653.70 1.07933e-03
5655.60 1.08261e-03
5657.50 1.07224e-03
5659.30 1.08564e-03
5661.20 1.11597e-03
5663.10 1.11230e-03
5665.00 1.11071e-03
5666.80 1.11825e-03
5668.70 1.10250e-03
5670.00 1.11008e-03
5670.60 1.11577e-03
5672.01 1.12232e-03
5672.50 1.12369e-03
5674.30 1.14094e-03
5676.20 1.18114e-03
5678.10 1.16162e-03
5680.00 1.16228e-03
5681.80 1.13750e-03
5683.70 1.20947e-03
5685.60 1.17476e-03
5687.50 1.20275e-03
5689.30 1.19694e-03
5690.00 1.18518e-03
5691.20 1.18388e-03
5693.10 1.24983e-03
5695.00 1.23256e-03
5696.80 1.20560e-03
5698.70 1.22361e-03
5700.37 1.21187e-03
5700.60 1.21145e-03
5702.50 1.22818e-03
5704.30 1.21660e-03
5706.20 1.22301e-03
5708.10 1.23853e-03
5710.00 1.24607e-03
5711.80 1.25947e-03
5713.70 1.28155e-03
5715.60 1.25049e-03
5717.50 1.30835e-03
5719.30 1.33144e-03
5721.20 1.34352e-03
5723.10 1.30929e-03
5725.00 1.35037e-03
5726.80 1.32410e-03
5728.70 1.35869e-03
5728.87 1.36219e-03
5730.00 1.37199e-03
5730.60 1.36651e-03
5732.50 1.34953e-03
5734.30 1.42484e-03
5736.20 1.37036e-03
5738.10 1.38269e-03
5740.00 1.33846e-03
5741.80 1.36790e-03
5743.70 1.38524e-03
5745.60 1.30602e-03
5747.50 1.37067e-03
5749.30 1.36226e-03
5750.00 1.34253e-03
5751.20 1.32004e-03
5753.10 1.34437e-03
5755.00 1.34034e-03
5756.80 1.32519e-03
5757.52 1.35351e-03
5758.70 1.38887e-03
5760.60 1.30630e-03
5762.50 1.34603e-03
5764.30 1.37333e-03
5766.20 1.36983e-03
5768.10 1.37757e-03
5770.00 1.35135e-03
5771.80 1.38614e-03
5773.70 1.36033e-03
5775.60 1.33538e-03
5777.50 1.35018e-03
5779.30 1.34039e-03
5781.20 1.30234e-03
5783.10 1.30934e-03
5785.00 1.27811e-03
5786.30 1.25573e-03
5786.80 1.25661e-03
5788.70 1.29504e-03
5790.00 1.28209e-03
5790.60 1.27270e-03
5792.50 1.26557e-03
5794.30 1.25146e-03
5796.20 1.27964e-03
5798.10 1.26760e-03
5800.00 1.23068e-03
5801.80 1.21578e-03
5803.70 1.18896e-03
5805.60 1.23861e-03
5807.50 1.21736e-03
5809.30 1.22510e-03
5810.00 1.22580e-03
5811.20 1.21756e-03
5813.10 1.20189e-03
5815.00 1.20197e-03
5815.23 1.20054e-03
5816.80 1.18034e-03
5818.70 1.16926e-03
5820.60 1.20519e-03
5822.50 1.18275e-03
5824.30 1.15661e-03
5826.20 1.15736e-03
5828.10 1.11773e-03
5830.00 1.12812e-03
5831.80 1.14383e-03
5833.70 1.09747e-03
5835.60 1.11596e-03
5837.50 1.11491e-03
5839.30 1.09306e-03
5841.20 1.04684e-03
5843.10 1.04795e-03
5844.31 1.05833e-03
5845.00 1.06381e-03
5846.80 1.05823e-03
5848.70 1.00850e-03
5850.00 1.03015e-03
5850.60 1.04123e-03
5852.50 1.02115e-03
5854.30 1.00512e-03
5856.20 1.01121e-03
5858.10 1.00011e-03
5860.00 1.01859e-03
5861.80 9.78489e-04
5863.70 1.01213e-03
5865.60 9.38848e-04
5867.50 9.97550e-04
5869.30 9.80092e-04
5870.00 9.77158e-04
5871.20 9.72694e-04
5873.10 9.28459e-04
5873.53 9.28329e-04
5875.00 9.42327e-04
5876.80 9.24038e-04
5878.70 9.44959e-04
5880.60 9.12274e-04
5882.50 8.75904e-04
5884.30 8.83426e-04
5886.20 8.77236e-04
5888.10 8.80598e-04
5890.00 8.86873e-04
5891.80 9.01057e-04
5893.70 8.97704e-04
5895.60 8.80783e-04
5897.50 9.00607e-04
5899.30 9.28673e-04
5901.20 8.88198e-04
5902.90 9.13297e-04
5903.10 9.18440e-04
5905.00 9.48002e-04
5906.80 9.48775e-04
5908.70 9.84785e-04
5910.00 9.74068e-04
5910.60 9.67946e-04
5912.50 9.77741e-04
5914.30 9.81467e-04
5916.20 1.02107e-03
5918.10 9.84217e-04
5920.00 1.00653e-03
5921.80 1.03472e-03
5923.70 1.02569e-03
5925.60 1.04548e-03
5927.50 1.04667e-03
5929.30 1.10617e-03
5930.00 1.12213e-03
5931.20 1.12342e-03
5932.41 1.10079e-03
5933.10 1.09534e-03
5935.00 1.13187e-03
5936.80 1.12900e-03
5938.70 1.13628e-03
5940.60 1.18293e-03
5942.50 1.19417e-03
5944.30 1.18944e-03
5946.20 1.22254e-03
5948.10 1.22595e-03
5950.00 1.26083e-03
5951.80 1.25248e-03
5953.70 1.30431e-03
5955.60 1.32204e-03
5957.50 1.33224e-03
5959.30 1.32856e-03
5961.20 1.34022e-03
5962.08 1.38038e-03
5963.10 1.41886e-03
5965.00 1.40035e-03
5966.80 1.44938e-03
5968.70 1.46187e-03
5970.00 1.46143e-03
5970.60 1.45761e-03
5972.50 1.44883e-03
5974.30 1.51007e-03
5976.20 1.50746e-03
5978.10 1.53594e-03
5980.00 1.51302e-03
5981.80 1.56821e-03
5983.70 1.59403e-03
5985.60 1.62496e-03
5987.50 1.61428e-03
5989.30 1.63388e-03
5990.00 1.64925e-03
5991.20 1.66207e-03
5991.89 1.65241e-03
5993.10 1.63519e-03
5995.00 1.68194e-03
5996.80 1.71694e-03
5998.70 1.71630e-03
6000.60 1.72680e-03
6002.50 1.73344e-03
6004.30 1.74350e-03
6006.20 1.80387e-03
6008.10 1.77692e-03
6010.00 1.79132e-03
6011.80 1.81284e-03
6013.70 1.84664e-03
6015.60 1.87765e-03
6017.50 1.87653e-03
6019.30 1.87915e-03
6021.20 1.89400e-03
6021.85 1.91868e-03
6023.10 1.97072e-03
6025.00 1.96966e-03
6026.80 1.94094e-03
6028.70 2.00011e-03
6030.00 2.00701e-03
6030.60 2.00700e-03
6032.50 2.02792e-03
6034.30 2.02596e-03
6036.20 2.07555e-03
6038.10 2.11446e-03
6040.00 2.10560e-03
6041.80 2.12914e-03
6043.70 2.13924e-03
6045.60 2.19920e-03
6047.50 2.19988e-03
6049.30 2.17970e-03
6050.00 2.19915e-03
6051.20 2.23932e-03
6051.96 2.24167e-03
6053.10 2.22297e-03
6055.00 2.21919e-03
6056.80 2.27866e-03
6058.70 2.29942e-03
6060.60 2.26565e-03
6062.50 2.31323e-03
6064.30 2.35123e-03
6066.20 2.35411e-03
6068.10 2.38784e-03
6070.00 2.33821e-03
6071.80 2.36164e-03
6073.70 2.34965e-03
6075.60 2.35360e-03
6077.50 2.32816e-03
6079.30 2.37267e-03
6081.20 2.41500e-03
6082.21 2.42324e-03
6083.10 2.42197e-03
6085.00 2.39677e-03
6086.80 2.37825e-03
6088.70 2.41150e-03
6090.00 2.40475e-03
6090.60 2.40107e-03
6092.50 2.41524e-03
6094.30 2.40886e-03
6096.20 2.43011e-03
6098.10 2.43368e-03
6100.00 2.40574e-03
6101.80 2.45730e-03
6103.70 2.43774e-03
6105.60 2.47639e-03
6107.50 2.47513e-03
6109.30 2.46158e-03
6110.00 2.45886e-03
6111.20 2.45922e-03
6112.63 2.46381e-03
6113.10 2.46176e-03
6115.00 2.43286e-03
6116.80 2.42537e-03
6118.70 2.42613e-03
6120.60 2.39732e-03
6122.50 2.39139e-03
6124.30 2.42260e-03
6126.20 2.40674e-03
6128.10 2.42882e-03
6130.00 2.38631e-03
6131.80 2.38901e-03
6133.70 2.39839e-03
6135.60 2.43137e-03
6137.50 2.44891e-03
6139.30 2.42950e-03
6141.20 2.47754e-03
6143.10 2.46280e-03
6143.19 2.46221e-03
6145.00 2.46078e-03
6146.80 2.43734e-03
6148.70 2.45527e-03
6150.00 2.43000e-03
6150.60 2.42148e-03
6152.50 2.44029e-03
6154.30 2.40957e-03
6156.20 2.40016e-03
6158.10 2.38357e-03
6160.00 2.38032e-03
6161.80 2.34724e-03
6163.70 2.37327e-03
6165.60 2.31753e-03
6167.50 2.33045e-03
6169.30 2.34270e-03
6170.00 2.36725e-03
6171.20 2.39418e-03
6173.10 2.32262e-03
6173.91 2.32680e-03
6175.00 2.34381e-03
6176.80 2.30612e-03
6178.70 2.34375e-03
6180.60 2.33659e-03
6182.50 2.32590e-03
6184.30 2.32634e-03
6186.20 2.33575e-03
6188.10 2.41192e-03
6190.00 2.35947e-03
6191.80 2.39299e-03
6193.70 2.35603e-03
6195.60 2.32905e-03
6197.50 2.33995e-03
6199.30 2.33355e-03
6201.20 2.31965e-03
6203.10 2.31588e-03
6204.77 2.30620e-03
6205.00 2.30630e-03
6206.80 2.32182e-03
6208.70 2.31701e-03
6210.00 2.28740e-03
6210.60 2.27204e-03
6212.50 2.24236e-03
6214.30 2.23049e-03
6216.20 2.17177e-03
6218.10 2.14868e-03
6220.00 2.17429e-03
6221.80 2.13212e-03
6223.70 2.13990e-03
6225.60 2.07064e-03
6227.50 2.08016e-03
6229.30 2.05868e-03
6230.00 2.06235e-03
6231.20 2.06096e-03
6233.10 1.98332e-03
6235.00 1.97384e-03
6235.80 1.95506e-03
6236.80 1.93126e-03
6238.70 1.94333e-03
6240.60 1.92090e-03
6242.50 1.90305e-03
6244.30 1.89397e-03
6246.20 1.84871e-03
6248.10 1.81917e-03
6250.00 1.79362e-03
6251.80 1.80355e-03
6253.70 1.82533e-03
6255.60 1.80324e-03
6257.50 1.77898e-03
6259.30 1.80654e-03
6261.20 1.79159e-03
6263.10 1.75280e-03
6265.00 1.74473e-03
6266.80 1.72849e-03
6266.98 1.72981e-03
6268.70 1.76397e-03
6270.00 1.77118e-03
6270.60 1.76622e-03
6272.50 1.73587e-03
6274.30 1.72225e-03
6276.20 1.72582e-03
6278.10 1.74853e-03
6280.00 1.73333e-03
6281.80 1.69672e-03
6283.70 1.67431e-03
6285.60 1.70954e-03
6287.50 1.66511e-03
6289.30 1.65901e-03
6290.00 1.64321e-03
6291.20 1.60812e-03
6293.10 1.61582e-03
6295.00 1.67546e-03
6296.80 1.64910e-03
6298.31 1.63274e-03
6298.70 1.62585e-03
6300.60 1.58260e-03
6302.50 1.61387e-03
6304.30 1.58488e-03
6306.20 1.59359e-03
6308.10 1.53089e-03
6310.00 1.57933e-03
6311.80 1.55365e-03
6313.70 1.54379e-03
6315.60 1.54474e-03
6317.50 1.52273e-03
6319.30 1.51067e-03
6321.20 1.53645e-03
6323.10 1.53431e-03
6325.00 1.55600e-03
6326.80 1.53606e-03
6328.70 1.53208e-03
6329.80 1.53565e-03
6330.00 1.53602e-03
6330.60 1.53593e-03
6332.50 1.52955e-03
6334.30 1.55523e-03
6336.20 1.60687e-03
6338.10 1.56158e-03
6340.00 1.59331e-03
6341.80 1.59018e-03
6343.70 1.61371e-03
6345.60 1.54794e-03
6347.50 1.61001e-03
6349.30 1.61969e-03
6350.00 1.62125e-03
6351.20 1.62896e-03
6353.10 1.64495e-03
6355.00 1.67069e-03
6356.80 1.62776e-03
6358.70 1.67061e-03
6360.60 1.66650e-03
6361.45 1.66234e-03
6362.50 1.66389e-03
6364.30 1.68551e-03
6366.20 1.72104e-03
6368.10 1.68670e-03
6370.00 1.74270e-03
6371.80 1.77726e-03
6373.70 1.80343e-03
6375.60 1.84712e-03
6377.50 1.84877e-03
6379.30 1.86500e-03
6381.20 1.95166e-03
6383.10 1.96281e-03
6385.00 1.94463e-03
6386.80 1.99438e-03
6388.70 2.02046e-03
6390.00 2.04534e-03
6390.60 2.06259e-03
6392.50 2.11386e-03
6393.26 2.11238e-03
6394.30 2.11047e-03
6396.20 2.15915e-03
6398.10 2.17600e-03
6400.00 2.25047e-03
6401.80 2.26435e-03
6403.70 2.28950e-03
6405.60 2.24586e-03
6407.50 2.34516e-03
6409.30 2.35974e-03
6410.00 2.37862e-03
6411.20 2.42176e-03
6413.10 2.45121e-03
6415.00 2.52992e-03
6416.80 2.57706e-03
6418.70 2.65793e-03
6420.60 2.73491e-03
6422.50 2.72297e-03
6424.30 2.79645e-03
6425.23 2.81781e-03
6426.20 2.84960e-03
6428.10 2.97862e-03
6430.00 2.97877e-03
6431.80 3.04510e-03
6433.70 3.09677e-03
6435.60 3.19217e-03
6437.50 3.22338e-03
6439.30 3.31825e-03
6441.20 3.49529e-03
6443.10 3.47296e-03
6445.00 3.55846e-03
6446.80 3.60064e-03
6448.70 3.68700e-03
6450.00 3.77251e-03
6450.60 3.80164e-03
6452.50 3.86070e-03
6454.30 4.01241e-03
6456.20 4.07995e-03
6457.35 4.17159e-03
6458.10 4.23140e-03
6460.00 4.29818e-03
6461.80 4.39090e-03
6463.70 4.54260e-03
6465.60 4.66780e-03
6467.50 4.76146e-03
6469.30 4.87259e-03
6470.00 4.92854e-03
6471.20 5.01780e-03
6473.10 5.11502e-03
6475.00 5.27618e-03
6476.80 5.39531e-03
6478.70 5.52278e-03
6480.60 5.64527e-03
6482.50 5.72214e-03
6484.30 5.93812e-03
6486.20 5.96023e-03
6488.10 6.05778e-03
6489.64 6.15839e-03
6490.00 6.17824e-03
6491.80 6.26579e-03
6493.70 6.39823e-03
6495.60 6.55280e-03
6497.50 6.72687e-03
6499.30 6.88211e-03
6501.20 7.02124e-03
6503.10 7.17672e-03
6505.00 7.32277e-03
6506.80 7.66226e-03
6508.70 7.80356e-03
6510.00 7.90777e-03
6510.60 7.97581e-03
6512.50 8.21938e-03
6514.30 8.38933e-03
6516.20 8.63655e-03
6518.10 8.82281e-03
6520.00 9.07980e-03
6521.80 9.30697e-03
6522.09 9.32841e-03
6523.70 9.43705e-03
6525.60 9.69050e-03
6527.50 9.80872e-03
6529.30 1.00344e-02
6530.00 1.01298e-02
6531.20 1.02860e-02
6533.10 1.05293e-02
6535.00 1.07545e-02
6536.80 1.09873e-02
6538.70 1.12076e-02
6540.60 1.13667e-02
6542.50 1.15561e-02
6544.30 1.17764e-02
6546.20 1.18894e-02
6548.10 1.20451e-02
6550.00 1.21492e-02
6551.80 1.22505e-02
6553.70 1.22589e-02
6554.70 1.23423e-02
6555.60 1.24088e-02
6557.50 1.23543e-02
6559.30 1.23727e-02
6561.20 1.24866e-02
6563.10 1.23713e-02
6565.00 1.24139e-02
6566.80 1.25341e-02
6568.70 1.27518e-02
6570.00 1.27829e-02
6570.60 1.27941e-02
6572.50 1.29556e-02
6574.30 1.31930e-02
6576.20 1.35141e-02
6578.10 1.37716e-02
6580.00 1.40598e-02
6581.80 1.43656e-02
6583.70 1.46350e-02
6585.60 1.49215e-02
6587.47 1.52010e-02
6587.50 1.52049e-02
6589.30 1.54194e-02
6590.00 1.54876e-02
6591.20 1.55826e-02
6593.10 1.57176e-02
6595.00 1.59015e-02
6596.80 1.58706e-02
6598.70 1.59467e-02
6600.60 1.60755e-02
6602.50 1.60002e-02
6604.30 1.59714e-02
6606.20 1.59587e-02
6608.10 1.58384e-02
6610.00 1.57260e-02
6611.80 1.57232e-02
6613.70 1.56165e-02
6615.60 1.54858e-02
6617.50 1.53639e-02
6619.30 1.52292e-02
6620.41 1.52363e-02
6621.20 1.52329e-02
6623.10 1.50521e-02
6625.00 1.48969e-02
6626.80 1.47751e-02
6628.70 1.45941e-02
6630.00 1.44815e-02
6630.60 1.44298e-02
6632.50 1.42466e-02
6634.30 1.40639e-02
6636.20 1.38433e-02
6638.10 1.36341e-02
6640.00 1.34785e-02
6641.80 1.32759e-02
6643.70 1.29580e-02
6645.60 1.27985e-02
6647.50 1.25446e-02
6649.30 1.23281e-02
6650.00 1.22503e-02
6651.20 1.21019e-02
6653.10 1.17881e-02
6653.51 1.17092e-02
6655.00 1.14602e-02
6656.80 1.13085e-02
6658.70 1.10184e-02
6660.60 1.07168e-02
6662.50 1.05198e-02
6664.30 1.02719e-02
6666.20 9.98343e-03
6668.10 9.67542e-03
6670.00 9.50787e-03
6671.80 9.25865e-03
6673.70 8.97151e-03
6675.60 8.73828e-03
6677.50 8.53705e-03
6679.30 8.26199e-03
6681.20 8.07706e-03
6683.10 7.91081e-03
6685.00 7.66059e-03
6686.78 7.45667e-03
6686.80 7.45411e-03
6688.70 7.21079e-03
6690.00 7.06865e-03
6690.60 7.00887e-03
6692.50 6.78426e-03
6694.30 6.48713e-03
6696.20 6.34085e-03
6698.10 6.13629e-03
6700.00 5.84967e-03
6701.80 5.69492e-03
6703.70 5.47605e-03
6705.60 5.30154e-03
6707.50 5.08849e-03
6709.30 4.84377e-03
6710.00 4.77708e-03
6711.20 4.67856e-03
6713.10 4.48317e-03
6715.00 4.34751e-03
6716.80 4.18697e-03
6718.70 3.99320e-03
6720.21 3.88152e-03
6720.60 3.85178e-03
6722.50 3.69001e-03
6724.30 3.58519e-03
6726.20 3.41488e-03
6728.10 3.29515e-03
6730.00 3.10810e-03
6731.80 2.98465e-03
6733.70 2.78690e-03
6735.60 2.63749e-03
6737.50 2.52627e-03
6739.30 2.36247e-03
6741.20 2.25531e-03
6743.10 2.10102e-03
6745.00 2.04440e-03
6746.80 1.96556e-03
6748.70 1.84410e-03
6750.00 1.77176e-03
6750.60 1.75845e-03
6752.50 1.75183e-03
6753.81 1.62305e-03
6754.30 1.57828e-03
6756.20 1.55099e-03
6758.10 1.53044e-03
6760.00 1.38596e-03
6761.80 1.33681e-03
6763.70 1.25774e-03
6765.60 1.26161e-03
6767.50 1.22230e-03
6769.30 1.13154e-03
6770.00 1.11220e-03
6771.20 1.09182e-03
6773.10 1.04252e-03
6775.00 1.01741e-03
6776.80 9.79406e-04
6778.70 9.40575e-04
6780.60 9.32445e-04
6782.50 8.35630e-04
6784.30 8.10341e-04
6786.20 8.17956e-04
6787.58 8.25506e-04
6788.10 8.13828e-04
6790.00 7.14535e-04
6791.80 7.20357e-04
6793.70 7.06524e-04
6795.60 6.55962e-04
6797.50 6.65451e-04
6799.30 6.35719e-04
6801.20 6.18961e-04
6803.10 5.91992e-04
6805.00 5.87797e-04
6806.80 5.50951e-04
6808.70 5.37994e-04
6810.00 5.01845e-04
6810.60 4.94963e-04
6812.50 5.43123e-04
6814.30 5.18717e-04
6816.20 4.48889e-04
6818.10 4.55704e-04
6820.00 4.46586e-04
6821.52 4.29798e-04
6821.80 4.34033e-04
6823.70 4.90050e-04
6825.60 4.10288e-04
6827.50 4.13691e-04
6829.30 3.77749e-04
6830.00 3.67293e-04
6831.20 3.63161e-04
6833.10 3.69910e-04
6835.00 3.59110e-04
6836.80 3.21523e-04
6838.70 3.63005e-04
6840.60 3.03576e-04
6842.50 3.06395e-04
6844.30 3.31786e-04
6846.20 3.21507e-04
6848.10 2.88030e-04
6850.00 2.80831e-04
6851.80 2.47934e-04
6853.70 2.73648e-04
6855.60 2.90203e-04
6855.63 2.89932e-04
6857.50 2.63098e-04
6859.30 2.72707e-04
6861.20 2.30100e-04
6863.10 3.09398e-04
6865.00 2.53919e-04
6866.80 2.35726e-04
6868.70 2.81686e-04
6870.00 2.59564e-04
6870.60 2.44449e-04
6872.50 2.31229e-04
6874.30 2.20695e-04
6876.20 1.91465e-04
6878.10 1.96896e-04
6880.00 2.05809e-04
6881.80 2.01946e-04
6883.70 2.27065e-04
6885.60 2.10959e-04
6887.50 2.17187e-04
6889.30 1.70781e-04
6889.91 1.68382e-04
6890.00 1.68916e-04
6891.20 1.84006e-04
6893.10 1.84668e-04
6895.00 1.65776e-04
6896.80 1.95378e-04
6898.70 1.70966e-04
6900.60 1.58915e-04
6902.50 1.52950e-04
6904.30 2.06421e-04
6906.20 1.76726e-04
6908.10 1.90446e-04
6910.00 1.84135e-04
6911.80 1.45690e-04
6913.70 1.62006e-04
6915.60 1.85852e-04
6917.50 1.60303e-04
6919.30 1.62489e-04
6921.20 1.23003e-04
6923.10 1.90179e-04
6924.36 1.94374e-04
6925.00 1.82087e-04
6926.80 1.43344e-04
6928.70 1.41310e-04
6930.00 1.68170e-04
6930.60 1.71751e-04
6932.50 1.27324e-04
6934.30 1.26568e-04
6936.20 1.36811e-04
6938.10 1.61351e-04
6940.00 1.56366e-04
6941.80 1.33790e-04
6943.70 6.54151e-05
6945.60 1.73673e-04
6947.50 1.34262e-04
6949.30 7.47218e-05
6950.00 1.01725e-04
6951.20 1.45581e-04
6953.10 7.52571e-05
6955.00 1.53622e-04
6956.80 1.07116e-04
6958.70 1.06207e-04
6958.98 1.07559e-04
6960.60 1.16658e-04
6962.50 1.47817e-04
6964.30 1.11391e-04
6966.20 1.16372e-04
6968.10 1.31814e-04
6970.00 1.29120e-04
6971.80 9.87206e-05
6973.70 7.50885e-05
6975.60 1.05248e-04
6977.50 9.44484e-05
6979.30 1.15608e-04
6981.20 7.38906e-05
6983.10 9.51940e-05
6985.00 9.64322e-05
6986.80 7.13939e-05
6988.70 7.42365e-05
6990.00 8.27202e-05
6990.60 8.19757e-05
6992.50 8.10645e-05
6993.77 1.26848e-04
6994.30 1.32047e-04
6996.20 4.88567e-05
6998.10 7.38847e-05
7000.00 8.10695e-05
