##### EXOPHOT SPECTRAL OVERLAP FILE #####
# Date: 12/03/2021 13:30:09
# SED file: g2v.txt
# atmosphere file: g2v_psg_weaklyOxidazing_trn.txt
# photopigment file: Chl_b.txt
# Stellar radius (Rs in km): 696340
# Exoplanet semi-major axis (sma in km): 149600000.0
# Absorption rate (s^-1): 1.10131e+01
## Wavelength (Angstrom)  Overlapped Spectra (A^-1 s^-1)
3000.00 4.44529e-04
3010.00 3.60975e-04
3010.56 3.60682e-04
3020.00 3.88334e-04
3025.61 4.07383e-04
3030.00 4.18295e-04
3040.00 4.35978e-04
3040.74 4.37096e-04
3050.00 4.53884e-04
3055.94 4.70767e-04
3060.00 4.82800e-04
3070.00 4.98632e-04
3071.22 4.98151e-04
3080.00 4.83331e-04
3086.58 4.74046e-04
3090.00 4.76092e-04
3100.00 5.16169e-04
3102.01 5.27007e-04
3110.00 5.61499e-04
3117.52 5.64690e-04
3120.00 5.60387e-04
3130.00 5.31843e-04
3133.11 5.23284e-04
3140.00 5.10232e-04
3148.77 5.12086e-04
3150.00 5.14618e-04
3160.00 5.50279e-04
3164.52 5.65057e-04
3170.00 5.70573e-04
3180.00 5.37718e-04
3180.34 5.36260e-04
3190.00 5.14326e-04
3196.24 5.36228e-04
3200.00 5.57031e-04
3210.00 5.89371e-04
3212.22 5.84252e-04
3220.00 5.39213e-04
3228.29 5.02117e-04
3230.00 5.03596e-04
3240.00 5.93491e-04
3244.43 6.60017e-04
3250.00 7.46195e-04
3260.00 8.66067e-04
3260.65 8.72097e-04
3270.00 9.35144e-04
3276.95 9.52829e-04
3280.00 9.54265e-04
3290.00 9.43404e-04
3293.34 9.37845e-04
3300.00 9.27402e-04
3309.80 9.19596e-04
3310.00 9.19621e-04
3320.00 9.31376e-04
3326.35 9.46239e-04
3330.00 9.56620e-04
3340.00 9.79326e-04
3342.98 9.77268e-04
3350.00 9.40939e-04
3359.70 8.17450e-04
3360.00 8.13262e-04
3370.00 7.15434e-04
3376.50 7.28869e-04
3380.00 7.55381e-04
3390.00 8.41074e-04
3393.38 8.56467e-04
3400.00 8.64455e-04
3410.00 8.59027e-04
3410.35 8.59144e-04
3420.00 8.76360e-04
3427.40 8.97662e-04
3430.00 9.04518e-04
3440.00 9.22935e-04
3444.54 9.28785e-04
3450.00 9.33937e-04
3460.00 9.40337e-04
3461.76 9.42294e-04
3470.00 9.58508e-04
3479.07 9.91073e-04
3480.00 9.95224e-04
3490.00 1.04647e-03
3496.46 1.08079e-03
3500.00 1.09522e-03
3510.00 1.09583e-03
3513.95 1.07365e-03
3520.00 1.02987e-03
3530.00 1.01155e-03
3531.51 1.02243e-03
3540.00 1.12913e-03
3549.17 1.20174e-03
3550.00 1.19993e-03
3560.00 1.06108e-03
3566.92 9.20716e-04
3570.00 8.72458e-04
3580.00 8.29363e-04
3584.75 8.51833e-04
3590.00 8.91234e-04
3600.00 9.69350e-04
3602.68 9.87323e-04
3610.00 1.02367e-03
3620.00 1.03514e-03
3620.69 1.03447e-03
3630.00 1.01229e-03
3638.79 1.00765e-03
3640.00 1.01655e-03
3650.00 1.16721e-03
3656.99 1.23335e-03
3660.00 1.24239e-03
3670.00 1.21318e-03
3675.27 1.18246e-03
3680.00 1.15627e-03
3690.00 1.13628e-03
3693.65 1.15125e-03
3700.00 1.18793e-03
3710.00 1.17820e-03
3712.12 1.15355e-03
3720.00 1.01193e-03
3730.00 8.50861e-04
3730.68 8.45277e-04
3740.00 8.50987e-04
3749.33 9.53575e-04
3750.00 9.62217e-04
3760.00 1.08346e-03
3768.08 1.15415e-03
3770.00 1.16480e-03
3780.00 1.18146e-03
3786.92 1.17729e-03
3790.00 1.17951e-03
3800.00 1.19675e-03
3805.85 1.16424e-03
3810.00 1.10139e-03
3820.00 8.28879e-04
3824.88 6.99683e-04
3830.00 6.18231e-04
3840.00 6.60626e-04
3844.01 7.09109e-04
3850.00 7.63065e-04
3860.00 7.44626e-04
3863.23 7.23283e-04
3870.00 6.82079e-04
3880.00 6.74941e-04
3882.54 6.85688e-04
3890.00 7.47159e-04
3900.00 8.62623e-04
3901.96 8.76209e-04
3910.00 8.49432e-04
3920.00 6.14429e-04
3921.46 5.76211e-04
3930.00 4.46887e-04
3940.00 6.08664e-04
3941.07 6.35317e-04
3950.00 7.90842e-04
3960.00 6.81682e-04
3960.78 6.67459e-04
3970.00 5.81671e-04
3980.00 8.43110e-04
3980.58 8.65956e-04
3990.00 1.22192e-03
4000.00 1.38337e-03
4000.48 1.38609e-03
4010.00 1.40130e-03
4020.00 1.42424e-03
4020.49 1.42594e-03
4030.00 1.46214e-03
4040.00 1.48967e-03
4040.59 1.49028e-03
4050.00 1.48427e-03
4060.00 1.47367e-03
4060.79 1.47480e-03
4070.00 1.53375e-03
4080.00 1.70841e-03
4081.10 1.73123e-03
4090.00 1.90004e-03
4100.00 1.98901e-03
4101.50 1.99552e-03
4110.00 2.03889e-03
4120.00 2.17509e-03
4122.01 2.21183e-03
4130.00 2.36840e-03
4140.00 2.55888e-03
4142.62 2.61145e-03
4150.00 2.78158e-03
4160.00 3.07812e-03
4163.33 3.18173e-03
4170.00 3.37228e-03
4180.00 3.58726e-03
4184.15 3.66981e-03
4190.00 3.81607e-03
4200.00 4.19890e-03
4205.07 4.40932e-03
4210.00 4.58496e-03
4220.00 4.79257e-03
4226.10 4.87373e-03
4230.00 4.94238e-03
4240.00 5.22821e-03
4247.23 5.42537e-03
4250.00 5.47258e-03
4260.00 5.46794e-03
4268.46 5.36359e-03
4270.00 5.34756e-03
4280.00 5.26532e-03
4289.80 4.97703e-03
4290.00 4.96675e-03
4300.00 4.32091e-03
4310.00 4.15209e-03
4311.25 4.21584e-03
4320.00 5.07996e-03
4330.00 6.04191e-03
4332.81 6.13194e-03
4340.00 6.04423e-03
4350.00 5.82772e-03
4354.47 5.93564e-03
4360.00 6.22328e-03
4370.00 6.75003e-03
4376.25 6.81204e-03
4380.00 6.77435e-03
4390.00 6.75424e-03
4398.13 7.19831e-03
4400.00 7.36391e-03
4410.00 8.49320e-03
4420.00 9.69966e-03
4420.12 9.71377e-03
4430.00 1.08599e-02
4440.00 1.18644e-02
4442.22 1.20896e-02
4450.00 1.30179e-02
4460.00 1.46862e-02
4464.43 1.54776e-02
4470.00 1.63944e-02
4480.00 1.76879e-02
4486.75 1.85804e-02
4490.00 1.91362e-02
4500.00 2.14084e-02
4509.19 2.29899e-02
4510.00 2.30555e-02
4520.00 2.27709e-02
4530.00 2.17210e-02
4531.73 2.16186e-02
4540.00 2.15860e-02
4550.00 2.20373e-02
4554.39 2.22278e-02
4560.00 2.23243e-02
4570.00 2.17303e-02
4577.16 2.05724e-02
4580.00 2.00227e-02
4590.00 1.82002e-02
4600.00 1.70237e-02
4600.05 1.70189e-02
4610.00 1.59238e-02
4620.00 1.44673e-02
4623.05 1.39796e-02
4630.00 1.28789e-02
4640.00 1.14811e-02
4646.16 1.07506e-02
4650.00 1.03321e-02
4660.00 9.30329e-03
4669.39 8.32671e-03
4670.00 8.25893e-03
4680.00 7.09233e-03
4690.00 6.04059e-03
4692.74 5.75952e-03
4700.00 5.04114e-03
4710.00 4.21827e-03
4716.20 3.82780e-03
4720.00 3.61961e-03
4730.00 3.12807e-03
4739.79 2.69763e-03
4740.00 2.68847e-03
4750.00 2.27820e-03
4760.00 1.93832e-03
4763.48 1.83731e-03
4770.00 1.66511e-03
4780.00 1.42946e-03
4787.30 1.28573e-03
4790.00 1.23778e-03
4800.00 1.08018e-03
4810.00 9.62382e-04
4811.24 9.51064e-04
4820.00 8.85483e-04
4830.00 8.19485e-04
4835.29 7.82191e-04
4840.00 7.45354e-04
4850.00 6.50667e-04
4859.47 5.69062e-04
4860.00 5.67280e-04
4870.00 5.79833e-04
4880.00 5.80698e-04
4883.77 5.85501e-04
4890.00 5.98973e-04
4900.00 6.06635e-04
4908.19 5.96113e-04
4910.00 5.93531e-04
4920.00 5.84674e-04
4930.00 5.80177e-04
4932.73 5.81589e-04
4940.00 5.89267e-04
4950.00 5.99705e-04
4957.39 6.08959e-04
4960.00 6.11874e-04
4970.00 6.18015e-04
4980.00 6.10392e-04
4982.18 6.03844e-04
4990.00 5.77246e-04
5000.00 5.67439e-04
5007.09 5.63378e-04
5010.00 5.63881e-04
5020.00 5.81788e-04
5030.00 6.01667e-04
5032.12 6.03057e-04
5040.00 6.02196e-04
5050.00 6.05624e-04
5057.29 6.14260e-04
5060.00 6.17981e-04
5070.00 6.26632e-04
5080.00 6.18587e-04
5082.57 6.16068e-04
5090.00 6.12023e-04
5100.00 6.18130e-04
5107.98 6.28991e-04
5110.00 6.29747e-04
5120.00 6.19873e-04
5130.00 6.20827e-04
5133.52 6.21682e-04
5140.00 6.22618e-04
5150.00 6.19222e-04
5159.19 5.93360e-04
5160.00 5.90481e-04
5170.00 5.62793e-04
5180.00 5.69810e-04
5184.99 5.79302e-04
5190.00 5.93684e-04
5200.00 6.40951e-04
5210.00 6.86379e-04
5210.91 6.89692e-04
5220.00 7.11848e-04
5230.00 7.26595e-04
5236.97 7.60392e-04
5240.00 7.76179e-04
5250.00 7.96983e-04
5260.00 7.63567e-04
5263.15 7.51039e-04
5270.00 7.41922e-04
5280.00 8.01436e-04
5289.47 8.91966e-04
5290.00 8.96837e-04
5300.00 9.67437e-04
5310.00 9.86034e-04
5315.92 9.77108e-04
5320.00 9.65376e-04
5330.00 9.49578e-04
5340.00 1.01120e-03
5342.50 1.02951e-03
5350.00 1.07933e-03
5360.00 1.12898e-03
5369.21 1.12937e-03
5370.00 1.12937e-03
5380.00 1.14672e-03
5390.00 1.16672e-03
5396.05 1.16622e-03
5400.00 1.16307e-03
5410.00 1.16084e-03
5420.00 1.17996e-03
5423.03 1.19118e-03
5430.00 1.22040e-03
5440.00 1.25340e-03
5450.00 1.27453e-03
5450.15 1.27468e-03
5460.00 1.27259e-03
5470.00 1.26182e-03
5477.40 1.25929e-03
5480.00 1.25968e-03
5490.00 1.26363e-03
5500.00 1.26570e-03
5504.79 1.26719e-03
5510.00 1.26872e-03
5520.00 1.27081e-03
5530.00 1.28230e-03
5532.31 1.28763e-03
5540.00 1.30700e-03
5550.00 1.31898e-03
5559.97 1.31855e-03
5560.00 1.31853e-03
5570.00 1.30299e-03
5580.00 1.29656e-03
5587.77 1.30735e-03
5590.00 1.31281e-03
5600.00 1.34748e-03
5610.00 1.38764e-03
5615.71 1.40048e-03
5620.00 1.40607e-03
5630.00 1.41660e-03
5640.00 1.42904e-03
5643.79 1.43316e-03
5650.00 1.43526e-03
5660.00 1.42196e-03
5670.00 1.41143e-03
5672.01 1.41290e-03
5680.00 1.42647e-03
5690.00 1.43208e-03
5700.00 1.41018e-03
5700.37 1.40930e-03
5710.00 1.40196e-03
5720.00 1.44260e-03
5728.87 1.48213e-03
5730.00 1.48375e-03
5740.00 1.46312e-03
5750.00 1.44599e-03
5757.52 1.44807e-03
5760.00 1.45214e-03
5770.00 1.47495e-03
5780.00 1.47680e-03
5786.30 1.48653e-03
5790.00 1.49617e-03
5800.00 1.53793e-03
5810.00 1.61412e-03
5815.23 1.64787e-03
5820.00 1.67742e-03
5830.00 1.74628e-03
5840.00 1.78425e-03
5844.31 1.79611e-03
5850.00 1.82135e-03
5860.00 1.90201e-03
5870.00 1.94316e-03
5873.53 1.93571e-03
5880.00 1.90588e-03
5890.00 1.88930e-03
5900.00 1.97474e-03
5902.90 2.01154e-03
5910.00 2.09426e-03
5920.00 2.13702e-03
5930.00 2.12234e-03
5932.41 2.12199e-03
5940.00 2.13009e-03
5950.00 2.13282e-03
5960.00 2.12856e-03
5962.08 2.12442e-03
5970.00 2.09865e-03
5980.00 2.05219e-03
5990.00 1.98397e-03
5991.89 1.97210e-03
6000.00 1.92401e-03
6010.00 1.85607e-03
6020.00 1.79734e-03
6021.85 1.78743e-03
6030.00 1.74999e-03
6040.00 1.72534e-03
6050.00 1.70386e-03
6051.96 1.69844e-03
6060.00 1.67697e-03
6070.00 1.66091e-03
6080.00 1.63186e-03
6082.21 1.62624e-03
6090.00 1.61417e-03
6100.00 1.61241e-03
6110.00 1.60435e-03
6112.63 1.59694e-03
6120.00 1.56782e-03
6130.00 1.53606e-03
6140.00 1.53525e-03
6143.19 1.53578e-03
6150.00 1.52800e-03
6160.00 1.48856e-03
6170.00 1.45397e-03
6173.91 1.45275e-03
6180.00 1.46709e-03
6190.00 1.51438e-03
6200.00 1.53950e-03
6204.77 1.55079e-03
6210.00 1.56427e-03
6220.00 1.59326e-03
6230.00 1.64234e-03
6235.80 1.67736e-03
6240.00 1.70906e-03
6250.00 1.82502e-03
6260.00 2.01664e-03
6266.98 2.19086e-03
6270.00 2.27201e-03
6280.00 2.54846e-03
6290.00 2.83855e-03
6298.31 3.08954e-03
6300.00 3.14345e-03
6310.00 3.51153e-03
6320.00 4.00292e-03
6329.80 4.57247e-03
6330.00 4.58498e-03
6340.00 5.27925e-03
6350.00 6.03566e-03
6360.00 6.83534e-03
6361.45 6.95499e-03
6370.00 7.68193e-03
6380.00 8.56731e-03
6390.00 9.33726e-03
6393.26 9.53787e-03
6400.00 9.87250e-03
6410.00 1.02386e-02
6420.00 1.05357e-02
6425.23 1.06203e-02
6430.00 1.06245e-02
6440.00 1.03597e-02
6450.00 9.80685e-03
6457.35 9.33025e-03
6460.00 9.14225e-03
6470.00 8.32505e-03
6480.00 7.38146e-03
6489.64 6.46316e-03
6490.00 6.43054e-03
6500.00 5.57960e-03
6510.00 4.76947e-03
6520.00 3.99439e-03
6522.09 3.84044e-03
6530.00 3.30250e-03
6540.00 2.72314e-03
6550.00 2.10554e-03
6554.70 1.81778e-03
6560.00 1.57905e-03
6570.00 1.42393e-03
6580.00 1.22747e-03
6587.47 1.11446e-03
6590.00 1.08389e-03
6600.00 9.60156e-04
6610.00 8.21836e-04
6620.00 7.21860e-04
6620.41 7.18493e-04
6630.00 6.45019e-04
6640.00 5.70543e-04
6650.00 5.07940e-04
6653.51 4.86547e-04
6660.00 4.51007e-04
6670.00 4.15112e-04
6680.00 3.84823e-04
6686.78 3.65469e-04
6690.00 3.55784e-04
6700.00 3.25220e-04
6710.00 3.05601e-04
6720.00 2.86878e-04
6720.21 2.86586e-04
6730.00 2.77429e-04
6740.00 2.63877e-04
6750.00 2.50839e-04
6753.81 2.48811e-04
6760.00 2.45854e-04
6770.00 2.34675e-04
6780.00 2.27888e-04
6787.58 2.18543e-04
6790.00 2.15175e-04
6800.00 2.02950e-04
6810.00 1.91793e-04
6820.00 1.81894e-04
6821.52 1.80652e-04
6830.00 1.72963e-04
6840.00 1.58699e-04
6850.00 1.48161e-04
6855.63 1.43115e-04
6860.00 1.39435e-04
6870.00 1.31664e-04
6880.00 1.23966e-04
6889.91 1.20580e-04
6890.00 1.20546e-04
6900.00 1.14370e-04
6910.00 1.05850e-04
6920.00 1.04650e-04
6924.36 1.02257e-04
6930.00 9.85410e-05
6940.00 9.60558e-05
6950.00 9.19329e-05
6958.98 9.17208e-05
6960.00 9.17478e-05
6970.00 9.07876e-05
6980.00 8.85940e-05
6990.00 8.40392e-05
6993.77 8.33447e-05
7000.00 8.30556e-05
7010.00 8.21608e-05
7020.00 8.25631e-05
7028.74 8.14445e-05
7030.00 8.13001e-05
7040.00 8.04463e-05
7050.00 7.82263e-05
7060.00 8.07164e-05
7063.88 8.12486e-05
7070.00 8.09692e-05
7080.00 7.96884e-05
7090.00 7.98718e-05
7099.20 8.01766e-05
7100.00 8.02570e-05
7110.00 8.19416e-05
7120.00 8.31603e-05
7130.00 8.49096e-05
7134.70 8.44299e-05
7140.00 8.31154e-05
7150.00 8.04240e-05
7160.00 7.76094e-05
7170.00 7.67073e-05
7170.37 7.67382e-05
7180.00 7.71232e-05
7190.00 7.28898e-05
7200.00 7.18028e-05
7206.23 7.21468e-05
7210.00 7.19276e-05
7220.00 6.93049e-05
7230.00 6.85195e-05
7240.00 6.87925e-05
7242.26 6.89244e-05
7250.00 6.86667e-05
7260.00 6.50693e-05
7270.00 6.24707e-05
7278.47 6.42694e-05
7280.00 6.42632e-05
7290.00 5.99832e-05
7300.00 5.77292e-05
7310.00 5.77822e-05
7314.86 5.71563e-05
7320.00 5.62215e-05
7330.00 5.58595e-05
7340.00 5.64345e-05
7350.00 4.99027e-05
7351.43 4.93981e-05
7360.00 4.93559e-05
7370.00 4.76778e-05
7380.00 4.45968e-05
7388.19 4.44917e-05
7390.00 4.44090e-05
7400.00 4.29840e-05
7410.00 4.44444e-05
7420.00 4.46870e-05
7425.13 4.50206e-05
7430.00 4.55016e-05
7440.00 4.61077e-05
7450.00 4.65089e-05
7460.00 4.88299e-05
7462.26 4.97817e-05
7470.00 5.14436e-05
7480.00 4.61795e-05
7490.00 4.68430e-05
7499.57 5.04913e-05
7500.00 5.05092e-05
7510.00 4.74551e-05
7520.00 4.64329e-05
7530.00 4.48873e-05
7537.07 4.34324e-05
7540.00 4.28786e-05
7550.00 4.21991e-05
7560.00 4.34389e-05
7570.00 4.04637e-05
7574.75 3.98869e-05
7580.00 3.97389e-05
7590.00 3.83460e-05
7600.00 3.72121e-05
7610.00 3.62717e-05
7612.63 3.53962e-05
7620.00 3.37224e-05
7630.00 3.69811e-05
7640.00 3.46102e-05
7650.00 3.46150e-05
7650.69 3.46593e-05
7660.00 3.37894e-05
7670.00 3.14473e-05
7680.00 3.66750e-05
7688.94 3.61146e-05
7690.00 3.56700e-05
7700.00 3.19450e-05
7710.00 3.37950e-05
7720.00 3.15898e-05
7727.39 3.18349e-05
7730.00 3.18017e-05
7740.00 2.97384e-05
7750.00 3.13035e-05
7760.00 3.06086e-05
7766.03 2.84255e-05
7770.00 2.72305e-05
7780.00 2.72957e-05
7790.00 2.76058e-05
7800.00 2.58370e-05
7804.86 2.61621e-05
7810.00 2.69687e-05
7820.00 2.71848e-05
7830.00 2.57059e-05
7840.00 2.32906e-05
7843.88 2.38253e-05
7850.00 2.55486e-05
7860.00 2.66831e-05
7870.00 2.71117e-05
7880.00 2.60624e-05
7883.10 2.60808e-05
7890.00 2.63134e-05
7900.00 2.53423e-05
7910.00 2.51740e-05
7920.00 2.44399e-05
7922.51 2.45079e-05
7930.00 2.59130e-05
7940.00 2.78557e-05
7950.00 2.29774e-05
7960.00 2.38424e-05
7962.13 2.41173e-05
7970.00 2.41991e-05
7980.00 2.35913e-05
7990.00 2.16738e-05
8000.00 2.30554e-05
