##### EXOPHOT SPECTRAL OVERLAP FILE #####
# Date: 09/02/2022 12:39:54
# SED file: SED_g2v.txt
# atmosphere file: atm_g2v_hzo_os2.txt
# photopigment file: ChlB.txt
# Stellar radius (Rs in km): 6.963400e+05
# Exoplanet orbit semi-major axis (sma in km): 1.672066e+08
# Total absorption rate (gamma_t in s-1): 7.39903e+00
# B band absorption rate (gamma_B in s-1): 4.61366e+00
# Q band absorption rate (gamma_Q in s-1): 2.78536e+00
# B-Q bands cut-off (in nm): 500
# photosynthetic photon flux density [ppfd in micromol photon m-2 s-1]: 1.53467e+03
# Total Stellar Irradiance (S in W m-2): 1.07502e+03
# -------------------------------------------------
# Col 1: Wavelength (wl in Angstrom) 
# Col 2: Spectral Flux Density (F_l in J cm-2 s-1 A-1) 
# Col 3: Atmosphere transmitance (T, no units) 
# Col 4: Pigment absorption cross section (sigma_abs in cm-2) 
# Col 5: Spectral Absorption Rate (Gamma_lambda in A-1 s-1)
3000.00 4.04367e-06 1.50754e-01 1.38924e-16 1.27899e-04 
3010.00 4.73536e-06 1.53950e-01 1.10076e-16 1.21594e-04 
3010.56 4.76288e-06 1.54130e-01 1.09684e-16 1.22031e-04 
3020.00 5.09141e-06 1.57196e-01 1.10817e-16 1.34840e-04 
3025.61 5.19304e-06 1.59040e-01 1.11610e-16 1.40400e-04 
3030.00 5.24246e-06 1.60493e-01 1.11624e-16 1.43257e-04 
3040.00 5.31914e-06 1.63841e-01 1.12293e-16 1.49766e-04 
3040.74 5.32544e-06 1.64090e-01 1.12353e-16 1.50288e-04 
3050.00 5.45207e-06 1.67232e-01 1.12966e-16 1.58144e-04 
3055.94 5.59443e-06 1.69250e-01 1.13322e-16 1.65069e-04 
3060.00 5.69181e-06 1.70623e-01 1.13517e-16 1.69822e-04 
3070.00 5.76852e-06 1.74020e-01 1.13788e-16 1.76532e-04 
3071.22 5.75004e-06 1.74440e-01 1.13822e-16 1.76514e-04 
3080.00 5.49650e-06 1.77488e-01 1.14022e-16 1.72471e-04 
3086.58 5.34471e-06 1.79800e-01 1.13936e-16 1.70128e-04 
3090.00 5.34673e-06 1.81006e-01 1.13827e-16 1.71358e-04 
3100.00 5.73000e-06 1.84538e-01 1.13471e-16 1.87245e-04 
3102.01 5.83557e-06 1.85250e-01 1.13420e-16 1.91469e-04 
3110.00 6.15955e-06 1.88083e-01 1.13169e-16 2.05263e-04 
3117.52 6.16083e-06 1.90760e-01 1.12609e-16 2.07698e-04 
3120.00 6.10658e-06 1.91644e-01 1.12366e-16 2.06541e-04 
3130.00 5.77170e-06 1.95228e-01 1.11322e-16 1.97649e-04 
3133.11 5.66925e-06 1.96350e-01 1.11039e-16 1.94954e-04 
3140.00 5.50504e-06 1.98850e-01 1.10447e-16 1.91113e-04 
3148.77 5.50121e-06 2.02050e-01 1.09588e-16 1.93083e-04 
3150.00 5.52539e-06 2.02497e-01 1.09464e-16 1.94217e-04 
3160.00 5.87894e-06 2.06153e-01 1.08535e-16 2.09251e-04 
3164.52 6.01890e-06 2.07810e-01 1.08210e-16 2.15617e-04 
3170.00 6.05290e-06 2.09827e-01 1.07881e-16 2.18651e-04 
3180.00 5.65691e-06 2.13523e-01 1.07411e-16 2.07693e-04 
3180.34 5.63972e-06 2.13650e-01 1.07400e-16 2.07186e-04 
3190.00 5.34937e-06 2.17239e-01 1.07273e-16 2.00191e-04 
3196.24 5.52696e-06 2.19570e-01 1.07371e-16 2.09658e-04 
3200.00 5.70742e-06 2.20977e-01 1.07483e-16 2.18374e-04 
3210.00 5.93438e-06 2.24733e-01 1.08003e-16 2.32760e-04 
3212.22 5.85693e-06 2.25570e-01 1.08192e-16 2.31139e-04 
3220.00 5.31892e-06 2.28499e-01 1.08967e-16 2.14675e-04 
3228.29 4.86945e-06 2.31630e-01 1.09787e-16 2.01244e-04 
3230.00 4.86517e-06 2.32280e-01 1.09980e-16 2.02092e-04 
3240.00 5.58938e-06 2.36083e-01 1.11372e-16 2.39703e-04 
3244.43 6.14168e-06 2.37770e-01 1.12063e-16 2.67281e-04 
3250.00 6.84092e-06 2.39893e-01 1.12932e-16 3.03219e-04 
3260.00 7.73708e-06 2.43711e-01 1.14473e-16 3.54239e-04 
3260.65 7.77754e-06 2.43960e-01 1.14581e-16 3.56861e-04 
3270.00 8.13357e-06 2.47552e-01 1.16193e-16 3.85123e-04 
3276.95 8.14689e-06 2.50230e-01 1.17250e-16 3.94308e-04 
3280.00 8.10278e-06 2.51404e-01 1.17654e-16 3.95740e-04 
3290.00 7.84544e-06 2.55260e-01 1.18778e-16 3.93963e-04 
3293.34 7.74858e-06 2.56550e-01 1.19109e-16 3.92552e-04 
3300.00 7.57112e-06 2.59132e-01 1.19654e-16 3.89981e-04 
3309.80 7.39855e-06 2.62940e-01 1.20094e-16 3.89269e-04 
3310.00 7.39668e-06 2.63016e-01 1.20101e-16 3.89329e-04 
3320.00 7.38883e-06 2.66906e-01 1.20392e-16 3.96817e-04 
3326.35 7.45340e-06 2.69380e-01 1.20382e-16 4.04739e-04 
3330.00 7.50665e-06 2.70803e-01 1.20346e-16 4.10107e-04 
3340.00 7.60911e-06 2.74711e-01 1.20212e-16 4.22501e-04 
3342.98 7.57564e-06 2.75880e-01 1.20100e-16 4.22417e-04 
3350.00 7.26242e-06 2.78631e-01 1.19719e-16 4.08546e-04 
3359.70 6.27702e-06 2.82440e-01 1.19108e-16 3.57144e-04 
3360.00 6.24394e-06 2.82558e-01 1.19088e-16 3.55383e-04 
3370.00 5.46843e-06 2.86486e-01 1.18392e-16 3.14659e-04 
3376.50 5.55786e-06 2.89040e-01 1.17893e-16 3.21916e-04 
3380.00 5.75381e-06 2.90418e-01 1.17600e-16 3.34370e-04 
3390.00 6.39330e-06 2.94358e-01 1.16645e-16 3.74617e-04 
3393.38 6.50817e-06 2.95690e-01 1.16278e-16 3.82252e-04 
3400.00 6.56700e-06 2.98300e-01 1.15528e-16 3.87355e-04 
3410.00 6.52699e-06 3.02243e-01 1.14381e-16 3.87347e-04 
3410.35 6.52809e-06 3.02380e-01 1.14340e-16 3.87489e-04 
3420.00 6.67126e-06 3.06188e-01 1.13123e-16 3.97829e-04 
3427.40 6.85021e-06 3.09110e-01 1.12057e-16 4.09397e-04 
3430.00 6.90927e-06 3.10138e-01 1.11655e-16 4.13126e-04 
3440.00 7.07343e-06 3.14094e-01 1.10087e-16 4.23554e-04 
3444.54 7.12424e-06 3.15890e-01 1.09448e-16 4.27105e-04 
3450.00 7.17633e-06 3.18053e-01 1.08627e-16 4.30606e-04 
3460.00 7.27971e-06 3.21999e-01 1.06791e-16 4.36017e-04 
3461.76 7.30368e-06 3.22690e-01 1.06491e-16 4.37382e-04 
3470.00 7.46175e-06 3.25916e-01 1.05231e-16 4.47038e-04 
3479.07 7.74559e-06 3.29460e-01 1.03908e-16 4.64402e-04 
3480.00 7.78039e-06 3.29825e-01 1.03782e-16 4.66563e-04 
3490.00 8.19614e-06 3.33753e-01 1.02593e-16 4.93062e-04 
3496.46 8.47044e-06 3.36300e-01 1.01915e-16 5.11000e-04 
3500.00 8.58553e-06 3.37696e-01 1.01564e-16 5.18831e-04 
3510.00 8.58666e-06 3.41643e-01 1.00708e-16 5.22026e-04 
3513.95 8.40408e-06 3.43200e-01 1.00461e-16 5.12571e-04 
3520.00 8.04377e-06 3.45587e-01 1.00142e-16 4.93287e-04 
3530.00 7.86410e-06 3.49524e-01 9.97063e-17 4.87020e-04 
3531.51 7.94016e-06 3.50120e-01 9.96751e-17 4.92626e-04 
3540.00 8.71037e-06 3.53456e-01 9.95724e-17 5.46309e-04 
3549.17 9.22241e-06 3.57060e-01 9.92880e-17 5.84162e-04 
3550.00 9.20407e-06 3.57385e-01 9.92666e-17 5.83540e-04 
3560.00 8.08625e-06 3.61309e-01 9.91060e-17 5.18919e-04 
3566.92 6.99384e-06 3.64020e-01 9.88935e-17 4.52091e-04 
3570.00 6.61742e-06 3.65226e-01 9.88001e-17 4.29140e-04 
3580.00 6.25136e-06 3.69134e-01 9.85821e-17 4.09981e-04 
3584.75 6.40613e-06 3.70990e-01 9.83929e-17 4.21992e-04 
3590.00 6.69546e-06 3.73038e-01 9.80430e-17 4.42556e-04 
3600.00 7.30630e-06 3.76938e-01 9.68960e-17 4.83614e-04 
3602.68 7.45603e-06 3.77980e-01 9.64953e-17 4.93209e-04 
3610.00 7.78364e-06 3.80826e-01 9.52557e-17 5.13134e-04 
3620.00 7.96560e-06 3.84703e-01 9.33477e-17 5.21290e-04 
3620.69 7.96789e-06 3.84970e-01 9.32088e-17 5.21125e-04 
3630.00 7.90042e-06 3.88572e-01 9.13289e-17 5.12342e-04 
3638.79 7.94315e-06 3.91970e-01 8.98287e-17 5.12320e-04 
3640.00 8.01880e-06 3.92436e-01 8.96733e-17 5.17090e-04 
3650.00 9.18777e-06 3.96292e-01 8.90157e-17 5.95536e-04 
3656.99 9.64778e-06 3.98980e-01 8.90623e-17 6.31130e-04 
3660.00 9.69973e-06 4.00136e-01 8.90348e-17 6.36695e-04 
3670.00 9.48084e-06 4.03966e-01 8.83198e-17 6.24941e-04 
3675.27 9.25832e-06 4.05980e-01 8.78126e-17 6.10670e-04 
3680.00 9.07792e-06 4.07784e-01 8.72607e-17 5.98419e-04 
3690.00 9.00310e-06 4.11592e-01 8.57886e-17 5.90525e-04 
3693.65 9.14164e-06 4.12980e-01 8.53540e-17 5.99178e-04 
3700.00 9.45772e-06 4.15393e-01 8.47027e-17 6.19823e-04 
3710.00 9.43462e-06 4.19180e-01 8.35633e-17 6.17217e-04 
3712.12 9.24953e-06 4.19980e-01 8.33181e-17 6.04829e-04 
3720.00 8.13822e-06 4.22950e-01 8.25807e-17 5.32308e-04 
3730.00 6.82783e-06 4.26706e-01 8.21677e-17 4.49515e-04 
3730.68 6.78260e-06 4.26960e-01 8.21339e-17 4.46701e-04 
3740.00 6.83285e-06 4.30453e-01 8.15559e-17 4.51625e-04 
3749.33 7.64028e-06 4.33940e-01 8.12012e-17 5.08134e-04 
3750.00 7.70813e-06 4.34190e-01 8.11774e-17 5.12883e-04 
3760.00 8.66514e-06 4.37913e-01 8.07301e-17 5.79842e-04 
3768.08 9.22842e-06 4.40910e-01 8.02857e-17 6.19667e-04 
3770.00 9.31646e-06 4.41622e-01 8.01527e-17 6.25870e-04 
3780.00 9.51049e-06 4.45314e-01 7.90974e-17 6.37451e-04 
3786.92 9.57404e-06 4.47860e-01 7.79285e-17 6.37005e-04 
3790.00 9.63778e-06 4.48992e-01 7.73959e-17 6.38993e-04 
3800.00 9.91699e-06 4.52654e-01 7.57901e-17 6.50827e-04 
3805.85 9.76639e-06 4.54790e-01 7.45690e-17 6.34569e-04 
3810.00 9.33701e-06 4.56301e-01 7.35839e-17 6.01298e-04 
3820.00 7.24006e-06 4.59932e-01 7.09724e-17 4.54477e-04 
3824.88 6.22248e-06 4.61700e-01 6.95083e-17 3.84504e-04 
3830.00 5.61137e-06 4.63550e-01 6.78983e-17 3.40523e-04 
3840.00 6.24908e-06 4.67152e-01 6.47095e-17 3.65171e-04 
3844.01 6.83022e-06 4.68590e-01 6.33652e-17 3.92452e-04 
3850.00 7.55976e-06 4.70736e-01 6.13409e-17 4.23077e-04 
3860.00 7.72016e-06 4.74302e-01 5.81980e-17 4.14095e-04 
3863.23 7.60392e-06 4.75450e-01 5.72626e-17 4.02612e-04 
3870.00 7.37930e-06 4.77856e-01 5.53800e-17 3.80452e-04 
3880.00 7.60575e-06 4.81394e-01 5.28106e-17 3.77676e-04 
3882.54 7.79455e-06 4.82290e-01 5.22643e-17 3.84011e-04 
3890.00 8.67411e-06 4.84910e-01 5.09256e-17 4.19465e-04 
3900.00 1.02357e-05 4.88415e-01 4.95033e-17 4.85877e-04 
3901.96 1.04368e-05 4.89100e-01 4.92523e-17 4.93851e-04 
3910.00 1.02425e-05 4.91918e-01 4.84059e-17 4.80064e-04 
3920.00 7.43310e-06 4.95380e-01 4.79547e-17 3.48457e-04 
3921.46 6.97136e-06 4.95880e-01 4.79093e-17 3.26954e-04 
3930.00 5.38993e-06 4.98754e-01 4.78286e-17 2.54374e-04 
3940.00 7.20587e-06 5.02099e-01 4.84480e-17 3.47673e-04 
3941.07 7.50500e-06 5.02460e-01 4.85231e-17 3.63026e-04 
3950.00 9.17055e-06 5.05495e-01 4.91706e-17 4.53251e-04 
3960.00 7.67615e-06 5.08915e-01 5.03445e-17 3.92066e-04 
3960.78 7.49641e-06 5.09180e-01 5.04534e-17 3.83989e-04 
3970.00 6.32821e-06 5.12304e-01 5.17936e-17 3.35582e-04 
3980.00 8.87972e-06 5.15665e-01 5.31433e-17 4.87553e-04 
3980.58 9.10346e-06 5.15860e-01 5.32217e-17 5.00838e-04 
3990.00 1.24601e-05 5.19015e-01 5.45503e-17 7.08590e-04 
4000.00 1.36345e-05 5.22349e-01 5.61142e-17 8.04738e-04 
4000.48 1.36376e-05 5.22510e-01 5.61960e-17 8.06444e-04 
4010.00 1.33341e-05 5.25660e-01 5.77927e-17 8.17727e-04 
4020.00 1.31799e-05 5.28950e-01 5.90812e-17 8.33541e-04 
4020.49 1.31797e-05 5.29110e-01 5.91361e-17 8.34651e-04 
4030.00 1.31859e-05 5.32223e-01 6.02780e-17 8.58206e-04 
4040.00 1.30317e-05 5.35479e-01 6.17998e-17 8.77074e-04 
4040.59 1.30159e-05 5.35670e-01 6.18804e-17 8.77594e-04 
4050.00 1.26673e-05 5.38717e-01 6.30080e-17 8.76632e-04 
4060.00 1.22219e-05 5.41936e-01 6.44839e-17 8.72942e-04 
4060.79 1.21987e-05 5.42190e-01 6.46272e-17 8.73808e-04 
4070.00 1.22725e-05 5.45132e-01 6.64606e-17 9.10996e-04 
4080.00 1.31851e-05 5.48312e-01 6.85101e-17 1.01730e-03 
4081.10 1.33038e-05 5.48660e-01 6.87628e-17 1.03118e-03 
4090.00 1.40342e-05 5.51480e-01 7.11789e-17 1.13427e-03 
4100.00 1.39429e-05 5.54629e-01 7.45856e-17 1.19047e-03 
4101.50 1.38766e-05 5.55100e-01 7.51260e-17 1.19484e-03 
4110.00 1.35201e-05 5.57750e-01 7.84283e-17 1.22365e-03 
4120.00 1.35026e-05 5.60849e-01 8.33492e-17 1.30914e-03 
4122.01 1.35350e-05 5.61470e-01 8.44685e-17 1.33202e-03 
4130.00 1.36549e-05 5.63936e-01 8.92871e-17 1.42949e-03 
4140.00 1.36290e-05 5.67009e-01 9.61389e-17 1.54837e-03 
4142.62 1.36093e-05 5.67810e-01 9.81176e-17 1.58119e-03 
4150.00 1.36006e-05 5.70059e-01 1.04168e-16 1.68727e-03 
4160.00 1.37507e-05 5.73086e-01 1.13437e-16 1.87204e-03 
4163.33 1.37909e-05 5.74090e-01 1.16720e-16 1.93678e-03 
4170.00 1.37568e-05 5.76094e-01 1.23607e-16 2.05643e-03 
4180.00 1.33525e-05 5.79085e-01 1.34795e-16 2.19319e-03 
4184.15 1.31629e-05 5.80320e-01 1.39590e-16 2.24596e-03 
4190.00 1.29994e-05 5.82057e-01 1.46537e-16 2.33869e-03 
4200.00 1.31214e-05 5.85010e-01 1.58902e-16 2.57897e-03 
4205.07 1.32329e-05 5.86500e-01 1.65022e-16 2.71120e-03 
4210.00 1.32622e-05 5.87945e-01 1.70786e-16 2.82233e-03 
4220.00 1.29661e-05 5.90862e-01 1.81702e-16 2.95728e-03 
4226.10 1.27396e-05 5.92630e-01 1.87519e-16 3.01195e-03 
4230.00 1.26605e-05 5.93758e-01 1.90993e-16 3.05733e-03 
4240.00 1.27760e-05 5.96634e-01 1.99252e-16 3.24186e-03 
4247.23 1.28867e-05 5.98700e-01 2.04278e-16 3.36978e-03 
4250.00 1.28748e-05 5.99491e-01 2.05974e-16 3.40131e-03 
4260.00 1.25000e-05 6.02332e-01 2.10983e-16 3.40662e-03 
4268.46 1.20534e-05 6.04720e-01 2.13801e-16 3.34865e-03 
4270.00 1.19869e-05 6.05153e-01 2.14198e-16 3.33993e-03 
4280.00 1.16467e-05 6.07952e-01 2.16098e-16 3.29680e-03 
4289.80 1.09258e-05 6.10680e-01 2.16801e-16 3.12385e-03 
4290.00 1.09023e-05 6.10734e-01 2.16802e-16 3.11754e-03 
4300.00 9.46444e-06 6.13501e-01 2.16305e-16 2.71874e-03 
4310.00 9.08591e-06 6.16248e-01 2.15487e-16 2.61785e-03 
4311.25 9.22439e-06 6.16590e-01 2.15373e-16 2.65859e-03 
4320.00 1.11158e-05 6.18970e-01 2.14393e-16 3.20795e-03 
4330.00 1.32475e-05 6.21673e-01 2.12955e-16 3.82292e-03 
4332.81 1.34454e-05 6.22430e-01 2.12693e-16 3.88247e-03 
4340.00 1.32207e-05 6.24364e-01 2.12592e-16 3.83400e-03 
4350.00 1.26163e-05 6.27039e-01 2.13892e-16 3.70539e-03 
4354.47 1.27640e-05 6.28230e-01 2.14865e-16 3.77684e-03 
4360.00 1.32375e-05 6.29694e-01 2.16603e-16 3.96288e-03 
4370.00 1.39360e-05 6.32326e-01 2.22063e-16 4.30488e-03 
4376.25 1.37155e-05 6.33960e-01 2.27094e-16 4.35016e-03 
4380.00 1.34051e-05 6.34939e-01 2.30720e-16 4.32996e-03 
4390.00 1.26563e-05 6.37533e-01 2.42683e-16 4.32749e-03 
4398.13 1.27716e-05 6.39630e-01 2.55396e-16 4.61934e-03 
4400.00 1.28813e-05 6.40112e-01 2.58826e-16 4.72715e-03 
4410.00 1.36749e-05 6.42675e-01 2.79921e-16 5.46153e-03 
4420.00 1.43431e-05 6.45220e-01 3.03489e-16 6.24943e-03 
4420.12 1.43490e-05 6.45250e-01 3.03791e-16 6.25867e-03 
4430.00 1.46331e-05 6.47744e-01 3.31684e-16 7.01119e-03 
4440.00 1.45235e-05 6.50247e-01 3.63584e-16 7.67467e-03 
4442.22 1.44872e-05 6.50800e-01 3.71067e-16 7.82359e-03 
4450.00 1.44765e-05 6.52732e-01 3.98519e-16 8.43588e-03 
4460.00 1.48697e-05 6.55206e-01 4.35760e-16 9.53207e-03 
4464.43 1.50812e-05 6.56300e-01 4.51927e-16 1.00530e-02 
4470.00 1.52589e-05 6.57675e-01 4.72011e-16 1.06590e-02 
4480.00 1.52454e-05 6.60118e-01 5.07685e-16 1.15228e-02 
4486.75 1.52995e-05 6.61730e-01 5.29977e-16 1.21191e-02 
4490.00 1.54367e-05 6.62490e-01 5.40231e-16 1.24877e-02 
4500.00 1.63183e-05 6.64791e-01 5.69106e-16 1.39859e-02 
4509.19 1.68828e-05 6.66900e-01 5.88292e-16 1.50355e-02 
4510.00 1.68840e-05 6.67089e-01 5.89726e-16 1.50803e-02 
4520.00 1.62238e-05 6.69436e-01 6.03824e-16 1.49222e-02 
4530.00 1.53063e-05 6.71802e-01 6.08324e-16 1.42649e-02 
4531.73 1.52254e-05 6.72210e-01 6.08281e-16 1.42026e-02 
4540.00 1.52396e-05 6.74145e-01 6.04833e-16 1.42018e-02 
4550.00 1.58111e-05 6.76460e-01 5.92678e-16 1.45197e-02 
4554.39 1.61247e-05 6.77470e-01 5.85079e-16 1.46538e-02 
4560.00 1.64839e-05 6.78758e-01 5.73446e-16 1.47284e-02 
4570.00 1.67449e-05 6.81043e-01 5.47285e-16 1.43585e-02 
4577.16 1.64808e-05 6.82670e-01 5.25048e-16 1.36115e-02 
4580.00 1.63164e-05 6.83313e-01 5.15649e-16 1.32552e-02 
4590.00 1.58404e-05 6.85565e-01 4.81085e-16 1.20718e-02 
4600.00 1.59343e-05 6.87799e-01 4.45606e-16 1.13090e-02 
4600.05 1.59356e-05 6.87810e-01 4.45433e-16 1.13059e-02 
4610.00 1.61994e-05 6.90015e-01 4.08392e-16 1.05940e-02 
4620.00 1.61510e-05 6.92213e-01 3.70799e-16 9.64145e-03 
4623.05 1.60946e-05 6.92880e-01 3.59164e-16 9.32141e-03 
4630.00 1.59751e-05 6.94395e-01 3.32521e-16 8.59751e-03 
4640.00 1.59569e-05 6.96561e-01 2.95624e-16 7.67516e-03 
4646.16 1.60330e-05 6.97890e-01 2.74828e-16 7.19251e-03 
4650.00 1.61066e-05 6.98715e-01 2.62528e-16 6.91599e-03 
4660.00 1.63450e-05 7.00856e-01 2.32054e-16 6.23610e-03 
4669.39 1.65060e-05 7.02850e-01 2.04957e-16 5.58920e-03 
4670.00 1.65106e-05 7.02978e-01 2.03186e-16 5.54419e-03 
4680.00 1.64567e-05 7.05078e-01 1.74418e-16 4.76805e-03 
4690.00 1.61808e-05 7.07161e-01 1.50552e-16 4.06725e-03 
4692.74 1.60722e-05 7.07730e-01 1.44381e-16 3.87974e-03 
4700.00 1.57777e-05 7.09233e-01 1.28417e-16 3.39998e-03 
4710.00 1.55875e-05 7.11291e-01 1.08393e-16 2.84951e-03 
4716.20 1.57182e-05 7.12560e-01 9.73200e-17 2.58788e-03 
4720.00 1.58668e-05 7.13333e-01 9.10345e-17 2.44824e-03 
4730.00 1.62921e-05 7.15356e-01 7.63292e-17 2.11823e-03 
4739.79 1.64971e-05 7.17320e-01 6.47748e-17 1.82897e-03 
4740.00 1.64992e-05 7.17363e-01 6.45412e-17 1.82281e-03 
4750.00 1.65432e-05 7.19356e-01 5.43515e-17 1.54665e-03 
4760.00 1.65560e-05 7.21334e-01 4.60430e-17 1.31761e-03 
4763.48 1.65585e-05 7.22020e-01 4.35830e-17 1.24950e-03 
4770.00 1.65593e-05 7.23298e-01 3.94053e-17 1.13333e-03 
4780.00 1.65416e-05 7.25246e-01 3.37465e-17 9.74189e-04 
4787.30 1.64970e-05 7.26660e-01 3.03606e-17 8.77123e-04 
4790.00 1.64703e-05 7.27181e-01 2.92500e-17 8.44749e-04 
4800.00 1.63425e-05 7.29101e-01 2.56444e-17 7.38352e-04 
4810.00 1.62974e-05 7.31005e-01 2.28341e-17 6.58707e-04 
4811.24 1.63060e-05 7.31240e-01 2.25434e-17 6.51041e-04 
4820.00 1.64293e-05 7.32892e-01 2.07618e-17 6.06590e-04 
4830.00 1.65117e-05 7.34764e-01 1.90527e-17 5.62039e-04 
4835.29 1.64351e-05 7.35750e-01 1.82452e-17 5.37027e-04 
4840.00 1.62682e-05 7.36624e-01 1.75462e-17 5.12315e-04 
4850.00 1.55442e-05 7.38471e-01 1.59977e-17 4.48356e-04 
4859.47 1.44861e-05 7.40210e-01 1.49767e-17 3.92858e-04 
4860.00 1.44311e-05 7.40307e-01 1.49844e-17 3.91661e-04 
4870.00 1.38837e-05 7.42128e-01 1.58677e-17 4.00818e-04 
4880.00 1.46383e-05 7.43934e-01 1.50150e-17 4.01691e-04 
4883.77 1.50783e-05 7.44610e-01 1.46764e-17 4.05115e-04 
4890.00 1.56950e-05 7.45723e-01 1.43918e-17 4.14654e-04 
4900.00 1.59592e-05 7.47497e-01 1.42885e-17 4.20463e-04 
4908.19 1.57535e-05 7.48940e-01 1.41887e-17 4.13629e-04 
4910.00 1.56929e-05 7.49259e-01 1.41738e-17 4.11934e-04 
4920.00 1.54216e-05 7.51010e-01 1.41624e-17 4.06254e-04 
4930.00 1.53675e-05 7.52748e-01 1.40553e-17 4.03517e-04 
4932.73 1.54083e-05 7.53220e-01 1.40390e-17 4.04597e-04 
4940.00 1.56100e-05 7.54471e-01 1.40056e-17 4.10202e-04 
4950.00 1.59603e-05 7.56178e-01 1.38947e-17 4.17872e-04 
4957.39 1.61455e-05 7.57430e-01 1.39151e-17 4.24676e-04 
4960.00 1.61804e-05 7.57870e-01 1.39406e-17 4.26845e-04 
4970.00 1.61048e-05 7.59550e-01 1.41050e-17 4.31683e-04 
4980.00 1.56567e-05 7.61218e-01 1.42885e-17 4.26924e-04 
4982.18 1.55274e-05 7.61580e-01 1.42441e-17 4.22466e-04 
4990.00 1.50418e-05 7.62875e-01 1.40247e-17 4.04271e-04 
5000.00 1.45369e-05 7.64521e-01 1.42235e-17 3.97889e-04 
5007.09 1.43981e-05 7.65680e-01 1.42272e-17 3.95348e-04 
5010.00 1.44209e-05 7.66154e-01 1.42044e-17 3.95815e-04 
5020.00 1.48189e-05 7.67772e-01 1.42159e-17 4.08743e-04 
5030.00 1.52387e-05 7.69380e-01 1.42503e-17 4.23062e-04 
5032.12 1.52713e-05 7.69720e-01 1.42431e-17 4.24118e-04 
5040.00 1.52407e-05 7.70977e-01 1.42159e-17 4.23813e-04 
5050.00 1.52135e-05 7.72560e-01 1.42771e-17 4.26595e-04 
5057.29 1.54361e-05 7.73700e-01 1.42384e-17 4.32925e-04 
5060.00 1.55449e-05 7.74121e-01 1.42121e-17 4.35641e-04 
5070.00 1.57907e-05 7.75656e-01 1.41432e-17 4.42131e-04 
5080.00 1.55193e-05 7.77159e-01 1.41662e-17 4.36941e-04 
5082.57 1.54118e-05 7.77540e-01 1.41970e-17 4.35289e-04 
5090.00 1.51807e-05 7.78629e-01 1.42885e-17 4.32763e-04 
5100.00 1.52482e-05 7.80083e-01 1.43230e-17 4.37408e-04 
5107.98 1.53933e-05 7.81250e-01 1.44012e-17 4.45341e-04 
5110.00 1.54084e-05 7.81547e-01 1.43956e-17 4.45949e-04 
5120.00 1.52856e-05 7.83033e-01 1.42427e-17 4.39387e-04 
5130.00 1.50451e-05 7.84526e-01 1.44530e-17 4.40556e-04 
5133.52 1.49835e-05 7.85050e-01 1.45184e-17 4.41333e-04 
5140.00 1.48738e-05 7.86007e-01 1.46212e-17 4.42299e-04 
5150.00 1.45045e-05 7.87473e-01 1.48697e-17 4.40325e-04 
5159.19 1.37948e-05 7.88810e-01 1.49430e-17 4.22308e-04 
5160.00 1.37253e-05 7.88927e-01 1.49424e-17 4.20292e-04 
5170.00 1.29960e-05 7.90372e-01 1.49997e-17 4.00995e-04 
5180.00 1.28195e-05 7.91808e-01 1.53553e-17 4.06446e-04 
5184.99 1.29464e-05 7.92520e-01 1.54370e-17 4.13422e-04 
5190.00 1.31973e-05 7.93232e-01 1.54968e-17 4.23856e-04 
5200.00 1.39345e-05 7.94644e-01 1.57950e-17 4.57836e-04 
5210.00 1.45513e-05 7.96043e-01 1.61468e-17 4.90551e-04 
5210.91 1.45826e-05 7.96170e-01 1.61855e-17 4.92951e-04 
5220.00 1.46943e-05 7.97430e-01 1.65368e-17 5.09197e-04 
5230.00 1.48006e-05 7.98807e-01 1.67127e-17 5.20227e-04 
5236.97 1.50979e-05 7.99760e-01 1.71112e-17 5.44702e-04 
5240.00 1.52317e-05 8.00173e-01 1.72977e-17 5.56128e-04 
5250.00 1.52563e-05 8.01531e-01 1.76838e-17 5.71516e-04 
5260.00 1.43014e-05 8.02878e-01 1.80318e-17 5.48245e-04 
5263.15 1.39612e-05 8.03300e-01 1.81554e-17 5.39480e-04 
5270.00 1.35193e-05 8.04213e-01 1.84906e-17 5.33349e-04 
5280.00 1.40318e-05 8.05536e-01 1.91865e-17 5.76437e-04 
5289.47 1.50596e-05 8.06780e-01 1.98349e-17 6.41706e-04 
5290.00 1.51119e-05 8.06850e-01 1.98709e-17 6.45221e-04 
5300.00 1.57431e-05 8.08154e-01 2.05133e-17 6.96336e-04 
5310.00 1.55989e-05 8.09449e-01 2.10447e-17 7.10306e-04 
5315.92 1.51309e-05 8.10210e-01 2.14702e-17 7.04370e-04 
5320.00 1.47426e-05 8.10733e-01 2.17521e-17 6.96285e-04 
5330.00 1.41063e-05 8.12005e-01 2.23103e-17 6.85689e-04 
5340.00 1.44676e-05 8.13267e-01 2.30980e-17 7.30581e-04 
5342.50 1.46449e-05 8.13580e-01 2.32135e-17 7.43868e-04 
5350.00 1.51175e-05 8.14519e-01 2.35224e-17 7.80081e-04 
5360.00 1.52394e-05 8.15763e-01 2.43406e-17 8.16494e-04 
5369.21 1.50864e-05 8.16900e-01 2.45403e-17 8.17462e-04 
5370.00 1.50747e-05 8.16997e-01 2.45547e-17 8.17525e-04 
5380.00 1.50029e-05 8.18221e-01 2.49944e-17 8.30985e-04 
5390.00 1.49000e-05 8.19432e-01 2.55488e-17 8.46415e-04 
5396.05 1.47392e-05 8.20160e-01 2.57807e-17 8.46577e-04 
5400.00 1.46155e-05 8.20632e-01 2.59044e-17 8.44603e-04 
5410.00 1.43958e-05 8.21821e-01 2.61836e-17 8.43650e-04 
5420.00 1.44913e-05 8.23002e-01 2.63671e-17 8.58009e-04 
5423.03 1.45668e-05 8.23360e-01 2.64568e-17 8.66281e-04 
5430.00 1.47695e-05 8.24181e-01 2.66806e-17 8.87784e-04 
5440.00 1.50228e-05 8.25355e-01 2.68641e-17 9.12191e-04 
5450.00 1.51239e-05 8.26523e-01 2.70630e-17 9.28140e-04 
5450.15 1.51237e-05 8.26540e-01 2.70654e-17 9.28256e-04 
5460.00 1.50164e-05 8.27680e-01 2.71509e-17 9.27529e-04 
5470.00 1.48452e-05 8.28828e-01 2.71700e-17 9.20555e-04 
5477.40 1.47747e-05 8.29670e-01 2.71976e-17 9.19294e-04 
5480.00 1.47621e-05 8.29965e-01 2.72121e-17 9.19760e-04 
5490.00 1.47446e-05 8.31091e-01 2.72618e-17 9.23274e-04 
5500.00 1.47384e-05 8.32208e-01 2.72465e-17 9.25295e-04 
5504.79 1.47375e-05 8.32740e-01 2.72459e-17 9.26612e-04 
5510.00 1.47393e-05 8.33317e-01 2.72388e-17 9.28006e-04 
5520.00 1.47601e-05 8.34418e-01 2.71777e-17 9.30137e-04 
5530.00 1.48341e-05 8.35509e-01 2.72197e-17 9.39174e-04 
5532.31 1.48625e-05 8.35760e-01 2.72650e-17 9.43208e-04 
5540.00 1.49641e-05 8.36590e-01 2.74338e-17 9.57818e-04 
5550.00 1.50091e-05 8.37660e-01 2.75333e-17 9.67156e-04 
5559.97 1.48471e-05 8.38720e-01 2.77583e-17 9.67491e-04 
5560.00 1.48464e-05 8.38723e-01 2.77588e-17 9.67473e-04 
5570.00 1.45692e-05 8.39780e-01 2.78888e-17 9.56775e-04 
5580.00 1.43244e-05 8.40830e-01 2.81603e-17 9.52749e-04 
5587.77 1.42495e-05 8.41640e-01 2.84900e-17 9.61129e-04 
5590.00 1.42575e-05 8.41871e-01 2.85771e-17 9.65255e-04 
5600.00 1.44430e-05 8.42903e-01 2.88791e-17 9.91133e-04 
5610.00 1.46721e-05 8.43928e-01 2.92003e-17 1.02111e-03 
5615.71 1.47286e-05 8.44510e-01 2.93179e-17 1.03092e-03 
5620.00 1.47380e-05 8.44946e-01 2.93877e-17 1.03536e-03 
5630.00 1.47250e-05 8.45958e-01 2.95674e-17 1.04387e-03 
5640.00 1.47392e-05 8.46962e-01 2.97280e-17 1.05367e-03 
5643.79 1.47339e-05 8.47340e-01 2.97973e-17 1.05693e-03 
5650.00 1.46817e-05 8.47956e-01 2.99038e-17 1.05888e-03 
5660.00 1.44761e-05 8.48939e-01 2.99803e-17 1.04980e-03 
5670.00 1.43417e-05 8.49915e-01 2.99688e-17 1.04268e-03 
5672.01 1.43483e-05 8.50110e-01 2.99718e-17 1.04387e-03 
5680.00 1.44549e-05 8.50884e-01 2.99765e-17 1.05423e-03 
5690.00 1.45264e-05 8.51847e-01 2.98733e-17 1.05886e-03 
5700.00 1.43148e-05 8.52805e-01 2.97853e-17 1.04336e-03 
5700.37 1.43060e-05 8.52840e-01 2.97827e-17 1.04274e-03 
5710.00 1.42351e-05 8.53756e-01 2.97088e-17 1.03786e-03 
5720.00 1.46459e-05 8.54700e-01 2.96324e-17 1.06811e-03 
5728.87 1.50067e-05 8.55530e-01 2.96429e-17 1.09757e-03 
5730.00 1.50244e-05 8.55635e-01 2.96324e-17 1.09883e-03 
5740.00 1.48587e-05 8.56559e-01 2.94833e-17 1.08430e-03 
5750.00 1.45626e-05 8.57475e-01 2.96706e-17 1.07245e-03 
5757.52 1.45651e-05 8.58160e-01 2.96568e-17 1.07440e-03 
5760.00 1.45961e-05 8.58386e-01 2.96591e-17 1.07752e-03 
5770.00 1.46785e-05 8.59293e-01 2.98847e-17 1.09489e-03 
5780.00 1.44878e-05 8.60195e-01 3.02518e-17 1.09699e-03 
5786.30 1.43331e-05 8.60760e-01 3.07399e-17 1.10471e-03 
5790.00 1.42790e-05 8.61091e-01 3.10318e-17 1.11213e-03 
5800.00 1.43463e-05 8.61980e-01 3.16741e-17 1.14365e-03 
5810.00 1.45645e-05 8.62862e-01 3.26644e-17 1.20064e-03 
5815.23 1.46652e-05 8.63320e-01 3.30766e-17 1.22594e-03 
5820.00 1.47271e-05 8.63735e-01 3.34903e-17 1.24814e-03 
5830.00 1.47204e-05 8.64602e-01 3.48018e-17 1.29996e-03 
5840.00 1.45233e-05 8.65461e-01 3.59641e-17 1.32898e-03 
5844.31 1.44392e-05 8.65830e-01 3.63813e-17 1.33816e-03 
5850.00 1.43901e-05 8.66315e-01 3.69736e-17 1.35741e-03 
5860.00 1.44921e-05 8.67163e-01 3.82544e-17 1.41819e-03 
5870.00 1.43929e-05 8.68005e-01 3.92639e-17 1.44952e-03 
5873.53 1.42109e-05 8.68300e-01 3.95839e-17 1.44422e-03 
5880.00 1.37622e-05 8.68838e-01 4.01892e-17 1.42245e-03 
5890.00 1.33011e-05 8.69665e-01 4.11336e-17 1.41083e-03 
5900.00 1.36563e-05 8.70484e-01 4.17836e-17 1.47528e-03 
5902.90 1.38400e-05 8.70720e-01 4.19701e-17 1.50295e-03 
5910.00 1.42272e-05 8.71297e-01 4.24412e-17 1.56525e-03 
5920.00 1.43281e-05 8.72104e-01 4.29115e-17 1.59800e-03 
5930.00 1.41824e-05 8.72907e-01 4.29650e-17 1.58786e-03 
5932.41 1.41594e-05 8.73100e-01 4.30061e-17 1.58780e-03 
5940.00 1.41453e-05 8.73706e-01 4.31447e-17 1.59446e-03 
5950.00 1.41897e-05 8.74500e-01 4.29727e-17 1.59722e-03 
5960.00 1.42140e-05 8.75288e-01 4.27203e-17 1.59468e-03 
5962.08 1.42141e-05 8.75450e-01 4.26178e-17 1.59171e-03 
5970.00 1.41989e-05 8.76067e-01 4.20742e-17 1.57291e-03 
5980.00 1.41450e-05 8.76839e-01 4.12139e-17 1.53883e-03 
5990.00 1.40511e-05 8.77606e-01 4.00286e-17 1.48843e-03 
5991.89 1.40288e-05 8.77750e-01 3.98369e-17 1.47967e-03 
6000.00 1.39260e-05 8.78369e-01 3.90880e-17 1.44417e-03 
6010.00 1.38202e-05 8.79128e-01 3.79180e-17 1.39383e-03 
6020.00 1.37855e-05 8.79882e-01 3.67327e-17 1.35027e-03 
6021.85 1.37882e-05 8.80020e-01 3.65085e-17 1.34291e-03 
6030.00 1.38355e-05 8.80627e-01 3.55589e-17 1.31515e-03 
6040.00 1.39559e-05 8.81366e-01 3.46794e-17 1.29702e-03 
6050.00 1.40590e-05 8.82098e-01 3.39224e-17 1.28126e-03 
6051.96 1.40682e-05 8.82240e-01 3.37780e-17 1.27726e-03 
6060.00 1.40597e-05 8.82824e-01 3.33144e-17 1.26147e-03 
6070.00 1.39562e-05 8.83545e-01 3.31730e-17 1.24995e-03 
6080.00 1.37852e-05 8.84262e-01 3.29359e-17 1.22883e-03 
6082.21 1.37481e-05 8.84420e-01 3.28977e-17 1.22476e-03 
6090.00 1.36514e-05 8.84974e-01 3.28365e-17 1.21620e-03 
6100.00 1.36197e-05 8.85681e-01 3.28097e-17 1.21535e-03 
6110.00 1.35270e-05 8.86379e-01 3.28021e-17 1.20972e-03 
6112.63 1.34667e-05 8.86560e-01 3.27798e-17 1.20428e-03 
6120.00 1.32496e-05 8.87065e-01 3.26644e-17 1.18279e-03 
6130.00 1.30501e-05 8.87741e-01 3.24312e-17 1.15943e-03 
6140.00 1.31500e-05 8.88409e-01 3.21024e-17 1.15922e-03 
6143.19 1.31981e-05 8.88620e-01 3.19752e-17 1.15973e-03 
6150.00 1.32217e-05 8.89070e-01 3.17124e-17 1.15412e-03 
6160.00 1.29700e-05 8.89726e-01 3.14333e-17 1.12484e-03 
6170.00 1.27791e-05 8.90377e-01 3.11006e-17 1.09914e-03 
6173.91 1.28305e-05 8.90630e-01 3.09244e-17 1.09831e-03 
6180.00 1.30280e-05 8.91024e-01 3.07144e-17 1.10923e-03 
6190.00 1.33963e-05 8.91671e-01 3.07641e-17 1.14511e-03 
6200.00 1.35012e-05 8.92324e-01 3.09668e-17 1.16441e-03 
6204.77 1.34711e-05 8.92640e-01 3.12340e-17 1.17316e-03 
6210.00 1.34101e-05 8.92989e-01 3.16168e-17 1.18362e-03 
6220.00 1.32659e-05 8.93665e-01 3.24924e-17 1.20617e-03 
6230.00 1.30619e-05 8.94341e-01 3.39530e-17 1.24394e-03 
6235.80 1.29086e-05 8.94730e-01 3.50498e-17 1.27078e-03 
6240.00 1.28037e-05 8.95009e-01 3.59756e-17 1.29503e-03 
6250.00 1.26953e-05 8.95663e-01 3.86750e-17 1.38363e-03 
6260.00 1.28945e-05 8.96307e-01 4.20092e-17 1.53004e-03 
6266.98 1.31026e-05 8.96750e-01 4.48636e-17 1.66304e-03 
6270.00 1.31781e-05 8.96941e-01 4.62342e-17 1.72493e-03 
6280.00 1.32878e-05 8.97568e-01 5.13309e-17 1.93545e-03 
6290.00 1.32073e-05 8.98189e-01 5.74065e-17 2.15633e-03 
6298.31 1.30400e-05 8.98700e-01 6.31889e-17 2.34791e-03 
6300.00 1.30027e-05 8.98803e-01 6.44571e-17 2.38910e-03 
6310.00 1.28268e-05 8.99412e-01 7.28651e-17 2.67024e-03 
6320.00 1.28040e-05 9.00014e-01 8.30509e-17 3.04495e-03 
6329.80 1.28585e-05 9.00600e-01 9.42826e-17 3.47911e-03 
6330.00 1.28596e-05 9.00612e-01 9.45292e-17 3.48864e-03 
6340.00 1.28896e-05 9.01204e-01 1.08382e-16 4.01820e-03 
6350.00 1.28730e-05 9.01792e-01 1.23840e-16 4.59563e-03 
6360.00 1.28229e-05 9.02376e-01 1.40534e-16 5.20639e-03 
6361.45 1.28166e-05 9.02460e-01 1.43025e-16 5.29778e-03 
6370.00 1.28077e-05 9.02955e-01 1.57824e-16 5.85294e-03 
6380.00 1.28666e-05 9.03531e-01 1.74858e-16 6.52885e-03 
6390.00 1.28679e-05 9.04104e-01 1.90183e-16 7.11737e-03 
6393.26 1.28290e-05 9.04290e-01 1.94740e-16 7.27114e-03 
6400.00 1.27074e-05 9.04673e-01 2.03259e-16 7.52837e-03 
6410.00 1.25627e-05 9.05239e-01 2.12845e-16 7.81068e-03 
6420.00 1.26014e-05 9.05799e-01 2.17926e-16 8.03930e-03 
6425.23 1.26486e-05 9.06090e-01 2.18632e-16 8.10472e-03 
6430.00 1.26707e-05 9.06354e-01 2.18133e-16 8.10871e-03 
6440.00 1.26039e-05 9.06904e-01 2.13422e-16 7.90887e-03 
6450.00 1.25011e-05 9.07450e-01 2.03324e-16 7.48932e-03 
6457.35 1.24794e-05 9.07850e-01 1.93519e-16 7.12705e-03 
6460.00 1.24786e-05 9.07994e-01 1.89540e-16 6.98401e-03 
6470.00 1.24517e-05 9.08536e-01 1.72652e-16 6.36164e-03 
6480.00 1.23394e-05 9.09074e-01 1.54192e-16 5.64223e-03 
6489.64 1.22747e-05 9.09590e-01 1.35480e-16 4.94166e-03 
6490.00 1.22753e-05 9.09609e-01 1.34780e-16 4.91677e-03 
6500.00 1.23817e-05 9.10139e-01 1.15727e-16 4.26737e-03 
6510.00 1.25187e-05 9.10663e-01 9.76645e-17 3.64887e-03 
6520.00 1.25351e-05 9.11182e-01 8.15407e-17 3.05687e-03 
6522.09 1.25276e-05 9.11290e-01 7.84155e-17 2.93924e-03 
6530.00 1.24964e-05 9.11696e-01 6.75006e-17 2.52801e-03 
6540.00 1.24439e-05 9.12206e-01 5.57853e-17 2.08484e-03 
6550.00 1.21052e-05 9.12713e-01 4.42612e-17 1.61248e-03 
6554.70 1.17702e-05 9.12950e-01 3.92726e-17 1.39250e-03 
6560.00 1.13476e-05 9.13217e-01 3.53600e-17 1.21010e-03 
6570.00 1.09117e-05 9.13719e-01 3.31118e-17 1.09188e-03 
6580.00 1.14254e-05 9.14218e-01 2.72044e-17 9.41259e-04 
6587.47 1.20318e-05 9.14590e-01 2.34162e-17 8.54511e-04 
6590.00 1.21937e-05 9.14715e-01 2.24594e-17 8.31056e-04 
6600.00 1.24342e-05 9.15209e-01 1.94733e-17 7.36283e-04 
6610.00 1.23370e-05 9.15698e-01 1.67700e-17 6.30408e-04 
6620.00 1.22572e-05 9.16180e-01 1.48009e-17 5.53911e-04 
6620.41 1.22554e-05 9.16200e-01 1.47330e-17 5.51335e-04 
6630.00 1.22358e-05 9.16656e-01 1.32256e-17 4.95098e-04 
6640.00 1.22323e-05 9.17126e-01 1.16809e-17 4.38030e-04 
6650.00 1.21916e-05 9.17595e-01 1.04153e-17 3.90057e-04 
6653.51 1.21591e-05 9.17760e-01 9.99726e-18 3.73667e-04 
6660.00 1.20893e-05 9.18066e-01 9.31030e-18 3.46446e-04 
6670.00 1.20372e-05 9.18538e-01 8.59148e-18 3.18963e-04 
6680.00 1.21198e-05 9.19011e-01 7.89559e-18 2.95734e-04 
6686.78 1.21740e-05 9.19330e-01 7.45574e-18 2.80890e-04 
6690.00 1.21753e-05 9.19481e-01 7.25324e-18 2.73466e-04 
6700.00 1.20580e-05 9.19948e-01 6.68353e-18 2.50059e-04 
6710.00 1.19333e-05 9.20412e-01 6.33559e-18 2.35059e-04 
6720.00 1.19696e-05 9.20870e-01 5.91883e-18 2.20703e-04 
6720.21 1.19715e-05 9.20880e-01 5.91167e-18 2.20479e-04 
6730.00 1.20363e-05 9.21324e-01 5.68177e-18 2.13466e-04 
6740.00 1.19848e-05 9.21774e-01 5.41795e-18 2.03082e-04 
6750.00 1.18935e-05 9.22220e-01 5.18089e-18 1.93098e-04 
6753.81 1.18748e-05 9.22390e-01 5.14377e-18 1.91555e-04 
6760.00 1.18648e-05 9.22665e-01 5.08147e-18 1.89307e-04 
6770.00 1.18686e-05 9.23106e-01 4.84059e-18 1.80743e-04 
6780.00 1.18522e-05 9.23543e-01 4.69912e-18 1.75561e-04 
6787.58 1.18201e-05 9.23870e-01 4.51296e-18 1.68396e-04 
6790.00 1.18064e-05 9.23973e-01 4.44677e-18 1.65812e-04 
6800.00 1.17430e-05 9.24397e-01 4.20971e-18 1.56431e-04 
6810.00 1.17169e-05 9.24817e-01 3.98030e-18 1.47861e-04 
6820.00 1.17588e-05 9.25236e-01 3.75471e-18 1.40249e-04 
6821.52 1.17652e-05 9.25300e-01 3.72602e-18 1.39294e-04 
6830.00 1.17611e-05 9.25657e-01 3.56353e-18 1.33390e-04 
6840.00 1.16360e-05 9.26078e-01 3.29971e-18 1.22435e-04 
6850.00 1.15135e-05 9.26496e-01 3.10853e-18 1.14345e-04 
6855.63 1.15055e-05 9.26730e-01 3.00183e-18 1.10462e-04 
6860.00 1.15251e-05 9.26910e-01 2.91736e-18 1.07627e-04 
6870.00 1.15921e-05 9.27318e-01 2.73383e-18 1.01635e-04 
6880.00 1.16099e-05 9.27722e-01 2.56559e-18 9.57075e-05 
6889.91 1.15820e-05 9.28120e-01 2.49741e-18 9.31143e-05 
6890.00 1.15817e-05 9.28124e-01 2.49677e-18 9.30887e-05 
6900.00 1.15355e-05 9.28525e-01 2.37441e-18 8.83400e-05 
6910.00 1.14913e-05 9.28923e-01 2.20235e-18 8.17783e-05 
6920.00 1.14616e-05 9.29319e-01 2.17941e-18 8.08685e-05 
6924.36 1.14510e-05 9.29490e-01 2.12999e-18 7.90261e-05 
6930.00 1.14366e-05 9.29710e-01 2.05324e-18 7.61626e-05 
6940.00 1.14057e-05 9.30096e-01 2.00353e-18 7.42554e-05 
6950.00 1.13756e-05 9.30479e-01 1.91941e-18 7.10820e-05 
6958.98 1.13581e-05 9.30820e-01 1.91514e-18 7.09319e-05 
6960.00 1.13569e-05 9.30859e-01 1.91559e-18 7.09543e-05 
6970.00 1.13555e-05 9.31236e-01 1.89265e-18 7.02251e-05 
6980.00 1.13607e-05 9.31608e-01 1.84294e-18 6.85377e-05 
6990.00 1.12985e-05 9.31974e-01 1.75500e-18 6.50285e-05 
6993.77 1.12416e-05 9.32110e-01 1.74835e-18 6.45000e-05 
7000.00 1.11264e-05 9.32331e-01 1.75882e-18 6.42937e-05 
7010.00 1.09908e-05 9.32684e-01 1.75882e-18 6.36251e-05 
7020.00 1.10260e-05 9.33040e-01 1.75882e-18 6.39444e-05 
7028.74 1.11172e-05 9.33360e-01 1.71806e-18 6.30789e-05 
7030.00 1.11281e-05 9.33407e-01 1.71294e-18 6.29673e-05 
7040.00 1.11668e-05 9.33789e-01 1.68618e-18 6.23128e-05 
7050.00 1.11441e-05 9.34169e-01 1.64030e-18 6.06045e-05 
7060.00 1.10927e-05 9.34529e-01 1.69765e-18 6.25469e-05 
7063.88 1.10700e-05 9.34660e-01 1.71130e-18 6.29642e-05 
7070.00 1.10354e-05 9.34853e-01 1.70912e-18 6.27547e-05 
7080.00 1.09911e-05 9.35140e-01 1.68618e-18 6.17702e-05 
7090.00 1.09735e-05 9.35401e-01 1.69000e-18 6.19154e-05 
7099.20 1.09820e-05 9.35630e-01 1.69248e-18 6.21498e-05 
7100.00 1.09827e-05 9.35650e-01 1.69382e-18 6.22119e-05 
7110.00 1.09718e-05 9.35883e-01 1.72824e-18 6.35178e-05 
7120.00 1.09012e-05 9.36062e-01 1.76265e-18 6.44683e-05 
7130.00 1.08093e-05 9.36136e-01 1.81235e-18 6.58253e-05 
7134.70 1.07744e-05 9.36120e-01 1.80665e-18 6.54482e-05 
7140.00 1.07458e-05 9.36061e-01 1.78177e-18 6.44190e-05 
7150.00 1.07264e-05 9.35900e-01 1.72441e-18 6.23097e-05 
7160.00 1.07397e-05 9.35817e-01 1.65941e-18 6.01138e-05 
7170.00 1.06981e-05 9.35977e-01 1.64412e-18 5.94218e-05 
7170.37 1.06940e-05 9.35990e-01 1.64532e-18 5.94466e-05 
7180.00 1.05456e-05 9.36493e-01 1.67471e-18 5.97807e-05 
7190.00 1.04288e-05 9.37237e-01 1.59824e-18 5.65429e-05 
7200.00 1.04819e-05 9.38015e-01 1.56382e-18 5.57304e-05 
7206.23 1.05522e-05 9.38430e-01 1.55917e-18 5.60106e-05 
7210.00 1.05858e-05 9.38634e-01 1.54853e-18 5.58470e-05 
7220.00 1.06035e-05 9.39018e-01 1.48735e-18 5.38269e-05 
7230.00 1.05772e-05 9.39256e-01 1.47206e-18 5.32284e-05 
7240.00 1.05759e-05 9.39444e-01 1.47588e-18 5.34443e-05 
7242.26 1.05793e-05 9.39490e-01 1.47773e-18 5.35476e-05 
7250.00 1.05954e-05 9.39674e-01 1.46824e-18 5.33522e-05 
7260.00 1.06057e-05 9.39971e-01 1.38794e-18 5.05693e-05 
7270.00 1.05460e-05 9.40331e-01 1.33824e-18 4.85689e-05 
7278.47 1.04148e-05 9.40680e-01 1.39255e-18 4.99882e-05 
7280.00 1.03890e-05 9.40747e-01 1.39559e-18 4.99871e-05 
7290.00 1.02736e-05 9.41210e-01 1.31530e-18 4.66751e-05 
7300.00 1.03198e-05 9.41695e-01 1.25794e-18 4.49251e-05 
7310.00 1.04047e-05 9.42176e-01 1.24647e-18 4.49661e-05 
7314.86 1.04106e-05 9.42400e-01 1.23121e-18 4.44807e-05 
7320.00 1.03931e-05 9.42627e-01 1.21206e-18 4.37564e-05 
7330.00 1.03420e-05 9.43041e-01 1.20824e-18 4.34827e-05 
7340.00 1.03337e-05 9.43425e-01 1.21971e-18 4.39376e-05 
7350.00 1.03566e-05 9.43789e-01 1.07441e-18 3.88573e-05 
7351.43 1.03604e-05 9.43840e-01 1.06291e-18 3.84651e-05 
7360.00 1.03743e-05 9.44141e-01 1.05912e-18 3.84361e-05 
7370.00 1.03422e-05 9.44483e-01 1.02471e-18 3.71362e-05 
7380.00 1.02332e-05 9.44815e-01 9.67354e-19 3.47474e-05 
7388.19 1.01202e-05 9.45080e-01 9.74773e-19 3.46755e-05 
7390.00 1.00966e-05 9.45138e-01 9.75001e-19 3.46131e-05 
7400.00 9.99376e-06 9.45450e-01 9.52060e-19 3.35109e-05 
7410.00 9.95763e-06 9.45754e-01 9.86471e-19 3.46546e-05 
7420.00 9.99599e-06 9.46051e-01 9.86471e-19 3.48459e-05 
7425.13 1.00250e-05 9.46200e-01 9.90140e-19 3.51069e-05 
7430.00 1.00452e-05 9.46340e-01 9.97942e-19 3.54832e-05 
7440.00 1.00479e-05 9.46624e-01 1.00941e-18 3.59597e-05 
7450.00 1.00436e-05 9.46903e-01 1.01706e-18 3.62761e-05 
7460.00 1.00734e-05 9.47178e-01 1.06294e-18 3.80874e-05 
7462.26 1.00806e-05 9.47240e-01 1.08250e-18 3.88300e-05 
7470.00 1.00880e-05 9.47451e-01 1.11647e-18 4.01285e-05 
7480.00 1.00398e-05 9.47722e-01 1.00559e-18 3.60290e-05 
7490.00 9.98004e-06 9.47992e-01 1.02471e-18 3.65546e-05 
7499.57 9.96434e-06 9.48250e-01 1.10469e-18 3.94067e-05 
7500.00 9.96439e-06 9.48262e-01 1.10500e-18 3.94209e-05 
7510.00 9.96854e-06 9.48530e-01 1.03618e-18 3.70408e-05 
7520.00 9.95978e-06 9.48798e-01 1.01324e-18 3.62473e-05 
7530.00 9.95196e-06 9.49063e-01 9.78824e-19 3.50451e-05 
7537.07 9.95684e-06 9.49250e-01 9.45629e-19 3.39116e-05 
7540.00 9.95917e-06 9.49327e-01 9.32942e-19 3.34802e-05 
7550.00 9.94996e-06 9.49588e-01 9.17648e-19 3.29536e-05 
7560.00 9.89789e-06 9.49846e-01 9.48236e-19 3.39279e-05 
7570.00 9.84193e-06 9.50100e-01 8.87060e-19 3.16098e-05 
7574.75 9.82820e-06 9.50220e-01 8.75031e-19 3.11612e-05 
7580.00 9.82082e-06 9.50351e-01 8.71765e-19 3.10473e-05 
7590.00 9.80679e-06 9.50599e-01 8.41177e-19 2.99624e-05 
7600.00 9.76975e-06 9.50846e-01 8.18236e-19 2.90810e-05 
7610.00 9.73681e-06 9.51094e-01 7.99118e-19 2.83504e-05 
7612.63 9.73381e-06 9.51160e-01 7.79769e-19 2.76669e-05 
7620.00 9.73797e-06 9.51345e-01 7.41765e-19 2.63604e-05 
7630.00 9.75756e-06 9.51596e-01 8.10589e-19 2.89096e-05 
7640.00 9.76327e-06 9.51841e-01 7.57059e-19 2.70587e-05 
7650.00 9.70192e-06 9.52074e-01 7.60883e-19 2.70664e-05 
7650.69 9.69374e-06 9.52090e-01 7.62428e-19 2.71014e-05 
7660.00 9.55401e-06 9.52294e-01 7.53236e-19 2.64265e-05 
7670.00 9.45569e-06 9.52515e-01 7.07354e-19 2.45992e-05 
7680.00 9.51886e-06 9.52758e-01 8.18236e-19 2.86900e-05 
7688.94 9.59903e-06 9.53010e-01 7.97905e-19 2.82531e-05 
7690.00 9.60280e-06 9.53043e-01 7.87648e-19 2.79056e-05 
7700.00 9.56228e-06 9.53368e-01 7.07354e-19 2.49961e-05 
7710.00 9.48653e-06 9.53668e-01 7.53236e-19 2.64492e-05 
7720.00 9.48078e-06 9.53865e-01 7.03530e-19 2.47260e-05 
7727.39 9.48564e-06 9.53900e-01 7.07907e-19 2.49173e-05 
7730.00 9.47984e-06 9.53884e-01 7.07354e-19 2.48906e-05 
7740.00 9.41287e-06 9.53765e-01 6.65295e-19 2.32724e-05 
7750.00 9.35689e-06 9.53772e-01 7.03530e-19 2.44953e-05 
7760.00 9.39032e-06 9.54189e-01 6.84412e-19 2.39562e-05 
7766.03 9.42927e-06 9.54760e-01 6.32373e-19 2.22570e-05 
7770.00 9.44957e-06 9.55291e-01 6.04118e-19 2.13311e-05 
7780.00 9.45863e-06 9.56791e-01 6.04118e-19 2.14126e-05 
7790.00 9.43384e-06 9.57670e-01 6.11765e-19 2.16745e-05 
7800.00 9.40547e-06 9.56861e-01 5.73530e-19 2.02676e-05 
7804.86 9.38907e-06 9.55540e-01 5.81383e-19 2.04938e-05 
7810.00 9.36717e-06 9.53369e-01 6.00295e-19 2.10770e-05 
7820.00 9.31087e-06 9.47767e-01 6.07942e-19 2.11195e-05 
7830.00 9.25820e-06 9.42137e-01 5.77353e-19 1.98503e-05 
7840.00 9.23287e-06 9.38624e-01 5.23824e-19 1.79165e-05 
7843.88 9.23119e-06 9.38290e-01 5.35657e-19 1.83204e-05 
7850.00 9.23717e-06 9.39202e-01 5.73530e-19 1.96629e-05 
7860.00 9.26253e-06 9.43448e-01 5.96471e-19 2.06245e-05 
7870.00 9.27837e-06 9.49146e-01 6.04118e-19 2.10778e-05 
7880.00 9.25812e-06 9.54039e-01 5.81177e-19 2.03633e-05 
7883.10 9.24587e-06 9.55040e-01 5.82108e-19 2.03982e-05 
7890.00 9.21323e-06 9.56061e-01 5.88824e-19 2.06008e-05 
7900.00 9.15875e-06 9.55171e-01 5.69706e-19 1.98207e-05 
7910.00 9.08609e-06 9.52557e-01 5.69706e-19 1.96345e-05 
7920.00 8.99108e-06 9.49426e-01 5.58236e-19 1.89994e-05 
7922.51 8.96768e-06 9.48700e-01 5.61077e-19 1.90378e-05 
7930.00 8.91106e-06 9.46983e-01 5.96471e-19 2.00936e-05 
7940.00 8.88380e-06 9.46435e-01 6.42353e-19 2.15877e-05 
7950.00 8.90752e-06 9.48985e-01 5.27647e-19 1.78505e-05 
7960.00 8.96628e-06 9.55842e-01 5.42942e-19 1.86461e-05 
7962.13 8.98032e-06 9.57970e-01 5.48163e-19 1.89019e-05 
7970.00 9.02724e-06 9.68209e-01 5.46765e-19 1.91737e-05 
7980.00 9.05333e-06 9.87294e-01 5.31471e-19 1.90836e-05 
7990.00 9.00749e-06 1.01430e+00 4.89412e-19 1.79852e-05 
8000.00 8.85263e-06 1.05044e+00 5.23824e-19 1.96174e-05 
