##### EXOPHOT SPECTRAL OVERLAP FILE #####
# Date: 15/02/2022 10:07:51
# SED file: SED_g2v.txt
# atmosphere file: atm_g2v_hzi_os3.txt
# photopigment file: ChlB.txt
# Stellar radius (Rs in km): 6.963400e+05
# Exoplanet orbit semi-major axis (sma in km): 1.070123e+08
# Total absorption rate (gamma_t in s-1): 2.15941e+01
# B band absorption rate (gamma_B in s-1): 1.43487e+01
# Q band absorption rate (gamma_Q in s-1): 7.24537e+00
# B-Q bands cut-off (in nm): 500
# photosynthetic photon flux density [ppfd in micromol photon m-2 s-1]: 4.15744e+03
# Total Stellar Irradiance (S in W m-2): 2.62457e+03
# -------------------------------------------------
# Col 1: Wavelength (wl in Angstrom) 
# Col 2: Spectral Flux Density (F_l in J cm-2 s-1 A-1) 
# Col 3: Atmosphere transmitance (T, no units) 
# Col 4: Pigment absorption cross section (sigma_abs in cm2) 
# Col 5: Spectral Absorption Rate (Gamma_lambda in A-1 s-1)
3000.00 9.87223e-06 3.69567e-01 1.38924e-16 7.65476e-04 
3010.00 1.15609e-05 3.74221e-01 1.10076e-16 7.21608e-04 
3010.56 1.16281e-05 3.74480e-01 1.09684e-16 7.23852e-04 
3020.00 1.24302e-05 3.78861e-01 1.10817e-16 7.93407e-04 
3025.61 1.26783e-05 3.81460e-01 1.11610e-16 8.22147e-04 
3030.00 1.27990e-05 3.83490e-01 1.11624e-16 8.35706e-04 
3040.00 1.29862e-05 3.88109e-01 1.12293e-16 8.66135e-04 
3040.74 1.30016e-05 3.88450e-01 1.12353e-16 8.68593e-04 
3050.00 1.33107e-05 3.92717e-01 1.12966e-16 9.06679e-04 
3055.94 1.36583e-05 3.95450e-01 1.13322e-16 9.41606e-04 
3060.00 1.38960e-05 3.97312e-01 1.13517e-16 9.65444e-04 
3070.00 1.40833e-05 4.01891e-01 1.13788e-16 9.95342e-04 
3071.22 1.40382e-05 4.02450e-01 1.13822e-16 9.94224e-04 
3080.00 1.34192e-05 4.06455e-01 1.14022e-16 9.64271e-04 
3086.58 1.30486e-05 4.09450e-01 1.13936e-16 9.45859e-04 
3090.00 1.30535e-05 4.11006e-01 1.13827e-16 9.49951e-04 
3100.00 1.39892e-05 4.15541e-01 1.13471e-16 1.02938e-03 
3102.01 1.42470e-05 4.16450e-01 1.13420e-16 1.05085e-03 
3110.00 1.50379e-05 4.20051e-01 1.13169e-16 1.11918e-03 
3117.52 1.50411e-05 4.23430e-01 1.12609e-16 1.12555e-03 
3120.00 1.49086e-05 4.24542e-01 1.12366e-16 1.11705e-03 
3130.00 1.40910e-05 4.29021e-01 1.11322e-16 1.06040e-03 
3133.11 1.38409e-05 4.30410e-01 1.11039e-16 1.04333e-03 
3140.00 1.34400e-05 4.33481e-01 1.10447e-16 1.01713e-03 
3148.77 1.34307e-05 4.37380e-01 1.09588e-16 1.02043e-03 
3150.00 1.34897e-05 4.37923e-01 1.09464e-16 1.02543e-03 
3160.00 1.43529e-05 4.42349e-01 1.08535e-16 1.09618e-03 
3164.52 1.46946e-05 4.44340e-01 1.08210e-16 1.12557e-03 
3170.00 1.47776e-05 4.46746e-01 1.07881e-16 1.13656e-03 
3180.00 1.38108e-05 4.51121e-01 1.07411e-16 1.07130e-03 
3180.34 1.37688e-05 4.51270e-01 1.07400e-16 1.06840e-03 
3190.00 1.30600e-05 4.55486e-01 1.07273e-16 1.02476e-03 
3196.24 1.34936e-05 4.58200e-01 1.07371e-16 1.06815e-03 
3200.00 1.39341e-05 4.59826e-01 1.07483e-16 1.10940e-03 
3210.00 1.44882e-05 4.64134e-01 1.08003e-16 1.17361e-03 
3212.22 1.42991e-05 4.65090e-01 1.08192e-16 1.16351e-03 
3220.00 1.29856e-05 4.68428e-01 1.08967e-16 1.07443e-03 
3228.29 1.18883e-05 4.71970e-01 1.09787e-16 1.00111e-03 
3230.00 1.18779e-05 4.72700e-01 1.09980e-16 1.00407e-03 
3240.00 1.36459e-05 4.76939e-01 1.11372e-16 1.18225e-03 
3244.43 1.49943e-05 4.78810e-01 1.12063e-16 1.31406e-03 
3250.00 1.67015e-05 4.81163e-01 1.12932e-16 1.48480e-03 
3260.00 1.88893e-05 4.85368e-01 1.14473e-16 1.72239e-03 
3260.65 1.89881e-05 4.85640e-01 1.14581e-16 1.73434e-03 
3270.00 1.98573e-05 4.89542e-01 1.16193e-16 1.85936e-03 
3276.95 1.98899e-05 4.92430e-01 1.17250e-16 1.89444e-03 
3280.00 1.97822e-05 4.93694e-01 1.17654e-16 1.89730e-03 
3290.00 1.91539e-05 4.97818e-01 1.18778e-16 1.87579e-03 
3293.34 1.89174e-05 4.99180e-01 1.19109e-16 1.86476e-03 
3300.00 1.84842e-05 5.01871e-01 1.19654e-16 1.84398e-03 
3309.80 1.80628e-05 5.05800e-01 1.20094e-16 1.82815e-03 
3310.00 1.80583e-05 5.05879e-01 1.20101e-16 1.82819e-03 
3320.00 1.80391e-05 5.09897e-01 1.20392e-16 1.85078e-03 
3326.35 1.81968e-05 5.12450e-01 1.20382e-16 1.87975e-03 
3330.00 1.83268e-05 5.13913e-01 1.20346e-16 1.90009e-03 
3340.00 1.85769e-05 5.17910e-01 1.20212e-16 1.94467e-03 
3342.98 1.84952e-05 5.19100e-01 1.20100e-16 1.94049e-03 
3350.00 1.77305e-05 5.21891e-01 1.19719e-16 1.86823e-03 
3359.70 1.53247e-05 5.25730e-01 1.19108e-16 1.62300e-03 
3360.00 1.52440e-05 5.25849e-01 1.19088e-16 1.61469e-03 
3370.00 1.33506e-05 5.29774e-01 1.18392e-16 1.42059e-03 
3376.50 1.35690e-05 5.32310e-01 1.17893e-16 1.44740e-03 
3380.00 1.40474e-05 5.33673e-01 1.17600e-16 1.50009e-03 
3390.00 1.56086e-05 5.37547e-01 1.16645e-16 1.67020e-03 
3393.38 1.58891e-05 5.38850e-01 1.16278e-16 1.70067e-03 
3400.00 1.60327e-05 5.41391e-01 1.15528e-16 1.71636e-03 
3410.00 1.59350e-05 5.45208e-01 1.14381e-16 1.70587e-03 
3410.35 1.59377e-05 5.45340e-01 1.14340e-16 1.70613e-03 
3420.00 1.62872e-05 5.49001e-01 1.13123e-16 1.74149e-03 
3427.40 1.67241e-05 5.51790e-01 1.12057e-16 1.78421e-03 
3430.00 1.68683e-05 5.52767e-01 1.11655e-16 1.79766e-03 
3440.00 1.72691e-05 5.56503e-01 1.10087e-16 1.83213e-03 
3444.54 1.73931e-05 5.58190e-01 1.09448e-16 1.84256e-03 
3450.00 1.75203e-05 5.60216e-01 1.08627e-16 1.85172e-03 
3460.00 1.77727e-05 5.63905e-01 1.06791e-16 1.86421e-03 
3461.76 1.78312e-05 5.64550e-01 1.06491e-16 1.86818e-03 
3470.00 1.82171e-05 5.67560e-01 1.05231e-16 1.90060e-03 
3479.07 1.89101e-05 5.70850e-01 1.03908e-16 1.96450e-03 
3480.00 1.89951e-05 5.71187e-01 1.03782e-16 1.97263e-03 
3490.00 2.00101e-05 5.74793e-01 1.02593e-16 2.07313e-03 
3496.46 2.06798e-05 5.77110e-01 1.01915e-16 2.14088e-03 
3500.00 2.09608e-05 5.78374e-01 1.01564e-16 2.16945e-03 
3510.00 2.09635e-05 5.81927e-01 1.00708e-16 2.17083e-03 
3513.95 2.05178e-05 5.83320e-01 1.00461e-16 2.12693e-03 
3520.00 1.96381e-05 5.85449e-01 1.00142e-16 2.04019e-03 
3530.00 1.91994e-05 5.88943e-01 9.97063e-17 2.00347e-03 
3531.51 1.93851e-05 5.89470e-01 9.96751e-17 2.02489e-03 
3540.00 2.12655e-05 5.92412e-01 9.95724e-17 2.23545e-03 
3549.17 2.25156e-05 5.95570e-01 9.92880e-17 2.37884e-03 
3550.00 2.24709e-05 5.95854e-01 9.92666e-17 2.37528e-03 
3560.00 1.97418e-05 5.99266e-01 9.91060e-17 2.10126e-03 
3566.92 1.70748e-05 6.01610e-01 9.88935e-17 1.82413e-03 
3570.00 1.61558e-05 6.02650e-01 9.88001e-17 1.72879e-03 
3580.00 1.52621e-05 6.06011e-01 9.85821e-17 1.64323e-03 
3584.75 1.56400e-05 6.07600e-01 9.83929e-17 1.68733e-03 
3590.00 1.63463e-05 6.09348e-01 9.80430e-17 1.76490e-03 
3600.00 1.78376e-05 6.12659e-01 9.68960e-17 1.91906e-03 
3602.68 1.82032e-05 6.13540e-01 9.64953e-17 1.95454e-03 
3610.00 1.90030e-05 6.15936e-01 9.52557e-17 2.02619e-03 
3620.00 1.94473e-05 6.19186e-01 9.33477e-17 2.04840e-03 
3620.69 1.94528e-05 6.19410e-01 9.32088e-17 2.04707e-03 
3630.00 1.92881e-05 6.22420e-01 9.13289e-17 2.00360e-03 
3638.79 1.93924e-05 6.25240e-01 8.98287e-17 1.99515e-03 
3640.00 1.95771e-05 6.25625e-01 8.96733e-17 2.01257e-03 
3650.00 2.24311e-05 6.28792e-01 8.90157e-17 2.30696e-03 
3656.99 2.35541e-05 6.30990e-01 8.90623e-17 2.43686e-03 
3660.00 2.36810e-05 6.31935e-01 8.90348e-17 2.45491e-03 
3670.00 2.31466e-05 6.35062e-01 8.83198e-17 2.39856e-03 
3675.27 2.26033e-05 6.36700e-01 8.78126e-17 2.33817e-03 
3680.00 2.21629e-05 6.38161e-01 8.72607e-17 2.28637e-03 
3690.00 2.19802e-05 6.41228e-01 8.57886e-17 2.24607e-03 
3693.65 2.23184e-05 6.42340e-01 8.53540e-17 2.27526e-03 
3700.00 2.30901e-05 6.44268e-01 8.47027e-17 2.34701e-03 
3710.00 2.30337e-05 6.47291e-01 8.35633e-17 2.32689e-03 
3712.12 2.25818e-05 6.47930e-01 8.33181e-17 2.27810e-03 
3720.00 1.98687e-05 6.50304e-01 8.25807e-17 1.99816e-03 
3730.00 1.66695e-05 6.53254e-01 8.21677e-17 1.68011e-03 
3730.68 1.65591e-05 6.53450e-01 8.21339e-17 1.66910e-03 
3740.00 1.66818e-05 6.56089e-01 8.15559e-17 1.68056e-03 
3749.33 1.86530e-05 6.58710e-01 8.12012e-17 1.88314e-03 
3750.00 1.88187e-05 6.58900e-01 8.11774e-17 1.90019e-03 
3760.00 2.11551e-05 6.61781e-01 8.07301e-17 2.13932e-03 
3768.08 2.25303e-05 6.64120e-01 8.02857e-17 2.27874e-03 
3770.00 2.27452e-05 6.64673e-01 8.01527e-17 2.29975e-03 
3780.00 2.32189e-05 6.67520e-01 7.90974e-17 2.33284e-03 
3786.92 2.33741e-05 6.69470e-01 7.79285e-17 2.32472e-03 
3790.00 2.35297e-05 6.70336e-01 7.73959e-17 2.32911e-03 
3800.00 2.42114e-05 6.73133e-01 7.57901e-17 2.36287e-03 
3805.85 2.38437e-05 6.74760e-01 7.45690e-17 2.29856e-03 
3810.00 2.27954e-05 6.75908e-01 7.35839e-17 2.17453e-03 
3820.00 1.76759e-05 6.78657e-01 7.09724e-17 1.63722e-03 
3824.88 1.51916e-05 6.79990e-01 6.95083e-17 1.38256e-03 
3830.00 1.36996e-05 6.81382e-01 6.78983e-17 1.22203e-03 
3840.00 1.52565e-05 6.84084e-01 6.47095e-17 1.30553e-03 
3844.01 1.66753e-05 6.85160e-01 6.33652e-17 1.40096e-03 
3850.00 1.84564e-05 6.86763e-01 6.13409e-17 1.50692e-03 
3860.00 1.88480e-05 6.89419e-01 5.81980e-17 1.46949e-03 
3863.23 1.85642e-05 6.90270e-01 5.72626e-17 1.42705e-03 
3870.00 1.80158e-05 6.92048e-01 5.53800e-17 1.34517e-03 
3880.00 1.85687e-05 6.94652e-01 5.28106e-17 1.33053e-03 
3882.54 1.90296e-05 6.95310e-01 5.22643e-17 1.35162e-03 
3890.00 2.11770e-05 6.97233e-01 5.09256e-17 1.47249e-03 
3900.00 2.49894e-05 6.99792e-01 4.95033e-17 1.69960e-03 
3901.96 2.54804e-05 7.00290e-01 4.92523e-17 1.72630e-03 
3910.00 2.50062e-05 7.02329e-01 4.84059e-17 1.67335e-03 
3920.00 1.81472e-05 7.04843e-01 4.79547e-17 1.21044e-03 
3921.46 1.70199e-05 7.05210e-01 4.79093e-17 1.13519e-03 
3930.00 1.31590e-05 7.07337e-01 4.78286e-17 8.80749e-04 
3940.00 1.75924e-05 7.09807e-01 4.84480e-17 1.19994e-03 
3941.07 1.83227e-05 7.10070e-01 4.85231e-17 1.25250e-03 
3950.00 2.23890e-05 7.12251e-01 4.91706e-17 1.55917e-03 
3960.00 1.87406e-05 7.14673e-01 5.03445e-17 1.34419e-03 
3960.78 1.83018e-05 7.14860e-01 5.04534e-17 1.31616e-03 
3970.00 1.54497e-05 7.17073e-01 5.17936e-17 1.14676e-03 
3980.00 2.16790e-05 7.19452e-01 5.31433e-17 1.66072e-03 
3980.58 2.22252e-05 7.19590e-01 5.32217e-17 1.70565e-03 
3990.00 3.04201e-05 7.21810e-01 5.45503e-17 2.40590e-03 
4000.00 3.32872e-05 7.24147e-01 5.61142e-17 2.72371e-03 
4000.48 3.32949e-05 7.24260e-01 5.61960e-17 2.72906e-03 
4010.00 3.25538e-05 7.26463e-01 5.77927e-17 2.75903e-03 
4020.00 3.21775e-05 7.28759e-01 5.90812e-17 2.80372e-03 
4020.49 3.21769e-05 7.28870e-01 5.91361e-17 2.80704e-03 
4030.00 3.21922e-05 7.31033e-01 6.02780e-17 2.87790e-03 
4040.00 3.18157e-05 7.33288e-01 6.17998e-17 2.93230e-03 
4040.59 3.17771e-05 7.33420e-01 6.18804e-17 2.93352e-03 
4050.00 3.09259e-05 7.35523e-01 6.30080e-17 2.92208e-03 
4060.00 2.98385e-05 7.37736e-01 6.44839e-17 2.90120e-03 
4060.79 2.97820e-05 7.37910e-01 6.46272e-17 2.90340e-03 
4070.00 2.99621e-05 7.39924e-01 6.64606e-17 3.01885e-03 
4080.00 3.21901e-05 7.42093e-01 6.85101e-17 3.36139e-03 
4081.10 3.24799e-05 7.42330e-01 6.87628e-17 3.40617e-03 
4090.00 3.42632e-05 7.44247e-01 7.11789e-17 3.73717e-03 
4100.00 3.40404e-05 7.46381e-01 7.45856e-17 3.91127e-03 
4101.50 3.38784e-05 7.46700e-01 7.51260e-17 3.92397e-03 
4110.00 3.30079e-05 7.48492e-01 7.84283e-17 4.00907e-03 
4120.00 3.29653e-05 7.50582e-01 8.33492e-17 4.27738e-03 
4122.01 3.30443e-05 7.51000e-01 8.44685e-17 4.34975e-03 
4130.00 3.33371e-05 7.52657e-01 8.92871e-17 4.65787e-03 
4140.00 3.32738e-05 7.54715e-01 9.61389e-17 5.03162e-03 
4142.62 3.32258e-05 7.55250e-01 9.81176e-17 5.13466e-03 
4150.00 3.32046e-05 7.56749e-01 1.04168e-16 5.46836e-03 
4160.00 3.35711e-05 7.58763e-01 1.13437e-16 6.05119e-03 
4163.33 3.36691e-05 7.59430e-01 1.16720e-16 6.25500e-03 
4170.00 3.35859e-05 7.60761e-01 1.23607e-16 6.62992e-03 
4180.00 3.25987e-05 7.62744e-01 1.34795e-16 7.05265e-03 
4184.15 3.21360e-05 7.63560e-01 1.39590e-16 7.21469e-03 
4190.00 3.17368e-05 7.64704e-01 1.46537e-16 7.50138e-03 
4200.00 3.20346e-05 7.66643e-01 1.58902e-16 8.25116e-03 
4205.07 3.23068e-05 7.67620e-01 1.65022e-16 8.66322e-03 
4210.00 3.23783e-05 7.68568e-01 1.70786e-16 9.00726e-03 
4220.00 3.16556e-05 7.70477e-01 1.81702e-16 9.41467e-03 
4226.10 3.11026e-05 7.71630e-01 1.87519e-16 9.57442e-03 
4230.00 3.09094e-05 7.72363e-01 1.90993e-16 9.70943e-03 
4240.00 3.11914e-05 7.74230e-01 1.99252e-16 1.02706e-02 
4247.23 3.14618e-05 7.75580e-01 2.04278e-16 1.06576e-02 
4250.00 3.14326e-05 7.76100e-01 2.05974e-16 1.07503e-02 
4260.00 3.05175e-05 7.77963e-01 2.10983e-16 1.07420e-02 
4268.46 2.94273e-05 7.79480e-01 2.13801e-16 1.05380e-02 
4270.00 2.92648e-05 7.79746e-01 2.14198e-16 1.05067e-02 
4280.00 2.84344e-05 7.81423e-01 2.16098e-16 1.03454e-02 
4289.80 2.66743e-05 7.83060e-01 2.16801e-16 9.77938e-03 
4290.00 2.66168e-05 7.83093e-01 2.16802e-16 9.75918e-03 
4300.00 2.31065e-05 7.84844e-01 2.16305e-16 8.49133e-03 
4310.00 2.21824e-05 7.86628e-01 2.15487e-16 8.15828e-03 
4311.25 2.25205e-05 7.86850e-01 2.15373e-16 8.28299e-03 
4320.00 2.71381e-05 7.88380e-01 2.14393e-16 9.97548e-03 
4330.00 3.23424e-05 7.90100e-01 2.12955e-16 1.18619e-02 
4332.81 3.28256e-05 7.90580e-01 2.12693e-16 1.20394e-02 
4340.00 3.22771e-05 7.91807e-01 2.12592e-16 1.18706e-02 
4350.00 3.08015e-05 7.93506e-01 2.13892e-16 1.14480e-02 
4354.47 3.11620e-05 7.94260e-01 2.14865e-16 1.16577e-02 
4360.00 3.23181e-05 7.95187e-01 2.16603e-16 1.22177e-02 
4370.00 3.40234e-05 7.96849e-01 2.22063e-16 1.32445e-02 
4376.25 3.34851e-05 7.97880e-01 2.27094e-16 1.33666e-02 
4380.00 3.27273e-05 7.98497e-01 2.30720e-16 1.32943e-02 
4390.00 3.08991e-05 8.00133e-01 2.42683e-16 1.32598e-02 
4398.13 3.11807e-05 8.01450e-01 2.55396e-16 1.41308e-02 
4400.00 3.14484e-05 8.01752e-01 2.58826e-16 1.44552e-02 
4410.00 3.33861e-05 8.03354e-01 2.79921e-16 1.66675e-02 
4420.00 3.50174e-05 8.04941e-01 3.03489e-16 1.90343e-02 
4420.12 3.50317e-05 8.04960e-01 3.03791e-16 1.90620e-02 
4430.00 3.57254e-05 8.06516e-01 3.31684e-16 2.13128e-02 
4440.00 3.54577e-05 8.08076e-01 3.63584e-16 2.32848e-02 
4442.22 3.53690e-05 8.08420e-01 3.71067e-16 2.37266e-02 
4450.00 3.53429e-05 8.09620e-01 3.98519e-16 2.55456e-02 
4460.00 3.63031e-05 8.11148e-01 4.35760e-16 2.88104e-02 
4464.43 3.68192e-05 8.11820e-01 4.51927e-16 3.03593e-02 
4470.00 3.72531e-05 8.12662e-01 4.72011e-16 3.21555e-02 
4480.00 3.72202e-05 8.14163e-01 5.07685e-16 3.46965e-02 
4486.75 3.73522e-05 8.15170e-01 5.29977e-16 3.64483e-02 
4490.00 3.76871e-05 8.15652e-01 5.40231e-16 3.75359e-02 
4500.00 3.98397e-05 8.17128e-01 5.69106e-16 4.19696e-02 
4509.19 4.12177e-05 8.18470e-01 5.88292e-16 4.50506e-02 
4510.00 4.12207e-05 8.18588e-01 5.89726e-16 4.51785e-02 
4520.00 3.96088e-05 8.20032e-01 6.03824e-16 4.46267e-02 
4530.00 3.73689e-05 8.21463e-01 6.08324e-16 4.25848e-02 
4531.73 3.71714e-05 8.21710e-01 6.08281e-16 4.23857e-02 
4540.00 3.72061e-05 8.22885e-01 6.04833e-16 4.23222e-02 
4550.00 3.86014e-05 8.24295e-01 5.92678e-16 4.31956e-02 
4554.39 3.93669e-05 8.24910e-01 5.85079e-16 4.35618e-02 
4560.00 4.02440e-05 8.25691e-01 5.73446e-16 4.37420e-02 
4570.00 4.08810e-05 8.27070e-01 5.47285e-16 4.25713e-02 
4577.16 4.02362e-05 8.28050e-01 5.25048e-16 4.03081e-02 
4580.00 3.98350e-05 8.28437e-01 5.15649e-16 3.92344e-02 
4590.00 3.86728e-05 8.29791e-01 4.81085e-16 3.56723e-02 
4600.00 3.89020e-05 8.31134e-01 4.45606e-16 3.33637e-02 
4600.05 3.89053e-05 8.31140e-01 4.45433e-16 3.33543e-02 
4610.00 3.95494e-05 8.32464e-01 4.08392e-16 3.12037e-02 
4620.00 3.94311e-05 8.33781e-01 3.70799e-16 2.83527e-02 
4623.05 3.92934e-05 8.34180e-01 3.59164e-16 2.73983e-02 
4630.00 3.90016e-05 8.35085e-01 3.32521e-16 2.52428e-02 
4640.00 3.89571e-05 8.36378e-01 2.95624e-16 2.24994e-02 
4646.16 3.91430e-05 8.37170e-01 2.74828e-16 2.10643e-02 
4650.00 3.93226e-05 8.37661e-01 2.62528e-16 2.02424e-02 
4660.00 3.99049e-05 8.38935e-01 2.32054e-16 1.82244e-02 
4669.39 4.02977e-05 8.40120e-01 2.04957e-16 1.63105e-02 
4670.00 4.03090e-05 8.40196e-01 2.03186e-16 1.61777e-02 
4680.00 4.01775e-05 8.41441e-01 1.74418e-16 1.38921e-02 
4690.00 3.95040e-05 8.42674e-01 1.50552e-16 1.18326e-02 
4692.74 3.92386e-05 8.43010e-01 1.44381e-16 1.12826e-02 
4700.00 3.85197e-05 8.43898e-01 1.28417e-16 9.87682e-03 
4710.00 3.80554e-05 8.45112e-01 1.08393e-16 8.26565e-03 
4716.20 3.83746e-05 8.45860e-01 9.73200e-17 7.49998e-03 
4720.00 3.87374e-05 8.46315e-01 9.10345e-17 7.09142e-03 
4730.00 3.97755e-05 8.47505e-01 7.63292e-17 6.12680e-03 
4739.79 4.02760e-05 8.48660e-01 6.47748e-17 5.28285e-03 
4740.00 4.02813e-05 8.48685e-01 6.45412e-17 5.26488e-03 
4750.00 4.03886e-05 8.49856e-01 5.43515e-17 4.46101e-03 
4760.00 4.04199e-05 8.51018e-01 4.60430e-17 3.79514e-03 
4763.48 4.04261e-05 8.51420e-01 4.35830e-17 3.59725e-03 
4770.00 4.04279e-05 8.52168e-01 3.94053e-17 3.25989e-03 
4780.00 4.03848e-05 8.53306e-01 3.37465e-17 2.79835e-03 
4787.30 4.02758e-05 8.54130e-01 3.03606e-17 2.51706e-03 
4790.00 4.02106e-05 8.54433e-01 2.92500e-17 2.42328e-03 
4800.00 3.98986e-05 8.55548e-01 2.56444e-17 2.11524e-03 
4810.00 3.97886e-05 8.56654e-01 2.28341e-17 1.88459e-03 
4811.24 3.98096e-05 8.56790e-01 2.25434e-17 1.86235e-03 
4820.00 4.01106e-05 8.57751e-01 2.07618e-17 1.73323e-03 
4830.00 4.03118e-05 8.58839e-01 1.90527e-17 1.60387e-03 
4835.29 4.01246e-05 8.59410e-01 1.82452e-17 1.53146e-03 
4840.00 3.97173e-05 8.59915e-01 1.75462e-17 1.46011e-03 
4850.00 3.79496e-05 8.60979e-01 1.59977e-17 1.27621e-03 
4859.47 3.53664e-05 8.61980e-01 1.49767e-17 1.11691e-03 
4860.00 3.52321e-05 8.62036e-01 1.49844e-17 1.11343e-03 
4870.00 3.38956e-05 8.63087e-01 1.58677e-17 1.13805e-03 
4880.00 3.57379e-05 8.64130e-01 1.50150e-17 1.13914e-03 
4883.77 3.68121e-05 8.64520e-01 1.46764e-17 1.14832e-03 
4890.00 3.83179e-05 8.65161e-01 1.43918e-17 1.17448e-03 
4900.00 3.89629e-05 8.66181e-01 1.42885e-17 1.18951e-03 
4908.19 3.84607e-05 8.67010e-01 1.41887e-17 1.16903e-03 
4910.00 3.83127e-05 8.67193e-01 1.41738e-17 1.16399e-03 
4920.00 3.76503e-05 8.68197e-01 1.41624e-17 1.14660e-03 
4930.00 3.75182e-05 8.69191e-01 1.40553e-17 1.13754e-03 
4932.73 3.76179e-05 8.69460e-01 1.40390e-17 1.14022e-03 
4940.00 3.81103e-05 8.70173e-01 1.40056e-17 1.15505e-03 
4950.00 3.89655e-05 8.71146e-01 1.38947e-17 1.17530e-03 
4957.39 3.94177e-05 8.71860e-01 1.39151e-17 1.19344e-03 
4960.00 3.95029e-05 8.72111e-01 1.39406e-17 1.19919e-03 
4970.00 3.93184e-05 8.73072e-01 1.41050e-17 1.21143e-03 
4980.00 3.82244e-05 8.74024e-01 1.42885e-17 1.19675e-03 
4982.18 3.79087e-05 8.74230e-01 1.42441e-17 1.18397e-03 
4990.00 3.67232e-05 8.74964e-01 1.40247e-17 1.13201e-03 
5000.00 3.54905e-05 8.75895e-01 1.42235e-17 1.11292e-03 
5007.09 3.51516e-05 8.76550e-01 1.42272e-17 1.10497e-03 
5010.00 3.52072e-05 8.76818e-01 1.42044e-17 1.10593e-03 
5020.00 3.61789e-05 8.77737e-01 1.42159e-17 1.14083e-03 
5030.00 3.72038e-05 8.78648e-01 1.42503e-17 1.17955e-03 
5032.12 3.72833e-05 8.78840e-01 1.42431e-17 1.18223e-03 
5040.00 3.72087e-05 8.79548e-01 1.42159e-17 1.18041e-03 
5050.00 3.71424e-05 8.80438e-01 1.42771e-17 1.18692e-03 
5057.29 3.76857e-05 8.81080e-01 1.42384e-17 1.20364e-03 
5060.00 3.79514e-05 8.81318e-01 1.42121e-17 1.21085e-03 
5070.00 3.85515e-05 8.82191e-01 1.41432e-17 1.22768e-03 
5080.00 3.78889e-05 8.83058e-01 1.41662e-17 1.21211e-03 
5082.57 3.76264e-05 8.83280e-01 1.41970e-17 1.20724e-03 
5090.00 3.70621e-05 8.83919e-01 1.42885e-17 1.19942e-03 
5100.00 3.72271e-05 8.84773e-01 1.43230e-17 1.21120e-03 
5107.98 3.75812e-05 8.85450e-01 1.44012e-17 1.23227e-03 
5110.00 3.76180e-05 8.85620e-01 1.43956e-17 1.23372e-03 
5120.00 3.73184e-05 8.86457e-01 1.42427e-17 1.21441e-03 
5130.00 3.67313e-05 8.87288e-01 1.44530e-17 1.21646e-03 
5133.52 3.65807e-05 8.87580e-01 1.45184e-17 1.21819e-03 
5140.00 3.63128e-05 8.88114e-01 1.46212e-17 1.22011e-03 
5150.00 3.54115e-05 8.88934e-01 1.48697e-17 1.21352e-03 
5159.19 3.36786e-05 8.89680e-01 1.49430e-17 1.16287e-03 
5160.00 3.35090e-05 8.89745e-01 1.49424e-17 1.15723e-03 
5170.00 3.17285e-05 8.90544e-01 1.49997e-17 1.10307e-03 
5180.00 3.12976e-05 8.91336e-01 1.53553e-17 1.11703e-03 
5184.99 3.16074e-05 8.91730e-01 1.54370e-17 1.13568e-03 
5190.00 3.22200e-05 8.92125e-01 1.54968e-17 1.16381e-03 
5200.00 3.40197e-05 8.92911e-01 1.57950e-17 1.25599e-03 
5210.00 3.55255e-05 8.93689e-01 1.61468e-17 1.34454e-03 
5210.91 3.56020e-05 8.93760e-01 1.61855e-17 1.35101e-03 
5220.00 3.58747e-05 8.94457e-01 1.65368e-17 1.39442e-03 
5230.00 3.61343e-05 8.95216e-01 1.67127e-17 1.42337e-03 
5236.97 3.68600e-05 8.95740e-01 1.71112e-17 1.48943e-03 
5240.00 3.71868e-05 8.95967e-01 1.72977e-17 1.52028e-03 
5250.00 3.72468e-05 8.96715e-01 1.76838e-17 1.56100e-03 
5260.00 3.49154e-05 8.97457e-01 1.80318e-17 1.49616e-03 
5263.15 3.40849e-05 8.97690e-01 1.81554e-17 1.47185e-03 
5270.00 3.30062e-05 8.98194e-01 1.84906e-17 1.45429e-03 
5280.00 3.42573e-05 8.98924e-01 1.91865e-17 1.57047e-03 
5289.47 3.67667e-05 8.99610e-01 1.98349e-17 1.74693e-03 
5290.00 3.68943e-05 8.99648e-01 1.98709e-17 1.75642e-03 
5300.00 3.84353e-05 9.00365e-01 2.05133e-17 1.89401e-03 
5310.00 3.80833e-05 9.01074e-01 2.10447e-17 1.93044e-03 
5315.92 3.69407e-05 9.01490e-01 2.14702e-17 1.91339e-03 
5320.00 3.59926e-05 9.01775e-01 2.17521e-17 1.89081e-03 
5330.00 3.44391e-05 9.02469e-01 2.23103e-17 1.86055e-03 
5340.00 3.53213e-05 9.03158e-01 2.30980e-17 1.98079e-03 
5342.50 3.57542e-05 9.03330e-01 2.32135e-17 2.01642e-03 
5350.00 3.69079e-05 9.03845e-01 2.35224e-17 2.11335e-03 
5360.00 3.72056e-05 9.04528e-01 2.43406e-17 2.21029e-03 
5369.21 3.68319e-05 9.05150e-01 2.45403e-17 2.21136e-03 
5370.00 3.68033e-05 9.05203e-01 2.45547e-17 2.21139e-03 
5380.00 3.66280e-05 9.05869e-01 2.49944e-17 2.24609e-03 
5390.00 3.63770e-05 9.06526e-01 2.55488e-17 2.28607e-03 
5396.05 3.59844e-05 9.06920e-01 2.57807e-17 2.28548e-03 
5400.00 3.56823e-05 9.07176e-01 2.59044e-17 2.27948e-03 
5410.00 3.51460e-05 9.07822e-01 2.61836e-17 2.27523e-03 
5420.00 3.53790e-05 9.08465e-01 2.63671e-17 2.31227e-03 
5423.03 3.55635e-05 9.08660e-01 2.64568e-17 2.33405e-03 
5430.00 3.60583e-05 9.09107e-01 2.66806e-17 2.39078e-03 
5440.00 3.66766e-05 9.09746e-01 2.68641e-17 2.45474e-03 
5450.00 3.69236e-05 9.10381e-01 2.70630e-17 2.49587e-03 
5450.15 3.69231e-05 9.10390e-01 2.70654e-17 2.49615e-03 
5460.00 3.66610e-05 9.11009e-01 2.71509e-17 2.49245e-03 
5470.00 3.62430e-05 9.11632e-01 2.71700e-17 2.47198e-03 
5477.40 3.60711e-05 9.12090e-01 2.71976e-17 2.46732e-03 
5480.00 3.60403e-05 9.12250e-01 2.72121e-17 2.46813e-03 
5490.00 3.59974e-05 9.12864e-01 2.72618e-17 2.47587e-03 
5500.00 3.59825e-05 9.13471e-01 2.72465e-17 2.47961e-03 
5504.79 3.59802e-05 9.13760e-01 2.72459e-17 2.48233e-03 
5510.00 3.59846e-05 9.14072e-01 2.72388e-17 2.48519e-03 
5520.00 3.60353e-05 9.14666e-01 2.71777e-17 2.48923e-03 
5530.00 3.62161e-05 9.15255e-01 2.72197e-17 2.51175e-03 
5532.31 3.62853e-05 9.15390e-01 2.72650e-17 2.52216e-03 
5540.00 3.65334e-05 9.15838e-01 2.74338e-17 2.55994e-03 
5550.00 3.66433e-05 9.16417e-01 2.75333e-17 2.58322e-03 
5559.97 3.62477e-05 9.16990e-01 2.77583e-17 2.58246e-03 
5560.00 3.62460e-05 9.16992e-01 2.77588e-17 2.58241e-03 
5570.00 3.55693e-05 9.17561e-01 2.78888e-17 2.55222e-03 
5580.00 3.49716e-05 9.18125e-01 2.81603e-17 2.53987e-03 
5587.77 3.47889e-05 9.18560e-01 2.84900e-17 2.56096e-03 
5590.00 3.48083e-05 9.18684e-01 2.85771e-17 2.57159e-03 
5600.00 3.52613e-05 9.19239e-01 2.88791e-17 2.63890e-03 
5610.00 3.58206e-05 9.19788e-01 2.92003e-17 2.71703e-03 
5615.71 3.59584e-05 9.20100e-01 2.93179e-17 2.74218e-03 
5620.00 3.59813e-05 9.20333e-01 2.93877e-17 2.75326e-03 
5630.00 3.59496e-05 9.20872e-01 2.95674e-17 2.77420e-03 
5640.00 3.59842e-05 9.21408e-01 2.97280e-17 2.79854e-03 
5643.79 3.59715e-05 9.21610e-01 2.97973e-17 2.80658e-03 
5650.00 3.58439e-05 9.21940e-01 2.99038e-17 2.81071e-03 
5660.00 3.53421e-05 9.22470e-01 2.99803e-17 2.78497e-03 
5670.00 3.50139e-05 9.22995e-01 2.99688e-17 2.76450e-03 
5672.01 3.50299e-05 9.23100e-01 2.99718e-17 2.76732e-03 
5680.00 3.52902e-05 9.23515e-01 2.99765e-17 2.79351e-03 
5690.00 3.54649e-05 9.24031e-01 2.98733e-17 2.80416e-03 
5700.00 3.49482e-05 9.24541e-01 2.97853e-17 2.76154e-03 
5700.37 3.49267e-05 9.24560e-01 2.97827e-17 2.75983e-03 
5710.00 3.47536e-05 9.25048e-01 2.97088e-17 2.74542e-03 
5720.00 3.57566e-05 9.25549e-01 2.96324e-17 2.82385e-03 
5728.87 3.66374e-05 9.25990e-01 2.96429e-17 2.90031e-03 
5730.00 3.66806e-05 9.26046e-01 2.96324e-17 2.90345e-03 
5740.00 3.62761e-05 9.26537e-01 2.94833e-17 2.86348e-03 
5750.00 3.55531e-05 9.27025e-01 2.96706e-17 2.83066e-03 
5757.52 3.55593e-05 9.27390e-01 2.96568e-17 2.83464e-03 
5760.00 3.56350e-05 9.27511e-01 2.96591e-17 2.84250e-03 
5770.00 3.58361e-05 9.27996e-01 2.98847e-17 2.88679e-03 
5780.00 3.53706e-05 9.28478e-01 3.02518e-17 2.89079e-03 
5786.30 3.49928e-05 9.28780e-01 3.07399e-17 2.91017e-03 
5790.00 3.48609e-05 9.28956e-01 3.10318e-17 2.92915e-03 
5800.00 3.50251e-05 9.29429e-01 3.16741e-17 3.01059e-03 
5810.00 3.55579e-05 9.29897e-01 3.26644e-17 3.15897e-03 
5815.23 3.58036e-05 9.30140e-01 3.30766e-17 3.22468e-03 
5820.00 3.59548e-05 9.30360e-01 3.34903e-17 3.28226e-03 
5830.00 3.59385e-05 9.30819e-01 3.48018e-17 3.41680e-03 
5840.00 3.54573e-05 9.31275e-01 3.59641e-17 3.49132e-03 
5844.31 3.52518e-05 9.31470e-01 3.63813e-17 3.51468e-03 
5850.00 3.51320e-05 9.31727e-01 3.69736e-17 3.56421e-03 
5860.00 3.53810e-05 9.32177e-01 3.82544e-17 3.72195e-03 
5870.00 3.51389e-05 9.32624e-01 3.92639e-17 3.80232e-03 
5873.53 3.46946e-05 9.32780e-01 3.95839e-17 3.78775e-03 
5880.00 3.35992e-05 9.33065e-01 4.01892e-17 3.72950e-03 
5890.00 3.24733e-05 9.33502e-01 4.11336e-17 3.69723e-03 
5900.00 3.33406e-05 9.33935e-01 4.17836e-17 3.86430e-03 
5902.90 3.37891e-05 9.34060e-01 4.19701e-17 3.93623e-03 
5910.00 3.47342e-05 9.34366e-01 4.24412e-17 4.09801e-03 
5920.00 3.49807e-05 9.34794e-01 4.29115e-17 4.18179e-03 
5930.00 3.46251e-05 9.35218e-01 4.29650e-17 4.15333e-03 
5932.41 3.45689e-05 9.35320e-01 4.30061e-17 4.15270e-03 
5940.00 3.45343e-05 9.35638e-01 4.31447e-17 4.16865e-03 
5950.00 3.46428e-05 9.36053e-01 4.29727e-17 4.17394e-03 
5960.00 3.47022e-05 9.36465e-01 4.27203e-17 4.16536e-03 
5962.08 3.47024e-05 9.36550e-01 4.26178e-17 4.15721e-03 
5970.00 3.46653e-05 9.36873e-01 4.20742e-17 4.10666e-03 
5980.00 3.45336e-05 9.37279e-01 4.12139e-17 4.01586e-03 
5990.00 3.43043e-05 9.37684e-01 4.00286e-17 3.88263e-03 
5991.89 3.42500e-05 9.37760e-01 3.98369e-17 3.85944e-03 
6000.00 3.39989e-05 9.38087e-01 3.90880e-17 3.76553e-03 
6010.00 3.37408e-05 9.38489e-01 3.79180e-17 3.63268e-03 
6020.00 3.36560e-05 9.38887e-01 3.67327e-17 3.51762e-03 
6021.85 3.36627e-05 9.38960e-01 3.65085e-17 3.49818e-03 
6030.00 3.37779e-05 9.39281e-01 3.55589e-17 3.42466e-03 
6040.00 3.40719e-05 9.39670e-01 3.46794e-17 3.37601e-03 
6050.00 3.43237e-05 9.40055e-01 3.39224e-17 3.33359e-03 
6051.96 3.43463e-05 9.40130e-01 3.37780e-17 3.32293e-03 
6060.00 3.43253e-05 9.40436e-01 3.33144e-17 3.28074e-03 
6070.00 3.40728e-05 9.40814e-01 3.31730e-17 3.24944e-03 
6080.00 3.36552e-05 9.41188e-01 3.29359e-17 3.19319e-03 
6082.21 3.35646e-05 9.41270e-01 3.28977e-17 3.18233e-03 
6090.00 3.33285e-05 9.41558e-01 3.28365e-17 3.15908e-03 
6100.00 3.32511e-05 9.41924e-01 3.28097e-17 3.15557e-03 
6110.00 3.30248e-05 9.42286e-01 3.28021e-17 3.13970e-03 
6112.63 3.28777e-05 9.42380e-01 3.27798e-17 3.12525e-03 
6120.00 3.23476e-05 9.42642e-01 3.26644e-17 3.06859e-03 
6130.00 3.18605e-05 9.42994e-01 3.24312e-17 3.00682e-03 
6140.00 3.21044e-05 9.43341e-01 3.21024e-17 3.00512e-03 
6143.19 3.22219e-05 9.43450e-01 3.19752e-17 3.00608e-03 
6150.00 3.22795e-05 9.43682e-01 3.17124e-17 2.99075e-03 
6160.00 3.16651e-05 9.44019e-01 3.14333e-17 2.91377e-03 
6170.00 3.11990e-05 9.44351e-01 3.11006e-17 2.84611e-03 
6173.91 3.13244e-05 9.44480e-01 3.09244e-17 2.84354e-03 
6180.00 3.18067e-05 9.44680e-01 3.07144e-17 2.87116e-03 
6190.00 3.27058e-05 9.45008e-01 3.07641e-17 2.96292e-03 
6200.00 3.29619e-05 9.45344e-01 3.09668e-17 3.01171e-03 
6204.77 3.28884e-05 9.45510e-01 3.12340e-17 3.03379e-03 
6210.00 3.27396e-05 9.45696e-01 3.16168e-17 3.06025e-03 
6220.00 3.23875e-05 9.46061e-01 3.24924e-17 3.11739e-03 
6230.00 3.18894e-05 9.46429e-01 3.39530e-17 3.21383e-03 
6235.80 3.15151e-05 9.46640e-01 3.50498e-17 3.28249e-03 
6240.00 3.12591e-05 9.46790e-01 3.59756e-17 3.34461e-03 
6250.00 3.09943e-05 9.47138e-01 3.86750e-17 3.57214e-03 
6260.00 3.14808e-05 9.47477e-01 4.20092e-17 3.94872e-03 
6266.98 3.19886e-05 9.47710e-01 4.48636e-17 4.29088e-03 
6270.00 3.21732e-05 9.47810e-01 4.62342e-17 4.45009e-03 
6280.00 3.24408e-05 9.48138e-01 5.13309e-17 4.99143e-03 
6290.00 3.22443e-05 9.48463e-01 5.74065e-17 5.55915e-03 
6298.31 3.18360e-05 9.48730e-01 6.31889e-17 6.05130e-03 
6300.00 3.17450e-05 9.48784e-01 6.44571e-17 6.15711e-03 
6310.00 3.13155e-05 9.49102e-01 7.28651e-17 6.87929e-03 
6320.00 3.12598e-05 9.49416e-01 8.30509e-17 7.84200e-03 
6329.80 3.13928e-05 9.49720e-01 9.42826e-17 8.95717e-03 
6330.00 3.13954e-05 9.49726e-01 9.45292e-17 8.98167e-03 
6340.00 3.14687e-05 9.50032e-01 1.08382e-16 1.03416e-02 
6350.00 3.14281e-05 9.50335e-01 1.23840e-16 1.18237e-02 
6360.00 3.13060e-05 9.50636e-01 1.40534e-16 1.33907e-02 
6361.45 3.12906e-05 9.50680e-01 1.43025e-16 1.36251e-02 
6370.00 3.12689e-05 9.50937e-01 1.57824e-16 1.50487e-02 
6380.00 3.14126e-05 9.51236e-01 1.74858e-16 1.67811e-02 
6390.00 3.14157e-05 9.51534e-01 1.90183e-16 1.82879e-02 
6393.26 3.13208e-05 9.51630e-01 1.94740e-16 1.86811e-02 
6400.00 3.10239e-05 9.51828e-01 2.03259e-16 1.93378e-02 
6410.00 3.06706e-05 9.52119e-01 2.12845e-16 2.00566e-02 
6420.00 3.07651e-05 9.52409e-01 2.17926e-16 2.06371e-02 
6425.23 3.08802e-05 9.52560e-01 2.18632e-16 2.08017e-02 
6430.00 3.09342e-05 9.52698e-01 2.18133e-16 2.08089e-02 
6440.00 3.07712e-05 9.52986e-01 2.13422e-16 2.02899e-02 
6450.00 3.05202e-05 9.53272e-01 2.03324e-16 1.92077e-02 
6457.35 3.04673e-05 9.53480e-01 1.93519e-16 1.82746e-02 
6460.00 3.04653e-05 9.53554e-01 1.89540e-16 1.79064e-02 
6470.00 3.03996e-05 9.53832e-01 1.72652e-16 1.63057e-02 
6480.00 3.01254e-05 9.54107e-01 1.54192e-16 1.44573e-02 
6489.64 2.99674e-05 9.54370e-01 1.35480e-16 1.26586e-02 
6490.00 2.99691e-05 9.54380e-01 1.34780e-16 1.25947e-02 
6500.00 3.02288e-05 9.54652e-01 1.15727e-16 1.09279e-02 
6510.00 3.05632e-05 9.54924e-01 9.76645e-17 9.34133e-03 
6520.00 3.06032e-05 9.55194e-01 8.15407e-17 7.82353e-03 
6522.09 3.05848e-05 9.55250e-01 7.84155e-17 7.52202e-03 
6530.00 3.05087e-05 9.55461e-01 6.75006e-17 6.46817e-03 
6540.00 3.03807e-05 9.55726e-01 5.57853e-17 5.33276e-03 
6550.00 2.95538e-05 9.55988e-01 4.42612e-17 4.12338e-03 
6554.70 2.87357e-05 9.56110e-01 3.92726e-17 3.56037e-03 
6560.00 2.77042e-05 9.56247e-01 3.53600e-17 3.09354e-03 
6570.00 2.66398e-05 9.56504e-01 3.31118e-17 2.79055e-03 
6580.00 2.78939e-05 9.56760e-01 2.72044e-17 2.40493e-03 
6587.47 2.93746e-05 9.56950e-01 2.34162e-17 2.18283e-03 
6590.00 2.97698e-05 9.57014e-01 2.24594e-17 2.12277e-03 
6600.00 3.03570e-05 9.57269e-01 1.94733e-17 1.88017e-03 
6610.00 3.01197e-05 9.57521e-01 1.67700e-17 1.60938e-03 
6620.00 2.99247e-05 9.57770e-01 1.48009e-17 1.41371e-03 
6620.41 2.99204e-05 9.57780e-01 1.47330e-17 1.40712e-03 
6630.00 2.98726e-05 9.58014e-01 1.32256e-17 1.26327e-03 
6640.00 2.98640e-05 9.58255e-01 1.16809e-17 1.11737e-03 
6650.00 2.97646e-05 9.58495e-01 1.04153e-17 9.94734e-04 
6653.51 2.96852e-05 9.58580e-01 9.99726e-18 9.52849e-04 
6660.00 2.95148e-05 9.58737e-01 9.31030e-18 8.83285e-04 
6670.00 2.93877e-05 9.58981e-01 8.59148e-18 8.13004e-04 
6680.00 2.95894e-05 9.59225e-01 7.89559e-18 7.53600e-04 
6686.78 2.97217e-05 9.59390e-01 7.45574e-18 7.15648e-04 
6690.00 2.97248e-05 9.59468e-01 7.25324e-18 6.96676e-04 
6700.00 2.94384e-05 9.59709e-01 6.68353e-18 6.36881e-04 
6710.00 2.91340e-05 9.59948e-01 6.33559e-18 5.98524e-04 
6720.00 2.92227e-05 9.60185e-01 5.91883e-18 5.61829e-04 
6720.21 2.92272e-05 9.60190e-01 5.91167e-18 5.61256e-04 
6730.00 2.93855e-05 9.60420e-01 5.68177e-18 5.43271e-04 
6740.00 2.92597e-05 9.60652e-01 5.41795e-18 5.16718e-04 
6750.00 2.90369e-05 9.60883e-01 5.18089e-18 4.91193e-04 
6753.81 2.89911e-05 9.60970e-01 5.14377e-18 4.87223e-04 
6760.00 2.89669e-05 9.61111e-01 5.08147e-18 4.81432e-04 
6770.00 2.89760e-05 9.61338e-01 4.84059e-18 4.59541e-04 
6780.00 2.89361e-05 9.61562e-01 4.69912e-18 4.46259e-04 
6787.58 2.88577e-05 9.61730e-01 4.51296e-18 4.27971e-04 
6790.00 2.88242e-05 9.61783e-01 4.44677e-18 4.21378e-04 
6800.00 2.86695e-05 9.62000e-01 4.20971e-18 3.97447e-04 
6810.00 2.86056e-05 9.62214e-01 3.98030e-18 3.75586e-04 
6820.00 2.87079e-05 9.62428e-01 3.75471e-18 3.56167e-04 
6821.52 2.87236e-05 9.62460e-01 3.72602e-18 3.53729e-04 
6830.00 2.87136e-05 9.62642e-01 3.56353e-18 3.38670e-04 
6840.00 2.84082e-05 9.62856e-01 3.29971e-18 3.10785e-04 
6850.00 2.81090e-05 9.63070e-01 3.10853e-18 2.90183e-04 
6855.63 2.80895e-05 9.63190e-01 3.00183e-18 2.80293e-04 
6860.00 2.81375e-05 9.63283e-01 2.91736e-18 2.73071e-04 
6870.00 2.83011e-05 9.63495e-01 2.73383e-18 2.57812e-04 
6880.00 2.83445e-05 9.63704e-01 2.56559e-18 2.42723e-04 
6889.91 2.82764e-05 9.63910e-01 2.49741e-18 2.36096e-04 
6890.00 2.82755e-05 9.63912e-01 2.49677e-18 2.36030e-04 
6900.00 2.81627e-05 9.64117e-01 2.37441e-18 2.23941e-04 
6910.00 2.80549e-05 9.64321e-01 2.20235e-18 2.07262e-04 
6920.00 2.79824e-05 9.64523e-01 2.17941e-18 2.04912e-04 
6924.36 2.79566e-05 9.64610e-01 2.12999e-18 2.00225e-04 
6930.00 2.79215e-05 9.64723e-01 2.05324e-18 1.92946e-04 
6940.00 2.78459e-05 9.64922e-01 2.00353e-18 1.88075e-04 
6950.00 2.77726e-05 9.65117e-01 1.91941e-18 1.80000e-04 
6958.98 2.77297e-05 9.65290e-01 1.91514e-18 1.79586e-04 
6960.00 2.77268e-05 9.65309e-01 1.91559e-18 1.79639e-04 
6970.00 2.77234e-05 9.65497e-01 1.89265e-18 1.77756e-04 
6980.00 2.77361e-05 9.65681e-01 1.84294e-18 1.73448e-04 
6990.00 2.75843e-05 9.65862e-01 1.75500e-18 1.64534e-04 
6993.77 2.74453e-05 9.65930e-01 1.74835e-18 1.63184e-04 
7000.00 2.71640e-05 9.66041e-01 1.75882e-18 1.62642e-04 
7010.00 2.68330e-05 9.66220e-01 1.75882e-18 1.60920e-04 
7020.00 2.69190e-05 9.66400e-01 1.75882e-18 1.61696e-04 
7028.74 2.71416e-05 9.66560e-01 1.71806e-18 1.59479e-04 
7030.00 2.71683e-05 9.66583e-01 1.71294e-18 1.59193e-04 
7040.00 2.72627e-05 9.66772e-01 1.68618e-18 1.57504e-04 
7050.00 2.72072e-05 9.66964e-01 1.64030e-18 1.53154e-04 
7060.00 2.70818e-05 9.67156e-01 1.69765e-18 1.58033e-04 
7063.88 2.70264e-05 9.67230e-01 1.71130e-18 1.59078e-04 
7070.00 2.69418e-05 9.67346e-01 1.70912e-18 1.58535e-04 
7080.00 2.68338e-05 9.67534e-01 1.68618e-18 1.56030e-04 
7090.00 2.67907e-05 9.67720e-01 1.69000e-18 1.56383e-04 
7099.20 2.68114e-05 9.67890e-01 1.69248e-18 1.56964e-04 
7100.00 2.68133e-05 9.67905e-01 1.69382e-18 1.57120e-04 
7110.00 2.67866e-05 9.68088e-01 1.72824e-18 1.60409e-04 
7120.00 2.66141e-05 9.68268e-01 1.76265e-18 1.62808e-04 
7130.00 2.63899e-05 9.68441e-01 1.81235e-18 1.66252e-04 
7134.70 2.63047e-05 9.68520e-01 1.80665e-18 1.65316e-04 
7140.00 2.62348e-05 9.68606e-01 1.78177e-18 1.62741e-04 
7150.00 2.61876e-05 9.68761e-01 1.72441e-18 1.57464e-04 
7160.00 2.62200e-05 9.68904e-01 1.65941e-18 1.51951e-04 
7170.00 2.61183e-05 9.69035e-01 1.64412e-18 1.50197e-04 
7170.37 2.61085e-05 9.69040e-01 1.64532e-18 1.50258e-04 
7180.00 2.57460e-05 9.69154e-01 1.67471e-18 1.51039e-04 
7190.00 2.54610e-05 9.69264e-01 1.59824e-18 1.42761e-04 
7200.00 2.55905e-05 9.69367e-01 1.56382e-18 1.40608e-04 
7206.23 2.57622e-05 9.69430e-01 1.55917e-18 1.41262e-04 
7210.00 2.58443e-05 9.69468e-01 1.54853e-18 1.40824e-04 
7220.00 2.58875e-05 9.69565e-01 1.48735e-18 1.35688e-04 
7230.00 2.58233e-05 9.69649e-01 1.47206e-18 1.34157e-04 
7240.00 2.58200e-05 9.69710e-01 1.47588e-18 1.34683e-04 
7242.26 2.58283e-05 9.69720e-01 1.47773e-18 1.34938e-04 
7250.00 2.58677e-05 9.69743e-01 1.46824e-18 1.34422e-04 
7260.00 2.58929e-05 9.69774e-01 1.38794e-18 1.27374e-04 
7270.00 2.57470e-05 9.69842e-01 1.33824e-18 1.22298e-04 
7278.47 2.54268e-05 9.69960e-01 1.39255e-18 1.25840e-04 
7280.00 2.53637e-05 9.69989e-01 1.39559e-18 1.25832e-04 
7290.00 2.50821e-05 9.70233e-01 1.31530e-18 1.17467e-04 
7300.00 2.51948e-05 9.70538e-01 1.25794e-18 1.13040e-04 
7310.00 2.54021e-05 9.70861e-01 1.24647e-18 1.13123e-04 
7314.86 2.54165e-05 9.71010e-01 1.23121e-18 1.11892e-04 
7320.00 2.53737e-05 9.71157e-01 1.21206e-18 1.10060e-04 
7330.00 2.52491e-05 9.71410e-01 1.20824e-18 1.09352e-04 
7340.00 2.52286e-05 9.71632e-01 1.21971e-18 1.10477e-04 
7350.00 2.52846e-05 9.71832e-01 1.07441e-18 9.76853e-05 
7351.43 2.52939e-05 9.71860e-01 1.06291e-18 9.66966e-05 
7360.00 2.53277e-05 9.72022e-01 1.05912e-18 9.66091e-05 
7370.00 2.52495e-05 9.72204e-01 1.02471e-18 9.33256e-05 
7380.00 2.49833e-05 9.72380e-01 9.67354e-19 8.73074e-05 
7388.19 2.47075e-05 9.72520e-01 9.74773e-19 8.71150e-05 
7390.00 2.46498e-05 9.72550e-01 9.75001e-19 8.69556e-05 
7400.00 2.43988e-05 9.72716e-01 9.52060e-19 8.41732e-05 
7410.00 2.43106e-05 9.72877e-01 9.86471e-19 8.70321e-05 
7420.00 2.44043e-05 9.73032e-01 9.86471e-19 8.74993e-05 
7425.13 2.44751e-05 9.73110e-01 9.90140e-19 8.81478e-05 
7430.00 2.45243e-05 9.73182e-01 9.97942e-19 8.90859e-05 
7440.00 2.45309e-05 9.73327e-01 1.00941e-18 9.02687e-05 
7450.00 2.45204e-05 9.73468e-01 1.01706e-18 9.10492e-05 
7460.00 2.45933e-05 9.73608e-01 1.06294e-18 9.55813e-05 
7462.26 2.46109e-05 9.73640e-01 1.08250e-18 9.74418e-05 
7470.00 2.46288e-05 9.73749e-01 1.11647e-18 1.00689e-04 
7480.00 2.45112e-05 9.73889e-01 1.00559e-18 9.03899e-05 
7490.00 2.43653e-05 9.74028e-01 1.02471e-18 9.16955e-05 
7499.57 2.43270e-05 9.74160e-01 1.10469e-18 9.88364e-05 
7500.00 2.43271e-05 9.74166e-01 1.10500e-18 9.88713e-05 
7510.00 2.43372e-05 9.74301e-01 1.03618e-18 9.28885e-05 
7520.00 2.43159e-05 9.74435e-01 1.01324e-18 9.08854e-05 
7530.00 2.42968e-05 9.74567e-01 9.78824e-19 8.78583e-05 
7537.07 2.43087e-05 9.74660e-01 9.45629e-19 8.50082e-05 
7540.00 2.43144e-05 9.74699e-01 9.32942e-19 8.39232e-05 
7550.00 2.42919e-05 9.74830e-01 9.17648e-19 8.25917e-05 
7560.00 2.41647e-05 9.74960e-01 9.48236e-19 8.50219e-05 
7570.00 2.40281e-05 9.75089e-01 8.87060e-19 7.92020e-05 
7574.75 2.39946e-05 9.75150e-01 8.75031e-19 7.80729e-05 
7580.00 2.39766e-05 9.75217e-01 8.71765e-19 7.77823e-05 
7590.00 2.39423e-05 9.75342e-01 8.41177e-19 7.50544e-05 
7600.00 2.38519e-05 9.75466e-01 8.18236e-19 7.28368e-05 
7610.00 2.37715e-05 9.75588e-01 7.99118e-19 7.09973e-05 
7612.63 2.37642e-05 9.75620e-01 7.79769e-19 6.92831e-05 
7620.00 2.37743e-05 9.75709e-01 7.41765e-19 6.60044e-05 
7630.00 2.38221e-05 9.75829e-01 8.10589e-19 7.23774e-05 
7640.00 2.38361e-05 9.75950e-01 7.57059e-19 6.77343e-05 
7650.00 2.36863e-05 9.76072e-01 7.60883e-19 6.77457e-05 
7650.69 2.36663e-05 9.76080e-01 7.62428e-19 6.78327e-05 
7660.00 2.33252e-05 9.76195e-01 7.53236e-19 6.61371e-05 
7670.00 2.30852e-05 9.76319e-01 7.07354e-19 6.15573e-05 
7680.00 2.32394e-05 9.76442e-01 8.18236e-19 7.17850e-05 
7688.94 2.34351e-05 9.76550e-01 7.97905e-19 7.06810e-05 
7690.00 2.34443e-05 9.76563e-01 7.87648e-19 6.98103e-05 
7700.00 2.33454e-05 9.76680e-01 7.07354e-19 6.25178e-05 
7710.00 2.31605e-05 9.76794e-01 7.53236e-19 6.61392e-05 
7720.00 2.31464e-05 9.76907e-01 7.03530e-19 6.18244e-05 
7727.39 2.31583e-05 9.76990e-01 7.07907e-19 6.23058e-05 
7730.00 2.31441e-05 9.77019e-01 7.07354e-19 6.22419e-05 
7740.00 2.29806e-05 9.77131e-01 6.65295e-19 5.82094e-05 
7750.00 2.28439e-05 9.77241e-01 7.03530e-19 6.12746e-05 
7760.00 2.29256e-05 9.77348e-01 6.84412e-19 5.99062e-05 
7766.03 2.30206e-05 9.77410e-01 6.32373e-19 5.56275e-05 
7770.00 2.30702e-05 9.77450e-01 6.04118e-19 5.32859e-05 
7780.00 2.30923e-05 9.77548e-01 6.04118e-19 5.34110e-05 
7790.00 2.30318e-05 9.77642e-01 6.11765e-19 5.40199e-05 
7800.00 2.29626e-05 9.77735e-01 5.73530e-19 5.05609e-05 
7804.86 2.29225e-05 9.77780e-01 5.81383e-19 5.11981e-05 
7810.00 2.28691e-05 9.77828e-01 6.00295e-19 5.27776e-05 
7820.00 2.27316e-05 9.77923e-01 6.07942e-19 5.32019e-05 
7830.00 2.26030e-05 9.78022e-01 5.77353e-19 5.03086e-05 
7840.00 2.25412e-05 9.78127e-01 5.23824e-19 4.55823e-05 
7843.88 2.25371e-05 9.78170e-01 5.35657e-19 4.66286e-05 
7850.00 2.25517e-05 9.78240e-01 5.73530e-19 5.00003e-05 
7860.00 2.26136e-05 9.78358e-01 5.96471e-19 5.22158e-05 
7870.00 2.26523e-05 9.78478e-01 6.04118e-19 5.30496e-05 
7880.00 2.26028e-05 9.78595e-01 5.81177e-19 5.09945e-05 
7883.10 2.25729e-05 9.78630e-01 5.82108e-19 5.10305e-05 
7890.00 2.24932e-05 9.78705e-01 5.88824e-19 5.14860e-05 
7900.00 2.23602e-05 9.78808e-01 5.69706e-19 4.95878e-05 
7910.00 2.21828e-05 9.78905e-01 5.69706e-19 4.92615e-05 
7920.00 2.19509e-05 9.78997e-01 5.58236e-19 4.78299e-05 
7922.51 2.18937e-05 9.79020e-01 5.61077e-19 4.79645e-05 
7930.00 2.17555e-05 9.79086e-01 5.96471e-19 5.07196e-05 
7940.00 2.16889e-05 9.79172e-01 6.42353e-19 5.45275e-05 
7950.00 2.17469e-05 9.79257e-01 5.27647e-19 4.49704e-05 
7960.00 2.18903e-05 9.79342e-01 5.42942e-19 4.66418e-05 
7962.13 2.19246e-05 9.79360e-01 5.48163e-19 4.71776e-05 
7970.00 2.20391e-05 9.79428e-01 5.46765e-19 4.73532e-05 
7980.00 2.21028e-05 9.79517e-01 5.31471e-19 4.62238e-05 
7990.00 2.19909e-05 9.79610e-01 4.89412e-19 4.24074e-05 
8000.00 2.16128e-05 9.79708e-01 5.23824e-19 4.46691e-05 
