##### EXOPHOT SPECTRAL OVERLAP FILE #####
# Date: 08/03/2022 09:03:51
# SED file: SED_g2v.txt
# atmosphere file: atm_g2v_hzi_os2.txt
# photopigment file: ChlB.txt
# Stellar radius (Rs in km): 6.963400e+05
# Exoplanet orbit semi-major axis (sma in km): 1.070123e+08
# Total absorption rate (gamma_t in s-1): 1.80222e+01
# B band absorption rate (gamma_B in s-1): 1.12280e+01
# Q band absorption rate (gamma_Q in s-1): 6.79419e+00
# B-Q bands cut-off (in nm): 500
# photosynthetic photon flux density [ppfd in micromol photon m-2 s-1]: 3.74148e+03
# Total Stellar Irradiance (S in W m-2): 2.62457e+03
# -------------------------------------------------
# Col 1: Wavelength (wl in Angstrom) 
# Col 2: Spectral Flux Density (F_l in J cm-2 s-1 A-1) 
# Col 3: Atmosphere transmitance (T, no units) 
# Col 4: Pigment absorption cross section (sigma_abs in cm2) 
# Col 5: Spectral Absorption Rate (Gamma_lambda in A-1 s-1)
3000.00 9.87223e-06 1.49388e-01 1.38924e-16 3.09423e-04 
3010.00 1.15609e-05 1.52601e-01 1.10076e-16 2.94259e-04 
3010.56 1.16281e-05 1.52780e-01 1.09684e-16 2.95316e-04 
3020.00 1.24302e-05 1.55825e-01 1.10817e-16 3.26327e-04 
3025.61 1.26783e-05 1.57650e-01 1.11610e-16 3.39777e-04 
3030.00 1.27990e-05 1.59089e-01 1.11624e-16 3.46689e-04 
3040.00 1.29862e-05 1.62420e-01 1.12293e-16 3.62470e-04 
3040.74 1.30016e-05 1.62670e-01 1.12353e-16 3.63738e-04 
3050.00 1.33107e-05 1.65824e-01 1.12966e-16 3.82843e-04 
3055.94 1.36583e-05 1.67840e-01 1.13322e-16 3.99644e-04 
3060.00 1.38960e-05 1.69198e-01 1.13517e-16 4.11140e-04 
3070.00 1.40833e-05 1.72537e-01 1.13788e-16 4.27312e-04 
3071.22 1.40382e-05 1.72950e-01 1.13822e-16 4.27261e-04 
3080.00 1.34192e-05 1.75971e-01 1.14022e-16 4.17473e-04 
3086.58 1.30486e-05 1.78270e-01 1.13936e-16 4.11817e-04 
3090.00 1.30535e-05 1.79467e-01 1.13827e-16 4.14800e-04 
3100.00 1.39892e-05 1.82973e-01 1.13471e-16 4.53263e-04 
3102.01 1.42470e-05 1.83680e-01 1.13420e-16 4.63490e-04 
3110.00 1.50379e-05 1.86498e-01 1.13169e-16 4.96905e-04 
3117.52 1.50411e-05 1.89160e-01 1.12609e-16 5.02822e-04 
3120.00 1.49086e-05 1.90038e-01 1.12366e-16 5.00024e-04 
3130.00 1.40910e-05 1.93595e-01 1.11322e-16 4.78505e-04 
3133.11 1.38409e-05 1.94710e-01 1.11039e-16 4.71986e-04 
3140.00 1.34400e-05 1.97201e-01 1.10447e-16 4.62715e-04 
3148.77 1.34307e-05 2.00390e-01 1.09588e-16 4.67522e-04 
3150.00 1.34897e-05 2.00835e-01 1.09464e-16 4.70269e-04 
3160.00 1.43529e-05 2.04465e-01 1.08535e-16 5.06684e-04 
3164.52 1.46946e-05 2.06110e-01 1.08210e-16 5.22101e-04 
3170.00 1.47776e-05 2.08115e-01 1.07881e-16 5.29461e-04 
3180.00 1.38108e-05 2.11794e-01 1.07411e-16 5.02956e-04 
3180.34 1.37688e-05 2.11920e-01 1.07400e-16 5.01729e-04 
3190.00 1.30600e-05 2.15493e-01 1.07273e-16 4.84818e-04 
3196.24 1.34936e-05 2.17810e-01 1.07371e-16 5.07757e-04 
3200.00 1.39341e-05 2.19208e-01 1.07483e-16 5.28871e-04 
3210.00 1.44882e-05 2.22938e-01 1.08003e-16 5.63722e-04 
3212.22 1.42991e-05 2.23770e-01 1.08192e-16 5.59801e-04 
3220.00 1.29856e-05 2.26683e-01 1.08967e-16 5.19943e-04 
3228.29 1.18883e-05 2.29800e-01 1.09787e-16 4.87436e-04 
3230.00 1.18779e-05 2.30447e-01 1.09980e-16 4.89496e-04 
3240.00 1.36459e-05 2.34232e-01 1.11372e-16 5.80621e-04 
3244.43 1.49943e-05 2.35910e-01 1.12063e-16 6.47436e-04 
3250.00 1.67015e-05 2.38023e-01 1.12932e-16 7.34508e-04 
3260.00 1.88893e-05 2.41823e-01 1.14473e-16 8.58137e-04 
3260.65 1.89881e-05 2.42070e-01 1.14581e-16 8.64493e-04 
3270.00 1.98573e-05 2.45644e-01 1.16193e-16 9.32994e-04 
3276.95 1.98899e-05 2.48310e-01 1.17250e-16 9.55280e-04 
3280.00 1.97822e-05 2.49480e-01 1.17654e-16 9.58767e-04 
3290.00 1.91539e-05 2.53325e-01 1.18778e-16 9.54530e-04 
3293.34 1.89174e-05 2.54610e-01 1.19109e-16 9.51131e-04 
3300.00 1.84842e-05 2.57181e-01 1.19654e-16 9.44935e-04 
3309.80 1.80628e-05 2.60970e-01 1.20094e-16 9.43242e-04 
3310.00 1.80583e-05 2.61046e-01 1.20101e-16 9.43389e-04 
3320.00 1.80391e-05 2.64915e-01 1.20392e-16 9.61568e-04 
3326.35 1.81968e-05 2.67380e-01 1.20382e-16 9.80794e-04 
3330.00 1.83268e-05 2.68798e-01 1.20346e-16 9.93827e-04 
3340.00 1.85769e-05 2.72696e-01 1.20212e-16 1.02393e-03 
3342.98 1.84952e-05 2.73860e-01 1.20100e-16 1.02374e-03 
3350.00 1.77305e-05 2.76595e-01 1.19719e-16 9.90137e-04 
3359.70 1.53247e-05 2.80380e-01 1.19108e-16 8.65572e-04 
3360.00 1.52440e-05 2.80497e-01 1.19088e-16 8.61305e-04 
3370.00 1.33506e-05 2.84412e-01 1.18392e-16 7.62649e-04 
3376.50 1.35690e-05 2.86960e-01 1.17893e-16 7.80271e-04 
3380.00 1.40474e-05 2.88334e-01 1.17600e-16 8.10476e-04 
3390.00 1.56086e-05 2.92262e-01 1.16645e-16 9.08080e-04 
3393.38 1.58891e-05 2.93590e-01 1.16278e-16 9.26603e-04 
3400.00 1.60327e-05 2.96192e-01 1.15528e-16 9.39008e-04 
3410.00 1.59350e-05 3.00123e-01 1.14381e-16 9.39040e-04 
3410.35 1.59377e-05 3.00260e-01 1.14340e-16 9.39384e-04 
3420.00 1.62872e-05 3.04057e-01 1.13123e-16 9.64500e-04 
3427.40 1.67241e-05 3.06970e-01 1.12057e-16 9.92583e-04 
3430.00 1.68683e-05 3.07995e-01 1.11655e-16 1.00164e-03 
3440.00 1.72691e-05 3.11936e-01 1.10087e-16 1.02696e-03 
3444.54 1.73931e-05 3.13720e-01 1.09448e-16 1.03557e-03 
3450.00 1.75203e-05 3.15863e-01 1.08627e-16 1.04405e-03 
3460.00 1.77727e-05 3.19773e-01 1.06791e-16 1.05714e-03 
3461.76 1.78312e-05 3.20460e-01 1.06491e-16 1.06045e-03 
3470.00 1.82171e-05 3.23678e-01 1.05231e-16 1.08391e-03 
3479.07 1.89101e-05 3.27230e-01 1.03908e-16 1.12612e-03 
3480.00 1.89951e-05 3.27597e-01 1.03782e-16 1.13137e-03 
3490.00 2.00101e-05 3.31539e-01 1.02593e-16 1.19578e-03 
3496.46 2.06798e-05 3.34090e-01 1.01915e-16 1.23936e-03 
3500.00 2.09608e-05 3.35484e-01 1.01564e-16 1.25838e-03 
3510.00 2.09635e-05 3.39419e-01 1.00708e-16 1.26618e-03 
3513.95 2.05178e-05 3.40970e-01 1.00461e-16 1.24326e-03 
3520.00 1.96381e-05 3.43352e-01 1.00142e-16 1.19652e-03 
3530.00 1.91994e-05 3.47285e-01 9.97063e-17 1.18139e-03 
3531.51 1.93851e-05 3.47880e-01 9.96751e-17 1.19500e-03 
3540.00 2.12655e-05 3.51212e-01 9.95724e-17 1.32529e-03 
3549.17 2.25156e-05 3.54810e-01 9.92880e-17 1.41719e-03 
3550.00 2.24709e-05 3.55134e-01 9.92666e-17 1.41569e-03 
3560.00 1.97418e-05 3.59053e-01 9.91060e-17 1.25898e-03 
3566.92 1.70748e-05 3.61760e-01 9.88935e-17 1.09688e-03 
3570.00 1.61558e-05 3.62964e-01 9.88001e-17 1.04122e-03 
3580.00 1.52621e-05 3.66867e-01 9.85821e-17 9.94780e-04 
3584.75 1.56400e-05 3.68720e-01 9.83929e-17 1.02395e-03 
3590.00 1.63463e-05 3.70766e-01 9.80430e-17 1.07388e-03 
3600.00 1.78376e-05 3.74660e-01 9.68960e-17 1.17356e-03 
3602.68 1.82032e-05 3.75700e-01 9.64953e-17 1.19686e-03 
3610.00 1.90030e-05 3.78542e-01 9.52557e-17 1.24525e-03 
3620.00 1.94473e-05 3.82413e-01 9.33477e-17 1.26511e-03 
3620.69 1.94528e-05 3.82680e-01 9.32088e-17 1.26471e-03 
3630.00 1.92881e-05 3.86277e-01 9.13289e-17 1.24345e-03 
3638.79 1.93924e-05 3.89670e-01 8.98287e-17 1.24344e-03 
3640.00 1.95771e-05 3.90135e-01 8.96733e-17 1.25502e-03 
3650.00 2.24311e-05 3.93985e-01 8.90157e-17 1.44548e-03 
3656.99 2.35541e-05 3.96670e-01 8.90623e-17 1.53192e-03 
3660.00 2.36810e-05 3.97826e-01 8.90348e-17 1.54546e-03 
3670.00 2.31466e-05 4.01656e-01 8.83198e-17 1.51701e-03 
3675.27 2.26033e-05 4.03670e-01 8.78126e-17 1.48241e-03 
3680.00 2.21629e-05 4.05472e-01 8.72607e-17 1.45270e-03 
3690.00 2.19802e-05 4.09275e-01 8.57886e-17 1.43359e-03 
3693.65 2.23184e-05 4.10660e-01 8.53540e-17 1.45462e-03 
3700.00 2.30901e-05 4.13068e-01 8.47027e-17 1.50477e-03 
3710.00 2.30337e-05 4.16850e-01 8.35633e-17 1.49850e-03 
3712.12 2.25818e-05 4.17650e-01 8.33181e-17 1.46844e-03 
3720.00 1.98687e-05 4.20623e-01 8.25807e-17 1.29243e-03 
3730.00 1.66695e-05 4.24386e-01 8.21677e-17 1.09148e-03 
3730.68 1.65591e-05 4.24640e-01 8.21339e-17 1.08465e-03 
3740.00 1.66818e-05 4.28135e-01 8.15559e-17 1.09666e-03 
3749.33 1.86530e-05 4.31620e-01 8.12012e-17 1.23393e-03 
3750.00 1.88187e-05 4.31869e-01 8.11774e-17 1.24546e-03 
3760.00 2.11551e-05 4.35587e-01 8.07301e-17 1.40811e-03 
3768.08 2.25303e-05 4.38580e-01 8.02857e-17 1.50486e-03 
3770.00 2.27452e-05 4.39291e-01 8.01527e-17 1.51994e-03 
3780.00 2.32189e-05 4.42984e-01 7.90974e-17 1.54813e-03 
3786.92 2.33741e-05 4.45530e-01 7.79285e-17 1.54709e-03 
3790.00 2.35297e-05 4.46662e-01 7.73959e-17 1.55194e-03 
3800.00 2.42114e-05 4.50323e-01 7.57901e-17 1.58075e-03 
3805.85 2.38437e-05 4.52460e-01 7.45690e-17 1.54130e-03 
3810.00 2.27954e-05 4.53972e-01 7.35839e-17 1.46052e-03 
3820.00 1.76759e-05 4.57610e-01 7.09724e-17 1.10396e-03 
3824.88 1.51916e-05 4.59380e-01 6.95083e-17 9.34013e-04 
3830.00 1.36996e-05 4.61230e-01 6.78983e-17 8.27194e-04 
3840.00 1.52565e-05 4.64831e-01 6.47095e-17 8.87102e-04 
3844.01 1.66753e-05 4.66270e-01 6.33652e-17 9.53389e-04 
3850.00 1.84564e-05 4.68419e-01 6.13409e-17 1.02782e-03 
3860.00 1.88480e-05 4.71991e-01 5.81980e-17 1.00605e-03 
3863.23 1.85642e-05 4.73140e-01 5.72626e-17 9.78163e-04 
3870.00 1.80158e-05 4.75545e-01 5.53800e-17 9.24345e-04 
3880.00 1.85687e-05 4.79083e-01 5.28106e-17 9.17632e-04 
3882.54 1.90296e-05 4.79980e-01 5.22643e-17 9.33035e-04 
3890.00 2.11770e-05 4.82608e-01 5.09256e-17 1.01922e-03 
3900.00 2.49894e-05 4.86117e-01 4.95033e-17 1.18064e-03 
3901.96 2.54804e-05 4.86800e-01 4.92523e-17 1.20002e-03 
3910.00 2.50062e-05 4.89601e-01 4.84059e-17 1.16651e-03 
3920.00 1.81472e-05 4.93072e-01 4.79547e-17 8.46760e-04 
3921.46 1.70199e-05 4.93580e-01 4.79093e-17 7.94523e-04 
3930.00 1.31590e-05 4.96540e-01 4.78286e-17 6.18273e-04 
3940.00 1.75924e-05 4.99975e-01 4.84480e-17 8.45220e-04 
3941.07 1.83227e-05 5.00340e-01 4.85231e-17 8.82554e-04 
3950.00 2.23890e-05 5.03345e-01 4.91706e-17 1.10186e-03 
3960.00 1.87406e-05 5.06680e-01 5.03445e-17 9.52988e-04 
3960.78 1.83018e-05 5.06940e-01 5.04534e-17 9.33348e-04 
3970.00 1.54497e-05 5.10028e-01 5.17936e-17 8.15652e-04 
3980.00 2.16790e-05 5.13385e-01 5.31433e-17 1.18505e-03 
3980.58 2.22252e-05 5.13580e-01 5.32217e-17 1.21734e-03 
3990.00 3.04201e-05 5.16733e-01 5.45503e-17 1.72235e-03 
4000.00 3.32872e-05 5.20069e-01 5.61142e-17 1.95611e-03 
4000.48 3.32949e-05 5.20230e-01 5.61960e-17 1.96026e-03 
4010.00 3.25538e-05 5.23389e-01 5.77927e-17 1.98777e-03 
4020.00 3.21775e-05 5.26690e-01 5.90812e-17 2.02631e-03 
4020.49 3.21769e-05 5.26850e-01 5.91361e-17 2.02902e-03 
4030.00 3.21922e-05 5.29968e-01 6.02780e-17 2.08635e-03 
4040.00 3.18157e-05 5.33228e-01 6.17998e-17 2.13229e-03 
4040.59 3.17771e-05 5.33420e-01 6.18804e-17 2.13356e-03 
4050.00 3.09259e-05 5.36476e-01 6.30080e-17 2.13131e-03 
4060.00 2.98385e-05 5.39705e-01 6.44839e-17 2.12243e-03 
4060.79 2.97820e-05 5.39960e-01 6.46272e-17 2.12454e-03 
4070.00 2.99621e-05 5.42908e-01 6.64606e-17 2.21504e-03 
4080.00 3.21901e-05 5.46092e-01 6.85101e-17 2.47358e-03 
4081.10 3.24799e-05 5.46440e-01 6.87628e-17 2.50733e-03 
4090.00 3.42632e-05 5.49263e-01 7.11789e-17 2.75808e-03 
4100.00 3.40404e-05 5.52418e-01 7.45856e-17 2.89484e-03 
4101.50 3.38784e-05 5.52890e-01 7.51260e-17 2.90548e-03 
4110.00 3.30079e-05 5.55548e-01 7.84283e-17 2.97563e-03 
4120.00 3.29653e-05 5.58657e-01 8.33492e-17 3.18365e-03 
4122.01 3.30443e-05 5.59280e-01 8.44685e-17 3.23932e-03 
4130.00 3.33371e-05 5.61751e-01 8.92871e-17 3.47644e-03 
4140.00 3.32738e-05 5.64828e-01 9.61389e-17 3.76566e-03 
4142.62 3.32258e-05 5.65630e-01 9.81176e-17 3.84550e-03 
4150.00 3.32046e-05 5.67881e-01 1.04168e-16 4.10358e-03 
4160.00 3.35711e-05 5.70913e-01 1.13437e-16 4.55308e-03 
4163.33 3.36691e-05 5.71920e-01 1.16720e-16 4.71059e-03 
4170.00 3.35859e-05 5.73929e-01 1.23607e-16 5.00171e-03 
4180.00 3.25987e-05 5.76930e-01 1.34795e-16 5.33454e-03 
4184.15 3.21360e-05 5.78170e-01 1.39590e-16 5.46299e-03 
4190.00 3.17368e-05 5.79913e-01 1.46537e-16 5.68867e-03 
4200.00 3.20346e-05 5.82876e-01 1.58902e-16 6.27333e-03 
4205.07 3.23068e-05 5.84370e-01 1.65022e-16 6.59509e-03 
4210.00 3.23783e-05 5.85818e-01 1.70786e-16 6.86551e-03 
4220.00 3.16556e-05 5.88739e-01 1.81702e-16 7.19396e-03 
4226.10 3.11026e-05 5.90510e-01 1.87519e-16 7.32708e-03 
4230.00 3.09094e-05 5.91641e-01 1.90993e-16 7.43756e-03 
4240.00 3.11914e-05 5.94526e-01 1.99252e-16 7.88673e-03 
4247.23 3.14618e-05 5.96600e-01 2.04278e-16 8.19815e-03 
4250.00 3.14326e-05 5.97394e-01 2.05974e-16 8.27493e-03 
4260.00 3.05175e-05 6.00244e-01 2.10983e-16 8.28811e-03 
4268.46 2.94273e-05 6.02640e-01 2.13801e-16 8.14729e-03 
4270.00 2.92648e-05 6.03074e-01 2.14198e-16 8.12611e-03 
4280.00 2.84344e-05 6.05885e-01 2.16098e-16 8.02144e-03 
4289.80 2.66743e-05 6.08620e-01 2.16801e-16 7.60085e-03 
4290.00 2.66168e-05 6.08675e-01 2.16802e-16 7.58551e-03 
4300.00 2.31065e-05 6.11445e-01 2.16305e-16 6.61530e-03 
4310.00 2.21824e-05 6.14196e-01 2.15487e-16 6.36996e-03 
4311.25 2.25205e-05 6.14540e-01 2.15373e-16 6.46912e-03 
4320.00 2.71381e-05 6.16932e-01 2.14393e-16 7.80612e-03 
4330.00 3.23424e-05 6.19650e-01 2.12955e-16 9.30292e-03 
4332.81 3.28256e-05 6.20410e-01 2.12693e-16 9.44793e-03 
4340.00 3.22771e-05 6.22349e-01 2.12592e-16 9.33014e-03 
4350.00 3.08015e-05 6.25028e-01 2.13892e-16 9.01734e-03 
4354.47 3.11620e-05 6.26220e-01 2.14865e-16 9.19130e-03 
4360.00 3.23181e-05 6.27688e-01 2.16603e-16 9.64416e-03 
4370.00 3.40234e-05 6.30329e-01 2.22063e-16 1.04768e-02 
4376.25 3.34851e-05 6.31970e-01 2.27094e-16 1.05872e-02 
4380.00 3.27273e-05 6.32953e-01 2.30720e-16 1.05381e-02 
4390.00 3.08991e-05 6.35558e-01 2.42683e-16 1.05324e-02 
4398.13 3.11807e-05 6.37660e-01 2.55396e-16 1.12429e-02 
4400.00 3.14484e-05 6.38143e-01 2.58826e-16 1.15054e-02 
4410.00 3.33861e-05 6.40709e-01 2.79921e-16 1.32930e-02 
4420.00 3.50174e-05 6.43260e-01 3.03489e-16 1.52110e-02 
4420.12 3.50317e-05 6.43290e-01 3.03791e-16 1.52335e-02 
4430.00 3.57254e-05 6.45799e-01 3.31684e-16 1.70658e-02 
4440.00 3.54577e-05 6.48316e-01 3.63584e-16 1.86813e-02 
4442.22 3.53690e-05 6.48870e-01 3.71067e-16 1.90439e-02 
4450.00 3.53429e-05 6.50798e-01 3.98519e-16 2.05343e-02 
4460.00 3.63031e-05 6.53240e-01 4.35760e-16 2.32018e-02 
4464.43 3.68192e-05 6.54310e-01 4.51927e-16 2.44690e-02 
4470.00 3.72531e-05 6.55646e-01 4.72011e-16 2.59427e-02 
4480.00 3.72202e-05 6.58029e-01 5.07685e-16 2.80427e-02 
4486.75 3.73522e-05 6.59640e-01 5.29977e-16 2.94941e-02 
4490.00 3.76871e-05 6.60418e-01 5.40231e-16 3.03921e-02 
4500.00 3.98397e-05 6.62823e-01 5.69106e-16 3.40441e-02 
4509.19 4.12177e-05 6.65030e-01 5.88292e-16 3.66049e-02 
4510.00 4.12207e-05 6.65225e-01 5.89726e-16 3.67142e-02 
4520.00 3.96088e-05 6.67610e-01 6.03824e-16 3.63318e-02 
4530.00 3.73689e-05 6.69973e-01 6.08324e-16 3.47315e-02 
4531.73 3.71714e-05 6.70380e-01 6.08281e-16 3.45798e-02 
4540.00 3.72061e-05 6.72314e-01 6.04833e-16 3.45781e-02 
4550.00 3.86014e-05 6.74636e-01 5.92678e-16 3.53529e-02 
4554.39 3.93669e-05 6.75650e-01 5.85079e-16 3.56796e-02 
4560.00 4.02440e-05 6.76943e-01 5.73446e-16 3.58619e-02 
4570.00 4.08810e-05 6.79237e-01 5.47285e-16 3.49619e-02 
4577.16 4.02362e-05 6.80870e-01 5.25048e-16 3.31436e-02 
4580.00 3.98350e-05 6.81515e-01 5.15649e-16 3.22762e-02 
4590.00 3.86728e-05 6.83775e-01 4.81085e-16 2.93952e-02 
4600.00 3.89020e-05 6.86019e-01 4.45606e-16 2.75385e-02 
4600.05 3.89053e-05 6.86030e-01 4.45433e-16 2.75309e-02 
4610.00 3.95494e-05 6.88248e-01 4.08392e-16 2.57980e-02 
4620.00 3.94311e-05 6.90460e-01 3.70799e-16 2.34790e-02 
4623.05 3.92934e-05 6.91130e-01 3.59164e-16 2.26998e-02 
4630.00 3.90016e-05 6.92652e-01 3.32521e-16 2.09373e-02 
4640.00 3.89571e-05 6.94827e-01 2.95624e-16 1.86915e-02 
4646.16 3.91430e-05 6.96160e-01 2.74828e-16 1.75163e-02 
4650.00 3.93226e-05 6.96987e-01 2.62528e-16 1.68430e-02 
4660.00 3.99049e-05 6.99131e-01 2.32054e-16 1.51874e-02 
4669.39 4.02977e-05 7.01130e-01 2.04957e-16 1.36121e-02 
4670.00 4.03090e-05 7.01258e-01 2.03186e-16 1.35025e-02 
4680.00 4.01775e-05 7.03366e-01 1.74418e-16 1.16125e-02 
4690.00 3.95040e-05 7.05459e-01 1.50552e-16 9.90590e-03 
4692.74 3.92386e-05 7.06030e-01 1.44381e-16 9.44927e-03 
4700.00 3.85197e-05 7.07539e-01 1.28417e-16 8.28091e-03 
4710.00 3.80554e-05 7.09606e-01 1.08393e-16 6.94033e-03 
4716.20 3.83746e-05 7.10880e-01 9.73200e-17 6.30315e-03 
4720.00 3.87374e-05 7.11656e-01 9.10345e-17 5.96308e-03 
4730.00 3.97755e-05 7.13686e-01 7.63292e-17 5.15939e-03 
4739.79 4.02760e-05 7.15660e-01 6.47748e-17 4.45493e-03 
4740.00 4.02813e-05 7.15703e-01 6.45412e-17 4.43992e-03 
4750.00 4.03886e-05 7.17709e-01 5.43515e-17 3.76735e-03 
4760.00 4.04199e-05 7.19700e-01 4.60430e-17 3.20952e-03 
4763.48 4.04261e-05 7.20390e-01 4.35830e-17 3.04364e-03 
4770.00 4.04279e-05 7.21674e-01 3.94053e-17 2.76069e-03 
4780.00 4.03848e-05 7.23631e-01 3.37465e-17 2.37309e-03 
4787.30 4.02758e-05 7.25050e-01 3.03606e-17 2.13667e-03 
4790.00 4.02106e-05 7.25573e-01 2.92500e-17 2.05781e-03 
4800.00 3.98986e-05 7.27501e-01 2.56444e-17 1.79866e-03 
4810.00 3.97886e-05 7.29414e-01 2.28341e-17 1.60467e-03 
4811.24 3.98096e-05 7.29650e-01 2.25434e-17 1.58600e-03 
4820.00 4.01106e-05 7.31310e-01 2.07618e-17 1.47773e-03 
4830.00 4.03118e-05 7.33190e-01 1.90527e-17 1.36922e-03 
4835.29 4.01246e-05 7.34180e-01 1.82452e-17 1.30830e-03 
4840.00 3.97173e-05 7.35058e-01 1.75462e-17 1.24811e-03 
4850.00 3.79496e-05 7.36915e-01 1.59977e-17 1.09231e-03 
4859.47 3.53664e-05 7.38660e-01 1.49767e-17 9.57117e-04 
4860.00 3.52321e-05 7.38757e-01 1.49844e-17 9.54201e-04 
4870.00 3.38956e-05 7.40581e-01 1.58677e-17 9.76520e-04 
4880.00 3.57379e-05 7.42391e-01 1.50150e-17 9.78657e-04 
4883.77 3.68121e-05 7.43070e-01 1.46764e-17 9.87005e-04 
4890.00 3.83179e-05 7.44190e-01 1.43918e-17 1.01026e-03 
4900.00 3.89629e-05 7.45978e-01 1.42885e-17 1.02443e-03 
4908.19 3.84607e-05 7.47430e-01 1.41887e-17 1.00780e-03 
4910.00 3.83127e-05 7.47750e-01 1.41738e-17 1.00367e-03 
4920.00 3.76503e-05 7.49505e-01 1.41624e-17 9.89844e-04 
4930.00 3.75182e-05 7.51247e-01 1.40553e-17 9.83184e-04 
4932.73 3.76179e-05 7.51720e-01 1.40390e-17 9.85819e-04 
4940.00 3.81103e-05 7.52978e-01 1.40056e-17 9.99487e-04 
4950.00 3.89655e-05 7.54698e-01 1.38947e-17 1.01820e-03 
4957.39 3.94177e-05 7.55960e-01 1.39151e-17 1.03479e-03 
4960.00 3.95029e-05 7.56403e-01 1.39406e-17 1.04008e-03 
4970.00 3.93184e-05 7.58091e-01 1.41050e-17 1.05189e-03 
4980.00 3.82244e-05 7.59766e-01 1.42885e-17 1.04031e-03 
4982.18 3.79087e-05 7.60130e-01 1.42441e-17 1.02945e-03 
4990.00 3.67232e-05 7.61431e-01 1.40247e-17 9.85120e-04 
5000.00 3.54905e-05 7.63085e-01 1.42235e-17 9.69584e-04 
5007.09 3.51516e-05 7.64250e-01 1.42272e-17 9.63402e-04 
5010.00 3.52072e-05 7.64726e-01 1.42044e-17 9.64544e-04 
5020.00 3.61789e-05 7.66353e-01 1.42159e-17 9.96061e-04 
5030.00 3.72038e-05 7.67968e-01 1.42503e-17 1.03097e-03 
5032.12 3.72833e-05 7.68310e-01 1.42431e-17 1.03355e-03 
5040.00 3.72087e-05 7.69572e-01 1.42159e-17 1.03281e-03 
5050.00 3.71424e-05 7.71163e-01 1.42771e-17 1.03961e-03 
5057.29 3.76857e-05 7.72310e-01 1.42384e-17 1.05505e-03 
5060.00 3.79514e-05 7.72735e-01 1.42121e-17 1.06167e-03 
5070.00 3.85515e-05 7.74289e-01 1.41432e-17 1.07752e-03 
5080.00 3.78889e-05 7.75840e-01 1.41662e-17 1.06494e-03 
5082.57 3.76264e-05 7.76240e-01 1.41970e-17 1.06094e-03 
5090.00 3.70621e-05 7.77398e-01 1.42885e-17 1.05488e-03 
5100.00 3.72271e-05 7.78939e-01 1.43230e-17 1.06632e-03 
5107.98 3.75812e-05 7.80130e-01 1.44012e-17 1.08570e-03 
5110.00 3.76180e-05 7.80422e-01 1.43956e-17 1.08718e-03 
5120.00 3.73184e-05 7.81836e-01 1.42427e-17 1.07108e-03 
5130.00 3.67313e-05 7.83232e-01 1.44530e-17 1.07380e-03 
5133.52 3.65807e-05 7.83730e-01 1.45184e-17 1.07566e-03 
5140.00 3.63128e-05 7.84663e-01 1.46212e-17 1.07798e-03 
5150.00 3.54115e-05 7.86134e-01 1.48697e-17 1.07318e-03 
5159.19 3.36786e-05 7.87490e-01 1.49430e-17 1.02930e-03 
5160.00 3.35090e-05 7.87608e-01 1.49424e-17 1.02439e-03 
5170.00 3.17285e-05 7.89062e-01 1.49997e-17 9.77368e-04 
5180.00 3.12976e-05 7.90498e-01 1.53553e-17 9.90657e-04 
5184.99 3.16074e-05 7.91210e-01 1.54370e-17 1.00766e-03 
5190.00 3.22200e-05 7.91924e-01 1.54968e-17 1.03310e-03 
5200.00 3.40197e-05 7.93343e-01 1.57950e-17 1.11593e-03 
5210.00 3.55255e-05 7.94752e-01 1.61468e-17 1.19569e-03 
5210.91 3.56020e-05 7.94880e-01 1.61855e-17 1.20154e-03 
5220.00 3.58747e-05 7.96148e-01 1.65368e-17 1.24116e-03 
5230.00 3.61343e-05 7.97532e-01 1.67127e-17 1.26806e-03 
5236.97 3.68600e-05 7.98490e-01 1.71112e-17 1.32773e-03 
5240.00 3.71868e-05 7.98906e-01 1.72977e-17 1.35558e-03 
5250.00 3.72468e-05 8.00271e-01 1.76838e-17 1.39311e-03 
5260.00 3.49154e-05 8.01625e-01 1.80318e-17 1.33640e-03 
5263.15 3.40849e-05 8.02050e-01 1.81554e-17 1.31504e-03 
5270.00 3.30062e-05 8.02968e-01 1.84906e-17 1.30010e-03 
5280.00 3.42573e-05 8.04299e-01 1.91865e-17 1.40515e-03 
5289.47 3.67667e-05 8.05550e-01 1.98349e-17 1.56427e-03 
5290.00 3.68943e-05 8.05620e-01 1.98709e-17 1.57284e-03 
5300.00 3.84353e-05 8.06932e-01 2.05133e-17 1.69747e-03 
5310.00 3.80833e-05 8.08235e-01 2.10447e-17 1.73154e-03 
5315.92 3.69407e-05 8.09000e-01 2.14702e-17 1.71708e-03 
5320.00 3.59926e-05 8.09526e-01 2.17521e-17 1.69738e-03 
5330.00 3.44391e-05 8.10805e-01 2.23103e-17 1.67157e-03 
5340.00 3.53213e-05 8.12075e-01 2.30980e-17 1.78103e-03 
5342.50 3.57542e-05 8.12390e-01 2.32135e-17 1.81343e-03 
5350.00 3.69079e-05 8.13335e-01 2.35224e-17 1.90172e-03 
5360.00 3.72056e-05 8.14587e-01 2.43406e-17 1.99052e-03 
5369.21 3.68319e-05 8.15730e-01 2.45403e-17 1.99290e-03 
5370.00 3.68033e-05 8.15828e-01 2.45547e-17 1.99305e-03 
5380.00 3.66280e-05 8.17058e-01 2.49944e-17 2.02589e-03 
5390.00 3.63770e-05 8.18278e-01 2.55488e-17 2.06353e-03 
5396.05 3.59844e-05 8.19010e-01 2.57807e-17 2.06394e-03 
5400.00 3.56823e-05 8.19485e-01 2.59044e-17 2.05914e-03 
5410.00 3.51460e-05 8.20682e-01 2.61836e-17 2.05684e-03 
5420.00 3.53790e-05 8.21871e-01 2.63671e-17 2.09187e-03 
5423.03 3.55635e-05 8.22230e-01 2.64568e-17 2.11204e-03 
5430.00 3.60583e-05 8.23054e-01 2.66806e-17 2.16448e-03 
5440.00 3.66766e-05 8.24231e-01 2.68641e-17 2.22399e-03 
5450.00 3.69236e-05 8.25403e-01 2.70630e-17 2.26290e-03 
5450.15 3.69231e-05 8.25420e-01 2.70654e-17 2.26318e-03 
5460.00 3.66610e-05 8.26566e-01 2.71509e-17 2.26142e-03 
5470.00 3.62430e-05 8.27721e-01 2.71700e-17 2.24445e-03 
5477.40 3.60711e-05 8.28570e-01 2.71976e-17 2.24139e-03 
5480.00 3.60403e-05 8.28867e-01 2.72121e-17 2.24254e-03 
5490.00 3.59974e-05 8.30002e-01 2.72618e-17 2.25113e-03 
5500.00 3.59825e-05 8.31126e-01 2.72465e-17 2.25608e-03 
5504.79 3.59802e-05 8.31660e-01 2.72459e-17 2.25930e-03 
5510.00 3.59846e-05 8.32239e-01 2.72388e-17 2.26270e-03 
5520.00 3.60353e-05 8.33342e-01 2.71777e-17 2.26791e-03 
5530.00 3.62161e-05 8.34438e-01 2.72197e-17 2.28996e-03 
5532.31 3.62853e-05 8.34690e-01 2.72650e-17 2.29980e-03 
5540.00 3.65334e-05 8.35527e-01 2.74338e-17 2.33545e-03 
5550.00 3.66433e-05 8.36610e-01 2.75333e-17 2.35826e-03 
5559.97 3.62477e-05 8.37680e-01 2.77583e-17 2.35911e-03 
5560.00 3.62460e-05 8.37683e-01 2.77588e-17 2.35906e-03 
5570.00 3.55693e-05 8.38745e-01 2.78888e-17 2.33300e-03 
5580.00 3.49716e-05 8.39797e-01 2.81603e-17 2.32319e-03 
5587.77 3.47889e-05 8.40610e-01 2.84900e-17 2.34363e-03 
5590.00 3.48083e-05 8.40842e-01 2.85771e-17 2.35370e-03 
5600.00 3.52613e-05 8.41882e-01 2.88791e-17 2.41682e-03 
5610.00 3.58206e-05 8.42914e-01 2.92003e-17 2.48995e-03 
5615.71 3.59584e-05 8.43500e-01 2.93179e-17 2.51389e-03 
5620.00 3.59813e-05 8.43938e-01 2.93877e-17 2.52471e-03 
5630.00 3.59496e-05 8.44954e-01 2.95674e-17 2.54549e-03 
5640.00 3.59842e-05 8.45961e-01 2.97280e-17 2.56939e-03 
5643.79 3.59715e-05 8.46340e-01 2.97973e-17 2.57736e-03 
5650.00 3.58439e-05 8.46959e-01 2.99038e-17 2.58212e-03 
5660.00 3.53421e-05 8.47950e-01 2.99803e-17 2.55999e-03 
5670.00 3.50139e-05 8.48933e-01 2.99688e-17 2.54267e-03 
5672.01 3.50299e-05 8.49130e-01 2.99718e-17 2.54557e-03 
5680.00 3.52902e-05 8.49910e-01 2.99765e-17 2.57087e-03 
5690.00 3.54649e-05 8.50881e-01 2.98733e-17 2.58217e-03 
5700.00 3.49482e-05 8.51845e-01 2.97853e-17 2.54440e-03 
5700.37 3.49267e-05 8.51880e-01 2.97827e-17 2.54288e-03 
5710.00 3.47536e-05 8.52800e-01 2.97088e-17 2.53100e-03 
5720.00 3.57566e-05 8.53747e-01 2.96324e-17 2.60478e-03 
5728.87 3.66374e-05 8.54580e-01 2.96429e-17 2.67664e-03 
5730.00 3.66806e-05 8.54686e-01 2.96324e-17 2.67971e-03 
5740.00 3.62761e-05 8.55616e-01 2.94833e-17 2.64429e-03 
5750.00 3.55531e-05 8.56539e-01 2.96706e-17 2.61543e-03 
5757.52 3.55593e-05 8.57230e-01 2.96568e-17 2.62019e-03 
5760.00 3.56350e-05 8.57458e-01 2.96591e-17 2.62781e-03 
5770.00 3.58361e-05 8.58373e-01 2.98847e-17 2.67021e-03 
5780.00 3.53706e-05 8.59281e-01 3.02518e-17 2.67535e-03 
5786.30 3.49928e-05 8.59850e-01 3.07399e-17 2.69419e-03 
5790.00 3.48609e-05 8.60182e-01 3.10318e-17 2.71230e-03 
5800.00 3.50251e-05 8.61074e-01 3.16741e-17 2.78918e-03 
5810.00 3.55579e-05 8.61959e-01 3.26644e-17 2.92818e-03 
5815.23 3.58036e-05 8.62420e-01 3.30766e-17 2.98991e-03 
5820.00 3.59548e-05 8.62838e-01 3.34903e-17 3.04405e-03 
5830.00 3.59385e-05 8.63712e-01 3.48018e-17 3.17046e-03 
5840.00 3.54573e-05 8.64579e-01 3.59641e-17 3.24128e-03 
5844.31 3.52518e-05 8.64950e-01 3.63813e-17 3.26368e-03 
5850.00 3.51320e-05 8.65438e-01 3.69736e-17 3.31062e-03 
5860.00 3.53810e-05 8.66289e-01 3.82544e-17 3.45888e-03 
5870.00 3.51389e-05 8.67133e-01 3.92639e-17 3.53531e-03 
5873.53 3.46946e-05 8.67430e-01 3.95839e-17 3.52238e-03 
5880.00 3.35992e-05 8.67972e-01 4.01892e-17 3.46932e-03 
5890.00 3.24733e-05 8.68805e-01 4.11336e-17 3.44100e-03 
5900.00 3.33406e-05 8.69632e-01 4.17836e-17 3.59824e-03 
5902.90 3.37891e-05 8.69870e-01 4.19701e-17 3.66573e-03 
5910.00 3.47342e-05 8.70450e-01 4.24412e-17 3.81769e-03 
5920.00 3.49807e-05 8.71261e-01 4.29115e-17 3.89758e-03 
5930.00 3.46251e-05 8.72066e-01 4.29650e-17 3.87287e-03 
5932.41 3.45689e-05 8.72260e-01 4.30061e-17 3.87272e-03 
5940.00 3.45343e-05 8.72867e-01 4.31447e-17 3.88899e-03 
5950.00 3.46428e-05 8.73665e-01 4.29727e-17 3.89574e-03 
5960.00 3.47022e-05 8.74456e-01 4.27203e-17 3.88955e-03 
5962.08 3.47024e-05 8.74620e-01 4.26178e-17 3.88232e-03 
5970.00 3.46653e-05 8.75242e-01 4.20742e-17 3.83650e-03 
5980.00 3.45336e-05 8.76021e-01 4.12139e-17 3.75340e-03 
5990.00 3.43043e-05 8.76795e-01 4.00286e-17 3.63051e-03 
5991.89 3.42500e-05 8.76940e-01 3.98369e-17 3.60913e-03 
6000.00 3.39989e-05 8.77562e-01 3.90880e-17 3.52258e-03 
6010.00 3.37408e-05 8.78324e-01 3.79180e-17 3.39980e-03 
6020.00 3.36560e-05 8.79081e-01 3.67327e-17 3.29355e-03 
6021.85 3.36627e-05 8.79220e-01 3.65085e-17 3.27561e-03 
6030.00 3.37779e-05 8.79832e-01 3.55589e-17 3.20790e-03 
6040.00 3.40719e-05 8.80578e-01 3.46794e-17 3.16371e-03 
6050.00 3.43237e-05 8.81316e-01 3.39224e-17 3.12530e-03 
6051.96 3.43463e-05 8.81460e-01 3.37780e-17 3.11556e-03 
6060.00 3.43253e-05 8.82048e-01 3.33144e-17 3.07705e-03 
6070.00 3.40728e-05 8.82772e-01 3.31730e-17 3.04897e-03 
6080.00 3.36552e-05 8.83491e-01 3.29359e-17 2.99745e-03 
6082.21 3.35646e-05 8.83650e-01 3.28977e-17 2.98752e-03 
6090.00 3.33285e-05 8.84206e-01 3.28365e-17 2.96665e-03 
6100.00 3.32511e-05 8.84915e-01 3.28097e-17 2.96459e-03 
6110.00 3.30248e-05 8.85617e-01 3.28021e-17 2.95088e-03 
6112.63 3.28777e-05 8.85800e-01 3.27798e-17 2.93761e-03 
6120.00 3.23476e-05 8.86310e-01 3.26644e-17 2.88521e-03 
6130.00 3.18605e-05 8.86993e-01 3.24312e-17 2.82826e-03 
6140.00 3.21044e-05 8.87667e-01 3.21024e-17 2.82777e-03 
6143.19 3.22219e-05 8.87880e-01 3.19752e-17 2.82902e-03 
6150.00 3.22795e-05 8.88333e-01 3.17124e-17 2.81533e-03 
6160.00 3.16651e-05 8.88992e-01 3.14333e-17 2.74392e-03 
6170.00 3.11990e-05 8.89646e-01 3.11006e-17 2.68124e-03 
6173.91 3.13244e-05 8.89900e-01 3.09244e-17 2.67922e-03 
6180.00 3.18067e-05 8.90295e-01 3.07144e-17 2.70587e-03 
6190.00 3.27058e-05 8.90945e-01 3.07641e-17 2.79341e-03 
6200.00 3.29619e-05 8.91602e-01 3.09668e-17 2.84049e-03 
6204.77 3.28884e-05 8.91920e-01 3.12340e-17 2.86184e-03 
6210.00 3.27396e-05 8.92272e-01 3.16168e-17 2.88738e-03 
6220.00 3.23875e-05 8.92955e-01 3.24924e-17 2.94240e-03 
6230.00 3.18894e-05 8.93638e-01 3.39530e-17 3.03457e-03 
6235.80 3.15151e-05 8.94030e-01 3.50498e-17 3.10007e-03 
6240.00 3.12591e-05 8.94311e-01 3.59756e-17 3.15923e-03 
6250.00 3.09943e-05 8.94969e-01 3.86750e-17 3.37538e-03 
6260.00 3.14808e-05 8.95615e-01 4.20092e-17 3.73257e-03 
6266.98 3.19886e-05 8.96060e-01 4.48636e-17 4.05703e-03 
6270.00 3.21732e-05 8.96252e-01 4.62342e-17 4.20802e-03 
6280.00 3.24408e-05 8.96882e-01 5.13309e-17 4.72159e-03 
6290.00 3.22443e-05 8.97506e-01 5.74065e-17 5.26048e-03 
6298.31 3.18360e-05 8.98020e-01 6.31889e-17 5.72786e-03 
6300.00 3.17450e-05 8.98124e-01 6.44571e-17 5.82835e-03 
6310.00 3.13155e-05 8.98736e-01 7.28651e-17 6.51423e-03 
6320.00 3.12598e-05 8.99342e-01 8.30509e-17 7.42840e-03 
6329.80 3.13928e-05 8.99930e-01 9.42826e-17 8.48758e-03 
6330.00 3.13954e-05 8.99942e-01 9.45292e-17 8.51085e-03 
6340.00 3.14687e-05 9.00536e-01 1.08382e-16 9.80279e-03 
6350.00 3.14281e-05 9.01127e-01 1.23840e-16 1.12115e-02 
6360.00 3.13060e-05 9.01715e-01 1.40534e-16 1.27016e-02 
6361.45 3.12906e-05 9.01800e-01 1.43025e-16 1.29246e-02 
6370.00 3.12689e-05 9.02301e-01 1.57824e-16 1.42790e-02 
6380.00 3.14126e-05 9.02885e-01 1.74858e-16 1.59281e-02 
6390.00 3.14157e-05 9.03463e-01 1.90183e-16 1.73641e-02 
6393.26 3.13208e-05 9.03650e-01 1.94740e-16 1.77392e-02 
6400.00 3.10239e-05 9.04034e-01 2.03259e-16 1.83668e-02 
6410.00 3.06706e-05 9.04598e-01 2.12845e-16 1.90555e-02 
6420.00 3.07651e-05 9.05158e-01 2.17926e-16 1.96133e-02 
6425.23 3.08802e-05 9.05450e-01 2.18632e-16 1.97729e-02 
6430.00 3.09342e-05 9.05716e-01 2.18133e-16 1.97827e-02 
6440.00 3.07712e-05 9.06273e-01 2.13422e-16 1.92953e-02 
6450.00 3.05202e-05 9.06826e-01 2.03324e-16 1.82719e-02 
6457.35 3.04673e-05 9.07230e-01 1.93519e-16 1.73881e-02 
6460.00 3.04653e-05 9.07374e-01 1.89540e-16 1.70392e-02 
6470.00 3.03996e-05 9.07916e-01 1.72652e-16 1.55207e-02 
6480.00 3.01254e-05 9.08454e-01 1.54192e-16 1.37656e-02 
6489.64 2.99674e-05 9.08970e-01 1.35480e-16 1.20564e-02 
6490.00 2.99691e-05 9.08989e-01 1.34780e-16 1.19957e-02 
6500.00 3.02288e-05 9.09523e-01 1.15727e-16 1.04113e-02 
6510.00 3.05632e-05 9.10055e-01 9.76645e-17 8.90241e-03 
6520.00 3.06032e-05 9.10581e-01 8.15407e-17 7.45813e-03 
6522.09 3.05848e-05 9.10690e-01 7.84155e-17 7.17114e-03 
6530.00 3.05087e-05 9.11100e-01 6.75006e-17 6.16786e-03 
6540.00 3.03807e-05 9.11613e-01 5.57853e-17 5.08662e-03 
6550.00 2.95538e-05 9.12122e-01 4.42612e-17 3.93418e-03 
6554.70 2.87357e-05 9.12360e-01 3.92726e-17 3.39746e-03 
6560.00 2.77042e-05 9.12628e-01 3.53600e-17 2.95243e-03 
6570.00 2.66398e-05 9.13134e-01 3.31118e-17 2.66402e-03 
6580.00 2.78939e-05 9.13636e-01 2.72044e-17 2.29653e-03 
6587.47 2.93746e-05 9.14010e-01 2.34162e-17 2.08488e-03 
6590.00 2.97698e-05 9.14136e-01 2.24594e-17 2.02766e-03 
6600.00 3.03570e-05 9.14632e-01 1.94733e-17 1.79643e-03 
6610.00 3.01197e-05 9.15124e-01 1.67700e-17 1.53812e-03 
6620.00 2.99247e-05 9.15610e-01 1.48009e-17 1.35148e-03 
6620.41 2.99204e-05 9.15630e-01 1.47330e-17 1.34519e-03 
6630.00 2.98726e-05 9.16092e-01 1.32256e-17 1.20799e-03 
6640.00 2.98640e-05 9.16569e-01 1.16809e-17 1.06876e-03 
6650.00 2.97646e-05 9.17044e-01 1.04153e-17 9.51715e-04 
6653.51 2.96852e-05 9.17210e-01 9.99726e-18 9.11726e-04 
6660.00 2.95148e-05 9.17517e-01 9.31030e-18 8.45308e-04 
6670.00 2.93877e-05 9.17989e-01 8.59148e-18 7.78252e-04 
6680.00 2.95894e-05 9.18461e-01 7.89559e-18 7.21575e-04 
6686.78 2.97217e-05 9.18780e-01 7.45574e-18 6.85356e-04 
6690.00 2.97248e-05 9.18932e-01 7.25324e-18 6.67242e-04 
6700.00 2.94384e-05 9.19401e-01 6.68353e-18 6.10132e-04 
6710.00 2.91340e-05 9.19868e-01 6.33559e-18 5.73534e-04 
6720.00 2.92227e-05 9.20330e-01 5.91883e-18 5.38509e-04 
6720.21 2.92272e-05 9.20340e-01 5.91167e-18 5.37962e-04 
6730.00 2.93855e-05 9.20788e-01 5.68177e-18 5.20853e-04 
6740.00 2.92597e-05 9.21240e-01 5.41795e-18 4.95519e-04 
6750.00 2.90369e-05 9.21689e-01 5.18089e-18 4.71158e-04 
6753.81 2.89911e-05 9.21860e-01 5.14377e-18 4.67394e-04 
6760.00 2.89669e-05 9.22136e-01 5.08147e-18 4.61909e-04 
6770.00 2.89760e-05 9.22580e-01 4.84059e-18 4.41014e-04 
6780.00 2.89361e-05 9.23019e-01 4.69912e-18 4.28372e-04 
6787.58 2.88577e-05 9.23350e-01 4.51296e-18 4.10892e-04 
6790.00 2.88242e-05 9.23455e-01 4.44677e-18 4.04586e-04 
6800.00 2.86695e-05 9.23885e-01 4.20971e-18 3.81700e-04 
6810.00 2.86056e-05 9.24312e-01 3.98030e-18 3.60791e-04 
6820.00 2.87079e-05 9.24736e-01 3.75471e-18 3.42219e-04 
6821.52 2.87236e-05 9.24800e-01 3.72602e-18 3.39888e-04 
6830.00 2.87136e-05 9.25158e-01 3.56353e-18 3.25483e-04 
6840.00 2.84082e-05 9.25579e-01 3.29971e-18 2.98753e-04 
6850.00 2.81090e-05 9.25996e-01 3.10853e-18 2.79013e-04 
6855.63 2.80895e-05 9.26230e-01 3.00183e-18 2.69538e-04 
6860.00 2.81375e-05 9.26411e-01 2.91736e-18 2.62619e-04 
6870.00 2.83011e-05 9.26821e-01 2.73383e-18 2.47999e-04 
6880.00 2.83445e-05 9.27228e-01 2.56559e-18 2.33536e-04 
6889.91 2.82764e-05 9.27630e-01 2.49741e-18 2.27210e-04 
6890.00 2.82755e-05 9.27634e-01 2.49677e-18 2.27147e-04 
6900.00 2.81627e-05 9.28038e-01 2.37441e-18 2.15560e-04 
6910.00 2.80549e-05 9.28439e-01 2.20235e-18 1.99550e-04 
6920.00 2.79824e-05 9.28838e-01 2.17941e-18 1.97330e-04 
6924.36 2.79566e-05 9.29010e-01 2.12999e-18 1.92835e-04 
6930.00 2.79215e-05 9.29232e-01 2.05324e-18 1.85848e-04 
6940.00 2.78459e-05 9.29622e-01 2.00353e-18 1.81195e-04 
6950.00 2.77726e-05 9.30008e-01 1.91941e-18 1.73452e-04 
6958.98 2.77297e-05 9.30350e-01 1.91514e-18 1.73086e-04 
6960.00 2.77268e-05 9.30389e-01 1.91559e-18 1.73141e-04 
6970.00 2.77234e-05 9.30765e-01 1.89265e-18 1.71361e-04 
6980.00 2.77361e-05 9.31137e-01 1.84294e-18 1.67244e-04 
6990.00 2.75843e-05 9.31503e-01 1.75500e-18 1.58681e-04 
6993.77 2.74453e-05 9.31640e-01 1.74835e-18 1.57391e-04 
7000.00 2.71640e-05 9.31864e-01 1.75882e-18 1.56888e-04 
7010.00 2.68330e-05 9.32223e-01 1.75882e-18 1.55258e-04 
7020.00 2.69190e-05 9.32586e-01 1.75882e-18 1.56038e-04 
7028.74 2.71416e-05 9.32910e-01 1.71806e-18 1.53927e-04 
7030.00 2.71683e-05 9.32958e-01 1.71294e-18 1.53655e-04 
7040.00 2.72627e-05 9.33340e-01 1.68618e-18 1.52057e-04 
7050.00 2.72072e-05 9.33719e-01 1.64030e-18 1.47889e-04 
7060.00 2.70818e-05 9.34079e-01 1.69765e-18 1.52629e-04 
7063.88 2.70264e-05 9.34210e-01 1.71130e-18 1.53647e-04 
7070.00 2.69418e-05 9.34405e-01 1.70912e-18 1.53136e-04 
7080.00 2.68338e-05 9.34696e-01 1.68618e-18 1.50734e-04 
7090.00 2.67907e-05 9.34961e-01 1.69000e-18 1.51089e-04 
7099.20 2.68114e-05 9.35190e-01 1.69248e-18 1.51661e-04 
7100.00 2.68133e-05 9.35209e-01 1.69382e-18 1.51813e-04 
7110.00 2.67866e-05 9.35441e-01 1.72824e-18 1.54999e-04 
7120.00 2.66141e-05 9.35622e-01 1.76265e-18 1.57319e-04 
7130.00 2.63899e-05 9.35717e-01 1.81235e-18 1.60634e-04 
7134.70 2.63047e-05 9.35720e-01 1.80665e-18 1.59717e-04 
7140.00 2.62348e-05 9.35690e-01 1.78177e-18 1.57211e-04 
7150.00 2.61876e-05 9.35591e-01 1.72441e-18 1.52073e-04 
7160.00 2.62200e-05 9.35551e-01 1.65941e-18 1.46720e-04 
7170.00 2.61183e-05 9.35699e-01 1.64412e-18 1.45030e-04 
7170.37 2.61085e-05 9.35710e-01 1.64532e-18 1.45090e-04 
7180.00 2.57460e-05 9.36128e-01 1.67471e-18 1.45892e-04 
7190.00 2.54610e-05 9.36746e-01 1.59824e-18 1.37972e-04 
7200.00 2.55905e-05 9.37413e-01 1.56382e-18 1.35973e-04 
7206.23 2.57622e-05 9.37790e-01 1.55917e-18 1.36651e-04 
7210.00 2.58443e-05 9.37988e-01 1.54853e-18 1.36251e-04 
7220.00 2.58875e-05 9.38411e-01 1.48735e-18 1.31328e-04 
7230.00 2.58233e-05 9.38727e-01 1.47206e-18 1.29879e-04 
7240.00 2.58200e-05 9.38992e-01 1.47588e-18 1.30416e-04 
7242.26 2.58283e-05 9.39050e-01 1.47773e-18 1.30670e-04 
7250.00 2.58677e-05 9.39256e-01 1.46824e-18 1.30196e-04 
7260.00 2.58929e-05 9.39549e-01 1.38794e-18 1.23405e-04 
7270.00 2.57470e-05 9.39886e-01 1.33824e-18 1.18520e-04 
7278.47 2.54268e-05 9.40220e-01 1.39255e-18 1.21982e-04 
7280.00 2.53637e-05 9.40286e-01 1.39559e-18 1.21979e-04 
7290.00 2.50821e-05 9.40751e-01 1.31530e-18 1.13897e-04 
7300.00 2.51948e-05 9.41253e-01 1.25794e-18 1.09629e-04 
7310.00 2.54021e-05 9.41756e-01 1.24647e-18 1.09731e-04 
7314.86 2.54165e-05 9.41990e-01 1.23121e-18 1.08548e-04 
7320.00 2.53737e-05 9.42226e-01 1.21206e-18 1.06782e-04 
7330.00 2.52491e-05 9.42651e-01 1.20824e-18 1.06115e-04 
7340.00 2.52286e-05 9.43042e-01 1.21971e-18 1.07226e-04 
7350.00 2.52846e-05 9.43409e-01 1.07441e-18 9.48282e-05 
7351.43 2.52939e-05 9.43460e-01 1.06291e-18 9.38709e-05 
7360.00 2.53277e-05 9.43762e-01 1.05912e-18 9.38004e-05 
7370.00 2.52495e-05 9.44104e-01 1.02471e-18 9.06281e-05 
7380.00 2.49833e-05 9.44436e-01 9.67354e-19 8.47983e-05 
7388.19 2.47075e-05 9.44700e-01 9.74773e-19 8.46230e-05 
7390.00 2.46498e-05 9.44757e-01 9.75001e-19 8.44706e-05 
7400.00 2.43988e-05 9.45070e-01 9.52060e-19 8.17808e-05 
7410.00 2.43106e-05 9.45374e-01 9.86471e-19 8.45717e-05 
7420.00 2.44043e-05 9.45670e-01 9.86471e-19 8.50388e-05 
7425.13 2.44751e-05 9.45820e-01 9.90140e-19 8.56758e-05 
7430.00 2.45243e-05 9.45961e-01 9.97942e-19 8.65940e-05 
7440.00 2.45309e-05 9.46246e-01 1.00941e-18 8.77572e-05 
7450.00 2.45204e-05 9.46528e-01 1.01706e-18 8.85294e-05 
7460.00 2.45933e-05 9.46807e-01 1.06294e-18 9.29502e-05 
7462.26 2.46109e-05 9.46870e-01 1.08250e-18 9.47627e-05 
7470.00 2.46288e-05 9.47086e-01 1.11647e-18 9.79320e-05 
7480.00 2.45112e-05 9.47363e-01 1.00559e-18 8.79280e-05 
7490.00 2.43653e-05 9.47639e-01 1.02471e-18 8.92112e-05 
7499.57 2.43270e-05 9.47900e-01 1.10469e-18 9.61721e-05 
7500.00 2.43271e-05 9.47912e-01 1.10500e-18 9.62067e-05 
7510.00 2.43372e-05 9.48181e-01 1.03618e-18 9.03982e-05 
7520.00 2.43159e-05 9.48448e-01 1.01324e-18 8.84616e-05 
7530.00 2.42968e-05 9.48713e-01 9.78824e-19 8.55276e-05 
7537.07 2.43087e-05 9.48900e-01 9.45629e-19 8.27615e-05 
7540.00 2.43144e-05 9.48977e-01 9.32942e-19 8.17086e-05 
7550.00 2.42919e-05 9.49241e-01 9.17648e-19 8.04237e-05 
7560.00 2.41647e-05 9.49502e-01 9.48236e-19 8.28018e-05 
7570.00 2.40281e-05 9.49759e-01 8.87060e-19 7.71446e-05 
7574.75 2.39946e-05 9.49880e-01 8.75031e-19 7.60497e-05 
7580.00 2.39766e-05 9.50012e-01 8.71765e-19 7.57720e-05 
7590.00 2.39423e-05 9.50259e-01 8.41177e-19 7.31242e-05 
7600.00 2.38519e-05 9.50506e-01 8.18236e-19 7.09731e-05 
7610.00 2.37715e-05 9.50754e-01 7.99118e-19 6.91901e-05 
7612.63 2.37642e-05 9.50820e-01 7.79769e-19 6.75219e-05 
7620.00 2.37743e-05 9.51007e-01 7.41765e-19 6.43334e-05 
7630.00 2.38221e-05 9.51260e-01 8.10589e-19 7.05551e-05 
7640.00 2.38361e-05 9.51508e-01 7.57059e-19 6.60380e-05 
7650.00 2.36863e-05 9.51744e-01 7.60883e-19 6.60572e-05 
7650.69 2.36663e-05 9.51760e-01 7.62428e-19 6.61426e-05 
7660.00 2.33252e-05 9.51966e-01 7.53236e-19 6.44956e-05 
7670.00 2.30852e-05 9.52188e-01 7.07354e-19 6.00359e-05 
7680.00 2.32394e-05 9.52430e-01 8.18236e-19 7.00197e-05 
7688.94 2.34351e-05 9.52680e-01 7.97905e-19 6.89534e-05 
7690.00 2.34443e-05 9.52712e-01 7.87648e-19 6.81053e-05 
7700.00 2.33454e-05 9.53035e-01 7.07354e-19 6.10043e-05 
7710.00 2.31605e-05 9.53334e-01 7.53236e-19 6.45507e-05 
7720.00 2.31464e-05 9.53536e-01 7.03530e-19 6.03454e-05 
7727.39 2.31583e-05 9.53580e-01 7.07907e-19 6.08129e-05 
7730.00 2.31441e-05 9.53569e-01 7.07354e-19 6.07480e-05 
7740.00 2.29806e-05 9.53470e-01 6.65295e-19 5.67999e-05 
7750.00 2.28439e-05 9.53488e-01 7.03530e-19 5.97852e-05 
7760.00 2.29256e-05 9.53894e-01 6.84412e-19 5.84686e-05 
7766.03 2.30206e-05 9.54440e-01 6.32373e-19 5.43202e-05 
7770.00 2.30702e-05 9.54946e-01 6.04118e-19 5.20591e-05 
7780.00 2.30923e-05 9.56374e-01 6.04118e-19 5.22541e-05 
7790.00 2.30318e-05 9.57217e-01 6.11765e-19 5.28913e-05 
7800.00 2.29626e-05 9.56468e-01 5.73530e-19 4.94612e-05 
7804.86 2.29225e-05 9.55230e-01 5.81383e-19 5.00173e-05 
7810.00 2.28691e-05 9.53189e-01 6.00295e-19 5.14477e-05 
7820.00 2.27316e-05 9.47900e-01 6.07942e-19 5.15685e-05 
7830.00 2.26030e-05 9.42530e-01 5.77353e-19 4.84829e-05 
7840.00 2.25412e-05 9.39066e-01 5.23824e-19 4.37620e-05 
7843.88 2.25371e-05 9.38660e-01 5.35657e-19 4.47452e-05 
7850.00 2.25517e-05 9.39338e-01 5.73530e-19 4.80120e-05 
7860.00 2.26136e-05 9.42994e-01 5.96471e-19 5.03284e-05 
7870.00 2.26523e-05 9.48046e-01 6.04118e-19 5.13997e-05 
7880.00 2.26028e-05 9.52472e-01 5.81177e-19 4.96332e-05 
7883.10 2.25729e-05 9.53400e-01 5.82108e-19 4.97148e-05 
7890.00 2.24932e-05 9.54415e-01 5.88824e-19 5.02082e-05 
7900.00 2.23602e-05 9.53817e-01 5.69706e-19 4.83217e-05 
7910.00 2.21828e-05 9.51708e-01 5.69706e-19 4.78929e-05 
7920.00 2.19509e-05 9.49136e-01 5.58236e-19 4.63710e-05 
7922.51 2.18937e-05 9.48540e-01 5.61077e-19 4.64712e-05 
7930.00 2.17555e-05 9.47147e-01 5.96471e-19 4.90650e-05 
7940.00 2.16889e-05 9.46786e-01 6.42353e-19 5.27240e-05 
7950.00 2.17469e-05 9.49101e-01 5.27647e-19 4.35856e-05 
7960.00 2.18903e-05 9.55137e-01 5.42942e-19 4.54890e-05 
7962.13 2.19246e-05 9.57000e-01 5.48163e-19 4.61004e-05 
7970.00 2.20391e-05 9.65941e-01 5.46765e-19 4.67011e-05 
7980.00 2.21028e-05 9.82559e-01 5.31471e-19 4.63674e-05 
7990.00 2.19909e-05 1.00604e+00 4.89412e-19 4.35514e-05 
8000.00 2.16128e-05 1.03742e+00 5.23824e-19 4.73006e-05 
