##### EXOPHOT SPECTRAL OVERLAP FILE #####
# Date: 15/02/2022 10:07:52
# SED file: SED_g2v.txt
# atmosphere file: atm_g2v_hzm_os2.txt
# photopigment file: ChlB.txt
# Stellar radius (Rs in km): 6.963400e+05
# Exoplanet orbit semi-major axis (sma in km): 1.481139e+08
# Total absorption rate (gamma_t in s-1): 9.38610e+00
# B band absorption rate (gamma_B in s-1): 5.84252e+00
# Q band absorption rate (gamma_Q in s-1): 3.54358e+00
# B-Q bands cut-off (in nm): 500
# photosynthetic photon flux density [ppfd in micromol photon m-2 s-1]: 1.95040e+03
# Total Stellar Irradiance (S in W m-2): 1.37004e+03
# -------------------------------------------------
# Col 1: Wavelength (wl in Angstrom) 
# Col 2: Spectral Flux Density (F_l in J cm-2 s-1 A-1) 
# Col 3: Atmosphere transmitance (T, no units) 
# Col 4: Pigment absorption cross section (sigma_abs in cm2) 
# Col 5: Spectral Absorption Rate (Gamma_lambda in A-1 s-1)
3000.00 5.15337e-06 1.47613e-01 1.38924e-16 1.59602e-04 
3010.00 6.03487e-06 1.50792e-01 1.10076e-16 1.51784e-04 
3010.56 6.06994e-06 1.50970e-01 1.09684e-16 1.52331e-04 
3020.00 6.48864e-06 1.53995e-01 1.10817e-16 1.68344e-04 
3025.61 6.61816e-06 1.55810e-01 1.11610e-16 1.75296e-04 
3030.00 6.68114e-06 1.57242e-01 1.11624e-16 1.78872e-04 
3040.00 6.77886e-06 1.60552e-01 1.12293e-16 1.87035e-04 
3040.74 6.78689e-06 1.60800e-01 1.12353e-16 1.87691e-04 
3050.00 6.94828e-06 1.63928e-01 1.12966e-16 1.97562e-04 
3055.94 7.12970e-06 1.65930e-01 1.13322e-16 2.06242e-04 
3060.00 7.25380e-06 1.67281e-01 1.13517e-16 2.12187e-04 
3070.00 7.35157e-06 1.70608e-01 1.13788e-16 2.20567e-04 
3071.22 7.32801e-06 1.71020e-01 1.13822e-16 2.20544e-04 
3080.00 7.00489e-06 1.74024e-01 1.14022e-16 2.15512e-04 
3086.58 6.81145e-06 1.76310e-01 1.13936e-16 2.12607e-04 
3090.00 6.81402e-06 1.77502e-01 1.13827e-16 2.14157e-04 
3100.00 7.30248e-06 1.80996e-01 1.13471e-16 2.34049e-04 
3102.01 7.43702e-06 1.81700e-01 1.13420e-16 2.39337e-04 
3110.00 7.84990e-06 1.84504e-01 1.13169e-16 2.56614e-04 
3117.52 7.85153e-06 1.87150e-01 1.12609e-16 2.59687e-04 
3120.00 7.78239e-06 1.88023e-01 1.12366e-16 2.58248e-04 
3130.00 7.35561e-06 1.91561e-01 1.11322e-16 2.47158e-04 
3133.11 7.22506e-06 1.92670e-01 1.11039e-16 2.43798e-04 
3140.00 7.01578e-06 1.95147e-01 1.10447e-16 2.39025e-04 
3148.77 7.01090e-06 1.98320e-01 1.09588e-16 2.41528e-04 
3150.00 7.04171e-06 1.98763e-01 1.09464e-16 2.42950e-04 
3160.00 7.49229e-06 2.02374e-01 1.08535e-16 2.61787e-04 
3164.52 7.67066e-06 2.04010e-01 1.08210e-16 2.69763e-04 
3170.00 7.71399e-06 2.06004e-01 1.07881e-16 2.73578e-04 
3180.00 7.20932e-06 2.09665e-01 1.07411e-16 2.59907e-04 
3180.34 7.18742e-06 2.09790e-01 1.07400e-16 2.59273e-04 
3190.00 6.81738e-06 2.13350e-01 1.07273e-16 2.50562e-04 
3196.24 7.04372e-06 2.15660e-01 1.07371e-16 2.62436e-04 
3200.00 7.27370e-06 2.17053e-01 1.07483e-16 2.73360e-04 
3210.00 7.56294e-06 2.20771e-01 1.08003e-16 2.91406e-04 
3212.22 7.46423e-06 2.21600e-01 1.08192e-16 2.89386e-04 
3220.00 6.77859e-06 2.24505e-01 1.08967e-16 2.68805e-04 
3228.29 6.20576e-06 2.27610e-01 1.09787e-16 2.52020e-04 
3230.00 6.20031e-06 2.28254e-01 1.09980e-16 2.53088e-04 
3240.00 7.12326e-06 2.32018e-01 1.11372e-16 3.00224e-04 
3244.43 7.82713e-06 2.33690e-01 1.12063e-16 3.34785e-04 
3250.00 8.71826e-06 2.35799e-01 1.12932e-16 3.79835e-04 
3260.00 9.86035e-06 2.39593e-01 1.14473e-16 4.43823e-04 
3260.65 9.91191e-06 2.39840e-01 1.14581e-16 4.47113e-04 
3270.00 1.03656e-05 2.43398e-01 1.16193e-16 4.82575e-04 
3276.95 1.03826e-05 2.46050e-01 1.17250e-16 4.94123e-04 
3280.00 1.03264e-05 2.47215e-01 1.17654e-16 4.95939e-04 
3290.00 9.99845e-06 2.51048e-01 1.18778e-16 4.93793e-04 
3293.34 9.87501e-06 2.52330e-01 1.19109e-16 4.92050e-04 
3300.00 9.64885e-06 2.54892e-01 1.19654e-16 4.88872e-04 
3309.80 9.42891e-06 2.58670e-01 1.20094e-16 4.88038e-04 
3310.00 9.42653e-06 2.58746e-01 1.20101e-16 4.88116e-04 
3320.00 9.41653e-06 2.62610e-01 1.20392e-16 4.97575e-04 
3326.35 9.49883e-06 2.65070e-01 1.20382e-16 5.07557e-04 
3330.00 9.56669e-06 2.66485e-01 1.20346e-16 5.14318e-04 
3340.00 9.69727e-06 2.70369e-01 1.20212e-16 5.29937e-04 
3342.98 9.65460e-06 2.71530e-01 1.20100e-16 5.29852e-04 
3350.00 9.25543e-06 2.74260e-01 1.19719e-16 5.12493e-04 
3359.70 7.99961e-06 2.78040e-01 1.19108e-16 4.48063e-04 
3360.00 7.95746e-06 2.78157e-01 1.19088e-16 4.45856e-04 
3370.00 6.96912e-06 2.82067e-01 1.18392e-16 3.94825e-04 
3376.50 7.08309e-06 2.84610e-01 1.17893e-16 4.03971e-04 
3380.00 7.33281e-06 2.85981e-01 1.17600e-16 4.19620e-04 
3390.00 8.14781e-06 2.89895e-01 1.16645e-16 4.70186e-04 
3393.38 8.29419e-06 2.91220e-01 1.16278e-16 4.79788e-04 
3400.00 8.36917e-06 2.93817e-01 1.15528e-16 4.86237e-04 
3410.00 8.31818e-06 2.97744e-01 1.14381e-16 4.86298e-04 
3410.35 8.31958e-06 2.97880e-01 1.14340e-16 4.86478e-04 
3420.00 8.50204e-06 3.01673e-01 1.13123e-16 4.99528e-04 
3427.40 8.73010e-06 3.04580e-01 1.12057e-16 5.14101e-04 
3430.00 8.80537e-06 3.05602e-01 1.11655e-16 5.18798e-04 
3440.00 9.01458e-06 3.09533e-01 1.10087e-16 5.31951e-04 
3444.54 9.07933e-06 3.11320e-01 1.09448e-16 5.36440e-04 
3450.00 9.14571e-06 3.13475e-01 1.08627e-16 5.40878e-04 
3460.00 9.27746e-06 3.17411e-01 1.06791e-16 5.47755e-04 
3461.76 9.30802e-06 3.18100e-01 1.06491e-16 5.49483e-04 
3470.00 9.50946e-06 3.21312e-01 1.05231e-16 5.61669e-04 
3479.07 9.87120e-06 3.24840e-01 1.03908e-16 5.83547e-04 
3480.00 9.91555e-06 3.25204e-01 1.03782e-16 5.86270e-04 
3490.00 1.04454e-05 3.29121e-01 1.02593e-16 6.19650e-04 
3496.46 1.07950e-05 3.31660e-01 1.01915e-16 6.42248e-04 
3500.00 1.09416e-05 3.33050e-01 1.01564e-16 6.52116e-04 
3510.00 1.09431e-05 3.36979e-01 1.00708e-16 6.56201e-04 
3513.95 1.07104e-05 3.38530e-01 1.00461e-16 6.44346e-04 
3520.00 1.02512e-05 3.40912e-01 1.00142e-16 6.20155e-04 
3530.00 1.00222e-05 3.44845e-01 9.97063e-17 6.12363e-04 
3531.51 1.01192e-05 3.45440e-01 9.96751e-17 6.19424e-04 
3540.00 1.11007e-05 3.48767e-01 9.95724e-17 6.86995e-04 
3549.17 1.17533e-05 3.52360e-01 9.92880e-17 7.34673e-04 
3550.00 1.17299e-05 3.52684e-01 9.92666e-17 7.33899e-04 
3560.00 1.03053e-05 3.56602e-01 9.91060e-17 6.52709e-04 
3566.92 8.91315e-06 3.59310e-01 9.88935e-17 5.68702e-04 
3570.00 8.43342e-06 3.60515e-01 9.88001e-17 5.39853e-04 
3580.00 7.96691e-06 3.64418e-01 9.85821e-17 5.15815e-04 
3584.75 8.16415e-06 3.66270e-01 9.83929e-17 5.30956e-04 
3590.00 8.53289e-06 3.68313e-01 9.80430e-17 5.56862e-04 
3600.00 9.31135e-06 3.72201e-01 9.68960e-17 6.08586e-04 
3602.68 9.50218e-06 3.73240e-01 9.64953e-17 6.20677e-04 
3610.00 9.91970e-06 3.76080e-01 9.52557e-17 6.45802e-04 
3620.00 1.01516e-05 3.79953e-01 9.33477e-17 6.56144e-04 
3620.69 1.01545e-05 3.80220e-01 9.32088e-17 6.55941e-04 
3630.00 1.00685e-05 3.83824e-01 9.13289e-17 6.44965e-04 
3638.79 1.01230e-05 3.87220e-01 8.98287e-17 6.45003e-04 
3640.00 1.02194e-05 3.87685e-01 8.96733e-17 6.51016e-04 
3650.00 1.17092e-05 3.91528e-01 8.90157e-17 7.49845e-04 
3656.99 1.22954e-05 3.94210e-01 8.90623e-17 7.94714e-04 
3660.00 1.23616e-05 3.95367e-01 8.90348e-17 8.01750e-04 
3670.00 1.20827e-05 3.99203e-01 8.83198e-17 7.87052e-04 
3675.27 1.17991e-05 4.01220e-01 8.78126e-17 7.69130e-04 
3680.00 1.15692e-05 4.03023e-01 8.72607e-17 7.53739e-04 
3690.00 1.14738e-05 4.06825e-01 8.57886e-17 7.43865e-04 
3693.65 1.16504e-05 4.08210e-01 8.53540e-17 7.54790e-04 
3700.00 1.20532e-05 4.10620e-01 8.47027e-17 7.80845e-04 
3710.00 1.20237e-05 4.14409e-01 8.35633e-17 7.77646e-04 
3712.12 1.17879e-05 4.15210e-01 8.33181e-17 7.62057e-04 
3720.00 1.03716e-05 4.18185e-01 8.25807e-17 6.70745e-04 
3730.00 8.70158e-06 4.21946e-01 8.21677e-17 5.66484e-04 
3730.68 8.64394e-06 4.22200e-01 8.21339e-17 5.62942e-04 
3740.00 8.70798e-06 4.25694e-01 8.15559e-17 5.69201e-04 
3749.33 9.73699e-06 4.29180e-01 8.12012e-17 6.40477e-04 
3750.00 9.82346e-06 4.29430e-01 8.11774e-17 6.46467e-04 
3760.00 1.10431e-05 4.33152e-01 8.07301e-17 7.30933e-04 
3768.08 1.17610e-05 4.36150e-01 8.02857e-17 7.81196e-04 
3770.00 1.18732e-05 4.36862e-01 8.01527e-17 7.89030e-04 
3780.00 1.21204e-05 4.40560e-01 7.90974e-17 8.03713e-04 
3786.92 1.22014e-05 4.43110e-01 7.79285e-17 8.03207e-04 
3790.00 1.22827e-05 4.44243e-01 7.73959e-17 8.05739e-04 
3800.00 1.26385e-05 4.47911e-01 7.57901e-17 8.20741e-04 
3805.85 1.24466e-05 4.50050e-01 7.45690e-17 8.00284e-04 
3810.00 1.18994e-05 4.51563e-01 7.35839e-17 7.58355e-04 
3820.00 9.22693e-06 4.55200e-01 7.09724e-17 5.73239e-04 
3824.88 7.93010e-06 4.56970e-01 6.95083e-17 4.85003e-04 
3830.00 7.15129e-06 4.58821e-01 6.78983e-17 4.29545e-04 
3840.00 7.96401e-06 4.62428e-01 6.47095e-17 4.60679e-04 
3844.01 8.70462e-06 4.63870e-01 6.33652e-17 4.95113e-04 
3850.00 9.63437e-06 4.66025e-01 6.13409e-17 5.33785e-04 
3860.00 9.83879e-06 4.69608e-01 5.81980e-17 5.22512e-04 
3863.23 9.69065e-06 4.70760e-01 5.72626e-17 5.08039e-04 
3870.00 9.40439e-06 4.73170e-01 5.53800e-17 4.80104e-04 
3880.00 9.69299e-06 4.76712e-01 5.28106e-17 4.76639e-04 
3882.54 9.93359e-06 4.77610e-01 5.22643e-17 4.84645e-04 
3890.00 1.10545e-05 4.80242e-01 5.09256e-17 5.29431e-04 
3900.00 1.30446e-05 4.83756e-01 4.95033e-17 6.13309e-04 
3901.96 1.33009e-05 4.84440e-01 4.92523e-17 6.23381e-04 
3910.00 1.30534e-05 4.87246e-01 4.84059e-17 6.05995e-04 
3920.00 9.47295e-06 4.90721e-01 4.79547e-17 4.39907e-04 
3921.46 8.88450e-06 4.91230e-01 4.79093e-17 4.12772e-04 
3930.00 6.86908e-06 4.94192e-01 4.78286e-17 3.21217e-04 
3940.00 9.18336e-06 4.97634e-01 4.84480e-17 4.39144e-04 
3941.07 9.56458e-06 4.98000e-01 4.85231e-17 4.58544e-04 
3950.00 1.16872e-05 5.01018e-01 4.91706e-17 5.72519e-04 
3960.00 9.78271e-06 5.04369e-01 5.03445e-17 4.95197e-04 
3960.78 9.55364e-06 5.04630e-01 5.04534e-17 4.84993e-04 
3970.00 8.06486e-06 5.07725e-01 5.17936e-17 4.23853e-04 
3980.00 1.13166e-05 5.11085e-01 5.31433e-17 6.15832e-04 
3980.58 1.16017e-05 5.11280e-01 5.32217e-17 6.32615e-04 
3990.00 1.58795e-05 5.14437e-01 5.45503e-17 8.95081e-04 
4000.00 1.73761e-05 5.17778e-01 5.61142e-17 1.01661e-03 
4000.48 1.73801e-05 5.17940e-01 5.61960e-17 1.01877e-03 
4010.00 1.69933e-05 5.21109e-01 5.77927e-17 1.03311e-03 
4020.00 1.67969e-05 5.24419e-01 5.90812e-17 1.05319e-03 
4020.49 1.67965e-05 5.24580e-01 5.91361e-17 1.05460e-03 
4030.00 1.68045e-05 5.27704e-01 6.02780e-17 1.08444e-03 
4040.00 1.66080e-05 5.30968e-01 6.17998e-17 1.10835e-03 
4040.59 1.65879e-05 5.31160e-01 6.18804e-17 1.10901e-03 
4050.00 1.61435e-05 5.34220e-01 6.30080e-17 1.10788e-03 
4060.00 1.55759e-05 5.37455e-01 6.44839e-17 1.10330e-03 
4060.79 1.55464e-05 5.37710e-01 6.46272e-17 1.10440e-03 
4070.00 1.56404e-05 5.40668e-01 6.64606e-17 1.15149e-03 
4080.00 1.68035e-05 5.43861e-01 6.85101e-17 1.28595e-03 
4081.10 1.69547e-05 5.44210e-01 6.87628e-17 1.30350e-03 
4090.00 1.78856e-05 5.47038e-01 7.11789e-17 1.43390e-03 
4100.00 1.77693e-05 5.50197e-01 7.45856e-17 1.50505e-03 
4101.50 1.76848e-05 5.50670e-01 7.51260e-17 1.51059e-03 
4110.00 1.72304e-05 5.53336e-01 7.84283e-17 1.54711e-03 
4120.00 1.72081e-05 5.56455e-01 8.33492e-17 1.65533e-03 
4122.01 1.72494e-05 5.57080e-01 8.44685e-17 1.68429e-03 
4130.00 1.74022e-05 5.59558e-01 8.92871e-17 1.80764e-03 
4140.00 1.73691e-05 5.62645e-01 9.61389e-17 1.95810e-03 
4142.62 1.73441e-05 5.63450e-01 9.81176e-17 1.99964e-03 
4150.00 1.73330e-05 5.65712e-01 1.04168e-16 2.13391e-03 
4160.00 1.75243e-05 5.68760e-01 1.13437e-16 2.36777e-03 
4163.33 1.75755e-05 5.69770e-01 1.16720e-16 2.44971e-03 
4170.00 1.75320e-05 5.71784e-01 1.23607e-16 2.60116e-03 
4180.00 1.70167e-05 5.74788e-01 1.34795e-16 2.77432e-03 
4184.15 1.67752e-05 5.76030e-01 1.39590e-16 2.84116e-03 
4190.00 1.65668e-05 5.77777e-01 1.46537e-16 2.95858e-03 
4200.00 1.67223e-05 5.80750e-01 1.58902e-16 3.26278e-03 
4205.07 1.68643e-05 5.82250e-01 1.65022e-16 3.43019e-03 
4210.00 1.69017e-05 5.83703e-01 1.70786e-16 3.57090e-03 
4220.00 1.65244e-05 5.86633e-01 1.81702e-16 3.74186e-03 
4226.10 1.62357e-05 5.88410e-01 1.87519e-16 3.81118e-03 
4230.00 1.61349e-05 5.89545e-01 1.90993e-16 3.86870e-03 
4240.00 1.62821e-05 5.92440e-01 1.99252e-16 4.10248e-03 
4247.23 1.64232e-05 5.94520e-01 2.04278e-16 4.26456e-03 
4250.00 1.64080e-05 5.95316e-01 2.05974e-16 4.30454e-03 
4260.00 1.59303e-05 5.98170e-01 2.10983e-16 4.31150e-03 
4268.46 1.53612e-05 6.00570e-01 2.13801e-16 4.23833e-03 
4270.00 1.52764e-05 6.01005e-01 2.14198e-16 4.22733e-03 
4280.00 1.48429e-05 6.03823e-01 2.16098e-16 4.17299e-03 
4289.80 1.39242e-05 6.06570e-01 2.16801e-16 3.95433e-03 
4290.00 1.38941e-05 6.06625e-01 2.16802e-16 3.94635e-03 
4300.00 1.20618e-05 6.09410e-01 2.16305e-16 3.44174e-03 
4310.00 1.15793e-05 6.12175e-01 2.15487e-16 3.31421e-03 
4311.25 1.17558e-05 6.12520e-01 2.15373e-16 3.36582e-03 
4320.00 1.41663e-05 6.14916e-01 2.14393e-16 4.06153e-03 
4330.00 1.68830e-05 6.17638e-01 2.12955e-16 4.84041e-03 
4332.81 1.71352e-05 6.18400e-01 2.12693e-16 4.91590e-03 
4340.00 1.68488e-05 6.20347e-01 2.12592e-16 4.85473e-03 
4350.00 1.60786e-05 6.23041e-01 2.13892e-16 4.69215e-03 
4354.47 1.62667e-05 6.24240e-01 2.14865e-16 4.78275e-03 
4360.00 1.68703e-05 6.25714e-01 2.16603e-16 5.01848e-03 
4370.00 1.77604e-05 6.28365e-01 2.22063e-16 5.45189e-03 
4376.25 1.74794e-05 6.30010e-01 2.27094e-16 5.50942e-03 
4380.00 1.70838e-05 6.30996e-01 2.30720e-16 5.48396e-03 
4390.00 1.61295e-05 6.33610e-01 2.42683e-16 5.48114e-03 
4398.13 1.62765e-05 6.35720e-01 2.55396e-16 5.85103e-03 
4400.00 1.64163e-05 6.36205e-01 2.58826e-16 5.98764e-03 
4410.00 1.74277e-05 6.38780e-01 2.79921e-16 6.91814e-03 
4420.00 1.82793e-05 6.41340e-01 3.03489e-16 7.91655e-03 
4420.12 1.82868e-05 6.41370e-01 3.03791e-16 7.92826e-03 
4430.00 1.86489e-05 6.43886e-01 3.31684e-16 8.88204e-03 
4440.00 1.85091e-05 6.46413e-01 3.63584e-16 9.72314e-03 
4442.22 1.84628e-05 6.46970e-01 3.71067e-16 9.91192e-03 
4450.00 1.84492e-05 6.48914e-01 3.98519e-16 1.06880e-02 
4460.00 1.89504e-05 6.51399e-01 4.35760e-16 1.20774e-02 
4464.43 1.92199e-05 6.52500e-01 4.51927e-16 1.27376e-02 
4470.00 1.94464e-05 6.53886e-01 4.72011e-16 1.35059e-02 
4480.00 1.94292e-05 6.56353e-01 5.07685e-16 1.46012e-02 
4486.75 1.94981e-05 6.57980e-01 5.29977e-16 1.53574e-02 
4490.00 1.96729e-05 6.58747e-01 5.40231e-16 1.58247e-02 
4500.00 2.07966e-05 6.61064e-01 5.69106e-16 1.77241e-02 
4509.19 2.15159e-05 6.63190e-01 5.88292e-16 1.90551e-02 
4510.00 2.15175e-05 6.63381e-01 5.89726e-16 1.91119e-02 
4520.00 2.06761e-05 6.65750e-01 6.03824e-16 1.89126e-02 
4530.00 1.95068e-05 6.68138e-01 6.08324e-16 1.80804e-02 
4531.73 1.94037e-05 6.68550e-01 6.08281e-16 1.80016e-02 
4540.00 1.94218e-05 6.70500e-01 6.04833e-16 1.80013e-02 
4550.00 2.01502e-05 6.72832e-01 5.92678e-16 1.84051e-02 
4554.39 2.05498e-05 6.73850e-01 5.85079e-16 1.85754e-02 
4560.00 2.10076e-05 6.75148e-01 5.73446e-16 1.86705e-02 
4570.00 2.13401e-05 6.77450e-01 5.47285e-16 1.82023e-02 
4577.16 2.10036e-05 6.79090e-01 5.25048e-16 1.72559e-02 
4580.00 2.07941e-05 6.79737e-01 5.15649e-16 1.68045e-02 
4590.00 2.01874e-05 6.82007e-01 4.81085e-16 1.53048e-02 
4600.00 2.03071e-05 6.84259e-01 4.45606e-16 1.43384e-02 
4600.05 2.03088e-05 6.84270e-01 4.45433e-16 1.43344e-02 
4610.00 2.06450e-05 6.86497e-01 4.08392e-16 1.34324e-02 
4620.00 2.05833e-05 6.88717e-01 3.70799e-16 1.22253e-02 
4623.05 2.05114e-05 6.89390e-01 3.59164e-16 1.18196e-02 
4630.00 2.03591e-05 6.90919e-01 3.32521e-16 1.09021e-02 
4640.00 2.03359e-05 6.93102e-01 2.95624e-16 9.73287e-03 
4646.16 2.04329e-05 6.94440e-01 2.74828e-16 9.12102e-03 
4650.00 2.05267e-05 6.95270e-01 2.62528e-16 8.77047e-03 
4660.00 2.08306e-05 6.97422e-01 2.32054e-16 7.90853e-03 
4669.39 2.10357e-05 6.99430e-01 2.04957e-16 7.08837e-03 
4670.00 2.10415e-05 6.99559e-01 2.03186e-16 7.03131e-03 
4680.00 2.09729e-05 7.01680e-01 1.74418e-16 6.04725e-03 
4690.00 2.06213e-05 7.03785e-01 1.50552e-16 5.15868e-03 
4692.74 2.04828e-05 7.04360e-01 1.44381e-16 4.92091e-03 
4700.00 2.01075e-05 7.05876e-01 1.28417e-16 4.31253e-03 
4710.00 1.98651e-05 7.07951e-01 1.08393e-16 3.61445e-03 
4716.20 2.00318e-05 7.09230e-01 9.73200e-17 3.28265e-03 
4720.00 2.02211e-05 7.10009e-01 9.10345e-17 3.10556e-03 
4730.00 2.07631e-05 7.12048e-01 7.63292e-17 2.68705e-03 
4739.79 2.10243e-05 7.14030e-01 6.47748e-17 2.32020e-03 
4740.00 2.10271e-05 7.14073e-01 6.45412e-17 2.31239e-03 
4750.00 2.10831e-05 7.16087e-01 5.43515e-17 1.96214e-03 
4760.00 2.10994e-05 7.18087e-01 4.60430e-17 1.67164e-03 
4763.48 2.11027e-05 7.18780e-01 4.35830e-17 1.58525e-03 
4770.00 2.11036e-05 7.20070e-01 3.94053e-17 1.43790e-03 
4780.00 2.10811e-05 7.22035e-01 3.37465e-17 1.23604e-03 
4787.30 2.10242e-05 7.23460e-01 3.03606e-17 1.11291e-03 
4790.00 2.09902e-05 7.23985e-01 2.92500e-17 1.07184e-03 
4800.00 2.08273e-05 7.25921e-01 2.56444e-17 9.36873e-04 
4810.00 2.07699e-05 7.27843e-01 2.28341e-17 8.35843e-04 
4811.24 2.07809e-05 7.28080e-01 2.25434e-17 8.26119e-04 
4820.00 2.09380e-05 7.29751e-01 2.07618e-17 7.69742e-04 
4830.00 2.10430e-05 7.31644e-01 1.90527e-17 7.13236e-04 
4835.29 2.09453e-05 7.32640e-01 1.82452e-17 6.81509e-04 
4840.00 2.07327e-05 7.33521e-01 1.75462e-17 6.50158e-04 
4850.00 1.98099e-05 7.35381e-01 1.59977e-17 5.69006e-04 
4859.47 1.84615e-05 7.37130e-01 1.49767e-17 4.98586e-04 
4860.00 1.83914e-05 7.37227e-01 1.49844e-17 4.97068e-04 
4870.00 1.76937e-05 7.39063e-01 1.58677e-17 5.08705e-04 
4880.00 1.86554e-05 7.40886e-01 1.50150e-17 5.09830e-04 
4883.77 1.92162e-05 7.41570e-01 1.46764e-17 5.14183e-04 
4890.00 2.00022e-05 7.42696e-01 1.43918e-17 5.26302e-04 
4900.00 2.03389e-05 7.44492e-01 1.42885e-17 5.33696e-04 
4908.19 2.00767e-05 7.45950e-01 1.41887e-17 5.25036e-04 
4910.00 1.99995e-05 7.46271e-01 1.41738e-17 5.22887e-04 
4920.00 1.96537e-05 7.48035e-01 1.41624e-17 5.15691e-04 
4930.00 1.95847e-05 7.49785e-01 1.40553e-17 5.12229e-04 
4932.73 1.96368e-05 7.50260e-01 1.40390e-17 5.13604e-04 
4940.00 1.98938e-05 7.51523e-01 1.40056e-17 5.20730e-04 
4950.00 2.03402e-05 7.53251e-01 1.38947e-17 5.30486e-04 
4957.39 2.05763e-05 7.54520e-01 1.39151e-17 5.39140e-04 
4960.00 2.06208e-05 7.54966e-01 1.39406e-17 5.41899e-04 
4970.00 2.05244e-05 7.56668e-01 1.41050e-17 5.48062e-04 
4980.00 1.99534e-05 7.58355e-01 1.42885e-17 5.42038e-04 
4982.18 1.97886e-05 7.58720e-01 1.42441e-17 5.36381e-04 
4990.00 1.91697e-05 7.60026e-01 1.40247e-17 5.13289e-04 
5000.00 1.85262e-05 7.61683e-01 1.42235e-17 5.05199e-04 
5007.09 1.83493e-05 7.62850e-01 1.42272e-17 5.01980e-04 
5010.00 1.83784e-05 7.63328e-01 1.42044e-17 5.02577e-04 
5020.00 1.88856e-05 7.64962e-01 1.42159e-17 5.19006e-04 
5030.00 1.94206e-05 7.66586e-01 1.42503e-17 5.37205e-04 
5032.12 1.94621e-05 7.66930e-01 1.42431e-17 5.38549e-04 
5040.00 1.94232e-05 7.68199e-01 1.42159e-17 5.38173e-04 
5050.00 1.93886e-05 7.69797e-01 1.42771e-17 5.41721e-04 
5057.29 1.96722e-05 7.70950e-01 1.42384e-17 5.49771e-04 
5060.00 1.98109e-05 7.71377e-01 1.42121e-17 5.53224e-04 
5070.00 2.01241e-05 7.72939e-01 1.41432e-17 5.61491e-04 
5080.00 1.97783e-05 7.74498e-01 1.41662e-17 5.54943e-04 
5082.57 1.96412e-05 7.74900e-01 1.41970e-17 5.52862e-04 
5090.00 1.93466e-05 7.76063e-01 1.42885e-17 5.49708e-04 
5100.00 1.94328e-05 7.77612e-01 1.43230e-17 5.55679e-04 
5107.98 1.96176e-05 7.78810e-01 1.44012e-17 5.65783e-04 
5110.00 1.96368e-05 7.79104e-01 1.43956e-17 5.66554e-04 
5120.00 1.94804e-05 7.80526e-01 1.42427e-17 5.58174e-04 
5130.00 1.91740e-05 7.81929e-01 1.44530e-17 5.59598e-04 
5133.52 1.90954e-05 7.82430e-01 1.45184e-17 5.60571e-04 
5140.00 1.89555e-05 7.83368e-01 1.46212e-17 5.61786e-04 
5150.00 1.84850e-05 7.84846e-01 1.48697e-17 5.59291e-04 
5159.19 1.75804e-05 7.86210e-01 1.49430e-17 5.36427e-04 
5160.00 1.74919e-05 7.86329e-01 1.49424e-17 5.33868e-04 
5170.00 1.65625e-05 7.87791e-01 1.49997e-17 5.09370e-04 
5180.00 1.63375e-05 7.89234e-01 1.53553e-17 5.16302e-04 
5184.99 1.64993e-05 7.89950e-01 1.54370e-17 5.25168e-04 
5190.00 1.68190e-05 7.90668e-01 1.54968e-17 5.38427e-04 
5200.00 1.77585e-05 7.92095e-01 1.57950e-17 5.81607e-04 
5210.00 1.85445e-05 7.93511e-01 1.61468e-17 6.23183e-04 
5210.91 1.85845e-05 7.93640e-01 1.61855e-17 6.26235e-04 
5220.00 1.87268e-05 7.94915e-01 1.65368e-17 6.46889e-04 
5230.00 1.88623e-05 7.96306e-01 1.67127e-17 6.60916e-04 
5236.97 1.92411e-05 7.97270e-01 1.71112e-17 6.92022e-04 
5240.00 1.94117e-05 7.97688e-01 1.72977e-17 7.06544e-04 
5250.00 1.94431e-05 7.99060e-01 1.76838e-17 7.26112e-04 
5260.00 1.82261e-05 8.00423e-01 1.80318e-17 6.96563e-04 
5263.15 1.77926e-05 8.00850e-01 1.81554e-17 6.85431e-04 
5270.00 1.72294e-05 8.01774e-01 1.84906e-17 6.77653e-04 
5280.00 1.78825e-05 8.03113e-01 1.91865e-17 7.32417e-04 
5289.47 1.91924e-05 8.04370e-01 1.98349e-17 8.15365e-04 
5290.00 1.92591e-05 8.04440e-01 1.98709e-17 8.19833e-04 
5300.00 2.00635e-05 8.05757e-01 2.05133e-17 8.84797e-04 
5310.00 1.98797e-05 8.07062e-01 2.10447e-17 9.02564e-04 
5315.92 1.92833e-05 8.07830e-01 2.14702e-17 8.95032e-04 
5320.00 1.87884e-05 8.08358e-01 2.17521e-17 8.84767e-04 
5330.00 1.79774e-05 8.09645e-01 2.23103e-17 8.71321e-04 
5340.00 1.84380e-05 8.10922e-01 2.30980e-17 9.28390e-04 
5342.50 1.86639e-05 8.11240e-01 2.32135e-17 9.45280e-04 
5350.00 1.92662e-05 8.12192e-01 2.35224e-17 9.91316e-04 
5360.00 1.94216e-05 8.13451e-01 2.43406e-17 1.03761e-03 
5369.21 1.92265e-05 8.14600e-01 2.45403e-17 1.03886e-03 
5370.00 1.92116e-05 8.14698e-01 2.45547e-17 1.03894e-03 
5380.00 1.91201e-05 8.15933e-01 2.49944e-17 1.05607e-03 
5390.00 1.89890e-05 8.17155e-01 2.55488e-17 1.07570e-03 
5396.05 1.87841e-05 8.17890e-01 2.57807e-17 1.07592e-03 
5400.00 1.86264e-05 8.18367e-01 2.59044e-17 1.07342e-03 
5410.00 1.83464e-05 8.19570e-01 2.61836e-17 1.07223e-03 
5420.00 1.84681e-05 8.20767e-01 2.63671e-17 1.09050e-03 
5423.03 1.85644e-05 8.21130e-01 2.64568e-17 1.10102e-03 
5430.00 1.88227e-05 8.21962e-01 2.66806e-17 1.12837e-03 
5440.00 1.91454e-05 8.23152e-01 2.68641e-17 1.15942e-03 
5450.00 1.92743e-05 8.24332e-01 2.70630e-17 1.17971e-03 
5450.15 1.92741e-05 8.24350e-01 2.70654e-17 1.17986e-03 
5460.00 1.91373e-05 8.25501e-01 2.71509e-17 1.17896e-03 
5470.00 1.89191e-05 8.26659e-01 2.71700e-17 1.17011e-03 
5477.40 1.88294e-05 8.27510e-01 2.71976e-17 1.16852e-03 
5480.00 1.88133e-05 8.27808e-01 2.72121e-17 1.16912e-03 
5490.00 1.87909e-05 8.28949e-01 2.72618e-17 1.17361e-03 
5500.00 1.87831e-05 8.30082e-01 2.72465e-17 1.17621e-03 
5504.79 1.87819e-05 8.30620e-01 2.72459e-17 1.17789e-03 
5510.00 1.87842e-05 8.31203e-01 2.72388e-17 1.17968e-03 
5520.00 1.88107e-05 8.32315e-01 2.71777e-17 1.18240e-03 
5530.00 1.89051e-05 8.33417e-01 2.72197e-17 1.19391e-03 
5532.31 1.89412e-05 8.33670e-01 2.72650e-17 1.19905e-03 
5540.00 1.90707e-05 8.34510e-01 2.74338e-17 1.21764e-03 
5550.00 1.91280e-05 8.35596e-01 2.75333e-17 1.22953e-03 
5559.97 1.89215e-05 8.36670e-01 2.77583e-17 1.22998e-03 
5560.00 1.89207e-05 8.36673e-01 2.77588e-17 1.22996e-03 
5570.00 1.85674e-05 8.37741e-01 2.78888e-17 1.21638e-03 
5580.00 1.82554e-05 8.38801e-01 2.81603e-17 1.21128e-03 
5587.77 1.81600e-05 8.39620e-01 2.84900e-17 1.22195e-03 
5590.00 1.81702e-05 8.39854e-01 2.85771e-17 1.22720e-03 
5600.00 1.84066e-05 8.40902e-01 2.88791e-17 1.26013e-03 
5610.00 1.86986e-05 8.41941e-01 2.92003e-17 1.29827e-03 
5615.71 1.87705e-05 8.42530e-01 2.93179e-17 1.31076e-03 
5620.00 1.87825e-05 8.42970e-01 2.93877e-17 1.31640e-03 
5630.00 1.87659e-05 8.43988e-01 2.95674e-17 1.32724e-03 
5640.00 1.87840e-05 8.44999e-01 2.97280e-17 1.33971e-03 
5643.79 1.87773e-05 8.45380e-01 2.97973e-17 1.34387e-03 
5650.00 1.87107e-05 8.46003e-01 2.99038e-17 1.34636e-03 
5660.00 1.84488e-05 8.47001e-01 2.99803e-17 1.33484e-03 
5670.00 1.82775e-05 8.47992e-01 2.99688e-17 1.32582e-03 
5672.01 1.82858e-05 8.48190e-01 2.99718e-17 1.32733e-03 
5680.00 1.84217e-05 8.48974e-01 2.99765e-17 1.34053e-03 
5690.00 1.85129e-05 8.49947e-01 2.98733e-17 1.34643e-03 
5700.00 1.82432e-05 8.50914e-01 2.97853e-17 1.32674e-03 
5700.37 1.82319e-05 8.50950e-01 2.97827e-17 1.32595e-03 
5710.00 1.81416e-05 8.51876e-01 2.97088e-17 1.31976e-03 
5720.00 1.86651e-05 8.52831e-01 2.96324e-17 1.35825e-03 
5728.87 1.91250e-05 8.53670e-01 2.96429e-17 1.39574e-03 
5730.00 1.91475e-05 8.53776e-01 2.96324e-17 1.39734e-03 
5740.00 1.89363e-05 8.54711e-01 2.94833e-17 1.37888e-03 
5750.00 1.85590e-05 8.55637e-01 2.96706e-17 1.36383e-03 
5757.52 1.85622e-05 8.56330e-01 2.96568e-17 1.36632e-03 
5760.00 1.86017e-05 8.56558e-01 2.96591e-17 1.37029e-03 
5770.00 1.87067e-05 8.57476e-01 2.98847e-17 1.39241e-03 
5780.00 1.84637e-05 8.58388e-01 3.02518e-17 1.39510e-03 
5786.30 1.82665e-05 8.58960e-01 3.07399e-17 1.40493e-03 
5790.00 1.81976e-05 8.59294e-01 3.10318e-17 1.41438e-03 
5800.00 1.82833e-05 8.60194e-01 3.16741e-17 1.45448e-03 
5810.00 1.85615e-05 8.61086e-01 3.26644e-17 1.52698e-03 
5815.23 1.86897e-05 8.61550e-01 3.30766e-17 1.55918e-03 
5820.00 1.87686e-05 8.61971e-01 3.34903e-17 1.58741e-03 
5830.00 1.87601e-05 8.62847e-01 3.48018e-17 1.65335e-03 
5840.00 1.85090e-05 8.63717e-01 3.59641e-17 1.69028e-03 
5844.31 1.84017e-05 8.64090e-01 3.63813e-17 1.70197e-03 
5850.00 1.83391e-05 8.64581e-01 3.69736e-17 1.72645e-03 
5860.00 1.84691e-05 8.65438e-01 3.82544e-17 1.80378e-03 
5870.00 1.83427e-05 8.66290e-01 3.92639e-17 1.84366e-03 
5873.53 1.81108e-05 8.66590e-01 3.95839e-17 1.83693e-03 
5880.00 1.75390e-05 8.67137e-01 4.01892e-17 1.80926e-03 
5890.00 1.69513e-05 8.67978e-01 4.11336e-17 1.79451e-03 
5900.00 1.74040e-05 8.68810e-01 4.17836e-17 1.87653e-03 
5902.90 1.76381e-05 8.69050e-01 4.19701e-17 1.91173e-03 
5910.00 1.81315e-05 8.69633e-01 4.24412e-17 1.99099e-03 
5920.00 1.82601e-05 8.70447e-01 4.29115e-17 2.03266e-03 
5930.00 1.80745e-05 8.71256e-01 4.29650e-17 2.01979e-03 
5932.41 1.80452e-05 8.71450e-01 4.30061e-17 2.01971e-03 
5940.00 1.80271e-05 8.72060e-01 4.31447e-17 2.02820e-03 
5950.00 1.80837e-05 8.72861e-01 4.29727e-17 2.03173e-03 
5960.00 1.81148e-05 8.73656e-01 4.27203e-17 2.02851e-03 
5962.08 1.81149e-05 8.73820e-01 4.26178e-17 2.02474e-03 
5970.00 1.80955e-05 8.74444e-01 4.20742e-17 2.00085e-03 
5980.00 1.80268e-05 8.75226e-01 4.12139e-17 1.95752e-03 
5990.00 1.79071e-05 8.76004e-01 4.00286e-17 1.89344e-03 
5991.89 1.78787e-05 8.76150e-01 3.98369e-17 1.88229e-03 
6000.00 1.77476e-05 8.76778e-01 3.90880e-17 1.83716e-03 
6010.00 1.76129e-05 8.77547e-01 3.79180e-17 1.77315e-03 
6020.00 1.75687e-05 8.78310e-01 3.67327e-17 1.71774e-03 
6021.85 1.75721e-05 8.78450e-01 3.65085e-17 1.70839e-03 
6030.00 1.76323e-05 8.79065e-01 3.55589e-17 1.67309e-03 
6040.00 1.77858e-05 8.79814e-01 3.46794e-17 1.65004e-03 
6050.00 1.79172e-05 8.80556e-01 3.39224e-17 1.63002e-03 
6051.96 1.79290e-05 8.80700e-01 3.37780e-17 1.62494e-03 
6060.00 1.79180e-05 8.81292e-01 3.33144e-17 1.60486e-03 
6070.00 1.77862e-05 8.82024e-01 3.31730e-17 1.59023e-03 
6080.00 1.75682e-05 8.82750e-01 3.29359e-17 1.56337e-03 
6082.21 1.75209e-05 8.82910e-01 3.28977e-17 1.55820e-03 
6090.00 1.73977e-05 8.83470e-01 3.28365e-17 1.54732e-03 
6100.00 1.73573e-05 8.84182e-01 3.28097e-17 1.54625e-03 
6110.00 1.72391e-05 8.84887e-01 3.28021e-17 1.53911e-03 
6112.63 1.71624e-05 8.85070e-01 3.27798e-17 1.53219e-03 
6120.00 1.68857e-05 8.85581e-01 3.26644e-17 1.50486e-03 
6130.00 1.66314e-05 8.86267e-01 3.24312e-17 1.47516e-03 
6140.00 1.67587e-05 8.86945e-01 3.21024e-17 1.47491e-03 
6143.19 1.68200e-05 8.87160e-01 3.19752e-17 1.47557e-03 
6150.00 1.68501e-05 8.87617e-01 3.17124e-17 1.46844e-03 
6160.00 1.65294e-05 8.88283e-01 3.14333e-17 1.43120e-03 
6170.00 1.62861e-05 8.88944e-01 3.11006e-17 1.39852e-03 
6173.91 1.63515e-05 8.89200e-01 3.09244e-17 1.39747e-03 
6180.00 1.66033e-05 8.89598e-01 3.07144e-17 1.41138e-03 
6190.00 1.70726e-05 8.90251e-01 3.07641e-17 1.45704e-03 
6200.00 1.72063e-05 8.90911e-01 3.09668e-17 1.48161e-03 
6204.77 1.71679e-05 8.91230e-01 3.12340e-17 1.49274e-03 
6210.00 1.70903e-05 8.91584e-01 3.16168e-17 1.50606e-03 
6220.00 1.69065e-05 8.92269e-01 3.24924e-17 1.53477e-03 
6230.00 1.66465e-05 8.92956e-01 3.39530e-17 1.58285e-03 
6235.80 1.64511e-05 8.93350e-01 3.50498e-17 1.61702e-03 
6240.00 1.63174e-05 8.93632e-01 3.59756e-17 1.64788e-03 
6250.00 1.61792e-05 8.94293e-01 3.86750e-17 1.76064e-03 
6260.00 1.64332e-05 8.94942e-01 4.20092e-17 1.94696e-03 
6266.98 1.66983e-05 8.95390e-01 4.48636e-17 2.11621e-03 
6270.00 1.67946e-05 8.95583e-01 4.62342e-17 2.19497e-03 
6280.00 1.69343e-05 8.96217e-01 5.13309e-17 2.46287e-03 
6290.00 1.68317e-05 8.96844e-01 5.74065e-17 2.74398e-03 
6298.31 1.66186e-05 8.97360e-01 6.31889e-17 2.98778e-03 
6300.00 1.65711e-05 8.97464e-01 6.44571e-17 3.04020e-03 
6310.00 1.63469e-05 8.98078e-01 7.28651e-17 3.39798e-03 
6320.00 1.63178e-05 8.98687e-01 8.30509e-17 3.87485e-03 
6329.80 1.63872e-05 8.99280e-01 9.42826e-17 4.42737e-03 
6330.00 1.63886e-05 8.99292e-01 9.45292e-17 4.43951e-03 
6340.00 1.64269e-05 8.99893e-01 1.08382e-16 5.11346e-03 
6350.00 1.64057e-05 9.00491e-01 1.23840e-16 5.84835e-03 
6360.00 1.63419e-05 9.01084e-01 1.40534e-16 6.62567e-03 
6361.45 1.63339e-05 9.01170e-01 1.43025e-16 6.74199e-03 
6370.00 1.63225e-05 9.01672e-01 1.57824e-16 7.44855e-03 
6380.00 1.63976e-05 9.02254e-01 1.74858e-16 8.30879e-03 
6390.00 1.63992e-05 9.02832e-01 1.90183e-16 9.05782e-03 
6393.26 1.63497e-05 9.03020e-01 1.94740e-16 9.25353e-03 
6400.00 1.61947e-05 9.03407e-01 2.03259e-16 9.58094e-03 
6410.00 1.60102e-05 9.03977e-01 2.12845e-16 9.94028e-03 
6420.00 1.60596e-05 9.04545e-01 2.17926e-16 1.02313e-02 
6425.23 1.61197e-05 9.04840e-01 2.18632e-16 1.03146e-02 
6430.00 1.61478e-05 9.05109e-01 2.18133e-16 1.03198e-02 
6440.00 1.60628e-05 9.05669e-01 2.13422e-16 1.00656e-02 
6450.00 1.59318e-05 9.06225e-01 2.03324e-16 9.53172e-03 
6457.35 1.59041e-05 9.06630e-01 1.93519e-16 9.07070e-03 
6460.00 1.59031e-05 9.06775e-01 1.89540e-16 8.88868e-03 
6470.00 1.58688e-05 9.07320e-01 1.72652e-16 8.09660e-03 
6480.00 1.57256e-05 9.07861e-01 1.54192e-16 7.18102e-03 
6489.64 1.56432e-05 9.08380e-01 1.35480e-16 6.28942e-03 
6490.00 1.56440e-05 9.08399e-01 1.34780e-16 6.25774e-03 
6500.00 1.57796e-05 9.08937e-01 1.15727e-16 5.43127e-03 
6510.00 1.59542e-05 9.09471e-01 9.76645e-17 4.64413e-03 
6520.00 1.59750e-05 9.10000e-01 8.15407e-17 3.89071e-03 
6522.09 1.59655e-05 9.10110e-01 7.84155e-17 3.74100e-03 
6530.00 1.59257e-05 9.10523e-01 6.75006e-17 3.21762e-03 
6540.00 1.58589e-05 9.11039e-01 5.57853e-17 2.65357e-03 
6550.00 1.54273e-05 9.11550e-01 4.42612e-17 2.05238e-03 
6554.70 1.50002e-05 9.11790e-01 3.92726e-17 1.77239e-03 
6560.00 1.44618e-05 9.12060e-01 3.53600e-17 1.54023e-03 
6570.00 1.39061e-05 9.12568e-01 3.31118e-17 1.38977e-03 
6580.00 1.45608e-05 9.13074e-01 2.72044e-17 1.19807e-03 
6587.47 1.53337e-05 9.13450e-01 2.34162e-17 1.08766e-03 
6590.00 1.55400e-05 9.13577e-01 2.24594e-17 1.05780e-03 
6600.00 1.58465e-05 9.14076e-01 1.94733e-17 9.37178e-04 
6610.00 1.57227e-05 9.14570e-01 1.67700e-17 8.02420e-04 
6620.00 1.56209e-05 9.15060e-01 1.48009e-17 7.05057e-04 
6620.41 1.56186e-05 9.15080e-01 1.47330e-17 7.01778e-04 
6630.00 1.55937e-05 9.15545e-01 1.32256e-17 6.30202e-04 
6640.00 1.55892e-05 9.16025e-01 1.16809e-17 5.57568e-04 
6650.00 1.55373e-05 9.16503e-01 1.04153e-17 4.96508e-04 
6653.51 1.54959e-05 9.16670e-01 9.99726e-18 4.75646e-04 
6660.00 1.54069e-05 9.16979e-01 9.31030e-18 4.40998e-04 
6670.00 1.53406e-05 9.17454e-01 8.59148e-18 4.06016e-04 
6680.00 1.54458e-05 9.17929e-01 7.89559e-18 3.76448e-04 
6686.78 1.55149e-05 9.18250e-01 7.45574e-18 3.57554e-04 
6690.00 1.55165e-05 9.18403e-01 7.25324e-18 3.48104e-04 
6700.00 1.53670e-05 9.18875e-01 6.68353e-18 3.18310e-04 
6710.00 1.52081e-05 9.19345e-01 6.33559e-18 2.99218e-04 
6720.00 1.52544e-05 9.19810e-01 5.91883e-18 2.80946e-04 
6720.21 1.52568e-05 9.19820e-01 5.91167e-18 2.80661e-04 
6730.00 1.53394e-05 9.20270e-01 5.68177e-18 2.71736e-04 
6740.00 1.52737e-05 9.20726e-01 5.41795e-18 2.58520e-04 
6750.00 1.51575e-05 9.21178e-01 5.18089e-18 2.45811e-04 
6753.81 1.51335e-05 9.21350e-01 5.14377e-18 2.43848e-04 
6760.00 1.51209e-05 9.21628e-01 5.08147e-18 2.40987e-04 
6770.00 1.51256e-05 9.22075e-01 4.84059e-18 2.30086e-04 
6780.00 1.51048e-05 9.22518e-01 4.69912e-18 2.23491e-04 
6787.58 1.50639e-05 9.22850e-01 4.51296e-18 2.14372e-04 
6790.00 1.50464e-05 9.22955e-01 4.44677e-18 2.11082e-04 
6800.00 1.49657e-05 9.23386e-01 4.20971e-18 1.99142e-04 
6810.00 1.49323e-05 9.23812e-01 3.98030e-18 1.88233e-04 
6820.00 1.49857e-05 9.24236e-01 3.75471e-18 1.78544e-04 
6821.52 1.49939e-05 9.24300e-01 3.72602e-18 1.77328e-04 
6830.00 1.49887e-05 9.24659e-01 3.56353e-18 1.69813e-04 
6840.00 1.48293e-05 9.25082e-01 3.29971e-18 1.55867e-04 
6850.00 1.46731e-05 9.25504e-01 3.10853e-18 1.45569e-04 
6855.63 1.46629e-05 9.25740e-01 3.00183e-18 1.40626e-04 
6860.00 1.46880e-05 9.25923e-01 2.91736e-18 1.37016e-04 
6870.00 1.47734e-05 9.26339e-01 2.73383e-18 1.29390e-04 
6880.00 1.47960e-05 9.26753e-01 2.56559e-18 1.21845e-04 
6889.91 1.47605e-05 9.27160e-01 2.49741e-18 1.18545e-04 
6890.00 1.47600e-05 9.27164e-01 2.49677e-18 1.18512e-04 
6900.00 1.47011e-05 9.27572e-01 2.37441e-18 1.12467e-04 
6910.00 1.46449e-05 9.27977e-01 2.20235e-18 1.04114e-04 
6920.00 1.46070e-05 9.28377e-01 2.17941e-18 1.02957e-04 
6924.36 1.45935e-05 9.28550e-01 2.12999e-18 1.00611e-04 
6930.00 1.45752e-05 9.28772e-01 2.05324e-18 9.69659e-05 
6940.00 1.45357e-05 9.29162e-01 2.00353e-18 9.45380e-05 
6950.00 1.44974e-05 9.29547e-01 1.91941e-18 9.04981e-05 
6958.98 1.44751e-05 9.29890e-01 1.91514e-18 9.03072e-05 
6960.00 1.44736e-05 9.29929e-01 1.91559e-18 9.03358e-05 
6970.00 1.44718e-05 9.30308e-01 1.89265e-18 8.94077e-05 
6980.00 1.44784e-05 9.30682e-01 1.84294e-18 8.72596e-05 
6990.00 1.43992e-05 9.31052e-01 1.75500e-18 8.27921e-05 
6993.77 1.43266e-05 9.31190e-01 1.74835e-18 8.21195e-05 
7000.00 1.41798e-05 9.31416e-01 1.75882e-18 8.18573e-05 
7010.00 1.40070e-05 9.31778e-01 1.75882e-18 8.10068e-05 
7020.00 1.40519e-05 9.32143e-01 1.75882e-18 8.14142e-05 
7028.74 1.41681e-05 9.32470e-01 1.71806e-18 8.03128e-05 
7030.00 1.41820e-05 9.32518e-01 1.71294e-18 8.01709e-05 
7040.00 1.42313e-05 9.32904e-01 1.68618e-18 7.93379e-05 
7050.00 1.42024e-05 9.33286e-01 1.64030e-18 7.71631e-05 
7060.00 1.41368e-05 9.33648e-01 1.69765e-18 7.96364e-05 
7063.88 1.41079e-05 9.33780e-01 1.71130e-18 8.01678e-05 
7070.00 1.40638e-05 9.33975e-01 1.70912e-18 7.99012e-05 
7080.00 1.40074e-05 9.34265e-01 1.68618e-18 7.86480e-05 
7090.00 1.39849e-05 9.34529e-01 1.69000e-18 7.88332e-05 
7099.20 1.39957e-05 9.34760e-01 1.69248e-18 7.91318e-05 
7100.00 1.39967e-05 9.34780e-01 1.69382e-18 7.92109e-05 
7110.00 1.39828e-05 9.35015e-01 1.72824e-18 8.08737e-05 
7120.00 1.38927e-05 9.35194e-01 1.76265e-18 8.20841e-05 
7130.00 1.37757e-05 9.35272e-01 1.81235e-18 8.38122e-05 
7134.70 1.37312e-05 9.35260e-01 1.80665e-18 8.33324e-05 
7140.00 1.36947e-05 9.35206e-01 1.78177e-18 8.20225e-05 
7150.00 1.36701e-05 9.35056e-01 1.72441e-18 7.93376e-05 
7160.00 1.36870e-05 9.34980e-01 1.65941e-18 7.65422e-05 
7170.00 1.36339e-05 9.35137e-01 1.64412e-18 7.56609e-05 
7170.37 1.36288e-05 9.35150e-01 1.64532e-18 7.56925e-05 
7180.00 1.34396e-05 9.35637e-01 1.67471e-18 7.61165e-05 
7190.00 1.32908e-05 9.36359e-01 1.59824e-18 7.19923e-05 
7200.00 1.33584e-05 9.37119e-01 1.56382e-18 7.09566e-05 
7206.23 1.34480e-05 9.37530e-01 1.55917e-18 7.13130e-05 
7210.00 1.34909e-05 9.37736e-01 1.54853e-18 7.11049e-05 
7220.00 1.35134e-05 9.38137e-01 1.48735e-18 6.85342e-05 
7230.00 1.34799e-05 9.38399e-01 1.47206e-18 6.77739e-05 
7240.00 1.34782e-05 9.38610e-01 1.47588e-18 6.80505e-05 
7242.26 1.34825e-05 9.38660e-01 1.47773e-18 6.81823e-05 
7250.00 1.35031e-05 9.38852e-01 1.46824e-18 6.79340e-05 
7260.00 1.35163e-05 9.39152e-01 1.38794e-18 6.43907e-05 
7270.00 1.34401e-05 9.39510e-01 1.33824e-18 6.18435e-05 
7278.47 1.32729e-05 9.39860e-01 1.39255e-18 6.36509e-05 
7280.00 1.32400e-05 9.39928e-01 1.39559e-18 6.36494e-05 
7290.00 1.30930e-05 9.40399e-01 1.31530e-18 5.94328e-05 
7300.00 1.31519e-05 9.40896e-01 1.25794e-18 5.72052e-05 
7310.00 1.32601e-05 9.41390e-01 1.24647e-18 5.72582e-05 
7314.86 1.32676e-05 9.41620e-01 1.23121e-18 5.66405e-05 
7320.00 1.32452e-05 9.41852e-01 1.21206e-18 5.57186e-05 
7330.00 1.31802e-05 9.42273e-01 1.20824e-18 5.53704e-05 
7340.00 1.31695e-05 9.42662e-01 1.21971e-18 5.59500e-05 
7350.00 1.31987e-05 9.43029e-01 1.07441e-18 4.94810e-05 
7351.43 1.32036e-05 9.43080e-01 1.06291e-18 4.89815e-05 
7360.00 1.32212e-05 9.43383e-01 1.05912e-18 4.89447e-05 
7370.00 1.31804e-05 9.43727e-01 1.02471e-18 4.72895e-05 
7380.00 1.30414e-05 9.44062e-01 9.67354e-19 4.42477e-05 
7388.19 1.28975e-05 9.44330e-01 9.74773e-19 4.41564e-05 
7390.00 1.28673e-05 9.44388e-01 9.75001e-19 4.40770e-05 
7400.00 1.27363e-05 9.44707e-01 9.52060e-19 4.26737e-05 
7410.00 1.26903e-05 9.45017e-01 9.86471e-19 4.41303e-05 
7420.00 1.27392e-05 9.45318e-01 9.86471e-19 4.43743e-05 
7425.13 1.27762e-05 9.45470e-01 9.90140e-19 4.47067e-05 
7430.00 1.28019e-05 9.45612e-01 9.97942e-19 4.51859e-05 
7440.00 1.28053e-05 9.45898e-01 1.00941e-18 4.57929e-05 
7450.00 1.27998e-05 9.46179e-01 1.01706e-18 4.61959e-05 
7460.00 1.28379e-05 9.46457e-01 1.06294e-18 4.85027e-05 
7462.26 1.28470e-05 9.46520e-01 1.08250e-18 4.94484e-05 
7470.00 1.28564e-05 9.46735e-01 1.11647e-18 5.11022e-05 
7480.00 1.27950e-05 9.47012e-01 1.00559e-18 4.58820e-05 
7490.00 1.27188e-05 9.47288e-01 1.02471e-18 4.65516e-05 
7499.57 1.26988e-05 9.47550e-01 1.10469e-18 5.01839e-05 
7500.00 1.26989e-05 9.47562e-01 1.10500e-18 5.02020e-05 
7510.00 1.27042e-05 9.47833e-01 1.03618e-18 4.71711e-05 
7520.00 1.26930e-05 9.48103e-01 1.01324e-18 4.61607e-05 
7530.00 1.26831e-05 9.48371e-01 9.78824e-19 4.46298e-05 
7537.07 1.26893e-05 9.48560e-01 9.45629e-19 4.31865e-05 
7540.00 1.26922e-05 9.48638e-01 9.32942e-19 4.26372e-05 
7550.00 1.26805e-05 9.48904e-01 9.17648e-19 4.19668e-05 
7560.00 1.26141e-05 9.49168e-01 9.48236e-19 4.32078e-05 
7570.00 1.25428e-05 9.49428e-01 8.87060e-19 4.02559e-05 
7574.75 1.25253e-05 9.49550e-01 8.75031e-19 3.96846e-05 
7580.00 1.25159e-05 9.49683e-01 8.71765e-19 3.95398e-05 
7590.00 1.24981e-05 9.49934e-01 8.41177e-19 3.81582e-05 
7600.00 1.24508e-05 9.50183e-01 8.18236e-19 3.70358e-05 
7610.00 1.24089e-05 9.50434e-01 7.99118e-19 3.61055e-05 
7612.63 1.24050e-05 9.50500e-01 7.79769e-19 3.52350e-05 
7620.00 1.24103e-05 9.50687e-01 7.41765e-19 3.35711e-05 
7630.00 1.24353e-05 9.50941e-01 8.10589e-19 3.68178e-05 
7640.00 1.24426e-05 9.51188e-01 7.57059e-19 3.44607e-05 
7650.00 1.23644e-05 9.51424e-01 7.60883e-19 3.44707e-05 
7650.69 1.23540e-05 9.51440e-01 7.62428e-19 3.45153e-05 
7660.00 1.21759e-05 9.51646e-01 7.53236e-19 3.36558e-05 
7670.00 1.20506e-05 9.51870e-01 7.07354e-19 3.13286e-05 
7680.00 1.21311e-05 9.52115e-01 8.18236e-19 3.65387e-05 
7688.94 1.22333e-05 9.52370e-01 7.97905e-19 3.59824e-05 
7690.00 1.22381e-05 9.52403e-01 7.87648e-19 3.55399e-05 
7700.00 1.21864e-05 9.52732e-01 7.07354e-19 3.18345e-05 
7710.00 1.20899e-05 9.53035e-01 7.53236e-19 3.36853e-05 
7720.00 1.20826e-05 9.53235e-01 7.03530e-19 3.14907e-05 
7727.39 1.20888e-05 9.53270e-01 7.07907e-19 3.17344e-05 
7730.00 1.20814e-05 9.53254e-01 7.07354e-19 3.17003e-05 
7740.00 1.19960e-05 9.53135e-01 6.65295e-19 2.96394e-05 
7750.00 1.19247e-05 9.53141e-01 7.03530e-19 3.11969e-05 
7760.00 1.19673e-05 9.53564e-01 6.84412e-19 3.05104e-05 
7766.03 1.20169e-05 9.54140e-01 6.32373e-19 2.83466e-05 
7770.00 1.20428e-05 9.54677e-01 6.04118e-19 2.71675e-05 
7780.00 1.20543e-05 9.56192e-01 6.04118e-19 2.72718e-05 
7790.00 1.20228e-05 9.57082e-01 6.11765e-19 2.76057e-05 
7800.00 1.19866e-05 9.56270e-01 5.73530e-19 2.58137e-05 
7804.86 1.19657e-05 9.54940e-01 5.81383e-19 2.61014e-05 
7810.00 1.19378e-05 9.52752e-01 6.00295e-19 2.68437e-05 
7820.00 1.18660e-05 9.47101e-01 6.07942e-19 2.68964e-05 
7830.00 1.17989e-05 9.41407e-01 5.77353e-19 2.52782e-05 
7840.00 1.17666e-05 9.37822e-01 5.23824e-19 2.28138e-05 
7843.88 1.17645e-05 9.37460e-01 5.35657e-19 2.33274e-05 
7850.00 1.17721e-05 9.38330e-01 5.73530e-19 2.50356e-05 
7860.00 1.18044e-05 9.42515e-01 5.96471e-19 2.62584e-05 
7870.00 1.18246e-05 9.48173e-01 6.04118e-19 2.68346e-05 
7880.00 1.17988e-05 9.53055e-01 5.81177e-19 2.59247e-05 
7883.10 1.17832e-05 9.54060e-01 5.82108e-19 2.59694e-05 
7890.00 1.17416e-05 9.55104e-01 5.88824e-19 2.62279e-05 
7900.00 1.16722e-05 9.54272e-01 5.69706e-19 2.52363e-05 
7910.00 1.15796e-05 9.51733e-01 5.69706e-19 2.50010e-05 
7920.00 1.14585e-05 9.48678e-01 5.58236e-19 2.41943e-05 
7922.51 1.14287e-05 9.47970e-01 5.61077e-19 2.42437e-05 
7930.00 1.13565e-05 9.46300e-01 5.96471e-19 2.55893e-05 
7940.00 1.13218e-05 9.45787e-01 6.42353e-19 2.74932e-05 
7950.00 1.13520e-05 9.48331e-01 5.27647e-19 2.27335e-05 
7960.00 1.14269e-05 9.55124e-01 5.42942e-19 2.37453e-05 
7962.13 1.14448e-05 9.57230e-01 5.48163e-19 2.40705e-05 
7970.00 1.15046e-05 9.67356e-01 5.46765e-19 2.44140e-05 
7980.00 1.15378e-05 9.86217e-01 5.31471e-19 2.42942e-05 
7990.00 1.14794e-05 1.01290e+00 4.89412e-19 2.28892e-05 
8000.00 1.12820e-05 1.04859e+00 5.23824e-19 2.49571e-05 
