##### EXOPHOT SPECTRAL OVERLAP FILE #####
# Date: 15/02/2022 10:07:50
# SED file: SED_a5v.txt
# atmosphere file: atm_a5v_hzm_os1.txt
# photopigment file: BChlB.txt
# Stellar radius (Rs in km): 1.183778e+06
# Exoplanet orbit semi-major axis (sma in km): 5.183426e+08
# Total absorption rate (gamma_t in s-1): 1.56829e+01
# B band absorption rate (gamma_B in s-1): 8.91590e+00
# Q band absorption rate (gamma_Q in s-1): 6.76697e+00
# B-Q bands cut-off (in nm): 500
# photosynthetic photon flux density [ppfd in micromol photon m-2 s-1]: 2.40048e+03
# Total Stellar Irradiance (S in W m-2): 1.37004e+03
# -------------------------------------------------
# Col 1: Wavelength (wl in Angstrom) 
# Col 2: Spectral Flux Density (F_l in J cm-2 s-1 A-1) 
# Col 3: Atmosphere transmitance (T, no units) 
# Col 4: Pigment absorption cross section (sigma_abs in cm2) 
# Col 5: Spectral Absorption Rate (Gamma_lambda in A-1 s-1)
3041.74 1.55150e-05 8.41546e-02 8.07474e-17 1.61437e-04 
3050.00 1.51769e-05 1.12662e-01 8.23128e-17 2.16098e-04 
3055.94 1.51138e-05 1.29180e-01 8.35225e-17 2.50866e-04 
3070.00 1.53131e-05 1.60545e-01 8.65959e-17 3.29017e-04 
3071.22 1.53410e-05 1.63040e-01 8.68741e-17 3.35948e-04 
3072.03 1.53594e-05 1.64679e-01 8.70577e-17 3.40541e-04 
3086.58 1.55882e-05 1.96700e-01 9.04505e-17 4.30935e-04 
3090.00 1.55765e-05 2.05592e-01 9.12576e-17 4.54597e-04 
3102.01 1.52958e-05 2.36650e-01 9.40740e-17 5.31758e-04 
3103.47 1.52505e-05 2.39832e-01 9.44103e-17 5.39484e-04 
3110.00 1.50644e-05 2.52364e-01 9.59003e-17 5.70796e-04 
3117.52 1.49413e-05 2.65670e-01 9.75529e-17 6.07719e-04 
3130.00 1.49879e-05 2.91052e-01 1.00072e-16 6.87849e-04 
3133.11 1.50476e-05 2.97670e-01 1.00644e-16 7.11032e-04 
3146.34 1.53995e-05 3.24864e-01 1.02756e-16 8.14225e-04 
3148.77 1.54611e-05 3.29680e-01 1.03082e-16 8.32875e-04 
3150.00 1.54895e-05 3.32074e-01 1.03237e-16 8.42058e-04 
3164.52 1.55683e-05 3.57910e-01 1.04733e-16 9.29678e-04 
3170.00 1.54013e-05 3.65831e-01 1.05161e-16 9.45528e-04 
3180.34 1.48010e-05 3.79000e-01 1.05823e-16 9.50402e-04 
3190.00 1.44275e-05 3.91624e-01 1.06332e-16 9.64803e-04 
3196.24 1.45247e-05 4.01450e-01 1.06637e-16 1.00048e-03 
3206.35 1.48780e-05 4.19496e-01 1.07143e-16 1.07938e-03 
3210.00 1.49197e-05 4.24482e-01 1.07342e-16 1.09854e-03 
3212.22 1.48957e-05 4.26600e-01 1.07468e-16 1.10431e-03 
3228.29 1.42805e-05 4.31990e-01 1.08486e-16 1.08764e-03 
3230.00 1.42498e-05 4.33902e-01 1.08606e-16 1.09189e-03 
3244.43 1.46013e-05 4.59140e-01 1.09682e-16 1.20097e-03 
3250.00 1.48276e-05 4.65515e-01 1.10130e-16 1.24371e-03 
3260.65 1.50762e-05 4.71340e-01 1.11030e-16 1.29507e-03 
3269.23 1.51449e-05 4.75648e-01 1.11793e-16 1.32537e-03 
3270.00 1.51481e-05 4.76153e-01 1.11862e-16 1.32819e-03 
3276.95 1.51689e-05 4.82240e-01 1.12503e-16 1.35762e-03 
3290.00 1.52555e-05 4.98351e-01 1.13750e-16 1.43229e-03 
3293.34 1.53051e-05 5.00990e-01 1.14076e-16 1.45018e-03 
3309.80 1.54955e-05 5.03850e-01 1.15723e-16 1.50540e-03 
3310.00 1.54948e-05 5.03958e-01 1.15743e-16 1.50600e-03 
3326.35 1.51906e-05 5.19800e-01 1.17417e-16 1.55251e-03 
3330.00 1.51135e-05 5.21584e-01 1.17793e-16 1.55661e-03 
3332.11 1.50773e-05 5.22131e-01 1.18011e-16 1.55836e-03 
3342.98 1.49640e-05 5.24330e-01 1.19139e-16 1.57313e-03 
3350.00 1.49112e-05 5.29210e-01 1.19882e-16 1.59538e-03 
3359.70 1.48129e-05 5.36610e-01 1.20949e-16 1.62602e-03 
3370.00 1.47323e-05 5.38979e-01 1.22156e-16 1.64556e-03 
3376.50 1.47269e-05 5.40380e-01 1.22969e-16 1.66340e-03 
3386.41 1.47711e-05 5.46484e-01 1.24304e-16 1.71056e-03 
3390.00 1.47943e-05 5.49040e-01 1.24820e-16 1.73023e-03 
3393.38 1.48165e-05 5.51130e-01 1.25323e-16 1.74817e-03 
3410.00 1.49290e-05 5.56743e-01 1.28068e-16 1.82727e-03 
3410.35 1.49314e-05 5.56870e-01 1.28131e-16 1.82907e-03 
3427.40 1.50240e-05 5.64840e-01 1.31507e-16 1.92552e-03 
3428.47 1.50253e-05 5.65243e-01 1.31739e-16 1.93106e-03 
3430.00 1.50258e-05 5.65773e-01 1.32078e-16 1.93877e-03 
3444.54 1.49537e-05 5.70090e-01 1.35760e-16 2.00686e-03 
3450.00 1.49040e-05 5.72515e-01 1.37482e-16 2.03741e-03 
3455.00 1.48547e-05 5.75087e-01 1.39286e-16 2.06956e-03 
3461.76 1.47861e-05 5.78480e-01 1.42086e-16 2.11794e-03 
3470.00 1.47050e-05 5.81781e-01 1.45850e-16 2.17963e-03 
3472.72 1.46802e-05 5.82737e-01 1.47122e-16 2.20028e-03 
3479.07 1.46370e-05 5.84950e-01 1.50073e-16 2.25040e-03 
3490.00 1.46670e-05 5.89147e-01 1.55244e-16 2.35683e-03 
3491.34 1.46843e-05 5.89668e-01 1.55899e-16 2.37257e-03 
3496.46 1.47723e-05 5.91590e-01 1.58469e-16 2.43761e-03 
3507.02 1.49511e-05 5.95126e-01 1.64442e-16 2.58319e-03 
3510.00 1.49706e-05 5.96091e-01 1.66360e-16 2.62320e-03 
3513.95 1.49623e-05 5.97400e-01 1.68943e-16 2.67129e-03 
3523.60 1.48791e-05 6.00843e-01 1.74284e-16 2.76378e-03 
3530.00 1.48861e-05 6.03192e-01 1.76364e-16 2.81414e-03 
3531.51 1.49060e-05 6.03740e-01 1.76801e-16 2.82866e-03 
3543.60 1.51749e-05 6.07928e-01 1.83095e-16 3.01318e-03 
3549.17 1.52210e-05 6.09770e-01 1.88934e-16 3.13307e-03 
3550.00 1.52162e-05 6.10040e-01 1.89819e-16 3.14889e-03 
3552.18 1.51865e-05 6.10748e-01 1.91975e-16 3.18407e-03 
3566.47 1.46785e-05 6.15197e-01 2.00470e-16 3.25018e-03 
3566.92 1.46622e-05 6.15330e-01 2.00746e-16 3.25215e-03 
3570.00 1.45651e-05 6.16229e-01 2.02839e-16 3.27187e-03 
3578.72 1.44462e-05 6.18630e-01 2.09463e-16 3.37242e-03 
3584.75 1.44478e-05 6.20150e-01 2.13534e-16 3.45261e-03 
3590.00 1.44607e-05 6.21385e-01 2.17381e-16 3.53011e-03 
3592.19 1.44617e-05 6.21899e-01 2.19309e-16 3.56680e-03 
3602.68 1.44560e-05 6.24680e-01 2.30312e-16 3.77199e-03 
3603.62 1.44580e-05 6.24977e-01 2.31180e-16 3.78952e-03 
3610.00 1.45019e-05 6.27208e-01 2.35857e-16 3.89867e-03 
3617.91 1.46261e-05 6.30382e-01 2.41789e-16 4.06021e-03 
3620.69 1.46629e-05 6.31560e-01 2.44685e-16 4.13005e-03 
3626.49 1.46758e-05 6.34053e-01 2.50868e-16 4.26170e-03 
3630.00 1.46163e-05 6.35553e-01 2.53633e-16 4.30552e-03 
3638.79 1.44020e-05 6.39100e-01 2.58982e-16 4.36658e-03 
3639.96 1.44168e-05 6.39535e-01 2.59819e-16 4.38958e-03 
3640.00 1.44176e-05 6.39550e-01 2.59849e-16 4.39050e-03 
3650.00 1.50038e-05 6.42959e-01 2.68878e-16 4.76601e-03 
3651.39 1.50732e-05 6.43403e-01 2.70064e-16 4.81433e-03 
3656.99 1.52046e-05 6.45160e-01 2.73908e-16 4.94646e-03 
3669.36 1.49136e-05 6.49037e-01 2.79185e-16 4.99180e-03 
3670.00 1.48859e-05 6.49237e-01 2.79416e-16 4.98905e-03 
3675.27 1.46461e-05 6.50870e-01 2.81309e-16 4.96150e-03 
3690.00 1.42441e-05 6.55320e-01 2.86183e-16 4.96230e-03 
3693.65 1.42975e-05 6.56410e-01 2.87178e-16 5.01147e-03 
3707.00 1.46861e-05 6.60389e-01 2.89564e-16 5.24080e-03 
3710.00 1.47080e-05 6.61276e-01 2.89759e-16 5.26344e-03 
3712.12 1.46902e-05 6.61900e-01 2.89817e-16 5.26608e-03 
3730.00 1.49743e-05 6.67105e-01 2.88027e-16 5.40265e-03 
3730.68 1.50550e-05 6.67300e-01 2.87891e-16 5.43178e-03 
3749.33 1.84869e-05 6.72600e-01 2.82810e-16 6.63731e-03 
3749.38 1.84941e-05 6.72614e-01 2.82794e-16 6.63975e-03 
3750.00 1.85778e-05 6.72786e-01 2.82592e-16 6.66785e-03 
3768.08 1.97055e-05 6.77570e-01 2.76072e-16 6.99207e-03 
3770.00 1.98743e-05 6.78035e-01 2.75314e-16 7.04104e-03 
3771.61 2.00529e-05 6.78416e-01 2.74671e-16 7.09474e-03 
3786.92 2.33619e-05 6.81820e-01 2.68285e-16 8.14675e-03 
3789.39 2.41453e-05 6.82355e-01 2.67231e-16 8.39890e-03 
3790.00 2.43461e-05 6.82486e-01 2.66973e-16 8.46357e-03 
3805.85 2.86222e-05 6.86340e-01 2.59745e-16 9.77609e-03 
3806.54 2.86536e-05 6.86539e-01 2.59387e-16 9.77790e-03 
3810.00 2.84524e-05 6.87582e-01 2.57529e-16 9.66315e-03 
3817.98 2.59271e-05 6.90186e-01 2.53363e-16 8.71403e-03 
3824.88 2.33115e-05 6.92490e-01 2.50453e-16 7.78487e-03 
3830.00 2.24712e-05 6.94127e-01 2.48323e-16 7.46801e-03 
3832.27 2.26402e-05 6.94828e-01 2.47260e-16 7.50394e-03 
3844.01 2.77364e-05 6.98270e-01 2.40558e-16 9.01573e-03 
3846.56 2.93688e-05 6.98982e-01 2.39128e-16 9.50558e-03 
3850.00 3.16237e-05 6.99928e-01 2.37363e-16 1.01827e-02 
3863.23 3.74316e-05 7.03430e-01 2.31401e-16 1.18494e-02 
3863.70 3.74571e-05 7.03554e-01 2.31180e-16 1.18497e-02 
3870.00 3.58291e-05 7.05172e-01 2.28108e-16 1.12281e-02 
3880.85 2.57785e-05 7.07917e-01 2.22813e-16 7.94383e-03 
3882.54 2.41998e-05 7.08340e-01 2.22068e-16 7.44011e-03 
3890.00 2.05252e-05 7.10198e-01 2.19130e-16 6.25520e-03 
3900.86 2.80119e-05 7.12872e-01 2.15648e-16 8.45638e-03 
3901.96 2.91500e-05 7.13140e-01 2.15335e-16 8.79294e-03 
3910.00 3.57938e-05 7.15096e-01 2.13213e-16 1.07420e-02 
3921.46 3.48281e-05 7.17860e-01 2.10726e-16 1.04006e-02 
3930.00 3.26902e-05 7.19912e-01 2.09288e-16 9.74443e-03 
3938.01 3.46679e-05 7.21846e-01 2.08261e-16 1.03319e-02 
3941.07 3.57266e-05 7.22590e-01 2.07951e-16 1.06508e-02 
3950.00 3.56292e-05 7.24758e-01 2.07310e-16 1.06448e-02 
3960.78 2.55731e-05 7.27220e-01 2.07052e-16 7.67773e-03 
3970.00 1.90904e-05 7.29090e-01 2.07278e-16 5.76585e-03 
3980.58 2.53538e-05 7.31240e-01 2.08042e-16 7.72903e-03 
3990.00 3.51146e-05 7.33406e-01 2.09174e-16 1.08202e-02 
3991.36 3.61738e-05 7.33735e-01 2.09373e-16 1.11660e-02 
4000.48 4.00412e-05 7.35960e-01 2.11134e-16 1.25301e-02 
4010.00 4.06538e-05 7.38226e-01 2.14703e-16 1.30075e-02 
4015.59 4.07221e-05 7.39525e-01 2.18167e-16 1.32815e-02 
4020.49 4.07970e-05 7.40650e-01 2.22095e-16 1.35826e-02 
4023.75 4.08400e-05 7.41395e-01 2.24747e-16 1.37843e-02 
4030.00 4.08719e-05 7.42808e-01 2.29071e-16 1.41091e-02 
4035.19 4.08200e-05 7.43971e-01 2.32278e-16 1.43293e-02 
4040.59 4.06901e-05 7.45170e-01 2.35771e-16 1.45413e-02 
4045.48 4.05136e-05 7.46244e-01 2.39369e-16 1.47381e-02 
4050.00 4.03063e-05 7.47230e-01 2.43171e-16 1.49320e-02 
4055.19 4.00017e-05 7.48352e-01 2.47548e-16 1.51279e-02 
4060.79 3.94770e-05 7.49550e-01 2.51545e-16 1.52158e-02 
4067.80 3.83018e-05 7.51033e-01 2.55202e-16 1.50330e-02 
4070.00 3.77701e-05 7.51495e-01 2.56026e-16 1.48894e-02 
4081.10 3.37382e-05 7.53810e-01 2.58342e-16 1.34983e-02 
4089.44 2.94110e-05 7.55537e-01 2.58928e-16 1.18449e-02 
4090.00 2.90878e-05 7.55652e-01 2.58957e-16 1.17194e-02 
4101.50 2.29336e-05 7.58010e-01 2.59175e-16 9.30263e-03 
4110.00 2.21786e-05 7.59737e-01 2.58210e-16 9.00195e-03 
4122.01 2.98477e-05 7.62170e-01 2.53690e-16 1.19756e-02 
4128.19 3.46191e-05 7.63423e-01 2.49340e-16 1.36948e-02 
4130.00 3.57280e-05 7.63787e-01 2.47760e-16 1.40568e-02 
4138.08 3.84060e-05 7.65380e-01 2.39729e-16 1.46798e-02 
4142.62 3.87447e-05 7.66240e-01 2.35167e-16 1.45597e-02 
4146.65 3.86928e-05 7.66975e-01 2.31214e-16 1.43234e-02 
4150.00 3.85777e-05 7.67572e-01 2.27999e-16 1.41046e-02 
4155.14 3.85116e-05 7.68477e-01 2.23511e-16 1.38367e-02 
4160.94 3.85661e-05 7.69506e-01 2.15810e-16 1.34154e-02 
4163.33 3.86021e-05 7.69940e-01 2.08958e-16 1.30164e-02 
4163.80 3.86088e-05 7.70026e-01 2.07726e-16 1.29448e-02 
4170.00 3.86538e-05 7.71193e-01 2.00804e-16 1.25657e-02 
4171.42 3.86439e-05 7.71466e-01 2.00253e-16 1.25367e-02 
4180.37 3.84433e-05 7.73217e-01 1.92693e-16 1.20539e-02 
4184.15 3.83388e-05 7.73960e-01 1.88175e-16 1.17611e-02 
4188.38 3.82513e-05 7.74788e-01 1.83247e-16 1.14508e-02 
4190.00 3.82330e-05 7.75104e-01 1.81580e-16 1.13502e-02 
4200.14 3.82753e-05 7.77060e-01 1.73096e-16 1.08854e-02 
4205.07 3.82765e-05 7.78000e-01 1.68958e-16 1.06509e-02 
4210.00 3.81711e-05 7.78932e-01 1.64541e-16 1.03684e-02 
4211.43 3.81112e-05 7.79201e-01 1.63218e-16 1.02760e-02 
4220.39 3.75469e-05 7.80867e-01 1.55226e-16 9.66924e-03 
4226.10 3.71966e-05 7.81910e-01 1.51121e-16 9.35080e-03 
4230.00 3.70543e-05 7.82614e-01 1.48434e-16 9.16610e-03 
4232.39 3.70264e-05 7.83042e-01 1.46658e-16 9.05964e-03 
4245.86 3.71730e-05 7.85405e-01 1.35235e-16 8.43920e-03 
4247.23 3.71598e-05 7.85640e-01 1.34246e-16 8.37965e-03 
4250.00 3.70839e-05 7.86116e-01 1.32419e-16 8.25916e-03 
4261.54 3.61755e-05 7.88088e-01 1.26351e-16 7.72786e-03 
4268.46 3.56500e-05 7.89280e-01 1.22805e-16 7.42507e-03 
4270.00 3.55832e-05 7.89548e-01 1.21997e-16 7.36753e-03 
4280.03 3.56028e-05 7.91314e-01 1.16761e-16 7.08760e-03 
4289.80 3.55800e-05 7.93040e-01 1.11965e-16 6.82252e-03 
4290.00 3.55714e-05 7.93074e-01 1.11872e-16 6.81579e-03 
4295.27 3.51607e-05 7.93991e-01 1.09387e-16 6.60317e-03 
4309.56 3.22702e-05 7.96418e-01 1.02819e-16 5.73288e-03 
4310.00 3.21386e-05 7.96492e-01 1.02622e-16 5.69968e-03 
4311.25 3.17516e-05 7.96700e-01 1.02067e-16 5.60365e-03 
4326.71 2.58261e-05 7.99228e-01 9.55816e-17 4.29718e-03 
4330.00 2.44341e-05 7.99763e-01 9.42970e-17 4.01667e-03 
4332.81 2.32650e-05 8.00220e-01 9.32278e-17 3.78573e-03 
4346.71 2.02195e-05 8.02493e-01 8.82213e-17 3.13234e-03 
4350.00 2.08186e-05 8.03027e-01 8.70885e-17 3.18827e-03 
4354.47 2.27315e-05 8.03750e-01 8.55629e-17 3.42684e-03 
4370.00 3.22211e-05 8.06189e-01 8.02212e-17 4.58427e-03 
4371.80 3.28948e-05 8.06463e-01 7.95797e-17 4.64620e-03 
4376.25 3.38886e-05 8.07130e-01 7.79691e-17 4.69834e-03 
4390.00 3.36675e-05 8.09107e-01 7.31177e-17 4.40177e-03 
4392.85 3.35299e-05 8.09502e-01 7.22138e-17 4.33450e-03 
4398.13 3.34136e-05 8.10220e-01 7.06835e-17 4.23678e-03 
4410.00 3.33921e-05 8.11705e-01 6.77153e-17 4.07465e-03 
4418.98 3.32192e-05 8.12501e-01 6.56247e-17 3.94027e-03 
4420.12 3.31921e-05 8.12570e-01 6.53550e-17 3.92221e-03 
4430.00 3.30592e-05 8.12944e-01 6.29343e-17 3.77196e-03 
4442.22 3.33363e-05 8.13660e-01 5.98517e-17 3.63044e-03 
4448.65 3.35127e-05 8.14538e-01 5.82438e-17 3.56059e-03 
4450.00 3.35377e-05 8.14767e-01 5.79108e-17 3.54495e-03 
4464.43 3.34497e-05 8.17710e-01 5.44684e-17 3.34831e-03 
4470.00 3.32805e-05 8.18897e-01 5.31939e-17 3.26221e-03 
4483.90 3.28223e-05 8.21699e-01 5.01383e-17 3.05232e-03 
4486.75 3.27912e-05 8.22240e-01 4.95323e-17 3.01648e-03 
4490.00 3.28093e-05 8.22840e-01 4.88519e-17 2.98101e-03 
4509.19 3.34191e-05 8.26070e-01 4.51130e-17 2.82706e-03 
4510.00 3.34163e-05 8.26197e-01 4.49672e-17 2.81863e-03 
4523.91 3.27120e-05 8.28253e-01 4.26864e-17 2.63389e-03 
4530.00 3.22554e-05 8.29103e-01 4.18253e-17 2.55077e-03 
4531.73 3.21370e-05 8.29340e-01 4.15955e-17 2.52914e-03 
4550.00 3.16574e-05 8.31731e-01 3.95192e-17 2.38342e-03 
4554.39 3.18273e-05 8.32270e-01 3.91002e-17 2.37464e-03 
4570.00 3.23838e-05 8.34069e-01 3.77876e-17 2.34811e-03 
4577.16 3.20632e-05 8.34850e-01 3.72509e-17 2.29758e-03 
4578.21 3.19921e-05 8.34963e-01 3.71742e-17 2.28860e-03 
4590.00 3.13243e-05 8.36220e-01 3.63441e-17 2.19974e-03 
4600.05 3.14999e-05 8.37310e-01 3.56736e-17 2.17885e-03 
4610.00 3.17383e-05 8.38443e-01 3.50380e-17 2.16381e-03 
4623.05 3.11671e-05 8.40030e-01 3.42394e-17 2.08626e-03 
4630.00 3.08322e-05 8.40925e-01 3.38265e-17 2.04420e-03 
4641.09 3.08021e-05 8.42386e-01 3.31808e-17 2.01151e-03 
4646.16 3.08972e-05 8.43050e-01 3.28894e-17 2.00376e-03 
4650.00 3.09628e-05 8.43544e-01 3.26702e-17 1.99745e-03 
4669.39 3.07794e-05 8.45620e-01 3.15775e-17 1.93195e-03 
4670.00 3.07586e-05 8.45666e-01 3.15437e-17 1.92893e-03 
4690.00 2.95919e-05 8.46712e-01 3.04374e-17 1.80058e-03 
4692.74 2.93713e-05 8.46840e-01 3.02870e-17 1.77963e-03 
4703.97 2.86017e-05 8.47478e-01 2.96724e-17 1.70318e-03 
4710.00 2.84944e-05 8.47894e-01 2.93433e-17 1.68095e-03 
4716.20 2.87314e-05 8.48370e-01 2.90067e-17 1.67864e-03 
4730.00 2.96284e-05 8.49421e-01 2.82721e-17 1.69424e-03 
4739.79 2.97246e-05 8.49740e-01 2.77693e-17 1.67359e-03 
4750.00 2.94499e-05 8.49455e-01 2.72672e-17 1.63110e-03 
4763.48 2.90661e-05 8.49240e-01 2.66503e-17 1.57750e-03 
4766.84 2.89868e-05 8.49413e-01 2.65062e-17 1.56611e-03 
4770.00 2.89194e-05 8.49675e-01 2.63748e-17 1.55622e-03 
4787.30 2.85628e-05 8.52350e-01 2.57161e-17 1.50882e-03 
4790.00 2.84822e-05 8.52882e-01 2.56221e-17 1.50085e-03 
4810.00 2.76718e-05 8.56988e-01 2.49884e-17 1.43489e-03 
4811.24 2.76259e-05 8.57230e-01 2.49525e-17 1.43123e-03 
4829.72 2.60629e-05 8.60317e-01 2.44525e-17 1.33306e-03 
4830.00 2.60113e-05 8.60355e-01 2.44454e-17 1.33017e-03 
4835.29 2.48054e-05 8.61020e-01 2.43131e-17 1.26400e-03 
4850.00 1.99383e-05 8.62425e-01 2.39565e-17 1.00577e-03 
4859.47 1.67426e-05 8.63280e-01 2.37245e-17 8.38851e-04 
4870.00 1.59879e-05 8.64426e-01 2.34528e-17 7.94631e-04 
4883.77 2.15768e-05 8.65960e-01 2.30575e-17 1.05920e-03 
4890.00 2.42569e-05 8.66550e-01 2.28576e-17 1.18275e-03 
4892.60 2.50096e-05 8.66778e-01 2.27696e-17 1.21572e-03 
4908.19 2.60092e-05 8.68110e-01 2.21811e-17 1.23745e-03 
4910.00 2.59546e-05 8.68279e-01 2.21063e-17 1.23139e-03 
4930.00 2.58180e-05 8.70357e-01 2.12046e-17 1.18256e-03 
4932.73 2.58542e-05 8.70650e-01 2.10718e-17 1.17784e-03 
4950.00 2.61968e-05 8.72353e-01 2.01844e-17 1.14944e-03 
4955.48 2.62913e-05 8.72793e-01 1.98887e-17 1.13851e-03 
4957.39 2.63162e-05 8.72930e-01 1.97838e-17 1.13420e-03 
4970.00 2.62998e-05 8.73653e-01 1.90772e-17 1.09669e-03 
4982.18 2.58948e-05 8.74280e-01 1.83724e-17 1.04321e-03 
4990.00 2.54944e-05 8.74721e-01 1.79111e-17 1.00337e-03 
5007.09 2.47457e-05 8.74390e-01 1.68881e-17 9.21074e-04 
5010.00 2.47245e-05 8.73972e-01 1.67128e-17 9.10824e-04 
5018.35 2.48956e-05 8.72179e-01 1.62091e-17 8.89142e-04 
5030.00 2.51698e-05 8.68838e-01 1.55084e-17 8.58768e-04 
5032.12 2.51575e-05 8.68200e-01 1.53810e-17 8.51031e-04 
5050.00 2.46880e-05 8.63871e-01 1.43187e-17 7.76344e-04 
5057.29 2.47342e-05 8.63280e-01 1.38922e-17 7.55201e-04 
5070.00 2.49469e-05 8.64642e-01 1.31602e-17 7.24515e-04 
5081.23 2.47902e-05 8.67700e-01 1.25295e-17 6.89408e-04 
5082.57 2.47581e-05 8.68140e-01 1.24552e-17 6.84960e-04 
5090.00 2.46011e-05 8.70729e-01 1.20503e-17 6.61418e-04 
5107.98 2.45044e-05 8.76910e-01 1.11356e-17 6.15300e-04 
5110.00 2.44849e-05 8.77488e-01 1.10411e-17 6.10237e-04 
5130.00 2.40121e-05 8.81670e-01 1.02261e-17 5.59097e-04 
5133.52 2.39214e-05 8.82190e-01 1.01097e-17 5.51350e-04 
5144.11 2.36671e-05 8.83512e-01 9.81975e-18 5.31728e-04 
5150.00 2.35179e-05 8.84115e-01 9.69978e-18 5.22876e-04 
5159.19 2.32571e-05 8.84900e-01 9.56810e-18 5.11423e-04 
5170.00 2.29702e-05 8.85641e-01 9.48724e-18 5.02314e-04 
5184.99 2.27576e-05 8.86500e-01 9.47734e-18 4.99072e-04 
5190.00 2.27519e-05 8.86777e-01 9.49368e-18 5.00445e-04 
5206.98 2.28254e-05 8.87590e-01 9.59156e-18 5.09364e-04 
5210.00 2.27983e-05 8.87693e-01 9.61256e-18 5.10229e-04 
5210.91 2.27849e-05 8.87720e-01 9.61905e-18 5.10379e-04 
5230.00 2.24878e-05 8.87940e-01 9.78098e-18 5.14206e-04 
5236.97 2.26553e-05 8.87890e-01 9.85937e-18 5.22856e-04 
5250.00 2.27866e-05 8.87694e-01 1.00478e-17 5.37150e-04 
5263.15 2.19023e-05 8.87490e-01 1.03090e-17 5.30935e-04 
5269.86 2.15634e-05 8.87430e-01 1.04758e-17 5.31815e-04 
5270.00 2.15605e-05 8.87429e-01 1.04796e-17 5.31947e-04 
5289.47 2.22077e-05 8.87410e-01 1.10982e-17 5.82392e-04 
5290.00 2.22235e-05 8.87411e-01 1.11174e-17 5.83877e-04 
5310.00 2.18717e-05 8.87658e-01 1.19033e-17 6.17754e-04 
5315.92 2.15938e-05 8.87870e-01 1.21521e-17 6.23492e-04 
5330.00 2.11905e-05 8.88720e-01 1.27548e-17 6.44511e-04 
5332.74 2.12100e-05 8.88924e-01 1.28718e-17 6.51507e-04 
5342.50 2.14630e-05 8.89690e-01 1.32835e-17 6.82195e-04 
5350.00 2.16276e-05 8.90281e-01 1.35898e-17 7.04733e-04 
5369.21 2.13255e-05 8.91870e-01 1.43026e-17 7.35273e-04 
5370.00 2.13108e-05 8.91941e-01 1.43291e-17 7.36292e-04 
5390.00 2.10974e-05 8.92869e-01 1.48944e-17 7.61293e-04 
5395.61 2.09766e-05 8.92371e-01 1.50111e-17 7.63235e-04 
5396.05 2.09656e-05 8.92310e-01 1.50194e-17 7.63264e-04 
5410.00 2.06511e-05 8.89240e-01 1.52198e-17 7.61187e-04 
5423.03 2.06344e-05 8.86940e-01 1.53238e-17 7.65629e-04 
5430.00 2.06791e-05 8.87018e-01 1.53581e-17 7.70064e-04 
5450.00 2.06573e-05 8.89596e-01 1.54287e-17 7.77885e-04 
5450.15 2.06560e-05 8.89610e-01 1.54293e-17 7.77898e-04 
5458.49 2.05610e-05 8.89996e-01 1.54675e-17 7.77763e-04 
5470.00 2.04159e-05 8.90062e-01 1.55519e-17 7.78185e-04 
5477.40 2.03545e-05 8.90430e-01 1.56359e-17 7.81415e-04 
5490.00 2.02889e-05 8.92334e-01 1.58546e-17 7.93300e-04 
5504.79 2.01861e-05 8.95120e-01 1.62715e-17 8.14751e-04 
5510.00 2.01245e-05 8.95829e-01 1.64691e-17 8.23557e-04 
5521.37 1.99477e-05 8.96812e-01 1.70078e-17 8.45688e-04 
5530.00 1.98481e-05 8.97263e-01 1.75246e-17 8.68828e-04 
5532.31 1.98364e-05 8.97370e-01 1.76783e-17 8.76403e-04 
5550.00 1.98073e-05 8.98139e-01 1.90496e-17 9.46828e-04 
5559.97 1.96743e-05 8.98420e-01 1.99573e-17 9.87361e-04 
5570.00 1.94944e-05 8.98504e-01 2.09522e-17 1.02905e-03 
5575.67 1.94095e-05 8.98474e-01 2.15466e-17 1.05468e-03 
5587.77 1.92835e-05 8.98280e-01 2.29290e-17 1.11724e-03 
5590.00 1.92671e-05 8.98231e-01 2.32150e-17 1.13060e-03 
5610.00 1.91811e-05 8.97615e-01 2.66143e-17 1.29409e-03 
5615.71 1.91689e-05 8.97370e-01 2.79646e-17 1.35990e-03 
5619.18 1.91609e-05 8.97205e-01 2.88896e-17 1.40490e-03 
5630.00 1.91158e-05 8.96696e-01 3.22380e-17 1.56616e-03 
5643.79 1.89806e-05 8.96370e-01 3.67615e-17 1.77699e-03 
5644.26 1.89745e-05 8.96371e-01 3.69080e-17 1.78364e-03 
5650.00 1.88939e-05 8.96412e-01 3.86174e-17 1.86030e-03 
5665.09 1.86708e-05 8.95480e-01 4.33027e-17 2.06474e-03 
5670.00 1.86227e-05 8.94350e-01 4.51595e-17 2.14687e-03 
5672.01 1.86099e-05 8.93710e-01 4.59706e-17 2.18313e-03 
5689.04 1.85574e-05 8.85540e-01 5.33631e-17 2.51148e-03 
5690.00 1.85515e-05 8.85066e-01 5.37769e-17 2.52921e-03 
5700.37 1.84497e-05 8.81190e-01 5.80291e-17 2.70727e-03 
5710.00 1.83705e-05 8.80543e-01 6.15727e-17 2.86299e-03 
5711.63 1.83660e-05 8.80651e-01 6.21285e-17 2.88931e-03 
5728.87 1.83673e-05 8.82490e-01 6.79837e-17 3.17798e-03 
5730.00 1.83604e-05 8.82513e-01 6.84322e-17 3.19847e-03 
5732.86 1.83344e-05 8.82468e-01 6.96439e-17 3.25195e-03 
5750.00 1.80825e-05 8.80673e-01 7.81106e-17 3.60060e-03 
5750.01 1.80824e-05 8.80672e-01 7.81155e-17 3.60080e-03 
5757.52 1.80216e-05 8.80190e-01 8.12323e-17 3.73470e-03 
5770.00 1.79610e-05 8.81306e-01 8.49630e-17 3.90648e-03 
5786.30 1.78044e-05 8.85760e-01 8.75439e-17 4.02156e-03 
5790.00 1.77679e-05 8.87100e-01 8.78310e-17 4.03514e-03 
5805.79 1.76569e-05 8.93085e-01 8.81027e-17 4.06050e-03 
5810.00 1.76341e-05 8.94498e-01 8.79639e-17 4.05824e-03 
5815.23 1.76061e-05 8.95990e-01 8.76808e-17 4.04913e-03 
5830.00 1.75007e-05 8.98670e-01 8.61945e-17 3.97857e-03 
5844.31 1.73464e-05 9.01420e-01 8.37288e-17 3.85183e-03 
5847.18 1.73196e-05 9.02238e-01 8.31058e-17 3.82262e-03 
5850.00 1.72980e-05 9.03044e-01 8.24530e-17 3.79306e-03 
5870.00 1.71512e-05 8.98397e-01 7.67849e-17 3.49622e-03 
5873.53 1.70865e-05 8.93730e-01 7.56307e-17 3.41491e-03 
5876.72 1.70180e-05 8.88106e-01 7.45595e-17 3.33375e-03 
5890.00 1.67772e-05 8.56801e-01 6.98595e-17 2.97759e-03 
5895.77 1.67654e-05 8.43557e-01 6.77482e-17 2.84375e-03 
5902.90 1.68065e-05 8.31730e-01 6.50788e-17 2.70327e-03 
5910.00 1.68427e-05 8.27389e-01 6.21507e-17 2.57679e-03 
5915.78 1.68293e-05 8.28203e-01 5.93943e-17 2.46537e-03 
5927.21 1.67235e-05 8.35053e-01 5.32445e-17 2.21866e-03 
5930.00 1.66936e-05 8.36745e-01 5.19059e-17 2.16440e-03 
5932.41 1.66692e-05 8.37940e-01 5.08295e-17 2.12031e-03 
5944.36 1.65698e-05 8.39829e-01 4.59025e-17 1.91149e-03 
5950.00 1.65321e-05 8.39759e-01 4.33983e-17 1.80466e-03 
5962.08 1.64593e-05 8.42160e-01 3.80512e-17 1.58305e-03 
5964.36 1.64446e-05 8.43471e-01 3.71563e-17 1.54744e-03 
5970.00 1.64045e-05 8.47972e-01 3.52228e-17 1.47253e-03 
5990.00 1.62053e-05 8.71140e-01 3.03981e-17 1.29402e-03 
5990.90 1.61948e-05 8.72192e-01 3.02143e-17 1.28711e-03 
5991.89 1.61832e-05 8.73320e-01 3.00141e-17 1.27953e-03 
6010.00 1.59970e-05 8.90135e-01 2.63779e-17 1.13640e-03 
6021.85 1.59420e-05 8.97670e-01 2.41185e-17 1.04632e-03 
6030.00 1.59116e-05 9.01596e-01 2.26563e-17 9.86631e-04 
6030.10 1.59111e-05 9.01638e-01 2.26392e-17 9.85921e-04 
6050.00 1.57942e-05 9.07876e-01 1.94662e-17 8.50128e-04 
6051.96 1.57848e-05 9.08290e-01 1.91830e-17 8.37910e-04 
6070.00 1.57025e-05 9.11027e-01 1.67815e-17 7.33576e-04 
6078.69 1.56336e-05 9.11922e-01 1.57499e-17 6.87111e-04 
6082.21 1.56010e-05 9.12260e-01 1.53512e-17 6.68956e-04 
6090.00 1.55286e-05 9.13005e-01 1.45114e-17 6.30749e-04 
6110.00 1.53561e-05 9.14869e-01 1.25840e-17 5.43779e-04 
6112.63 1.53290e-05 9.15100e-01 1.23534e-17 5.33239e-04 
6130.00 1.51075e-05 9.16511e-01 1.09432e-17 4.67584e-04 
6138.70 1.49790e-05 9.17133e-01 1.03047e-17 4.37470e-04 
6143.19 1.49177e-05 9.17430e-01 9.99135e-18 4.22878e-04 
6150.00 1.48432e-05 9.17850e-01 9.53644e-18 4.02238e-04 
6170.00 1.48002e-05 9.18920e-01 8.35878e-18 3.53100e-04 
6173.91 1.48155e-05 9.19110e-01 8.15858e-18 3.45288e-04 
6190.00 1.48638e-05 9.19782e-01 7.44593e-18 3.17210e-04 
6201.58 1.48059e-05 9.19969e-01 7.05293e-18 2.99919e-04 
6204.77 1.47810e-05 9.19950e-01 6.96322e-18 2.95752e-04 
6210.00 1.47402e-05 9.19848e-01 6.83332e-18 2.89644e-04 
6230.00 1.45454e-05 9.19476e-01 6.50453e-18 2.72831e-04 
6235.80 1.44340e-05 9.19660e-01 6.45101e-18 2.68817e-04 
6250.00 1.42171e-05 9.20377e-01 6.37944e-18 2.62641e-04 
6264.46 1.43197e-05 9.17711e-01 6.36835e-18 2.63922e-04 
6266.98 1.43451e-05 9.16520e-01 6.37047e-18 2.64239e-04 
6270.00 1.43669e-05 9.14736e-01 6.37407e-18 2.64403e-04 
6290.00 1.42449e-05 8.99740e-01 6.41102e-18 2.60183e-04 
6298.31 1.41394e-05 8.96280e-01 6.42325e-18 2.58094e-04 
6310.00 1.40250e-05 8.98066e-01 6.42482e-18 2.57054e-04 
6327.33 1.39630e-05 9.08215e-01 6.36835e-18 2.57241e-04 
6329.80 1.39477e-05 9.09680e-01 6.35261e-18 2.56837e-04 
6330.00 1.39463e-05 9.09792e-01 6.35127e-18 2.56796e-04 
6350.00 1.37212e-05 9.18039e-01 6.17988e-18 2.48845e-04 
6361.45 1.36498e-05 9.21100e-01 6.08796e-18 2.45123e-04 
6370.00 1.36351e-05 9.23198e-01 6.04488e-18 2.44008e-04 
6390.00 1.35913e-05 9.27131e-01 6.10465e-18 2.47450e-04 
6390.21 1.35896e-05 9.27160e-01 6.10689e-18 2.47525e-04 
6393.26 1.35606e-05 9.27550e-01 6.14350e-18 2.48701e-04 
6410.00 1.33775e-05 9.28940e-01 6.46901e-18 2.59407e-04 
6425.23 1.33424e-05 9.31070e-01 6.89742e-18 2.77149e-04 
6430.00 1.33139e-05 9.32246e-01 7.04727e-18 2.83133e-04 
6450.00 1.30520e-05 9.32712e-01 7.69697e-18 3.04247e-04 
6453.09 1.30375e-05 9.31043e-01 7.79455e-18 3.07359e-04 
6457.35 1.30347e-05 9.27500e-01 7.92575e-18 3.11482e-04 
6470.00 1.30320e-05 9.09380e-01 8.28958e-18 3.19975e-04 
6489.64 1.27884e-05 8.81520e-01 8.77747e-18 3.23268e-04 
6490.00 1.27843e-05 8.81255e-01 8.78553e-18 3.23381e-04 
6510.00 1.26307e-05 8.83043e-01 9.18030e-18 3.35561e-04 
6515.97 1.25565e-05 8.87199e-01 9.27779e-18 3.39029e-04 
6522.09 1.24306e-05 8.91650e-01 9.36812e-18 3.40918e-04 
6530.00 1.21567e-05 8.96580e-01 9.47137e-18 3.39356e-04 
6550.00 1.04371e-05 9.04826e-01 9.67594e-18 3.01303e-04 
6554.70 9.72028e-06 9.06080e-01 9.71455e-18 2.82321e-04 
6570.00 8.33614e-06 9.09431e-01 9.82278e-18 2.46296e-04 
6578.84 9.42832e-06 9.11912e-01 9.87680e-18 2.81239e-04 
6587.47 1.10294e-05 9.15590e-01 9.92600e-18 3.32408e-04 
6590.00 1.14052e-05 9.16995e-01 9.93977e-18 3.44870e-04 
6610.00 1.20365e-05 9.30961e-01 1.00365e-17 3.74233e-04 
6620.41 1.20625e-05 9.37490e-01 1.00769e-17 3.79788e-04 
6630.00 1.21419e-05 9.41392e-01 1.01070e-17 3.85584e-04 
6641.72 1.21470e-05 9.43952e-01 1.01335e-17 3.88493e-04 
6650.00 1.21081e-05 9.44972e-01 1.01452e-17 3.88597e-04 
6653.51 1.20897e-05 9.45340e-01 1.01489e-17 3.88502e-04 
6670.00 1.20179e-05 9.47174e-01 1.01629e-17 3.88442e-04 
6686.78 1.19781e-05 9.49020e-01 1.01872e-17 3.89817e-04 
6690.00 1.19681e-05 9.49344e-01 1.01948e-17 3.90101e-04 
6704.60 1.19009e-05 9.50627e-01 1.02476e-17 3.91300e-04 
6710.00 1.18755e-05 9.51014e-01 1.02766e-17 3.92046e-04 
6720.21 1.18351e-05 9.51600e-01 1.03475e-17 3.94246e-04 
6730.00 1.17855e-05 9.51995e-01 1.04363e-17 3.96705e-04 
6750.00 1.16463e-05 9.52921e-01 1.06869e-17 4.03019e-04 
6753.81 1.16352e-05 9.53210e-01 1.07459e-17 4.05210e-04 
6767.47 1.16240e-05 9.54473e-01 1.09892e-17 4.15373e-04 
6770.00 1.16192e-05 9.54666e-01 1.10399e-17 4.17354e-04 
6787.58 1.15313e-05 9.54410e-01 1.14374e-17 4.30111e-04 
6790.00 1.15176e-05 9.54050e-01 1.14976e-17 4.31853e-04 
6810.00 1.14225e-05 9.51386e-01 1.20376e-17 4.48466e-04 
6821.52 1.13578e-05 9.54630e-01 1.23755e-17 4.60783e-04 
6830.00 1.13094e-05 9.60640e-01 1.26329e-17 4.71897e-04 
6830.35 1.13075e-05 9.60900e-01 1.26436e-17 4.72371e-04 
6850.00 1.12200e-05 9.61034e-01 1.32769e-17 4.93677e-04 
6855.63 1.11998e-05 9.50580e-01 1.34768e-17 4.95172e-04 
6870.00 1.11485e-05 8.98590e-01 1.40486e-17 4.86734e-04 
6889.91 1.10616e-05 8.35690e-01 1.50441e-17 4.82354e-04 
6890.00 1.10612e-05 8.35593e-01 1.50495e-17 4.82458e-04 
6893.23 1.10464e-05 8.33869e-01 1.52393e-17 4.87111e-04 
6910.00 1.09679e-05 8.56831e-01 1.63631e-17 5.34918e-04 
6924.36 1.08980e-05 8.76740e-01 1.74823e-17 5.82266e-04 
6930.00 1.08725e-05 8.74138e-01 1.79551e-17 5.95321e-04 
6950.00 1.07892e-05 8.40187e-01 1.97439e-17 6.26192e-04 
6956.10 1.07596e-05 8.34497e-01 2.03165e-17 6.38791e-04 
6958.98 1.07453e-05 8.34400e-01 2.05893e-17 6.46698e-04 
6970.00 1.06966e-05 8.50395e-01 2.16551e-17 6.91168e-04 
6990.00 1.06218e-05 8.97573e-01 2.36891e-17 7.94726e-04 
6993.77 1.05950e-05 9.01690e-01 2.40902e-17 8.10278e-04 
7010.00 1.04681e-05 8.89654e-01 2.58912e-17 8.50912e-04 
7016.12 1.04436e-05 8.79031e-01 2.66061e-17 8.62688e-04 
7028.74 1.04230e-05 8.62540e-01 2.81420e-17 8.95219e-04 
7030.00 1.04210e-05 8.61961e-01 2.82992e-17 8.99599e-04 
7050.00 1.03564e-05 8.77673e-01 3.08610e-17 9.95554e-04 
7063.88 1.02984e-05 8.98100e-01 3.26743e-17 1.07465e-03 
7070.00 1.02810e-05 9.04564e-01 3.34711e-17 1.10787e-03 
7070.43 1.02801e-05 9.04938e-01 3.35263e-17 1.11013e-03 
7090.00 1.02012e-05 9.15417e-01 3.60182e-17 1.20050e-03 
7099.20 1.00723e-05 9.18720e-01 3.71334e-17 1.22804e-03 
7110.00 9.94334e-06 9.23628e-01 3.83706e-17 1.26131e-03 
7127.59 9.97956e-06 9.29404e-01 4.01692e-17 1.33682e-03 
7130.00 9.98616e-06 9.29498e-01 4.03909e-17 1.34568e-03 
7134.70 9.98606e-06 9.28930e-01 4.08040e-17 1.35950e-03 
7150.00 9.92117e-06 9.14984e-01 4.19853e-17 1.37184e-03 
7170.00 9.84450e-06 8.36803e-01 4.31826e-17 1.28401e-03 
7170.37 9.84294e-06 8.34380e-01 4.32015e-17 1.28072e-03 
7190.00 9.75370e-06 6.79839e-01 4.40325e-17 1.05682e-03 
7190.46 9.75194e-06 6.76343e-01 4.40484e-17 1.05164e-03 
7206.23 9.70589e-06 5.99640e-01 4.44978e-17 9.39498e-04 
7210.00 9.69549e-06 5.99195e-01 4.45786e-17 9.39989e-04 
7230.00 9.61752e-06 6.79343e-01 4.48377e-17 1.06624e-03 
7242.26 9.55397e-06 7.31890e-01 4.48588e-17 1.14360e-03 
7250.00 9.52489e-06 7.41315e-01 4.48195e-17 1.15502e-03 
7253.34 9.51818e-06 7.39816e-01 4.47901e-17 1.15165e-03 
7270.00 9.49005e-06 7.04191e-01 4.45394e-17 1.08933e-03 
7278.47 9.44382e-06 6.82480e-01 4.43545e-17 1.04746e-03 
7290.00 9.37296e-06 6.65949e-01 4.40528e-17 1.00912e-03 
7310.00 9.31918e-06 6.86027e-01 4.34309e-17 1.02178e-03 
7314.86 9.30401e-06 7.01730e-01 4.32674e-17 1.04023e-03 
7316.22 9.29919e-06 7.06934e-01 4.32212e-17 1.04648e-03 
7330.00 9.24825e-06 7.73516e-01 4.27534e-17 1.12856e-03 
7350.00 9.20053e-06 8.65451e-01 4.21883e-17 1.24296e-03 
7351.43 9.19704e-06 8.69600e-01 4.21579e-17 1.24779e-03 
7370.00 9.13476e-06 8.87390e-01 4.19574e-17 1.26186e-03 
7379.09 9.09126e-06 8.84383e-01 4.20232e-17 1.25511e-03 
7388.19 9.04295e-06 8.84210e-01 4.22190e-17 1.25555e-03 
7390.00 9.03321e-06 8.85182e-01 4.22727e-17 1.25748e-03 
7410.00 8.92869e-06 9.14624e-01 4.31449e-17 1.31432e-03 
7425.13 8.86056e-06 9.41740e-01 4.40728e-17 1.37464e-03 
7430.00 8.84618e-06 9.47937e-01 4.44061e-17 1.39280e-03 
7441.97 8.82626e-06 9.57406e-01 4.52750e-17 1.43332e-03 
7450.00 8.80477e-06 9.60669e-01 4.58887e-17 1.45572e-03 
7462.26 8.73734e-06 9.63900e-01 4.69205e-17 1.48446e-03 
7470.00 8.69602e-06 9.66212e-01 4.76685e-17 1.50615e-03 
7490.00 8.65774e-06 9.70710e-01 5.01371e-17 1.58876e-03 
7496.27 8.64954e-06 9.70429e-01 5.11188e-17 1.61922e-03 
7499.57 8.64412e-06 9.69750e-01 5.16813e-17 1.63559e-03 
7510.00 8.62175e-06 9.65644e-01 5.36198e-17 1.68772e-03 
7530.00 8.56839e-06 9.64260e-01 5.74989e-17 1.80082e-03 
7536.29 8.55627e-06 9.70102e-01 5.86099e-17 1.84567e-03 
7537.07 8.55488e-06 9.71150e-01 5.87408e-17 1.85168e-03 
7550.00 8.52688e-06 9.94028e-01 6.07841e-17 1.95816e-03 
7570.00 8.45068e-06 9.90631e-01 6.46967e-17 2.06397e-03 
7570.99 8.44723e-06 9.87350e-01 6.49524e-17 2.06470e-03 
7574.75 8.43516e-06 9.71020e-01 6.59964e-17 2.06126e-03 
7590.00 8.39289e-06 8.48815e-01 7.11801e-17 1.93753e-03 
7593.04 8.38367e-06 8.17825e-01 7.23482e-17 1.89610e-03 
7608.69 8.33169e-06 6.58545e-01 7.85861e-17 1.65157e-03 
7610.00 8.32743e-06 6.46816e-01 7.90963e-17 1.63213e-03 
7612.63 8.31911e-06 6.24780e-01 8.01084e-17 1.59566e-03 
7629.78 8.26734e-06 5.36699e-01 8.70951e-17 1.48431e-03 
7630.00 8.26667e-06 5.36214e-01 8.71945e-17 1.48459e-03 
7647.75 8.20157e-06 5.49439e-01 9.57908e-17 1.66187e-03 
7650.00 8.19125e-06 5.58632e-01 9.67718e-17 1.70533e-03 
7650.69 8.18796e-06 5.61790e-01 9.70668e-17 1.71967e-03 
7662.61 8.12826e-06 6.37288e-01 1.02945e-16 2.05701e-03 
7670.00 8.09784e-06 6.96869e-01 1.08336e-16 2.36055e-03 
7675.51 8.08302e-06 7.43300e-01 1.12555e-16 2.61296e-03 
7687.76 8.06042e-06 8.38889e-01 1.21654e-16 3.18355e-03 
7688.94 8.05789e-06 8.46810e-01 1.22772e-16 3.24262e-03 
7690.00 8.05544e-06 8.53616e-01 1.23814e-16 3.29589e-03 
7696.34 8.03731e-06 8.89197e-01 1.29834e-16 3.59505e-03 
7710.00 7.99285e-06 9.39816e-01 1.38058e-16 4.02515e-03 
7710.63 7.99112e-06 9.41423e-01 1.38567e-16 4.04637e-03 
7718.25 7.97392e-06 9.57044e-01 1.46150e-16 4.33355e-03 
7727.39 7.96101e-06 9.68230e-01 1.54098e-16 4.62062e-03 
7727.77 7.96061e-06 9.68570e-01 1.54473e-16 4.63350e-03 
7730.00 7.95848e-06 9.70365e-01 1.56804e-16 4.71221e-03 
7736.35 7.95178e-06 9.74079e-01 1.64087e-16 4.94984e-03 
7747.78 7.90430e-06 9.76685e-01 1.75121e-16 5.27298e-03 
7750.00 7.88473e-06 9.76757e-01 1.77029e-16 5.31914e-03 
7756.35 7.80883e-06 9.76493e-01 1.84743e-16 5.50051e-03 
7761.25 7.74585e-06 9.76029e-01 1.93550e-16 5.71717e-03 
7766.03 7.69734e-06 9.75570e-01 1.97890e-16 5.80957e-03 
7770.00 7.67720e-06 9.75299e-01 2.01281e-16 5.89506e-03 
7771.87 7.67639e-06 9.75211e-01 2.04174e-16 5.98003e-03 
7776.36 7.69353e-06 9.75094e-01 2.14001e-16 6.28475e-03 
7782.08 7.73732e-06 9.75108e-01 2.20355e-16 6.51305e-03 
7789.22 7.78809e-06 9.75323e-01 2.29258e-16 6.82843e-03 
7790.00 7.79132e-06 9.75356e-01 2.30240e-16 6.86146e-03 
7798.82 7.78666e-06 9.75822e-01 2.41063e-16 7.19125e-03 
7803.99 7.76095e-06 9.76129e-01 2.49744e-16 7.43288e-03 
7804.86 7.75589e-06 9.76180e-01 2.51547e-16 7.48287e-03 
7807.80 7.73824e-06 9.76348e-01 2.57379e-16 7.64313e-03 
7810.00 7.72539e-06 9.76464e-01 2.60312e-16 7.72050e-03 
7814.47 7.70230e-06 9.76658e-01 2.65380e-16 7.85332e-03 
7819.23 7.68136e-06 9.76774e-01 2.74113e-16 8.09559e-03 
7826.09 7.65485e-06 9.76701e-01 2.83045e-16 8.33722e-03 
7830.00 7.64012e-06 9.76495e-01 2.88270e-16 8.47724e-03 
7834.95 7.62069e-06 9.76022e-01 2.95148e-16 8.65872e-03 
7843.05 7.58900e-06 9.74632e-01 3.06169e-16 8.94117e-03 
7843.88 7.58590e-06 9.74440e-01 3.07642e-16 8.97969e-03 
7847.81 7.57198e-06 9.73392e-01 3.14421e-16 9.15547e-03 
7850.00 7.56491e-06 9.72704e-01 3.16974e-16 9.21723e-03 
7853.53 7.55464e-06 9.71423e-01 3.21972e-16 9.34175e-03 
7856.39 7.54709e-06 9.70219e-01 3.28713e-16 9.51946e-03 
7862.10 7.53293e-06 9.67330e-01 3.36506e-16 9.70494e-03 
7867.82 7.51817e-06 9.63735e-01 3.44071e-16 9.87407e-03 
7870.00 7.51192e-06 9.62163e-01 3.46824e-16 9.93131e-03 
7876.39 7.49111e-06 9.56864e-01 3.53642e-16 1.00510e-02 
7883.10 7.46761e-06 9.50110e-01 3.59784e-16 1.01302e-02 
7887.82 7.45182e-06 9.44616e-01 3.64154e-16 1.01785e-02 
7890.00 7.44516e-06 9.41955e-01 3.66309e-16 1.02036e-02 
7897.62 7.42533e-06 9.32543e-01 3.74726e-16 1.03162e-02 
7906.40 7.40576e-06 9.22938e-01 3.85237e-16 1.04803e-02 
7910.00 7.39748e-06 9.19849e-01 3.88978e-16 1.05396e-02 
7918.14 7.37592e-06 9.15711e-01 3.95698e-16 1.06533e-02 
7922.51 7.36217e-06 9.15580e-01 3.98434e-16 1.07114e-02 
7930.00 7.33432e-06 9.19117e-01 4.01866e-16 1.08145e-02 
7950.00 7.27101e-06 9.38531e-01 4.04822e-16 1.10560e-02 
7956.15 7.27796e-06 9.42929e-01 4.04381e-16 1.11149e-02 
7962.13 7.28889e-06 9.44570e-01 4.03510e-16 1.11353e-02 
7970.00 7.28498e-06 9.41686e-01 4.01615e-16 1.10542e-02 
7990.00 7.16518e-06 9.19123e-01 3.91783e-16 1.03781e-02 
7991.67 7.16010e-06 9.16973e-01 3.90571e-16 1.03166e-02 
8001.94 7.15844e-06 9.05450e-01 3.82882e-16 9.99691e-03 
8004.05 7.16065e-06 9.03686e-01 3.81681e-16 9.95184e-03 
8010.00 7.16252e-06 9.00030e-01 3.77581e-16 9.81497e-03 
8012.44 7.15947e-06 8.99055e-01 3.73471e-16 9.69644e-03 
8015.86 7.15143e-06 8.98156e-01 3.65062e-16 9.46205e-03 
8025.96 7.11488e-06 8.98364e-01 3.54250e-16 9.14850e-03 
8030.00 7.10066e-06 8.99472e-01 3.47440e-16 8.97025e-03 
8031.68 7.09565e-06 9.00080e-01 3.44396e-16 8.89326e-03 
8040.89 7.07595e-06 9.04701e-01 3.33309e-16 8.63704e-03 
8041.95 7.07417e-06 9.05350e-01 3.32380e-16 8.61809e-03 
8047.87 7.06423e-06 9.09317e-01 3.23018e-16 8.40642e-03 
8050.00 7.06024e-06 9.10849e-01 3.17087e-16 8.26350e-03 
8050.73 7.05877e-06 9.11387e-01 3.15791e-16 8.23361e-03 
8058.16 7.04111e-06 9.17024e-01 3.08635e-16 8.08401e-03 
8059.31 7.03804e-06 9.17904e-01 3.00469e-16 7.87534e-03 
8066.45 7.01752e-06 9.23306e-01 2.92991e-16 7.70884e-03 
8070.00 7.00689e-06 9.25846e-01 2.88947e-16 7.61515e-03 
8072.64 6.99896e-06 9.27638e-01 2.82909e-16 7.46444e-03 
8077.60 6.98444e-06 9.30686e-01 2.73569e-16 7.23114e-03 
8082.16 6.97183e-06 9.33040e-01 2.68852e-16 7.11559e-03 
8084.46 6.96589e-06 9.34023e-01 2.65788e-16 7.03790e-03 
8087.89 6.95769e-06 9.35119e-01 2.57693e-16 6.82641e-03 
8090.00 6.95311e-06 9.35506e-01 2.50902e-16 6.64662e-03 
8090.75 6.95159e-06 9.35580e-01 2.48803e-16 6.59071e-03 
8098.37 6.93823e-06 9.33992e-01 2.38204e-16 6.29307e-03 
8102.18 6.93244e-06 9.31205e-01 2.28460e-16 6.01543e-03 
8107.89 6.92374e-06 9.23848e-01 2.20904e-16 5.76734e-03 
8110.00 6.92031e-06 9.20037e-01 2.17379e-16 5.65056e-03 
8112.66 6.91567e-06 9.14286e-01 2.11465e-16 5.46060e-03 
8116.47 6.90838e-06 9.04048e-01 2.02246e-16 5.16105e-03 
8122.18 6.89606e-06 8.83807e-01 1.93559e-16 4.82357e-03 
8122.57 6.89517e-06 8.82220e-01 1.93134e-16 4.80393e-03 
8127.90 6.88206e-06 8.57370e-01 1.84795e-16 4.46147e-03 
8130.00 6.87650e-06 8.46365e-01 1.78863e-16 4.26048e-03 
8130.76 6.87443e-06 8.42257e-01 1.76899e-16 4.19237e-03 
8137.43 6.85569e-06 8.03880e-01 1.68619e-16 3.80679e-03 
8143.62 6.83917e-06 7.66663e-01 1.57994e-16 3.39618e-03 
8150.00 6.82564e-06 7.29585e-01 1.51254e-16 3.09034e-03 
8150.76 6.82438e-06 7.25366e-01 1.49863e-16 3.04394e-03 
8153.62 6.82019e-06 7.10200e-01 1.42986e-16 2.84279e-03 
8158.39 6.81333e-06 6.87635e-01 1.33861e-16 2.57572e-03 
8163.18 6.80339e-06 6.69400e-01 1.26856e-16 2.37414e-03 
8165.46 6.79650e-06 6.62621e-01 1.25060e-16 2.31513e-03 
8170.00 6.77667e-06 6.52706e-01 1.24099e-16 2.25760e-03 
8174.58 6.74713e-06 6.47024e-01 1.15819e-16 2.08070e-03 
8176.49 6.73291e-06 6.45804e-01 1.08162e-16 1.93583e-03 
8188.49 6.64719e-06 6.50435e-01 1.00183e-16 1.78552e-03 
8190.00 6.63991e-06 6.52205e-01 1.00116e-16 1.78754e-03 
8197.45 6.62186e-06 6.63398e-01 9.16073e-17 1.66068e-03 
8201.26 6.62008e-06 6.70160e-01 8.34495e-17 1.52851e-03 
8204.00 6.62002e-06 6.75200e-01 7.93927e-17 1.46562e-03 
8210.00 6.61837e-06 6.86282e-01 7.54645e-17 1.41665e-03 
8213.64 6.61356e-06 6.92940e-01 7.38352e-17 1.39911e-03 
8226.03 6.58039e-06 7.14567e-01 6.15906e-17 1.19929e-03 
8230.00 6.56799e-06 7.20979e-01 5.74157e-17 1.12644e-03 
8236.51 6.55008e-06 7.30687e-01 5.17071e-17 1.02611e-03 
8245.02 6.53600e-06 7.41550e-01 4.64145e-17 9.33731e-04 
8250.00 6.53529e-06 7.46770e-01 4.40074e-17 8.91979e-04 
8256.10 6.54280e-06 7.52039e-01 4.11960e-17 8.42477e-04 
8270.00 6.55892e-06 7.59993e-01 3.42859e-17 7.11519e-04 
8270.80 6.55839e-06 7.60301e-01 3.39167e-17 7.04154e-04 
8286.24 6.51889e-06 7.63620e-01 2.80261e-17 5.81961e-04 
8290.00 6.50785e-06 7.63811e-01 2.67630e-17 5.55184e-04 
8290.40 6.50681e-06 7.63823e-01 2.66285e-17 5.52339e-04 
8310.00 6.45466e-06 7.65628e-01 2.02290e-17 4.18205e-04 
8313.67 6.43604e-06 7.66928e-01 1.91934e-17 3.96499e-04 
8327.67 6.36247e-06 7.77840e-01 1.60265e-17 3.32508e-04 
8330.00 6.35603e-06 7.80820e-01 1.56003e-17 3.24666e-04 
8350.00 6.37267e-06 8.17367e-01 1.26368e-17 2.76685e-04 
8356.54 6.37018e-06 8.31446e-01 1.17920e-17 2.62738e-04 
8369.31 6.33813e-06 8.57810e-01 1.01145e-17 2.31692e-04 
8370.00 6.33579e-06 8.59112e-01 1.00238e-17 2.29895e-04 
8390.00 6.26794e-06 8.90547e-01 7.49595e-18 1.76723e-04 
8407.99 6.23478e-06 9.11683e-01 5.62809e-18 1.35407e-04 
8410.00 6.23153e-06 9.13833e-01 5.45682e-18 1.31559e-04 
8411.16 6.22958e-06 9.15060e-01 5.36211e-18 1.29426e-04 
8430.00 6.17379e-06 9.33980e-01 4.16858e-18 1.02007e-04 
8450.00 6.05044e-06 9.50624e-01 3.44282e-18 8.42346e-05 
8453.21 6.03189e-06 9.52840e-01 3.36042e-18 8.21886e-05 
8455.46 6.02050e-06 9.54303e-01 3.30662e-18 8.08657e-05 
8470.00 6.01013e-06 9.62039e-01 3.01732e-18 7.43882e-05 
8490.00 6.06281e-06 9.68054e-01 2.71780e-18 6.81744e-05 
8495.48 5.97624e-06 9.68820e-01 2.64103e-18 6.53966e-05 
8503.23 5.82151e-06 9.69288e-01 2.52734e-18 6.10464e-05 
8510.00 5.75086e-06 9.69125e-01 2.41822e-18 5.77380e-05 
8530.00 6.01905e-06 9.65707e-01 1.99307e-18 4.97471e-05 
8537.96 5.99268e-06 9.63200e-01 1.76110e-18 4.36916e-05 
8550.00 5.34988e-06 9.58256e-01 1.31679e-18 2.90558e-05 
8562.32 3.47854e-06 9.51856e-01 7.20621e-19 1.02847e-05 
