##### EXOPHOT SPECTRAL OVERLAP FILE #####
# Date: 15/02/2022 13:05:16
# SED file: SED_g2v.txt
# atmosphere file: atm_g2v_hzi_os4.txt
# photopigment file: ChlB.txt
# Stellar radius (Rs in km): 6.963400e+05
# Exoplanet orbit semi-major axis (sma in km): 1.070123e+08
# Total absorption rate (gamma_t in s-1): 2.47296e+01
# B band absorption rate (gamma_B in s-1): 1.71586e+01
# Q band absorption rate (gamma_Q in s-1): 7.57094e+00
# B-Q bands cut-off (in nm): 500
# photosynthetic photon flux density [ppfd in micromol photon m-2 s-1]: 4.48002e+03
# Total Stellar Irradiance (S in W m-2): 2.62457e+03
# -------------------------------------------------
# Col 1: Wavelength (wl in Angstrom) 
# Col 2: Spectral Flux Density (F_l in J cm-2 s-1 A-1) 
# Col 3: Atmosphere transmitance (T, no units) 
# Col 4: Pigment absorption cross section (sigma_abs in cm2) 
# Col 5: Spectral Absorption Rate (Gamma_lambda in A-1 s-1)
3000.00 9.87223e-06 7.43275e-01 1.38924e-16 1.53953e-03 
3010.00 1.15609e-05 7.46150e-01 1.10076e-16 1.43880e-03 
3010.56 1.16281e-05 7.46310e-01 1.09684e-16 1.44258e-03 
3020.00 1.24302e-05 7.49006e-01 1.10817e-16 1.56856e-03 
3025.61 1.26783e-05 7.50600e-01 1.11610e-16 1.61774e-03 
3030.00 1.27990e-05 7.51842e-01 1.11624e-16 1.63842e-03 
3040.00 1.29862e-05 7.54653e-01 1.12293e-16 1.68414e-03 
3040.74 1.30016e-05 7.54860e-01 1.12353e-16 1.68790e-03 
3050.00 1.33107e-05 7.57436e-01 1.12966e-16 1.74872e-03 
3055.94 1.36583e-05 7.59070e-01 1.13322e-16 1.80742e-03 
3060.00 1.38960e-05 7.60174e-01 1.13517e-16 1.84718e-03 
3070.00 1.40833e-05 7.62864e-01 1.13788e-16 1.88934e-03 
3071.22 1.40382e-05 7.63190e-01 1.13822e-16 1.88541e-03 
3080.00 1.34192e-05 7.65522e-01 1.14022e-16 1.81612e-03 
3086.58 1.30486e-05 7.67260e-01 1.13936e-16 1.77243e-03 
3090.00 1.30535e-05 7.68162e-01 1.13827e-16 1.77544e-03 
3100.00 1.39892e-05 7.70779e-01 1.13471e-16 1.90939e-03 
3102.01 1.42470e-05 7.71300e-01 1.13420e-16 1.94627e-03 
3110.00 1.50379e-05 7.73349e-01 1.13169e-16 2.06051e-03 
3117.52 1.50411e-05 7.75260e-01 1.12609e-16 2.06078e-03 
3120.00 1.49086e-05 7.75888e-01 1.12366e-16 2.04150e-03 
3130.00 1.40910e-05 7.78391e-01 1.11322e-16 1.92393e-03 
3133.11 1.38409e-05 7.79150e-01 1.11039e-16 1.88870e-03 
3140.00 1.34400e-05 7.80790e-01 1.10447e-16 1.83206e-03 
3148.77 1.34307e-05 7.82840e-01 1.09588e-16 1.82641e-03 
3150.00 1.34897e-05 7.83127e-01 1.09464e-16 1.83375e-03 
3160.00 1.43529e-05 7.85488e-01 1.08535e-16 1.94651e-03 
3164.52 1.46946e-05 7.86560e-01 1.08210e-16 1.99245e-03 
3170.00 1.47776e-05 7.87861e-01 1.07881e-16 2.00438e-03 
3180.00 1.38108e-05 7.90220e-01 1.07411e-16 1.87657e-03 
3180.34 1.37688e-05 7.90300e-01 1.07400e-16 1.87107e-03 
3190.00 1.30600e-05 7.92545e-01 1.07273e-16 1.78308e-03 
3196.24 1.34936e-05 7.93980e-01 1.07371e-16 1.85092e-03 
3200.00 1.39341e-05 7.94839e-01 1.07483e-16 1.91767e-03 
3210.00 1.44882e-05 7.97108e-01 1.08003e-16 2.01557e-03 
3212.22 1.42991e-05 7.97610e-01 1.08192e-16 1.99537e-03 
3220.00 1.29856e-05 7.99353e-01 1.08967e-16 1.83348e-03 
3228.29 1.18883e-05 8.01190e-01 1.09787e-16 1.69943e-03 
3230.00 1.18779e-05 8.01567e-01 1.09980e-16 1.70262e-03 
3240.00 1.36459e-05 8.03745e-01 1.11372e-16 1.99235e-03 
3244.43 1.49943e-05 8.04700e-01 1.12063e-16 2.20844e-03 
3250.00 1.67015e-05 8.05896e-01 1.12932e-16 2.48689e-03 
3260.00 1.88893e-05 8.08023e-01 1.14473e-16 2.86737e-03 
3260.65 1.89881e-05 8.08160e-01 1.14581e-16 2.88614e-03 
3270.00 1.98573e-05 8.10124e-01 1.16193e-16 3.07698e-03 
3276.95 1.98899e-05 8.11570e-01 1.17250e-16 3.12221e-03 
3280.00 1.97822e-05 8.12200e-01 1.17654e-16 3.12134e-03 
3290.00 1.91539e-05 8.14252e-01 1.18778e-16 3.06811e-03 
3293.34 1.89174e-05 8.14930e-01 1.19109e-16 3.04428e-03 
3300.00 1.84842e-05 8.16274e-01 1.19654e-16 2.99916e-03 
3309.80 1.80628e-05 8.18230e-01 1.20094e-16 2.95738e-03 
3310.00 1.80583e-05 8.18269e-01 1.20101e-16 2.95713e-03 
3320.00 1.80391e-05 8.20241e-01 1.20392e-16 2.97724e-03 
3326.35 1.81968e-05 8.21480e-01 1.20382e-16 3.01332e-03 
3330.00 1.83268e-05 8.22185e-01 1.20346e-16 3.03986e-03 
3340.00 1.85769e-05 8.24102e-01 1.20212e-16 3.09437e-03 
3342.98 1.84952e-05 8.24670e-01 1.20100e-16 3.08277e-03 
3350.00 1.77305e-05 8.26000e-01 1.19719e-16 2.95686e-03 
3359.70 1.53247e-05 8.27820e-01 1.19108e-16 2.55560e-03 
3360.00 1.52440e-05 8.27876e-01 1.19088e-16 2.54210e-03 
3370.00 1.33506e-05 8.29723e-01 1.18392e-16 2.22490e-03 
3376.50 1.35690e-05 8.30910e-01 1.17893e-16 2.25932e-03 
3380.00 1.40474e-05 8.31547e-01 1.17600e-16 2.33739e-03 
3390.00 1.56086e-05 8.33354e-01 1.16645e-16 2.58930e-03 
3393.38 1.58891e-05 8.33960e-01 1.16278e-16 2.63207e-03 
3400.00 1.60327e-05 8.35138e-01 1.15528e-16 2.64761e-03 
3410.00 1.59350e-05 8.36899e-01 1.14381e-16 2.61853e-03 
3410.35 1.59377e-05 8.36960e-01 1.14340e-16 2.61849e-03 
3420.00 1.62872e-05 8.38639e-01 1.13123e-16 2.66025e-03 
3427.40 1.67241e-05 8.39910e-01 1.12057e-16 2.71584e-03 
3430.00 1.68683e-05 8.40353e-01 1.11655e-16 2.73293e-03 
3440.00 1.72691e-05 8.42040e-01 1.10087e-16 2.77218e-03 
3444.54 1.73931e-05 8.42800e-01 1.09448e-16 2.78204e-03 
3450.00 1.75203e-05 8.43713e-01 1.08627e-16 2.78879e-03 
3460.00 1.77727e-05 8.45371e-01 1.06791e-16 2.79470e-03 
3461.76 1.78312e-05 8.45660e-01 1.06491e-16 2.79841e-03 
3470.00 1.82171e-05 8.47002e-01 1.05231e-16 2.83636e-03 
3479.07 1.89101e-05 8.48460e-01 1.03908e-16 2.91986e-03 
3480.00 1.89951e-05 8.48609e-01 1.03782e-16 2.93072e-03 
3490.00 2.00101e-05 8.50201e-01 1.02593e-16 3.06646e-03 
3496.46 2.06798e-05 8.51220e-01 1.01915e-16 3.15774e-03 
3500.00 2.09608e-05 8.51773e-01 1.01564e-16 3.19495e-03 
3510.00 2.09635e-05 8.53323e-01 1.00708e-16 3.18326e-03 
3513.95 2.05178e-05 8.53930e-01 1.00461e-16 3.11364e-03 
3520.00 1.96381e-05 8.54856e-01 1.00142e-16 2.97903e-03 
3530.00 1.91994e-05 8.56372e-01 9.97063e-17 2.91321e-03 
3531.51 1.93851e-05 8.56600e-01 9.96751e-17 2.94251e-03 
3540.00 2.12655e-05 8.57867e-01 9.95724e-17 3.23714e-03 
3549.17 2.25156e-05 8.59220e-01 9.92880e-17 3.43191e-03 
3550.00 2.24709e-05 8.59341e-01 9.92666e-17 3.42563e-03 
3560.00 1.97418e-05 8.60800e-01 9.91060e-17 3.01830e-03 
3566.92 1.70748e-05 8.61800e-01 9.88935e-17 2.61304e-03 
3570.00 1.61558e-05 8.62243e-01 9.88001e-17 2.47347e-03 
3580.00 1.52621e-05 8.63669e-01 9.85821e-17 2.34189e-03 
3584.75 1.56400e-05 8.64340e-01 9.83929e-17 2.40030e-03 
3590.00 1.63463e-05 8.65075e-01 9.80430e-17 2.50558e-03 
3600.00 1.78376e-05 8.66462e-01 9.68960e-17 2.71405e-03 
3602.68 1.82032e-05 8.66830e-01 9.64953e-17 2.76144e-03 
3610.00 1.90030e-05 8.67832e-01 9.52557e-17 2.85483e-03 
3620.00 1.94473e-05 8.69187e-01 9.33477e-17 2.87546e-03 
3620.69 1.94528e-05 8.69280e-01 9.32088e-17 2.87286e-03 
3630.00 1.92881e-05 8.70526e-01 9.13289e-17 2.80227e-03 
3638.79 1.93924e-05 8.71690e-01 8.98287e-17 2.78157e-03 
3640.00 1.95771e-05 8.71849e-01 8.96733e-17 2.80465e-03 
3650.00 2.24311e-05 8.73157e-01 8.90157e-17 3.20350e-03 
3656.99 2.35541e-05 8.74060e-01 8.90623e-17 3.37558e-03 
3660.00 2.36810e-05 8.74446e-01 8.90348e-17 3.39701e-03 
3670.00 2.31466e-05 8.75716e-01 8.83198e-17 3.30748e-03 
3675.27 2.26033e-05 8.76380e-01 8.78126e-17 3.21836e-03 
3680.00 2.21629e-05 8.76973e-01 8.72607e-17 3.14197e-03 
3690.00 2.19802e-05 8.78219e-01 8.57886e-17 3.07619e-03 
3693.65 2.23184e-05 8.78670e-01 8.53540e-17 3.11238e-03 
3700.00 2.30901e-05 8.79450e-01 8.47027e-17 3.20376e-03 
3710.00 2.30337e-05 8.80665e-01 8.35633e-17 3.16583e-03 
3712.12 2.25818e-05 8.80920e-01 8.33181e-17 3.09728e-03 
3720.00 1.98687e-05 8.81865e-01 8.25807e-17 2.70966e-03 
3730.00 1.66695e-05 8.83050e-01 8.21677e-17 2.27112e-03 
3730.68 1.65591e-05 8.83130e-01 8.21339e-17 2.25577e-03 
3740.00 1.66818e-05 8.84221e-01 8.15559e-17 2.26492e-03 
3749.33 1.86530e-05 8.85300e-01 8.12012e-17 2.53092e-03 
3750.00 1.88187e-05 8.85377e-01 8.11774e-17 2.55333e-03 
3760.00 2.11551e-05 8.86518e-01 8.07301e-17 2.86582e-03 
3768.08 2.25303e-05 8.87430e-01 8.02857e-17 3.04497e-03 
3770.00 2.27452e-05 8.87646e-01 8.01527e-17 3.07124e-03 
3780.00 2.32189e-05 8.88764e-01 7.90974e-17 3.10604e-03 
3786.92 2.33741e-05 8.89530e-01 7.79285e-17 3.08888e-03 
3790.00 2.35297e-05 8.89869e-01 7.73959e-17 3.09189e-03 
3800.00 2.42114e-05 8.90959e-01 7.57901e-17 3.12749e-03 
3805.85 2.38437e-05 8.91590e-01 7.45690e-17 3.03719e-03 
3810.00 2.27954e-05 8.92034e-01 7.35839e-17 2.86986e-03 
3820.00 1.76759e-05 8.93096e-01 7.09724e-17 2.15455e-03 
3824.88 1.51916e-05 8.93610e-01 6.95083e-17 1.81689e-03 
3830.00 1.36996e-05 8.94147e-01 6.78983e-17 1.60361e-03 
3840.00 1.52565e-05 8.95187e-01 6.47095e-17 1.70841e-03 
3844.01 1.66753e-05 8.95600e-01 6.33652e-17 1.83125e-03 
3850.00 1.84564e-05 8.96213e-01 6.13409e-17 1.96650e-03 
3860.00 1.88480e-05 8.97226e-01 5.81980e-17 1.91243e-03 
3863.23 1.85642e-05 8.97550e-01 5.72626e-17 1.85558e-03 
3870.00 1.80158e-05 8.98228e-01 5.53800e-17 1.74594e-03 
3880.00 1.85687e-05 8.99220e-01 5.28106e-17 1.72236e-03 
3882.54 1.90296e-05 8.99470e-01 5.22643e-17 1.74848e-03 
3890.00 2.11770e-05 9.00198e-01 5.09256e-17 1.90113e-03 
3900.00 2.49894e-05 9.01163e-01 4.95033e-17 2.18867e-03 
3901.96 2.54804e-05 9.01350e-01 4.92523e-17 2.22193e-03 
3910.00 2.50062e-05 9.02117e-01 4.84059e-17 2.14936e-03 
3920.00 1.81472e-05 9.03062e-01 4.79547e-17 1.55084e-03 
3921.46 1.70199e-05 9.03200e-01 4.79093e-17 1.45390e-03 
3930.00 1.31590e-05 9.03997e-01 4.78286e-17 1.12562e-03 
3940.00 1.75924e-05 9.04921e-01 4.84480e-17 1.52979e-03 
3941.07 1.83227e-05 9.05020e-01 4.85231e-17 1.59637e-03 
3950.00 2.23890e-05 9.05836e-01 4.91706e-17 1.98295e-03 
3960.00 1.87406e-05 9.06740e-01 5.03445e-17 1.70544e-03 
3960.78 1.83018e-05 9.06810e-01 5.04534e-17 1.66957e-03 
3970.00 1.54497e-05 9.07631e-01 5.17936e-17 1.45151e-03 
3980.00 2.16790e-05 9.08509e-01 5.31433e-17 2.09712e-03 
3980.58 2.22252e-05 9.08560e-01 5.32217e-17 2.15357e-03 
3990.00 3.04201e-05 9.09378e-01 5.45503e-17 3.03109e-03 
4000.00 3.32872e-05 9.10238e-01 5.61142e-17 3.42364e-03 
4000.48 3.32949e-05 9.10280e-01 5.61960e-17 3.43000e-03 
4010.00 3.25538e-05 9.11094e-01 5.77927e-17 3.46023e-03 
4020.00 3.21775e-05 9.11939e-01 5.90812e-17 3.50847e-03 
4020.49 3.21769e-05 9.11980e-01 5.91361e-17 3.51224e-03 
4030.00 3.21922e-05 9.12771e-01 6.02780e-17 3.59335e-03 
4040.00 3.18157e-05 9.13592e-01 6.17998e-17 3.65330e-03 
4040.59 3.17771e-05 9.13640e-01 6.18804e-17 3.65436e-03 
4050.00 3.09259e-05 9.14404e-01 6.30080e-17 3.63274e-03 
4060.00 2.98385e-05 9.15207e-01 6.44839e-17 3.59912e-03 
4060.79 2.97820e-05 9.15270e-01 6.46272e-17 3.60125e-03 
4070.00 2.99621e-05 9.16001e-01 6.64606e-17 3.73723e-03 
4080.00 3.21901e-05 9.16785e-01 6.85101e-17 4.15267e-03 
4081.10 3.24799e-05 9.16870e-01 6.87628e-17 4.20704e-03 
4090.00 3.42632e-05 9.17559e-01 7.11789e-17 4.60744e-03 
4100.00 3.40404e-05 9.18325e-01 7.45856e-17 4.81230e-03 
4101.50 3.38784e-05 9.18440e-01 7.51260e-17 4.82648e-03 
4110.00 3.30079e-05 9.19086e-01 7.84283e-17 4.92280e-03 
4120.00 3.29653e-05 9.19839e-01 8.33492e-17 5.24193e-03 
4122.01 3.30443e-05 9.19990e-01 8.44685e-17 5.32853e-03 
4130.00 3.33371e-05 9.20585e-01 8.92871e-17 5.69710e-03 
4140.00 3.32738e-05 9.21320e-01 9.61389e-17 6.14236e-03 
4142.62 3.32258e-05 9.21510e-01 9.81176e-17 6.26500e-03 
4150.00 3.32046e-05 9.22041e-01 1.04168e-16 6.66278e-03 
4160.00 3.35711e-05 9.22753e-01 1.13437e-16 7.35903e-03 
4163.33 3.36691e-05 9.22990e-01 1.16720e-16 7.60215e-03 
4170.00 3.35859e-05 9.23464e-01 1.23607e-16 8.04784e-03 
4180.00 3.25987e-05 9.24170e-01 1.34795e-16 8.54526e-03 
4184.15 3.21360e-05 9.24460e-01 1.39590e-16 8.73499e-03 
4190.00 3.17368e-05 9.24864e-01 1.46537e-16 9.07248e-03 
4200.00 3.20346e-05 9.25547e-01 1.58902e-16 9.96140e-03 
4205.07 3.23068e-05 9.25890e-01 1.65022e-16 1.04494e-02 
4210.00 3.23783e-05 9.26223e-01 1.70786e-16 1.08549e-02 
4220.00 3.16556e-05 9.26895e-01 1.81702e-16 1.13260e-02 
4226.10 3.11026e-05 9.27300e-01 1.87519e-16 1.15060e-02 
4230.00 3.09094e-05 9.27558e-01 1.90993e-16 1.16604e-02 
4240.00 3.11914e-05 9.28212e-01 1.99252e-16 1.23133e-02 
4247.23 3.14618e-05 9.28680e-01 2.04278e-16 1.27614e-02 
4250.00 3.14326e-05 9.28859e-01 2.05974e-16 1.28663e-02 
4260.00 3.05175e-05 9.29502e-01 2.10983e-16 1.28345e-02 
4268.46 2.94273e-05 9.30040e-01 2.13801e-16 1.25735e-02 
4270.00 2.92648e-05 9.30137e-01 2.14198e-16 1.25331e-02 
4280.00 2.84344e-05 9.30763e-01 2.16098e-16 1.23226e-02 
4289.80 2.66743e-05 9.31370e-01 2.16801e-16 1.16316e-02 
4290.00 2.66168e-05 9.31382e-01 2.16802e-16 1.16072e-02 
4300.00 2.31065e-05 9.31996e-01 2.16305e-16 1.00834e-02 
4310.00 2.21824e-05 9.32604e-01 2.15487e-16 9.67223e-03 
4311.25 2.25205e-05 9.32680e-01 2.15373e-16 9.81810e-03 
4320.00 2.71381e-05 9.33207e-01 2.14393e-16 1.18080e-02 
4330.00 3.23424e-05 9.33804e-01 2.12955e-16 1.40194e-02 
4332.81 3.28256e-05 9.33970e-01 2.12693e-16 1.42230e-02 
4340.00 3.22771e-05 9.34392e-01 2.12592e-16 1.40082e-02 
4350.00 3.08015e-05 9.34972e-01 2.13892e-16 1.34889e-02 
4354.47 3.11620e-05 9.35230e-01 2.14865e-16 1.37268e-02 
4360.00 3.23181e-05 9.35547e-01 2.16603e-16 1.43743e-02 
4370.00 3.40234e-05 9.36118e-01 2.22063e-16 1.55593e-02 
4376.25 3.34851e-05 9.36470e-01 2.27094e-16 1.56883e-02 
4380.00 3.27273e-05 9.36680e-01 2.30720e-16 1.55949e-02 
4390.00 3.08991e-05 9.37235e-01 2.42683e-16 1.55318e-02 
4398.13 3.11807e-05 9.37680e-01 2.55396e-16 1.65328e-02 
4400.00 3.14484e-05 9.37782e-01 2.58826e-16 1.69077e-02 
4410.00 3.33861e-05 9.38324e-01 2.79921e-16 1.94677e-02 
4420.00 3.50174e-05 9.38864e-01 3.03489e-16 2.22011e-02 
4420.12 3.50317e-05 9.38870e-01 3.03791e-16 2.22330e-02 
4430.00 3.57254e-05 9.39402e-01 3.31684e-16 2.48244e-02 
4440.00 3.54577e-05 9.39934e-01 3.63584e-16 2.70843e-02 
4442.22 3.53690e-05 9.40050e-01 3.71067e-16 2.75898e-02 
4450.00 3.53429e-05 9.40454e-01 3.98519e-16 2.96737e-02 
4460.00 3.63031e-05 9.40965e-01 4.35760e-16 3.34212e-02 
4464.43 3.68192e-05 9.41190e-01 4.51927e-16 3.51973e-02 
4470.00 3.72531e-05 9.41473e-01 4.72011e-16 3.72523e-02 
4480.00 3.72202e-05 9.41980e-01 5.07685e-16 4.01436e-02 
4486.75 3.73522e-05 9.42320e-01 5.29977e-16 4.21334e-02 
4490.00 3.76871e-05 9.42483e-01 5.40231e-16 4.33726e-02 
4500.00 3.98397e-05 9.42980e-01 5.69106e-16 4.84337e-02 
4509.19 4.12177e-05 9.43430e-01 5.88292e-16 5.19287e-02 
4510.00 4.12207e-05 9.43470e-01 5.89726e-16 5.20707e-02 
4520.00 3.96088e-05 9.43951e-01 6.03824e-16 5.13705e-02 
4530.00 3.73689e-05 9.44428e-01 6.08324e-16 4.89593e-02 
4531.73 3.71714e-05 9.44510e-01 6.08281e-16 4.87200e-02 
4540.00 3.72061e-05 9.44903e-01 6.04833e-16 4.85977e-02 
4550.00 3.86014e-05 9.45375e-01 5.92678e-16 4.95405e-02 
4554.39 3.93669e-05 9.45580e-01 5.85079e-16 4.99341e-02 
4560.00 4.02440e-05 9.45839e-01 5.73446e-16 5.01070e-02 
4570.00 4.08810e-05 9.46296e-01 5.47285e-16 4.87081e-02 
4577.16 4.02362e-05 9.46620e-01 5.25048e-16 4.60798e-02 
4580.00 3.98350e-05 9.46748e-01 5.15649e-16 4.48376e-02 
4590.00 3.86728e-05 9.47200e-01 4.81085e-16 4.07197e-02 
4600.00 3.89020e-05 9.47648e-01 4.45606e-16 3.80409e-02 
4600.05 3.89053e-05 9.47650e-01 4.45433e-16 3.80299e-02 
4610.00 3.95494e-05 9.48090e-01 4.08392e-16 3.55378e-02 
4620.00 3.94311e-05 9.48528e-01 3.70799e-16 3.22546e-02 
4623.05 3.92934e-05 9.48660e-01 3.59164e-16 3.11583e-02 
4630.00 3.90016e-05 9.48960e-01 3.32521e-16 2.86849e-02 
4640.00 3.89571e-05 9.49388e-01 2.95624e-16 2.55395e-02 
4646.16 3.91430e-05 9.49650e-01 2.74828e-16 2.38944e-02 
4650.00 3.93226e-05 9.49812e-01 2.62528e-16 2.29526e-02 
4660.00 3.99049e-05 9.50231e-01 2.32054e-16 2.06421e-02 
4669.39 4.02977e-05 9.50620e-01 2.04957e-16 1.84558e-02 
4670.00 4.03090e-05 9.50645e-01 2.03186e-16 1.83044e-02 
4680.00 4.01775e-05 9.51055e-01 1.74418e-16 1.57018e-02 
4690.00 3.95040e-05 9.51460e-01 1.50552e-16 1.33602e-02 
4692.74 3.92386e-05 9.51570e-01 1.44381e-16 1.27355e-02 
4700.00 3.85197e-05 9.51860e-01 1.28417e-16 1.11404e-02 
4710.00 3.80554e-05 9.52256e-01 1.08393e-16 9.31357e-03 
4716.20 3.83746e-05 9.52500e-01 9.73200e-17 8.44552e-03 
4720.00 3.87374e-05 9.52649e-01 9.10345e-17 7.98241e-03 
4730.00 3.97755e-05 9.53041e-01 7.63292e-17 6.88973e-03 
4739.79 4.02760e-05 9.53420e-01 6.47748e-17 5.93497e-03 
4740.00 4.02813e-05 9.53428e-01 6.45412e-17 5.91467e-03 
4750.00 4.03886e-05 9.53811e-01 5.43515e-17 5.00668e-03 
4760.00 4.04199e-05 9.54189e-01 4.60430e-17 4.25524e-03 
4763.48 4.04261e-05 9.54320e-01 4.35830e-17 4.03200e-03 
4770.00 4.04279e-05 9.54563e-01 3.94053e-17 3.65159e-03 
4780.00 4.03848e-05 9.54933e-01 3.37465e-17 3.13163e-03 
4787.30 4.02758e-05 9.55200e-01 3.03606e-17 2.81490e-03 
4790.00 4.02106e-05 9.55298e-01 2.92500e-17 2.70934e-03 
4800.00 3.98986e-05 9.55658e-01 2.56444e-17 2.36275e-03 
4810.00 3.97886e-05 9.56016e-01 2.28341e-17 2.10318e-03 
4811.24 3.98096e-05 9.56060e-01 2.25434e-17 2.07813e-03 
4820.00 4.01106e-05 9.56372e-01 2.07618e-17 1.93251e-03 
4830.00 4.03118e-05 9.56725e-01 1.90527e-17 1.78667e-03 
4835.29 4.01246e-05 9.56910e-01 1.82452e-17 1.70520e-03 
4840.00 3.97173e-05 9.57073e-01 1.75462e-17 1.62509e-03 
4850.00 3.79496e-05 9.57417e-01 1.59977e-17 1.41915e-03 
4859.47 3.53664e-05 9.57740e-01 1.49767e-17 1.24099e-03 
4860.00 3.52321e-05 9.57758e-01 1.49844e-17 1.23707e-03 
4870.00 3.38956e-05 9.58098e-01 1.58677e-17 1.26333e-03 
4880.00 3.57379e-05 9.58434e-01 1.50150e-17 1.26346e-03 
4883.77 3.68121e-05 9.58560e-01 1.46764e-17 1.27324e-03 
4890.00 3.83179e-05 9.58766e-01 1.43918e-17 1.30155e-03 
4900.00 3.89629e-05 9.59094e-01 1.42885e-17 1.31710e-03 
4908.19 3.84607e-05 9.59360e-01 1.41887e-17 1.29356e-03 
4910.00 3.83127e-05 9.59419e-01 1.41738e-17 1.28779e-03 
4920.00 3.76503e-05 9.59743e-01 1.41624e-17 1.26750e-03 
4930.00 3.75182e-05 9.60063e-01 1.40553e-17 1.25647e-03 
4932.73 3.76179e-05 9.60150e-01 1.40390e-17 1.25916e-03 
4940.00 3.81103e-05 9.60379e-01 1.40056e-17 1.27479e-03 
4950.00 3.89655e-05 9.60691e-01 1.38947e-17 1.29611e-03 
4957.39 3.94177e-05 9.60920e-01 1.39151e-17 1.31535e-03 
4960.00 3.95029e-05 9.61001e-01 1.39406e-17 1.32141e-03 
4970.00 3.93184e-05 9.61309e-01 1.41050e-17 1.33386e-03 
4980.00 3.82244e-05 9.61614e-01 1.42885e-17 1.31669e-03 
4982.18 3.79087e-05 9.61680e-01 1.42441e-17 1.30241e-03 
4990.00 3.67232e-05 9.61915e-01 1.40247e-17 1.24450e-03 
5000.00 3.54905e-05 9.62211e-01 1.42235e-17 1.22260e-03 
5007.09 3.51516e-05 9.62420e-01 1.42272e-17 1.21321e-03 
5010.00 3.52072e-05 9.62506e-01 1.42044e-17 1.21400e-03 
5020.00 3.61789e-05 9.62799e-01 1.42159e-17 1.25139e-03 
5030.00 3.72038e-05 9.63089e-01 1.42503e-17 1.29291e-03 
5032.12 3.72833e-05 9.63150e-01 1.42431e-17 1.29565e-03 
5040.00 3.72087e-05 9.63375e-01 1.42159e-17 1.29291e-03 
5050.00 3.71424e-05 9.63656e-01 1.42771e-17 1.29911e-03 
5057.29 3.76857e-05 9.63860e-01 1.42384e-17 1.31672e-03 
5060.00 3.79514e-05 9.63936e-01 1.42121e-17 1.32436e-03 
5070.00 3.85515e-05 9.64213e-01 1.41432e-17 1.34182e-03 
5080.00 3.78889e-05 9.64489e-01 1.41662e-17 1.32388e-03 
5082.57 3.76264e-05 9.64560e-01 1.41970e-17 1.31833e-03 
5090.00 3.70621e-05 9.64763e-01 1.42885e-17 1.30912e-03 
5100.00 3.72271e-05 9.65034e-01 1.43230e-17 1.32108e-03 
5107.98 3.75812e-05 9.65250e-01 1.44012e-17 1.34333e-03 
5110.00 3.76180e-05 9.65304e-01 1.43956e-17 1.34473e-03 
5120.00 3.73184e-05 9.65572e-01 1.42427e-17 1.32279e-03 
5130.00 3.67313e-05 9.65838e-01 1.44530e-17 1.32415e-03 
5133.52 3.65807e-05 9.65930e-01 1.45184e-17 1.32573e-03 
5140.00 3.63128e-05 9.66098e-01 1.46212e-17 1.32724e-03 
5150.00 3.54115e-05 9.66355e-01 1.48697e-17 1.31921e-03 
5159.19 3.36786e-05 9.66590e-01 1.49430e-17 1.26339e-03 
5160.00 3.35090e-05 9.66611e-01 1.49424e-17 1.25720e-03 
5170.00 3.17285e-05 9.66865e-01 1.49997e-17 1.19760e-03 
5180.00 3.12976e-05 9.67116e-01 1.53553e-17 1.21200e-03 
5184.99 3.16074e-05 9.67240e-01 1.54370e-17 1.23185e-03 
5190.00 3.22200e-05 9.67363e-01 1.54968e-17 1.26196e-03 
5200.00 3.40197e-05 9.67606e-01 1.57950e-17 1.36106e-03 
5210.00 3.55255e-05 9.67848e-01 1.61468e-17 1.45611e-03 
5210.91 3.56020e-05 9.67870e-01 1.61855e-17 1.46304e-03 
5220.00 3.58747e-05 9.68091e-01 1.65368e-17 1.50921e-03 
5230.00 3.61343e-05 9.68333e-01 1.67127e-17 1.53963e-03 
5236.97 3.68600e-05 9.68500e-01 1.71112e-17 1.61042e-03 
5240.00 3.71868e-05 9.68572e-01 1.72977e-17 1.64347e-03 
5250.00 3.72468e-05 9.68806e-01 1.76838e-17 1.68649e-03 
5260.00 3.49154e-05 9.69037e-01 1.80318e-17 1.61550e-03 
5263.15 3.40849e-05 9.69110e-01 1.81554e-17 1.58895e-03 
5270.00 3.30062e-05 9.69267e-01 1.84906e-17 1.56936e-03 
5280.00 3.42573e-05 9.69495e-01 1.91865e-17 1.69376e-03 
5289.47 3.67667e-05 9.69710e-01 1.98349e-17 1.88305e-03 
5290.00 3.68943e-05 9.69722e-01 1.98709e-17 1.89323e-03 
5300.00 3.84353e-05 9.69946e-01 2.05133e-17 2.04038e-03 
5310.00 3.80833e-05 9.70169e-01 2.10447e-17 2.07846e-03 
5315.92 3.69407e-05 9.70300e-01 2.14702e-17 2.05944e-03 
5320.00 3.59926e-05 9.70390e-01 2.17521e-17 2.03468e-03 
5330.00 3.44391e-05 9.70610e-01 2.23103e-17 2.00103e-03 
5340.00 3.53213e-05 9.70827e-01 2.30980e-17 2.12920e-03 
5342.50 3.57542e-05 9.70880e-01 2.32135e-17 2.16721e-03 
5350.00 3.69079e-05 9.71039e-01 2.35224e-17 2.27046e-03 
5360.00 3.72056e-05 9.71248e-01 2.43406e-17 2.37333e-03 
5369.21 3.68319e-05 9.71440e-01 2.45403e-17 2.37331e-03 
5370.00 3.68033e-05 9.71457e-01 2.45547e-17 2.37325e-03 
5380.00 3.66280e-05 9.71666e-01 2.49944e-17 2.40924e-03 
5390.00 3.63770e-05 9.71875e-01 2.55488e-17 2.45087e-03 
5396.05 3.59844e-05 9.72000e-01 2.57807e-17 2.44948e-03 
5400.00 3.56823e-05 9.72080e-01 2.59044e-17 2.44256e-03 
5410.00 3.51460e-05 9.72281e-01 2.61836e-17 2.43678e-03 
5420.00 3.53790e-05 9.72480e-01 2.63671e-17 2.47520e-03 
5423.03 3.55635e-05 9.72540e-01 2.64568e-17 2.49814e-03 
5430.00 3.60583e-05 9.72679e-01 2.66806e-17 2.55796e-03 
5440.00 3.66766e-05 9.72878e-01 2.68641e-17 2.62508e-03 
5450.00 3.69236e-05 9.73077e-01 2.70630e-17 2.66775e-03 
5450.15 3.69231e-05 9.73080e-01 2.70654e-17 2.66804e-03 
5460.00 3.66610e-05 9.73274e-01 2.71509e-17 2.66281e-03 
5470.00 3.62430e-05 9.73469e-01 2.71700e-17 2.63965e-03 
5477.40 3.60711e-05 9.73610e-01 2.71976e-17 2.63374e-03 
5480.00 3.60403e-05 9.73659e-01 2.72121e-17 2.63428e-03 
5490.00 3.59974e-05 9.73846e-01 2.72618e-17 2.64126e-03 
5500.00 3.59825e-05 9.74031e-01 2.72465e-17 2.64400e-03 
5504.79 3.59802e-05 9.74120e-01 2.72459e-17 2.64631e-03 
5510.00 3.59846e-05 9.74217e-01 2.72388e-17 2.64872e-03 
5520.00 3.60353e-05 9.74404e-01 2.71777e-17 2.65180e-03 
5530.00 3.62161e-05 9.74588e-01 2.72197e-17 2.67458e-03 
5532.31 3.62853e-05 9.74630e-01 2.72650e-17 2.68538e-03 
5540.00 3.65334e-05 9.74768e-01 2.74338e-17 2.72465e-03 
5550.00 3.66433e-05 9.74944e-01 2.75333e-17 2.74820e-03 
5559.97 3.62477e-05 9.75120e-01 2.77583e-17 2.74617e-03 
5560.00 3.62460e-05 9.75120e-01 2.77588e-17 2.74611e-03 
5570.00 3.55693e-05 9.75298e-01 2.78888e-17 2.71282e-03 
5580.00 3.49716e-05 9.75475e-01 2.81603e-17 2.69852e-03 
5587.77 3.47889e-05 9.75610e-01 2.84900e-17 2.72002e-03 
5590.00 3.48083e-05 9.75648e-01 2.85771e-17 2.73105e-03 
5600.00 3.52613e-05 9.75818e-01 2.88791e-17 2.80132e-03 
5610.00 3.58206e-05 9.75985e-01 2.92003e-17 2.88303e-03 
5615.71 3.59584e-05 9.76080e-01 2.93179e-17 2.90902e-03 
5620.00 3.59813e-05 9.76152e-01 2.93877e-17 2.92024e-03 
5630.00 3.59496e-05 9.76319e-01 2.95674e-17 2.94124e-03 
5640.00 3.59842e-05 9.76487e-01 2.97280e-17 2.96583e-03 
5643.79 3.59715e-05 9.76550e-01 2.97973e-17 2.97389e-03 
5650.00 3.58439e-05 9.76653e-01 2.99038e-17 2.97751e-03 
5660.00 3.53421e-05 9.76817e-01 2.99803e-17 2.94905e-03 
5670.00 3.50139e-05 9.76978e-01 2.99688e-17 2.92619e-03 
5672.01 3.50299e-05 9.77010e-01 2.99718e-17 2.92894e-03 
5680.00 3.52902e-05 9.77136e-01 2.99765e-17 2.95571e-03 
5690.00 3.54649e-05 9.77291e-01 2.98733e-17 2.96579e-03 
5700.00 3.49482e-05 9.77444e-01 2.97853e-17 2.91956e-03 
5700.37 3.49267e-05 9.77450e-01 2.97827e-17 2.91771e-03 
5710.00 3.47536e-05 9.77598e-01 2.97088e-17 2.90138e-03 
5720.00 3.57566e-05 9.77753e-01 2.96324e-17 2.98312e-03 
5728.87 3.66374e-05 9.77890e-01 2.96429e-17 3.06286e-03 
5730.00 3.66806e-05 9.77908e-01 2.96324e-17 3.06605e-03 
5740.00 3.62761e-05 9.78063e-01 2.94833e-17 3.02272e-03 
5750.00 3.55531e-05 9.78216e-01 2.96706e-17 2.98697e-03 
5757.52 3.55593e-05 9.78330e-01 2.96568e-17 2.99035e-03 
5760.00 3.56350e-05 9.78367e-01 2.96591e-17 2.99835e-03 
5770.00 3.58361e-05 9.78514e-01 2.98847e-17 3.04394e-03 
5780.00 3.53706e-05 9.78659e-01 3.02518e-17 3.04703e-03 
5786.30 3.49928e-05 9.78750e-01 3.07399e-17 3.06674e-03 
5790.00 3.48609e-05 9.78804e-01 3.10318e-17 3.08633e-03 
5800.00 3.50251e-05 9.78950e-01 3.16741e-17 3.17100e-03 
5810.00 3.55579e-05 9.79095e-01 3.26644e-17 3.32611e-03 
5815.23 3.58036e-05 9.79170e-01 3.30766e-17 3.39467e-03 
5820.00 3.59548e-05 9.79237e-01 3.34903e-17 3.45469e-03 
5830.00 3.59385e-05 9.79375e-01 3.48018e-17 3.59503e-03 
5840.00 3.54573e-05 9.79511e-01 3.59641e-17 3.67216e-03 
5844.31 3.52518e-05 9.79570e-01 3.63813e-17 3.69617e-03 
5850.00 3.51320e-05 9.79648e-01 3.69736e-17 3.74752e-03 
5860.00 3.53810e-05 9.79786e-01 3.82544e-17 3.91204e-03 
5870.00 3.51389e-05 9.79922e-01 3.92639e-17 3.99516e-03 
5873.53 3.46946e-05 9.79970e-01 3.95839e-17 3.97938e-03 
5880.00 3.35992e-05 9.80057e-01 4.01892e-17 3.91732e-03 
5890.00 3.24733e-05 9.80189e-01 4.11336e-17 3.88214e-03 
5900.00 3.33406e-05 9.80322e-01 4.17836e-17 4.05623e-03 
5902.90 3.37891e-05 9.80360e-01 4.19701e-17 4.13134e-03 
5910.00 3.47342e-05 9.80455e-01 4.24412e-17 4.30015e-03 
5920.00 3.49807e-05 9.80588e-01 4.29115e-17 4.38665e-03 
5930.00 3.46251e-05 9.80719e-01 4.29650e-17 4.35540e-03 
5932.41 3.45689e-05 9.80750e-01 4.30061e-17 4.35441e-03 
5940.00 3.45343e-05 9.80846e-01 4.31447e-17 4.37008e-03 
5950.00 3.46428e-05 9.80971e-01 4.29727e-17 4.37423e-03 
5960.00 3.47022e-05 9.81094e-01 4.27203e-17 4.36387e-03 
5962.08 3.47024e-05 9.81120e-01 4.26178e-17 4.35506e-03 
5970.00 3.46653e-05 9.81218e-01 4.20742e-17 4.30103e-03 
5980.00 3.45336e-05 9.81342e-01 4.12139e-17 4.20465e-03 
5990.00 3.43043e-05 9.81466e-01 4.00286e-17 4.06391e-03 
5991.89 3.42500e-05 9.81490e-01 3.98369e-17 4.03941e-03 
6000.00 3.39989e-05 9.81591e-01 3.90880e-17 3.94015e-03 
6010.00 3.37408e-05 9.81716e-01 3.79180e-17 3.80000e-03 
6020.00 3.36560e-05 9.81838e-01 3.67327e-17 3.67853e-03 
6021.85 3.36627e-05 9.81860e-01 3.65085e-17 3.65801e-03 
6030.00 3.37779e-05 9.81956e-01 3.55589e-17 3.58025e-03 
6040.00 3.40719e-05 9.82072e-01 3.46794e-17 3.52836e-03 
6050.00 3.43237e-05 9.82187e-01 3.39224e-17 3.48300e-03 
6051.96 3.43463e-05 9.82210e-01 3.37780e-17 3.47166e-03 
6060.00 3.43253e-05 9.82303e-01 3.33144e-17 3.42680e-03 
6070.00 3.40728e-05 9.82419e-01 3.31730e-17 3.39313e-03 
6080.00 3.36552e-05 9.82535e-01 3.29359e-17 3.33347e-03 
6082.21 3.35646e-05 9.82560e-01 3.28977e-17 3.32193e-03 
6090.00 3.33285e-05 9.82649e-01 3.28365e-17 3.29695e-03 
6100.00 3.32511e-05 9.82762e-01 3.28097e-17 3.29238e-03 
6110.00 3.30248e-05 9.82872e-01 3.28021e-17 3.27494e-03 
6112.63 3.28777e-05 9.82900e-01 3.27798e-17 3.25963e-03 
6120.00 3.23476e-05 9.82979e-01 3.26644e-17 3.19990e-03 
6130.00 3.18605e-05 9.83083e-01 3.24312e-17 3.13465e-03 
6140.00 3.21044e-05 9.83187e-01 3.21024e-17 3.13206e-03 
6143.19 3.22219e-05 9.83220e-01 3.19752e-17 3.13279e-03 
6150.00 3.22795e-05 9.83291e-01 3.17124e-17 3.11628e-03 
6160.00 3.16651e-05 9.83395e-01 3.14333e-17 3.03530e-03 
6170.00 3.11990e-05 9.83499e-01 3.11006e-17 2.96409e-03 
6173.91 3.13244e-05 9.83540e-01 3.09244e-17 2.96114e-03 
6180.00 3.18067e-05 9.83603e-01 3.07144e-17 2.98946e-03 
6190.00 3.27058e-05 9.83706e-01 3.07641e-17 3.08425e-03 
6200.00 3.29619e-05 9.83810e-01 3.09668e-17 3.13425e-03 
6204.77 3.28884e-05 9.83860e-01 3.12340e-17 3.15684e-03 
6210.00 3.27396e-05 9.83915e-01 3.16168e-17 3.18393e-03 
6220.00 3.23875e-05 9.84022e-01 3.24924e-17 3.24248e-03 
6230.00 3.18894e-05 9.84128e-01 3.39530e-17 3.34185e-03 
6235.80 3.15151e-05 9.84190e-01 3.50498e-17 3.41270e-03 
6240.00 3.12591e-05 9.84234e-01 3.59756e-17 3.47689e-03 
6250.00 3.09943e-05 9.84339e-01 3.86750e-17 3.71244e-03 
6260.00 3.14808e-05 9.84440e-01 4.20092e-17 4.10277e-03 
6266.98 3.19886e-05 9.84510e-01 4.48636e-17 4.45750e-03 
6270.00 3.21732e-05 9.84540e-01 4.62342e-17 4.62254e-03 
6280.00 3.24408e-05 9.84636e-01 5.13309e-17 5.18357e-03 
6290.00 3.22443e-05 9.84731e-01 5.74065e-17 5.77173e-03 
6298.31 3.18360e-05 9.84810e-01 6.31889e-17 6.28143e-03 
6300.00 3.17450e-05 9.84826e-01 6.44571e-17 6.39100e-03 
6310.00 3.13155e-05 9.84921e-01 7.28651e-17 7.13892e-03 
6320.00 3.12598e-05 9.85017e-01 8.30509e-17 8.13606e-03 
6329.80 3.13928e-05 9.85110e-01 9.42826e-17 9.29095e-03 
6330.00 3.13954e-05 9.85112e-01 9.45292e-17 9.31631e-03 
6340.00 3.14687e-05 9.85206e-01 1.08382e-16 1.07245e-02 
6350.00 3.14281e-05 9.85298e-01 1.23840e-16 1.22587e-02 
6360.00 3.13060e-05 9.85387e-01 1.40534e-16 1.38802e-02 
6361.45 3.12906e-05 9.85400e-01 1.43025e-16 1.41227e-02 
6370.00 3.12689e-05 9.85472e-01 1.57824e-16 1.55952e-02 
6380.00 3.14126e-05 9.85556e-01 1.74858e-16 1.73866e-02 
6390.00 3.14157e-05 9.85641e-01 1.90183e-16 1.89435e-02 
6393.26 3.13208e-05 9.85670e-01 1.94740e-16 1.93493e-02 
6400.00 3.10239e-05 9.85732e-01 2.03259e-16 2.00266e-02 
6410.00 3.06706e-05 9.85827e-01 2.12845e-16 2.07666e-02 
6420.00 3.07651e-05 9.85922e-01 2.17926e-16 2.13633e-02 
6425.23 3.08802e-05 9.85970e-01 2.18632e-16 2.15313e-02 
6430.00 3.09342e-05 9.86012e-01 2.18133e-16 2.15365e-02 
6440.00 3.07712e-05 9.86096e-01 2.13422e-16 2.09948e-02 
6450.00 3.05202e-05 9.86179e-01 2.03324e-16 1.98708e-02 
6457.35 3.04673e-05 9.86240e-01 1.93519e-16 1.89024e-02 
6460.00 3.04653e-05 9.86263e-01 1.89540e-16 1.85206e-02 
6470.00 3.03996e-05 9.86349e-01 1.72652e-16 1.68616e-02 
6480.00 3.01254e-05 9.86437e-01 1.54192e-16 1.49472e-02 
6489.64 2.99674e-05 9.86520e-01 1.35480e-16 1.30850e-02 
6490.00 2.99691e-05 9.86523e-01 1.34780e-16 1.30188e-02 
6500.00 3.02288e-05 9.86605e-01 1.15727e-16 1.12937e-02 
6510.00 3.05632e-05 9.86685e-01 9.76645e-17 9.65202e-03 
6520.00 3.06032e-05 9.86763e-01 8.15407e-17 8.08211e-03 
6522.09 3.05848e-05 9.86780e-01 7.84155e-17 7.77030e-03 
6530.00 3.05087e-05 9.86843e-01 6.75006e-17 6.68062e-03 
6540.00 3.03807e-05 9.86923e-01 5.57853e-17 5.50683e-03 
6550.00 2.95538e-05 9.87003e-01 4.42612e-17 4.25715e-03 
6554.70 2.87357e-05 9.87040e-01 3.92726e-17 3.67555e-03 
6560.00 2.77042e-05 9.87081e-01 3.53600e-17 3.19329e-03 
6570.00 2.66398e-05 9.87158e-01 3.31118e-17 2.87998e-03 
6580.00 2.78939e-05 9.87233e-01 2.72044e-17 2.48152e-03 
6587.47 2.93746e-05 9.87290e-01 2.34162e-17 2.25204e-03 
6590.00 2.97698e-05 9.87309e-01 2.24594e-17 2.18997e-03 
6600.00 3.03570e-05 9.87386e-01 1.94733e-17 1.93933e-03 
6610.00 3.01197e-05 9.87462e-01 1.67700e-17 1.65970e-03 
6620.00 2.99247e-05 9.87537e-01 1.48009e-17 1.45765e-03 
6620.41 2.99204e-05 9.87540e-01 1.47330e-17 1.45084e-03 
6630.00 2.98726e-05 9.87611e-01 1.32256e-17 1.30230e-03 
6640.00 2.98640e-05 9.87683e-01 1.16809e-17 1.15168e-03 
6650.00 2.97646e-05 9.87755e-01 1.04153e-17 1.02510e-03 
6653.51 2.96852e-05 9.87780e-01 9.99726e-18 9.81874e-04 
6660.00 2.95148e-05 9.87827e-01 9.31030e-18 9.10085e-04 
6670.00 2.93877e-05 9.87899e-01 8.59148e-18 8.37520e-04 
6680.00 2.95894e-05 9.87971e-01 7.89559e-18 7.76184e-04 
6686.78 2.97217e-05 9.88020e-01 7.45574e-18 7.37005e-04 
6690.00 2.97248e-05 9.88043e-01 7.25324e-18 7.17425e-04 
6700.00 2.94384e-05 9.88116e-01 6.68353e-18 6.55732e-04 
6710.00 2.91340e-05 9.88188e-01 6.33559e-18 6.16131e-04 
6720.00 2.92227e-05 9.88259e-01 5.91883e-18 5.78255e-04 
6720.21 2.92272e-05 9.88260e-01 5.91167e-18 5.77663e-04 
6730.00 2.93855e-05 9.88328e-01 5.68177e-18 5.59058e-04 
6740.00 2.92597e-05 9.88396e-01 5.41795e-18 5.31641e-04 
6750.00 2.90369e-05 9.88464e-01 5.18089e-18 5.05293e-04 
6753.81 2.89911e-05 9.88490e-01 5.14377e-18 5.01176e-04 
6760.00 2.89669e-05 9.88532e-01 5.08147e-18 4.95168e-04 
6770.00 2.89760e-05 9.88601e-01 4.84059e-18 4.72574e-04 
6780.00 2.89361e-05 9.88669e-01 4.69912e-18 4.58840e-04 
6787.58 2.88577e-05 9.88720e-01 4.51296e-18 4.39982e-04 
6790.00 2.88242e-05 9.88736e-01 4.44677e-18 4.33187e-04 
6800.00 2.86695e-05 9.88801e-01 4.20971e-18 4.08520e-04 
6810.00 2.86056e-05 9.88866e-01 3.98030e-18 3.85989e-04 
6820.00 2.87079e-05 9.88930e-01 3.75471e-18 3.65975e-04 
6821.52 2.87236e-05 9.88940e-01 3.72602e-18 3.63462e-04 
6830.00 2.87136e-05 9.88995e-01 3.56353e-18 3.47942e-04 
6840.00 2.84082e-05 9.89060e-01 3.29971e-18 3.19243e-04 
6850.00 2.81090e-05 9.89124e-01 3.10853e-18 2.98034e-04 
6855.63 2.80895e-05 9.89160e-01 3.00183e-18 2.87851e-04 
6860.00 2.81375e-05 9.89187e-01 2.91736e-18 2.80415e-04 
6870.00 2.83011e-05 9.89249e-01 2.73383e-18 2.64704e-04 
6880.00 2.83445e-05 9.89310e-01 2.56559e-18 2.49173e-04 
6889.91 2.82764e-05 9.89370e-01 2.49741e-18 2.42332e-04 
6890.00 2.82755e-05 9.89371e-01 2.49677e-18 2.42264e-04 
6900.00 2.81627e-05 9.89432e-01 2.37441e-18 2.29821e-04 
6910.00 2.80549e-05 9.89493e-01 2.20235e-18 2.12672e-04 
6920.00 2.79824e-05 9.89554e-01 2.17941e-18 2.10229e-04 
6924.36 2.79566e-05 9.89580e-01 2.12999e-18 2.05408e-04 
6930.00 2.79215e-05 9.89613e-01 2.05324e-18 1.97924e-04 
6940.00 2.78459e-05 9.89671e-01 2.00353e-18 1.92899e-04 
6950.00 2.77726e-05 9.89728e-01 1.91941e-18 1.84590e-04 
6958.98 2.77297e-05 9.89780e-01 1.91514e-18 1.84142e-04 
6960.00 2.77268e-05 9.89786e-01 1.91559e-18 1.84194e-04 
6970.00 2.77234e-05 9.89844e-01 1.89265e-18 1.82238e-04 
6980.00 2.77361e-05 9.89902e-01 1.84294e-18 1.77799e-04 
6990.00 2.75843e-05 9.89959e-01 1.75500e-18 1.68638e-04 
6993.77 2.74453e-05 9.89980e-01 1.74835e-18 1.67247e-04 
7000.00 2.71640e-05 9.90014e-01 1.75882e-18 1.66678e-04 
7010.00 2.68330e-05 9.90068e-01 1.75882e-18 1.64892e-04 
7020.00 2.69190e-05 9.90122e-01 1.75882e-18 1.65665e-04 
7028.74 2.71416e-05 9.90170e-01 1.71806e-18 1.63374e-04 
7030.00 2.71683e-05 9.90177e-01 1.71294e-18 1.63078e-04 
7040.00 2.72627e-05 9.90234e-01 1.68618e-18 1.61327e-04 
7050.00 2.72072e-05 9.90291e-01 1.64030e-18 1.56849e-04 
7060.00 2.70818e-05 9.90348e-01 1.69765e-18 1.61823e-04 
7063.88 2.70264e-05 9.90370e-01 1.71130e-18 1.62884e-04 
7070.00 2.69418e-05 9.90404e-01 1.70912e-18 1.62313e-04 
7080.00 2.68338e-05 9.90457e-01 1.68618e-18 1.59727e-04 
7090.00 2.67907e-05 9.90511e-01 1.69000e-18 1.60066e-04 
7099.20 2.68114e-05 9.90560e-01 1.69248e-18 1.60641e-04 
7100.00 2.68133e-05 9.90564e-01 1.69382e-18 1.60799e-04 
7110.00 2.67866e-05 9.90619e-01 1.72824e-18 1.64142e-04 
7120.00 2.66141e-05 9.90673e-01 1.76265e-18 1.66576e-04 
7130.00 2.63899e-05 9.90726e-01 1.81235e-18 1.70078e-04 
7134.70 2.63047e-05 9.90750e-01 1.80665e-18 1.69110e-04 
7140.00 2.62348e-05 9.90776e-01 1.78177e-18 1.66466e-04 
7150.00 2.61876e-05 9.90823e-01 1.72441e-18 1.61050e-04 
7160.00 2.62200e-05 9.90867e-01 1.65941e-18 1.55395e-04 
7170.00 2.61183e-05 9.90908e-01 1.64412e-18 1.53587e-04 
7170.37 2.61085e-05 9.90910e-01 1.64532e-18 1.53649e-04 
7180.00 2.57460e-05 9.90949e-01 1.67471e-18 1.54435e-04 
7190.00 2.54610e-05 9.90988e-01 1.59824e-18 1.45961e-04 
7200.00 2.55905e-05 9.91026e-01 1.56382e-18 1.43750e-04 
7206.23 2.57622e-05 9.91050e-01 1.55917e-18 1.44412e-04 
7210.00 2.58443e-05 9.91064e-01 1.54853e-18 1.43961e-04 
7220.00 2.58875e-05 9.91102e-01 1.48735e-18 1.38702e-04 
7230.00 2.58233e-05 9.91136e-01 1.47206e-18 1.37130e-04 
7240.00 2.58200e-05 9.91164e-01 1.47588e-18 1.37663e-04 
7242.26 2.58283e-05 9.91170e-01 1.47773e-18 1.37923e-04 
7250.00 2.58677e-05 9.91187e-01 1.46824e-18 1.37395e-04 
7260.00 2.58929e-05 9.91207e-01 1.38794e-18 1.30190e-04 
7270.00 2.57470e-05 9.91235e-01 1.33824e-18 1.24995e-04 
7278.47 2.54268e-05 9.91270e-01 1.39255e-18 1.28605e-04 
7280.00 2.53637e-05 9.91278e-01 1.39559e-18 1.28594e-04 
7290.00 2.50821e-05 9.91341e-01 1.31530e-18 1.20022e-04 
7300.00 2.51948e-05 9.91415e-01 1.25794e-18 1.15471e-04 
7310.00 2.54021e-05 9.91494e-01 1.24647e-18 1.15527e-04 
7314.86 2.54165e-05 9.91530e-01 1.23121e-18 1.14257e-04 
7320.00 2.53737e-05 9.91566e-01 1.21206e-18 1.12373e-04 
7330.00 2.52491e-05 9.91630e-01 1.20824e-18 1.11628e-04 
7340.00 2.52286e-05 9.91688e-01 1.21971e-18 1.12757e-04 
7350.00 2.52846e-05 9.91742e-01 1.07441e-18 9.96866e-05 
7351.43 2.52939e-05 9.91750e-01 1.06291e-18 9.86756e-05 
7360.00 2.53277e-05 9.91795e-01 1.05912e-18 9.85744e-05 
7370.00 2.52495e-05 9.91848e-01 1.02471e-18 9.52112e-05 
7380.00 2.49833e-05 9.91899e-01 9.67354e-19 8.90599e-05 
7388.19 2.47075e-05 9.91940e-01 9.74773e-19 8.88546e-05 
7390.00 2.46498e-05 9.91949e-01 9.75001e-19 8.86900e-05 
7400.00 2.43988e-05 9.91997e-01 9.52060e-19 8.58416e-05 
7410.00 2.43106e-05 9.92044e-01 9.86471e-19 8.87467e-05 
7420.00 2.44043e-05 9.92088e-01 9.86471e-19 8.92129e-05 
7425.13 2.44751e-05 9.92110e-01 9.90140e-19 8.98689e-05 
7430.00 2.45243e-05 9.92130e-01 9.97942e-19 9.08204e-05 
7440.00 2.45309e-05 9.92171e-01 1.00941e-18 9.20163e-05 
7450.00 2.45204e-05 9.92210e-01 1.01706e-18 9.28022e-05 
7460.00 2.45933e-05 9.92251e-01 1.06294e-18 9.74115e-05 
7462.26 2.46109e-05 9.92260e-01 1.08250e-18 9.93053e-05 
7470.00 2.46288e-05 9.92293e-01 1.11647e-18 1.02607e-04 
7480.00 2.45112e-05 9.92336e-01 1.00559e-18 9.21021e-05 
7490.00 2.43653e-05 9.92379e-01 1.02471e-18 9.34231e-05 
7499.57 2.43270e-05 9.92420e-01 1.10469e-18 1.00689e-04 
7500.00 2.43271e-05 9.92422e-01 1.10500e-18 1.00724e-04 
7510.00 2.43372e-05 9.92463e-01 1.03618e-18 9.46200e-05 
7520.00 2.43159e-05 9.92504e-01 1.01324e-18 9.25707e-05 
7530.00 2.42968e-05 9.92543e-01 9.78824e-19 8.94789e-05 
7537.07 2.43087e-05 9.92570e-01 9.45629e-19 8.65703e-05 
7540.00 2.43144e-05 9.92581e-01 9.32942e-19 8.54630e-05 
7550.00 2.42919e-05 9.92619e-01 9.17648e-19 8.40988e-05 
7560.00 2.41647e-05 9.92656e-01 9.48236e-19 8.65650e-05 
7570.00 2.40281e-05 9.92692e-01 8.87060e-19 8.06319e-05 
7574.75 2.39946e-05 9.92710e-01 8.75031e-19 7.94788e-05 
7580.00 2.39766e-05 9.92729e-01 8.71765e-19 7.91791e-05 
7590.00 2.39423e-05 9.92766e-01 8.41177e-19 7.63952e-05 
7600.00 2.38519e-05 9.92803e-01 8.18236e-19 7.41314e-05 
7610.00 2.37715e-05 9.92840e-01 7.99118e-19 7.22528e-05 
7612.63 2.37642e-05 9.92850e-01 7.79769e-19 7.05067e-05 
7620.00 2.37743e-05 9.92877e-01 7.41765e-19 6.71658e-05 
7630.00 2.38221e-05 9.92914e-01 8.10589e-19 7.36446e-05 
7640.00 2.38361e-05 9.92951e-01 7.57059e-19 6.89143e-05 
7650.00 2.36863e-05 9.92987e-01 7.60883e-19 6.89197e-05 
7650.69 2.36663e-05 9.92990e-01 7.62428e-19 6.90079e-05 
7660.00 2.33252e-05 9.93025e-01 7.53236e-19 6.72773e-05 
7670.00 2.30852e-05 9.93062e-01 7.07354e-19 6.26130e-05 
7680.00 2.32394e-05 9.93098e-01 8.18236e-19 7.30096e-05 
7688.94 2.34351e-05 9.93130e-01 7.97905e-19 7.18811e-05 
7690.00 2.34443e-05 9.93134e-01 7.87648e-19 7.09949e-05 
7700.00 2.33454e-05 9.93168e-01 7.07354e-19 6.35733e-05 
7710.00 2.31605e-05 9.93202e-01 7.53236e-19 6.72501e-05 
7720.00 2.31464e-05 9.93235e-01 7.03530e-19 6.28577e-05 
7727.39 2.31583e-05 9.93260e-01 7.07907e-19 6.33434e-05 
7730.00 2.31441e-05 9.93269e-01 7.07354e-19 6.32771e-05 
7740.00 2.29806e-05 9.93303e-01 6.65295e-19 5.91728e-05 
7750.00 2.28439e-05 9.93338e-01 7.03530e-19 6.22839e-05 
7760.00 2.29256e-05 9.93371e-01 6.84412e-19 6.08883e-05 
7766.03 2.30206e-05 9.93390e-01 6.32373e-19 5.65370e-05 
7770.00 2.30702e-05 9.93402e-01 6.04118e-19 5.41556e-05 
7780.00 2.30923e-05 9.93431e-01 6.04118e-19 5.42788e-05 
7790.00 2.30318e-05 9.93459e-01 6.11765e-19 5.48938e-05 
7800.00 2.29626e-05 9.93487e-01 5.73530e-19 5.13755e-05 
7804.86 2.29225e-05 9.93500e-01 5.81383e-19 5.20212e-05 
7810.00 2.28691e-05 9.93515e-01 6.00295e-19 5.36242e-05 
7820.00 2.27316e-05 9.93544e-01 6.07942e-19 5.40516e-05 
7830.00 2.26030e-05 9.93574e-01 5.77353e-19 5.11085e-05 
7840.00 2.25412e-05 9.93607e-01 5.23824e-19 4.63037e-05 
7843.88 2.25371e-05 9.93620e-01 5.35657e-19 4.73651e-05 
7850.00 2.25517e-05 9.93642e-01 5.73530e-19 5.07875e-05 
7860.00 2.26136e-05 9.93678e-01 5.96471e-19 5.30335e-05 
7870.00 2.26523e-05 9.93714e-01 6.04118e-19 5.38757e-05 
7880.00 2.26028e-05 9.93750e-01 5.81177e-19 5.17842e-05 
7883.10 2.25729e-05 9.93760e-01 5.82108e-19 5.18194e-05 
7890.00 2.24932e-05 9.93782e-01 5.88824e-19 5.22792e-05 
7900.00 2.23602e-05 9.93812e-01 5.69706e-19 5.03479e-05 
7910.00 2.21828e-05 9.93839e-01 5.69706e-19 5.00131e-05 
7920.00 2.19509e-05 9.93864e-01 5.58236e-19 4.85562e-05 
7922.51 2.18937e-05 9.93870e-01 5.61077e-19 4.86920e-05 
7930.00 2.17555e-05 9.93887e-01 5.96471e-19 5.14863e-05 
7940.00 2.16889e-05 9.93908e-01 6.42353e-19 5.53481e-05 
7950.00 2.17469e-05 9.93928e-01 5.27647e-19 4.56442e-05 
7960.00 2.18903e-05 9.93946e-01 5.42942e-19 4.73374e-05 
7962.13 2.19246e-05 9.93950e-01 5.48163e-19 4.78804e-05 
7970.00 2.20391e-05 9.93964e-01 5.46765e-19 4.80560e-05 
7980.00 2.21028e-05 9.93981e-01 5.31471e-19 4.69064e-05 
7990.00 2.19909e-05 9.93998e-01 4.89412e-19 4.30302e-05 
8000.00 2.16128e-05 9.94014e-01 5.23824e-19 4.53214e-05 
