##### EXOPHOT SPECTRAL OVERLAP FILE #####
# Date: 15/02/2022 13:05:18
# SED file: SED_g2v.txt
# atmosphere file: atm_g2v_hzo_os1.txt
# photopigment file: ChlB.txt
# Stellar radius (Rs in km): 6.963400e+05
# Exoplanet orbit semi-major axis (sma in km): 1.672066e+08
# Total absorption rate (gamma_t in s-1): 8.74492e+00
# B band absorption rate (gamma_B in s-1): 5.89293e+00
# Q band absorption rate (gamma_Q in s-1): 2.85200e+00
# B-Q bands cut-off (in nm): 500
# photosynthetic photon flux density [ppfd in micromol photon m-2 s-1]: 1.66029e+03
# Total Stellar Irradiance (S in W m-2): 1.07502e+03
# -------------------------------------------------
# Col 1: Wavelength (wl in Angstrom) 
# Col 2: Spectral Flux Density (F_l in J cm-2 s-1 A-1) 
# Col 3: Atmosphere transmitance (T, no units) 
# Col 4: Pigment absorption cross section (sigma_abs in cm2) 
# Col 5: Spectral Absorption Rate (Gamma_lambda in A-1 s-1)
3000.00 4.04367e-06 2.69668e-02 1.38924e-16 2.28785e-05 
3010.00 4.73536e-06 4.48621e-02 1.10076e-16 3.54334e-05 
3010.56 4.76288e-06 4.57800e-02 1.09684e-16 3.62457e-05 
3020.00 5.09141e-06 6.06805e-02 1.10817e-16 5.20506e-05 
3025.61 5.19304e-06 6.94600e-02 1.11610e-16 6.13191e-05 
3030.00 5.24246e-06 7.65967e-02 1.11624e-16 6.83706e-05 
3040.00 5.31914e-06 9.47855e-02 1.12293e-16 8.66431e-05 
3040.74 5.32544e-06 9.62800e-02 1.12353e-16 8.81816e-05 
3050.00 5.45207e-06 1.16644e-01 1.12966e-16 1.10305e-04 
3055.94 5.59443e-06 1.30430e-01 1.13322e-16 1.27208e-04 
3060.00 5.69181e-06 1.39718e-01 1.13517e-16 1.39062e-04 
3070.00 5.76852e-06 1.61706e-01 1.13788e-16 1.64040e-04 
3071.22 5.75004e-06 1.64290e-01 1.13822e-16 1.66243e-04 
3080.00 5.49650e-06 1.82713e-01 1.14022e-16 1.77548e-04 
3086.58 5.34471e-06 1.97880e-01 1.13936e-16 1.87235e-04 
3090.00 5.34673e-06 2.06704e-01 1.13827e-16 1.95688e-04 
3100.00 5.73000e-06 2.32978e-01 1.13471e-16 2.36396e-04 
3102.01 5.83557e-06 2.37690e-01 1.13420e-16 2.45669e-04 
3110.00 6.15955e-06 2.53349e-01 1.13169e-16 2.76490e-04 
3117.52 6.16083e-06 2.66580e-01 1.12609e-16 2.90250e-04 
3120.00 6.10658e-06 2.71261e-01 1.12366e-16 2.92347e-04 
3130.00 5.77170e-06 2.91827e-01 1.11322e-16 2.95446e-04 
3133.11 5.66925e-06 2.98410e-01 1.11039e-16 2.96288e-04 
3140.00 5.50504e-06 3.12713e-01 1.10447e-16 3.00546e-04 
3148.77 5.50121e-06 3.30230e-01 1.09588e-16 3.15575e-04 
3150.00 5.52539e-06 3.32609e-01 1.09464e-16 3.19007e-04 
3160.00 5.87894e-06 3.50949e-01 1.08535e-16 3.56224e-04 
3164.52 6.01890e-06 3.58280e-01 1.08210e-16 3.71739e-04 
3170.00 6.05290e-06 3.66151e-01 1.07881e-16 3.81550e-04 
3180.00 5.65691e-06 3.78820e-01 1.07411e-16 3.68477e-04 
3180.34 5.63972e-06 3.79240e-01 1.07400e-16 3.67766e-04 
3190.00 5.34937e-06 3.91788e-01 1.07273e-16 3.61043e-04 
3196.24 5.52696e-06 4.01550e-01 1.07371e-16 3.83423e-04 
3200.00 5.70742e-06 4.08325e-01 1.07483e-16 4.03516e-04 
3210.00 5.93438e-06 4.24422e-01 1.08003e-16 4.39581e-04 
3212.22 5.85693e-06 4.26530e-01 1.08192e-16 4.37061e-04 
3220.00 5.31892e-06 4.28844e-01 1.08967e-16 4.02899e-04 
3228.29 4.86945e-06 4.31940e-01 1.09787e-16 3.75276e-04 
3230.00 4.86517e-06 4.33840e-01 1.09980e-16 3.77457e-04 
3240.00 5.58938e-06 4.51307e-01 1.11372e-16 4.58226e-04 
3244.43 6.14168e-06 4.58880e-01 1.12063e-16 5.15834e-04 
3250.00 6.84092e-06 4.65211e-01 1.12932e-16 5.88013e-04 
3260.00 7.73708e-06 4.70751e-01 1.14473e-16 6.84244e-04 
3260.65 7.77754e-06 4.71020e-01 1.14581e-16 6.89001e-04 
3270.00 8.13357e-06 4.75831e-01 1.16193e-16 7.40263e-04 
3276.95 8.14689e-06 4.81890e-01 1.17250e-16 7.59355e-04 
3280.00 8.10278e-06 4.85545e-01 1.17654e-16 7.64306e-04 
3290.00 7.84544e-06 4.97885e-01 1.18778e-16 7.68425e-04 
3293.34 7.74858e-06 5.00510e-01 1.19109e-16 7.65840e-04 
3300.00 7.57112e-06 5.02054e-01 1.19654e-16 7.55568e-04 
3309.80 7.39855e-06 5.03420e-01 1.20094e-16 7.45286e-04 
3310.00 7.39668e-06 5.03528e-01 1.20101e-16 7.45346e-04 
3320.00 7.38883e-06 5.13235e-01 1.20392e-16 7.63044e-04 
3326.35 7.45340e-06 5.19280e-01 1.20382e-16 7.80209e-04 
3330.00 7.50665e-06 5.21063e-01 1.20346e-16 7.89104e-04 
3340.00 7.60911e-06 5.22833e-01 1.20212e-16 8.04107e-04 
3342.98 7.57564e-06 5.23840e-01 1.20100e-16 8.02084e-04 
3350.00 7.26242e-06 5.28699e-01 1.19719e-16 7.75210e-04 
3359.70 6.27702e-06 5.36060e-01 1.19108e-16 6.77845e-04 
3360.00 6.24394e-06 5.36209e-01 1.19088e-16 6.74408e-04 
3370.00 5.46843e-06 5.38447e-01 1.18392e-16 5.91399e-04 
3376.50 5.55786e-06 5.39860e-01 1.17893e-16 6.01264e-04 
3380.00 5.75381e-06 5.41579e-01 1.17600e-16 6.23542e-04 
3390.00 6.39330e-06 5.48487e-01 1.16645e-16 6.98038e-04 
3393.38 6.50817e-06 5.50570e-01 1.16278e-16 7.11746e-04 
3400.00 6.56700e-06 5.53266e-01 1.15528e-16 7.18441e-04 
3410.00 6.52699e-06 5.56193e-01 1.14381e-16 7.12804e-04 
3410.35 6.52809e-06 5.56320e-01 1.14340e-16 7.12904e-04 
3420.00 6.67126e-06 5.60820e-01 1.13123e-16 7.28671e-04 
3427.40 6.85021e-06 5.64270e-01 1.12057e-16 7.47340e-04 
3430.00 6.90927e-06 5.65204e-01 1.11655e-16 7.52891e-04 
3440.00 7.07343e-06 5.68036e-01 1.10087e-16 7.65992e-04 
3444.54 7.12424e-06 5.69540e-01 1.09448e-16 7.70058e-04 
3450.00 7.17633e-06 5.71968e-01 1.08627e-16 7.74377e-04 
3460.00 7.27971e-06 5.77095e-01 1.06791e-16 7.81441e-04 
3461.76 7.30368e-06 5.77930e-01 1.06491e-16 7.83341e-04 
3470.00 7.46175e-06 5.81231e-01 1.05231e-16 7.97236e-04 
3479.07 7.74559e-06 5.84400e-01 1.03908e-16 8.23761e-04 
3480.00 7.78039e-06 5.84740e-01 1.03782e-16 8.27160e-04 
3490.00 8.19614e-06 5.88596e-01 1.02593e-16 8.69548e-04 
3496.46 8.47044e-06 5.91040e-01 1.01915e-16 8.98072e-04 
3500.00 8.58553e-06 5.92276e-01 1.01564e-16 9.09965e-04 
3510.00 8.58666e-06 5.95549e-01 1.00708e-16 9.09989e-04 
3513.95 8.40408e-06 5.96860e-01 1.00461e-16 8.91414e-04 
3520.00 8.04377e-06 5.98992e-01 1.00142e-16 8.54995e-04 
3530.00 7.86410e-06 6.02652e-01 9.97063e-17 8.39723e-04 
3531.51 7.94016e-06 6.03200e-01 9.96751e-17 8.48715e-04 
3540.00 8.71037e-06 6.06170e-01 9.95724e-17 9.36908e-04 
3549.17 9.22241e-06 6.09230e-01 9.92880e-17 9.96720e-04 
3550.00 9.20407e-06 6.09500e-01 9.92666e-17 9.95196e-04 
3560.00 8.08625e-06 6.12692e-01 9.91060e-17 8.79958e-04 
3566.92 6.99384e-06 6.14790e-01 9.88935e-17 7.63532e-04 
3570.00 6.61742e-06 6.15688e-01 9.88001e-17 7.23433e-04 
3580.00 6.25136e-06 6.18417e-01 9.85821e-17 6.86848e-04 
3584.75 6.40613e-06 6.19600e-01 9.83929e-17 7.04780e-04 
3590.00 6.69546e-06 6.20831e-01 9.80430e-17 7.36527e-04 
3600.00 7.30630e-06 6.23332e-01 9.68960e-17 7.99739e-04 
3602.68 7.45603e-06 6.24120e-01 9.64953e-17 8.14386e-04 
3610.00 7.78364e-06 6.26649e-01 9.52557e-17 8.44362e-04 
3620.00 7.96560e-06 6.30715e-01 9.33477e-17 8.54648e-04 
3620.69 7.96789e-06 6.31010e-01 9.32088e-17 8.54183e-04 
3630.00 7.90042e-06 6.35017e-01 9.13289e-17 8.37286e-04 
3638.79 7.94315e-06 6.38580e-01 8.98287e-17 8.34649e-04 
3640.00 8.01880e-06 6.39032e-01 8.96733e-17 8.42015e-04 
3650.00 9.18777e-06 6.42454e-01 8.90157e-17 9.65461e-04 
3656.99 9.64778e-06 6.44660e-01 8.90623e-17 1.01976e-03 
3660.00 9.69973e-06 6.45605e-01 8.90348e-17 1.02728e-03 
3670.00 9.48084e-06 6.48738e-01 8.83198e-17 1.00361e-03 
3675.27 9.25832e-06 6.50370e-01 8.78126e-17 9.78278e-04 
3680.00 9.07792e-06 6.51813e-01 8.72607e-17 9.56530e-04 
3690.00 9.00310e-06 6.54820e-01 8.57886e-17 9.39491e-04 
3693.65 9.14164e-06 6.55910e-01 8.53540e-17 9.51637e-04 
3700.00 9.45772e-06 6.57808e-01 8.47027e-17 9.81540e-04 
3710.00 9.43462e-06 6.60784e-01 8.35633e-17 9.72964e-04 
3712.12 9.24953e-06 6.61410e-01 8.33181e-17 9.52522e-04 
3720.00 8.13822e-06 6.63724e-01 8.25807e-17 8.35336e-04 
3730.00 6.82783e-06 6.66625e-01 8.21677e-17 7.02259e-04 
3730.68 6.78260e-06 6.66820e-01 8.21339e-17 6.97651e-04 
3740.00 6.83285e-06 6.69491e-01 8.15559e-17 7.02420e-04 
3749.33 7.64028e-06 6.72120e-01 8.12012e-17 7.87038e-04 
3750.00 7.70813e-06 6.72306e-01 8.11774e-17 7.94156e-04 
3760.00 8.66514e-06 6.75031e-01 8.07301e-17 8.93810e-04 
3768.08 9.22842e-06 6.77090e-01 8.02857e-17 9.51601e-04 
3770.00 9.31646e-06 6.77554e-01 8.01527e-17 9.60235e-04 
3780.00 9.51049e-06 6.79831e-01 7.90974e-17 9.73154e-04 
3786.92 9.57404e-06 6.81330e-01 7.79285e-17 9.69076e-04 
3790.00 9.63778e-06 6.81995e-01 7.73959e-17 9.70597e-04 
3800.00 9.91699e-06 6.84290e-01 7.57901e-17 9.83873e-04 
3805.85 9.76639e-06 6.85850e-01 7.45690e-17 9.56967e-04 
3810.00 9.33701e-06 6.87097e-01 7.35839e-17 9.05435e-04 
3820.00 7.24006e-06 6.90399e-01 7.09724e-17 6.82210e-04 
3824.88 6.22248e-06 6.92030e-01 6.95083e-17 5.76323e-04 
3830.00 5.61137e-06 6.93671e-01 6.78983e-17 5.09570e-04 
3840.00 6.24908e-06 6.96677e-01 6.47095e-17 5.44590e-04 
3844.01 6.83022e-06 6.97820e-01 6.33652e-17 5.84435e-04 
3850.00 7.55976e-06 6.99481e-01 6.13409e-17 6.28663e-04 
3860.00 7.72016e-06 7.02149e-01 5.81980e-17 6.13020e-04 
3863.23 7.60392e-06 7.02990e-01 5.72626e-17 5.95293e-04 
3870.00 7.37930e-06 7.04733e-01 5.53800e-17 5.61083e-04 
3880.00 7.60575e-06 7.07263e-01 5.28106e-17 5.54880e-04 
3882.54 7.79455e-06 7.07900e-01 5.22643e-17 5.63647e-04 
3890.00 8.67411e-06 7.09758e-01 5.09256e-17 6.13966e-04 
3900.00 1.02357e-05 7.12222e-01 4.95033e-17 7.08522e-04 
3901.96 1.04368e-05 7.12700e-01 4.92523e-17 7.19622e-04 
3910.00 1.02425e-05 7.14655e-01 4.84059e-17 6.97432e-04 
3920.00 7.43310e-06 7.17067e-01 4.79547e-17 5.04395e-04 
3921.46 6.97136e-06 7.17420e-01 4.79093e-17 4.73024e-04 
3930.00 5.38993e-06 7.19477e-01 4.78286e-17 3.66947e-04 
3940.00 7.20587e-06 7.21907e-01 4.84480e-17 4.99877e-04 
3941.07 7.50500e-06 7.22170e-01 4.85231e-17 5.21766e-04 
3950.00 9.17055e-06 7.24351e-01 4.91706e-17 6.49487e-04 
3960.00 7.67615e-06 7.26636e-01 5.03445e-17 5.59797e-04 
3960.78 7.49641e-06 7.26800e-01 5.04534e-17 5.48103e-04 
3970.00 6.32821e-06 7.28616e-01 5.17936e-17 4.77276e-04 
3980.00 8.87972e-06 7.30587e-01 5.31433e-17 6.90758e-04 
3980.58 9.10346e-06 7.30710e-01 5.32217e-17 7.09431e-04 
3990.00 1.24601e-05 7.32880e-01 5.45503e-17 1.00057e-03 
4000.00 1.36345e-05 7.35360e-01 5.61142e-17 1.13291e-03 
4000.48 1.36376e-05 7.35480e-01 5.61960e-17 1.13514e-03 
4010.00 1.33341e-05 7.37793e-01 5.77927e-17 1.14772e-03 
4020.00 1.31799e-05 7.40138e-01 5.90812e-17 1.16634e-03 
4020.49 1.31797e-05 7.40250e-01 5.91361e-17 1.16772e-03 
4030.00 1.31859e-05 7.42413e-01 6.02780e-17 1.19714e-03 
4040.00 1.30317e-05 7.44640e-01 6.17998e-17 1.21966e-03 
4040.59 1.30159e-05 7.44770e-01 6.18804e-17 1.22016e-03 
4050.00 1.26673e-05 7.46838e-01 6.30080e-17 1.21530e-03 
4060.00 1.22219e-05 7.49001e-01 6.44839e-17 1.20648e-03 
4060.79 1.21987e-05 7.49170e-01 6.46272e-17 1.20738e-03 
4070.00 1.22725e-05 7.51117e-01 6.64606e-17 1.25523e-03 
4080.00 1.31851e-05 7.53202e-01 6.85101e-17 1.39744e-03 
4081.10 1.33038e-05 7.53430e-01 6.87628e-17 1.41603e-03 
4090.00 1.40342e-05 7.55274e-01 7.11789e-17 1.55343e-03 
4100.00 1.39429e-05 7.57333e-01 7.45856e-17 1.62556e-03 
4101.50 1.38766e-05 7.57640e-01 7.51260e-17 1.63081e-03 
4110.00 1.35201e-05 7.59372e-01 7.84283e-17 1.66599e-03 
4120.00 1.35026e-05 7.61402e-01 8.33492e-17 1.77727e-03 
4122.01 1.35350e-05 7.61810e-01 8.44685e-17 1.80730e-03 
4130.00 1.36549e-05 7.63427e-01 8.92871e-17 1.93517e-03 
4140.00 1.36290e-05 7.65382e-01 9.61389e-17 2.09008e-03 
4142.62 1.36093e-05 7.65870e-01 9.81176e-17 2.13273e-03 
4150.00 1.36006e-05 7.67187e-01 1.04168e-16 2.27074e-03 
4160.00 1.37507e-05 7.68931e-01 1.13437e-16 2.51179e-03 
4163.33 1.37909e-05 7.69530e-01 1.16720e-16 2.59612e-03 
4170.00 1.37568e-05 7.70780e-01 1.23607e-16 2.75138e-03 
4180.00 1.33525e-05 7.72739e-01 1.34795e-16 2.92662e-03 
4184.15 1.31629e-05 7.73560e-01 1.39590e-16 2.99384e-03 
4190.00 1.29994e-05 7.74711e-01 1.46537e-16 3.11277e-03 
4200.00 1.31214e-05 7.76654e-01 1.58902e-16 3.42381e-03 
4205.07 1.32329e-05 7.77630e-01 1.65022e-16 3.59473e-03 
4210.00 1.32622e-05 7.78573e-01 1.70786e-16 3.73740e-03 
4220.00 1.29661e-05 7.80457e-01 1.81702e-16 3.90620e-03 
4226.10 1.27396e-05 7.81580e-01 1.87519e-16 3.97226e-03 
4230.00 1.26605e-05 7.82286e-01 1.90993e-16 4.02808e-03 
4240.00 1.27760e-05 7.84053e-01 1.99252e-16 4.26022e-03 
4247.23 1.28867e-05 7.85300e-01 2.04278e-16 4.42006e-03 
4250.00 1.28748e-05 7.85774e-01 2.05974e-16 4.45822e-03 
4260.00 1.25000e-05 7.87475e-01 2.10983e-16 4.45374e-03 
4268.46 1.20534e-05 7.88930e-01 2.13801e-16 4.36872e-03 
4270.00 1.19869e-05 7.89198e-01 2.14198e-16 4.35571e-03 
4280.00 1.16467e-05 7.90963e-01 2.16098e-16 4.28922e-03 
4289.80 1.09258e-05 7.92700e-01 2.16801e-16 4.05495e-03 
4290.00 1.09023e-05 7.92735e-01 2.16802e-16 4.04658e-03 
4300.00 9.46444e-06 7.94475e-01 2.16305e-16 3.52074e-03 
4310.00 9.08591e-06 7.96171e-01 2.15487e-16 3.38217e-03 
4311.25 9.22439e-06 7.96380e-01 2.15373e-16 3.43381e-03 
4320.00 1.11158e-05 7.97818e-01 2.14393e-16 4.13487e-03 
4330.00 1.32475e-05 7.99443e-01 2.12955e-16 4.91610e-03 
4332.81 1.34454e-05 7.99900e-01 2.12693e-16 4.98946e-03 
4340.00 1.32207e-05 8.01078e-01 2.12592e-16 4.91914e-03 
4350.00 1.26163e-05 8.02715e-01 2.13892e-16 4.74352e-03 
4354.47 1.27640e-05 8.03440e-01 2.14865e-16 4.83019e-03 
4360.00 1.32375e-05 8.04323e-01 2.16603e-16 5.06188e-03 
4370.00 1.39360e-05 8.05880e-01 2.22063e-16 5.48643e-03 
4376.25 1.37155e-05 8.06820e-01 2.27094e-16 5.53630e-03 
4380.00 1.34051e-05 8.07372e-01 2.30720e-16 5.50587e-03 
4390.00 1.26563e-05 8.08799e-01 2.42683e-16 5.49003e-03 
4398.13 1.27716e-05 8.09920e-01 2.55396e-16 5.84916e-03 
4400.00 1.28813e-05 8.10174e-01 2.58826e-16 5.98304e-03 
4410.00 1.36749e-05 8.11407e-01 2.79921e-16 6.89543e-03 
4420.00 1.43431e-05 8.12175e-01 3.03489e-16 7.86651e-03 
4420.12 1.43490e-05 8.12180e-01 3.03791e-16 7.87782e-03 
4430.00 1.46331e-05 8.12338e-01 3.31684e-16 8.79275e-03 
4440.00 1.45235e-05 8.12644e-01 3.63584e-16 9.59139e-03 
4442.22 1.44872e-05 8.12830e-01 3.71067e-16 9.77143e-03 
4450.00 1.44765e-05 8.13947e-01 3.98519e-16 1.05194e-02 
4460.00 1.48697e-05 8.16080e-01 4.35760e-16 1.18725e-02 
4464.43 1.50812e-05 8.17120e-01 4.51927e-16 1.25164e-02 
4470.00 1.52589e-05 8.18407e-01 4.72011e-16 1.32640e-02 
4480.00 1.52454e-05 8.20596e-01 5.07685e-16 1.43240e-02 
4486.75 1.52995e-05 8.21960e-01 5.29977e-16 1.50536e-02 
4490.00 1.54367e-05 8.22578e-01 5.40231e-16 1.55053e-02 
4500.00 1.63183e-05 8.24339e-01 5.69106e-16 1.73425e-02 
4509.19 1.68828e-05 8.25810e-01 5.88292e-16 1.86182e-02 
4510.00 1.68840e-05 8.25936e-01 5.89726e-16 1.86712e-02 
4520.00 1.62238e-05 8.27424e-01 6.03824e-16 1.84439e-02 
4530.00 1.53063e-05 8.28833e-01 6.08324e-16 1.75992e-02 
4531.73 1.52254e-05 8.29070e-01 6.08281e-16 1.75167e-02 
4540.00 1.52396e-05 8.30180e-01 6.04833e-16 1.74889e-02 
4550.00 1.58111e-05 8.31462e-01 5.92678e-16 1.78467e-02 
4554.39 1.61247e-05 8.32000e-01 5.85079e-16 1.79963e-02 
4560.00 1.64839e-05 8.32664e-01 5.73446e-16 1.80681e-02 
4570.00 1.67449e-05 8.33796e-01 5.47285e-16 1.75790e-02 
4577.16 1.64808e-05 8.34580e-01 5.25048e-16 1.66404e-02 
4580.00 1.63164e-05 8.34887e-01 5.15649e-16 1.61956e-02 
4590.00 1.58404e-05 8.35967e-01 4.81085e-16 1.47201e-02 
4600.00 1.59343e-05 8.37065e-01 4.45606e-16 1.37633e-02 
4600.05 1.59356e-05 8.37070e-01 4.45433e-16 1.37594e-02 
4610.00 1.61994e-05 8.38207e-01 4.08392e-16 1.28692e-02 
4620.00 1.61510e-05 8.39409e-01 3.70799e-16 1.16917e-02 
4623.05 1.60946e-05 8.39790e-01 3.59164e-16 1.12978e-02 
4630.00 1.59751e-05 8.40683e-01 3.32521e-16 1.04087e-02 
4640.00 1.59569e-05 8.41999e-01 2.95624e-16 9.27769e-03 
4646.16 1.60330e-05 8.42810e-01 2.74828e-16 8.68606e-03 
4650.00 1.61066e-05 8.43307e-01 2.62528e-16 8.34718e-03 
4660.00 1.63450e-05 8.44506e-01 2.32054e-16 7.51428e-03 
4669.39 1.65060e-05 8.45380e-01 2.04957e-16 6.72263e-03 
4670.00 1.65106e-05 8.45424e-01 2.03186e-16 6.66763e-03 
4680.00 1.64567e-05 8.45973e-01 1.74418e-16 5.72085e-03 
4690.00 1.61808e-05 8.46352e-01 1.50552e-16 4.86781e-03 
4692.74 1.60722e-05 8.46460e-01 1.44381e-16 4.64026e-03 
4700.00 1.57777e-05 8.46802e-01 1.28417e-16 4.05947e-03 
4710.00 1.55875e-05 8.47419e-01 1.08393e-16 3.39485e-03 
4716.20 1.57182e-05 8.47890e-01 9.73200e-17 3.07937e-03 
4720.00 1.58668e-05 8.48209e-01 9.10345e-17 2.91115e-03 
4730.00 1.62921e-05 8.49001e-01 7.63292e-17 2.51397e-03 
4739.79 1.64971e-05 8.49380e-01 6.47748e-17 2.16569e-03 
4740.00 1.64992e-05 8.49381e-01 6.45412e-17 2.15827e-03 
4750.00 1.65432e-05 8.49137e-01 5.43515e-17 1.82569e-03 
4760.00 1.65560e-05 8.48888e-01 4.60430e-17 1.55060e-03 
4763.48 1.65585e-05 8.48950e-01 4.35830e-17 1.46916e-03 
4770.00 1.65593e-05 8.49393e-01 3.94053e-17 1.33090e-03 
4780.00 1.65416e-05 8.50753e-01 3.37465e-17 1.14278e-03 
4787.30 1.64970e-05 8.52090e-01 3.03606e-17 1.02852e-03 
4790.00 1.64703e-05 8.52627e-01 2.92500e-17 9.90477e-04 
4800.00 1.63425e-05 8.54711e-01 2.56444e-17 8.65556e-04 
4810.00 1.62974e-05 8.56784e-01 2.28341e-17 7.72046e-04 
4811.24 1.63060e-05 8.57030e-01 2.25434e-17 7.63035e-04 
4820.00 1.64293e-05 8.58650e-01 2.07618e-17 7.10675e-04 
4830.00 1.65117e-05 8.60189e-01 1.90527e-17 6.57979e-04 
4835.29 1.64351e-05 8.60840e-01 1.82452e-17 6.28331e-04 
4840.00 1.62682e-05 8.61317e-01 1.75462e-17 5.99038e-04 
4850.00 1.55442e-05 8.62143e-01 1.59977e-17 5.23441e-04 
4859.47 1.44861e-05 8.62930e-01 1.49767e-17 4.57990e-04 
4860.00 1.44311e-05 8.62980e-01 1.49844e-17 4.56562e-04 
4870.00 1.38837e-05 8.64046e-01 1.58677e-17 4.66666e-04 
4880.00 1.46383e-05 8.65193e-01 1.50150e-17 4.67166e-04 
4883.77 1.50783e-05 8.65600e-01 1.46764e-17 4.70942e-04 
4890.00 1.56950e-05 8.66211e-01 1.43918e-17 4.81651e-04 
4900.00 1.59592e-05 8.67103e-01 1.42885e-17 4.87741e-04 
4908.19 1.57535e-05 8.67850e-01 1.41887e-17 4.79301e-04 
4910.00 1.56929e-05 8.68027e-01 1.41738e-17 4.77231e-04 
4920.00 1.54216e-05 8.69075e-01 1.41624e-17 4.70121e-04 
4930.00 1.53675e-05 8.70180e-01 1.40553e-17 4.66468e-04 
4932.73 1.54083e-05 8.70480e-01 1.40390e-17 4.67584e-04 
4940.00 1.56100e-05 8.71253e-01 1.40056e-17 4.73696e-04 
4950.00 1.59603e-05 8.72208e-01 1.38947e-17 4.81991e-04 
4957.39 1.61455e-05 8.72790e-01 1.39151e-17 4.89356e-04 
4960.00 1.61804e-05 8.72964e-01 1.39406e-17 4.91668e-04 
4970.00 1.61048e-05 8.73520e-01 1.41050e-17 4.96457e-04 
4980.00 1.56567e-05 8.74029e-01 1.42885e-17 4.90193e-04 
4982.18 1.55274e-05 8.74150e-01 1.42441e-17 4.84912e-04 
4990.00 1.50418e-05 8.74590e-01 1.40247e-17 4.63472e-04 
5000.00 1.45369e-05 8.74750e-01 1.42235e-17 4.55257e-04 
5007.09 1.43981e-05 8.74230e-01 1.42272e-17 4.51396e-04 
5010.00 1.44209e-05 8.73800e-01 1.42044e-17 4.51428e-04 
5020.00 1.48189e-05 8.71461e-01 1.42159e-17 4.63944e-04 
5030.00 1.52387e-05 8.68200e-01 1.42503e-17 4.77401e-04 
5032.12 1.52713e-05 8.67440e-01 1.42431e-17 4.77962e-04 
5040.00 1.52407e-05 8.64617e-01 1.42159e-17 4.75288e-04 
5050.00 1.52135e-05 8.61755e-01 1.42771e-17 4.75848e-04 
5057.29 1.54361e-05 8.60840e-01 1.42384e-17 4.81685e-04 
5060.00 1.55449e-05 8.60857e-01 1.42121e-17 4.84451e-04 
5070.00 1.57907e-05 8.62443e-01 1.41432e-17 4.91601e-04 
5080.00 1.55193e-05 8.65712e-01 1.41662e-17 4.86728e-04 
5082.57 1.54118e-05 8.66710e-01 1.41970e-17 4.85209e-04 
5090.00 1.51807e-05 8.69743e-01 1.42885e-17 4.83404e-04 
5100.00 1.52482e-05 8.73814e-01 1.43230e-17 4.89965e-04 
5107.98 1.53933e-05 8.76680e-01 1.44012e-17 4.99740e-04 
5110.00 1.54084e-05 8.77309e-01 1.43956e-17 5.00591e-04 
5120.00 1.52856e-05 8.79864e-01 1.42427e-17 4.93723e-04 
5130.00 1.50451e-05 8.81683e-01 1.44530e-17 4.95115e-04 
5133.52 1.49835e-05 8.82200e-01 1.45184e-17 4.95948e-04 
5140.00 1.48738e-05 8.83033e-01 1.46212e-17 4.96897e-04 
5150.00 1.45045e-05 8.84074e-01 1.48697e-17 4.94340e-04 
5159.19 1.37948e-05 8.84830e-01 1.49430e-17 4.73715e-04 
5160.00 1.37253e-05 8.84889e-01 1.49424e-17 4.71414e-04 
5170.00 1.29960e-05 8.85558e-01 1.49997e-17 4.49287e-04 
5180.00 1.28195e-05 8.86142e-01 1.53553e-17 4.54869e-04 
5184.99 1.29464e-05 8.86420e-01 1.54370e-17 4.62405e-04 
5190.00 1.31973e-05 8.86698e-01 1.54968e-17 4.73798e-04 
5200.00 1.39345e-05 8.87218e-01 1.57950e-17 5.11173e-04 
5210.00 1.45513e-05 8.87622e-01 1.61468e-17 5.46985e-04 
5210.91 1.45826e-05 8.87650e-01 1.61855e-17 5.49592e-04 
5220.00 1.46943e-05 8.87843e-01 1.65368e-17 5.66930e-04 
5230.00 1.48006e-05 8.87880e-01 1.67127e-17 5.78236e-04 
5236.97 1.50979e-05 8.87810e-01 1.71112e-17 6.04671e-04 
5240.00 1.52317e-05 8.87757e-01 1.72977e-17 6.17000e-04 
5250.00 1.52563e-05 8.87528e-01 1.76838e-17 6.32835e-04 
5260.00 1.43014e-05 8.87302e-01 1.80318e-17 6.05894e-04 
5263.15 1.39612e-05 8.87250e-01 1.81554e-17 5.95859e-04 
5270.00 1.35193e-05 8.87185e-01 1.84906e-17 5.88376e-04 
5280.00 1.40318e-05 8.87184e-01 1.91865e-17 6.34863e-04 
5289.47 1.50596e-05 8.87240e-01 1.98349e-17 7.05703e-04 
5290.00 1.51119e-05 8.87244e-01 1.98709e-17 7.09511e-04 
5300.00 1.57431e-05 8.87341e-01 2.05133e-17 7.64566e-04 
5310.00 1.55989e-05 8.87560e-01 2.10447e-17 7.78849e-04 
5315.92 1.51309e-05 8.87790e-01 2.14702e-17 7.71815e-04 
5320.00 1.47426e-05 8.88004e-01 2.17521e-17 7.62648e-04 
5330.00 1.41063e-05 8.88678e-01 2.23103e-17 7.50434e-04 
5340.00 1.44676e-05 8.89462e-01 2.30980e-17 7.99030e-04 
5342.50 1.46449e-05 8.89660e-01 2.32135e-17 8.13429e-04 
5350.00 1.51175e-05 8.90244e-01 2.35224e-17 8.52604e-04 
5360.00 1.52394e-05 8.91041e-01 2.43406e-17 8.91839e-04 
5369.21 1.50864e-05 8.91860e-01 2.45403e-17 8.92474e-04 
5370.00 1.50747e-05 8.91936e-01 2.45547e-17 8.92512e-04 
5380.00 1.50029e-05 8.92815e-01 2.49944e-17 9.06743e-04 
5390.00 1.49000e-05 8.92929e-01 2.55488e-17 9.22331e-04 
5396.05 1.47392e-05 8.92260e-01 2.57807e-17 9.20999e-04 
5400.00 1.46155e-05 8.91437e-01 2.59044e-17 9.17477e-04 
5410.00 1.43958e-05 8.88614e-01 2.61836e-17 9.12218e-04 
5420.00 1.44913e-05 8.86207e-01 2.63671e-17 9.23903e-04 
5423.03 1.45668e-05 8.85840e-01 2.64568e-17 9.32018e-04 
5430.00 1.47695e-05 8.85872e-01 2.66806e-17 9.54237e-04 
5440.00 1.50228e-05 8.87244e-01 2.68641e-17 9.80592e-04 
5450.00 1.51239e-05 8.88754e-01 2.70630e-17 9.98024e-04 
5450.15 1.51237e-05 8.88770e-01 2.70654e-17 9.98144e-04 
5460.00 1.50164e-05 8.89242e-01 2.71509e-17 9.96517e-04 
5470.00 1.48452e-05 8.89325e-01 2.71700e-17 9.87747e-04 
5477.40 1.47747e-05 8.89760e-01 2.71976e-17 9.85875e-04 
5480.00 1.47621e-05 8.90076e-01 2.72121e-17 9.86375e-04 
5490.00 1.47446e-05 8.91938e-01 2.72618e-17 9.90870e-04 
5500.00 1.47384e-05 8.94154e-01 2.72465e-17 9.94170e-04 
5504.79 1.47375e-05 8.95080e-01 2.72459e-17 9.95980e-04 
5510.00 1.47393e-05 8.95864e-01 2.72388e-17 9.97659e-04 
5520.00 1.47601e-05 8.96822e-01 2.71777e-17 9.99699e-04 
5530.00 1.48341e-05 8.97365e-01 2.72197e-17 1.00870e-03 
5532.31 1.48625e-05 8.97470e-01 2.72650e-17 1.01285e-03 
5540.00 1.49641e-05 8.97819e-01 2.74338e-17 1.02792e-03 
5550.00 1.50091e-05 8.98230e-01 2.75333e-17 1.03709e-03 
5559.97 1.48471e-05 8.98510e-01 2.77583e-17 1.03646e-03 
5560.00 1.48464e-05 8.98511e-01 2.77588e-17 1.03644e-03 
5570.00 1.45692e-05 8.98594e-01 2.78888e-17 1.02378e-03 
5580.00 1.43244e-05 8.98513e-01 2.81603e-17 1.01811e-03 
5587.77 1.42495e-05 8.98370e-01 2.84900e-17 1.02591e-03 
5590.00 1.42575e-05 8.98320e-01 2.85771e-17 1.02998e-03 
5600.00 1.44430e-05 8.98050e-01 2.88791e-17 1.05598e-03 
5610.00 1.46721e-05 8.97691e-01 2.92003e-17 1.08616e-03 
5615.71 1.47286e-05 8.97440e-01 2.93179e-17 1.09554e-03 
5620.00 1.47380e-05 8.97230e-01 2.93877e-17 1.09943e-03 
5630.00 1.47250e-05 8.96754e-01 2.95674e-17 1.10655e-03 
5640.00 1.47392e-05 8.96466e-01 2.97280e-17 1.11525e-03 
5643.79 1.47339e-05 8.96450e-01 2.97973e-17 1.11819e-03 
5650.00 1.46817e-05 8.96519e-01 2.99038e-17 1.11952e-03 
5660.00 1.44761e-05 8.96241e-01 2.99803e-17 1.10829e-03 
5670.00 1.43417e-05 8.94356e-01 2.99688e-17 1.09721e-03 
5672.01 1.43483e-05 8.93670e-01 2.99718e-17 1.09736e-03 
5680.00 1.44549e-05 8.89903e-01 2.99765e-17 1.10258e-03 
5690.00 1.45264e-05 8.84326e-01 2.98733e-17 1.09923e-03 
5700.00 1.43148e-05 8.80154e-01 2.97853e-17 1.07682e-03 
5700.37 1.43060e-05 8.80060e-01 2.97827e-17 1.07602e-03 
5710.00 1.42351e-05 8.79226e-01 2.97088e-17 1.06882e-03 
5720.00 1.46459e-05 8.80282e-01 2.96324e-17 1.10008e-03 
5728.87 1.50067e-05 8.81170e-01 2.96429e-17 1.13047e-03 
5730.00 1.50244e-05 8.81201e-01 2.96324e-17 1.13166e-03 
5740.00 1.48587e-05 8.80653e-01 2.94833e-17 1.11480e-03 
5750.00 1.45626e-05 8.79583e-01 2.96706e-17 1.10010e-03 
5757.52 1.45651e-05 8.79250e-01 2.96568e-17 1.10080e-03 
5760.00 1.45961e-05 8.79336e-01 2.96591e-17 1.10381e-03 
5770.00 1.46785e-05 8.80700e-01 2.98847e-17 1.12217e-03 
5780.00 1.44878e-05 8.83386e-01 3.02518e-17 1.12656e-03 
5786.30 1.43331e-05 8.85570e-01 3.07399e-17 1.13655e-03 
5790.00 1.42790e-05 8.86974e-01 3.10318e-17 1.14556e-03 
5800.00 1.43463e-05 8.90928e-01 3.16741e-17 1.18206e-03 
5810.00 1.45645e-05 8.94538e-01 3.26644e-17 1.24472e-03 
5815.23 1.46652e-05 8.96050e-01 3.30766e-17 1.27242e-03 
5820.00 1.47271e-05 8.97118e-01 3.34903e-17 1.29638e-03 
5830.00 1.47204e-05 8.98789e-01 3.48018e-17 1.35136e-03 
5840.00 1.45233e-05 9.00536e-01 3.59641e-17 1.38285e-03 
5844.31 1.44392e-05 9.01570e-01 3.63813e-17 1.39340e-03 
5850.00 1.43901e-05 9.03191e-01 3.69736e-17 1.41519e-03 
5860.00 1.44921e-05 9.04243e-01 3.82544e-17 1.47883e-03 
5870.00 1.43929e-05 8.98394e-01 3.92639e-17 1.50027e-03 
5873.53 1.42109e-05 8.93670e-01 3.95839e-17 1.48641e-03 
5880.00 1.37622e-05 8.80978e-01 4.01892e-17 1.44233e-03 
5890.00 1.33011e-05 8.56294e-01 4.11336e-17 1.38914e-03 
5900.00 1.36563e-05 8.34742e-01 4.17836e-17 1.41471e-03 
5902.90 1.38400e-05 8.30580e-01 4.19701e-17 1.43366e-03 
5910.00 1.42272e-05 8.25761e-01 4.24412e-17 1.48344e-03 
5920.00 1.43281e-05 8.28039e-01 4.29115e-17 1.51725e-03 
5930.00 1.41824e-05 8.34097e-01 4.29650e-17 1.51726e-03 
5932.41 1.41594e-05 8.35280e-01 4.30061e-17 1.51902e-03 
5940.00 1.41453e-05 8.37227e-01 4.31447e-17 1.52789e-03 
5950.00 1.41897e-05 8.37892e-01 4.29727e-17 1.53036e-03 
5960.00 1.42140e-05 8.40160e-01 4.27203e-17 1.53068e-03 
5962.08 1.42141e-05 8.41210e-01 4.26178e-17 1.52945e-03 
5970.00 1.41989e-05 8.47536e-01 4.20742e-17 1.52169e-03 
5980.00 1.41450e-05 8.59038e-01 4.12139e-17 1.50759e-03 
5990.00 1.40511e-05 8.71631e-01 4.00286e-17 1.47830e-03 
5991.89 1.40288e-05 8.73880e-01 3.98369e-17 1.47314e-03 
6000.00 1.39260e-05 8.82565e-01 3.90880e-17 1.45107e-03 
6010.00 1.38202e-05 8.91196e-01 3.79180e-17 1.41297e-03 
6020.00 1.37855e-05 8.97793e-01 3.67327e-17 1.37775e-03 
6021.85 1.37882e-05 8.98810e-01 3.65085e-17 1.37159e-03 
6030.00 1.38355e-05 9.02636e-01 3.55589e-17 1.34801e-03 
6040.00 1.39559e-05 9.06064e-01 3.46794e-17 1.33336e-03 
6050.00 1.40590e-05 9.08438e-01 3.39224e-17 1.31952e-03 
6051.96 1.40682e-05 9.08810e-01 3.37780e-17 1.31573e-03 
6060.00 1.40597e-05 9.10107e-01 3.33144e-17 1.30046e-03 
6070.00 1.39562e-05 9.11325e-01 3.31730e-17 1.28925e-03 
6080.00 1.37852e-05 9.12304e-01 3.29359e-17 1.26780e-03 
6082.21 1.37481e-05 9.12510e-01 3.28977e-17 1.26366e-03 
6090.00 1.36514e-05 9.13237e-01 3.28365e-17 1.25504e-03 
6100.00 1.36197e-05 9.14168e-01 3.28097e-17 1.25444e-03 
6110.00 1.35270e-05 9.15071e-01 3.28021e-17 1.24888e-03 
6112.63 1.34667e-05 9.15300e-01 3.27798e-17 1.24332e-03 
6120.00 1.32496e-05 9.15920e-01 3.26644e-17 1.22127e-03 
6130.00 1.30501e-05 9.16701e-01 3.24312e-17 1.19726e-03 
6140.00 1.31500e-05 9.17404e-01 3.21024e-17 1.19706e-03 
6143.19 1.31981e-05 9.17610e-01 3.19752e-17 1.19757e-03 
6150.00 1.32217e-05 9.18022e-01 3.17124e-17 1.19170e-03 
6160.00 1.29700e-05 9.18567e-01 3.14333e-17 1.16130e-03 
6170.00 1.27791e-05 9.19064e-01 3.11006e-17 1.13455e-03 
6173.91 1.28305e-05 9.19250e-01 3.09244e-17 1.13360e-03 
6180.00 1.30280e-05 9.19531e-01 3.07144e-17 1.14472e-03 
6190.00 1.33963e-05 9.19909e-01 3.07641e-17 1.18138e-03 
6200.00 1.35012e-05 9.20083e-01 3.09668e-17 1.20063e-03 
6204.77 1.34711e-05 9.20060e-01 3.12340e-17 1.20919e-03 
6210.00 1.34101e-05 9.19948e-01 3.16168e-17 1.21935e-03 
6220.00 1.32659e-05 9.19645e-01 3.24924e-17 1.24123e-03 
6230.00 1.30619e-05 9.19549e-01 3.39530e-17 1.27900e-03 
6235.80 1.29086e-05 9.19740e-01 3.50498e-17 1.30630e-03 
6240.00 1.28037e-05 9.20019e-01 3.59756e-17 1.33122e-03 
6250.00 1.26953e-05 9.20503e-01 3.86750e-17 1.42200e-03 
6260.00 1.28945e-05 9.19337e-01 4.20092e-17 1.56936e-03 
6266.98 1.31026e-05 9.16620e-01 4.48636e-17 1.69989e-03 
6270.00 1.31781e-05 9.14808e-01 4.62342e-17 1.75929e-03 
6280.00 1.32878e-05 9.07080e-01 5.13309e-17 1.95596e-03 
6290.00 1.32073e-05 8.99474e-01 5.74065e-17 2.15942e-03 
6298.31 1.30400e-05 8.95850e-01 6.31889e-17 2.34046e-03 
6300.00 1.30027e-05 8.95612e-01 6.44571e-17 2.38062e-03 
6310.00 1.28268e-05 8.97436e-01 7.28651e-17 2.66437e-03 
6320.00 1.28040e-05 9.02803e-01 8.30509e-17 3.05439e-03 
6329.80 1.28585e-05 9.08850e-01 9.42826e-17 3.51098e-03 
6330.00 1.28596e-05 9.08961e-01 9.45292e-17 3.52098e-03 
6340.00 1.28896e-05 9.13751e-01 1.08382e-16 4.07414e-03 
6350.00 1.28730e-05 9.17254e-01 1.23840e-16 4.67442e-03 
6360.00 1.28229e-05 9.20079e-01 1.40534e-16 5.30853e-03 
6361.45 1.28166e-05 9.20470e-01 1.43025e-16 5.40351e-03 
6370.00 1.28077e-05 9.22743e-01 1.57824e-16 5.98121e-03 
6380.00 1.28666e-05 9.25176e-01 1.74858e-16 6.68525e-03 
6390.00 1.28679e-05 9.27082e-01 1.90183e-16 7.29826e-03 
6393.26 1.28290e-05 9.27540e-01 1.94740e-16 7.45808e-03 
6400.00 1.27074e-05 9.28221e-01 2.03259e-16 7.72432e-03 
6410.00 1.25627e-05 9.28960e-01 2.12845e-16 8.01536e-03 
6420.00 1.26014e-05 9.30053e-01 2.17926e-16 8.25457e-03 
6425.23 1.26486e-05 9.31020e-01 2.18632e-16 8.32771e-03 
6430.00 1.26707e-05 9.32187e-01 2.18133e-16 8.33982e-03 
6440.00 1.26039e-05 9.34148e-01 2.13422e-16 8.14646e-03 
6450.00 1.25011e-05 9.32717e-01 2.03324e-16 7.69786e-03 
6457.35 1.24794e-05 9.27570e-01 1.93519e-16 7.28186e-03 
6460.00 1.24786e-05 9.24603e-01 1.89540e-16 7.11177e-03 
6470.00 1.24517e-05 9.09576e-01 1.72652e-16 6.36892e-03 
6480.00 1.23394e-05 8.93113e-01 1.54192e-16 5.54316e-03 
6489.64 1.22747e-05 8.81590e-01 1.35480e-16 4.78954e-03 
6490.00 1.22753e-05 8.81315e-01 1.34780e-16 4.76383e-03 
6500.00 1.23817e-05 8.78464e-01 1.15727e-16 4.11886e-03 
6510.00 1.25187e-05 8.82306e-01 9.76645e-17 3.53524e-03 
6520.00 1.25351e-05 8.89118e-01 8.15407e-17 2.98285e-03 
6522.09 1.25276e-05 8.90570e-01 7.84155e-17 2.87241e-03 
6530.00 1.24964e-05 8.95505e-01 6.75006e-17 2.48311e-03 
6540.00 1.24439e-05 9.00523e-01 5.57853e-17 2.05814e-03 
6550.00 1.21052e-05 9.04360e-01 4.42612e-17 1.59773e-03 
6554.70 1.17702e-05 9.05810e-01 3.92726e-17 1.38161e-03 
6560.00 1.13476e-05 9.07229e-01 3.53600e-17 1.20216e-03 
6570.00 1.09117e-05 9.09750e-01 3.31118e-17 1.08714e-03 
6580.00 1.14254e-05 9.12921e-01 2.72044e-17 9.39923e-04 
6587.47 1.20318e-05 9.16320e-01 2.34162e-17 8.56127e-04 
6590.00 1.21937e-05 9.17748e-01 2.24594e-17 8.33811e-04 
6600.00 1.24342e-05 9.24431e-01 1.94733e-17 7.43702e-04 
6610.00 1.23370e-05 9.31615e-01 1.67700e-17 6.41366e-04 
6620.00 1.22572e-05 9.37772e-01 1.48009e-17 5.66965e-04 
6620.41 1.22554e-05 9.37980e-01 1.47330e-17 5.64441e-04 
6630.00 1.22358e-05 9.41721e-01 1.32256e-17 5.08636e-04 
6640.00 1.22323e-05 9.43863e-01 1.16809e-17 4.50800e-04 
6650.00 1.21916e-05 9.45045e-01 1.04153e-17 4.01726e-04 
6653.51 1.21591e-05 9.45390e-01 9.99726e-18 3.84917e-04 
6660.00 1.20893e-05 9.46072e-01 9.31030e-18 3.57014e-04 
6670.00 1.20372e-05 9.47212e-01 8.59148e-18 3.28920e-04 
6680.00 1.21198e-05 9.48368e-01 7.89559e-18 3.05181e-04 
6686.78 1.21740e-05 9.49110e-01 7.45574e-18 2.89989e-04 
6690.00 1.21753e-05 9.49440e-01 7.25324e-18 2.82376e-04 
6700.00 1.20580e-05 9.50357e-01 6.68353e-18 2.58325e-04 
6710.00 1.19333e-05 9.51102e-01 6.33559e-18 2.42896e-04 
6720.00 1.19696e-05 9.51660e-01 5.91883e-18 2.28082e-04 
6720.21 1.19715e-05 9.51670e-01 5.91167e-18 2.27851e-04 
6730.00 1.20363e-05 9.52050e-01 5.68177e-18 2.20585e-04 
6740.00 1.19848e-05 9.52420e-01 5.41795e-18 2.09834e-04 
6750.00 1.18935e-05 9.52954e-01 5.18089e-18 1.99533e-04 
6753.81 1.18748e-05 9.53240e-01 5.14377e-18 1.97962e-04 
6760.00 1.18648e-05 9.53806e-01 5.08147e-18 1.95696e-04 
6770.00 1.18686e-05 9.54685e-01 4.84059e-18 1.86926e-04 
6780.00 1.18522e-05 9.54974e-01 4.69912e-18 1.81536e-04 
6787.58 1.18201e-05 9.54420e-01 4.51296e-18 1.73965e-04 
6790.00 1.18064e-05 9.54059e-01 4.44677e-18 1.71211e-04 
6800.00 1.17430e-05 9.52196e-01 4.20971e-18 1.61135e-04 
6810.00 1.17169e-05 9.51377e-01 3.98030e-18 1.52108e-04 
6820.00 1.17588e-05 9.53800e-01 3.75471e-18 1.44578e-04 
6821.52 1.17652e-05 9.54590e-01 3.72602e-18 1.43703e-04 
6830.00 1.17611e-05 9.60562e-01 3.56353e-18 1.38420e-04 
6840.00 1.16360e-05 9.65785e-01 3.29971e-18 1.27685e-04 
6850.00 1.15135e-05 9.60861e-01 3.10853e-18 1.18587e-04 
6855.63 1.15055e-05 9.50390e-01 3.00183e-18 1.13282e-04 
6860.00 1.15251e-05 9.37519e-01 2.91736e-18 1.08859e-04 
6870.00 1.15921e-05 8.98377e-01 2.73383e-18 9.84631e-05 
6880.00 1.16099e-05 8.58884e-01 2.56559e-18 8.86059e-05 
6889.91 1.15820e-05 8.35320e-01 2.49741e-18 8.38041e-05 
6890.00 1.15817e-05 8.35222e-01 2.49677e-18 8.37708e-05 
6900.00 1.15355e-05 8.38050e-01 2.37441e-18 7.97322e-05 
6910.00 1.14913e-05 8.56538e-01 2.20235e-18 7.54058e-05 
6920.00 1.14616e-05 8.74635e-01 2.17941e-18 7.61099e-05 
6924.36 1.14510e-05 8.78320e-01 2.12999e-18 7.46756e-05 
6930.00 1.14366e-05 8.77168e-01 2.05324e-18 7.18583e-05 
6940.00 1.14057e-05 8.64217e-01 2.00353e-18 6.89958e-05 
6950.00 1.13756e-05 8.48745e-01 1.91941e-18 6.48381e-05 
6958.98 1.13581e-05 8.43710e-01 1.91514e-18 6.42938e-05 
6960.00 1.13569e-05 8.44119e-01 1.91559e-18 6.43426e-05 
6970.00 1.13555e-05 8.57896e-01 1.89265e-18 6.46945e-05 
6980.00 1.13607e-05 8.80490e-01 1.84294e-18 6.47770e-05 
6990.00 1.12985e-05 8.99165e-01 1.75500e-18 6.27392e-05 
6993.77 1.12416e-05 9.02570e-01 1.74835e-18 6.24559e-05 
7000.00 1.11264e-05 9.02126e-01 1.75882e-18 6.22107e-05 
7010.00 1.09908e-05 8.90458e-01 1.75882e-18 6.07445e-05 
7020.00 1.10260e-05 8.74579e-01 1.75882e-18 5.99378e-05 
7028.74 1.11172e-05 8.65590e-01 1.71806e-18 5.84988e-05 
7030.00 1.11281e-05 8.65112e-01 1.71294e-18 5.83601e-05 
7040.00 1.11668e-05 8.68688e-01 1.68618e-18 5.79685e-05 
7050.00 1.11441e-05 8.80939e-01 1.64030e-18 5.71512e-05 
7060.00 1.10927e-05 8.95615e-01 1.69765e-18 5.99424e-05 
7063.88 1.10700e-05 9.00630e-01 1.71130e-18 6.06717e-05 
7070.00 1.10354e-05 9.06793e-01 1.70912e-18 6.08710e-05 
7080.00 1.09911e-05 9.13160e-01 1.68618e-18 6.03183e-05 
7090.00 1.09735e-05 9.16851e-01 1.69000e-18 6.06875e-05 
7099.20 1.09820e-05 9.19790e-01 1.69248e-18 6.10976e-05 
7100.00 1.09827e-05 9.20082e-01 1.69382e-18 6.11768e-05 
7110.00 1.09718e-05 9.24264e-01 1.72824e-18 6.27291e-05 
7120.00 1.09012e-05 9.28258e-01 1.76265e-18 6.39309e-05 
7130.00 1.08093e-05 9.30427e-01 1.81235e-18 6.54239e-05 
7134.70 1.07744e-05 9.30350e-01 1.80665e-18 6.50448e-05 
7140.00 1.07458e-05 9.29003e-01 1.78177e-18 6.39334e-05 
7150.00 1.07264e-05 9.19628e-01 1.72441e-18 6.12263e-05 
7160.00 1.07397e-05 8.95547e-01 1.65941e-18 5.75270e-05 
7170.00 1.06981e-05 8.49915e-01 1.64412e-18 5.39580e-05 
7170.37 1.06940e-05 8.47700e-01 1.64532e-18 5.38392e-05 
7180.00 1.05456e-05 7.80392e-01 1.67471e-18 4.98160e-05 
7190.00 1.04288e-05 7.04798e-01 1.59824e-18 4.25200e-05 
7200.00 1.04819e-05 6.46590e-01 1.56382e-18 3.84160e-05 
7206.23 1.05522e-05 6.29490e-01 1.55917e-18 3.75714e-05 
7210.00 1.05858e-05 6.28788e-01 1.54853e-18 3.74118e-05 
7220.00 1.06035e-05 6.54925e-01 1.48735e-18 3.75420e-05 
7230.00 1.05772e-05 7.01664e-01 1.47206e-18 3.97639e-05 
7240.00 1.05759e-05 7.43707e-01 1.47588e-18 4.23090e-05 
7242.26 1.05793e-05 7.49950e-01 1.47773e-18 4.27445e-05 
7250.00 1.05954e-05 7.58725e-01 1.46824e-18 4.30784e-05 
7260.00 1.06057e-05 7.48240e-01 1.38794e-18 4.02544e-05 
7270.00 1.05460e-05 7.25255e-01 1.33824e-18 3.74600e-05 
7278.47 1.04148e-05 7.05720e-01 1.39255e-18 3.75023e-05 
7280.00 1.03890e-05 7.02840e-01 1.39559e-18 3.73458e-05 
7290.00 1.02736e-05 6.91203e-01 1.31530e-18 3.42771e-05 
7300.00 1.03198e-05 6.93258e-01 1.25794e-18 3.30730e-05 
7310.00 1.04047e-05 7.10773e-01 1.24647e-18 3.39222e-05 
7314.86 1.04106e-05 7.25400e-01 1.23121e-18 3.42384e-05 
7320.00 1.03931e-05 7.45222e-01 1.21206e-18 3.45929e-05 
7330.00 1.03420e-05 7.91672e-01 1.20824e-18 3.65032e-05 
7340.00 1.03337e-05 8.39016e-01 1.21971e-18 3.90750e-05 
7350.00 1.03566e-05 8.75893e-01 1.07441e-18 3.60620e-05 
7351.43 1.03604e-05 8.79660e-01 1.06291e-18 3.58495e-05 
7360.00 1.03743e-05 8.93149e-01 1.05912e-18 3.63602e-05 
7370.00 1.03422e-05 8.95254e-01 1.02471e-18 3.52006e-05 
7380.00 1.02332e-05 8.91883e-01 9.67354e-19 3.28007e-05 
7388.19 1.01202e-05 8.91820e-01 9.74773e-19 3.27214e-05 
7390.00 1.00966e-05 8.92703e-01 9.75001e-19 3.26928e-05 
7400.00 9.99376e-06 9.03364e-01 9.52060e-19 3.20192e-05 
7410.00 9.95763e-06 9.20049e-01 9.86471e-19 3.37127e-05 
7420.00 9.99599e-06 9.37579e-01 9.86471e-19 3.45339e-05 
7425.13 1.00250e-05 9.45220e-01 9.90140e-19 3.50706e-05 
7430.00 1.00452e-05 9.50916e-01 9.97942e-19 3.56547e-05 
7440.00 1.00479e-05 9.58488e-01 1.00941e-18 3.64104e-05 
7450.00 1.00436e-05 9.62310e-01 1.01706e-18 3.68663e-05 
7460.00 1.00734e-05 9.64564e-01 1.06294e-18 3.87865e-05 
7462.26 1.00806e-05 9.65080e-01 1.08250e-18 3.95613e-05 
7470.00 1.00880e-05 9.67158e-01 1.11647e-18 4.09631e-05 
7480.00 1.00398e-05 9.69810e-01 1.00559e-18 3.68687e-05 
7490.00 9.98004e-06 9.71180e-01 1.02471e-18 3.74487e-05 
7499.57 9.96434e-06 9.70050e-01 1.10469e-18 4.03126e-05 
7500.00 9.96439e-06 9.69924e-01 1.10500e-18 4.03214e-05 
7510.00 9.96854e-06 9.65795e-01 1.03618e-18 3.77150e-05 
7520.00 9.95978e-06 9.62412e-01 1.01324e-18 3.67674e-05 
7530.00 9.95196e-06 9.64242e-01 9.78824e-19 3.56055e-05 
7537.07 9.95684e-06 9.71110e-01 9.45629e-19 3.46926e-05 
7540.00 9.95917e-06 9.75665e-01 9.32942e-19 3.44091e-05 
7550.00 9.94996e-06 9.93994e-01 9.17648e-19 3.44946e-05 
7560.00 9.89789e-06 1.00434e+00 9.48236e-19 3.58743e-05 
7570.00 9.84193e-06 9.90595e-01 8.87060e-19 3.29571e-05 
7574.75 9.82820e-06 9.70960e-01 8.75031e-19 3.18413e-05 
7580.00 9.82082e-06 9.37567e-01 8.71765e-19 3.06297e-05 
7590.00 9.80679e-06 8.48578e-01 8.41177e-19 2.67468e-05 
7600.00 9.76975e-06 7.44319e-01 8.18236e-19 2.27645e-05 
7610.00 9.73681e-06 6.46154e-01 7.99118e-19 1.92607e-05 
7612.63 9.73381e-06 6.24050e-01 7.79769e-19 1.81521e-05 
7620.00 9.73797e-06 5.74030e-01 7.41765e-19 1.59055e-05 
7630.00 9.75756e-06 5.35033e-01 8.10589e-19 1.62544e-05 
7640.00 9.76327e-06 5.29396e-01 7.57059e-19 1.50495e-05 
7650.00 9.70192e-06 5.57285e-01 7.60883e-19 1.58430e-05 
7650.69 9.69374e-06 5.60450e-01 7.62428e-19 1.59533e-05 
7660.00 9.55401e-06 6.16821e-01 7.53236e-19 1.71170e-05 
7670.00 9.45569e-06 6.96058e-01 7.07354e-19 1.79760e-05 
7680.00 9.51886e-06 7.79954e-01 8.18236e-19 2.34864e-05 
7688.94 9.59903e-06 8.46640e-01 7.97905e-19 2.50996e-05 
7690.00 9.60280e-06 8.53471e-01 7.87648e-19 2.49901e-05 
7700.00 9.56228e-06 9.05999e-01 7.07354e-19 2.37542e-05 
7710.00 9.48653e-06 9.39871e-01 7.53236e-19 2.60666e-05 
7720.00 9.48078e-06 9.59773e-01 7.03530e-19 2.48791e-05 
7727.39 9.48564e-06 9.68250e-01 7.07907e-19 2.52922e-05 
7730.00 9.47984e-06 9.70380e-01 7.07354e-19 2.53211e-05 
7740.00 9.41287e-06 9.75410e-01 6.65295e-19 2.38006e-05 
7750.00 9.35689e-06 9.76769e-01 7.03530e-19 2.50860e-05 
7760.00 9.39032e-06 9.76166e-01 6.84412e-19 2.45079e-05 
7766.03 9.42927e-06 9.75570e-01 6.32373e-19 2.27421e-05 
7770.00 9.44957e-06 9.75288e-01 6.04118e-19 2.17776e-05 
7780.00 9.45863e-06 9.75036e-01 6.04118e-19 2.18210e-05 
7790.00 9.43384e-06 9.75283e-01 6.11765e-19 2.20732e-05 
7800.00 9.40547e-06 9.75833e-01 5.73530e-19 2.06695e-05 
7804.86 9.38907e-06 9.76150e-01 5.81383e-19 2.09358e-05 
7810.00 9.36717e-06 9.76483e-01 6.00295e-19 2.15880e-05 
7820.00 9.31087e-06 9.76929e-01 6.07942e-19 2.17693e-05 
7830.00 9.25820e-06 9.76762e-01 5.77353e-19 2.05799e-05 
7840.00 9.23287e-06 9.75574e-01 5.23824e-19 1.86218e-05 
7843.88 9.23119e-06 9.74750e-01 5.35657e-19 1.90323e-05 
7850.00 9.23717e-06 9.72967e-01 5.73530e-19 2.03697e-05 
7860.00 9.26253e-06 9.68734e-01 5.96471e-19 2.11772e-05 
7870.00 9.27837e-06 9.62812e-01 6.04118e-19 2.13813e-05 
7880.00 9.25812e-06 9.55142e-01 5.81177e-19 2.03868e-05 
7883.10 9.24587e-06 9.52400e-01 5.82108e-19 2.03419e-05 
7890.00 9.21323e-06 9.45745e-01 5.88824e-19 2.03785e-05 
7900.00 9.15875e-06 9.35539e-01 5.69706e-19 1.94133e-05 
7910.00 9.08609e-06 9.25981e-01 5.69706e-19 1.90866e-05 
7920.00 8.99108e-06 9.18536e-01 5.58236e-19 1.83812e-05 
7922.51 8.96768e-06 9.17170e-01 5.61077e-19 1.84051e-05 
7930.00 8.91106e-06 9.14671e-01 5.96471e-19 1.94080e-05 
7940.00 8.88380e-06 9.15849e-01 6.42353e-19 2.08901e-05 
7950.00 8.90752e-06 9.23538e-01 5.27647e-19 1.73718e-05 
7960.00 8.96628e-06 9.39201e-01 5.42942e-19 1.83215e-05 
7962.13 8.98032e-06 9.43700e-01 5.48163e-19 1.86203e-05 
7970.00 9.02724e-06 9.64303e-01 5.46765e-19 1.90964e-05 
7980.00 9.05333e-06 1.00031e+00 5.31471e-19 1.93352e-05 
7990.00 9.00749e-06 1.04869e+00 4.89412e-19 1.85950e-05 
8000.00 8.85263e-06 1.11091e+00 5.23824e-19 2.07466e-05 
