##### EXOPHOT SPECTRAL OVERLAP FILE #####
# Date: 15/02/2022 13:05:14
# SED file: SED_a5v.txt
# atmosphere file: atm_a5v_hzm_os2.txt
# photopigment file: ChlB.txt
# Stellar radius (Rs in km): 1.183778e+06
# Exoplanet orbit semi-major axis (sma in km): 5.183426e+08
# Total absorption rate (gamma_t in s-1): 1.32097e+01
# B band absorption rate (gamma_B in s-1): 1.00344e+01
# Q band absorption rate (gamma_Q in s-1): 3.17533e+00
# B-Q bands cut-off (in nm): 500
# photosynthetic photon flux density [ppfd in micromol photon m-2 s-1]: 2.14682e+03
# Total Stellar Irradiance (S in W m-2): 1.37004e+03
# -------------------------------------------------
# Col 1: Wavelength (wl in Angstrom) 
# Col 2: Spectral Flux Density (F_l in J cm-2 s-1 A-1) 
# Col 3: Atmosphere transmitance (T, no units) 
# Col 4: Pigment absorption cross section (sigma_abs in cm2) 
# Col 5: Spectral Absorption Rate (Gamma_lambda in A-1 s-1)
3000.00 1.55578e-05 1.47613e-01 1.38924e-16 4.81830e-04 
3010.00 1.54070e-05 1.50792e-01 1.10076e-16 3.87506e-04 
3010.56 1.53998e-05 1.50970e-01 1.09684e-16 3.86473e-04 
3020.00 1.52971e-05 1.53995e-01 1.10817e-16 3.96874e-04 
3025.61 1.52519e-05 1.55810e-01 1.11610e-16 4.03980e-04 
3030.00 1.52244e-05 1.57242e-01 1.11624e-16 4.07599e-04 
3040.00 1.51855e-05 1.60552e-01 1.12293e-16 4.18983e-04 
3040.74 1.51839e-05 1.60800e-01 1.12353e-16 4.19909e-04 
3050.00 1.51769e-05 1.63928e-01 1.12966e-16 4.31526e-04 
3055.94 1.51866e-05 1.65930e-01 1.13322e-16 4.39306e-04 
3060.00 1.52045e-05 1.67281e-01 1.13517e-16 4.44760e-04 
3070.00 1.53131e-05 1.70608e-01 1.13788e-16 4.59433e-04 
3071.22 1.53345e-05 1.71020e-01 1.13822e-16 4.61506e-04 
3080.00 1.55051e-05 1.74024e-01 1.14022e-16 4.77030e-04 
3086.58 1.55816e-05 1.76310e-01 1.13936e-16 4.86351e-04 
3090.00 1.55765e-05 1.77502e-01 1.13827e-16 4.89552e-04 
3100.00 1.53627e-05 1.80996e-01 1.13471e-16 4.92384e-04 
3102.01 1.53001e-05 1.81700e-01 1.13420e-16 4.92384e-04 
3110.00 1.50644e-05 1.84504e-01 1.13169e-16 4.92455e-04 
3117.52 1.49398e-05 1.87150e-01 1.12609e-16 4.94130e-04 
3120.00 1.49242e-05 1.88023e-01 1.12366e-16 4.95240e-04 
3130.00 1.49879e-05 1.91561e-01 1.11322e-16 5.03614e-04 
3133.11 1.50479e-05 1.92670e-01 1.11039e-16 5.07768e-04 
3140.00 1.52240e-05 1.95147e-01 1.10447e-16 5.18678e-04 
3148.77 1.54612e-05 1.98320e-01 1.09588e-16 5.32643e-04 
3150.00 1.54895e-05 1.98763e-01 1.09464e-16 5.34414e-04 
3160.00 1.56106e-05 2.02374e-01 1.08535e-16 5.45448e-04 
3164.52 1.55683e-05 2.04010e-01 1.08210e-16 5.47508e-04 
3170.00 1.54013e-05 2.06004e-01 1.07881e-16 5.46210e-04 
3180.00 1.48215e-05 2.09665e-01 1.07411e-16 5.34338e-04 
3180.34 1.48010e-05 2.09790e-01 1.07400e-16 5.33920e-04 
3190.00 1.44275e-05 2.13350e-01 1.07273e-16 5.30260e-04 
3196.24 1.45247e-05 2.15660e-01 1.07371e-16 5.41163e-04 
3200.00 1.46622e-05 2.17053e-01 1.07483e-16 5.51036e-04 
3210.00 1.49197e-05 2.20771e-01 1.08003e-16 5.74868e-04 
3212.22 1.48957e-05 2.21600e-01 1.08192e-16 5.77503e-04 
3220.00 1.46093e-05 2.24505e-01 1.08967e-16 5.79334e-04 
3228.29 1.42805e-05 2.27610e-01 1.09787e-16 5.79939e-04 
3230.00 1.42498e-05 2.28254e-01 1.09980e-16 5.81658e-04 
3240.00 1.44199e-05 2.32018e-01 1.11372e-16 6.07753e-04 
3244.43 1.46013e-05 2.33690e-01 1.12063e-16 6.24531e-04 
3250.00 1.48276e-05 2.35799e-01 1.12932e-16 6.46006e-04 
3260.00 1.50674e-05 2.39593e-01 1.14473e-16 6.78196e-04 
3260.65 1.50762e-05 2.39840e-01 1.14581e-16 6.80068e-04 
3270.00 1.51481e-05 2.43398e-01 1.16193e-16 7.05222e-04 
3276.95 1.51689e-05 2.46050e-01 1.17250e-16 7.21910e-04 
3280.00 1.51789e-05 2.47215e-01 1.17654e-16 7.28988e-04 
3290.00 1.52555e-05 2.51048e-01 1.18778e-16 7.53421e-04 
3293.34 1.53051e-05 2.52330e-01 1.19109e-16 7.62622e-04 
3300.00 1.54173e-05 2.54892e-01 1.19654e-16 7.81140e-04 
3309.80 1.54955e-05 2.58670e-01 1.20094e-16 8.02041e-04 
3310.00 1.54948e-05 2.58746e-01 1.20101e-16 8.02335e-04 
3320.00 1.53413e-05 2.62610e-01 1.20392e-16 8.10644e-04 
3326.35 1.51906e-05 2.65070e-01 1.20382e-16 8.11688e-04 
3330.00 1.51135e-05 2.66485e-01 1.20346e-16 8.12525e-04 
3340.00 1.49871e-05 2.70369e-01 1.20212e-16 8.19016e-04 
3342.98 1.49640e-05 2.71530e-01 1.20100e-16 8.21237e-04 
3350.00 1.49112e-05 2.74260e-01 1.19719e-16 8.25667e-04 
3359.70 1.48129e-05 2.78040e-01 1.19108e-16 8.29682e-04 
3360.00 1.48098e-05 2.78157e-01 1.19088e-16 8.29794e-04 
3370.00 1.47323e-05 2.82067e-01 1.18392e-16 8.34638e-04 
3376.50 1.47269e-05 2.84610e-01 1.17893e-16 8.39921e-04 
3380.00 1.47372e-05 2.85981e-01 1.17600e-16 8.43338e-04 
3390.00 1.47943e-05 2.89895e-01 1.16645e-16 8.53734e-04 
3393.38 1.48165e-05 2.91220e-01 1.16278e-16 8.57077e-04 
3400.00 1.48602e-05 2.93817e-01 1.15528e-16 8.63359e-04 
3410.00 1.49290e-05 2.97744e-01 1.14381e-16 8.72777e-04 
3410.35 1.49314e-05 2.97880e-01 1.14340e-16 8.73097e-04 
3420.00 1.49959e-05 3.01673e-01 1.13123e-16 8.81070e-04 
3427.40 1.50240e-05 3.04580e-01 1.12057e-16 8.84737e-04 
3430.00 1.50258e-05 3.05602e-01 1.11655e-16 8.85294e-04 
3440.00 1.49881e-05 3.09533e-01 1.10087e-16 8.84449e-04 
3444.54 1.49537e-05 3.11320e-01 1.09448e-16 8.83519e-04 
3450.00 1.49040e-05 3.13475e-01 1.08627e-16 8.81425e-04 
3460.00 1.48040e-05 3.17411e-01 1.06791e-16 8.74051e-04 
3461.76 1.47861e-05 3.18100e-01 1.06491e-16 8.72876e-04 
3470.00 1.47050e-05 3.21312e-01 1.05231e-16 8.68539e-04 
3479.07 1.46370e-05 3.24840e-01 1.03908e-16 8.65283e-04 
3480.00 1.46334e-05 3.25204e-01 1.03782e-16 8.65218e-04 
3490.00 1.46670e-05 3.29121e-01 1.02593e-16 8.70087e-04 
3496.46 1.47723e-05 3.31660e-01 1.01915e-16 8.78881e-04 
3500.00 1.48412e-05 3.33050e-01 1.01564e-16 8.84530e-04 
3510.00 1.49706e-05 3.36979e-01 1.00708e-16 8.97713e-04 
3513.95 1.49623e-05 3.38530e-01 1.00461e-16 9.00143e-04 
3520.00 1.49087e-05 3.40912e-01 1.00142e-16 9.01914e-04 
3530.00 1.48861e-05 3.44845e-01 9.97063e-17 9.09550e-04 
3531.51 1.49060e-05 3.45440e-01 9.96751e-17 9.12443e-04 
3540.00 1.50976e-05 3.48767e-01 9.95724e-17 9.34349e-04 
3549.17 1.52210e-05 3.52360e-01 9.92880e-17 9.51432e-04 
3550.00 1.52162e-05 3.52684e-01 9.92666e-17 9.52024e-04 
3560.00 1.49372e-05 3.56602e-01 9.91060e-17 9.46078e-04 
3566.92 1.46622e-05 3.59310e-01 9.88935e-17 9.35521e-04 
3570.00 1.45651e-05 3.60515e-01 9.88001e-17 9.32361e-04 
3580.00 1.44431e-05 3.64418e-01 9.85821e-17 9.35113e-04 
3584.75 1.44478e-05 3.66270e-01 9.83929e-17 9.39613e-04 
3590.00 1.44607e-05 3.68313e-01 9.80430e-17 9.43715e-04 
3600.00 1.44543e-05 3.72201e-01 9.68960e-17 9.44725e-04 
3602.68 1.44560e-05 3.73240e-01 9.64953e-17 9.44258e-04 
3610.00 1.45019e-05 3.76080e-01 9.52557e-17 9.44118e-04 
3620.00 1.46550e-05 3.79953e-01 9.33477e-17 9.47218e-04 
3620.69 1.46629e-05 3.80220e-01 9.32088e-17 9.47163e-04 
3630.00 1.46163e-05 3.83824e-01 9.13289e-17 9.36287e-04 
3638.79 1.44020e-05 3.87220e-01 8.98287e-17 9.17649e-04 
3640.00 1.44176e-05 3.87685e-01 8.96733e-17 9.18460e-04 
3650.00 1.50038e-05 3.91528e-01 8.90157e-17 9.60828e-04 
3656.99 1.52046e-05 3.94210e-01 8.90623e-17 9.82753e-04 
3660.00 1.51931e-05 3.95367e-01 8.90348e-17 9.85392e-04 
3670.00 1.48859e-05 3.99203e-01 8.83198e-17 9.69651e-04 
3675.27 1.46461e-05 4.01220e-01 8.78126e-17 9.54717e-04 
3680.00 1.44442e-05 4.03023e-01 8.72607e-17 9.41049e-04 
3690.00 1.42441e-05 4.06825e-01 8.57886e-17 9.23471e-04 
3693.65 1.42975e-05 4.08210e-01 8.53540e-17 9.26289e-04 
3700.00 1.44930e-05 4.10620e-01 8.47027e-17 9.38907e-04 
3710.00 1.47080e-05 4.14409e-01 8.35633e-17 9.51251e-04 
3712.12 1.46902e-05 4.15210e-01 8.33181e-17 9.49684e-04 
3720.00 1.45535e-05 4.18185e-01 8.25807e-17 9.41196e-04 
3730.00 1.49743e-05 4.21946e-01 8.21677e-17 9.74849e-04 
3730.68 1.50550e-05 4.22200e-01 8.21339e-17 9.80468e-04 
3740.00 1.67323e-05 4.25694e-01 8.15559e-17 1.09372e-03 
3749.33 1.84869e-05 4.29180e-01 8.12012e-17 1.21602e-03 
3750.00 1.85778e-05 4.29430e-01 8.11774e-17 1.22258e-03 
3760.00 1.93024e-05 4.33152e-01 8.07301e-17 1.27761e-03 
3768.08 1.97055e-05 4.36150e-01 8.02857e-17 1.30889e-03 
3770.00 1.98743e-05 4.36862e-01 8.01527e-17 1.32075e-03 
3780.00 2.15229e-05 4.40560e-01 7.90974e-17 1.42720e-03 
3786.92 2.33619e-05 4.43110e-01 7.79285e-17 1.53789e-03 
3790.00 2.43461e-05 4.44243e-01 7.73959e-17 1.59710e-03 
3800.00 2.76183e-05 4.47911e-01 7.57901e-17 1.79353e-03 
3805.85 2.86222e-05 4.50050e-01 7.45690e-17 1.84034e-03 
3810.00 2.84524e-05 4.51563e-01 7.35839e-17 1.81329e-03 
3820.00 2.50928e-05 4.55200e-01 7.09724e-17 1.55893e-03 
3824.88 2.33115e-05 4.56970e-01 6.95083e-17 1.42572e-03 
3830.00 2.24712e-05 4.58821e-01 6.78983e-17 1.34974e-03 
3840.00 2.54124e-05 4.62428e-01 6.47095e-17 1.46998e-03 
3844.01 2.77364e-05 4.63870e-01 6.33652e-17 1.57763e-03 
3850.00 3.16237e-05 4.66025e-01 6.13409e-17 1.75209e-03 
3860.00 3.68157e-05 4.69608e-01 5.81980e-17 1.95519e-03 
3863.23 3.74316e-05 4.70760e-01 5.72626e-17 1.96238e-03 
3870.00 3.58291e-05 4.73170e-01 5.53800e-17 1.82911e-03 
3880.00 2.66260e-05 4.76712e-01 5.28106e-17 1.30930e-03 
3882.54 2.41998e-05 4.77610e-01 5.22643e-17 1.18067e-03 
3890.00 2.05252e-05 4.80242e-01 5.09256e-17 9.83005e-04 
3900.00 2.71261e-05 4.83756e-01 4.95033e-17 1.27537e-03 
3901.96 2.91500e-05 4.84440e-01 4.92523e-17 1.36619e-03 
3910.00 3.57938e-05 4.87246e-01 4.84059e-17 1.66171e-03 
3920.00 3.53517e-05 4.90721e-01 4.79547e-17 1.64167e-03 
3921.46 3.48281e-05 4.91230e-01 4.79093e-17 1.61810e-03 
3930.00 3.26902e-05 4.94192e-01 4.78286e-17 1.52868e-03 
3940.00 3.53777e-05 4.97634e-01 4.84480e-17 1.69175e-03 
3941.07 3.57266e-05 4.98000e-01 4.85231e-17 1.71280e-03 
3950.00 3.56292e-05 5.01018e-01 4.91706e-17 1.74536e-03 
3960.00 2.64159e-05 5.04369e-01 5.03445e-17 1.33716e-03 
3960.78 2.55731e-05 5.04630e-01 5.04534e-17 1.29823e-03 
3970.00 1.90904e-05 5.07725e-01 5.17936e-17 1.00331e-03 
3980.00 2.47531e-05 5.11085e-01 5.31433e-17 1.34703e-03 
3980.58 2.53538e-05 5.11280e-01 5.32217e-17 1.38249e-03 
3990.00 3.51146e-05 5.14437e-01 5.45503e-17 1.97931e-03 
4000.00 3.99466e-05 5.17778e-01 5.61142e-17 2.33711e-03 
4000.48 4.00412e-05 5.17940e-01 5.61960e-17 2.34708e-03 
4010.00 4.06538e-05 5.21109e-01 5.77927e-17 2.47155e-03 
4020.00 4.07898e-05 5.24419e-01 5.90812e-17 2.55758e-03 
4020.49 4.07970e-05 5.24580e-01 5.91361e-17 2.56151e-03 
4030.00 4.08719e-05 5.27704e-01 6.02780e-17 2.63756e-03 
4040.00 4.07078e-05 5.30968e-01 6.17998e-17 2.71667e-03 
4040.59 4.06901e-05 5.31160e-01 6.18804e-17 2.72042e-03 
4050.00 4.03063e-05 5.34220e-01 6.30080e-17 2.76609e-03 
4060.00 3.95692e-05 5.37455e-01 6.44839e-17 2.80285e-03 
4060.79 3.94770e-05 5.37710e-01 6.46272e-17 2.80441e-03 
4070.00 3.77701e-05 5.40668e-01 6.64606e-17 2.78074e-03 
4080.00 3.42299e-05 5.43861e-01 6.85101e-17 2.61957e-03 
4081.10 3.37382e-05 5.44210e-01 6.87628e-17 2.59383e-03 
4090.00 2.90878e-05 5.47038e-01 7.11789e-17 2.33199e-03 
4100.00 2.35383e-05 5.50197e-01 7.45856e-17 1.99369e-03 
4101.50 2.29336e-05 5.50670e-01 7.51260e-17 1.95893e-03 
4110.00 2.21786e-05 5.53336e-01 7.84283e-17 1.99141e-03 
4120.00 2.81950e-05 5.56455e-01 8.33492e-17 2.71221e-03 
4122.01 2.98477e-05 5.57080e-01 8.44685e-17 2.91444e-03 
4130.00 3.57280e-05 5.59558e-01 8.92871e-17 3.71121e-03 
4140.00 3.86213e-05 5.62645e-01 9.61389e-17 4.35396e-03 
4142.62 3.87447e-05 5.63450e-01 9.81176e-17 4.46697e-03 
4150.00 3.85777e-05 5.65712e-01 1.04168e-16 4.74941e-03 
4160.00 3.85526e-05 5.68760e-01 1.13437e-16 5.20897e-03 
4163.33 3.86021e-05 5.69770e-01 1.16720e-16 5.38044e-03 
4170.00 3.86538e-05 5.71784e-01 1.23607e-16 5.73491e-03 
4180.00 3.84540e-05 5.74788e-01 1.34795e-16 6.26935e-03 
4184.15 3.83388e-05 5.76030e-01 1.39590e-16 6.49332e-03 
4190.00 3.82330e-05 5.77777e-01 1.46537e-16 6.82784e-03 
4200.00 3.82744e-05 5.80750e-01 1.58902e-16 7.46793e-03 
4205.07 3.82765e-05 5.82250e-01 1.65022e-16 7.78540e-03 
4210.00 3.81711e-05 5.83703e-01 1.70786e-16 8.06460e-03 
4220.00 3.75737e-05 5.86633e-01 1.81702e-16 8.50835e-03 
4226.10 3.71966e-05 5.88410e-01 1.87519e-16 8.73153e-03 
4230.00 3.70543e-05 5.89545e-01 1.90993e-16 8.88459e-03 
4240.00 3.71186e-05 5.92440e-01 1.99252e-16 9.35250e-03 
4247.23 3.71598e-05 5.94520e-01 2.04278e-16 9.64916e-03 
4250.00 3.70839e-05 5.95316e-01 2.05974e-16 9.72874e-03 
4260.00 3.63188e-05 5.98170e-01 2.10983e-16 9.82959e-03 
4268.46 3.56500e-05 6.00570e-01 2.13801e-16 9.83622e-03 
4270.00 3.55832e-05 6.01005e-01 2.14198e-16 9.84667e-03 
4280.00 3.56023e-05 6.03823e-01 2.16098e-16 1.00094e-02 
4289.80 3.55800e-05 6.06570e-01 2.16801e-16 1.01044e-02 
4290.00 3.55714e-05 6.06625e-01 2.16802e-16 1.01033e-02 
4300.00 3.44941e-05 6.09410e-01 2.16305e-16 9.84265e-03 
4310.00 3.21386e-05 6.12175e-01 2.15487e-16 9.19864e-03 
4311.25 3.17516e-05 6.12520e-01 2.15373e-16 9.09083e-03 
4320.00 2.85898e-05 6.14916e-01 2.14393e-16 8.19682e-03 
4330.00 2.44341e-05 6.17638e-01 2.12955e-16 7.00535e-03 
4332.81 2.32650e-05 6.18400e-01 2.12693e-16 6.67448e-03 
4340.00 2.08419e-05 6.20347e-01 2.12592e-16 6.00526e-03 
4350.00 2.08186e-05 6.23041e-01 2.13892e-16 6.07540e-03 
4354.47 2.27315e-05 6.24240e-01 2.14865e-16 6.68351e-03 
4360.00 2.61890e-05 6.25714e-01 2.16603e-16 7.79057e-03 
4370.00 3.22211e-05 6.28365e-01 2.22063e-16 9.89083e-03 
4376.25 3.38886e-05 6.30010e-01 2.27094e-16 1.06815e-02 
4380.00 3.41537e-05 6.30996e-01 2.30720e-16 1.09634e-02 
4390.00 3.36675e-05 6.33610e-01 2.42683e-16 1.14409e-02 
4398.13 3.34136e-05 6.35720e-01 2.55396e-16 1.20114e-02 
4400.00 3.34019e-05 6.36205e-01 2.58826e-16 1.21830e-02 
4410.00 3.33921e-05 6.38780e-01 2.79921e-16 1.32554e-02 
4420.00 3.31948e-05 6.41340e-01 3.03489e-16 1.43763e-02 
4420.12 3.31921e-05 6.41370e-01 3.03791e-16 1.43905e-02 
4430.00 3.30592e-05 6.43886e-01 3.31684e-16 1.57454e-02 
4440.00 3.32669e-05 6.46413e-01 3.63584e-16 1.74756e-02 
4442.22 3.33363e-05 6.46970e-01 3.71067e-16 1.78969e-02 
4450.00 3.35377e-05 6.48914e-01 3.98519e-16 1.94291e-02 
4460.00 3.35379e-05 6.51399e-01 4.35760e-16 2.13741e-02 
4464.43 3.34497e-05 6.52500e-01 4.51927e-16 2.21682e-02 
4470.00 3.32805e-05 6.53886e-01 4.72011e-16 2.31140e-02 
4480.00 3.29175e-05 6.56353e-01 5.07685e-16 2.47377e-02 
4486.75 3.27912e-05 6.57980e-01 5.29977e-16 2.58275e-02 
4490.00 3.28093e-05 6.58747e-01 5.40231e-16 2.63915e-02 
4500.00 3.31695e-05 6.61064e-01 5.69106e-16 2.82691e-02 
4509.19 3.34191e-05 6.63190e-01 5.88292e-16 2.95970e-02 
4510.00 3.34163e-05 6.63381e-01 5.89726e-16 2.96806e-02 
4520.00 3.29951e-05 6.65750e-01 6.03824e-16 3.01810e-02 
4530.00 3.22554e-05 6.68138e-01 6.08324e-16 2.98968e-02 
4531.73 3.21370e-05 6.68550e-01 6.08281e-16 2.98148e-02 
4540.00 3.17145e-05 6.70500e-01 6.04833e-16 2.93948e-02 
4550.00 3.16574e-05 6.72832e-01 5.92678e-16 2.89158e-02 
4554.39 3.18273e-05 6.73850e-01 5.85079e-16 2.87694e-02 
4560.00 3.21212e-05 6.75148e-01 5.73446e-16 2.85477e-02 
4570.00 3.23838e-05 6.77450e-01 5.47285e-16 2.76222e-02 
4577.16 3.20632e-05 6.79090e-01 5.25048e-16 2.63422e-02 
4580.00 3.18665e-05 6.79737e-01 5.15649e-16 2.57525e-02 
4590.00 3.13243e-05 6.82007e-01 4.81085e-16 2.37480e-02 
4600.00 3.14981e-05 6.84259e-01 4.45606e-16 2.22401e-02 
4600.05 3.14999e-05 6.84270e-01 4.45433e-16 2.22333e-02 
4610.00 3.17383e-05 6.86497e-01 4.08392e-16 2.06501e-02 
4620.00 3.13481e-05 6.88717e-01 3.70799e-16 1.86190e-02 
4623.05 3.11671e-05 6.89390e-01 3.59164e-16 1.79600e-02 
4630.00 3.08322e-05 6.90919e-01 3.32521e-16 1.65103e-02 
4640.00 3.07854e-05 6.93102e-01 2.95624e-16 1.47341e-02 
4646.16 3.08972e-05 6.94440e-01 2.74828e-16 1.37922e-02 
4650.00 3.09628e-05 6.95270e-01 2.62528e-16 1.32296e-02 
4660.00 3.09831e-05 6.97422e-01 2.32054e-16 1.17630e-02 
4669.39 3.07794e-05 6.99430e-01 2.04957e-16 1.03717e-02 
4670.00 3.07586e-05 6.99559e-01 2.03186e-16 1.02784e-02 
4680.00 3.02844e-05 7.01680e-01 1.74418e-16 8.73209e-03 
4690.00 2.95919e-05 7.03785e-01 1.50552e-16 7.40277e-03 
4692.74 2.93713e-05 7.04360e-01 1.44381e-16 7.05634e-03 
4700.00 2.88191e-05 7.05876e-01 1.28417e-16 6.18092e-03 
4710.00 2.84944e-05 7.07951e-01 1.08393e-16 5.18453e-03 
4716.20 2.87314e-05 7.09230e-01 9.73200e-17 4.70828e-03 
4720.00 2.89857e-05 7.10009e-01 9.10345e-17 4.45163e-03 
4730.00 2.96284e-05 7.12048e-01 7.63292e-17 3.83435e-03 
4739.79 2.97246e-05 7.14030e-01 6.47748e-17 3.28035e-03 
4740.00 2.97213e-05 7.14073e-01 6.45412e-17 3.26851e-03 
4750.00 2.94499e-05 7.16087e-01 5.43515e-17 2.74081e-03 
4760.00 2.91558e-05 7.18087e-01 4.60430e-17 2.30991e-03 
4763.48 2.90661e-05 7.18780e-01 4.35830e-17 2.18347e-03 
4770.00 2.89194e-05 7.20070e-01 3.94053e-17 1.97042e-03 
4780.00 2.87309e-05 7.22035e-01 3.37465e-17 1.68456e-03 
4787.30 2.85628e-05 7.23460e-01 3.03606e-17 1.51196e-03 
4790.00 2.84822e-05 7.23985e-01 2.92500e-17 1.45442e-03 
4800.00 2.80904e-05 7.25921e-01 2.56444e-17 1.26359e-03 
4810.00 2.76718e-05 7.27843e-01 2.28341e-17 1.11360e-03 
4811.24 2.76259e-05 7.28080e-01 2.25434e-17 1.09824e-03 
4820.00 2.72167e-05 7.29751e-01 2.07618e-17 1.00056e-03 
4830.00 2.60113e-05 7.31644e-01 1.90527e-17 8.81633e-04 
4835.29 2.48054e-05 7.32640e-01 1.82452e-17 8.07107e-04 
4840.00 2.34342e-05 7.33521e-01 1.75462e-17 7.34877e-04 
4850.00 1.99383e-05 7.35381e-01 1.59977e-17 5.72692e-04 
4859.47 1.67426e-05 7.37130e-01 1.49767e-17 4.52165e-04 
4860.00 1.66088e-05 7.37227e-01 1.49844e-17 4.48889e-04 
4870.00 1.59879e-05 7.39063e-01 1.58677e-17 4.59661e-04 
4880.00 1.97019e-05 7.40886e-01 1.50150e-17 5.38428e-04 
4883.77 2.15768e-05 7.41570e-01 1.46764e-17 5.77349e-04 
4890.00 2.42569e-05 7.42696e-01 1.43918e-17 6.38254e-04 
4900.00 2.60241e-05 7.44492e-01 1.42885e-17 6.82878e-04 
4908.19 2.60092e-05 7.45950e-01 1.41887e-17 6.80179e-04 
4910.00 2.59546e-05 7.46271e-01 1.41738e-17 6.78583e-04 
4920.00 2.57855e-05 7.48035e-01 1.41624e-17 6.76583e-04 
4930.00 2.58180e-05 7.49785e-01 1.40553e-17 6.75259e-04 
4932.73 2.58542e-05 7.50260e-01 1.40390e-17 6.76222e-04 
4940.00 2.59870e-05 7.51523e-01 1.40056e-17 6.80222e-04 
4950.00 2.61968e-05 7.53251e-01 1.38947e-17 6.83229e-04 
4957.39 2.63162e-05 7.54520e-01 1.39151e-17 6.89537e-04 
4960.00 2.63409e-05 7.54966e-01 1.39406e-17 6.92221e-04 
4970.00 2.62998e-05 7.56668e-01 1.41050e-17 7.02281e-04 
4980.00 2.59911e-05 7.58355e-01 1.42885e-17 7.06054e-04 
4982.18 2.58948e-05 7.58720e-01 1.42441e-17 7.01893e-04 
4990.00 2.54944e-05 7.60026e-01 1.40247e-17 6.82639e-04 
5000.00 2.49682e-05 7.61683e-01 1.42235e-17 6.80866e-04 
5007.09 2.47457e-05 7.62850e-01 1.42272e-17 6.76964e-04 
5010.00 2.47245e-05 7.63328e-01 1.42044e-17 6.76120e-04 
5020.00 2.49494e-05 7.64962e-01 1.42159e-17 6.85647e-04 
5030.00 2.51698e-05 7.66586e-01 1.42503e-17 6.96236e-04 
5032.12 2.51575e-05 7.66930e-01 1.42431e-17 6.96148e-04 
5040.00 2.49534e-05 7.68199e-01 1.42159e-17 6.91402e-04 
5050.00 2.46880e-05 7.69797e-01 1.42771e-17 6.89789e-04 
5057.29 2.47342e-05 7.70950e-01 1.42384e-17 6.91237e-04 
5060.00 2.47874e-05 7.71377e-01 1.42121e-17 6.92195e-04 
5070.00 2.49469e-05 7.72939e-01 1.41432e-17 6.96054e-04 
5080.00 2.48189e-05 7.74498e-01 1.41662e-17 6.96374e-04 
5082.57 2.47581e-05 7.74900e-01 1.41970e-17 6.96890e-04 
5090.00 2.46011e-05 7.76063e-01 1.42885e-17 6.99007e-04 
5100.00 2.45343e-05 7.77612e-01 1.43230e-17 7.01558e-04 
5107.98 2.45044e-05 7.78810e-01 1.44012e-17 7.06722e-04 
5110.00 2.44849e-05 7.79104e-01 1.43956e-17 7.06429e-04 
5120.00 2.42861e-05 7.80526e-01 1.42427e-17 6.95872e-04 
5130.00 2.40121e-05 7.81929e-01 1.44530e-17 7.00802e-04 
5133.52 2.39214e-05 7.82430e-01 1.45184e-17 7.02245e-04 
5140.00 2.37652e-05 7.83368e-01 1.46212e-17 7.04329e-04 
5150.00 2.35179e-05 7.84846e-01 1.48697e-17 7.11567e-04 
5159.19 2.32571e-05 7.86210e-01 1.49430e-17 7.09638e-04 
5160.00 2.32339e-05 7.86329e-01 1.49424e-17 7.09117e-04 
5170.00 2.29702e-05 7.87791e-01 1.49997e-17 7.06434e-04 
5180.00 2.27980e-05 7.89234e-01 1.53553e-17 7.20466e-04 
5184.99 2.27576e-05 7.89950e-01 1.54370e-17 7.24369e-04 
5190.00 2.27519e-05 7.90668e-01 1.54968e-17 7.28356e-04 
5200.00 2.28147e-05 7.92095e-01 1.57950e-17 7.47203e-04 
5210.00 2.27983e-05 7.93511e-01 1.61468e-17 7.66130e-04 
5210.91 2.27849e-05 7.93640e-01 1.61855e-17 7.67776e-04 
5220.00 2.25823e-05 7.94915e-01 1.65368e-17 7.80068e-04 
5230.00 2.24878e-05 7.96306e-01 1.67127e-17 7.87947e-04 
5236.97 2.26553e-05 7.97270e-01 1.71112e-17 8.14817e-04 
5240.00 2.27460e-05 7.97688e-01 1.72977e-17 8.27904e-04 
5250.00 2.27866e-05 7.99060e-01 1.76838e-17 8.50977e-04 
5260.00 2.21423e-05 8.00423e-01 1.80318e-17 8.46231e-04 
5263.15 2.19023e-05 8.00850e-01 1.81554e-17 8.43754e-04 
5270.00 2.15605e-05 8.01774e-01 1.84906e-17 8.47999e-04 
5280.00 2.17716e-05 8.03113e-01 1.91865e-17 8.91703e-04 
5289.47 2.22077e-05 8.04370e-01 1.98349e-17 9.43463e-04 
5290.00 2.22235e-05 8.04440e-01 1.98709e-17 9.46025e-04 
5300.00 2.22324e-05 8.05757e-01 2.05133e-17 9.80445e-04 
5310.00 2.18717e-05 8.07062e-01 2.10447e-17 9.93005e-04 
5315.92 2.15938e-05 8.07830e-01 2.14702e-17 1.00228e-03 
5320.00 2.14166e-05 8.08358e-01 2.17521e-17 1.00853e-03 
5330.00 2.11905e-05 8.09645e-01 2.23103e-17 1.02705e-03 
5340.00 2.13868e-05 8.10922e-01 2.30980e-17 1.07687e-03 
5342.50 2.14630e-05 8.11240e-01 2.32135e-17 1.08705e-03 
5350.00 2.16276e-05 8.12192e-01 2.35224e-17 1.11282e-03 
5360.00 2.15362e-05 8.13451e-01 2.43406e-17 1.15059e-03 
5369.21 2.13255e-05 8.14600e-01 2.45403e-17 1.15228e-03 
5370.00 2.13108e-05 8.14698e-01 2.45547e-17 1.15247e-03 
5380.00 2.12021e-05 8.15933e-01 2.49944e-17 1.17107e-03 
5390.00 2.10974e-05 8.17155e-01 2.55488e-17 1.19514e-03 
5396.05 2.09656e-05 8.17890e-01 2.57807e-17 1.20087e-03 
5400.00 2.08636e-05 8.18367e-01 2.59044e-17 1.20235e-03 
5410.00 2.06511e-05 8.19570e-01 2.61836e-17 1.20692e-03 
5420.00 2.06190e-05 8.20767e-01 2.63671e-17 1.21751e-03 
5423.03 2.06344e-05 8.21130e-01 2.64568e-17 1.22379e-03 
5430.00 2.06791e-05 8.21962e-01 2.66806e-17 1.23966e-03 
5440.00 2.07039e-05 8.23152e-01 2.68641e-17 1.25380e-03 
5450.00 2.06573e-05 8.24332e-01 2.70630e-17 1.26436e-03 
5450.15 2.06560e-05 8.24350e-01 2.70654e-17 1.26445e-03 
5460.00 2.05410e-05 8.25501e-01 2.71509e-17 1.26543e-03 
5470.00 2.04159e-05 8.26659e-01 2.71700e-17 1.26269e-03 
5477.40 2.03545e-05 8.27510e-01 2.71976e-17 1.26317e-03 
5480.00 2.03386e-05 8.27808e-01 2.72121e-17 1.26391e-03 
5490.00 2.02889e-05 8.28949e-01 2.72618e-17 1.26717e-03 
5500.00 2.02285e-05 8.30082e-01 2.72465e-17 1.26672e-03 
5504.79 2.01861e-05 8.30620e-01 2.72459e-17 1.26596e-03 
5510.00 2.01245e-05 8.31203e-01 2.72388e-17 1.26385e-03 
5520.00 1.99687e-05 8.32315e-01 2.71777e-17 1.25520e-03 
5530.00 1.98481e-05 8.33417e-01 2.72197e-17 1.25347e-03 
5532.31 1.98364e-05 8.33670e-01 2.72650e-17 1.25572e-03 
5540.00 1.98298e-05 8.34510e-01 2.74338e-17 1.26610e-03 
5550.00 1.98073e-05 8.35596e-01 2.75333e-17 1.27320e-03 
5559.97 1.96743e-05 8.36670e-01 2.77583e-17 1.27892e-03 
5560.00 1.96738e-05 8.36673e-01 2.77588e-17 1.27892e-03 
5570.00 1.94944e-05 8.37741e-01 2.78888e-17 1.27711e-03 
5580.00 1.93566e-05 8.38801e-01 2.81603e-17 1.28435e-03 
5587.77 1.92835e-05 8.39620e-01 2.84900e-17 1.29755e-03 
5590.00 1.92671e-05 8.39854e-01 2.85771e-17 1.30128e-03 
5600.00 1.92123e-05 8.40902e-01 2.88791e-17 1.31529e-03 
5610.00 1.91811e-05 8.41941e-01 2.92003e-17 1.33177e-03 
5615.71 1.91689e-05 8.42530e-01 2.93179e-17 1.33858e-03 
5620.00 1.91587e-05 8.42970e-01 2.93877e-17 1.34278e-03 
5630.00 1.91158e-05 8.43988e-01 2.95674e-17 1.35199e-03 
5640.00 1.90263e-05 8.44999e-01 2.97280e-17 1.35699e-03 
5643.79 1.89806e-05 8.45380e-01 2.97973e-17 1.35842e-03 
5650.00 1.88939e-05 8.46003e-01 2.99038e-17 1.35954e-03 
5660.00 1.87393e-05 8.47001e-01 2.99803e-17 1.35585e-03 
5670.00 1.86227e-05 8.47992e-01 2.99688e-17 1.35086e-03 
5672.01 1.86099e-05 8.48190e-01 2.99718e-17 1.35085e-03 
5680.00 1.85852e-05 8.48974e-01 2.99765e-17 1.35243e-03 
5690.00 1.85515e-05 8.49947e-01 2.98733e-17 1.34924e-03 
5700.00 1.84537e-05 8.50914e-01 2.97853e-17 1.34206e-03 
5700.37 1.84497e-05 8.50950e-01 2.97827e-17 1.34179e-03 
5710.00 1.83705e-05 8.51876e-01 2.97088e-17 1.33642e-03 
5720.00 1.83735e-05 8.52831e-01 2.96324e-17 1.33703e-03 
5728.87 1.83673e-05 8.53670e-01 2.96429e-17 1.34044e-03 
5730.00 1.83604e-05 8.53776e-01 2.96324e-17 1.33990e-03 
5740.00 1.82331e-05 8.54711e-01 2.94833e-17 1.32767e-03 
5750.00 1.80825e-05 8.55637e-01 2.96706e-17 1.32882e-03 
5757.52 1.80216e-05 8.56330e-01 2.96568e-17 1.32653e-03 
5760.00 1.80092e-05 8.56558e-01 2.96591e-17 1.32665e-03 
5770.00 1.79610e-05 8.57476e-01 2.98847e-17 1.33690e-03 
5780.00 1.78712e-05 8.58388e-01 3.02518e-17 1.35033e-03 
5786.30 1.78044e-05 8.58960e-01 3.07399e-17 1.36939e-03 
5790.00 1.77679e-05 8.59294e-01 3.10318e-17 1.38098e-03 
5800.00 1.76911e-05 8.60194e-01 3.16741e-17 1.40737e-03 
5810.00 1.76341e-05 8.61086e-01 3.26644e-17 1.45069e-03 
5815.23 1.76061e-05 8.61550e-01 3.30766e-17 1.46877e-03 
5820.00 1.75782e-05 8.61971e-01 3.34903e-17 1.48673e-03 
5830.00 1.75007e-05 8.62847e-01 3.48018e-17 1.54235e-03 
5840.00 1.73922e-05 8.63717e-01 3.59641e-17 1.58830e-03 
5844.31 1.73464e-05 8.64090e-01 3.63813e-17 1.60436e-03 
5850.00 1.72980e-05 8.64581e-01 3.69736e-17 1.62844e-03 
5860.00 1.72473e-05 8.65438e-01 3.82544e-17 1.68446e-03 
5870.00 1.71512e-05 8.66290e-01 3.92639e-17 1.72390e-03 
5873.53 1.70865e-05 8.66590e-01 3.95839e-17 1.73303e-03 
5880.00 1.69445e-05 8.67137e-01 4.01892e-17 1.74794e-03 
5890.00 1.67772e-05 8.67978e-01 4.11336e-17 1.77608e-03 
5900.00 1.67864e-05 8.68810e-01 4.17836e-17 1.80993e-03 
5902.90 1.68065e-05 8.69050e-01 4.19701e-17 1.82159e-03 
5910.00 1.68427e-05 8.69633e-01 4.24412e-17 1.84947e-03 
5920.00 1.67979e-05 8.70447e-01 4.29115e-17 1.86989e-03 
5930.00 1.66936e-05 8.71256e-01 4.29650e-17 1.86547e-03 
5932.41 1.66692e-05 8.71450e-01 4.30061e-17 1.86570e-03 
5940.00 1.66025e-05 8.72060e-01 4.31447e-17 1.86791e-03 
5950.00 1.65321e-05 8.72861e-01 4.29727e-17 1.85741e-03 
5960.00 1.64721e-05 8.73656e-01 4.27203e-17 1.84456e-03 
5962.08 1.64593e-05 8.73820e-01 4.26178e-17 1.83969e-03 
5970.00 1.64045e-05 8.74444e-01 4.20742e-17 1.81387e-03 
5980.00 1.63144e-05 8.75226e-01 4.12139e-17 1.77157e-03 
5990.00 1.62053e-05 8.76004e-01 4.00286e-17 1.71349e-03 
5991.89 1.61832e-05 8.76150e-01 3.98369e-17 1.70379e-03 
6000.00 1.60896e-05 8.76778e-01 3.90880e-17 1.66552e-03 
6010.00 1.59970e-05 8.77547e-01 3.79180e-17 1.61046e-03 
6020.00 1.59483e-05 8.78310e-01 3.67327e-17 1.55932e-03 
6021.85 1.59420e-05 8.78450e-01 3.65085e-17 1.54991e-03 
6030.00 1.59116e-05 8.79065e-01 3.55589e-17 1.50981e-03 
6040.00 1.58541e-05 8.79814e-01 3.46794e-17 1.47084e-03 
6050.00 1.57942e-05 8.80556e-01 3.39224e-17 1.43687e-03 
6051.96 1.57848e-05 8.80700e-01 3.37780e-17 1.43060e-03 
6060.00 1.57518e-05 8.81292e-01 3.33144e-17 1.41085e-03 
6070.00 1.57025e-05 8.82024e-01 3.31730e-17 1.40393e-03 
6080.00 1.56216e-05 8.82750e-01 3.29359e-17 1.39015e-03 
6082.21 1.56010e-05 8.82910e-01 3.28977e-17 1.38746e-03 
6090.00 1.55286e-05 8.83470e-01 3.28365e-17 1.38109e-03 
6100.00 1.54449e-05 8.84182e-01 3.28097e-17 1.37589e-03 
6110.00 1.53561e-05 8.84887e-01 3.28021e-17 1.37099e-03 
6112.63 1.53290e-05 8.85070e-01 3.27798e-17 1.36852e-03 
6120.00 1.52434e-05 8.85581e-01 3.26644e-17 1.35850e-03 
6130.00 1.51075e-05 8.86267e-01 3.24312e-17 1.34000e-03 
6140.00 1.49606e-05 8.86945e-01 3.21024e-17 1.31666e-03 
6143.19 1.49177e-05 8.87160e-01 3.19752e-17 1.30868e-03 
6150.00 1.48432e-05 8.87617e-01 3.17124e-17 1.29354e-03 
6160.00 1.47919e-05 8.88283e-01 3.14333e-17 1.28076e-03 
6170.00 1.48002e-05 8.88944e-01 3.11006e-17 1.27093e-03 
6173.91 1.48155e-05 8.89200e-01 3.09244e-17 1.26619e-03 
6180.00 1.48431e-05 8.89598e-01 3.07144e-17 1.26175e-03 
6190.00 1.48638e-05 8.90251e-01 3.07641e-17 1.26853e-03 
6200.00 1.48175e-05 8.90911e-01 3.09668e-17 1.27591e-03 
6204.77 1.47810e-05 8.91230e-01 3.12340e-17 1.28520e-03 
6210.00 1.47402e-05 8.91584e-01 3.16168e-17 1.29896e-03 
6220.00 1.46662e-05 8.92269e-01 3.24924e-17 1.33140e-03 
6230.00 1.45454e-05 8.92956e-01 3.39530e-17 1.38307e-03 
6235.80 1.44340e-05 8.93350e-01 3.50498e-17 1.41876e-03 
6240.00 1.43486e-05 8.93632e-01 3.59756e-17 1.44906e-03 
6250.00 1.42171e-05 8.94293e-01 3.86750e-17 1.54712e-03 
6260.00 1.42698e-05 8.94942e-01 4.20092e-17 1.69065e-03 
6266.98 1.43451e-05 8.95390e-01 4.48636e-17 1.81798e-03 
6270.00 1.43669e-05 8.95583e-01 4.62342e-17 1.87769e-03 
6280.00 1.43501e-05 8.96217e-01 5.13309e-17 2.08704e-03 
6290.00 1.42449e-05 8.96844e-01 5.74065e-17 2.32227e-03 
6298.31 1.41394e-05 8.97360e-01 6.31889e-17 2.54207e-03 
6300.00 1.41191e-05 8.97464e-01 6.44571e-17 2.59035e-03 
6310.00 1.40250e-05 8.98078e-01 7.28651e-17 2.91534e-03 
6320.00 1.39887e-05 8.98687e-01 8.30509e-17 3.32177e-03 
6329.80 1.39477e-05 8.99280e-01 9.42826e-17 3.76828e-03 
6330.00 1.39463e-05 8.99292e-01 9.45292e-17 3.77791e-03 
6340.00 1.38395e-05 8.99893e-01 1.08382e-16 4.30803e-03 
6350.00 1.37212e-05 9.00491e-01 1.23840e-16 4.89137e-03 
6360.00 1.36550e-05 9.01084e-01 1.40534e-16 5.53629e-03 
6361.45 1.36498e-05 9.01170e-01 1.43025e-16 5.63410e-03 
6370.00 1.36351e-05 9.01672e-01 1.57824e-16 6.22219e-03 
6380.00 1.36321e-05 9.02254e-01 1.74858e-16 6.90751e-03 
6390.00 1.35913e-05 9.02832e-01 1.90183e-16 7.50694e-03 
6393.26 1.35606e-05 9.03020e-01 1.94740e-16 7.67497e-03 
6400.00 1.34798e-05 9.03407e-01 2.03259e-16 7.97481e-03 
6410.00 1.33775e-05 9.03977e-01 2.12845e-16 8.30571e-03 
6420.00 1.33526e-05 9.04545e-01 2.17926e-16 8.50673e-03 
6425.23 1.33424e-05 9.04840e-01 2.18632e-16 8.53749e-03 
6430.00 1.33139e-05 9.05109e-01 2.18133e-16 8.50864e-03 
6440.00 1.31780e-05 9.05669e-01 2.13422e-16 8.25788e-03 
6450.00 1.30520e-05 9.06225e-01 2.03324e-16 7.80878e-03 
6457.35 1.30347e-05 9.06630e-01 1.93519e-16 7.43416e-03 
6460.00 1.30382e-05 9.06775e-01 1.89540e-16 7.28745e-03 
6470.00 1.30320e-05 9.07320e-01 1.72652e-16 6.64920e-03 
6480.00 1.29226e-05 9.07861e-01 1.54192e-16 5.90104e-03 
6489.64 1.27884e-05 9.08380e-01 1.35480e-16 5.14164e-03 
6490.00 1.27843e-05 9.08399e-01 1.34780e-16 5.11382e-03 
6500.00 1.27034e-05 9.08937e-01 1.15727e-16 4.37245e-03 
6510.00 1.26307e-05 9.09471e-01 9.76645e-17 3.67671e-03 
6520.00 1.24806e-05 9.10000e-01 8.15407e-17 3.03964e-03 
6522.09 1.24306e-05 9.10110e-01 7.84155e-17 2.91272e-03 
6530.00 1.21567e-05 9.10523e-01 6.75006e-17 2.45614e-03 
6540.00 1.15409e-05 9.11039e-01 5.57853e-17 1.93107e-03 
6550.00 1.04371e-05 9.11550e-01 4.42612e-17 1.38851e-03 
6554.70 9.72028e-06 9.11790e-01 3.92726e-17 1.14852e-03 
6560.00 8.93382e-06 9.12060e-01 3.53600e-17 9.51481e-04 
6570.00 8.33614e-06 9.12568e-01 3.31118e-17 8.33109e-04 
6580.00 9.64211e-06 9.13074e-01 2.72044e-17 7.93354e-04 
6587.47 1.10294e-05 9.13450e-01 2.34162e-17 7.82344e-04 
6590.00 1.14052e-05 9.13577e-01 2.24594e-17 7.76348e-04 
6600.00 1.20634e-05 9.14076e-01 1.94733e-17 7.13439e-04 
6610.00 1.20365e-05 9.14570e-01 1.67700e-17 6.14294e-04 
6620.00 1.20591e-05 9.15060e-01 1.48009e-17 5.44296e-04 
6620.41 1.20625e-05 9.15080e-01 1.47330e-17 5.41995e-04 
6630.00 1.21419e-05 9.15545e-01 1.32256e-17 4.90704e-04 
6640.00 1.21523e-05 9.16025e-01 1.16809e-17 4.34642e-04 
6650.00 1.21081e-05 9.16503e-01 1.04153e-17 3.86924e-04 
6653.51 1.20897e-05 9.16670e-01 9.99726e-18 3.71092e-04 
6660.00 1.20574e-05 9.16979e-01 9.31030e-18 3.45124e-04 
6670.00 1.20179e-05 9.17454e-01 8.59148e-18 3.18076e-04 
6680.00 1.19941e-05 9.17929e-01 7.89559e-18 2.92322e-04 
6686.78 1.19781e-05 9.18250e-01 7.45574e-18 2.76046e-04 
6690.00 1.19681e-05 9.18403e-01 7.25324e-18 2.68497e-04 
6700.00 1.19240e-05 9.18875e-01 6.68353e-18 2.46991e-04 
6710.00 1.18755e-05 9.19345e-01 6.33559e-18 2.33649e-04 
6720.00 1.18359e-05 9.19810e-01 5.91883e-18 2.17986e-04 
6720.21 1.18351e-05 9.19820e-01 5.91167e-18 2.17716e-04 
6730.00 1.17855e-05 9.20270e-01 5.68177e-18 2.08778e-04 
6740.00 1.17096e-05 9.20726e-01 5.41795e-18 1.98195e-04 
6750.00 1.16463e-05 9.21178e-01 5.18089e-18 1.88871e-04 
6753.81 1.16352e-05 9.21350e-01 5.14377e-18 1.87479e-04 
6760.00 1.16289e-05 9.21628e-01 5.08147e-18 1.85334e-04 
6770.00 1.16192e-05 9.22075e-01 4.84059e-18 1.76748e-04 
6780.00 1.15760e-05 9.22518e-01 4.69912e-18 1.71279e-04 
6787.58 1.15313e-05 9.22850e-01 4.51296e-18 1.64101e-04 
6790.00 1.15176e-05 9.22955e-01 4.44677e-18 1.61578e-04 
6800.00 1.14691e-05 9.23386e-01 4.20971e-18 1.52614e-04 
6810.00 1.14225e-05 9.23812e-01 3.98030e-18 1.43990e-04 
6820.00 1.13667e-05 9.24236e-01 3.75471e-18 1.35426e-04 
6821.52 1.13578e-05 9.24300e-01 3.72602e-18 1.34325e-04 
6830.00 1.13094e-05 9.24659e-01 3.56353e-18 1.28129e-04 
6840.00 1.12605e-05 9.25082e-01 3.29971e-18 1.18357e-04 
6850.00 1.12200e-05 9.25504e-01 3.10853e-18 1.11312e-04 
6855.63 1.11998e-05 9.25740e-01 3.00183e-18 1.07413e-04 
6860.00 1.11847e-05 9.25923e-01 2.91736e-18 1.04336e-04 
6870.00 1.11485e-05 9.26339e-01 2.73383e-18 9.76423e-05 
6880.00 1.11066e-05 9.26753e-01 2.56559e-18 9.14627e-05 
6889.91 1.10616e-05 9.27160e-01 2.49741e-18 8.88381e-05 
6890.00 1.10612e-05 9.27164e-01 2.49677e-18 8.88132e-05 
6900.00 1.10152e-05 9.27572e-01 2.37441e-18 8.42691e-05 
6910.00 1.09679e-05 9.27977e-01 2.20235e-18 7.79742e-05 
6920.00 1.09189e-05 9.28377e-01 2.17941e-18 7.69615e-05 
6924.36 1.08980e-05 9.28550e-01 2.12999e-18 7.51337e-05 
6930.00 1.08725e-05 9.28772e-01 2.05324e-18 7.23323e-05 
6940.00 1.08315e-05 9.29162e-01 2.00353e-18 7.04467e-05 
6950.00 1.07892e-05 9.29547e-01 1.91941e-18 6.73500e-05 
6958.98 1.07453e-05 9.29890e-01 1.91514e-18 6.70376e-05 
6960.00 1.07402e-05 9.29929e-01 1.91559e-18 6.70345e-05 
6970.00 1.06966e-05 9.30308e-01 1.89265e-18 6.60845e-05 
6980.00 1.06661e-05 9.30682e-01 1.84294e-18 6.42834e-05 
6990.00 1.06218e-05 9.31052e-01 1.75500e-18 6.10733e-05 
6993.77 1.05950e-05 9.31190e-01 1.74835e-18 6.07302e-05 
7000.00 1.05430e-05 9.31416e-01 1.75882e-18 6.08630e-05 
7010.00 1.04681e-05 9.31778e-01 1.75882e-18 6.05404e-05 
7020.00 1.04351e-05 9.32143e-01 1.75882e-18 6.04591e-05 
7028.74 1.04230e-05 9.32470e-01 1.71806e-18 5.90836e-05 
7030.00 1.04210e-05 9.32518e-01 1.71294e-18 5.89098e-05 
7040.00 1.03951e-05 9.32904e-01 1.68618e-18 5.79516e-05 
7050.00 1.03564e-05 9.33286e-01 1.64030e-18 5.62676e-05 
7060.00 1.03132e-05 9.33648e-01 1.69765e-18 5.80966e-05 
7063.88 1.02984e-05 9.33780e-01 1.71130e-18 5.85201e-05 
7070.00 1.02810e-05 9.33975e-01 1.70912e-18 5.84098e-05 
7080.00 1.02626e-05 9.34265e-01 1.68618e-18 5.76219e-05 
7090.00 1.02012e-05 9.34529e-01 1.69000e-18 5.75044e-05 
7099.20 1.00723e-05 9.34760e-01 1.69248e-18 5.69490e-05 
7100.00 1.00602e-05 9.34780e-01 1.69382e-18 5.69332e-05 
7110.00 9.94334e-06 9.35015e-01 1.72824e-18 5.75104e-05 
7120.00 9.94560e-06 9.35194e-01 1.76265e-18 5.87627e-05 
7130.00 9.98616e-06 9.35272e-01 1.81235e-18 6.07564e-05 
7134.70 9.98606e-06 9.35260e-01 1.80665e-18 6.06037e-05 
7140.00 9.97002e-06 9.35206e-01 1.78177e-18 5.97139e-05 
7150.00 9.92117e-06 9.35056e-01 1.72441e-18 5.75800e-05 
7160.00 9.88136e-06 9.34980e-01 1.65941e-18 5.52599e-05 
7170.00 9.84450e-06 9.35137e-01 1.64412e-18 5.46317e-05 
7170.37 9.84294e-06 9.35150e-01 1.64532e-18 5.46665e-05 
7180.00 9.79833e-06 9.35637e-01 1.67471e-18 5.54940e-05 
7190.00 9.75370e-06 9.36359e-01 1.59824e-18 5.28329e-05 
7200.00 9.72224e-06 9.37119e-01 1.56382e-18 5.16422e-05 
7206.23 9.70589e-06 9.37530e-01 1.55917e-18 5.14691e-05 
7210.00 9.69549e-06 9.37736e-01 1.54853e-18 5.11009e-05 
7220.00 9.66187e-06 9.38137e-01 1.48735e-18 4.90007e-05 
7230.00 9.61752e-06 9.38399e-01 1.47206e-18 4.83546e-05 
7240.00 9.56500e-06 9.38610e-01 1.47588e-18 4.82930e-05 
7242.26 9.55397e-06 9.38660e-01 1.47773e-18 4.83153e-05 
7250.00 9.52489e-06 9.38852e-01 1.46824e-18 4.79197e-05 
7260.00 9.51075e-06 9.39152e-01 1.38794e-18 4.53087e-05 
7270.00 9.49005e-06 9.39510e-01 1.33824e-18 4.36677e-05 
7278.47 9.44382e-06 9.39860e-01 1.39255e-18 4.52882e-05 
7280.00 9.43376e-06 9.39928e-01 1.39559e-18 4.53515e-05 
7290.00 9.37296e-06 9.40399e-01 1.31530e-18 4.25464e-05 
7300.00 9.34087e-06 9.40896e-01 1.25794e-18 4.06290e-05 
7310.00 9.31918e-06 9.41390e-01 1.24647e-18 4.02412e-05 
7314.86 9.30401e-06 9.41620e-01 1.23121e-18 3.97197e-05 
7320.00 9.28496e-06 9.41852e-01 1.21206e-18 3.90590e-05 
7330.00 9.24825e-06 9.42273e-01 1.20824e-18 3.88522e-05 
7340.00 9.22237e-06 9.42662e-01 1.21971e-18 3.91808e-05 
7350.00 9.20053e-06 9.43029e-01 1.07441e-18 3.44921e-05 
7351.43 9.19704e-06 9.43080e-01 1.06291e-18 3.41183e-05 
7360.00 9.17255e-06 9.43383e-01 1.05912e-18 3.39565e-05 
7370.00 9.13476e-06 9.43727e-01 1.02471e-18 3.27743e-05 
7380.00 9.08658e-06 9.44062e-01 9.67354e-19 3.08295e-05 
7388.19 9.04295e-06 9.44330e-01 9.74773e-19 3.09598e-05 
7390.00 9.03321e-06 9.44388e-01 9.75001e-19 3.09432e-05 
7400.00 8.98020e-06 9.44707e-01 9.52060e-19 3.00886e-05 
7410.00 8.92869e-06 9.45017e-01 9.86471e-19 3.10494e-05 
7420.00 8.88071e-06 9.45318e-01 9.86471e-19 3.09341e-05 
7425.13 8.86056e-06 9.45470e-01 9.90140e-19 3.10051e-05 
7430.00 8.84618e-06 9.45612e-01 9.97942e-19 3.12238e-05 
7440.00 8.82944e-06 9.45898e-01 1.00941e-18 3.15749e-05 
7450.00 8.80477e-06 9.46179e-01 1.01706e-18 3.17773e-05 
7460.00 8.75108e-06 9.46457e-01 1.06294e-18 3.30624e-05 
7462.26 8.73734e-06 9.46520e-01 1.08250e-18 3.36302e-05 
7470.00 8.69602e-06 9.46735e-01 1.11647e-18 3.45653e-05 
7480.00 8.66898e-06 9.47012e-01 1.00559e-18 3.10863e-05 
7490.00 8.65774e-06 9.47288e-01 1.02471e-18 3.16877e-05 
7499.57 8.64412e-06 9.47550e-01 1.10469e-18 3.41603e-05 
7500.00 8.64335e-06 9.47562e-01 1.10500e-18 3.41694e-05 
7510.00 8.62175e-06 9.47833e-01 1.03618e-18 3.20129e-05 
7520.00 8.59419e-06 9.48103e-01 1.01324e-18 3.12545e-05 
7530.00 8.56839e-06 9.48371e-01 9.78824e-19 3.01509e-05 
7537.07 8.55488e-06 9.48560e-01 9.45629e-19 2.91156e-05 
7540.00 8.54965e-06 9.48638e-01 9.32942e-19 2.87209e-05 
7550.00 8.52688e-06 9.48904e-01 9.17648e-19 2.82201e-05 
7560.00 8.49019e-06 9.49168e-01 9.48236e-19 2.90818e-05 
7570.00 8.45068e-06 9.49428e-01 8.87060e-19 2.71222e-05 
7574.75 8.43516e-06 9.49550e-01 8.75031e-19 2.67255e-05 
7580.00 8.42024e-06 9.49683e-01 8.71765e-19 2.66008e-05 
7590.00 8.39289e-06 9.49934e-01 8.41177e-19 2.56246e-05 
7600.00 8.36089e-06 9.50183e-01 8.18236e-19 2.48700e-05 
7610.00 8.32743e-06 9.50434e-01 7.99118e-19 2.42299e-05 
7612.63 8.31911e-06 9.50500e-01 7.79769e-19 2.36294e-05 
7620.00 8.29680e-06 9.50687e-01 7.41765e-19 2.24436e-05 
7630.00 8.26667e-06 9.50941e-01 8.10589e-19 2.44755e-05 
7640.00 8.23297e-06 9.51188e-01 7.57059e-19 2.28018e-05 
7650.00 8.19125e-06 9.51424e-01 7.60883e-19 2.28364e-05 
7650.69 8.18796e-06 9.51440e-01 7.62428e-19 2.28760e-05 
7660.00 8.14101e-06 9.51646e-01 7.53236e-19 2.25028e-05 
7670.00 8.09784e-06 9.51870e-01 7.07354e-19 2.10524e-05 
7680.00 8.07438e-06 9.52115e-01 8.18236e-19 2.43199e-05 
7688.94 8.05789e-06 9.52370e-01 7.97905e-19 2.37011e-05 
7690.00 8.05544e-06 9.52403e-01 7.87648e-19 2.33933e-05 
7700.00 8.02515e-06 9.52732e-01 7.07354e-19 2.09640e-05 
7710.00 7.99285e-06 9.53035e-01 7.53236e-19 2.22699e-05 
7720.00 7.97087e-06 9.53235e-01 7.03530e-19 2.07744e-05 
7727.39 7.96101e-06 9.53270e-01 7.07907e-19 2.08986e-05 
7730.00 7.95848e-06 9.53254e-01 7.07354e-19 2.08823e-05 
7740.00 7.94395e-06 9.53135e-01 6.65295e-19 1.96277e-05 
7750.00 7.88473e-06 9.53141e-01 7.03530e-19 2.06277e-05 
7760.00 7.76132e-06 9.53564e-01 6.84412e-19 1.97874e-05 
7766.03 7.69734e-06 9.54140e-01 6.32373e-19 1.81572e-05 
7770.00 7.67720e-06 9.54677e-01 6.04118e-19 1.73191e-05 
7780.00 7.72005e-06 9.56192e-01 6.04118e-19 1.74659e-05 
7790.00 7.79132e-06 9.57082e-01 6.11765e-19 1.78898e-05 
7800.00 7.78173e-06 9.56270e-01 5.73530e-19 1.67583e-05 
7804.86 7.75589e-06 9.54940e-01 5.81383e-19 1.69183e-05 
7810.00 7.72539e-06 9.52752e-01 6.00295e-19 1.73716e-05 
7820.00 7.67824e-06 9.47101e-01 6.07942e-19 1.74040e-05 
7830.00 7.64012e-06 9.41407e-01 5.77353e-19 1.63683e-05 
7840.00 7.60069e-06 9.37822e-01 5.23824e-19 1.47366e-05 
7843.88 7.58589e-06 9.37460e-01 5.35657e-19 1.50418e-05 
7850.00 7.56491e-06 9.38330e-01 5.73530e-19 1.60882e-05 
7860.00 7.53810e-06 9.42515e-01 5.96471e-19 1.67682e-05 
7870.00 7.51192e-06 9.48173e-01 6.04118e-19 1.70474e-05 
7880.00 7.47842e-06 9.53055e-01 5.81177e-19 1.64318e-05 
7883.10 7.46756e-06 9.54060e-01 5.82108e-19 1.64580e-05 
7890.00 7.44516e-06 9.55104e-01 5.88824e-19 1.66307e-05 
7900.00 7.42008e-06 9.54272e-01 5.69706e-19 1.60429e-05 
7910.00 7.39748e-06 9.51733e-01 5.69706e-19 1.59717e-05 
7920.00 7.36963e-06 9.48678e-01 5.58236e-19 1.55608e-05 
7922.51 7.36148e-06 9.47970e-01 5.61077e-19 1.56160e-05 
7930.00 7.33432e-06 9.46300e-01 5.96471e-19 1.65263e-05 
7940.00 7.29487e-06 9.45787e-01 6.42353e-19 1.77145e-05 
7950.00 7.27101e-06 9.48331e-01 5.27647e-19 1.45609e-05 
7960.00 7.27650e-06 9.55124e-01 5.42942e-19 1.51207e-05 
7962.13 7.27929e-06 9.57230e-01 5.48163e-19 1.53097e-05 
7970.00 7.28498e-06 9.67356e-01 5.46765e-19 1.54596e-05 
7980.00 7.26002e-06 9.86217e-01 5.31471e-19 1.52868e-05 
7990.00 7.16518e-06 1.01290e+00 4.89412e-19 1.42869e-05 
8000.00 6.96404e-06 1.04859e+00 5.23824e-19 1.54052e-05 
