##### EXOPHOT SPECTRAL OVERLAP FILE #####
# Date: 15/02/2022 10:07:52
# SED file: SED_g2v.txt
# atmosphere file: atm_g2v_hzm_os3.txt
# photopigment file: ChlB.txt
# Stellar radius (Rs in km): 6.963400e+05
# Exoplanet orbit semi-major axis (sma in km): 1.481139e+08
# Total absorption rate (gamma_t in s-1): 1.12582e+01
# B band absorption rate (gamma_B in s-1): 7.47763e+00
# Q band absorption rate (gamma_Q in s-1): 3.78054e+00
# B-Q bands cut-off (in nm): 500
# photosynthetic photon flux density [ppfd in micromol photon m-2 s-1]: 2.16868e+03
# Total Stellar Irradiance (S in W m-2): 1.37004e+03
# -------------------------------------------------
# Col 1: Wavelength (wl in Angstrom) 
# Col 2: Spectral Flux Density (F_l in J cm-2 s-1 A-1) 
# Col 3: Atmosphere transmitance (T, no units) 
# Col 4: Pigment absorption cross section (sigma_abs in cm2) 
# Col 5: Spectral Absorption Rate (Gamma_lambda in A-1 s-1)
3000.00 5.15337e-06 3.67097e-01 1.38924e-16 3.96912e-04 
3010.00 6.03487e-06 3.71760e-01 1.10076e-16 3.74207e-04 
3010.56 6.06994e-06 3.72020e-01 1.09684e-16 3.75373e-04 
3020.00 6.48864e-06 3.76402e-01 1.10817e-16 4.11476e-04 
3025.61 6.61816e-06 3.79000e-01 1.11610e-16 4.26398e-04 
3030.00 6.68114e-06 3.81029e-01 1.11624e-16 4.33444e-04 
3040.00 6.77886e-06 3.85649e-01 1.12293e-16 4.49262e-04 
3040.74 6.78689e-06 3.85990e-01 1.12353e-16 4.50540e-04 
3050.00 6.94828e-06 3.90264e-01 1.12966e-16 4.70335e-04 
3055.94 7.12970e-06 3.93000e-01 1.13322e-16 4.88479e-04 
3060.00 7.25380e-06 3.94863e-01 1.13517e-16 5.00861e-04 
3070.00 7.35157e-06 3.99441e-01 1.13788e-16 5.16407e-04 
3071.22 7.32801e-06 4.00000e-01 1.13822e-16 5.15832e-04 
3080.00 7.00489e-06 4.04005e-01 1.14022e-16 5.00322e-04 
3086.58 6.81145e-06 4.07000e-01 1.13936e-16 4.90790e-04 
3090.00 6.81402e-06 4.08555e-01 1.13827e-16 4.92923e-04 
3100.00 7.30248e-06 4.13089e-01 1.13471e-16 5.34175e-04 
3102.01 7.43702e-06 4.14000e-01 1.13420e-16 5.45324e-04 
3110.00 7.84990e-06 4.17611e-01 1.13169e-16 5.80828e-04 
3117.52 7.85153e-06 4.21000e-01 1.12609e-16 5.84174e-04 
3120.00 7.78239e-06 4.22113e-01 1.12366e-16 5.79769e-04 
3130.00 7.35561e-06 4.26591e-01 1.11322e-16 5.50402e-04 
3133.11 7.22506e-06 4.27980e-01 1.11039e-16 5.41552e-04 
3140.00 7.01578e-06 4.31055e-01 1.10447e-16 5.27975e-04 
3148.77 7.01090e-06 4.34960e-01 1.09588e-16 5.29725e-04 
3150.00 7.04171e-06 4.35504e-01 1.09464e-16 5.32322e-04 
3160.00 7.49229e-06 4.39928e-01 1.08535e-16 5.69083e-04 
3164.52 7.67066e-06 4.41920e-01 1.08210e-16 5.84353e-04 
3170.00 7.71399e-06 4.44330e-01 1.07881e-16 5.90081e-04 
3180.00 7.20932e-06 4.48711e-01 1.07411e-16 5.56236e-04 
3180.34 7.18742e-06 4.48860e-01 1.07400e-16 5.54733e-04 
3190.00 6.81738e-06 4.53075e-01 1.07273e-16 5.32099e-04 
3196.24 7.04372e-06 4.55790e-01 1.07371e-16 5.54649e-04 
3200.00 7.27370e-06 4.57420e-01 1.07483e-16 5.76083e-04 
3210.00 7.56294e-06 4.61742e-01 1.08003e-16 6.09475e-04 
3212.22 7.46423e-06 4.62700e-01 1.08192e-16 6.04237e-04 
3220.00 6.77859e-06 4.66039e-01 1.08967e-16 5.58000e-04 
3228.29 6.20576e-06 4.69580e-01 1.09787e-16 5.19939e-04 
3230.00 6.20031e-06 4.70311e-01 1.09980e-16 5.21481e-04 
3240.00 7.12326e-06 4.74563e-01 1.11372e-16 6.14068e-04 
3244.43 7.82713e-06 4.76440e-01 1.12063e-16 6.82550e-04 
3250.00 8.71826e-06 4.78798e-01 1.12932e-16 7.71268e-04 
3260.00 9.86035e-06 4.83008e-01 1.14473e-16 8.94725e-04 
3260.65 9.91191e-06 4.83280e-01 1.14581e-16 9.00938e-04 
3270.00 1.03656e-05 4.87186e-01 1.16193e-16 9.65925e-04 
3276.95 1.03826e-05 4.90080e-01 1.17250e-16 9.84190e-04 
3280.00 1.03264e-05 4.91348e-01 1.17654e-16 9.85694e-04 
3290.00 9.99845e-06 4.95485e-01 1.18778e-16 9.74581e-04 
3293.34 9.87501e-06 4.96850e-01 1.19109e-16 9.68871e-04 
3300.00 9.64885e-06 4.99546e-01 1.19654e-16 9.58108e-04 
3309.80 9.42891e-06 5.03480e-01 1.20094e-16 9.49927e-04 
3310.00 9.42653e-06 5.03559e-01 1.20101e-16 9.49948e-04 
3320.00 9.41653e-06 5.07582e-01 1.20392e-16 9.61733e-04 
3326.35 9.49883e-06 5.10140e-01 1.20382e-16 9.76819e-04 
3330.00 9.56669e-06 5.11607e-01 1.20346e-16 9.87406e-04 
3340.00 9.69727e-06 5.15617e-01 1.20212e-16 1.01063e-03 
3342.98 9.65460e-06 5.16810e-01 1.20100e-16 1.00848e-03 
3350.00 9.25543e-06 5.19606e-01 1.19719e-16 9.70959e-04 
3359.70 7.99961e-06 5.23450e-01 1.19108e-16 8.43543e-04 
3360.00 7.95746e-06 5.23569e-01 1.19088e-16 8.39223e-04 
3370.00 6.96912e-06 5.27499e-01 1.18392e-16 7.38371e-04 
3376.50 7.08309e-06 5.30040e-01 1.17893e-16 7.52330e-04 
3380.00 7.33281e-06 5.31406e-01 1.17600e-16 7.79733e-04 
3390.00 8.14781e-06 5.35293e-01 1.16645e-16 8.68199e-04 
3393.38 8.29419e-06 5.36600e-01 1.16278e-16 8.84054e-04 
3400.00 8.36917e-06 5.39150e-01 1.15528e-16 8.92239e-04 
3410.00 8.31818e-06 5.42978e-01 1.14381e-16 8.86832e-04 
3410.35 8.31958e-06 5.43110e-01 1.14340e-16 8.86971e-04 
3420.00 8.50204e-06 5.46782e-01 1.13123e-16 9.05394e-04 
3427.40 8.73010e-06 5.49580e-01 1.12057e-16 9.27636e-04 
3430.00 8.80537e-06 5.50560e-01 1.11655e-16 9.34646e-04 
3440.00 9.01458e-06 5.54309e-01 1.10087e-16 9.52611e-04 
3444.54 9.07933e-06 5.56000e-01 1.09448e-16 9.58052e-04 
3450.00 9.14571e-06 5.58030e-01 1.08627e-16 9.62839e-04 
3460.00 9.27746e-06 5.61723e-01 1.06791e-16 9.69364e-04 
3461.76 9.30802e-06 5.62370e-01 1.06491e-16 9.71434e-04 
3470.00 9.50946e-06 5.65388e-01 1.05231e-16 9.88326e-04 
3479.07 9.87120e-06 5.68690e-01 1.03908e-16 1.02160e-03 
3480.00 9.91555e-06 5.69029e-01 1.03782e-16 1.02583e-03 
3490.00 1.04454e-05 5.72647e-01 1.02593e-16 1.07815e-03 
3496.46 1.07950e-05 5.74970e-01 1.01915e-16 1.11341e-03 
3500.00 1.09416e-05 5.76235e-01 1.01564e-16 1.12828e-03 
3510.00 1.09431e-05 5.79793e-01 1.00708e-16 1.12903e-03 
3513.95 1.07104e-05 5.81190e-01 1.00461e-16 1.10622e-03 
3520.00 1.02512e-05 5.83329e-01 1.00142e-16 1.06114e-03 
3530.00 1.00222e-05 5.86841e-01 9.97063e-17 1.04209e-03 
3531.51 1.01192e-05 5.87370e-01 9.96751e-17 1.05324e-03 
3540.00 1.11007e-05 5.90317e-01 9.95724e-17 1.16279e-03 
3549.17 1.17533e-05 5.93480e-01 9.92880e-17 1.23741e-03 
3550.00 1.17299e-05 5.93765e-01 9.92666e-17 1.23556e-03 
3560.00 1.03053e-05 5.97194e-01 9.91060e-17 1.09308e-03 
3566.92 8.91315e-06 5.99550e-01 9.88935e-17 9.48945e-04 
3570.00 8.43342e-06 6.00594e-01 9.88001e-17 8.99360e-04 
3580.00 7.96691e-06 6.03959e-01 9.85821e-17 8.54874e-04 
3584.75 8.16415e-06 6.05550e-01 9.83929e-17 8.77824e-04 
3590.00 8.53289e-06 6.07302e-01 9.80430e-17 9.18195e-04 
3600.00 9.31135e-06 6.10625e-01 9.68960e-17 9.98433e-04 
3602.68 9.50218e-06 6.11510e-01 9.64953e-17 1.01691e-03 
3610.00 9.91970e-06 6.13920e-01 9.52557e-17 1.05422e-03 
3620.00 1.01516e-05 6.17186e-01 9.33477e-17 1.06582e-03 
3620.69 1.01545e-05 6.17410e-01 9.32088e-17 1.06513e-03 
3630.00 1.00685e-05 6.20424e-01 9.13289e-17 1.04254e-03 
3638.79 1.01230e-05 6.23250e-01 8.98287e-17 1.03816e-03 
3640.00 1.02194e-05 6.23636e-01 8.96733e-17 1.04723e-03 
3650.00 1.17092e-05 6.26821e-01 8.90157e-17 1.20047e-03 
3656.99 1.22954e-05 6.29030e-01 8.90623e-17 1.26810e-03 
3660.00 1.23616e-05 6.29978e-01 8.90348e-17 1.27751e-03 
3670.00 1.20827e-05 6.33109e-01 8.83198e-17 1.24821e-03 
3675.27 1.17991e-05 6.34750e-01 8.78126e-17 1.21680e-03 
3680.00 1.15692e-05 6.36216e-01 8.72607e-17 1.18986e-03 
3690.00 1.14738e-05 6.39301e-01 8.57886e-17 1.16894e-03 
3693.65 1.16504e-05 6.40420e-01 8.53540e-17 1.18415e-03 
3700.00 1.20532e-05 6.42361e-01 8.47027e-17 1.22153e-03 
3710.00 1.20237e-05 6.45392e-01 8.35633e-17 1.21109e-03 
3712.12 1.17879e-05 6.46030e-01 8.33181e-17 1.18569e-03 
3720.00 1.03716e-05 6.48392e-01 8.25807e-17 1.03998e-03 
3730.00 8.70158e-06 6.51369e-01 8.21677e-17 8.74497e-04 
3730.68 8.64394e-06 6.51570e-01 8.21339e-17 8.68773e-04 
3740.00 8.70798e-06 6.54331e-01 8.15559e-17 8.74914e-04 
3749.33 9.73699e-06 6.57050e-01 8.12012e-17 9.80534e-04 
3750.00 9.82346e-06 6.57242e-01 8.11774e-17 9.89418e-04 
3760.00 1.10431e-05 6.60076e-01 8.07301e-17 1.11386e-03 
3768.08 1.17610e-05 6.62340e-01 8.02857e-17 1.18633e-03 
3770.00 1.18732e-05 6.62879e-01 8.01527e-17 1.19725e-03 
3780.00 1.21204e-05 6.65692e-01 7.90974e-17 1.21442e-03 
3786.92 1.22014e-05 6.67640e-01 7.79285e-17 1.21020e-03 
3790.00 1.22827e-05 6.68507e-01 7.73959e-17 1.21249e-03 
3800.00 1.26385e-05 6.71314e-01 7.57901e-17 1.23010e-03 
3805.85 1.24466e-05 6.72950e-01 7.45690e-17 1.19665e-03 
3810.00 1.18994e-05 6.74105e-01 7.35839e-17 1.13209e-03 
3820.00 9.22693e-06 6.76871e-01 7.09724e-17 8.52392e-04 
3824.88 7.93010e-06 6.78210e-01 6.95083e-17 7.19815e-04 
3830.00 7.15129e-06 6.79606e-01 6.78983e-17 6.36242e-04 
3840.00 7.96401e-06 6.82312e-01 6.47095e-17 6.79730e-04 
3844.01 8.70462e-06 6.83390e-01 6.33652e-17 7.29419e-04 
3850.00 9.63437e-06 6.84998e-01 6.13409e-17 7.84598e-04 
3860.00 9.83879e-06 6.87665e-01 5.81980e-17 7.65133e-04 
3863.23 9.69065e-06 6.88520e-01 5.72626e-17 7.43043e-04 
3870.00 9.40439e-06 6.90305e-01 5.53800e-17 7.00420e-04 
3880.00 9.69299e-06 6.92918e-01 5.28106e-17 6.92813e-04 
3882.54 9.93359e-06 6.93580e-01 5.22643e-17 7.03796e-04 
3890.00 1.10545e-05 6.95514e-01 5.09256e-17 7.66753e-04 
3900.00 1.30446e-05 6.98090e-01 4.95033e-17 8.85043e-04 
3901.96 1.33009e-05 6.98590e-01 4.92523e-17 8.98950e-04 
3910.00 1.30534e-05 7.00638e-01 4.84059e-17 8.71395e-04 
3920.00 9.47295e-06 7.03162e-01 4.79547e-17 6.30350e-04 
3921.46 8.88450e-06 7.03530e-01 4.79093e-17 5.91163e-04 
3930.00 6.86908e-06 7.05665e-01 4.78286e-17 4.58670e-04 
3940.00 9.18336e-06 7.08146e-01 4.84480e-17 6.24913e-04 
3941.07 9.56458e-06 7.08410e-01 4.85231e-17 6.52284e-04 
3950.00 1.16872e-05 7.10600e-01 4.91706e-17 8.12011e-04 
3960.00 9.78271e-06 7.13032e-01 5.03445e-17 7.00064e-04 
3960.78 9.55364e-06 7.13220e-01 5.04534e-17 6.85467e-04 
3970.00 8.06486e-06 7.15447e-01 5.17936e-17 5.97260e-04 
3980.00 1.13166e-05 7.17842e-01 5.31433e-17 8.64964e-04 
3980.58 1.16017e-05 7.17980e-01 5.32217e-17 8.88368e-04 
3990.00 1.58795e-05 7.20211e-01 5.45503e-17 1.25311e-03 
4000.00 1.73761e-05 7.22557e-01 5.61142e-17 1.41867e-03 
4000.48 1.73801e-05 7.22670e-01 5.61960e-17 1.42146e-03 
4010.00 1.69933e-05 7.24883e-01 5.77927e-17 1.43710e-03 
4020.00 1.67969e-05 7.27188e-01 5.90812e-17 1.46041e-03 
4020.49 1.67965e-05 7.27300e-01 5.91361e-17 1.46214e-03 
4030.00 1.68045e-05 7.29473e-01 6.02780e-17 1.49907e-03 
4040.00 1.66080e-05 7.31737e-01 6.17998e-17 1.52744e-03 
4040.59 1.65879e-05 7.31870e-01 6.18804e-17 1.52808e-03 
4050.00 1.61435e-05 7.33982e-01 6.30080e-17 1.52215e-03 
4060.00 1.55759e-05 7.36205e-01 6.44839e-17 1.51130e-03 
4060.79 1.55464e-05 7.36380e-01 6.46272e-17 1.51245e-03 
4070.00 1.56404e-05 7.38404e-01 6.64606e-17 1.57262e-03 
4080.00 1.68035e-05 7.40582e-01 6.85101e-17 1.75109e-03 
4081.10 1.69547e-05 7.40820e-01 6.87628e-17 1.77442e-03 
4090.00 1.78856e-05 7.42744e-01 7.11789e-17 1.94689e-03 
4100.00 1.77693e-05 7.44889e-01 7.45856e-17 2.03762e-03 
4101.50 1.76848e-05 7.45210e-01 7.51260e-17 2.04425e-03 
4110.00 1.72304e-05 7.47015e-01 7.84283e-17 2.08863e-03 
4120.00 1.72081e-05 7.49120e-01 8.33492e-17 2.22847e-03 
4122.01 1.72494e-05 7.49540e-01 8.44685e-17 2.26618e-03 
4130.00 1.74022e-05 7.51202e-01 8.92871e-17 2.42673e-03 
4140.00 1.73691e-05 7.53263e-01 9.61389e-17 2.62148e-03 
4142.62 1.73441e-05 7.53800e-01 9.81176e-17 2.67518e-03 
4150.00 1.73330e-05 7.55308e-01 1.04168e-16 2.84908e-03 
4160.00 1.75243e-05 7.57338e-01 1.13437e-16 3.15283e-03 
4163.33 1.75755e-05 7.58010e-01 1.16720e-16 3.25904e-03 
4170.00 1.75320e-05 7.59349e-01 1.23607e-16 3.45443e-03 
4180.00 1.70167e-05 7.61340e-01 1.34795e-16 3.67475e-03 
4184.15 1.67752e-05 7.62160e-01 1.39590e-16 3.75921e-03 
4190.00 1.65668e-05 7.63309e-01 1.46537e-16 3.90862e-03 
4200.00 1.67223e-05 7.65258e-01 1.58902e-16 4.29938e-03 
4205.07 1.68643e-05 7.66240e-01 1.65022e-16 4.51412e-03 
4210.00 1.69017e-05 7.67192e-01 1.70786e-16 4.69343e-03 
4220.00 1.65244e-05 7.69111e-01 1.81702e-16 4.90580e-03 
4226.10 1.62357e-05 7.70270e-01 1.87519e-16 4.98910e-03 
4230.00 1.61349e-05 7.71007e-01 1.90993e-16 5.05948e-03 
4240.00 1.62821e-05 7.72885e-01 1.99252e-16 5.35201e-03 
4247.23 1.64232e-05 7.74240e-01 2.04278e-16 5.55372e-03 
4250.00 1.64080e-05 7.74762e-01 2.05974e-16 5.60206e-03 
4260.00 1.59303e-05 7.76628e-01 2.10983e-16 5.59779e-03 
4268.46 1.53612e-05 7.78150e-01 2.13801e-16 5.49154e-03 
4270.00 1.52764e-05 7.78418e-01 2.14198e-16 5.47521e-03 
4280.00 1.48429e-05 7.80108e-01 2.16098e-16 5.39129e-03 
4289.80 1.39242e-05 7.81760e-01 2.16801e-16 5.09642e-03 
4290.00 1.38941e-05 7.81794e-01 2.16802e-16 5.08590e-03 
4300.00 1.20618e-05 7.83555e-01 2.16305e-16 4.42525e-03 
4310.00 1.15793e-05 7.85347e-01 2.15487e-16 4.25174e-03 
4311.25 1.17558e-05 7.85570e-01 2.15373e-16 4.31674e-03 
4320.00 1.41663e-05 7.87108e-01 2.14393e-16 5.19886e-03 
4330.00 1.68830e-05 7.88837e-01 2.12955e-16 6.18210e-03 
4332.81 1.71352e-05 7.89320e-01 2.12693e-16 6.27461e-03 
4340.00 1.68488e-05 7.90554e-01 2.12592e-16 6.18674e-03 
4350.00 1.60786e-05 7.92262e-01 2.13892e-16 5.96655e-03 
4354.47 1.62667e-05 7.93020e-01 2.14865e-16 6.07589e-03 
4360.00 1.68703e-05 7.93951e-01 2.16603e-16 6.36781e-03 
4370.00 1.77604e-05 7.95623e-01 2.22063e-16 6.90307e-03 
4376.25 1.74794e-05 7.96660e-01 2.27094e-16 6.96677e-03 
4380.00 1.70838e-05 7.97281e-01 2.30720e-16 6.92913e-03 
4390.00 1.61295e-05 7.98926e-01 2.42683e-16 6.91124e-03 
4398.13 1.62765e-05 8.00250e-01 2.55396e-16 7.36533e-03 
4400.00 1.64163e-05 8.00553e-01 2.58826e-16 7.53441e-03 
4410.00 1.74277e-05 8.02159e-01 2.79921e-16 8.68758e-03 
4420.00 1.82793e-05 8.03751e-01 3.03489e-16 9.92132e-03 
4420.12 1.82868e-05 8.03770e-01 3.03791e-16 9.93576e-03 
4430.00 1.86489e-05 8.05334e-01 3.31684e-16 1.11091e-02 
4440.00 1.85091e-05 8.06904e-01 3.63584e-16 1.21372e-02 
4442.22 1.84628e-05 8.07250e-01 3.71067e-16 1.23675e-02 
4450.00 1.84492e-05 8.08457e-01 3.98519e-16 1.33158e-02 
4460.00 1.89504e-05 8.09994e-01 4.35760e-16 1.50178e-02 
4464.43 1.92199e-05 8.10670e-01 4.51927e-16 1.58253e-02 
4470.00 1.94464e-05 8.11518e-01 4.72011e-16 1.67617e-02 
4480.00 1.94292e-05 8.13029e-01 5.07685e-16 1.80866e-02 
4486.75 1.94981e-05 8.14040e-01 5.29977e-16 1.89998e-02 
4490.00 1.96729e-05 8.14524e-01 5.40231e-16 1.95669e-02 
4500.00 2.07966e-05 8.16002e-01 5.69106e-16 2.18782e-02 
4509.19 2.15159e-05 8.17350e-01 5.88292e-16 2.34845e-02 
4510.00 2.15175e-05 8.17469e-01 5.89726e-16 2.35512e-02 
4520.00 2.06761e-05 8.18927e-01 6.03824e-16 2.32640e-02 
4530.00 1.95068e-05 8.20372e-01 6.08324e-16 2.22000e-02 
4531.73 1.94037e-05 8.20620e-01 6.08281e-16 2.20963e-02 
4540.00 1.94218e-05 8.21800e-01 6.04833e-16 2.20633e-02 
4550.00 2.01502e-05 8.23213e-01 5.92678e-16 2.25188e-02 
4554.39 2.05498e-05 8.23830e-01 5.85079e-16 2.27097e-02 
4560.00 2.10076e-05 8.24615e-01 5.73446e-16 2.28039e-02 
4570.00 2.13401e-05 8.26005e-01 5.47285e-16 2.21938e-02 
4577.16 2.10036e-05 8.26990e-01 5.25048e-16 2.10141e-02 
4580.00 2.07941e-05 8.27378e-01 5.15649e-16 2.04544e-02 
4590.00 2.01874e-05 8.28736e-01 4.81085e-16 1.85975e-02 
4600.00 2.03071e-05 8.30084e-01 4.45606e-16 1.73941e-02 
4600.05 2.03088e-05 8.30090e-01 4.45433e-16 1.73891e-02 
4610.00 2.06450e-05 8.31426e-01 4.08392e-16 1.62682e-02 
4620.00 2.05833e-05 8.32758e-01 3.70799e-16 1.47821e-02 
4623.05 2.05114e-05 8.33160e-01 3.59164e-16 1.42846e-02 
4630.00 2.03591e-05 8.34070e-01 3.32521e-16 1.31609e-02 
4640.00 2.03359e-05 8.35366e-01 2.95624e-16 1.17306e-02 
4646.16 2.04329e-05 8.36160e-01 2.74828e-16 1.09824e-02 
4650.00 2.05267e-05 8.36654e-01 2.62528e-16 1.05540e-02 
4660.00 2.08306e-05 8.37936e-01 2.32054e-16 9.50190e-03 
4669.39 2.10357e-05 8.39130e-01 2.04957e-16 8.50416e-03 
4670.00 2.10415e-05 8.39207e-01 2.03186e-16 8.43492e-03 
4680.00 2.09729e-05 8.40462e-01 1.74418e-16 7.24331e-03 
4690.00 2.06213e-05 8.41702e-01 1.50552e-16 6.16959e-03 
4692.74 2.04828e-05 8.42040e-01 1.44381e-16 5.88279e-03 
4700.00 2.01075e-05 8.42931e-01 1.28417e-16 5.14985e-03 
4710.00 1.98651e-05 8.44149e-01 1.08393e-16 4.30980e-03 
4716.20 2.00318e-05 8.44900e-01 9.73200e-17 3.91059e-03 
4720.00 2.02211e-05 8.45358e-01 9.10345e-17 3.69758e-03 
4730.00 2.07631e-05 8.46557e-01 7.63292e-17 3.19465e-03 
4739.79 2.10243e-05 8.47720e-01 6.47748e-17 2.75462e-03 
4740.00 2.10271e-05 8.47745e-01 6.45412e-17 2.74526e-03 
4750.00 2.10831e-05 8.48922e-01 5.43515e-17 2.32612e-03 
4760.00 2.10994e-05 8.50087e-01 4.60430e-17 1.97892e-03 
4763.48 2.11027e-05 8.50490e-01 4.35830e-17 1.87573e-03 
4770.00 2.11036e-05 8.51240e-01 3.94053e-17 1.69983e-03 
4780.00 2.10811e-05 8.52382e-01 3.37465e-17 1.45917e-03 
4787.30 2.10242e-05 8.53210e-01 3.03606e-17 1.31250e-03 
4790.00 2.09902e-05 8.53515e-01 2.92500e-17 1.26361e-03 
4800.00 2.08273e-05 8.54639e-01 2.56444e-17 1.10300e-03 
4810.00 2.07699e-05 8.55753e-01 2.28341e-17 9.82733e-04 
4811.24 2.07809e-05 8.55890e-01 2.25434e-17 9.71139e-04 
4820.00 2.09380e-05 8.56855e-01 2.07618e-17 9.03811e-04 
4830.00 2.10430e-05 8.57946e-01 1.90527e-17 8.36360e-04 
4835.29 2.09453e-05 8.58520e-01 1.82452e-17 7.98604e-04 
4840.00 2.07327e-05 8.59028e-01 1.75462e-17 7.61402e-04 
4850.00 1.98099e-05 8.60102e-01 1.59977e-17 6.65509e-04 
4859.47 1.84615e-05 8.61110e-01 1.49767e-17 5.82445e-04 
4860.00 1.83914e-05 8.61166e-01 1.49844e-17 5.80632e-04 
4870.00 1.76937e-05 8.62221e-01 1.58677e-17 5.93476e-04 
4880.00 1.86554e-05 8.63268e-01 1.50150e-17 5.94045e-04 
4883.77 1.92162e-05 8.63660e-01 1.46764e-17 5.98836e-04 
4890.00 2.00022e-05 8.64306e-01 1.43918e-17 6.12479e-04 
4900.00 2.03389e-05 8.65335e-01 1.42885e-17 6.20324e-04 
4908.19 2.00767e-05 8.66170e-01 1.41887e-17 6.09652e-04 
4910.00 1.99995e-05 8.66354e-01 1.41738e-17 6.07024e-04 
4920.00 1.96537e-05 8.67361e-01 1.41624e-17 5.97954e-04 
4930.00 1.95847e-05 8.68359e-01 1.40553e-17 5.93236e-04 
4932.73 1.96368e-05 8.68630e-01 1.40390e-17 5.94636e-04 
4940.00 1.98938e-05 8.69349e-01 1.40056e-17 6.02372e-04 
4950.00 2.03402e-05 8.70330e-01 1.38947e-17 6.12941e-04 
4957.39 2.05763e-05 8.71050e-01 1.39151e-17 6.22406e-04 
4960.00 2.06208e-05 8.71303e-01 1.39406e-17 6.25403e-04 
4970.00 2.05244e-05 8.72267e-01 1.41050e-17 6.31791e-04 
4980.00 1.99534e-05 8.73223e-01 1.42885e-17 6.24140e-04 
4982.18 1.97886e-05 8.73430e-01 1.42441e-17 6.17476e-04 
4990.00 1.91697e-05 8.74171e-01 1.40247e-17 5.90378e-04 
5000.00 1.85262e-05 8.75110e-01 1.42235e-17 5.80432e-04 
5007.09 1.83493e-05 8.75770e-01 1.42272e-17 5.76286e-04 
5010.00 1.83784e-05 8.76039e-01 1.42044e-17 5.76787e-04 
5020.00 1.88856e-05 8.76957e-01 1.42159e-17 5.94992e-04 
5030.00 1.94206e-05 8.77867e-01 1.42503e-17 6.15188e-04 
5032.12 1.94621e-05 8.78060e-01 1.42431e-17 6.16586e-04 
5040.00 1.94232e-05 8.78772e-01 1.42159e-17 6.15637e-04 
5050.00 1.93886e-05 8.79670e-01 1.42771e-17 6.19041e-04 
5057.29 1.96722e-05 8.80320e-01 1.42384e-17 6.27764e-04 
5060.00 1.98109e-05 8.80561e-01 1.42121e-17 6.31530e-04 
5070.00 2.01241e-05 8.81443e-01 1.41432e-17 6.40312e-04 
5080.00 1.97783e-05 8.82317e-01 1.41662e-17 6.32197e-04 
5082.57 1.96412e-05 8.82540e-01 1.41970e-17 6.29659e-04 
5090.00 1.93466e-05 8.83183e-01 1.42885e-17 6.25583e-04 
5100.00 1.94328e-05 8.84041e-01 1.43230e-17 6.31732e-04 
5107.98 1.96176e-05 8.84720e-01 1.44012e-17 6.42723e-04 
5110.00 1.96368e-05 8.84891e-01 1.43956e-17 6.43480e-04 
5120.00 1.94804e-05 8.85732e-01 1.42427e-17 6.33410e-04 
5130.00 1.91740e-05 8.86567e-01 1.44530e-17 6.34484e-04 
5133.52 1.90954e-05 8.86860e-01 1.45184e-17 6.35389e-04 
5140.00 1.89555e-05 8.87396e-01 1.46212e-17 6.36389e-04 
5150.00 1.84850e-05 8.88219e-01 1.48697e-17 6.32955e-04 
5159.19 1.75804e-05 8.88970e-01 1.49430e-17 6.06540e-04 
5160.00 1.74919e-05 8.89036e-01 1.49424e-17 6.03599e-04 
5170.00 1.65625e-05 8.89844e-01 1.49997e-17 5.75355e-04 
5180.00 1.63375e-05 8.90644e-01 1.53553e-17 5.82643e-04 
5184.99 1.64993e-05 8.91040e-01 1.54370e-17 5.92373e-04 
5190.00 1.68190e-05 8.91436e-01 1.54968e-17 6.07048e-04 
5200.00 1.77585e-05 8.92221e-01 1.57950e-17 6.55126e-04 
5210.00 1.85445e-05 8.92999e-01 1.61468e-17 7.01316e-04 
5210.91 1.85845e-05 8.93070e-01 1.61855e-17 7.04692e-04 
5220.00 1.87268e-05 8.93773e-01 1.65368e-17 7.27337e-04 
5230.00 1.88623e-05 8.94540e-01 1.67127e-17 7.42448e-04 
5236.97 1.92411e-05 8.95070e-01 1.71112e-17 7.76912e-04 
5240.00 1.94117e-05 8.95299e-01 1.72977e-17 7.93002e-04 
5250.00 1.94431e-05 8.96051e-01 1.76838e-17 8.14248e-04 
5260.00 1.82261e-05 8.96796e-01 1.80318e-17 7.80431e-04 
5263.15 1.77926e-05 8.97030e-01 1.81554e-17 7.67750e-04 
5270.00 1.72294e-05 8.97536e-01 1.84906e-17 7.58591e-04 
5280.00 1.78825e-05 8.98271e-01 1.91865e-17 8.19199e-04 
5289.47 1.91924e-05 8.98960e-01 1.98349e-17 9.11248e-04 
5290.00 1.92591e-05 8.98998e-01 1.98709e-17 9.16200e-04 
5300.00 2.00635e-05 8.99718e-01 2.05133e-17 9.87975e-04 
5310.00 1.98797e-05 9.00431e-01 2.10447e-17 1.00698e-03 
5315.92 1.92833e-05 9.00850e-01 2.14702e-17 9.98093e-04 
5320.00 1.87884e-05 9.01138e-01 2.17521e-17 9.86317e-04 
5330.00 1.79774e-05 9.01841e-01 2.23103e-17 9.70541e-04 
5340.00 1.84380e-05 9.02537e-01 2.30980e-17 1.03328e-03 
5342.50 1.86639e-05 9.02710e-01 2.32135e-17 1.05186e-03 
5350.00 1.92662e-05 9.03226e-01 2.35224e-17 1.10243e-03 
5360.00 1.94216e-05 9.03907e-01 2.43406e-17 1.15300e-03 
5369.21 1.92265e-05 9.04530e-01 2.45403e-17 1.15355e-03 
5370.00 1.92116e-05 9.04583e-01 2.45547e-17 1.15357e-03 
5380.00 1.91201e-05 9.05256e-01 2.49944e-17 1.17168e-03 
5390.00 1.89890e-05 9.05922e-01 2.55488e-17 1.19255e-03 
5396.05 1.87841e-05 9.06320e-01 2.57807e-17 1.19224e-03 
5400.00 1.86264e-05 9.06577e-01 2.59044e-17 1.18912e-03 
5410.00 1.83464e-05 9.07222e-01 2.61836e-17 1.18690e-03 
5420.00 1.84681e-05 9.07865e-01 2.63671e-17 1.20622e-03 
5423.03 1.85644e-05 9.08060e-01 2.64568e-17 1.21758e-03 
5430.00 1.88227e-05 9.08510e-01 2.66806e-17 1.24718e-03 
5440.00 1.91454e-05 9.09158e-01 2.68641e-17 1.28056e-03 
5450.00 1.92743e-05 9.09800e-01 2.70630e-17 1.30203e-03 
5450.15 1.92741e-05 9.09810e-01 2.70654e-17 1.30218e-03 
5460.00 1.91373e-05 9.10434e-01 2.71509e-17 1.30025e-03 
5470.00 1.89191e-05 9.11060e-01 2.71700e-17 1.28958e-03 
5477.40 1.88294e-05 9.11520e-01 2.71976e-17 1.28715e-03 
5480.00 1.88133e-05 9.11681e-01 2.72121e-17 1.28758e-03 
5490.00 1.87909e-05 9.12299e-01 2.72618e-17 1.29162e-03 
5500.00 1.87831e-05 9.12911e-01 2.72465e-17 1.29358e-03 
5504.79 1.87819e-05 9.13200e-01 2.72459e-17 1.29500e-03 
5510.00 1.87842e-05 9.13512e-01 2.72388e-17 1.29649e-03 
5520.00 1.88107e-05 9.14105e-01 2.71777e-17 1.29860e-03 
5530.00 1.89051e-05 9.14694e-01 2.72197e-17 1.31035e-03 
5532.31 1.89412e-05 9.14830e-01 2.72650e-17 1.31578e-03 
5540.00 1.90707e-05 9.15283e-01 2.74338e-17 1.33549e-03 
5550.00 1.91280e-05 9.15870e-01 2.75333e-17 1.34765e-03 
5559.97 1.89215e-05 9.16450e-01 2.77583e-17 1.34727e-03 
5560.00 1.89207e-05 9.16452e-01 2.77588e-17 1.34724e-03 
5570.00 1.85674e-05 9.17026e-01 2.78888e-17 1.33150e-03 
5580.00 1.82554e-05 9.17593e-01 2.81603e-17 1.32506e-03 
5587.77 1.81600e-05 9.18030e-01 2.84900e-17 1.33607e-03 
5590.00 1.81702e-05 9.18155e-01 2.85771e-17 1.34162e-03 
5600.00 1.84066e-05 9.18713e-01 2.88791e-17 1.37673e-03 
5610.00 1.86986e-05 9.19266e-01 2.92003e-17 1.41750e-03 
5615.71 1.87705e-05 9.19580e-01 2.93179e-17 1.43063e-03 
5620.00 1.87825e-05 9.19814e-01 2.93877e-17 1.43641e-03 
5630.00 1.87659e-05 9.20357e-01 2.95674e-17 1.44734e-03 
5640.00 1.87840e-05 9.20896e-01 2.97280e-17 1.46005e-03 
5643.79 1.87773e-05 9.21100e-01 2.97973e-17 1.46424e-03 
5650.00 1.87107e-05 9.21433e-01 2.99038e-17 1.46640e-03 
5660.00 1.84488e-05 9.21966e-01 2.99803e-17 1.45298e-03 
5670.00 1.82775e-05 9.22495e-01 2.99688e-17 1.44230e-03 
5672.01 1.82858e-05 9.22600e-01 2.99718e-17 1.44378e-03 
5680.00 1.84217e-05 9.23016e-01 2.99765e-17 1.45744e-03 
5690.00 1.85129e-05 9.23531e-01 2.98733e-17 1.46300e-03 
5700.00 1.82432e-05 9.24041e-01 2.97853e-17 1.44076e-03 
5700.37 1.82319e-05 9.24060e-01 2.97827e-17 1.43987e-03 
5710.00 1.81416e-05 9.24549e-01 2.97088e-17 1.43235e-03 
5720.00 1.86651e-05 9.25054e-01 2.96324e-17 1.47328e-03 
5728.87 1.91250e-05 9.25500e-01 2.96429e-17 1.51318e-03 
5730.00 1.91475e-05 9.25557e-01 2.96324e-17 1.51482e-03 
5740.00 1.89363e-05 9.26056e-01 2.94833e-17 1.49398e-03 
5750.00 1.85590e-05 9.26551e-01 2.96706e-17 1.47686e-03 
5757.52 1.85622e-05 9.26920e-01 2.96568e-17 1.47895e-03 
5760.00 1.86017e-05 9.27041e-01 2.96591e-17 1.48305e-03 
5770.00 1.87067e-05 9.27527e-01 2.98847e-17 1.50616e-03 
5780.00 1.84637e-05 9.28008e-01 3.02518e-17 1.50825e-03 
5786.30 1.82665e-05 9.28310e-01 3.07399e-17 1.51836e-03 
5790.00 1.81976e-05 9.28487e-01 3.10318e-17 1.52826e-03 
5800.00 1.82833e-05 9.28963e-01 3.16741e-17 1.57076e-03 
5810.00 1.85615e-05 9.29435e-01 3.26644e-17 1.64818e-03 
5815.23 1.86897e-05 9.29680e-01 3.30766e-17 1.68247e-03 
5820.00 1.87686e-05 9.29902e-01 3.34903e-17 1.71252e-03 
5830.00 1.87601e-05 9.30365e-01 3.48018e-17 1.78272e-03 
5840.00 1.85090e-05 9.30823e-01 3.59641e-17 1.82161e-03 
5844.31 1.84017e-05 9.31020e-01 3.63813e-17 1.83380e-03 
5850.00 1.83391e-05 9.31279e-01 3.69736e-17 1.85964e-03 
5860.00 1.84691e-05 9.31732e-01 3.82544e-17 1.94196e-03 
5870.00 1.83427e-05 9.32182e-01 3.92639e-17 1.98389e-03 
5873.53 1.81108e-05 9.32340e-01 3.95839e-17 1.97630e-03 
5880.00 1.75390e-05 9.32628e-01 4.01892e-17 1.94591e-03 
5890.00 1.69513e-05 9.33068e-01 4.11336e-17 1.92908e-03 
5900.00 1.74040e-05 9.33504e-01 4.17836e-17 2.01626e-03 
5902.90 1.76381e-05 9.33630e-01 4.19701e-17 2.05379e-03 
5910.00 1.81315e-05 9.33936e-01 4.24412e-17 2.13820e-03 
5920.00 1.82601e-05 9.34364e-01 4.29115e-17 2.18192e-03 
5930.00 1.80745e-05 9.34788e-01 4.29650e-17 2.16707e-03 
5932.41 1.80452e-05 9.34890e-01 4.30061e-17 2.16674e-03 
5940.00 1.80271e-05 9.35210e-01 4.31447e-17 2.17507e-03 
5950.00 1.80837e-05 9.35629e-01 4.29727e-17 2.17783e-03 
5960.00 1.81148e-05 9.36044e-01 4.27203e-17 2.17337e-03 
5962.08 1.81149e-05 9.36130e-01 4.26178e-17 2.16912e-03 
5970.00 1.80955e-05 9.36456e-01 4.20742e-17 2.14275e-03 
5980.00 1.80268e-05 9.36865e-01 4.12139e-17 2.09538e-03 
5990.00 1.79071e-05 9.37273e-01 4.00286e-17 2.02587e-03 
5991.89 1.78787e-05 9.37350e-01 3.98369e-17 2.01377e-03 
6000.00 1.77476e-05 9.37680e-01 3.90880e-17 1.96478e-03 
6010.00 1.76129e-05 9.38086e-01 3.79180e-17 1.89547e-03 
6020.00 1.75687e-05 9.38487e-01 3.67327e-17 1.83543e-03 
6021.85 1.75721e-05 9.38560e-01 3.65085e-17 1.82529e-03 
6030.00 1.76323e-05 9.38881e-01 3.55589e-17 1.78693e-03 
6040.00 1.77858e-05 9.39270e-01 3.46794e-17 1.76155e-03 
6050.00 1.79172e-05 9.39655e-01 3.39224e-17 1.73942e-03 
6051.96 1.79290e-05 9.39730e-01 3.37780e-17 1.73385e-03 
6060.00 1.79180e-05 9.40038e-01 3.33144e-17 1.71184e-03 
6070.00 1.77862e-05 9.40419e-01 3.31730e-17 1.69551e-03 
6080.00 1.75682e-05 9.40797e-01 3.29359e-17 1.66618e-03 
6082.21 1.75209e-05 9.40880e-01 3.28977e-17 1.66051e-03 
6090.00 1.73977e-05 9.41171e-01 3.28365e-17 1.64838e-03 
6100.00 1.73573e-05 9.41541e-01 3.28097e-17 1.64656e-03 
6110.00 1.72391e-05 9.41905e-01 3.28021e-17 1.63828e-03 
6112.63 1.71624e-05 9.42000e-01 3.27798e-17 1.63074e-03 
6120.00 1.68857e-05 9.42263e-01 3.26644e-17 1.60118e-03 
6130.00 1.66314e-05 9.42614e-01 3.24312e-17 1.56895e-03 
6140.00 1.67587e-05 9.42960e-01 3.21024e-17 1.56806e-03 
6143.19 1.68200e-05 9.43070e-01 3.19752e-17 1.56856e-03 
6150.00 1.68501e-05 9.43303e-01 3.17124e-17 1.56056e-03 
6160.00 1.65294e-05 9.43644e-01 3.14333e-17 1.52040e-03 
6170.00 1.62861e-05 9.43980e-01 3.11006e-17 1.48510e-03 
6173.91 1.63515e-05 9.44110e-01 3.09244e-17 1.48377e-03 
6180.00 1.66033e-05 9.44312e-01 3.07144e-17 1.49818e-03 
6190.00 1.70726e-05 9.44643e-01 3.07641e-17 1.54606e-03 
6200.00 1.72063e-05 9.44983e-01 3.09668e-17 1.57153e-03 
6204.77 1.71679e-05 9.45150e-01 3.12340e-17 1.58305e-03 
6210.00 1.70903e-05 9.45338e-01 3.16168e-17 1.59687e-03 
6220.00 1.69065e-05 9.45706e-01 3.24924e-17 1.62669e-03 
6230.00 1.66465e-05 9.46077e-01 3.39530e-17 1.67702e-03 
6235.80 1.64511e-05 9.46290e-01 3.50498e-17 1.71285e-03 
6240.00 1.63174e-05 9.46442e-01 3.59756e-17 1.74527e-03 
6250.00 1.61792e-05 9.46794e-01 3.86750e-17 1.86400e-03 
6260.00 1.64332e-05 9.47136e-01 4.20092e-17 2.06051e-03 
6266.98 1.66983e-05 9.47370e-01 4.48636e-17 2.23906e-03 
6270.00 1.67946e-05 9.47471e-01 4.62342e-17 2.32214e-03 
6280.00 1.69343e-05 9.47800e-01 5.13309e-17 2.60463e-03 
6290.00 1.68317e-05 9.48124e-01 5.74065e-17 2.90087e-03 
6298.31 1.66186e-05 9.48390e-01 6.31889e-17 3.15769e-03 
6300.00 1.65711e-05 9.48444e-01 6.44571e-17 3.21290e-03 
6310.00 1.63469e-05 9.48760e-01 7.28651e-17 3.58974e-03 
6320.00 1.63178e-05 9.49074e-01 8.30509e-17 4.09210e-03 
6329.80 1.63872e-05 9.49380e-01 9.42826e-17 4.67403e-03 
6330.00 1.63886e-05 9.49386e-01 9.45292e-17 4.68681e-03 
6340.00 1.64269e-05 9.49698e-01 1.08382e-16 5.39647e-03 
6350.00 1.64057e-05 9.50009e-01 1.23840e-16 6.16995e-03 
6360.00 1.63419e-05 9.50316e-01 1.40534e-16 6.98767e-03 
6361.45 1.63339e-05 9.50360e-01 1.43025e-16 7.11000e-03 
6370.00 1.63225e-05 9.50618e-01 1.57824e-16 7.85289e-03 
6380.00 1.63976e-05 9.50917e-01 1.74858e-16 8.75692e-03 
6390.00 1.63992e-05 9.51214e-01 1.90183e-16 9.54321e-03 
6393.26 1.63497e-05 9.51310e-01 1.94740e-16 9.74837e-03 
6400.00 1.61947e-05 9.51509e-01 2.03259e-16 1.00911e-02 
6410.00 1.60102e-05 9.51804e-01 2.12845e-16 1.04662e-02 
6420.00 1.60596e-05 9.52098e-01 2.17926e-16 1.07692e-02 
6425.23 1.61197e-05 9.52250e-01 2.18632e-16 1.08551e-02 
6430.00 1.61478e-05 9.52388e-01 2.18133e-16 1.08588e-02 
6440.00 1.60628e-05 9.52676e-01 2.13422e-16 1.05880e-02 
6450.00 1.59318e-05 9.52962e-01 2.03324e-16 1.00233e-02 
6457.35 1.59041e-05 9.53170e-01 1.93519e-16 9.53633e-03 
6460.00 1.59031e-05 9.53245e-01 1.89540e-16 9.34420e-03 
6470.00 1.58688e-05 9.53526e-01 1.72652e-16 8.50893e-03 
6480.00 1.57256e-05 9.53804e-01 1.54192e-16 7.54442e-03 
6489.64 1.56432e-05 9.54070e-01 1.35480e-16 6.60577e-03 
6490.00 1.56440e-05 9.54080e-01 1.34780e-16 6.57242e-03 
6500.00 1.57796e-05 9.54353e-01 1.15727e-16 5.70265e-03 
6510.00 1.59542e-05 9.54624e-01 9.76645e-17 4.87470e-03 
6520.00 1.59750e-05 9.54894e-01 8.15407e-17 4.08265e-03 
6522.09 1.59655e-05 9.54950e-01 7.84155e-17 3.92531e-03 
6530.00 1.59257e-05 9.55162e-01 6.75006e-17 3.37537e-03 
6540.00 1.58589e-05 9.55430e-01 5.57853e-17 2.78287e-03 
6550.00 1.54273e-05 9.55696e-01 4.42612e-17 2.15177e-03 
6554.70 1.50002e-05 9.55820e-01 3.92726e-17 1.85797e-03 
6560.00 1.44618e-05 9.55960e-01 3.53600e-17 1.61436e-03 
6570.00 1.39061e-05 9.56221e-01 3.31118e-17 1.45625e-03 
6580.00 1.45608e-05 9.56479e-01 2.72044e-17 1.25502e-03 
6587.47 1.53337e-05 9.56670e-01 2.34162e-17 1.13912e-03 
6590.00 1.55400e-05 9.56734e-01 2.24594e-17 1.10777e-03 
6600.00 1.58465e-05 9.56985e-01 1.94733e-17 9.81172e-04 
6610.00 1.57227e-05 9.57233e-01 1.67700e-17 8.39852e-04 
6620.00 1.56209e-05 9.57480e-01 1.48009e-17 7.37741e-04 
6620.41 1.56186e-05 9.57490e-01 1.47330e-17 7.34302e-04 
6630.00 1.55937e-05 9.57726e-01 1.32256e-17 6.59237e-04 
6640.00 1.55892e-05 9.57971e-01 1.16809e-17 5.83099e-04 
6650.00 1.55373e-05 9.58215e-01 1.04153e-17 5.19105e-04 
6653.51 1.54959e-05 9.58300e-01 9.99726e-18 4.97248e-04 
6660.00 1.54069e-05 9.58458e-01 9.31030e-18 4.60946e-04 
6670.00 1.53406e-05 9.58700e-01 8.59148e-18 4.24269e-04 
6680.00 1.54458e-05 9.58944e-01 7.89559e-18 3.93269e-04 
6686.78 1.55149e-05 9.59110e-01 7.45574e-18 3.73464e-04 
6690.00 1.55165e-05 9.59189e-01 7.25324e-18 3.63564e-04 
6700.00 1.53670e-05 9.59437e-01 6.68353e-18 3.32362e-04 
6710.00 1.52081e-05 9.59683e-01 6.33559e-18 3.12347e-04 
6720.00 1.52544e-05 9.59925e-01 5.91883e-18 2.93199e-04 
6720.21 1.52568e-05 9.59930e-01 5.91167e-18 2.92900e-04 
6730.00 1.53394e-05 9.60161e-01 5.68177e-18 2.83515e-04 
6740.00 1.52737e-05 9.60393e-01 5.41795e-18 2.69657e-04 
6750.00 1.51575e-05 9.60622e-01 5.18089e-18 2.56336e-04 
6753.81 1.51335e-05 9.60710e-01 5.14377e-18 2.54265e-04 
6760.00 1.51209e-05 9.60853e-01 5.08147e-18 2.51243e-04 
6770.00 1.51256e-05 9.61083e-01 4.84059e-18 2.39820e-04 
6780.00 1.51048e-05 9.61311e-01 4.69912e-18 2.32889e-04 
6787.58 1.50639e-05 9.61480e-01 4.51296e-18 2.23346e-04 
6790.00 1.50464e-05 9.61533e-01 4.44677e-18 2.19905e-04 
6800.00 1.49657e-05 9.61750e-01 4.20971e-18 2.07416e-04 
6810.00 1.49323e-05 9.61964e-01 3.98030e-18 1.96007e-04 
6820.00 1.49857e-05 9.62177e-01 3.75471e-18 1.85873e-04 
6821.52 1.49939e-05 9.62210e-01 3.72602e-18 1.84601e-04 
6830.00 1.49887e-05 9.62393e-01 3.56353e-18 1.76742e-04 
6840.00 1.48293e-05 9.62611e-01 3.29971e-18 1.62191e-04 
6850.00 1.46731e-05 9.62829e-01 3.10853e-18 1.51440e-04 
6855.63 1.46629e-05 9.62950e-01 3.00183e-18 1.46278e-04 
6860.00 1.46880e-05 9.63044e-01 2.91736e-18 1.42510e-04 
6870.00 1.47734e-05 9.63256e-01 2.73383e-18 1.34546e-04 
6880.00 1.47960e-05 9.63465e-01 2.56559e-18 1.26672e-04 
6889.91 1.47605e-05 9.63670e-01 2.49741e-18 1.23213e-04 
6890.00 1.47600e-05 9.63672e-01 2.49677e-18 1.23179e-04 
6900.00 1.47011e-05 9.63877e-01 2.37441e-18 1.16869e-04 
6910.00 1.46449e-05 9.64081e-01 2.20235e-18 1.08165e-04 
6920.00 1.46070e-05 9.64283e-01 2.17941e-18 1.06938e-04 
6924.36 1.45935e-05 9.64370e-01 2.12999e-18 1.04492e-04 
6930.00 1.45752e-05 9.64483e-01 2.05324e-18 1.00694e-04 
6940.00 1.45357e-05 9.64681e-01 2.00353e-18 9.81519e-05 
6950.00 1.44974e-05 9.64876e-01 1.91941e-18 9.39377e-05 
6958.98 1.44751e-05 9.65050e-01 1.91514e-18 9.37218e-05 
6960.00 1.44736e-05 9.65070e-01 1.91559e-18 9.37495e-05 
6970.00 1.44718e-05 9.65260e-01 1.89265e-18 9.27668e-05 
6980.00 1.44784e-05 9.65448e-01 1.84294e-18 9.05191e-05 
6990.00 1.43992e-05 9.65632e-01 1.75500e-18 8.58670e-05 
6993.77 1.43266e-05 9.65700e-01 1.74835e-18 8.51628e-05 
7000.00 1.41798e-05 9.65812e-01 1.75882e-18 8.48801e-05 
7010.00 1.40070e-05 9.65990e-01 1.75882e-18 8.39811e-05 
7020.00 1.40519e-05 9.66169e-01 1.75882e-18 8.43861e-05 
7028.74 1.41681e-05 9.66330e-01 1.71806e-18 8.32292e-05 
7030.00 1.41820e-05 9.66354e-01 1.71294e-18 8.30798e-05 
7040.00 1.42313e-05 9.66544e-01 1.68618e-18 8.21988e-05 
7050.00 1.42024e-05 9.66739e-01 1.64030e-18 7.99289e-05 
7060.00 1.41368e-05 9.66934e-01 1.69765e-18 8.24755e-05 
7063.88 1.41079e-05 9.67010e-01 1.71130e-18 8.30207e-05 
7070.00 1.40638e-05 9.67128e-01 1.70912e-18 8.27374e-05 
7080.00 1.40074e-05 9.67320e-01 1.68618e-18 8.14306e-05 
7090.00 1.39849e-05 9.67508e-01 1.69000e-18 8.16151e-05 
7099.20 1.39957e-05 9.67680e-01 1.69248e-18 8.19186e-05 
7100.00 1.39967e-05 9.67695e-01 1.69382e-18 8.20001e-05 
7110.00 1.39828e-05 9.67879e-01 1.72824e-18 8.37163e-05 
7120.00 1.38927e-05 9.68058e-01 1.76265e-18 8.49686e-05 
7130.00 1.37757e-05 9.68231e-01 1.81235e-18 8.67658e-05 
7134.70 1.37312e-05 9.68310e-01 1.80665e-18 8.62772e-05 
7140.00 1.36947e-05 9.68396e-01 1.78177e-18 8.49334e-05 
7150.00 1.36701e-05 9.68551e-01 1.72441e-18 8.21795e-05 
7160.00 1.36870e-05 9.68694e-01 1.65941e-18 7.93022e-05 
7170.00 1.36339e-05 9.68825e-01 1.64412e-18 7.83865e-05 
7170.37 1.36288e-05 9.68830e-01 1.64532e-18 7.84186e-05 
7180.00 1.34396e-05 9.68944e-01 1.67471e-18 7.88261e-05 
7190.00 1.32908e-05 9.69052e-01 1.59824e-18 7.45060e-05 
7200.00 1.33584e-05 9.69156e-01 1.56382e-18 7.33824e-05 
7206.23 1.34480e-05 9.69220e-01 1.55917e-18 7.37235e-05 
7210.00 1.34909e-05 9.69259e-01 1.54853e-18 7.34952e-05 
7220.00 1.35134e-05 9.69359e-01 1.48735e-18 7.08150e-05 
7230.00 1.34799e-05 9.69446e-01 1.47206e-18 7.00162e-05 
7240.00 1.34782e-05 9.69510e-01 1.47588e-18 7.02908e-05 
7242.26 1.34825e-05 9.69520e-01 1.47773e-18 7.04239e-05 
7250.00 1.35031e-05 9.69544e-01 1.46824e-18 7.01548e-05 
7260.00 1.35163e-05 9.69574e-01 1.38794e-18 6.64766e-05 
7270.00 1.34401e-05 9.69642e-01 1.33824e-18 6.38269e-05 
7278.47 1.32729e-05 9.69760e-01 1.39255e-18 6.56758e-05 
7280.00 1.32400e-05 9.69789e-01 1.39559e-18 6.56716e-05 
7290.00 1.30930e-05 9.70036e-01 1.31530e-18 6.13058e-05 
7300.00 1.31519e-05 9.70344e-01 1.25794e-18 5.89956e-05 
7310.00 1.32601e-05 9.70670e-01 1.24647e-18 5.90391e-05 
7314.86 1.32676e-05 9.70820e-01 1.23121e-18 5.83970e-05 
7320.00 1.32452e-05 9.70967e-01 1.21206e-18 5.74410e-05 
7330.00 1.31802e-05 9.71221e-01 1.20824e-18 5.70714e-05 
7340.00 1.31695e-05 9.71441e-01 1.21971e-18 5.76581e-05 
7350.00 1.31987e-05 9.71642e-01 1.07441e-18 5.09824e-05 
7351.43 1.32036e-05 9.71670e-01 1.06291e-18 5.04664e-05 
7360.00 1.32212e-05 9.71834e-01 1.05912e-18 5.04208e-05 
7370.00 1.31804e-05 9.72019e-01 1.02471e-18 4.87072e-05 
7380.00 1.30414e-05 9.72198e-01 9.67354e-19 4.55665e-05 
7388.19 1.28975e-05 9.72340e-01 9.74773e-19 4.54662e-05 
7390.00 1.28673e-05 9.72371e-01 9.75001e-19 4.53830e-05 
7400.00 1.27363e-05 9.72537e-01 9.52060e-19 4.39308e-05 
7410.00 1.26903e-05 9.72698e-01 9.86471e-19 4.54229e-05 
7420.00 1.27392e-05 9.72853e-01 9.86471e-19 4.56667e-05 
7425.13 1.27762e-05 9.72930e-01 9.90140e-19 4.60052e-05 
7430.00 1.28019e-05 9.73002e-01 9.97942e-19 4.64948e-05 
7440.00 1.28053e-05 9.73147e-01 1.00941e-18 4.71121e-05 
7450.00 1.27998e-05 9.73288e-01 1.01706e-18 4.75195e-05 
7460.00 1.28379e-05 9.73428e-01 1.06294e-18 4.98848e-05 
7462.26 1.28470e-05 9.73460e-01 1.08250e-18 5.08559e-05 
7470.00 1.28564e-05 9.73568e-01 1.11647e-18 5.25506e-05 
7480.00 1.27950e-05 9.73708e-01 1.00559e-18 4.71754e-05 
7490.00 1.27188e-05 9.73847e-01 1.02471e-18 4.78567e-05 
7499.57 1.26988e-05 9.73980e-01 1.10469e-18 5.15837e-05 
7500.00 1.26989e-05 9.73986e-01 1.10500e-18 5.16019e-05 
7510.00 1.27042e-05 9.74124e-01 1.03618e-18 4.84795e-05 
7520.00 1.26930e-05 9.74260e-01 1.01324e-18 4.74342e-05 
7530.00 1.26831e-05 9.74395e-01 9.78824e-19 4.58545e-05 
7537.07 1.26893e-05 9.74490e-01 9.45629e-19 4.43671e-05 
7540.00 1.26922e-05 9.74529e-01 9.32942e-19 4.38008e-05 
7550.00 1.26805e-05 9.74661e-01 9.17648e-19 4.31059e-05 
7560.00 1.26141e-05 9.74791e-01 9.48236e-19 4.43743e-05 
7570.00 1.25428e-05 9.74920e-01 8.87060e-19 4.13368e-05 
7574.75 1.25253e-05 9.74980e-01 8.75031e-19 4.07474e-05 
7580.00 1.25159e-05 9.75046e-01 8.71765e-19 4.05957e-05 
7590.00 1.24981e-05 9.75171e-01 8.41177e-19 3.91720e-05 
7600.00 1.24508e-05 9.75295e-01 8.18236e-19 3.80146e-05 
7610.00 1.24089e-05 9.75418e-01 7.99118e-19 3.70546e-05 
7612.63 1.24050e-05 9.75450e-01 7.79769e-19 3.61599e-05 
7620.00 1.24103e-05 9.75541e-01 7.41765e-19 3.44488e-05 
7630.00 1.24353e-05 9.75664e-01 8.10589e-19 3.77751e-05 
7640.00 1.24426e-05 9.75787e-01 7.57059e-19 3.53519e-05 
7650.00 1.23644e-05 9.75911e-01 7.60883e-19 3.53579e-05 
7650.69 1.23540e-05 9.75920e-01 7.62428e-19 3.54033e-05 
7660.00 1.21759e-05 9.76036e-01 7.53236e-19 3.45184e-05 
7670.00 1.20506e-05 9.76160e-01 7.07354e-19 3.21281e-05 
7680.00 1.21311e-05 9.76283e-01 8.18236e-19 3.74661e-05 
7688.94 1.22333e-05 9.76390e-01 7.97905e-19 3.68899e-05 
7690.00 1.22381e-05 9.76402e-01 7.87648e-19 3.64354e-05 
7700.00 1.21864e-05 9.76519e-01 7.07354e-19 3.26293e-05 
7710.00 1.20899e-05 9.76633e-01 7.53236e-19 3.45194e-05 
7720.00 1.20826e-05 9.76746e-01 7.03530e-19 3.22674e-05 
7727.39 1.20888e-05 9.76830e-01 7.07907e-19 3.25187e-05 
7730.00 1.20814e-05 9.76860e-01 7.07354e-19 3.24854e-05 
7740.00 1.19960e-05 9.76974e-01 6.65295e-19 3.03808e-05 
7750.00 1.19247e-05 9.77087e-01 7.03530e-19 3.19807e-05 
7760.00 1.19673e-05 9.77197e-01 6.84412e-19 3.12666e-05 
7766.03 1.20169e-05 9.77260e-01 6.32373e-19 2.90334e-05 
7770.00 1.20428e-05 9.77301e-01 6.04118e-19 2.78113e-05 
7780.00 1.20543e-05 9.77399e-01 6.04118e-19 2.78766e-05 
7790.00 1.20228e-05 9.77493e-01 6.11765e-19 2.81944e-05 
7800.00 1.19866e-05 9.77585e-01 5.73530e-19 2.63891e-05 
7804.86 1.19657e-05 9.77630e-01 5.81383e-19 2.67216e-05 
7810.00 1.19378e-05 9.77678e-01 6.00295e-19 2.75460e-05 
7820.00 1.18660e-05 9.77772e-01 6.07942e-19 2.77674e-05 
7830.00 1.17989e-05 9.77871e-01 5.77353e-19 2.62573e-05 
7840.00 1.17666e-05 9.77977e-01 5.23824e-19 2.37906e-05 
7843.88 1.17645e-05 9.78020e-01 5.35657e-19 2.43367e-05 
7850.00 1.17721e-05 9.78091e-01 5.73530e-19 2.60965e-05 
7860.00 1.18044e-05 9.78212e-01 5.96471e-19 2.72529e-05 
7870.00 1.18246e-05 9.78335e-01 6.04118e-19 2.76882e-05 
7880.00 1.17988e-05 9.78454e-01 5.81177e-19 2.66156e-05 
7883.10 1.17832e-05 9.78490e-01 5.82108e-19 2.66344e-05 
7890.00 1.17416e-05 9.78566e-01 5.88824e-19 2.68722e-05 
7900.00 1.16722e-05 9.78670e-01 5.69706e-19 2.58815e-05 
7910.00 1.15796e-05 9.78766e-01 5.69706e-19 2.57112e-05 
7920.00 1.14585e-05 9.78858e-01 5.58236e-19 2.49639e-05 
7922.51 1.14287e-05 9.78880e-01 5.61077e-19 2.50342e-05 
7930.00 1.13565e-05 9.78945e-01 5.96471e-19 2.64721e-05 
7940.00 1.13218e-05 9.79031e-01 6.42353e-19 2.84596e-05 
7950.00 1.13520e-05 9.79116e-01 5.27647e-19 2.34715e-05 
7960.00 1.14269e-05 9.79201e-01 5.42942e-19 2.43438e-05 
7962.13 1.14448e-05 9.79220e-01 5.48163e-19 2.46235e-05 
7970.00 1.15046e-05 9.79290e-01 5.46765e-19 2.47152e-05 
7980.00 1.15378e-05 9.79383e-01 5.31471e-19 2.41258e-05 
7990.00 1.14794e-05 9.79481e-01 4.89412e-19 2.21340e-05 
8000.00 1.12820e-05 9.79587e-01 5.23824e-19 2.33147e-05 
