##### EXOPHOT SPECTRAL OVERLAP FILE #####
# Date: 15/02/2022 13:05:14
# SED file: SED_a5v.txt
# atmosphere file: atm_a5v_hzm_os2.txt
# photopigment file: BChlB.txt
# Stellar radius (Rs in km): 1.183778e+06
# Exoplanet orbit semi-major axis (sma in km): 5.183426e+08
# Total absorption rate (gamma_t in s-1): 1.33117e+01
# B band absorption rate (gamma_B in s-1): 6.28836e+00
# Q band absorption rate (gamma_Q in s-1): 7.02333e+00
# B-Q bands cut-off (in nm): 500
# photosynthetic photon flux density [ppfd in micromol photon m-2 s-1]: 2.14682e+03
# Total Stellar Irradiance (S in W m-2): 1.37004e+03
# -------------------------------------------------
# Col 1: Wavelength (wl in Angstrom) 
# Col 2: Spectral Flux Density (F_l in J cm-2 s-1 A-1) 
# Col 3: Atmosphere transmitance (T, no units) 
# Col 4: Pigment absorption cross section (sigma_abs in cm2) 
# Col 5: Spectral Absorption Rate (Gamma_lambda in A-1 s-1)
3041.74 1.55150e-05 1.61455e-01 8.07474e-17 3.09725e-04 
3050.00 1.51769e-05 1.64022e-01 8.23128e-17 3.14611e-04 
3055.94 1.51138e-05 1.65930e-01 8.35225e-17 3.22234e-04 
3070.00 1.53131e-05 1.70605e-01 8.65959e-17 3.49634e-04 
3071.22 1.53410e-05 1.71020e-01 8.68741e-17 3.52391e-04 
3072.03 1.53594e-05 1.71294e-01 8.70577e-17 3.54219e-04 
3086.58 1.55882e-05 1.76310e-01 9.04505e-17 3.86264e-04 
3090.00 1.55765e-05 1.77501e-01 9.12576e-17 3.92483e-04 
3102.01 1.52958e-05 1.81700e-01 9.40740e-17 4.08284e-04 
3103.47 1.52505e-05 1.82210e-01 9.44103e-17 4.09868e-04 
3110.00 1.50644e-05 1.84504e-01 9.59003e-17 4.17311e-04 
3117.52 1.49413e-05 1.87150e-01 9.75529e-17 4.28105e-04 
3130.00 1.49879e-05 1.91561e-01 1.00072e-16 4.52719e-04 
3133.11 1.50476e-05 1.92670e-01 1.00644e-16 4.60223e-04 
3146.34 1.53995e-05 1.97438e-01 1.02756e-16 4.94851e-04 
3148.77 1.54611e-05 1.98320e-01 1.03082e-16 5.01018e-04 
3150.00 1.54895e-05 1.98763e-01 1.03237e-16 5.04014e-04 
3164.52 1.55683e-05 2.04010e-01 1.04733e-16 5.29920e-04 
3170.00 1.54013e-05 2.06004e-01 1.05161e-16 5.32437e-04 
3180.34 1.48010e-05 2.09790e-01 1.05823e-16 5.26081e-04 
3190.00 1.44275e-05 2.13350e-01 1.06332e-16 5.25608e-04 
3196.24 1.45247e-05 2.15660e-01 1.06637e-16 5.37461e-04 
3206.35 1.48780e-05 2.19414e-01 1.07143e-16 5.64559e-04 
3210.00 1.49197e-05 2.20771e-01 1.07342e-16 5.71346e-04 
3212.22 1.48957e-05 2.21600e-01 1.07468e-16 5.73638e-04 
3228.29 1.42805e-05 2.27610e-01 1.08486e-16 5.73066e-04 
3230.00 1.42498e-05 2.28254e-01 1.08606e-16 5.74390e-04 
3244.43 1.46013e-05 2.33690e-01 1.09682e-16 6.11264e-04 
3250.00 1.48276e-05 2.35799e-01 1.10130e-16 6.29981e-04 
3260.65 1.50762e-05 2.39840e-01 1.11030e-16 6.58995e-04 
3269.23 1.51449e-05 2.43105e-01 1.11793e-16 6.77398e-04 
3270.00 1.51481e-05 2.43398e-01 1.11862e-16 6.78936e-04 
3276.95 1.51689e-05 2.46050e-01 1.12503e-16 6.92688e-04 
3290.00 1.52555e-05 2.51048e-01 1.13750e-16 7.21527e-04 
3293.34 1.53051e-05 2.52330e-01 1.14076e-16 7.30401e-04 
3309.80 1.54955e-05 2.58670e-01 1.15723e-16 7.72852e-04 
3310.00 1.54948e-05 2.58746e-01 1.15743e-16 7.73222e-04 
3326.35 1.51906e-05 2.65070e-01 1.17417e-16 7.91696e-04 
3330.00 1.51135e-05 2.66485e-01 1.17793e-16 7.95293e-04 
3332.11 1.50773e-05 2.67303e-01 1.18011e-16 7.97799e-04 
3342.98 1.49640e-05 2.71530e-01 1.19139e-16 8.14662e-04 
3350.00 1.49112e-05 2.74260e-01 1.19882e-16 8.26795e-04 
3359.70 1.48129e-05 2.78040e-01 1.20949e-16 8.42511e-04 
3370.00 1.47323e-05 2.82067e-01 1.22156e-16 8.61177e-04 
3376.50 1.47269e-05 2.84610e-01 1.22969e-16 8.76087e-04 
3386.41 1.47711e-05 2.88490e-01 1.24304e-16 9.03010e-04 
3390.00 1.47943e-05 2.89895e-01 1.24820e-16 9.13569e-04 
3393.38 1.48165e-05 2.91220e-01 1.25323e-16 9.23743e-04 
3410.00 1.49290e-05 2.97744e-01 1.28068e-16 9.77215e-04 
3410.35 1.49314e-05 2.97880e-01 1.28131e-16 9.78402e-04 
3427.40 1.50240e-05 3.04580e-01 1.31507e-16 1.03830e-03 
3428.47 1.50253e-05 3.04999e-01 1.31739e-16 1.04198e-03 
3430.00 1.50258e-05 3.05602e-01 1.32078e-16 1.04723e-03 
3444.54 1.49537e-05 3.11320e-01 1.35760e-16 1.09592e-03 
3450.00 1.49040e-05 3.13475e-01 1.37482e-16 1.11557e-03 
3455.00 1.48547e-05 3.15448e-01 1.39286e-16 1.13520e-03 
3461.76 1.47861e-05 3.18100e-01 1.42086e-16 1.16463e-03 
3470.00 1.47050e-05 3.21312e-01 1.45850e-16 1.20379e-03 
3472.72 1.46802e-05 3.22371e-01 1.47122e-16 1.21720e-03 
3479.07 1.46370e-05 3.24840e-01 1.50073e-16 1.24971e-03 
3490.00 1.46670e-05 3.29121e-01 1.55244e-16 1.31662e-03 
3491.34 1.46843e-05 3.29648e-01 1.55899e-16 1.32636e-03 
3496.46 1.47723e-05 3.31660e-01 1.58469e-16 1.36659e-03 
3507.02 1.49511e-05 3.35808e-01 1.64442e-16 1.45760e-03 
3510.00 1.49706e-05 3.36979e-01 1.66360e-16 1.48293e-03 
3513.95 1.49623e-05 3.38530e-01 1.68943e-16 1.51374e-03 
3523.60 1.48791e-05 3.42328e-01 1.74284e-16 1.57465e-03 
3530.00 1.48861e-05 3.44845e-01 1.76364e-16 1.60884e-03 
3531.51 1.49060e-05 3.45440e-01 1.76801e-16 1.61846e-03 
3543.60 1.51749e-05 3.50179e-01 1.83095e-16 1.73565e-03 
3549.17 1.52210e-05 3.52360e-01 1.88934e-16 1.81047e-03 
3550.00 1.52162e-05 3.52684e-01 1.89819e-16 1.82048e-03 
3552.18 1.51865e-05 3.53537e-01 1.91975e-16 1.84313e-03 
3566.47 1.46785e-05 3.59134e-01 2.00470e-16 1.89736e-03 
3566.92 1.46622e-05 3.59310e-01 2.00746e-16 1.89903e-03 
3570.00 1.45651e-05 3.60515e-01 2.02839e-16 1.91416e-03 
3578.72 1.44462e-05 3.63917e-01 2.09463e-16 1.98387e-03 
3584.75 1.44478e-05 3.66270e-01 2.13534e-16 2.03917e-03 
3590.00 1.44607e-05 3.68313e-01 2.17381e-16 2.09240e-03 
3592.19 1.44617e-05 3.69165e-01 2.19309e-16 2.11728e-03 
3602.68 1.44560e-05 3.73240e-01 2.30312e-16 2.25372e-03 
3603.62 1.44580e-05 3.73607e-01 2.31180e-16 2.26535e-03 
3610.00 1.45019e-05 3.76080e-01 2.35857e-16 2.33768e-03 
3617.91 1.46261e-05 3.79144e-01 2.41789e-16 2.44202e-03 
3620.69 1.46629e-05 3.80220e-01 2.44685e-16 2.48643e-03 
3626.49 1.46758e-05 3.82465e-01 2.50868e-16 2.57068e-03 
3630.00 1.46163e-05 3.83824e-01 2.53633e-16 2.60020e-03 
3638.79 1.44020e-05 3.87220e-01 2.58982e-16 2.64564e-03 
3639.96 1.44168e-05 3.87669e-01 2.59819e-16 2.66085e-03 
3640.00 1.44176e-05 3.87685e-01 2.59849e-16 2.66145e-03 
3650.00 1.50038e-05 3.91528e-01 2.68878e-16 2.90225e-03 
3651.39 1.50732e-05 3.92063e-01 2.70064e-16 2.93365e-03 
3656.99 1.52046e-05 3.94210e-01 2.73908e-16 3.02242e-03 
3669.36 1.49136e-05 3.98957e-01 2.79185e-16 3.06841e-03 
3670.00 1.48859e-05 3.99203e-01 2.79416e-16 3.06767e-03 
3675.27 1.46461e-05 4.01220e-01 2.81309e-16 3.05845e-03 
3690.00 1.42441e-05 4.06825e-01 2.86183e-16 3.08061e-03 
3693.65 1.42975e-05 4.08210e-01 2.87178e-16 3.11654e-03 
3707.00 1.46861e-05 4.13275e-01 2.89564e-16 3.27973e-03 
3710.00 1.47080e-05 4.14409e-01 2.89759e-16 3.29850e-03 
3712.12 1.46902e-05 4.15210e-01 2.89817e-16 3.30341e-03 
3730.00 1.49743e-05 4.21946e-01 2.88027e-16 3.41719e-03 
3730.68 1.50550e-05 4.22200e-01 2.87891e-16 3.43668e-03 
3749.33 1.84869e-05 4.29180e-01 2.82810e-16 4.23521e-03 
3749.38 1.84941e-05 4.29199e-01 2.82794e-16 4.23686e-03 
3750.00 1.85778e-05 4.29430e-01 2.82592e-16 4.25599e-03 
3768.08 1.97055e-05 4.36150e-01 2.76072e-16 4.50078e-03 
3770.00 1.98743e-05 4.36862e-01 2.75314e-16 4.53659e-03 
3771.61 2.00529e-05 4.37459e-01 2.74671e-16 4.57486e-03 
3786.92 2.33619e-05 4.43110e-01 2.68285e-16 5.29451e-03 
3789.39 2.41453e-05 4.44021e-01 2.67231e-16 5.46532e-03 
3790.00 2.43461e-05 4.44243e-01 2.66973e-16 5.50910e-03 
3805.85 2.86222e-05 4.50050e-01 2.59745e-16 6.41042e-03 
3806.54 2.86536e-05 4.50302e-01 2.59387e-16 6.41334e-03 
3810.00 2.84524e-05 4.51563e-01 2.57529e-16 6.34618e-03 
3817.98 2.59271e-05 4.54465e-01 2.53363e-16 5.73790e-03 
3824.88 2.33115e-05 4.56970e-01 2.50453e-16 5.13719e-03 
3830.00 2.24712e-05 4.58821e-01 2.48323e-16 4.93640e-03 
3832.27 2.26402e-05 4.59639e-01 2.47260e-16 4.96397e-03 
3844.01 2.77364e-05 4.63870e-01 2.40558e-16 5.98927e-03 
3846.56 2.93688e-05 4.64787e-01 2.39128e-16 6.32072e-03 
3850.00 3.16237e-05 4.66025e-01 2.37363e-16 6.77982e-03 
3863.23 3.74316e-05 4.70760e-01 2.31401e-16 7.93007e-03 
3863.70 3.74571e-05 4.70930e-01 2.31180e-16 7.93173e-03 
3870.00 3.58291e-05 4.73170e-01 2.28108e-16 7.53404e-03 
3880.85 2.57785e-05 4.77013e-01 2.22813e-16 5.35276e-03 
3882.54 2.41998e-05 4.77610e-01 2.22068e-16 5.01662e-03 
3890.00 2.05252e-05 4.80242e-01 2.19130e-16 4.22982e-03 
3900.86 2.80119e-05 4.84056e-01 2.15648e-16 5.74207e-03 
3901.96 2.91500e-05 4.84440e-01 2.15335e-16 5.97309e-03 
3910.00 3.57938e-05 4.87246e-01 2.13213e-16 7.31931e-03 
3921.46 3.48281e-05 4.91230e-01 2.10726e-16 7.11712e-03 
3930.00 3.26902e-05 4.94192e-01 2.09288e-16 6.68918e-03 
3938.01 3.46679e-05 4.96955e-01 2.08261e-16 7.11298e-03 
3941.07 3.57266e-05 4.98000e-01 2.07951e-16 7.34041e-03 
3950.00 3.56292e-05 5.01018e-01 2.07310e-16 7.35866e-03 
3960.78 2.55731e-05 5.04630e-01 2.07052e-16 5.32771e-03 
3970.00 1.90904e-05 5.07725e-01 2.07278e-16 4.01524e-03 
3980.58 2.53538e-05 5.11280e-01 2.08042e-16 5.40410e-03 
3990.00 3.51146e-05 5.14437e-01 2.09174e-16 7.58970e-03 
3991.36 3.61738e-05 5.14893e-01 2.09373e-16 7.83567e-03 
4000.48 4.00412e-05 5.17940e-01 2.11134e-16 8.81820e-03 
4010.00 4.06538e-05 5.21109e-01 2.14703e-16 9.18193e-03 
4015.59 4.07221e-05 5.22962e-01 2.18167e-16 9.39210e-03 
4020.49 4.07970e-05 5.24580e-01 2.22095e-16 9.62013e-03 
4023.75 4.08400e-05 5.25656e-01 2.24747e-16 9.77319e-03 
4030.00 4.08719e-05 5.27704e-01 2.29071e-16 1.00233e-02 
4035.19 4.08200e-05 5.29399e-01 2.32278e-16 1.01965e-02 
4040.59 4.06901e-05 5.31160e-01 2.35771e-16 1.03651e-02 
4045.48 4.05136e-05 5.32750e-01 2.39369e-16 1.05217e-02 
4050.00 4.03063e-05 5.34220e-01 2.43171e-16 1.06754e-02 
4055.19 4.00017e-05 5.35902e-01 2.47548e-16 1.08332e-02 
4060.79 3.94770e-05 5.37710e-01 2.51545e-16 1.09155e-02 
4067.80 3.83018e-05 5.39963e-01 2.55202e-16 1.08081e-02 
4070.00 3.77701e-05 5.40668e-01 2.56026e-16 1.07123e-02 
4081.10 3.37382e-05 5.44210e-01 2.58342e-16 9.74504e-03 
4089.44 2.94110e-05 5.46861e-01 2.58928e-16 8.57342e-03 
4090.00 2.90878e-05 5.47038e-01 2.58957e-16 8.48402e-03 
4101.50 2.29336e-05 5.50670e-01 2.59175e-16 6.75806e-03 
4110.00 2.21786e-05 5.53336e-01 2.58210e-16 6.55635e-03 
4122.01 2.98477e-05 5.57080e-01 2.53690e-16 8.75315e-03 
4128.19 3.46191e-05 5.58999e-01 2.49340e-16 1.00277e-02 
4130.00 3.57280e-05 5.59558e-01 2.47760e-16 1.02981e-02 
4138.08 3.84060e-05 5.62052e-01 2.39729e-16 1.07800e-02 
4142.62 3.87447e-05 5.63450e-01 2.35167e-16 1.07064e-02 
4146.65 3.86928e-05 5.64687e-01 2.31214e-16 1.05456e-02 
4150.00 3.85777e-05 5.65712e-01 2.27999e-16 1.03953e-02 
4155.14 3.85116e-05 5.67283e-01 2.23511e-16 1.02141e-02 
4160.94 3.85661e-05 5.69045e-01 2.15810e-16 9.92063e-03 
4163.33 3.86021e-05 5.69770e-01 2.08958e-16 9.63236e-03 
4163.80 3.86088e-05 5.69911e-01 2.07726e-16 9.58070e-03 
4170.00 3.86538e-05 5.71784e-01 2.00804e-16 9.31658e-03 
4171.42 3.86439e-05 5.72212e-01 2.00253e-16 9.29874e-03 
4180.37 3.84433e-05 5.74901e-01 1.92693e-16 8.96228e-03 
4184.15 3.83388e-05 5.76030e-01 1.88175e-16 8.75337e-03 
4188.38 3.82513e-05 5.77293e-01 1.83247e-16 8.53196e-03 
4190.00 3.82330e-05 5.77777e-01 1.81580e-16 8.46067e-03 
4200.14 3.82753e-05 5.80791e-01 1.73096e-16 8.13601e-03 
4205.07 3.82765e-05 5.82250e-01 1.68958e-16 7.97108e-03 
4210.00 3.81711e-05 5.83703e-01 1.64541e-16 7.76971e-03 
4211.43 3.81112e-05 5.84124e-01 1.63218e-16 7.70335e-03 
4220.39 3.75469e-05 5.86746e-01 1.55226e-16 7.26550e-03 
4226.10 3.71966e-05 5.88410e-01 1.51121e-16 7.03675e-03 
4230.00 3.70543e-05 5.89545e-01 1.48434e-16 6.90484e-03 
4232.39 3.70264e-05 5.90239e-01 1.46658e-16 6.82894e-03 
4245.86 3.71730e-05 5.94129e-01 1.35235e-16 6.38394e-03 
4247.23 3.71598e-05 5.94520e-01 1.34246e-16 6.34116e-03 
4250.00 3.70839e-05 5.95316e-01 1.32419e-16 6.25455e-03 
4261.54 3.61755e-05 5.98609e-01 1.26351e-16 5.86986e-03 
4268.46 3.56500e-05 6.00570e-01 1.22805e-16 5.64980e-03 
4270.00 3.55832e-05 6.01005e-01 1.21997e-16 5.60818e-03 
4280.03 3.56028e-05 6.03830e-01 1.16761e-16 5.40835e-03 
4289.80 3.55800e-05 6.06570e-01 1.11965e-16 5.21832e-03 
4290.00 3.55714e-05 6.06625e-01 1.11872e-16 5.21341e-03 
4295.27 3.51607e-05 6.08094e-01 1.09387e-16 5.05718e-03 
4309.56 3.22702e-05 6.12054e-01 1.02819e-16 4.40576e-03 
4310.00 3.21386e-05 6.12175e-01 1.02622e-16 4.38071e-03 
4311.25 3.17516e-05 6.12520e-01 1.02067e-16 4.30821e-03 
4326.71 2.58261e-05 6.16743e-01 9.55816e-17 3.31602e-03 
4330.00 2.44341e-05 6.17638e-01 9.42970e-17 3.10198e-03 
4332.81 2.32650e-05 6.18400e-01 9.32278e-17 2.92557e-03 
4346.71 2.02195e-05 6.22158e-01 8.82213e-17 2.42845e-03 
4350.00 2.08186e-05 6.23041e-01 8.70885e-17 2.47367e-03 
4354.47 2.27315e-05 6.24240e-01 8.55629e-17 2.66148e-03 
4370.00 3.22211e-05 6.28365e-01 8.02212e-17 3.57310e-03 
4371.80 3.28948e-05 6.28840e-01 7.95797e-17 3.62287e-03 
4376.25 3.38886e-05 6.30010e-01 7.79691e-17 3.66732e-03 
4390.00 3.36675e-05 6.33610e-01 7.31177e-17 3.44701e-03 
4392.85 3.35299e-05 6.34351e-01 7.22138e-17 3.39665e-03 
4398.13 3.34136e-05 6.35720e-01 7.06835e-17 3.32429e-03 
4410.00 3.33921e-05 6.38780e-01 6.77153e-17 3.20659e-03 
4418.98 3.32192e-05 6.41080e-01 6.56247e-17 3.10895e-03 
4420.12 3.31921e-05 6.41370e-01 6.53550e-17 3.09584e-03 
4430.00 3.30592e-05 6.43886e-01 6.29343e-17 2.98756e-03 
4442.22 3.33363e-05 6.46970e-01 5.98517e-17 2.88669e-03 
4448.65 3.35127e-05 6.48577e-01 5.82438e-17 2.83513e-03 
4450.00 3.35377e-05 6.48914e-01 5.79108e-17 2.82334e-03 
4464.43 3.34497e-05 6.52500e-01 5.44684e-17 2.67182e-03 
4470.00 3.32805e-05 6.53886e-01 5.31939e-17 2.60486e-03 
4483.90 3.28223e-05 6.57298e-01 5.01383e-17 2.44163e-03 
4486.75 3.27912e-05 6.57980e-01 4.95323e-17 2.41387e-03 
4490.00 3.28093e-05 6.58747e-01 4.88519e-17 2.38653e-03 
4509.19 3.34191e-05 6.63190e-01 4.51130e-17 2.26964e-03 
4510.00 3.34163e-05 6.63381e-01 4.49672e-17 2.26317e-03 
4523.91 3.27120e-05 6.66685e-01 4.26864e-17 2.12009e-03 
4530.00 3.22554e-05 6.68138e-01 4.18253e-17 2.05555e-03 
4531.73 3.21370e-05 6.68550e-01 4.15955e-17 2.03879e-03 
4550.00 3.16574e-05 6.72832e-01 3.95192e-17 1.92808e-03 
4554.39 3.18273e-05 6.73850e-01 3.91002e-17 1.92263e-03 
4570.00 3.23838e-05 6.77450e-01 3.77876e-17 1.90719e-03 
4577.16 3.20632e-05 6.79090e-01 3.72509e-17 1.86892e-03 
4578.21 3.19921e-05 6.79330e-01 3.71742e-17 1.86202e-03 
4590.00 3.13243e-05 6.82007e-01 3.63441e-17 1.79407e-03 
4600.05 3.14999e-05 6.84270e-01 3.56736e-17 1.78061e-03 
4610.00 3.17383e-05 6.86497e-01 3.50380e-17 1.77168e-03 
4623.05 3.11671e-05 6.89390e-01 3.42394e-17 1.71214e-03 
4630.00 3.08322e-05 6.90919e-01 3.38265e-17 1.67955e-03 
4641.09 3.08021e-05 6.93340e-01 3.31808e-17 1.65560e-03 
4646.16 3.08972e-05 6.94440e-01 3.28894e-17 1.65055e-03 
4650.00 3.09628e-05 6.95270e-01 3.26702e-17 1.64635e-03 
4669.39 3.07794e-05 6.99430e-01 3.15775e-17 1.59796e-03 
4670.00 3.07586e-05 6.99559e-01 3.15437e-17 1.59567e-03 
4690.00 2.95919e-05 7.03785e-01 3.04374e-17 1.49664e-03 
4692.74 2.93713e-05 7.04360e-01 3.02870e-17 1.48021e-03 
4703.97 2.86017e-05 7.06702e-01 2.96724e-17 1.42026e-03 
4710.00 2.84944e-05 7.07951e-01 2.93433e-17 1.40351e-03 
4716.20 2.87314e-05 7.09230e-01 2.90067e-17 1.40333e-03 
4730.00 2.96284e-05 7.12048e-01 2.82721e-17 1.42023e-03 
4739.79 2.97246e-05 7.14030e-01 2.77693e-17 1.40630e-03 
4750.00 2.94499e-05 7.16087e-01 2.72672e-17 1.37501e-03 
4763.48 2.90661e-05 7.18780e-01 2.66503e-17 1.33516e-03 
4766.84 2.89868e-05 7.19446e-01 2.65062e-17 1.32648e-03 
4770.00 2.89194e-05 7.20070e-01 2.63748e-17 1.31884e-03 
4787.30 2.85628e-05 7.23460e-01 2.57161e-17 1.28066e-03 
4790.00 2.84822e-05 7.23985e-01 2.56221e-17 1.27402e-03 
4810.00 2.76718e-05 7.27843e-01 2.49884e-17 1.21866e-03 
4811.24 2.76259e-05 7.28080e-01 2.49525e-17 1.21560e-03 
4829.72 2.60629e-05 7.31592e-01 2.44525e-17 1.13360e-03 
4830.00 2.60113e-05 7.31644e-01 2.44454e-17 1.13118e-03 
4835.29 2.48054e-05 7.32640e-01 2.43131e-17 1.07553e-03 
4850.00 1.99383e-05 7.35381e-01 2.39565e-17 8.57607e-04 
4859.47 1.67426e-05 7.37130e-01 2.37245e-17 7.16271e-04 
4870.00 1.59879e-05 7.39063e-01 2.34528e-17 6.79391e-04 
4883.77 2.15768e-05 7.41570e-01 2.30575e-17 9.07049e-04 
4890.00 2.42569e-05 7.42696e-01 2.28576e-17 1.01370e-03 
4892.60 2.50096e-05 7.43164e-01 2.27696e-17 1.04234e-03 
4908.19 2.60092e-05 7.45950e-01 2.21811e-17 1.06332e-03 
4910.00 2.59546e-05 7.46271e-01 2.21063e-17 1.05836e-03 
4930.00 2.58180e-05 7.49785e-01 2.12046e-17 1.01873e-03 
4932.73 2.58542e-05 7.50260e-01 2.10718e-17 1.01497e-03 
4950.00 2.61968e-05 7.53251e-01 2.01844e-17 9.92507e-04 
4955.48 2.62913e-05 7.54192e-01 1.98887e-17 9.83803e-04 
4957.39 2.63162e-05 7.54520e-01 1.97838e-17 9.80346e-04 
4970.00 2.62998e-05 7.56668e-01 1.90772e-17 9.49842e-04 
4982.18 2.58948e-05 7.58720e-01 1.83724e-17 9.05320e-04 
4990.00 2.54944e-05 7.60026e-01 1.79111e-17 8.71804e-04 
5007.09 2.47457e-05 7.62850e-01 1.68881e-17 8.03579e-04 
5010.00 2.47245e-05 7.63328e-01 1.67128e-17 7.95515e-04 
5018.35 2.48956e-05 7.64694e-01 1.62091e-17 7.79567e-04 
5030.00 2.51698e-05 7.66586e-01 1.55084e-17 7.57702e-04 
5032.12 2.51575e-05 7.66930e-01 1.53810e-17 7.51763e-04 
5050.00 2.46880e-05 7.69797e-01 1.43187e-17 6.91802e-04 
5057.29 2.47342e-05 7.70950e-01 1.38922e-17 6.74430e-04 
5070.00 2.49469e-05 7.72939e-01 1.31602e-17 6.47674e-04 
5081.23 2.47902e-05 7.74690e-01 1.25295e-17 6.15510e-04 
5082.57 2.47581e-05 7.74900e-01 1.24552e-17 6.11394e-04 
5090.00 2.46011e-05 7.76063e-01 1.20503e-17 5.89508e-04 
5107.98 2.45044e-05 7.78810e-01 1.11356e-17 5.46466e-04 
5110.00 2.44849e-05 7.79104e-01 1.10411e-17 5.41817e-04 
5130.00 2.40121e-05 7.81929e-01 1.02261e-17 4.95847e-04 
5133.52 2.39214e-05 7.82430e-01 1.01097e-17 4.89002e-04 
5144.11 2.36671e-05 7.83972e-01 9.81975e-18 4.71822e-04 
5150.00 2.35179e-05 7.84846e-01 9.69978e-18 4.64167e-04 
5159.19 2.32571e-05 7.86210e-01 9.56810e-18 4.54386e-04 
5170.00 2.29702e-05 7.87791e-01 9.48724e-18 4.46816e-04 
5184.99 2.27576e-05 7.89950e-01 9.47734e-18 4.44717e-04 
5190.00 2.27519e-05 7.90668e-01 9.49368e-18 4.46207e-04 
5206.98 2.28254e-05 7.93085e-01 9.59156e-18 4.55130e-04 
5210.00 2.27983e-05 7.93511e-01 9.61256e-18 4.56095e-04 
5210.91 2.27849e-05 7.93640e-01 9.61905e-18 4.56290e-04 
5230.00 2.24878e-05 7.96306e-01 9.78098e-18 4.61141e-04 
5236.97 2.26553e-05 7.97270e-01 9.85937e-18 4.69492e-04 
5250.00 2.27866e-05 7.99060e-01 1.00478e-17 4.83517e-04 
5263.15 2.19023e-05 8.00850e-01 1.03090e-17 4.79103e-04 
5269.86 2.15634e-05 8.01755e-01 1.04758e-17 4.80472e-04 
5270.00 2.15605e-05 8.01774e-01 1.04796e-17 4.80603e-04 
5289.47 2.22077e-05 8.04370e-01 1.10982e-17 5.27895e-04 
5290.00 2.22235e-05 8.04440e-01 1.11174e-17 5.29285e-04 
5310.00 2.18717e-05 8.07062e-01 1.19033e-17 5.61664e-04 
5315.92 2.15938e-05 8.07830e-01 1.21521e-17 5.67285e-04 
5330.00 2.11905e-05 8.09645e-01 1.27548e-17 5.87164e-04 
5332.74 2.12100e-05 8.09995e-01 1.28718e-17 5.93659e-04 
5342.50 2.14630e-05 8.11240e-01 1.32835e-17 6.22041e-04 
5350.00 2.16276e-05 8.12192e-01 1.35898e-17 6.42919e-04 
5369.21 2.13255e-05 8.14600e-01 1.43026e-17 6.71570e-04 
5370.00 2.13108e-05 8.14698e-01 1.43291e-17 6.72528e-04 
5390.00 2.10974e-05 8.17155e-01 1.48944e-17 6.96737e-04 
5395.61 2.09766e-05 8.17837e-01 1.50111e-17 6.99486e-04 
5396.05 2.09656e-05 8.17890e-01 1.50194e-17 6.99607e-04 
5410.00 2.06511e-05 8.19570e-01 1.52198e-17 7.01550e-04 
5423.03 2.06344e-05 8.21130e-01 1.53238e-17 7.08820e-04 
5430.00 2.06791e-05 8.21962e-01 1.53581e-17 7.13585e-04 
5450.00 2.06573e-05 8.24332e-01 1.54287e-17 7.20816e-04 
5450.15 2.06560e-05 8.24350e-01 1.54293e-17 7.20833e-04 
5458.49 2.05610e-05 8.25326e-01 1.54675e-17 7.21247e-04 
5470.00 2.04159e-05 8.26659e-01 1.55519e-17 7.22751e-04 
5477.40 2.03545e-05 8.27510e-01 1.56359e-17 7.26198e-04 
5490.00 2.02889e-05 8.28949e-01 1.58546e-17 7.36950e-04 
5504.79 2.01861e-05 8.30620e-01 1.62715e-17 7.56043e-04 
5510.00 2.01245e-05 8.31203e-01 1.64691e-17 7.64145e-04 
5521.37 1.99477e-05 8.32466e-01 1.70078e-17 7.85011e-04 
5530.00 1.98481e-05 8.33417e-01 1.75246e-17 8.07004e-04 
5532.31 1.98364e-05 8.33670e-01 1.76783e-17 8.14192e-04 
5550.00 1.98073e-05 8.35596e-01 1.90496e-17 8.80894e-04 
5559.97 1.96743e-05 8.36670e-01 1.99573e-17 9.19498e-04 
5570.00 1.94944e-05 8.37741e-01 2.09522e-17 9.59461e-04 
5575.67 1.94095e-05 8.38343e-01 2.15466e-17 9.84093e-04 
5587.77 1.92835e-05 8.39620e-01 2.29290e-17 1.04428e-03 
5590.00 1.92671e-05 8.39854e-01 2.32150e-17 1.05712e-03 
5610.00 1.91811e-05 8.41941e-01 2.66143e-17 1.21383e-03 
5615.71 1.91689e-05 8.42530e-01 2.79646e-17 1.27679e-03 
5619.18 1.91609e-05 8.42886e-01 2.88896e-17 1.31984e-03 
5630.00 1.91158e-05 8.43988e-01 3.22380e-17 1.47410e-03 
5643.79 1.89806e-05 8.45380e-01 3.67615e-17 1.67590e-03 
5644.26 1.89745e-05 8.45428e-01 3.69080e-17 1.68227e-03 
5650.00 1.88939e-05 8.46003e-01 3.86174e-17 1.75569e-03 
5665.09 1.86708e-05 8.47506e-01 4.33027e-17 1.95412e-03 
5670.00 1.86227e-05 8.47992e-01 4.51595e-17 2.03559e-03 
5672.01 1.86099e-05 8.48190e-01 4.59706e-17 2.07194e-03 
5689.04 1.85574e-05 8.49854e-01 5.33631e-17 2.41027e-03 
5690.00 1.85515e-05 8.49947e-01 5.37769e-17 2.42886e-03 
5700.37 1.84497e-05 8.50950e-01 5.80291e-17 2.61436e-03 
5710.00 1.83705e-05 8.51876e-01 6.15727e-17 2.76979e-03 
5711.63 1.83660e-05 8.52032e-01 6.21285e-17 2.79541e-03 
5728.87 1.83673e-05 8.53670e-01 6.79837e-17 3.07420e-03 
5730.00 1.83604e-05 8.53776e-01 6.84322e-17 3.09432e-03 
5732.86 1.83344e-05 8.54045e-01 6.96439e-17 3.14721e-03 
5750.00 1.80825e-05 8.55637e-01 7.81106e-17 3.49825e-03 
5750.01 1.80824e-05 8.55638e-01 7.81155e-17 3.49845e-03 
5757.52 1.80216e-05 8.56330e-01 8.12323e-17 3.63346e-03 
5770.00 1.79610e-05 8.57476e-01 8.49630e-17 3.80085e-03 
5786.30 1.78044e-05 8.58960e-01 8.75439e-17 3.89988e-03 
5790.00 1.77679e-05 8.59294e-01 8.78310e-17 3.90866e-03 
5805.79 1.76569e-05 8.60711e-01 8.81027e-17 3.91331e-03 
5810.00 1.76341e-05 8.61086e-01 8.79639e-17 3.90665e-03 
5815.23 1.76061e-05 8.61550e-01 8.76808e-17 3.89349e-03 
5830.00 1.75007e-05 8.62847e-01 8.61945e-17 3.81997e-03 
5844.31 1.73464e-05 8.64090e-01 8.37288e-17 3.69232e-03 
5847.18 1.73196e-05 8.64338e-01 8.31058e-17 3.66204e-03 
5850.00 1.72980e-05 8.64581e-01 8.24530e-17 3.63150e-03 
5870.00 1.71512e-05 8.66290e-01 7.67849e-17 3.37128e-03 
5873.53 1.70865e-05 8.66590e-01 7.56307e-17 3.31121e-03 
5876.72 1.70180e-05 8.66860e-01 7.45595e-17 3.25400e-03 
5890.00 1.67772e-05 8.67978e-01 6.98595e-17 3.01643e-03 
5895.77 1.67654e-05 8.68459e-01 6.77482e-17 2.92769e-03 
5902.90 1.68065e-05 8.69050e-01 6.50788e-17 2.82456e-03 
5910.00 1.68427e-05 8.69633e-01 6.21507e-17 2.70835e-03 
5915.78 1.68293e-05 8.70104e-01 5.93943e-17 2.59010e-03 
5927.21 1.67235e-05 8.71030e-01 5.32445e-17 2.31425e-03 
5930.00 1.66936e-05 8.71256e-01 5.19059e-17 2.25366e-03 
5932.41 1.66692e-05 8.71450e-01 5.08295e-17 2.20510e-03 
5944.36 1.65698e-05 8.72409e-01 4.59025e-17 1.98564e-03 
5950.00 1.65321e-05 8.72861e-01 4.33983e-17 1.87580e-03 
5962.08 1.64593e-05 8.73820e-01 3.80512e-17 1.64257e-03 
5964.36 1.64446e-05 8.74001e-01 3.71563e-17 1.60345e-03 
5970.00 1.64045e-05 8.74444e-01 3.52228e-17 1.51850e-03 
5990.00 1.62053e-05 8.76004e-01 3.03981e-17 1.30124e-03 
5990.90 1.61948e-05 8.76074e-01 3.02143e-17 1.29284e-03 
5991.89 1.61832e-05 8.76150e-01 3.00141e-17 1.28368e-03 
6010.00 1.59970e-05 8.77547e-01 2.63779e-17 1.12033e-03 
6021.85 1.59420e-05 8.78450e-01 2.41185e-17 1.02391e-03 
6030.00 1.59116e-05 8.79065e-01 2.26563e-17 9.61975e-04 
6030.10 1.59111e-05 8.79073e-01 2.26392e-17 9.61246e-04 
6050.00 1.57942e-05 8.80556e-01 1.94662e-17 8.24545e-04 
6051.96 1.57848e-05 8.80700e-01 1.91830e-17 8.12458e-04 
6070.00 1.57025e-05 8.82024e-01 1.67815e-17 7.10222e-04 
6078.69 1.56336e-05 8.82655e-01 1.57499e-17 6.65060e-04 
6082.21 1.56010e-05 8.82910e-01 1.53512e-17 6.47434e-04 
6090.00 1.55286e-05 8.83470e-01 1.45114e-17 6.10345e-04 
6110.00 1.53561e-05 8.84887e-01 1.25840e-17 5.25958e-04 
6112.63 1.53290e-05 8.85070e-01 1.23534e-17 5.15740e-04 
6130.00 1.51075e-05 8.86267e-01 1.09432e-17 4.52154e-04 
6138.70 1.49790e-05 8.86858e-01 1.03047e-17 4.23028e-04 
6143.19 1.49177e-05 8.87160e-01 9.99135e-18 4.08926e-04 
6150.00 1.48432e-05 8.87617e-01 9.53644e-18 3.88989e-04 
6170.00 1.48002e-05 8.88944e-01 8.35878e-18 3.41582e-04 
6173.91 1.48155e-05 8.89200e-01 8.15858e-18 3.34052e-04 
6190.00 1.48638e-05 8.90251e-01 7.44593e-18 3.07025e-04 
6201.58 1.48059e-05 8.91016e-01 7.05293e-18 2.90480e-04 
6204.77 1.47810e-05 8.91230e-01 6.96322e-18 2.86519e-04 
6210.00 1.47402e-05 8.91584e-01 6.83332e-18 2.80744e-04 
6230.00 1.45454e-05 8.92956e-01 6.50453e-18 2.64962e-04 
6235.80 1.44340e-05 8.93350e-01 6.45101e-18 2.61126e-04 
6250.00 1.42171e-05 8.94293e-01 6.37944e-18 2.55197e-04 
6264.46 1.43197e-05 8.95229e-01 6.36835e-18 2.57456e-04 
6266.98 1.43451e-05 8.95390e-01 6.37047e-18 2.58147e-04 
6270.00 1.43669e-05 8.95583e-01 6.37407e-18 2.58867e-04 
6290.00 1.42449e-05 8.96844e-01 6.41102e-18 2.59345e-04 
6298.31 1.41394e-05 8.97360e-01 6.42325e-18 2.58405e-04 
6310.00 1.40250e-05 8.98078e-01 6.42482e-18 2.57057e-04 
6327.33 1.39630e-05 8.99131e-01 6.36835e-18 2.54668e-04 
6329.80 1.39477e-05 8.99280e-01 6.35261e-18 2.53900e-04 
6330.00 1.39463e-05 8.99292e-01 6.35127e-18 2.53832e-04 
6350.00 1.37212e-05 9.00491e-01 6.17988e-18 2.44089e-04 
6361.45 1.36498e-05 9.01170e-01 6.08796e-18 2.39819e-04 
6370.00 1.36351e-05 9.01672e-01 6.04488e-18 2.38318e-04 
6390.00 1.35913e-05 9.02832e-01 6.10465e-18 2.40964e-04 
6390.21 1.35896e-05 9.02845e-01 6.10689e-18 2.41034e-04 
6393.26 1.35606e-05 9.03020e-01 6.14350e-18 2.42123e-04 
6410.00 1.33775e-05 9.03977e-01 6.46901e-18 2.52437e-04 
6425.23 1.33424e-05 9.04840e-01 6.89742e-18 2.69341e-04 
6430.00 1.33139e-05 9.05109e-01 7.04727e-18 2.74891e-04 
6450.00 1.30520e-05 9.06225e-01 7.69697e-18 2.95607e-04 
6453.09 1.30375e-05 9.06395e-01 7.79455e-18 2.99222e-04 
6457.35 1.30347e-05 9.06630e-01 7.92575e-18 3.04474e-04 
6470.00 1.30320e-05 9.07320e-01 8.28958e-18 3.19250e-04 
6489.64 1.27884e-05 9.08380e-01 8.77747e-18 3.33118e-04 
6490.00 1.27843e-05 9.08399e-01 8.78553e-18 3.33342e-04 
6510.00 1.26307e-05 9.09471e-01 9.18030e-18 3.45604e-04 
6515.97 1.25565e-05 9.09788e-01 9.27779e-18 3.47661e-04 
6522.09 1.24306e-05 9.10110e-01 9.36812e-18 3.47976e-04 
6530.00 1.21567e-05 9.10523e-01 9.47137e-18 3.44633e-04 
6550.00 1.04371e-05 9.11550e-01 9.67594e-18 3.03542e-04 
6554.70 9.72028e-06 9.11790e-01 9.71455e-18 2.84101e-04 
6570.00 8.33614e-06 9.12568e-01 9.82278e-18 2.47146e-04 
6578.84 9.42832e-06 9.13016e-01 9.87680e-18 2.81580e-04 
6587.47 1.10294e-05 9.13450e-01 9.92600e-18 3.31631e-04 
6590.00 1.14052e-05 9.13577e-01 9.93977e-18 3.43585e-04 
6610.00 1.20365e-05 9.14570e-01 1.00365e-17 3.67644e-04 
6620.41 1.20625e-05 9.15080e-01 1.00769e-17 3.70709e-04 
6630.00 1.21419e-05 9.15545e-01 1.01070e-17 3.74998e-04 
6641.72 1.21470e-05 9.16107e-01 1.01335e-17 3.77033e-04 
6650.00 1.21081e-05 9.16503e-01 1.01452e-17 3.76890e-04 
6653.51 1.20897e-05 9.16670e-01 1.01489e-17 3.76720e-04 
6670.00 1.20179e-05 9.17454e-01 1.01629e-17 3.76254e-04 
6686.78 1.19781e-05 9.18250e-01 1.01872e-17 3.77178e-04 
6690.00 1.19681e-05 9.18403e-01 1.01948e-17 3.77386e-04 
6704.60 1.19009e-05 9.19091e-01 1.02476e-17 3.78319e-04 
6710.00 1.18755e-05 9.19345e-01 1.02766e-17 3.78990e-04 
6720.21 1.18351e-05 9.19820e-01 1.03475e-17 3.81080e-04 
6730.00 1.17855e-05 9.20270e-01 1.04363e-17 3.83485e-04 
6750.00 1.16463e-05 9.21178e-01 1.06869e-17 3.89594e-04 
6753.81 1.16352e-05 9.21350e-01 1.07459e-17 3.91667e-04 
6767.47 1.16240e-05 9.21963e-01 1.09892e-17 4.01224e-04 
6770.00 1.16192e-05 9.22075e-01 1.10399e-17 4.03106e-04 
6787.58 1.15313e-05 9.22850e-01 1.14374e-17 4.15889e-04 
6790.00 1.15176e-05 9.22955e-01 1.14976e-17 4.17778e-04 
6810.00 1.14225e-05 9.23812e-01 1.20376e-17 4.35468e-04 
6821.52 1.13578e-05 9.24300e-01 1.23755e-17 4.46143e-04 
6830.00 1.13094e-05 9.24659e-01 1.26329e-17 4.54222e-04 
6830.35 1.13075e-05 9.24674e-01 1.26436e-17 4.54563e-04 
6850.00 1.12200e-05 9.25504e-01 1.32769e-17 4.75425e-04 
6855.63 1.11998e-05 9.25740e-01 1.34768e-17 4.82233e-04 
6870.00 1.11485e-05 9.26339e-01 1.40486e-17 5.01765e-04 
6889.91 1.10616e-05 9.27160e-01 1.50441e-17 5.35149e-04 
6890.00 1.10612e-05 9.27164e-01 1.50495e-17 5.35330e-04 
6893.23 1.10464e-05 9.27296e-01 1.52393e-17 5.41686e-04 
6910.00 1.09679e-05 9.27977e-01 1.63631e-17 5.79334e-04 
6924.36 1.08980e-05 9.28550e-01 1.74823e-17 6.16674e-04 
6930.00 1.08725e-05 9.28772e-01 1.79551e-17 6.32529e-04 
6950.00 1.07892e-05 9.29547e-01 1.97439e-17 6.92792e-04 
6956.10 1.07596e-05 9.29781e-01 2.03165e-17 7.11729e-04 
6958.98 1.07453e-05 9.29890e-01 2.05893e-17 7.20707e-04 
6970.00 1.06966e-05 9.30308e-01 2.16551e-17 7.56118e-04 
6990.00 1.06218e-05 9.31052e-01 2.36891e-17 8.24369e-04 
6993.77 1.05950e-05 9.31190e-01 2.40902e-17 8.36788e-04 
7010.00 1.04681e-05 9.31778e-01 2.58912e-17 8.91201e-04 
7016.12 1.04436e-05 9.32000e-01 2.66061e-17 9.14673e-04 
7028.74 1.04230e-05 9.32470e-01 2.81420e-17 9.67799e-04 
7030.00 1.04210e-05 9.32518e-01 2.82992e-17 9.73237e-04 
7050.00 1.03564e-05 9.33286e-01 3.08610e-17 1.05864e-03 
7063.88 1.02984e-05 9.33780e-01 3.26743e-17 1.11734e-03 
7070.00 1.02810e-05 9.33975e-01 3.34711e-17 1.14389e-03 
7070.43 1.02801e-05 9.33988e-01 3.35263e-17 1.14576e-03 
7090.00 1.02012e-05 9.34529e-01 3.60182e-17 1.22556e-03 
7099.20 1.00723e-05 9.34760e-01 3.71334e-17 1.24948e-03 
7110.00 9.94334e-06 9.35015e-01 3.83706e-17 1.27686e-03 
7127.59 9.97956e-06 9.35265e-01 4.01692e-17 1.34526e-03 
7130.00 9.98616e-06 9.35272e-01 4.03909e-17 1.35404e-03 
7134.70 9.98606e-06 9.35260e-01 4.08040e-17 1.36876e-03 
7150.00 9.92117e-06 9.35056e-01 4.19853e-17 1.40193e-03 
7170.00 9.84450e-06 9.35137e-01 4.31826e-17 1.43490e-03 
7170.37 9.84294e-06 9.35150e-01 4.32015e-17 1.43539e-03 
7190.00 9.75370e-06 9.36359e-01 4.40325e-17 1.45558e-03 
7190.46 9.75194e-06 9.36394e-01 4.40484e-17 1.45600e-03 
7206.23 9.70589e-06 9.37530e-01 4.44978e-17 1.46889e-03 
7210.00 9.69549e-06 9.37736e-01 4.45786e-17 1.47108e-03 
7230.00 9.61752e-06 9.38399e-01 4.48377e-17 1.47284e-03 
7242.26 9.55397e-06 9.38660e-01 4.48588e-17 1.46669e-03 
7250.00 9.52489e-06 9.38852e-01 4.48195e-17 1.46280e-03 
7253.34 9.51818e-06 9.38946e-01 4.47901e-17 1.46163e-03 
7270.00 9.49005e-06 9.39510e-01 4.45394e-17 1.45336e-03 
7278.47 9.44382e-06 9.39860e-01 4.43545e-17 1.44249e-03 
7290.00 9.37296e-06 9.40399e-01 4.40528e-17 1.42499e-03 
7310.00 9.31918e-06 9.41390e-01 4.34309e-17 1.40213e-03 
7314.86 9.30401e-06 9.41620e-01 4.32674e-17 1.39584e-03 
7316.22 9.29919e-06 9.41682e-01 4.32212e-17 1.39398e-03 
7330.00 9.24825e-06 9.42273e-01 4.27534e-17 1.37478e-03 
7350.00 9.20053e-06 9.43029e-01 4.21883e-17 1.35438e-03 
7351.43 9.19704e-06 9.43080e-01 4.21579e-17 1.35323e-03 
7370.00 9.13476e-06 9.43727e-01 4.19574e-17 1.34197e-03 
7379.09 9.09126e-06 9.44032e-01 4.20232e-17 1.33976e-03 
7388.19 9.04295e-06 9.44330e-01 4.22190e-17 1.34092e-03 
7390.00 9.03321e-06 9.44388e-01 4.22727e-17 1.34159e-03 
7410.00 8.92869e-06 9.45017e-01 4.31449e-17 1.35799e-03 
7425.13 8.86056e-06 9.45470e-01 4.40728e-17 1.38009e-03 
7430.00 8.84618e-06 9.45612e-01 4.44061e-17 1.38939e-03 
7441.97 8.82626e-06 9.45954e-01 4.52750e-17 1.41617e-03 
7450.00 8.80477e-06 9.46179e-01 4.58887e-17 1.43376e-03 
7462.26 8.73734e-06 9.46520e-01 4.69205e-17 1.45769e-03 
7470.00 8.69602e-06 9.46735e-01 4.76685e-17 1.47579e-03 
7490.00 8.65774e-06 9.47288e-01 5.01371e-17 1.55042e-03 
7496.27 8.64954e-06 9.47460e-01 5.11188e-17 1.58090e-03 
7499.57 8.64412e-06 9.47550e-01 5.16813e-17 1.59814e-03 
7510.00 8.62175e-06 9.47833e-01 5.36198e-17 1.65659e-03 
7530.00 8.56839e-06 9.48371e-01 5.74989e-17 1.77115e-03 
7536.29 8.55627e-06 9.48539e-01 5.86099e-17 1.80464e-03 
7537.07 8.55488e-06 9.48560e-01 5.87408e-17 1.80861e-03 
7550.00 8.52688e-06 9.48904e-01 6.07841e-17 1.86927e-03 
7570.00 8.45068e-06 9.49428e-01 6.46967e-17 1.97813e-03 
7570.99 8.44723e-06 9.49454e-01 6.49524e-17 1.98545e-03 
7574.75 8.43516e-06 9.49550e-01 6.59964e-17 2.01569e-03 
7590.00 8.39289e-06 9.49934e-01 7.11801e-17 2.16835e-03 
7593.04 8.38367e-06 9.50010e-01 7.23482e-17 2.20257e-03 
7608.69 8.33169e-06 9.50401e-01 7.85861e-17 2.38352e-03 
7610.00 8.32743e-06 9.50434e-01 7.90963e-17 2.39826e-03 
7612.63 8.31911e-06 9.50500e-01 8.01084e-17 2.42753e-03 
7629.78 8.26734e-06 9.50935e-01 8.70951e-17 2.62994e-03 
7630.00 8.26667e-06 9.50941e-01 8.71945e-17 2.63282e-03 
7647.75 8.20157e-06 9.51373e-01 9.57908e-17 2.87759e-03 
7650.00 8.19125e-06 9.51424e-01 9.67718e-17 2.90441e-03 
7650.69 8.18796e-06 9.51440e-01 9.70668e-17 2.91241e-03 
7662.61 8.12826e-06 9.51703e-01 1.02945e-16 3.07187e-03 
7670.00 8.09784e-06 9.51869e-01 1.08336e-16 3.22433e-03 
7675.51 8.08302e-06 9.52001e-01 1.12555e-16 3.34661e-03 
7687.76 8.06042e-06 9.52334e-01 1.21654e-16 3.61407e-03 
7688.94 8.05789e-06 9.52370e-01 1.22772e-16 3.64684e-03 
7690.00 8.05544e-06 9.52403e-01 1.23814e-16 3.67731e-03 
7696.34 8.03731e-06 9.52611e-01 1.29834e-16 3.85143e-03 
7710.00 7.99285e-06 9.53037e-01 1.38058e-16 4.08178e-03 
7710.63 7.99112e-06 9.53053e-01 1.38567e-16 4.09636e-03 
7718.25 7.97392e-06 9.53212e-01 1.46150e-16 4.31620e-03 
7727.39 7.96101e-06 9.53270e-01 1.54098e-16 4.54922e-03 
7727.77 7.96061e-06 9.53268e-01 1.54473e-16 4.56030e-03 
7730.00 7.95848e-06 9.53253e-01 1.56804e-16 4.62911e-03 
7736.35 7.95178e-06 9.53175e-01 1.64087e-16 4.84361e-03 
7747.78 7.90430e-06 9.53107e-01 1.75121e-16 5.14568e-03 
7750.00 7.88473e-06 9.53134e-01 1.77029e-16 5.19050e-03 
7756.35 7.80883e-06 9.53337e-01 1.84743e-16 5.37007e-03 
7761.25 7.74585e-06 9.53656e-01 1.93550e-16 5.58612e-03 
7766.03 7.69734e-06 9.54140e-01 1.97890e-16 5.68196e-03 
7770.00 7.67720e-06 9.54682e-01 2.01281e-16 5.77044e-03 
7771.87 7.67639e-06 9.54966e-01 2.04174e-16 5.85589e-03 
7776.36 7.69353e-06 9.55671e-01 2.14001e-16 6.15956e-03 
7782.08 7.73732e-06 9.56487e-01 2.20355e-16 6.38867e-03 
7789.22 7.78809e-06 9.57088e-01 2.29258e-16 6.70076e-03 
7790.00 7.79132e-06 9.57110e-01 2.30240e-16 6.73310e-03 
7798.82 7.78666e-06 9.56509e-01 2.41063e-16 7.04893e-03 
7803.99 7.76095e-06 9.55234e-01 2.49744e-16 7.27377e-03 
7804.86 7.75589e-06 9.54940e-01 2.51547e-16 7.32005e-03 
7807.80 7.73824e-06 9.53762e-01 2.57379e-16 7.46633e-03 
7810.00 7.72539e-06 9.52726e-01 2.60312e-16 7.53282e-03 
7814.47 7.70230e-06 9.50319e-01 2.65380e-16 7.64153e-03 
7819.23 7.68136e-06 9.47487e-01 2.74113e-16 7.85286e-03 
7826.09 7.65485e-06 9.43399e-01 2.83045e-16 8.05294e-03 
7830.00 7.64012e-06 9.41303e-01 2.88270e-16 8.17172e-03 
7834.95 7.62069e-06 9.39144e-01 2.95148e-16 8.33156e-03 
7843.05 7.58900e-06 9.37465e-01 3.06169e-16 8.60020e-03 
7843.88 7.58590e-06 9.37460e-01 3.07642e-16 8.63891e-03 
7847.81 7.57198e-06 9.37903e-01 3.14421e-16 8.82167e-03 
7850.00 7.56491e-06 9.38446e-01 3.16974e-16 8.89260e-03 
7853.53 7.55464e-06 9.39689e-01 3.21972e-16 9.03658e-03 
7856.39 7.54709e-06 9.40966e-01 3.28713e-16 9.23244e-03 
7862.10 7.53293e-06 9.44007e-01 3.36506e-16 9.47095e-03 
7867.82 7.51817e-06 9.47319e-01 3.44071e-16 9.70587e-03 
7870.00 7.51192e-06 9.48561e-01 3.46824e-16 9.79091e-03 
7876.39 7.49111e-06 9.51811e-01 3.53642e-16 9.99797e-03 
7883.10 7.46761e-06 9.54060e-01 3.59784e-16 1.01723e-02 
7887.82 7.45182e-06 9.54617e-01 3.64154e-16 1.02863e-02 
7890.00 7.44516e-06 9.54607e-01 3.66309e-16 1.03406e-02 
7897.62 7.42533e-06 9.53582e-01 3.74726e-16 1.05489e-02 
7906.40 7.40576e-06 9.51297e-01 3.85237e-16 1.08023e-02 
7910.00 7.39748e-06 9.50288e-01 3.88978e-16 1.08884e-02 
7918.14 7.37592e-06 9.48444e-01 3.95698e-16 1.10341e-02 
7922.51 7.36217e-06 9.47970e-01 3.98434e-16 1.10903e-02 
7930.00 7.33432e-06 9.48331e-01 4.01866e-16 1.11583e-02 
7950.00 7.27101e-06 9.53714e-01 4.04822e-16 1.12349e-02 
7956.15 7.27796e-06 9.55651e-01 4.04381e-16 1.12649e-02 
7962.13 7.28889e-06 9.57230e-01 4.03510e-16 1.12846e-02 
7970.00 7.28498e-06 9.58568e-01 4.01615e-16 1.12524e-02 
7990.00 7.16518e-06 9.59240e-01 3.91783e-16 1.08310e-02 
7991.67 7.16010e-06 9.59200e-01 3.90571e-16 1.07917e-02 
8001.94 7.15844e-06 9.58930e-01 3.82882e-16 1.05874e-02 
8004.05 7.16065e-06 9.58896e-01 3.81681e-16 1.05598e-02 
8010.00 7.16252e-06 9.58863e-01 3.77581e-16 1.04566e-02 
8012.44 7.15947e-06 9.58874e-01 3.73471e-16 1.03416e-02 
8015.86 7.15143e-06 9.58910e-01 3.65062e-16 1.01021e-02 
8025.96 7.11488e-06 9.59125e-01 3.54250e-16 9.76727e-03 
8030.00 7.10066e-06 9.59243e-01 3.47440e-16 9.56634e-03 
8031.68 7.09565e-06 9.59296e-01 3.44396e-16 9.47834e-03 
8040.89 7.07595e-06 9.59596e-01 3.33309e-16 9.16111e-03 
8041.95 7.07417e-06 9.59630e-01 3.32380e-16 9.13479e-03 
8047.87 7.06423e-06 9.59814e-01 3.23018e-16 8.87325e-03 
8050.00 7.06024e-06 9.59877e-01 3.17087e-16 8.70829e-03 
8050.73 7.05877e-06 9.59898e-01 3.15791e-16 8.67186e-03 
8058.16 7.04111e-06 9.60105e-01 3.08635e-16 8.46378e-03 
8059.31 7.03804e-06 9.60135e-01 3.00469e-16 8.23767e-03 
8066.45 7.01752e-06 9.60316e-01 2.92991e-16 8.01784e-03 
8070.00 7.00689e-06 9.60401e-01 2.88947e-16 7.89937e-03 
8072.64 6.99896e-06 9.60462e-01 2.82909e-16 7.72857e-03 
8077.60 6.98444e-06 9.60573e-01 2.73569e-16 7.46335e-03 
8082.16 6.97183e-06 9.60670e-01 2.68852e-16 7.32630e-03 
8084.46 6.96589e-06 9.60718e-01 2.65788e-16 7.23904e-03 
8087.89 6.95769e-06 9.60787e-01 2.57693e-16 7.01379e-03 
8090.00 6.95311e-06 9.60830e-01 2.50902e-16 6.82654e-03 
8090.75 6.95159e-06 9.60844e-01 2.48803e-16 6.76868e-03 
8098.37 6.93823e-06 9.60992e-01 2.38204e-16 6.47499e-03 
8102.18 6.93244e-06 9.61065e-01 2.28460e-16 6.20832e-03 
8107.89 6.92374e-06 9.61173e-01 2.20904e-16 6.00036e-03 
8110.00 6.92031e-06 9.61214e-01 2.17379e-16 5.90345e-03 
8112.66 6.91567e-06 9.61265e-01 2.11465e-16 5.74118e-03 
8116.47 6.90838e-06 9.61339e-01 2.02246e-16 5.48812e-03 
8122.18 6.89606e-06 9.61452e-01 1.93559e-16 5.24734e-03 
8122.57 6.89517e-06 9.61460e-01 1.93134e-16 5.23541e-03 
8127.90 6.88206e-06 9.61570e-01 1.84795e-16 5.00370e-03 
8130.00 6.87650e-06 9.61614e-01 1.78863e-16 4.84063e-03 
8130.76 6.87443e-06 9.61630e-01 1.76899e-16 4.78656e-03 
8137.43 6.85569e-06 9.61773e-01 1.68619e-16 4.55449e-03 
8143.62 6.83917e-06 9.61906e-01 1.57994e-16 4.26107e-03 
8150.00 6.82564e-06 9.62042e-01 1.51254e-16 4.07497e-03 
8150.76 6.82438e-06 9.62059e-01 1.49863e-16 4.03720e-03 
8153.62 6.82019e-06 9.62118e-01 1.42986e-16 3.85117e-03 
8158.39 6.81333e-06 9.62216e-01 1.33861e-16 3.60423e-03 
8163.18 6.80339e-06 9.62310e-01 1.26856e-16 3.41299e-03 
8165.46 6.79650e-06 9.62353e-01 1.25060e-16 3.36236e-03 
8170.00 6.77667e-06 9.62437e-01 1.24099e-16 3.32890e-03 
8174.58 6.74713e-06 9.62518e-01 1.15819e-16 3.09526e-03 
8176.49 6.73291e-06 9.62551e-01 1.08162e-16 2.88530e-03 
8188.49 6.64719e-06 9.62748e-01 1.00183e-16 2.64286e-03 
8190.00 6.63991e-06 9.62772e-01 1.00116e-16 2.63873e-03 
8197.45 6.62186e-06 9.62889e-01 9.16073e-17 2.41039e-03 
8201.26 6.62008e-06 9.62948e-01 8.34495e-17 2.19631e-03 
8204.00 6.62002e-06 9.62990e-01 7.93927e-17 2.09031e-03 
8210.00 6.61837e-06 9.63083e-01 7.54645e-17 1.98804e-03 
8213.64 6.61356e-06 9.63141e-01 7.38352e-17 1.94468e-03 
8226.03 6.58039e-06 9.63344e-01 6.15906e-17 1.61682e-03 
8230.00 6.56799e-06 9.63413e-01 5.74157e-17 1.50522e-03 
8236.51 6.55008e-06 9.63532e-01 5.17071e-17 1.35310e-03 
8245.02 6.53600e-06 9.63700e-01 4.64145e-17 1.21345e-03 
8250.00 6.53529e-06 9.63806e-01 4.40074e-17 1.15122e-03 
8256.10 6.54280e-06 9.63939e-01 4.11960e-17 1.07986e-03 
8270.00 6.55892e-06 9.64233e-01 3.42859e-17 9.02732e-04 
8270.80 6.55839e-06 9.64249e-01 3.39167e-17 8.93041e-04 
8286.24 6.51889e-06 9.64490e-01 2.80261e-17 7.35046e-04 
8290.00 6.50785e-06 9.64527e-01 2.67630e-17 7.01076e-04 
8290.40 6.50681e-06 9.64530e-01 2.66285e-17 6.97475e-04 
8310.00 6.45466e-06 9.64639e-01 2.02290e-17 5.26910e-04 
8313.67 6.43604e-06 9.64660e-01 1.91934e-17 4.98725e-04 
8327.67 6.36247e-06 9.64800e-01 1.60265e-17 4.12429e-04 
8330.00 6.35603e-06 9.64837e-01 1.56003e-17 4.01181e-04 
8350.00 6.37267e-06 9.65288e-01 1.26368e-17 3.26757e-04 
8356.54 6.37018e-06 9.65452e-01 1.17920e-17 3.05084e-04 
8369.31 6.33813e-06 9.65730e-01 1.01145e-17 2.60841e-04 
8370.00 6.33579e-06 9.65742e-01 1.00238e-17 2.58429e-04 
8390.00 6.26794e-06 9.65985e-01 7.49595e-18 1.91693e-04 
8407.99 6.23478e-06 9.66159e-01 5.62809e-18 1.43498e-04 
8410.00 6.23153e-06 9.66184e-01 5.45682e-18 1.39096e-04 
8411.16 6.22958e-06 9.66200e-01 5.36211e-18 1.36660e-04 
8430.00 6.17379e-06 9.66539e-01 4.16858e-18 1.05563e-04 
8450.00 6.05044e-06 9.66973e-01 3.44282e-18 8.56833e-05 
8453.21 6.03189e-06 9.67040e-01 3.36042e-18 8.34135e-05 
8455.46 6.02050e-06 9.67085e-01 3.30662e-18 8.19488e-05 
8470.00 6.01013e-06 9.67349e-01 3.01732e-18 7.47988e-05 
8490.00 6.06281e-06 9.67647e-01 2.71780e-18 6.81457e-05 
8495.48 5.97624e-06 9.67720e-01 2.64103e-18 6.53223e-05 
8503.23 5.82151e-06 9.67818e-01 2.52734e-18 6.09539e-05 
8510.00 5.75086e-06 9.67901e-01 2.41822e-18 5.76651e-05 
8530.00 6.01905e-06 9.68141e-01 1.99307e-18 4.98725e-05 
8537.96 5.99268e-06 9.68240e-01 1.76110e-18 4.39202e-05 
8550.00 5.34988e-06 9.68399e-01 1.31679e-18 2.93633e-05 
8562.32 3.47854e-06 9.68581e-01 7.20621e-19 1.04654e-05 
