##### EXOPHOT SPECTRAL OVERLAP FILE #####
# Date: 23/02/2022 14:35:22
# SED file: SED_g2v.txt
# atmosphere file: atm_g2v_hzo_os4.txt
# photopigment file: BChlB.txt
# Stellar radius (Rs in km): 6.963400e+05
# Exoplanet orbit semi-major axis (sma in km): 1.672066e+08
# Total absorption rate (gamma_t in s-1): 1.27952e+01
# B band absorption rate (gamma_B in s-1): 4.53338e+00
# Q band absorption rate (gamma_Q in s-1): 8.26182e+00
# B-Q bands cut-off (in nm): 500
# photosynthetic photon flux density [ppfd in micromol photon m-2 s-1]: 1.83542e+03
# Total Stellar Irradiance (S in W m-2): 1.07502e+03
# -------------------------------------------------
# Col 1: Wavelength (wl in Angstrom) 
# Col 2: Spectral Flux Density (F_l in J cm-2 s-1 A-1) 
# Col 3: Atmosphere transmitance (T, no units) 
# Col 4: Pigment absorption cross section (sigma_abs in cm2) 
# Col 5: Spectral Absorption Rate (Gamma_lambda in A-1 s-1)
3041.74 4.30425e-06 7.56637e-01 8.07474e-17 4.02679e-04 
3050.00 5.45207e-06 7.58912e-01 8.23128e-17 5.22930e-04 
3055.94 5.82568e-06 7.60530e-01 8.35225e-17 5.69292e-04 
3070.00 5.76852e-06 7.64305e-01 8.65959e-17 5.90052e-04 
3071.22 5.72925e-06 7.64630e-01 8.68741e-17 5.88402e-04 
3072.03 5.70229e-06 7.64844e-01 8.70577e-17 5.87189e-04 
3086.58 5.32357e-06 7.68680e-01 9.04505e-17 5.75122e-04 
3090.00 5.34673e-06 7.69575e-01 9.12576e-17 5.84104e-04 
3102.01 5.84923e-06 7.72700e-01 9.40740e-17 6.63966e-04 
3103.47 5.92108e-06 7.73077e-01 9.44103e-17 6.75170e-04 
3110.00 6.15955e-06 7.74755e-01 9.59003e-17 7.16501e-04 
3117.52 6.15620e-06 7.76620e-01 9.75529e-17 7.31971e-04 
3130.00 5.77170e-06 7.79538e-01 1.00072e-16 7.09449e-04 
3133.11 5.67010e-06 7.80270e-01 1.00644e-16 7.02299e-04 
3146.34 5.47330e-06 7.83510e-01 1.02756e-16 6.97960e-04 
3148.77 5.50134e-06 7.84110e-01 1.03082e-16 7.04841e-04 
3150.00 5.52539e-06 7.84410e-01 1.03237e-16 7.09537e-04 
3164.52 6.01872e-06 7.87890e-01 1.04733e-16 7.91200e-04 
3170.00 6.05290e-06 7.89186e-01 1.05161e-16 8.01640e-04 
3180.34 5.63980e-06 7.91610e-01 1.05823e-16 7.56401e-04 
3190.00 5.34937e-06 7.93842e-01 1.06332e-16 7.25127e-04 
3196.24 5.52694e-06 7.95270e-01 1.06637e-16 7.54171e-04 
3206.35 5.93882e-06 7.97561e-01 1.07143e-16 8.19151e-04 
3210.00 5.93438e-06 7.98381e-01 1.07342e-16 8.21829e-04 
3212.22 5.85693e-06 7.98880e-01 1.07468e-16 8.13127e-04 
3228.29 4.86945e-06 8.02440e-01 1.08486e-16 6.88910e-04 
3230.00 4.86517e-06 8.02815e-01 1.08606e-16 6.89750e-04 
3244.43 6.14168e-06 8.05930e-01 1.09682e-16 8.86712e-04 
3250.00 6.84092e-06 8.07123e-01 1.10130e-16 9.94874e-04 
3260.65 7.77754e-06 8.09380e-01 1.11030e-16 1.14726e-03 
3269.23 8.11990e-06 8.11168e-01 1.11793e-16 1.21184e-03 
3270.00 8.13357e-06 8.11327e-01 1.11862e-16 1.21516e-03 
3276.95 8.14689e-06 8.12760e-01 1.12503e-16 1.22889e-03 
3290.00 7.84544e-06 8.15426e-01 1.13750e-16 1.20523e-03 
3293.34 7.74858e-06 8.16100e-01 1.14076e-16 1.19597e-03 
3309.80 7.39855e-06 8.19380e-01 1.15723e-16 1.16890e-03 
3310.00 7.39668e-06 8.19419e-01 1.15743e-16 1.16893e-03 
3326.35 7.45340e-06 8.22620e-01 1.17417e-16 1.20553e-03 
3330.00 7.50665e-06 8.23322e-01 1.17793e-16 1.22041e-03 
3332.11 7.54047e-06 8.23726e-01 1.18011e-16 1.22955e-03 
3342.98 7.57564e-06 8.25790e-01 1.19139e-16 1.25429e-03 
3350.00 7.26242e-06 8.27110e-01 1.19882e-16 1.21442e-03 
3359.70 6.27702e-06 8.28920e-01 1.20949e-16 1.06437e-03 
3370.00 5.46843e-06 8.30817e-01 1.22156e-16 9.41536e-04 
3376.50 5.55786e-06 8.32000e-01 1.22969e-16 9.66532e-04 
3386.41 6.19153e-06 8.33787e-01 1.24304e-16 1.09396e-03 
3390.00 6.39330e-06 8.34428e-01 1.24820e-16 1.13637e-03 
3393.38 6.50817e-06 8.35030e-01 1.25323e-16 1.16345e-03 
3410.00 6.52699e-06 8.37950e-01 1.28068e-16 1.20240e-03 
3410.35 6.52809e-06 8.38010e-01 1.28131e-16 1.20340e-03 
3427.40 6.85021e-06 8.40940e-01 1.31507e-16 1.30709e-03 
3428.47 6.87516e-06 8.41121e-01 1.31739e-16 1.31486e-03 
3430.00 6.90927e-06 8.41381e-01 1.32078e-16 1.32578e-03 
3444.54 7.12424e-06 8.43820e-01 1.35760e-16 1.41519e-03 
3450.00 7.17633e-06 8.44728e-01 1.37482e-16 1.44746e-03 
3455.00 7.22337e-06 8.45555e-01 1.39286e-16 1.47966e-03 
3461.76 7.30368e-06 8.46660e-01 1.42086e-16 1.53117e-03 
3470.00 7.46175e-06 8.47991e-01 1.45850e-16 1.61209e-03 
3472.72 7.53528e-06 8.48427e-01 1.47122e-16 1.64432e-03 
3479.07 7.74559e-06 8.49440e-01 1.50073e-16 1.72932e-03 
3490.00 8.19614e-06 8.51175e-01 1.55244e-16 1.90280e-03 
3491.34 8.25573e-06 8.51387e-01 1.55899e-16 1.92593e-03 
3496.46 8.47044e-06 8.52190e-01 1.58469e-16 2.01343e-03 
3507.02 8.65195e-06 8.53822e-01 1.64442e-16 2.14465e-03 
3510.00 8.58666e-06 8.54279e-01 1.66360e-16 2.15627e-03 
3513.95 8.40408e-06 8.54880e-01 1.68943e-16 2.14710e-03 
3523.60 7.87608e-06 8.56342e-01 1.74284e-16 2.08509e-03 
3530.00 7.86410e-06 8.57304e-01 1.76364e-16 2.11296e-03 
3531.51 7.94016e-06 8.57530e-01 1.76801e-16 2.14016e-03 
3543.60 9.02762e-06 8.59322e-01 1.83095e-16 2.53381e-03 
3549.17 9.22241e-06 8.60140e-01 1.88934e-16 2.67778e-03 
3550.00 9.20407e-06 8.60261e-01 1.89819e-16 2.68598e-03 
3552.18 9.08620e-06 8.60580e-01 1.91975e-16 2.68433e-03 
3566.47 7.05781e-06 8.62646e-01 2.00470e-16 2.19136e-03 
3566.92 6.99384e-06 8.62710e-01 2.00746e-16 2.17492e-03 
3570.00 6.61742e-06 8.63148e-01 2.02839e-16 2.08217e-03 
3578.72 6.23768e-06 8.64377e-01 2.09463e-16 2.03462e-03 
3584.75 6.40613e-06 8.65220e-01 2.13534e-16 2.13586e-03 
3590.00 6.69546e-06 8.65950e-01 2.17381e-16 2.27778e-03 
3592.19 6.82977e-06 8.66254e-01 2.19309e-16 2.34634e-03 
3602.68 7.45603e-06 8.67700e-01 2.30312e-16 2.70235e-03 
3603.62 7.50587e-06 8.67830e-01 2.31180e-16 2.73179e-03 
3610.00 7.78364e-06 8.68699e-01 2.35857e-16 2.89823e-03 
3617.91 7.95138e-06 8.69768e-01 2.41789e-16 3.04553e-03 
3620.69 7.96789e-06 8.70140e-01 2.44685e-16 3.09211e-03 
3626.49 7.94517e-06 8.70912e-01 2.50868e-16 3.16907e-03 
3630.00 7.90042e-06 8.71377e-01 2.53633e-16 3.19074e-03 
3638.79 7.94315e-06 8.72530e-01 2.58982e-16 3.28794e-03 
3639.96 8.01588e-06 8.72682e-01 2.59819e-16 3.33041e-03 
3640.00 8.01880e-06 8.72687e-01 2.59849e-16 3.33207e-03 
3650.00 9.18777e-06 8.73982e-01 2.68878e-16 3.96721e-03 
3651.39 9.32350e-06 8.74162e-01 2.70064e-16 4.04593e-03 
3656.99 9.64778e-06 8.74880e-01 2.73908e-16 4.25625e-03 
3669.36 9.50611e-06 8.76456e-01 2.79185e-16 4.29674e-03 
3670.00 9.48084e-06 8.76537e-01 2.79416e-16 4.29000e-03 
3675.27 9.25832e-06 8.77200e-01 2.81309e-16 4.22695e-03 
3690.00 9.00310e-06 8.79023e-01 2.86183e-16 4.20712e-03 
3693.65 9.14164e-06 8.79470e-01 2.87178e-16 4.29314e-03 
3707.00 9.56953e-06 8.81095e-01 2.89564e-16 4.55622e-03 
3710.00 9.43462e-06 8.81456e-01 2.89759e-16 4.50049e-03 
3712.12 9.24953e-06 8.81710e-01 2.89817e-16 4.41686e-03 
3730.00 6.82783e-06 8.83821e-01 2.88027e-16 3.26372e-03 
3730.68 6.78260e-06 8.83900e-01 2.87891e-16 3.24145e-03 
3749.33 7.64028e-06 8.86060e-01 2.82810e-16 3.61364e-03 
3749.38 7.64549e-06 8.86066e-01 2.82794e-16 3.61596e-03 
3750.00 7.70813e-06 8.86137e-01 2.82592e-16 3.64388e-03 
3768.08 9.22842e-06 8.88180e-01 2.76072e-16 4.29233e-03 
3770.00 9.31646e-06 8.88394e-01 2.75314e-16 4.32464e-03 
3771.61 9.37403e-06 8.88574e-01 2.74671e-16 4.34393e-03 
3786.92 9.57404e-06 8.90260e-01 2.68285e-16 4.35931e-03 
3789.39 9.62231e-06 8.90531e-01 2.67231e-16 4.36825e-03 
3790.00 9.63778e-06 8.90597e-01 2.66973e-16 4.37208e-03 
3805.85 9.76639e-06 8.92310e-01 2.59745e-16 4.33683e-03 
3806.54 9.71690e-06 8.92384e-01 2.59387e-16 4.31004e-03 
3810.00 9.33701e-06 8.92753e-01 2.57529e-16 4.11731e-03 
3817.98 7.71245e-06 8.93597e-01 2.53363e-16 3.35608e-03 
3824.88 6.22248e-06 8.94320e-01 2.50453e-16 2.68364e-03 
3830.00 5.61137e-06 8.94852e-01 2.48323e-16 2.40414e-03 
3832.27 5.57045e-06 8.95086e-01 2.47260e-16 2.37841e-03 
3844.01 6.83022e-06 8.96290e-01 2.40558e-16 2.84978e-03 
3846.56 7.18445e-06 8.96549e-01 2.39128e-16 2.98259e-03 
3850.00 7.55976e-06 8.96899e-01 2.37363e-16 3.11924e-03 
3863.23 7.60392e-06 8.98230e-01 2.31401e-16 3.07372e-03 
3863.70 7.58487e-06 8.98278e-01 2.31180e-16 3.06362e-03 
3870.00 7.37930e-06 8.98905e-01 2.28108e-16 2.94783e-03 
3880.85 7.66291e-06 8.99975e-01 2.22813e-16 3.00202e-03 
3882.54 7.79455e-06 9.00140e-01 2.22068e-16 3.04527e-03 
3890.00 8.67411e-06 9.00864e-01 2.19130e-16 3.35320e-03 
3900.86 1.03324e-05 9.01906e-01 2.15648e-16 3.94630e-03 
3901.96 1.04368e-05 9.02010e-01 2.15335e-16 3.98196e-03 
3910.00 1.02425e-05 9.02773e-01 2.13213e-16 3.88061e-03 
3921.46 6.97136e-06 9.03850e-01 2.10726e-16 2.62123e-03 
3930.00 5.38993e-06 9.04644e-01 2.09288e-16 2.01893e-03 
3938.01 6.66107e-06 9.05381e-01 2.08261e-16 2.48991e-03 
3941.07 7.50500e-06 9.05660e-01 2.07951e-16 2.80424e-03 
3950.00 9.17055e-06 9.06467e-01 2.07310e-16 3.42679e-03 
3960.78 7.49641e-06 9.07430e-01 2.07052e-16 2.80834e-03 
3970.00 6.32821e-06 9.08249e-01 2.07278e-16 2.38097e-03 
3980.58 9.10346e-06 9.09180e-01 2.08042e-16 3.45047e-03 
3990.00 1.24601e-05 9.09995e-01 2.09174e-16 4.76392e-03 
3991.36 1.27810e-05 9.10112e-01 2.09373e-16 4.89354e-03 
4000.48 1.36376e-05 9.10890e-01 2.11134e-16 5.28198e-03 
4010.00 1.33341e-05 9.11694e-01 2.14703e-16 5.26886e-03 
4015.59 1.32052e-05 9.12162e-01 2.18167e-16 5.31226e-03 
4020.49 1.31797e-05 9.12570e-01 2.22095e-16 5.40643e-03 
4023.75 1.31843e-05 9.12841e-01 2.24747e-16 5.47899e-03 
4030.00 1.31859e-05 9.13356e-01 2.29071e-16 5.59692e-03 
4035.19 1.31333e-05 9.13780e-01 2.32278e-16 5.66252e-03 
4040.59 1.30159e-05 9.14220e-01 2.35771e-16 5.70670e-03 
4045.48 1.28571e-05 9.14615e-01 2.39369e-16 5.73247e-03 
4050.00 1.26673e-05 9.14979e-01 2.43171e-16 5.74624e-03 
4055.19 1.24165e-05 9.15395e-01 2.47548e-16 5.74382e-03 
4060.79 1.21987e-05 9.15840e-01 2.51545e-16 5.74492e-03 
4067.80 1.21837e-05 9.16393e-01 2.55202e-16 5.83484e-03 
4070.00 1.22725e-05 9.16566e-01 2.56026e-16 5.90063e-03 
4081.10 1.33038e-05 9.17430e-01 2.58342e-16 6.47805e-03 
4089.44 1.40098e-05 9.18072e-01 2.58928e-16 6.85608e-03 
4090.00 1.40342e-05 9.18115e-01 2.58957e-16 6.87003e-03 
4101.50 1.38766e-05 9.18990e-01 2.59175e-16 6.82423e-03 
4110.00 1.35201e-05 9.19632e-01 2.58210e-16 6.64249e-03 
4122.01 1.35350e-05 9.20530e-01 2.53690e-16 6.55891e-03 
4128.19 1.36363e-05 9.20988e-01 2.49340e-16 6.50769e-03 
4130.00 1.36549e-05 9.21121e-01 2.47760e-16 6.47904e-03 
4138.08 1.36436e-05 9.21712e-01 2.39729e-16 6.28011e-03 
4142.62 1.36093e-05 9.22040e-01 2.35167e-16 6.15404e-03 
4146.65 1.35914e-05 9.22329e-01 2.31214e-16 6.05042e-03 
4150.00 1.36006e-05 9.22567e-01 2.27999e-16 5.97670e-03 
4155.14 1.36681e-05 9.22932e-01 2.23511e-16 5.89776e-03 
4160.94 1.37644e-05 9.23341e-01 2.15810e-16 5.74521e-03 
4163.33 1.37909e-05 9.23510e-01 2.08958e-16 5.57771e-03 
4163.80 1.37943e-05 9.23543e-01 2.07726e-16 5.54702e-03 
4170.00 1.37568e-05 9.23980e-01 2.00804e-16 5.35812e-03 
4171.42 1.37205e-05 9.24080e-01 2.00253e-16 5.33172e-03 
4180.37 1.33343e-05 9.24708e-01 1.92693e-16 5.00011e-03 
4184.15 1.31629e-05 9.24970e-01 1.88175e-16 4.82582e-03 
4188.38 1.30264e-05 9.25261e-01 1.83247e-16 4.65688e-03 
4190.00 1.29994e-05 9.25372e-01 1.81580e-16 4.60729e-03 
4200.14 1.31247e-05 9.26059e-01 1.73096e-16 4.44838e-03 
4205.07 1.32329e-05 9.26390e-01 1.68958e-16 4.38453e-03 
4210.00 1.32622e-05 9.26720e-01 1.64541e-16 4.28589e-03 
4211.43 1.32449e-05 9.26816e-01 1.63218e-16 4.24782e-03 
4220.39 1.29503e-05 9.27412e-01 1.55226e-16 3.96089e-03 
4226.10 1.27396e-05 9.27790e-01 1.51121e-16 3.80010e-03 
4230.00 1.26605e-05 9.28047e-01 1.48434e-16 3.71380e-03 
4232.39 1.26547e-05 9.28205e-01 1.46658e-16 3.67036e-03 
4245.86 1.28780e-05 9.29082e-01 1.35235e-16 3.45844e-03 
4247.23 1.28867e-05 9.29170e-01 1.34246e-16 3.43690e-03 
4250.00 1.28748e-05 9.29349e-01 1.32419e-16 3.38986e-03 
4261.54 1.24164e-05 9.30084e-01 1.26351e-16 3.13032e-03 
4268.46 1.20534e-05 9.30520e-01 1.22805e-16 2.95969e-03 
4270.00 1.19869e-05 9.30616e-01 1.21997e-16 2.92533e-03 
4280.03 1.16457e-05 9.31239e-01 1.16761e-16 2.72830e-03 
4289.80 1.09258e-05 9.31840e-01 1.11965e-16 2.46172e-03 
4290.00 1.09023e-05 9.31852e-01 1.11872e-16 2.45451e-03 
4295.27 1.01513e-05 9.32173e-01 1.09387e-16 2.23820e-03 
4309.56 9.04912e-06 9.33038e-01 1.02819e-16 1.88337e-03 
4310.00 9.08591e-06 9.33065e-01 1.02622e-16 1.88765e-03 
4311.25 9.22439e-06 9.33140e-01 1.02067e-16 1.90676e-03 
4326.71 1.27322e-05 9.34061e-01 9.55816e-17 2.47591e-03 
4330.00 1.32475e-05 9.34255e-01 9.42970e-17 2.54394e-03 
4332.81 1.34454e-05 9.34420e-01 9.32278e-17 2.55478e-03 
4346.71 1.27225e-05 9.35226e-01 8.82213e-17 2.29693e-03 
4350.00 1.26163e-05 9.35414e-01 8.70885e-17 2.25066e-03 
4354.47 1.27640e-05 9.35670e-01 8.55629e-17 2.24002e-03 
4370.00 1.39360e-05 9.36549e-01 8.02212e-17 2.30337e-03 
4371.80 1.39278e-05 9.36651e-01 7.95797e-17 2.28478e-03 
4376.25 1.37155e-05 9.36900e-01 7.79691e-17 2.20725e-03 
4390.00 1.26563e-05 9.37665e-01 7.31177e-17 1.91763e-03 
4392.85 1.26156e-05 9.37822e-01 7.22138e-17 1.88937e-03 
4398.13 1.27716e-05 9.38110e-01 7.06835e-17 1.87503e-03 
4410.00 1.36749e-05 9.38750e-01 6.77153e-17 1.92985e-03 
4418.98 1.42899e-05 9.39229e-01 6.56247e-17 1.95936e-03 
4420.12 1.43490e-05 9.39290e-01 6.53550e-17 1.96001e-03 
4430.00 1.46331e-05 9.39816e-01 6.29343e-17 1.93016e-03 
4442.22 1.44872e-05 9.40460e-01 5.98517e-17 1.82357e-03 
4448.65 1.44580e-05 9.40794e-01 5.82438e-17 1.77420e-03 
4450.00 1.44765e-05 9.40863e-01 5.79108e-17 1.76698e-03 
4464.43 1.50812e-05 9.41600e-01 5.44684e-17 1.73834e-03 
4470.00 1.52589e-05 9.41882e-01 5.31939e-17 1.72033e-03 
4483.90 1.52483e-05 9.42579e-01 5.01383e-17 1.62663e-03 
4486.75 1.52995e-05 9.42720e-01 4.95323e-17 1.61363e-03 
4490.00 1.54367e-05 9.42880e-01 4.88519e-17 1.60717e-03 
4509.19 1.68828e-05 9.43810e-01 4.51130e-17 1.63174e-03 
4510.00 1.68840e-05 9.43849e-01 4.49672e-17 1.62695e-03 
4523.91 1.58162e-05 9.44518e-01 4.26864e-17 1.45224e-03 
4530.00 1.53063e-05 9.44808e-01 4.18253e-17 1.37935e-03 
4531.73 1.52254e-05 9.44890e-01 4.15955e-17 1.36516e-03 
4550.00 1.58111e-05 9.45747e-01 3.95192e-17 1.35357e-03 
4554.39 1.61247e-05 9.45950e-01 3.91002e-17 1.36739e-03 
4570.00 1.67449e-05 9.46666e-01 3.77876e-17 1.37806e-03 
4577.16 1.64808e-05 9.46990e-01 3.72509e-17 1.33961e-03 
4578.21 1.64215e-05 9.47037e-01 3.71742e-17 1.33242e-03 
4590.00 1.58404e-05 9.47565e-01 3.63441e-17 1.26050e-03 
4600.05 1.59356e-05 9.48010e-01 3.56736e-17 1.24800e-03 
4610.00 1.61994e-05 9.48446e-01 3.50380e-17 1.24933e-03 
4623.05 1.60946e-05 9.49010e-01 3.42394e-17 1.21710e-03 
4630.00 1.59751e-05 9.49307e-01 3.38265e-17 1.19567e-03 
4641.09 1.59661e-05 9.49776e-01 3.31808e-17 1.17557e-03 
4646.16 1.60330e-05 9.49990e-01 3.28894e-17 1.17168e-03 
4650.00 1.61066e-05 9.50152e-01 3.26702e-17 1.17037e-03 
4669.39 1.65060e-05 9.50960e-01 3.15775e-17 1.16510e-03 
4670.00 1.65106e-05 9.50985e-01 3.15437e-17 1.16436e-03 
4690.00 1.61808e-05 9.51791e-01 3.04374e-17 1.10674e-03 
4692.74 1.60722e-05 9.51900e-01 3.02870e-17 1.09464e-03 
4703.97 1.56544e-05 9.52347e-01 2.96724e-17 1.04754e-03 
4710.00 1.55875e-05 9.52586e-01 2.93433e-17 1.03308e-03 
4716.20 1.57182e-05 9.52830e-01 2.90067e-17 1.03142e-03 
4730.00 1.62921e-05 9.53366e-01 2.82721e-17 1.04563e-03 
4739.79 1.64971e-05 9.53740e-01 2.77693e-17 1.04252e-03 
4750.00 1.65432e-05 9.54126e-01 2.72672e-17 1.02916e-03 
4763.48 1.65585e-05 9.54630e-01 2.66503e-17 1.01020e-03 
4766.84 1.65596e-05 9.54755e-01 2.65062e-17 1.00565e-03 
4770.00 1.65593e-05 9.54872e-01 2.63748e-17 1.00142e-03 
4787.30 1.64970e-05 9.55510e-01 2.57161e-17 9.76919e-04 
4790.00 1.64703e-05 9.55608e-01 2.56221e-17 9.72421e-04 
4810.00 1.62974e-05 9.56326e-01 2.49884e-17 9.43044e-04 
4811.24 1.63060e-05 9.56370e-01 2.49525e-17 9.42471e-04 
4829.72 1.65128e-05 9.57018e-01 2.44525e-17 9.39529e-04 
4830.00 1.65117e-05 9.57028e-01 2.44454e-17 9.39258e-04 
4835.29 1.64351e-05 9.57210e-01 2.43131e-17 9.31035e-04 
4850.00 1.55442e-05 9.57710e-01 2.39565e-17 8.70744e-04 
4859.47 1.44861e-05 9.58030e-01 2.37245e-17 8.05454e-04 
4870.00 1.38837e-05 9.58387e-01 2.34528e-17 7.65054e-04 
4883.77 1.50783e-05 9.58850e-01 2.30575e-17 8.19583e-04 
4890.00 1.56950e-05 9.59055e-01 2.28576e-17 8.46971e-04 
4892.60 1.58482e-05 9.59139e-01 2.27696e-17 8.52473e-04 
4908.19 1.57535e-05 9.59640e-01 2.21811e-17 8.28538e-04 
4910.00 1.56929e-05 9.59698e-01 2.21063e-17 8.22922e-04 
4930.00 1.53675e-05 9.60334e-01 2.12046e-17 7.76650e-04 
4932.73 1.54083e-05 9.60420e-01 2.10718e-17 7.74333e-04 
4950.00 1.59603e-05 9.60962e-01 2.01844e-17 7.71422e-04 
4955.48 1.61086e-05 9.61131e-01 1.98887e-17 7.68166e-04 
4957.39 1.61455e-05 9.61190e-01 1.97838e-17 7.66208e-04 
4970.00 1.61048e-05 9.61574e-01 1.90772e-17 7.39149e-04 
4982.18 1.55274e-05 9.61940e-01 1.83724e-17 6.88266e-04 
4990.00 1.50418e-05 9.62174e-01 1.79111e-17 6.51178e-04 
5007.09 1.43981e-05 9.62680e-01 1.68881e-17 5.90034e-04 
5010.00 1.44209e-05 9.62765e-01 1.67128e-17 5.85223e-04 
5018.35 1.47345e-05 9.63007e-01 1.62091e-17 5.81044e-04 
5030.00 1.52387e-05 9.63340e-01 1.55084e-17 5.76481e-04 
5032.12 1.52713e-05 9.63400e-01 1.53810e-17 5.73245e-04 
5050.00 1.52135e-05 9.63905e-01 1.43187e-17 5.33806e-04 
5057.29 1.54361e-05 9.64110e-01 1.38922e-17 5.26353e-04 
5070.00 1.57907e-05 9.64464e-01 1.31602e-17 5.11543e-04 
5081.23 1.54678e-05 9.64773e-01 1.25295e-17 4.78278e-04 
5082.57 1.54118e-05 9.64810e-01 1.24552e-17 4.73864e-04 
5090.00 1.51807e-05 9.65011e-01 1.20503e-17 4.52335e-04 
5107.98 1.53933e-05 9.65490e-01 1.11356e-17 4.25565e-04 
5110.00 1.54084e-05 9.65543e-01 1.10411e-17 4.22558e-04 
5130.00 1.50451e-05 9.66068e-01 1.02261e-17 3.83844e-04 
5133.52 1.49835e-05 9.66160e-01 1.01097e-17 3.78216e-04 
5144.11 1.47677e-05 9.66435e-01 9.81975e-18 3.62927e-04 
5150.00 1.45045e-05 9.66586e-01 9.69978e-18 3.52563e-04 
5159.19 1.37948e-05 9.66820e-01 9.56810e-18 3.31429e-04 
5170.00 1.29960e-05 9.67090e-01 9.48724e-18 3.10335e-04 
5184.99 1.29464e-05 9.67460e-01 9.47734e-18 3.09842e-04 
5190.00 1.31973e-05 9.67584e-01 9.49368e-18 3.16737e-04 
5206.98 1.44107e-05 9.68004e-01 9.59156e-18 3.50720e-04 
5210.00 1.45513e-05 9.68078e-01 9.61256e-18 3.55149e-04 
5210.91 1.45826e-05 9.68100e-01 9.61905e-18 3.56225e-04 
5230.00 1.48006e-05 9.68557e-01 9.78098e-18 3.69158e-04 
5236.97 1.50979e-05 9.68720e-01 9.85937e-18 3.80160e-04 
5250.00 1.52563e-05 9.69020e-01 1.00478e-17 3.92586e-04 
5263.15 1.39612e-05 9.69320e-01 1.03090e-17 3.69638e-04 
5269.86 1.35219e-05 9.69473e-01 1.04758e-17 3.64319e-04 
5270.00 1.35193e-05 9.69476e-01 1.04796e-17 3.64392e-04 
5289.47 1.50596e-05 9.69920e-01 1.10982e-17 4.31657e-04 
5290.00 1.51119e-05 9.69932e-01 1.11174e-17 4.33955e-04 
5310.00 1.55989e-05 9.70380e-01 1.19033e-17 4.81640e-04 
5315.92 1.51309e-05 9.70510e-01 1.21521e-17 4.77548e-04 
5330.00 1.41063e-05 9.70814e-01 1.27548e-17 4.68675e-04 
5332.74 1.41147e-05 9.70873e-01 1.28718e-17 4.73528e-04 
5342.50 1.46449e-05 9.71080e-01 1.32835e-17 5.08068e-04 
5350.00 1.51175e-05 9.71238e-01 1.35898e-17 5.37397e-04 
5369.21 1.50864e-05 9.71640e-01 1.43026e-17 5.66680e-04 
5370.00 1.50747e-05 9.71656e-01 1.43291e-17 5.67382e-04 
5390.00 1.49000e-05 9.72067e-01 1.48944e-17 5.85353e-04 
5395.61 1.47527e-05 9.72181e-01 1.50111e-17 5.84785e-04 
5396.05 1.47392e-05 9.72190e-01 1.50194e-17 5.84624e-04 
5410.00 1.43958e-05 9.72470e-01 1.52198e-17 5.80286e-04 
5423.03 1.45668e-05 9.72730e-01 1.53238e-17 5.92774e-04 
5430.00 1.47695e-05 9.72870e-01 1.53581e-17 6.03229e-04 
5450.00 1.51239e-05 9.73267e-01 1.54287e-17 6.23081e-04 
5450.15 1.51237e-05 9.73270e-01 1.54293e-17 6.23116e-04 
5458.49 1.50415e-05 9.73432e-01 1.54675e-17 6.22316e-04 
5470.00 1.48452e-05 9.73651e-01 1.55519e-17 6.18987e-04 
5477.40 1.47747e-05 9.73790e-01 1.56359e-17 6.20308e-04 
5490.00 1.47446e-05 9.74026e-01 1.58546e-17 6.29294e-04 
5504.79 1.47375e-05 9.74300e-01 1.62715e-17 6.47452e-04 
5510.00 1.47393e-05 9.74396e-01 1.64691e-17 6.56079e-04 
5521.37 1.47662e-05 9.74603e-01 1.70078e-17 6.80321e-04 
5530.00 1.48341e-05 9.74759e-01 1.75246e-17 7.05432e-04 
5532.31 1.48625e-05 9.74800e-01 1.76783e-17 7.13308e-04 
5550.00 1.50091e-05 9.75114e-01 1.90496e-17 7.78953e-04 
5559.97 1.48471e-05 9.75290e-01 1.99573e-17 8.08856e-04 
5570.00 1.45692e-05 9.75468e-01 2.09522e-17 8.34943e-04 
5575.67 1.44170e-05 9.75568e-01 2.15466e-17 8.50617e-04 
5587.77 1.42495e-05 9.75780e-01 2.29290e-17 8.96809e-04 
5590.00 1.42575e-05 9.75818e-01 2.32150e-17 9.08902e-04 
5610.00 1.46721e-05 9.76156e-01 2.66143e-17 1.07650e-03 
5615.71 1.47286e-05 9.76250e-01 2.79646e-17 1.13673e-03 
5619.18 1.47377e-05 9.76307e-01 2.88896e-17 1.17585e-03 
5630.00 1.47250e-05 9.76484e-01 3.22380e-17 1.31377e-03 
5643.79 1.47339e-05 9.76710e-01 3.67615e-17 1.50304e-03 
5644.26 1.47321e-05 9.76718e-01 3.69080e-17 1.50899e-03 
5650.00 1.46817e-05 9.76812e-01 3.86174e-17 1.57522e-03 
5665.09 1.43805e-05 9.77059e-01 4.33027e-17 1.73516e-03 
5670.00 1.43417e-05 9.77138e-01 4.51595e-17 1.80639e-03 
5672.01 1.43483e-05 9.77170e-01 4.59706e-17 1.84039e-03 
5689.04 1.45325e-05 9.77436e-01 5.33631e-17 2.17086e-03 
5690.00 1.45264e-05 9.77450e-01 5.37769e-17 2.18718e-03 
5700.37 1.43060e-05 9.77610e-01 5.80291e-17 2.32892e-03 
5710.00 1.42351e-05 9.77759e-01 6.15727e-17 2.46342e-03 
5711.63 1.42732e-05 9.77784e-01 6.21285e-17 2.49310e-03 
5728.87 1.50067e-05 9.78050e-01 6.79837e-17 2.87768e-03 
5730.00 1.50244e-05 9.78067e-01 6.84322e-17 2.90071e-03 
5732.86 1.50279e-05 9.78111e-01 6.96439e-17 2.95437e-03 
5750.00 1.45626e-05 9.78368e-01 7.81106e-17 3.22138e-03 
5750.01 1.45624e-05 9.78369e-01 7.81155e-17 3.22155e-03 
5757.52 1.45651e-05 9.78480e-01 8.12323e-17 3.35546e-03 
5770.00 1.46785e-05 9.78664e-01 8.49630e-17 3.54522e-03 
5786.30 1.43331e-05 9.78900e-01 8.75439e-17 3.57790e-03 
5790.00 1.42790e-05 9.78953e-01 8.78310e-17 3.57857e-03 
5805.79 1.44690e-05 9.79176e-01 8.81027e-17 3.64816e-03 
5810.00 1.45645e-05 9.79236e-01 8.79639e-17 3.66934e-03 
5815.23 1.46652e-05 9.79310e-01 8.76808e-17 3.68640e-03 
5830.00 1.47204e-05 9.79520e-01 8.61945e-17 3.64758e-03 
5844.31 1.44392e-05 9.79720e-01 8.37288e-17 3.48478e-03 
5847.18 1.44024e-05 9.79759e-01 8.31058e-17 3.45189e-03 
5850.00 1.43901e-05 9.79797e-01 8.24530e-17 3.42362e-03 
5870.00 1.43929e-05 9.80063e-01 7.67849e-17 3.20066e-03 
5873.53 1.42109e-05 9.80110e-01 7.56307e-17 3.11471e-03 
5876.72 1.39974e-05 9.80152e-01 7.45595e-17 3.02623e-03 
5890.00 1.33011e-05 9.80329e-01 6.98595e-17 2.70099e-03 
5895.77 1.34269e-05 9.80406e-01 6.77482e-17 2.64694e-03 
5902.90 1.38400e-05 9.80500e-01 6.50788e-17 2.62430e-03 
5910.00 1.42272e-05 9.80592e-01 6.21507e-17 2.57966e-03 
5915.78 1.43416e-05 9.80667e-01 5.93943e-17 2.48771e-03 
5927.21 1.42219e-05 9.80813e-01 5.32445e-17 2.21612e-03 
5930.00 1.41824e-05 9.80849e-01 5.19059e-17 2.15550e-03 
5932.41 1.41594e-05 9.80880e-01 5.08295e-17 2.10830e-03 
5944.36 1.41618e-05 9.81034e-01 4.59025e-17 1.90839e-03 
5950.00 1.41897e-05 9.81107e-01 4.33983e-17 1.80968e-03 
5962.08 1.42141e-05 9.81260e-01 3.80512e-17 1.59292e-03 
5964.36 1.42122e-05 9.81288e-01 3.71563e-17 1.55589e-03 
5970.00 1.41989e-05 9.81357e-01 3.52228e-17 1.47504e-03 
5990.00 1.40511e-05 9.81597e-01 3.03981e-17 1.26427e-03 
5990.90 1.40406e-05 9.81608e-01 3.02143e-17 1.25589e-03 
5991.89 1.40288e-05 9.81620e-01 3.00141e-17 1.24674e-03 
6010.00 1.38202e-05 9.81838e-01 2.63779e-17 1.08291e-03 
6021.85 1.37882e-05 9.81980e-01 2.41185e-17 9.89954e-04 
6030.00 1.38355e-05 9.82076e-01 2.26563e-17 9.34475e-04 
6030.10 1.38364e-05 9.82077e-01 2.26392e-17 9.33850e-04 
6050.00 1.40590e-05 9.82307e-01 1.94662e-17 8.18771e-04 
6051.96 1.40682e-05 9.82330e-01 1.91830e-17 8.07666e-04 
6070.00 1.39562e-05 9.82539e-01 1.67815e-17 7.03173e-04 
6078.69 1.38082e-05 9.82639e-01 1.57499e-17 6.53944e-04 
6082.21 1.37481e-05 9.82680e-01 1.53512e-17 6.35009e-04 
6090.00 1.36514e-05 9.82769e-01 1.45114e-17 5.96869e-04 
6110.00 1.35270e-05 9.82992e-01 1.25840e-17 5.14676e-04 
6112.63 1.34667e-05 9.83020e-01 1.23534e-17 5.03225e-04 
6130.00 1.30501e-05 9.83203e-01 1.09432e-17 4.33297e-04 
6138.70 1.31287e-05 9.83293e-01 1.03047e-17 4.11092e-04 
6143.19 1.31981e-05 9.83340e-01 9.99135e-18 4.01011e-04 
6150.00 1.32217e-05 9.83411e-01 9.53644e-18 3.83890e-04 
6170.00 1.27791e-05 9.83620e-01 8.35878e-18 3.26347e-04 
6173.91 1.28305e-05 9.83660e-01 8.15858e-18 3.20027e-04 
6190.00 1.33963e-05 9.83821e-01 7.44593e-18 3.05798e-04 
6201.58 1.34952e-05 9.83937e-01 7.05293e-18 2.92376e-04 
6204.77 1.34711e-05 9.83970e-01 6.96322e-18 2.88299e-04 
6210.00 1.34101e-05 9.84024e-01 6.83332e-18 2.81894e-04 
6230.00 1.30619e-05 9.84238e-01 6.50453e-18 2.62261e-04 
6235.80 1.29086e-05 9.84300e-01 6.45101e-18 2.57306e-04 
6250.00 1.26953e-05 9.84448e-01 6.37944e-18 2.50854e-04 
6264.46 1.30295e-05 9.84595e-01 6.36835e-18 2.57644e-04 
6266.98 1.31026e-05 9.84620e-01 6.37047e-18 2.59285e-04 
6270.00 1.31781e-05 9.84650e-01 6.37407e-18 2.61062e-04 
6290.00 1.32073e-05 9.84843e-01 6.41102e-18 2.64047e-04 
6298.31 1.30400e-05 9.84920e-01 6.42325e-18 2.61566e-04 
6310.00 1.28268e-05 9.85027e-01 6.42482e-18 2.57858e-04 
6327.33 1.28441e-05 9.85187e-01 6.36835e-18 2.56681e-04 
6329.80 1.28585e-05 9.85210e-01 6.35261e-18 2.56439e-04 
6330.00 1.28596e-05 9.85212e-01 6.35127e-18 2.56415e-04 
6350.00 1.28730e-05 9.85405e-01 6.17988e-18 2.50594e-04 
6361.45 1.28166e-05 9.85510e-01 6.08796e-18 2.46256e-04 
6370.00 1.28077e-05 9.85581e-01 6.04488e-18 2.44689e-04 
6390.00 1.28679e-05 9.85742e-01 6.10465e-18 2.49089e-04 
6390.21 1.28660e-05 9.85744e-01 6.10689e-18 2.49153e-04 
6393.26 1.28290e-05 9.85770e-01 6.14350e-18 2.50052e-04 
6410.00 1.25627e-05 9.85926e-01 6.46901e-18 2.58550e-04 
6425.23 1.26486e-05 9.86070e-01 6.89742e-18 2.78258e-04 
6430.00 1.26707e-05 9.86113e-01 7.04727e-18 2.85023e-04 
6450.00 1.25011e-05 9.86280e-01 7.69697e-18 3.08142e-04 
6453.09 1.24865e-05 9.86305e-01 7.79455e-18 3.11841e-04 
6457.35 1.24794e-05 9.86340e-01 7.92575e-18 3.17132e-04 
6470.00 1.24517e-05 9.86446e-01 8.28958e-18 3.31637e-04 
6489.64 1.22747e-05 9.86610e-01 8.77747e-18 3.47271e-04 
6490.00 1.22753e-05 9.86613e-01 8.78553e-18 3.47629e-04 
6510.00 1.25187e-05 9.86774e-01 9.18030e-18 3.71653e-04 
6515.97 1.25418e-05 9.86821e-01 9.27779e-18 3.76657e-04 
6522.09 1.25276e-05 9.86870e-01 9.36812e-18 3.80267e-04 
6530.00 1.24964e-05 9.86933e-01 9.47137e-18 3.83991e-04 
6550.00 1.21052e-05 9.87093e-01 9.67594e-18 3.81232e-04 
6554.70 1.17702e-05 9.87130e-01 9.71455e-18 3.72439e-04 
6570.00 1.09117e-05 9.87248e-01 9.82278e-18 3.49978e-04 
6578.84 1.13333e-05 9.87315e-01 9.87680e-18 3.66017e-04 
6587.47 1.20318e-05 9.87380e-01 9.92600e-18 3.91050e-04 
6590.00 1.21937e-05 9.87399e-01 9.93977e-18 3.97022e-04 
6610.00 1.23370e-05 9.87552e-01 1.00365e-17 4.06893e-04 
6620.41 1.22554e-05 9.87630e-01 1.00769e-17 4.06498e-04 
6630.00 1.22358e-05 9.87700e-01 1.01070e-17 4.07680e-04 
6641.72 1.22296e-05 9.87785e-01 1.01335e-17 4.09296e-04 
6650.00 1.21916e-05 9.87845e-01 1.01452e-17 4.09029e-04 
6653.51 1.21591e-05 9.87870e-01 1.01489e-17 4.08312e-04 
6670.00 1.20372e-05 9.87990e-01 1.01629e-17 4.05832e-04 
6686.78 1.21740e-05 9.88110e-01 1.01872e-17 4.12511e-04 
6690.00 1.21753e-05 9.88133e-01 1.01948e-17 4.13069e-04 
6704.60 1.19869e-05 9.88234e-01 1.02476e-17 4.09718e-04 
6710.00 1.19333e-05 9.88270e-01 1.02766e-17 4.09387e-04 
6720.21 1.19715e-05 9.88340e-01 1.03475e-17 4.14187e-04 
6730.00 1.20363e-05 9.88407e-01 1.04363e-17 4.20645e-04 
6750.00 1.18935e-05 9.88544e-01 1.06869e-17 4.26958e-04 
6753.81 1.18748e-05 9.88570e-01 1.07459e-17 4.28893e-04 
6767.47 1.18680e-05 9.88664e-01 1.09892e-17 4.39283e-04 
6770.00 1.18686e-05 9.88681e-01 1.10399e-17 4.41500e-04 
6787.58 1.18201e-05 9.88800e-01 1.14374e-17 4.56769e-04 
6790.00 1.18064e-05 9.88816e-01 1.14976e-17 4.58812e-04 
6810.00 1.17169e-05 9.88947e-01 1.20376e-17 4.78184e-04 
6821.52 1.17652e-05 9.89020e-01 1.23755e-17 4.94505e-04 
6830.00 1.17611e-05 9.89072e-01 1.26329e-17 5.05269e-04 
6830.35 1.17587e-05 9.89074e-01 1.26436e-17 5.05623e-04 
6850.00 1.15135e-05 9.89195e-01 1.32769e-17 5.21432e-04 
6855.63 1.15055e-05 9.89230e-01 1.34768e-17 5.29368e-04 
6870.00 1.15921e-05 9.89323e-01 1.40486e-17 5.57205e-04 
6889.91 1.15820e-05 9.89450e-01 1.50441e-17 5.97974e-04 
6890.00 1.15817e-05 9.89451e-01 1.50495e-17 5.98176e-04 
6893.23 1.15676e-05 9.89470e-01 1.52393e-17 6.05282e-04 
6910.00 1.14913e-05 9.89568e-01 1.63631e-17 6.47265e-04 
6924.36 1.14510e-05 9.89650e-01 1.74823e-17 6.90603e-04 
6930.00 1.14366e-05 9.89682e-01 1.79551e-17 7.08987e-04 
6950.00 1.13756e-05 9.89798e-01 1.97439e-17 7.77794e-04 
6956.10 1.13624e-05 9.89833e-01 2.03165e-17 8.00151e-04 
6958.98 1.13581e-05 9.89850e-01 2.05893e-17 8.10934e-04 
6970.00 1.13555e-05 9.89914e-01 2.16551e-17 8.54123e-04 
6990.00 1.12985e-05 9.90029e-01 2.36891e-17 9.32433e-04 
6993.77 1.12416e-05 9.90050e-01 2.40902e-17 9.43974e-04 
7010.00 1.09908e-05 9.90139e-01 2.58912e-17 9.94307e-04 
7016.12 1.09955e-05 9.90172e-01 2.66061e-17 1.02312e-03 
7028.74 1.11172e-05 9.90240e-01 2.81420e-17 1.09621e-03 
7030.00 1.11281e-05 9.90247e-01 2.82992e-17 1.10362e-03 
7050.00 1.11441e-05 9.90354e-01 3.08610e-17 1.20881e-03 
7063.88 1.10700e-05 9.90430e-01 3.26743e-17 1.27393e-03 
7070.00 1.10354e-05 9.90465e-01 3.34711e-17 1.30208e-03 
7070.43 1.10331e-05 9.90467e-01 3.35263e-17 1.30405e-03 
7090.00 1.09735e-05 9.90579e-01 3.60182e-17 1.39741e-03 
7099.20 1.09820e-05 9.90630e-01 3.71334e-17 1.44374e-03 
7110.00 1.09718e-05 9.90687e-01 3.83706e-17 1.49282e-03 
7127.59 1.08303e-05 9.90776e-01 4.01692e-17 1.54659e-03 
7130.00 1.08093e-05 9.90787e-01 4.03909e-17 1.55266e-03 
7134.70 1.07744e-05 9.90810e-01 4.08040e-17 1.56454e-03 
7150.00 1.07264e-05 9.90881e-01 4.19853e-17 1.60622e-03 
7170.00 1.06981e-05 9.90968e-01 4.31826e-17 1.65240e-03 
7170.37 1.06940e-05 9.90970e-01 4.32015e-17 1.65259e-03 
7190.00 1.04288e-05 9.91048e-01 4.40325e-17 1.64723e-03 
7190.46 1.04275e-05 9.91050e-01 4.40484e-17 1.64774e-03 
7206.23 1.05522e-05 9.91110e-01 4.44978e-17 1.68824e-03 
7210.00 1.05858e-05 9.91124e-01 4.45786e-17 1.69761e-03 
7230.00 1.05772e-05 9.91196e-01 4.48377e-17 1.71095e-03 
7242.26 1.05793e-05 9.91230e-01 4.48588e-17 1.71504e-03 
7250.00 1.05954e-05 9.91247e-01 4.48195e-17 1.71801e-03 
7253.34 1.06024e-05 9.91253e-01 4.47901e-17 1.71883e-03 
7270.00 1.05460e-05 9.91295e-01 4.45394e-17 1.70409e-03 
7278.47 1.04148e-05 9.91330e-01 4.43545e-17 1.67792e-03 
7290.00 1.02736e-05 9.91400e-01 4.40528e-17 1.64664e-03 
7310.00 1.04047e-05 9.91553e-01 4.34309e-17 1.64887e-03 
7314.86 1.04106e-05 9.91590e-01 4.32674e-17 1.64474e-03 
7316.22 1.04078e-05 9.91600e-01 4.32212e-17 1.64287e-03 
7330.00 1.03420e-05 9.91691e-01 4.27534e-17 1.61801e-03 
7350.00 1.03566e-05 9.91803e-01 4.21883e-17 1.60341e-03 
7351.43 1.03604e-05 9.91810e-01 4.21579e-17 1.60317e-03 
7370.00 1.03422e-05 9.91903e-01 4.19574e-17 1.59692e-03 
7379.09 1.02452e-05 9.91947e-01 4.20232e-17 1.58645e-03 
7388.19 1.01202e-05 9.91990e-01 4.22190e-17 1.57640e-03 
7390.00 1.00966e-05 9.91999e-01 4.22727e-17 1.57511e-03 
7410.00 9.95763e-06 9.92091e-01 4.31449e-17 1.58993e-03 
7425.13 1.00250e-05 9.92160e-01 4.40728e-17 1.63857e-03 
7430.00 1.00452e-05 9.92182e-01 4.44061e-17 1.65540e-03 
7441.97 1.00456e-05 9.92234e-01 4.52750e-17 1.69067e-03 
7450.00 1.00436e-05 9.92269e-01 4.58887e-17 1.71515e-03 
7462.26 1.00806e-05 9.92320e-01 4.69205e-17 1.76318e-03 
7470.00 1.00880e-05 9.92352e-01 4.76685e-17 1.79451e-03 
7490.00 9.98004e-06 9.92432e-01 5.01371e-17 1.87239e-03 
7496.27 9.96554e-06 9.92457e-01 5.11188e-17 1.90793e-03 
7499.57 9.96434e-06 9.92470e-01 5.16813e-17 1.92956e-03 
7510.00 9.96854e-06 9.92512e-01 5.36198e-17 2.00565e-03 
7530.00 9.95196e-06 9.92592e-01 5.74989e-17 2.15306e-03 
7536.29 9.95612e-06 9.92617e-01 5.86099e-17 2.19747e-03 
7537.07 9.95684e-06 9.92620e-01 5.87408e-17 2.20278e-03 
7550.00 9.94996e-06 9.92669e-01 6.07841e-17 2.28184e-03 
7570.00 9.84193e-06 9.92743e-01 6.46967e-17 2.40890e-03 
7570.99 9.83827e-06 9.92746e-01 6.49524e-17 2.41784e-03 
7574.75 9.82820e-06 9.92760e-01 6.59964e-17 2.45544e-03 
7590.00 9.80679e-06 9.92816e-01 7.11801e-17 2.64801e-03 
7593.04 9.79758e-06 9.92827e-01 7.23482e-17 2.69004e-03 
7608.69 9.73943e-06 9.92885e-01 7.85861e-17 2.91080e-03 
7610.00 9.73681e-06 9.92890e-01 7.90963e-17 2.92942e-03 
7612.63 9.73381e-06 9.92900e-01 8.01084e-17 2.96705e-03 
7629.78 9.75713e-06 9.92963e-01 8.70951e-17 3.24104e-03 
7630.00 9.75756e-06 9.92964e-01 8.71945e-17 3.24498e-03 
7647.75 9.72459e-06 9.93029e-01 9.57908e-17 3.56134e-03 
7650.00 9.70192e-06 9.93037e-01 9.67718e-17 3.59051e-03 
7650.69 9.69374e-06 9.93040e-01 9.70668e-17 3.59876e-03 
7662.61 9.51646e-06 9.93084e-01 1.02945e-16 3.75288e-03 
7670.00 9.45569e-06 9.93111e-01 1.08336e-16 3.92811e-03 
7675.51 9.47577e-06 9.93132e-01 1.12555e-16 4.09275e-03 
7687.76 9.59269e-06 9.93176e-01 1.21654e-16 4.48555e-03 
7688.94 9.59903e-06 9.93180e-01 1.22772e-16 4.53049e-03 
7690.00 9.60280e-06 9.93184e-01 1.23814e-16 4.57139e-03 
7696.34 9.58904e-06 9.93206e-01 1.29834e-16 4.79083e-03 
7710.00 9.48653e-06 9.93253e-01 1.38058e-16 5.04900e-03 
7710.63 9.48399e-06 9.93255e-01 1.38567e-16 5.06670e-03 
7718.25 9.47838e-06 9.93280e-01 1.46150e-16 5.34621e-03 
7727.39 9.48564e-06 9.93310e-01 1.54098e-16 5.64813e-03 
7727.77 9.48515e-06 9.93311e-01 1.54473e-16 5.66189e-03 
7730.00 9.47984e-06 9.93318e-01 1.56804e-16 5.74578e-03 
7736.35 9.44206e-06 9.93338e-01 1.64087e-16 5.99372e-03 
7747.78 9.36253e-06 9.93374e-01 1.75121e-16 6.35249e-03 
7750.00 9.35689e-06 9.93381e-01 1.77029e-16 6.41971e-03 
7756.35 9.36992e-06 9.93400e-01 1.84743e-16 6.71441e-03 
7761.25 9.39837e-06 9.93415e-01 1.93550e-16 7.06046e-03 
7766.03 9.42927e-06 9.93430e-01 1.97890e-16 7.24703e-03 
7770.00 9.44957e-06 9.93442e-01 2.01281e-16 7.39099e-03 
7771.87 9.45565e-06 9.93448e-01 2.04174e-16 7.50386e-03 
7776.36 9.46133e-06 9.93462e-01 2.14001e-16 7.87442e-03 
7782.08 9.45496e-06 9.93480e-01 2.20355e-16 8.10886e-03 
7789.22 9.43608e-06 9.93502e-01 2.29258e-16 8.42755e-03 
7790.00 9.43384e-06 9.93504e-01 2.30240e-16 8.46254e-03 
7798.82 9.40904e-06 9.93532e-01 2.41063e-16 8.84728e-03 
7803.99 9.39225e-06 9.93547e-01 2.49744e-16 9.15573e-03 
7804.86 9.38907e-06 9.93550e-01 2.51547e-16 9.21975e-03 
7807.80 9.37724e-06 9.93559e-01 2.57379e-16 9.42526e-03 
7810.00 9.36717e-06 9.93566e-01 2.60312e-16 9.52520e-03 
7814.47 9.34343e-06 9.93579e-01 2.65380e-16 9.69168e-03 
7819.23 9.31544e-06 9.93593e-01 2.74113e-16 9.98685e-03 
7826.09 9.27650e-06 9.93614e-01 2.83045e-16 1.02784e-02 
7830.00 9.25820e-06 9.93626e-01 2.88270e-16 1.04528e-02 
7834.95 9.24177e-06 9.93642e-01 2.95148e-16 1.06902e-02 
7843.05 9.23118e-06 9.93667e-01 3.06169e-16 1.10884e-02 
7843.88 9.23119e-06 9.93670e-01 3.07642e-16 1.11429e-02 
7847.81 9.23385e-06 9.93683e-01 3.14421e-16 1.13976e-02 
7850.00 9.23717e-06 9.93690e-01 3.16974e-16 1.14976e-02 
7853.53 9.24494e-06 9.93702e-01 3.21972e-16 1.16941e-02 
7856.39 9.25257e-06 9.93712e-01 3.28713e-16 1.19532e-02 
7862.10 9.26785e-06 9.93731e-01 3.36506e-16 1.22660e-02 
7867.82 9.27755e-06 9.93750e-01 3.44071e-16 1.25643e-02 
7870.00 9.27837e-06 9.93757e-01 3.46824e-16 1.26695e-02 
7876.39 9.26938e-06 9.93778e-01 3.53642e-16 1.29168e-02 
7883.10 9.24588e-06 9.93800e-01 3.59784e-16 1.31193e-02 
7887.82 9.22404e-06 9.93815e-01 3.64154e-16 1.32554e-02 
7890.00 9.21323e-06 9.93821e-01 3.66309e-16 1.33220e-02 
7897.62 9.17275e-06 9.93844e-01 3.74726e-16 1.35816e-02 
7906.40 9.11519e-06 9.93868e-01 3.85237e-16 1.38907e-02 
7910.00 9.08609e-06 9.93878e-01 3.88978e-16 1.39873e-02 
7918.14 9.00929e-06 9.93899e-01 3.95698e-16 1.41235e-02 
7922.51 8.96793e-06 9.93910e-01 3.98434e-16 1.41639e-02 
7930.00 8.91106e-06 9.93928e-01 4.01866e-16 1.42089e-02 
7950.00 8.90752e-06 9.93978e-01 4.04822e-16 1.43446e-02 
7956.15 8.94355e-06 9.93994e-01 4.04381e-16 1.43983e-02 
7962.13 8.98390e-06 9.94010e-01 4.03510e-16 1.44432e-02 
7970.00 9.02724e-06 9.94033e-01 4.01615e-16 1.44593e-02 
7990.00 9.00749e-06 9.94098e-01 3.91783e-16 1.41107e-02 
7991.67 8.99783e-06 9.94104e-01 3.90571e-16 1.40550e-02 
8001.94 8.92739e-06 9.94140e-01 3.82882e-16 1.36885e-02 
8004.05 8.91367e-06 9.94148e-01 3.81681e-16 1.36283e-02 
8010.00 8.88395e-06 9.94169e-01 3.77581e-16 1.34472e-02 
8012.44 8.87710e-06 9.94177e-01 3.73471e-16 1.32947e-02 
8015.86 8.87189e-06 9.94189e-01 3.65062e-16 1.29935e-02 
8025.96 8.86469e-06 9.94223e-01 3.54250e-16 1.26147e-02 
8030.00 8.85516e-06 9.94236e-01 3.47440e-16 1.23653e-02 
8031.68 8.84866e-06 9.94241e-01 3.44396e-16 1.22506e-02 
8040.89 8.79929e-06 9.94267e-01 3.33309e-16 1.18039e-02 
8041.95 8.79380e-06 9.94270e-01 3.32380e-16 1.17652e-02 
8047.87 8.77251e-06 9.94284e-01 3.23018e-16 1.14147e-02 
8050.00 8.77078e-06 9.94289e-01 3.17087e-16 1.12060e-02 
8050.73 8.77113e-06 9.94290e-01 3.15791e-16 1.11616e-02 
8058.16 8.79343e-06 9.94306e-01 3.08635e-16 1.09467e-02 
8059.31 8.79817e-06 9.94309e-01 3.00469e-16 1.06643e-02 
8066.45 8.81814e-06 9.94325e-01 2.92991e-16 1.04319e-02 
8070.00 8.81343e-06 9.94333e-01 2.88947e-16 1.02871e-02 
8072.64 8.80022e-06 9.94340e-01 2.82909e-16 1.00604e-02 
8077.60 8.75900e-06 9.94355e-01 2.73569e-16 9.68876e-03 
8082.16 8.71322e-06 9.94370e-01 2.68852e-16 9.47743e-03 
8084.46 8.69120e-06 9.94379e-01 2.65788e-16 9.34847e-03 
8087.89 8.66399e-06 9.94392e-01 2.57693e-16 9.03932e-03 
8090.00 8.65252e-06 9.94401e-01 2.50902e-16 8.79183e-03 
8090.75 8.64970e-06 9.94404e-01 2.48803e-16 8.71627e-03 
8098.37 8.65223e-06 9.94437e-01 2.38204e-16 8.35556e-03 
8102.18 8.66782e-06 9.94453e-01 2.28460e-16 8.03211e-03 
8107.89 8.69664e-06 9.94475e-01 2.20904e-16 7.79794e-03 
8110.00 8.70635e-06 9.94482e-01 2.17379e-16 7.68412e-03 
8112.66 8.71638e-06 9.94490e-01 2.11465e-16 7.48619e-03 
8116.47 8.72622e-06 9.94500e-01 2.02246e-16 7.17136e-03 
8122.18 8.73125e-06 9.94510e-01 1.93559e-16 6.87220e-03 
8122.57 8.73118e-06 9.94510e-01 1.93134e-16 6.85736e-03 
8127.90 8.72503e-06 9.94512e-01 1.84795e-16 6.56098e-03 
8130.00 8.72002e-06 9.94511e-01 1.78863e-16 6.34834e-03 
8130.76 8.71786e-06 9.94510e-01 1.76899e-16 6.27766e-03 
8137.43 8.69368e-06 9.94504e-01 1.68619e-16 5.97209e-03 
8143.62 8.67042e-06 9.94496e-01 1.57994e-16 5.58503e-03 
8150.00 8.65640e-06 9.94490e-01 1.51254e-16 5.34226e-03 
8150.76 8.65590e-06 9.94490e-01 1.49863e-16 5.29331e-03 
8153.62 8.65596e-06 9.94489e-01 1.42986e-16 5.05222e-03 
8158.39 8.65823e-06 9.94492e-01 1.33861e-16 4.73381e-03 
8163.18 8.65455e-06 9.94500e-01 1.26856e-16 4.48688e-03 
8165.46 8.64775e-06 9.94506e-01 1.25060e-16 4.42114e-03 
8170.00 8.61908e-06 9.94524e-01 1.24099e-16 4.37510e-03 
8174.58 8.56611e-06 9.94546e-01 1.15819e-16 4.06049e-03 
8176.49 8.53911e-06 9.94556e-01 1.08162e-16 3.78100e-03 
8188.49 8.37530e-06 9.94632e-01 1.00183e-16 3.44022e-03 
8190.00 8.36293e-06 9.94642e-01 1.00116e-16 3.43348e-03 
8197.45 8.34471e-06 9.94691e-01 9.16073e-17 3.13784e-03 
8201.26 8.35341e-06 9.94714e-01 8.34495e-17 2.86279e-03 
8204.00 8.36264e-06 9.94730e-01 7.93927e-17 2.72758e-03 
8210.00 8.37962e-06 9.94760e-01 7.54645e-17 2.59987e-03 
8213.64 8.38115e-06 9.94775e-01 7.38352e-17 2.54537e-03 
8226.03 8.35720e-06 9.94813e-01 6.15906e-17 2.12046e-03 
8230.00 8.35206e-06 9.94821e-01 5.74157e-17 1.97648e-03 
8236.51 8.35711e-06 9.94831e-01 5.17071e-17 1.78247e-03 
8245.02 8.38135e-06 9.94840e-01 4.64145e-17 1.60633e-03 
8250.00 8.39916e-06 9.94843e-01 4.40074e-17 1.52719e-03 
8256.10 8.41957e-06 9.94846e-01 4.11960e-17 1.43417e-03 
8270.00 8.44533e-06 9.94854e-01 3.42859e-17 1.19928e-03 
8270.80 8.44547e-06 9.94854e-01 3.39167e-17 1.18650e-03 
8286.24 8.40817e-06 9.94880e-01 2.80261e-17 9.77947e-04 
8290.00 8.38600e-06 9.94891e-01 2.67630e-17 9.31844e-04 
8290.40 8.38330e-06 9.94892e-01 2.66285e-17 9.26907e-04 
8310.00 8.22589e-06 9.94969e-01 2.02290e-17 6.92613e-04 
8313.67 8.20457e-06 9.94985e-01 1.91934e-17 6.55754e-04 
8327.67 8.16514e-06 9.95040e-01 1.60265e-17 5.45871e-04 
8330.00 8.16347e-06 9.95047e-01 1.56003e-17 5.31396e-04 
8350.00 8.19160e-06 9.95093e-01 1.26368e-17 4.32991e-04 
8356.54 8.21513e-06 9.95103e-01 1.17920e-17 4.05526e-04 
8369.31 8.21499e-06 9.95120e-01 1.01145e-17 3.48370e-04 
8370.00 8.21116e-06 9.95121e-01 1.00238e-17 3.45112e-04 
8390.00 8.05242e-06 9.95153e-01 7.49595e-18 2.53705e-04 
8407.99 8.15081e-06 9.95192e-01 5.62809e-18 1.93234e-04 
8410.00 8.15237e-06 9.95197e-01 5.45682e-18 1.87435e-04 
8411.16 8.15028e-06 9.95200e-01 5.36211e-18 1.84161e-04 
8430.00 7.99447e-06 9.95252e-01 4.16858e-18 1.40754e-04 
8450.00 8.01991e-06 9.95303e-01 3.44282e-18 1.16901e-04 
8453.21 8.01700e-06 9.95310e-01 3.36042e-18 1.14106e-04 
8455.46 8.01121e-06 9.95314e-01 3.30662e-18 1.12229e-04 
8470.00 7.95456e-06 9.95334e-01 3.01732e-18 1.01862e-04 
8490.00 7.85451e-06 9.95354e-01 2.71780e-18 9.08123e-05 
8495.48 7.74507e-06 9.95360e-01 2.64103e-18 8.70742e-05 
8503.23 7.57634e-06 9.95370e-01 2.52734e-18 8.15861e-05 
8510.00 7.50303e-06 9.95382e-01 2.41822e-18 7.73705e-05 
8530.00 7.71663e-06 9.95436e-01 1.99307e-18 6.57409e-05 
8537.96 7.59629e-06 9.95470e-01 1.76110e-18 5.72387e-05 
8550.00 6.66575e-06 9.95538e-01 1.31679e-18 3.76109e-05 
8562.32 4.25086e-06 9.95631e-01 7.20621e-19 1.31461e-05 
