##### EXOPHOT SPECTRAL OVERLAP FILE #####
# Date: 08/03/2022 09:03:52
# SED file: SED_g2v.txt
# atmosphere file: atm_g2v_hzi_os3.txt
# photopigment file: BChlB.txt
# Stellar radius (Rs in km): 6.963400e+05
# Exoplanet orbit semi-major axis (sma in km): 1.070123e+08
# Total absorption rate (gamma_t in s-1): 2.83491e+01
# B band absorption rate (gamma_B in s-1): 8.64228e+00
# Q band absorption rate (gamma_Q in s-1): 1.97068e+01
# B-Q bands cut-off (in nm): 500
# photosynthetic photon flux density [ppfd in micromol photon m-2 s-1]: 4.15744e+03
# Total Stellar Irradiance (S in W m-2): 2.62457e+03
# -------------------------------------------------
# Col 1: Wavelength (wl in Angstrom) 
# Col 2: Spectral Flux Density (F_l in J cm-2 s-1 A-1) 
# Col 3: Atmosphere transmitance (T, no units) 
# Col 4: Pigment absorption cross section (sigma_abs in cm2) 
# Col 5: Spectral Absorption Rate (Gamma_lambda in A-1 s-1)
3041.74 1.05084e-05 3.88904e-01 8.07474e-17 5.05306e-04 
3050.00 1.33107e-05 3.92716e-01 8.23128e-17 6.60649e-04 
3055.94 1.42228e-05 3.95450e-01 8.35225e-17 7.22686e-04 
3070.00 1.40833e-05 4.01891e-01 8.65959e-17 7.57481e-04 
3071.22 1.39874e-05 4.02450e-01 8.68741e-17 7.56091e-04 
3072.03 1.39216e-05 4.02817e-01 8.70577e-17 7.55010e-04 
3086.58 1.29970e-05 4.09450e-01 9.04505e-17 7.47920e-04 
3090.00 1.30535e-05 4.11006e-01 9.12576e-17 7.61599e-04 
3102.01 1.42803e-05 4.16450e-01 9.40740e-17 8.73650e-04 
3103.47 1.44558e-05 4.17106e-01 9.44103e-17 8.89359e-04 
3110.00 1.50379e-05 4.20051e-01 9.59003e-17 9.48405e-04 
3117.52 1.50298e-05 4.23430e-01 9.75529e-17 9.74331e-04 
3130.00 1.40910e-05 4.29021e-01 1.00072e-16 9.53240e-04 
3133.11 1.38430e-05 4.30410e-01 1.00644e-16 9.45799e-04 
3146.34 1.33625e-05 4.36297e-01 1.02756e-16 9.48874e-04 
3148.77 1.34310e-05 4.37380e-01 1.03082e-16 9.59871e-04 
3150.00 1.34897e-05 4.37923e-01 1.03237e-16 9.67097e-04 
3164.52 1.46941e-05 4.44340e-01 1.04733e-16 1.08937e-03 
3170.00 1.47776e-05 4.46746e-01 1.05161e-16 1.10790e-03 
3180.34 1.37690e-05 4.51270e-01 1.05823e-16 1.05273e-03 
3190.00 1.30600e-05 4.55486e-01 1.06332e-16 1.01577e-03 
3196.24 1.34935e-05 4.58200e-01 1.06637e-16 1.06084e-03 
3206.35 1.44991e-05 4.62566e-01 1.07143e-16 1.15988e-03 
3210.00 1.44882e-05 4.64134e-01 1.07342e-16 1.16642e-03 
3212.22 1.42991e-05 4.65090e-01 1.07468e-16 1.15572e-03 
3228.29 1.18883e-05 4.71970e-01 1.08486e-16 9.89246e-04 
3230.00 1.18779e-05 4.72700e-01 1.08606e-16 9.91521e-04 
3244.43 1.49943e-05 4.78810e-01 1.09682e-16 1.28614e-03 
3250.00 1.67015e-05 4.81163e-01 1.10130e-16 1.44797e-03 
3260.65 1.89881e-05 4.85640e-01 1.11030e-16 1.68060e-03 
3269.23 1.98240e-05 4.89222e-01 1.11793e-16 1.78435e-03 
3270.00 1.98573e-05 4.89542e-01 1.11862e-16 1.79005e-03 
3276.95 1.98899e-05 4.92430e-01 1.12503e-16 1.81776e-03 
3290.00 1.91539e-05 4.97818e-01 1.13750e-16 1.79638e-03 
3293.34 1.89174e-05 4.99180e-01 1.14076e-16 1.78597e-03 
3309.80 1.80628e-05 5.05800e-01 1.15723e-16 1.76161e-03 
3310.00 1.80583e-05 5.05879e-01 1.15743e-16 1.76185e-03 
3326.35 1.81968e-05 5.12450e-01 1.17417e-16 1.83345e-03 
3330.00 1.83268e-05 5.13913e-01 1.17793e-16 1.85979e-03 
3332.11 1.84093e-05 5.14757e-01 1.18011e-16 1.87588e-03 
3342.98 1.84952e-05 5.19100e-01 1.19139e-16 1.92496e-03 
3350.00 1.77305e-05 5.21891e-01 1.19882e-16 1.87078e-03 
3359.70 1.53247e-05 5.25730e-01 1.20949e-16 1.64810e-03 
3370.00 1.33506e-05 5.29774e-01 1.22156e-16 1.46576e-03 
3376.50 1.35690e-05 5.32310e-01 1.22969e-16 1.50972e-03 
3386.41 1.51160e-05 5.36160e-01 1.24304e-16 1.71743e-03 
3390.00 1.56086e-05 5.37547e-01 1.24820e-16 1.78726e-03 
3393.38 1.58891e-05 5.38850e-01 1.25323e-16 1.83295e-03 
3410.00 1.59350e-05 5.45208e-01 1.28068e-16 1.91000e-03 
3410.35 1.59377e-05 5.45340e-01 1.28131e-16 1.91191e-03 
3427.40 1.67241e-05 5.51790e-01 1.31507e-16 2.09389e-03 
3428.47 1.67850e-05 5.52191e-01 1.31739e-16 2.10741e-03 
3430.00 1.68683e-05 5.52767e-01 1.32078e-16 2.12648e-03 
3444.54 1.73931e-05 5.58190e-01 1.35760e-16 2.28552e-03 
3450.00 1.75203e-05 5.60216e-01 1.37482e-16 2.34361e-03 
3455.00 1.76352e-05 5.62066e-01 1.39286e-16 2.40130e-03 
3461.76 1.78312e-05 5.64550e-01 1.42086e-16 2.49261e-03 
3470.00 1.82171e-05 5.67560e-01 1.45850e-16 2.63421e-03 
3472.72 1.83967e-05 5.68551e-01 1.47122e-16 2.69018e-03 
3479.07 1.89101e-05 5.70850e-01 1.50073e-16 2.83730e-03 
3490.00 2.00101e-05 5.74793e-01 1.55244e-16 3.13707e-03 
3491.34 2.01556e-05 5.75275e-01 1.55899e-16 3.17709e-03 
3496.46 2.06798e-05 5.77110e-01 1.58469e-16 3.32889e-03 
3507.02 2.11229e-05 5.80871e-01 1.64442e-16 3.56212e-03 
3510.00 2.09635e-05 5.81927e-01 1.66360e-16 3.58601e-03 
3513.95 2.05178e-05 5.83320e-01 1.68943e-16 3.57680e-03 
3523.60 1.92287e-05 5.86709e-01 1.74284e-16 3.48770e-03 
3530.00 1.91994e-05 5.88943e-01 1.76364e-16 3.54381e-03 
3531.51 1.93851e-05 5.89470e-01 1.76801e-16 3.59169e-03 
3543.60 2.20401e-05 5.93655e-01 1.83095e-16 4.27359e-03 
3549.17 2.25156e-05 5.95570e-01 1.88934e-16 4.52666e-03 
3550.00 2.24709e-05 5.95854e-01 1.89819e-16 4.54204e-03 
3552.18 2.21831e-05 5.96599e-01 1.91975e-16 4.54326e-03 
3566.47 1.72310e-05 6.01458e-01 2.00470e-16 3.73014e-03 
3566.92 1.70748e-05 6.01610e-01 2.00746e-16 3.70282e-03 
3570.00 1.61558e-05 6.02650e-01 2.02839e-16 3.54924e-03 
3578.72 1.52287e-05 6.05581e-01 2.09463e-16 3.48010e-03 
3584.75 1.56400e-05 6.07600e-01 2.13534e-16 3.66187e-03 
3590.00 1.63463e-05 6.09348e-01 2.17381e-16 3.91313e-03 
3592.19 1.66742e-05 6.10076e-01 2.19309e-16 4.03430e-03 
3602.68 1.82032e-05 6.13540e-01 2.30312e-16 4.66504e-03 
3603.62 1.83249e-05 6.13850e-01 2.31180e-16 4.71754e-03 
3610.00 1.90030e-05 6.15936e-01 2.35857e-16 5.01693e-03 
3617.91 1.94125e-05 6.18509e-01 2.41789e-16 5.28745e-03 
3620.69 1.94528e-05 6.19410e-01 2.44685e-16 5.37382e-03 
3626.49 1.93974e-05 6.21286e-01 2.50868e-16 5.51937e-03 
3630.00 1.92881e-05 6.22420e-01 2.53633e-16 5.56427e-03 
3638.79 1.93924e-05 6.25240e-01 2.58982e-16 5.75214e-03 
3639.96 1.95700e-05 6.25612e-01 2.59819e-16 5.82891e-03 
3640.00 1.95771e-05 6.25625e-01 2.59849e-16 5.83189e-03 
3650.00 2.24311e-05 6.28792e-01 2.68878e-16 6.96833e-03 
3651.39 2.27624e-05 6.29231e-01 2.70064e-16 7.11011e-03 
3656.99 2.35541e-05 6.30990e-01 2.73908e-16 7.49446e-03 
3669.36 2.32083e-05 6.34862e-01 2.79185e-16 7.59849e-03 
3670.00 2.31466e-05 6.35062e-01 2.79416e-16 7.58827e-03 
3675.27 2.26033e-05 6.36700e-01 2.81309e-16 7.49037e-03 
3690.00 2.19802e-05 6.41228e-01 2.86183e-16 7.49268e-03 
3693.65 2.23184e-05 6.42340e-01 2.87178e-16 7.65523e-03 
3707.00 2.33631e-05 6.46386e-01 2.89564e-16 8.16043e-03 
3710.00 2.30337e-05 6.47291e-01 2.89759e-16 8.06859e-03 
3712.12 2.25818e-05 6.47930e-01 2.89817e-16 7.92420e-03 
3730.00 1.66695e-05 6.53254e-01 2.88027e-16 5.88939e-03 
3730.68 1.65591e-05 6.53450e-01 2.87891e-16 5.85043e-03 
3749.33 1.86530e-05 6.58710e-01 2.82810e-16 6.55867e-03 
3749.38 1.86657e-05 6.58725e-01 2.82794e-16 6.56298e-03 
3750.00 1.88187e-05 6.58900e-01 2.82592e-16 6.61489e-03 
3768.08 2.25303e-05 6.64120e-01 2.76072e-16 7.83571e-03 
3770.00 2.27452e-05 6.64673e-01 2.75314e-16 7.89935e-03 
3771.61 2.28858e-05 6.65135e-01 2.74671e-16 7.93850e-03 
3786.92 2.33741e-05 6.69470e-01 2.68285e-16 8.00336e-03 
3789.39 2.34919e-05 6.70166e-01 2.67231e-16 8.02567e-03 
3790.00 2.35297e-05 6.70336e-01 2.66973e-16 8.03414e-03 
3805.85 2.38437e-05 6.74760e-01 2.59745e-16 8.00656e-03 
3806.54 2.37229e-05 6.74951e-01 2.59387e-16 7.95870e-03 
3810.00 2.27954e-05 6.75908e-01 2.57529e-16 7.61044e-03 
3817.98 1.88292e-05 6.78102e-01 2.53363e-16 6.21765e-03 
3824.88 1.51916e-05 6.79990e-01 2.50453e-16 4.98165e-03 
3830.00 1.36996e-05 6.81382e-01 2.48323e-16 4.46930e-03 
3832.27 1.35997e-05 6.81996e-01 2.47260e-16 4.42429e-03 
3844.01 1.66753e-05 6.85160e-01 2.40558e-16 5.31856e-03 
3846.56 1.75401e-05 6.85843e-01 2.39128e-16 5.57037e-03 
3850.00 1.84564e-05 6.86763e-01 2.37363e-16 5.83111e-03 
3863.23 1.85642e-05 6.90270e-01 2.31401e-16 5.76680e-03 
3863.70 1.85177e-05 6.90396e-01 2.31180e-16 5.74860e-03 
3870.00 1.80158e-05 6.92048e-01 2.28108e-16 5.54071e-03 
3880.85 1.87083e-05 6.94872e-01 2.22813e-16 5.65885e-03 
3882.54 1.90296e-05 6.95310e-01 2.22068e-16 5.74294e-03 
3890.00 2.11770e-05 6.97233e-01 2.19130e-16 6.33604e-03 
3900.86 2.52255e-05 7.00011e-01 2.15648e-16 7.47780e-03 
3901.96 2.54804e-05 7.00290e-01 2.15335e-16 7.54751e-03 
3910.00 2.50062e-05 7.02329e-01 2.13213e-16 7.37057e-03 
3921.46 1.70199e-05 7.05210e-01 2.10726e-16 4.99305e-03 
3930.00 1.31590e-05 7.07337e-01 2.09288e-16 3.85398e-03 
3938.01 1.62624e-05 7.09318e-01 2.08261e-16 4.76247e-03 
3941.07 1.83227e-05 7.10070e-01 2.07951e-16 5.36773e-03 
3950.00 2.23890e-05 7.12251e-01 2.07310e-16 6.57367e-03 
3960.78 1.83018e-05 7.14860e-01 2.07052e-16 5.40129e-03 
3970.00 1.54497e-05 7.17073e-01 2.07278e-16 4.58935e-03 
3980.58 2.22252e-05 7.19590e-01 2.08042e-16 6.66734e-03 
3990.00 3.04201e-05 7.21810e-01 2.09174e-16 9.22547e-03 
3991.36 3.12035e-05 7.22130e-01 2.09373e-16 9.47946e-03 
4000.48 3.32949e-05 7.24260e-01 2.11134e-16 1.02533e-02 
4010.00 3.25538e-05 7.26463e-01 2.14703e-16 1.02499e-02 
4015.59 3.22393e-05 7.27749e-01 2.18167e-16 1.03473e-02 
4020.49 3.21769e-05 7.28870e-01 2.22095e-16 1.05423e-02 
4023.75 3.21881e-05 7.29615e-01 2.24747e-16 1.06915e-02 
4030.00 3.21922e-05 7.31033e-01 2.29071e-16 1.09367e-02 
4035.19 3.20637e-05 7.32205e-01 2.32278e-16 1.10775e-02 
4040.59 3.17771e-05 7.33420e-01 2.35771e-16 1.11770e-02 
4045.48 3.13894e-05 7.34514e-01 2.39369e-16 1.12394e-02 
4050.00 3.09259e-05 7.35523e-01 2.43171e-16 1.12774e-02 
4055.19 3.03137e-05 7.36675e-01 2.47548e-16 1.12852e-02 
4060.79 2.97820e-05 7.37910e-01 2.51545e-16 1.13008e-02 
4067.80 2.97454e-05 7.39445e-01 2.55202e-16 1.14946e-02 
4070.00 2.99621e-05 7.39924e-01 2.56026e-16 1.16295e-02 
4081.10 3.24799e-05 7.42330e-01 2.58342e-16 1.27970e-02 
4089.44 3.42036e-05 7.44127e-01 2.58928e-16 1.35671e-02 
4090.00 3.42632e-05 7.44247e-01 2.58957e-16 1.35962e-02 
4101.50 3.38784e-05 7.46700e-01 2.59175e-16 1.35372e-02 
4110.00 3.30079e-05 7.48492e-01 2.58210e-16 1.31991e-02 
4122.01 3.30443e-05 7.51000e-01 2.53690e-16 1.30639e-02 
4128.19 3.32917e-05 7.52283e-01 2.49340e-16 1.29776e-02 
4130.00 3.33371e-05 7.52657e-01 2.47760e-16 1.29250e-02 
4138.08 3.33096e-05 7.54321e-01 2.39729e-16 1.25478e-02 
4142.62 3.32258e-05 7.55250e-01 2.35167e-16 1.23067e-02 
4146.65 3.31821e-05 7.56070e-01 2.31214e-16 1.21088e-02 
4150.00 3.32046e-05 7.56749e-01 2.27999e-16 1.19689e-02 
4155.14 3.33693e-05 7.57787e-01 2.23511e-16 1.18224e-02 
4160.94 3.36044e-05 7.58951e-01 2.15810e-16 1.15292e-02 
4163.33 3.36691e-05 7.59430e-01 2.08958e-16 1.11980e-02 
4163.80 3.36774e-05 7.59523e-01 2.07726e-16 1.11374e-02 
4170.00 3.35859e-05 7.60761e-01 2.00804e-16 1.07705e-02 
4171.42 3.34974e-05 7.61044e-01 2.00253e-16 1.07203e-02 
4180.37 3.25544e-05 7.62818e-01 1.92693e-16 1.00701e-02 
4184.15 3.21360e-05 7.63560e-01 1.88175e-16 9.72582e-03 
4188.38 3.18027e-05 7.64387e-01 1.83247e-16 9.39256e-03 
4190.00 3.17368e-05 7.64704e-01 1.81580e-16 9.29528e-03 
4200.14 3.20427e-05 7.66669e-01 1.73096e-16 8.99107e-03 
4205.07 3.23068e-05 7.67620e-01 1.68958e-16 8.86983e-03 
4210.00 3.23783e-05 7.68568e-01 1.64541e-16 8.67789e-03 
4211.43 3.23363e-05 7.68842e-01 1.63218e-16 8.60299e-03 
4220.39 3.16169e-05 7.70551e-01 1.55226e-16 8.03455e-03 
4226.10 3.11026e-05 7.71630e-01 1.51121e-16 7.71604e-03 
4230.00 3.09094e-05 7.72363e-01 1.48434e-16 7.54588e-03 
4232.39 3.08952e-05 7.72811e-01 1.46658e-16 7.46067e-03 
4245.86 3.14403e-05 7.75325e-01 1.35235e-16 7.04612e-03 
4247.23 3.14618e-05 7.75580e-01 1.34246e-16 7.00388e-03 
4250.00 3.14326e-05 7.76100e-01 1.32419e-16 6.91132e-03 
4261.54 3.03135e-05 7.78245e-01 1.26351e-16 6.39473e-03 
4268.46 2.94273e-05 7.79480e-01 1.22805e-16 6.05292e-03 
4270.00 2.92648e-05 7.79746e-01 1.21997e-16 5.98408e-03 
4280.03 2.84319e-05 7.81427e-01 1.16761e-16 5.58933e-03 
4289.80 2.66743e-05 7.83060e-01 1.11965e-16 5.05047e-03 
4290.00 2.66168e-05 7.83093e-01 1.11872e-16 5.03583e-03 
4295.27 2.47834e-05 7.84007e-01 1.09387e-16 4.59580e-03 
4309.56 2.20926e-05 7.86549e-01 1.02819e-16 3.87616e-03 
4310.00 2.21824e-05 7.86628e-01 1.02622e-16 3.88526e-03 
4311.25 2.25205e-05 7.86850e-01 1.02067e-16 3.92537e-03 
4326.71 3.10845e-05 7.89536e-01 9.55816e-17 5.10941e-03 
4330.00 3.23424e-05 7.90100e-01 9.42970e-17 5.25247e-03 
4332.81 3.28256e-05 7.90580e-01 9.32278e-17 5.27711e-03 
4346.71 3.10608e-05 7.92949e-01 8.82213e-17 4.75462e-03 
4350.00 3.08015e-05 7.93506e-01 8.70885e-17 4.66117e-03 
4354.47 3.11620e-05 7.94260e-01 8.55629e-17 4.64229e-03 
4370.00 3.40234e-05 7.96849e-01 8.02212e-17 4.78463e-03 
4371.80 3.40033e-05 7.97147e-01 7.95797e-17 4.74729e-03 
4376.25 3.34851e-05 7.97880e-01 7.79691e-17 4.58919e-03 
4390.00 3.08991e-05 8.00133e-01 7.31177e-17 3.99501e-03 
4392.85 3.07998e-05 8.00596e-01 7.22138e-17 3.93777e-03 
4398.13 3.11807e-05 8.01450e-01 7.06835e-17 3.91085e-03 
4410.00 3.33861e-05 8.03354e-01 6.77153e-17 4.03201e-03 
4418.98 3.48874e-05 8.04780e-01 6.56247e-17 4.09882e-03 
4420.12 3.50317e-05 8.04960e-01 6.53550e-17 4.10083e-03 
4430.00 3.57254e-05 8.06516e-01 6.29343e-17 4.04393e-03 
4442.22 3.53690e-05 8.08420e-01 5.98517e-17 3.82701e-03 
4448.65 3.52978e-05 8.09412e-01 5.82438e-17 3.72665e-03 
4450.00 3.53429e-05 8.09620e-01 5.79108e-17 3.71216e-03 
4464.43 3.68192e-05 8.11820e-01 5.44684e-17 3.65905e-03 
4470.00 3.72531e-05 8.12662e-01 5.31939e-17 3.62380e-03 
4483.90 3.72273e-05 8.14745e-01 5.01383e-17 3.43267e-03 
4486.75 3.73522e-05 8.15170e-01 4.95323e-17 3.40650e-03 
4490.00 3.76871e-05 8.15652e-01 4.88519e-17 3.39429e-03 
4509.19 4.12177e-05 8.18470e-01 4.51130e-17 3.45469e-03 
4510.00 4.12207e-05 8.18588e-01 4.49672e-17 3.44490e-03 
4523.91 3.86136e-05 8.20593e-01 4.26864e-17 3.08032e-03 
4530.00 3.73689e-05 8.21463e-01 4.18253e-17 2.92791e-03 
4531.73 3.71714e-05 8.21710e-01 4.15955e-17 2.89842e-03 
4550.00 3.86014e-05 8.24295e-01 3.95192e-17 2.88024e-03 
4554.39 3.93669e-05 8.24910e-01 3.91002e-17 2.91119e-03 
4570.00 4.08810e-05 8.27070e-01 3.77876e-17 2.93936e-03 
4577.16 4.02362e-05 8.28050e-01 3.72509e-17 2.85976e-03 
4578.21 4.00916e-05 8.28193e-01 3.71742e-17 2.84476e-03 
4590.00 3.86728e-05 8.29791e-01 3.63441e-17 2.69490e-03 
4600.05 3.89053e-05 8.31140e-01 3.56736e-17 2.67126e-03 
4610.00 3.95494e-05 8.32464e-01 3.50380e-17 2.67712e-03 
4623.05 3.92934e-05 8.34180e-01 3.42394e-17 2.61190e-03 
4630.00 3.90016e-05 8.35085e-01 3.38265e-17 2.56788e-03 
4641.09 3.89796e-05 8.36519e-01 3.31808e-17 2.52781e-03 
4646.16 3.91430e-05 8.37170e-01 3.28894e-17 2.52082e-03 
4650.00 3.93226e-05 8.37661e-01 3.26702e-17 2.51907e-03 
4669.39 4.02977e-05 8.40120e-01 3.15775e-17 2.51295e-03 
4670.00 4.03090e-05 8.40196e-01 3.15437e-17 2.51151e-03 
4690.00 3.95040e-05 8.42674e-01 3.04374e-17 2.39224e-03 
4692.74 3.92386e-05 8.43010e-01 3.02870e-17 2.36675e-03 
4703.97 3.82186e-05 8.44381e-01 2.96724e-17 2.26753e-03 
4710.00 3.80554e-05 8.45112e-01 2.93433e-17 2.23760e-03 
4716.20 3.83746e-05 8.45860e-01 2.90067e-17 2.23541e-03 
4730.00 3.97755e-05 8.47505e-01 2.82721e-17 2.26935e-03 
4739.79 4.02760e-05 8.48660e-01 2.77693e-17 2.26478e-03 
4750.00 4.03886e-05 8.49856e-01 2.72672e-17 2.23801e-03 
4763.48 4.04261e-05 8.51420e-01 2.66503e-17 2.19966e-03 
4766.84 4.04288e-05 8.51806e-01 2.65062e-17 2.19045e-03 
4770.00 4.04279e-05 8.52168e-01 2.63748e-17 2.18191e-03 
4787.30 4.02758e-05 8.54130e-01 2.57161e-17 2.13200e-03 
4790.00 4.02106e-05 8.54433e-01 2.56221e-17 2.12272e-03 
4810.00 3.97886e-05 8.56654e-01 2.49884e-17 2.06239e-03 
4811.24 3.98096e-05 8.56790e-01 2.49525e-17 2.06137e-03 
4829.72 4.03145e-05 8.58809e-01 2.44525e-17 2.05838e-03 
4830.00 4.03118e-05 8.58839e-01 2.44454e-17 2.05784e-03 
4835.29 4.01246e-05 8.59410e-01 2.43131e-17 2.04079e-03 
4850.00 3.79496e-05 8.60979e-01 2.39565e-17 1.91112e-03 
4859.47 3.53664e-05 8.61980e-01 2.37245e-17 1.76929e-03 
4870.00 3.38956e-05 8.63087e-01 2.34528e-17 1.68207e-03 
4883.77 3.68121e-05 8.64520e-01 2.30575e-17 1.80408e-03 
4890.00 3.83179e-05 8.65161e-01 2.28576e-17 1.86536e-03 
4892.60 3.86919e-05 8.65427e-01 2.27696e-17 1.87789e-03 
4908.19 3.84607e-05 8.67010e-01 2.21811e-17 1.82754e-03 
4910.00 3.83127e-05 8.67193e-01 2.21063e-17 1.81543e-03 
4930.00 3.75182e-05 8.69191e-01 2.12046e-17 1.71616e-03 
4932.73 3.76179e-05 8.69460e-01 2.10718e-17 1.71142e-03 
4950.00 3.89655e-05 8.71146e-01 2.01844e-17 1.70733e-03 
4955.48 3.93276e-05 8.71675e-01 1.98887e-17 1.70085e-03 
4957.39 3.94177e-05 8.71860e-01 1.97838e-17 1.69677e-03 
4970.00 3.93184e-05 8.73072e-01 1.90772e-17 1.63847e-03 
4982.18 3.79087e-05 8.74230e-01 1.83724e-17 1.52712e-03 
4990.00 3.67232e-05 8.74964e-01 1.79111e-17 1.44569e-03 
5007.09 3.51516e-05 8.76550e-01 1.68881e-17 1.31163e-03 
5010.00 3.52072e-05 8.76818e-01 1.67128e-17 1.30122e-03 
5018.35 3.59730e-05 8.77586e-01 1.62091e-17 1.29273e-03 
5030.00 3.72038e-05 8.78648e-01 1.55084e-17 1.28369e-03 
5032.12 3.72833e-05 8.78840e-01 1.53810e-17 1.27668e-03 
5050.00 3.71424e-05 8.80438e-01 1.43187e-17 1.19038e-03 
5057.29 3.76857e-05 8.81080e-01 1.38922e-17 1.17437e-03 
5070.00 3.85515e-05 8.82191e-01 1.31602e-17 1.14235e-03 
5081.23 3.77632e-05 8.83164e-01 1.25295e-17 1.06890e-03 
5082.57 3.76264e-05 8.83280e-01 1.24552e-17 1.05913e-03 
5090.00 3.70621e-05 8.83919e-01 1.20503e-17 1.01153e-03 
5107.98 3.75812e-05 8.85450e-01 1.11356e-17 9.52844e-04 
5110.00 3.76180e-05 8.85620e-01 1.10411e-17 9.46241e-04 
5130.00 3.67313e-05 8.87288e-01 1.02261e-17 8.60698e-04 
5133.52 3.65807e-05 8.87580e-01 1.01097e-17 8.48278e-04 
5144.11 3.60540e-05 8.88452e-01 9.81975e-18 8.14556e-04 
5150.00 3.54115e-05 8.88934e-01 9.69978e-18 7.91600e-04 
5159.19 3.36786e-05 8.89680e-01 9.56810e-18 7.44592e-04 
5170.00 3.17285e-05 8.90544e-01 9.48724e-18 6.97685e-04 
5184.99 3.16074e-05 8.91730e-01 9.47734e-18 6.97237e-04 
5190.00 3.22200e-05 8.92125e-01 9.49368e-18 7.12978e-04 
5206.98 3.51823e-05 8.93456e-01 9.59156e-18 7.90308e-04 
5210.00 3.55255e-05 8.93689e-01 9.61256e-18 8.00437e-04 
5210.91 3.56020e-05 8.93760e-01 9.61905e-18 8.02907e-04 
5230.00 3.61343e-05 8.95216e-01 9.78098e-18 8.33019e-04 
5236.97 3.68600e-05 8.95740e-01 9.85937e-18 8.58202e-04 
5250.00 3.72468e-05 8.96715e-01 1.00478e-17 8.86945e-04 
5263.15 3.40849e-05 8.97690e-01 1.03090e-17 8.35749e-04 
5269.86 3.30123e-05 8.98184e-01 1.04758e-17 8.24044e-04 
5270.00 3.30062e-05 8.98194e-01 1.04796e-17 8.24217e-04 
5289.47 3.67667e-05 8.99610e-01 1.10982e-17 9.77456e-04 
5290.00 3.68943e-05 8.99648e-01 1.11174e-17 9.82689e-04 
5310.00 3.80833e-05 9.01074e-01 1.19033e-17 1.09190e-03 
5315.92 3.69407e-05 9.01490e-01 1.21521e-17 1.08297e-03 
5330.00 3.44391e-05 9.02469e-01 1.27548e-17 1.06367e-03 
5332.74 3.44596e-05 9.02658e-01 1.28718e-17 1.07485e-03 
5342.50 3.57542e-05 9.03330e-01 1.32835e-17 1.15386e-03 
5350.00 3.69079e-05 9.03845e-01 1.35898e-17 1.22096e-03 
5369.21 3.68319e-05 9.05150e-01 1.43026e-17 1.28882e-03 
5370.00 3.68033e-05 9.05203e-01 1.43291e-17 1.29047e-03 
5390.00 3.63770e-05 9.06526e-01 1.48944e-17 1.33273e-03 
5395.61 3.60174e-05 9.06891e-01 1.50111e-17 1.33181e-03 
5396.05 3.59844e-05 9.06920e-01 1.50194e-17 1.33148e-03 
5410.00 3.51460e-05 9.07822e-01 1.52198e-17 1.32253e-03 
5423.03 3.55635e-05 9.08660e-01 1.53238e-17 1.35188e-03 
5430.00 3.60583e-05 9.09107e-01 1.53581e-17 1.37620e-03 
5450.00 3.69236e-05 9.10381e-01 1.54287e-17 1.42290e-03 
5450.15 3.69231e-05 9.10390e-01 1.54293e-17 1.42299e-03 
5458.49 3.67223e-05 9.10915e-01 1.54675e-17 1.42175e-03 
5470.00 3.62430e-05 9.11632e-01 1.55519e-17 1.41494e-03 
5477.40 3.60711e-05 9.12090e-01 1.56359e-17 1.41847e-03 
5490.00 3.59974e-05 9.12864e-01 1.58546e-17 1.43989e-03 
5504.79 3.59802e-05 9.13760e-01 1.62715e-17 1.48247e-03 
5510.00 3.59846e-05 9.14072e-01 1.64691e-17 1.50259e-03 
5521.37 3.60502e-05 9.14747e-01 1.70078e-17 1.55893e-03 
5530.00 3.62161e-05 9.15255e-01 1.75246e-17 1.61711e-03 
5532.31 3.62853e-05 9.15390e-01 1.76783e-17 1.63534e-03 
5550.00 3.66433e-05 9.16417e-01 1.90496e-17 1.78726e-03 
5559.97 3.62477e-05 9.16990e-01 1.99573e-17 1.85670e-03 
5570.00 3.55693e-05 9.17561e-01 2.09522e-17 1.91743e-03 
5575.67 3.51978e-05 9.17881e-01 2.15466e-17 1.95390e-03 
5587.77 3.47889e-05 9.18560e-01 2.29290e-17 2.06108e-03 
5590.00 3.48083e-05 9.18684e-01 2.32150e-17 2.08907e-03 
5610.00 3.58206e-05 9.19788e-01 2.66143e-17 2.47641e-03 
5615.71 3.59584e-05 9.20100e-01 2.79646e-17 2.61560e-03 
5619.18 3.59806e-05 9.20288e-01 2.88896e-17 2.70601e-03 
5630.00 3.59496e-05 9.20872e-01 3.22380e-17 3.02477e-03 
5643.79 3.59715e-05 9.21610e-01 3.67615e-17 3.46252e-03 
5644.26 3.59671e-05 9.21635e-01 3.69080e-17 3.47628e-03 
5650.00 3.58439e-05 9.21940e-01 3.86174e-17 3.62971e-03 
5665.09 3.51086e-05 9.22738e-01 4.33027e-17 4.00070e-03 
5670.00 3.50139e-05 9.22995e-01 4.51595e-17 4.16577e-03 
5672.01 3.50299e-05 9.23100e-01 4.59706e-17 4.24451e-03 
5689.04 3.54798e-05 9.23981e-01 5.33631e-17 5.01011e-03 
5690.00 3.54649e-05 9.24031e-01 5.37769e-17 5.04796e-03 
5700.37 3.49267e-05 9.24560e-01 5.80291e-17 5.37730e-03 
5710.00 3.47536e-05 9.25048e-01 6.15727e-17 5.68998e-03 
5711.63 3.48467e-05 9.25130e-01 6.21285e-17 5.75889e-03 
5728.87 3.66374e-05 9.25990e-01 6.79837e-17 6.65163e-03 
5730.00 3.66806e-05 9.26046e-01 6.84322e-17 6.70514e-03 
5732.86 3.66893e-05 9.26187e-01 6.96439e-17 6.82992e-03 
5750.00 3.55531e-05 9.27025e-01 7.81106e-17 7.45196e-03 
5750.01 3.55528e-05 9.27025e-01 7.81155e-17 7.45236e-03 
5757.52 3.55593e-05 9.27390e-01 8.12323e-17 7.76431e-03 
5770.00 3.58361e-05 9.27996e-01 8.49630e-17 8.20721e-03 
5786.30 3.49928e-05 9.28780e-01 8.75439e-17 8.28786e-03 
5790.00 3.48609e-05 9.28956e-01 8.78310e-17 8.29055e-03 
5805.79 3.53247e-05 9.29701e-01 8.81027e-17 8.45659e-03 
5810.00 3.55579e-05 9.29897e-01 8.79639e-17 8.50697e-03 
5815.23 3.58036e-05 9.30140e-01 8.76808e-17 8.54812e-03 
5830.00 3.59385e-05 9.30819e-01 8.61945e-17 8.46247e-03 
5844.31 3.52518e-05 9.31470e-01 8.37288e-17 8.08876e-03 
5847.18 3.51622e-05 9.31600e-01 8.31058e-17 8.01321e-03 
5850.00 3.51320e-05 9.31727e-01 8.24530e-17 7.94837e-03 
5870.00 3.51389e-05 9.32624e-01 7.67849e-17 7.43586e-03 
5873.53 3.46946e-05 9.32780e-01 7.56307e-17 7.23705e-03 
5876.72 3.41733e-05 9.32921e-01 7.45595e-17 7.03223e-03 
5890.00 3.24733e-05 9.33502e-01 6.98595e-17 6.27923e-03 
5895.77 3.27806e-05 9.33752e-01 6.77482e-17 6.15474e-03 
5902.90 3.37891e-05 9.34060e-01 6.50788e-17 6.10352e-03 
5910.00 3.47342e-05 9.34366e-01 6.21507e-17 6.00110e-03 
5915.78 3.50136e-05 9.34613e-01 5.93943e-17 5.78828e-03 
5927.21 3.47214e-05 9.35100e-01 5.32445e-17 5.15827e-03 
5930.00 3.46251e-05 9.35218e-01 5.19059e-17 5.01763e-03 
5932.41 3.45689e-05 9.35320e-01 5.08295e-17 4.90814e-03 
5944.36 3.45746e-05 9.35820e-01 4.59025e-17 4.44441e-03 
5950.00 3.46428e-05 9.36053e-01 4.33983e-17 4.21528e-03 
5962.08 3.47024e-05 9.36550e-01 3.80512e-17 3.71176e-03 
5964.36 3.46978e-05 9.36644e-01 3.71563e-17 3.62574e-03 
5970.00 3.46653e-05 9.36873e-01 3.52228e-17 3.43793e-03 
5990.00 3.43043e-05 9.37684e-01 3.03981e-17 2.94850e-03 
5990.90 3.42787e-05 9.37720e-01 3.02143e-17 2.92905e-03 
5991.89 3.42500e-05 9.37760e-01 3.00141e-17 2.90780e-03 
6010.00 3.37408e-05 9.38489e-01 2.63779e-17 2.52710e-03 
6021.85 3.36627e-05 9.38960e-01 2.41185e-17 2.31100e-03 
6030.00 3.37779e-05 9.39281e-01 2.26563e-17 2.18202e-03 
6030.10 3.37802e-05 9.39285e-01 2.26392e-17 2.18056e-03 
6050.00 3.43237e-05 9.40055e-01 1.94662e-17 1.91297e-03 
6051.96 3.43463e-05 9.40130e-01 1.91830e-17 1.88713e-03 
6070.00 3.40728e-05 9.40814e-01 1.67815e-17 1.64382e-03 
6078.69 3.37114e-05 9.41139e-01 1.57499e-17 1.52911e-03 
6082.21 3.35646e-05 9.41270e-01 1.53512e-17 1.48498e-03 
6090.00 3.33285e-05 9.41558e-01 1.45114e-17 1.39609e-03 
6110.00 3.30248e-05 9.42286e-01 1.25840e-17 1.20450e-03 
6112.63 3.28777e-05 9.42380e-01 1.23534e-17 1.17778e-03 
6130.00 3.18605e-05 9.42994e-01 1.09432e-17 1.01459e-03 
6138.70 3.20526e-05 9.43296e-01 1.03047e-17 9.62818e-04 
6143.19 3.22219e-05 9.43450e-01 9.99135e-18 9.39316e-04 
6150.00 3.22795e-05 9.43682e-01 9.53644e-18 8.99367e-04 
6170.00 3.11990e-05 9.44351e-01 8.35878e-18 7.64937e-04 
6173.91 3.13244e-05 9.44480e-01 8.15858e-18 7.50194e-04 
6190.00 3.27058e-05 9.45008e-01 7.44593e-18 7.17123e-04 
6201.58 3.29473e-05 9.45399e-01 7.05293e-18 6.85850e-04 
6204.77 3.28884e-05 9.45510e-01 6.96322e-18 6.76344e-04 
6210.00 3.27396e-05 9.45696e-01 6.83332e-18 6.61410e-04 
6230.00 3.18894e-05 9.46429e-01 6.50453e-18 6.15689e-04 
6235.80 3.15151e-05 9.46640e-01 6.45101e-18 6.04152e-04 
6250.00 3.09943e-05 9.47138e-01 6.37944e-18 5.89224e-04 
6264.46 3.18103e-05 9.47626e-01 6.36835e-18 6.05396e-04 
6266.98 3.19886e-05 9.47710e-01 6.37047e-18 6.09290e-04 
6270.00 3.21732e-05 9.47810e-01 6.37407e-18 6.13511e-04 
6290.00 3.22443e-05 9.48463e-01 6.41102e-18 6.20833e-04 
6298.31 3.18360e-05 9.48730e-01 6.42325e-18 6.15124e-04 
6310.00 3.13155e-05 9.49102e-01 6.42482e-18 6.06576e-04 
6327.33 3.13577e-05 9.49644e-01 6.36835e-18 6.04055e-04 
6329.80 3.13928e-05 9.49720e-01 6.35261e-18 6.03519e-04 
6330.00 3.13954e-05 9.49726e-01 6.35127e-18 6.03464e-04 
6350.00 3.14281e-05 9.50335e-01 6.17988e-18 5.90028e-04 
6361.45 3.12906e-05 9.50680e-01 6.08796e-18 5.79961e-04 
6370.00 3.12689e-05 9.50937e-01 6.04488e-18 5.76387e-04 
6390.00 3.14157e-05 9.51534e-01 6.10465e-18 5.87023e-04 
6390.21 3.14111e-05 9.51540e-01 6.10689e-18 5.87176e-04 
6393.26 3.13208e-05 9.51630e-01 6.14350e-18 5.89335e-04 
6410.00 3.06706e-05 9.52119e-01 6.46901e-18 6.09582e-04 
6425.23 3.08802e-05 9.52560e-01 6.89742e-18 6.56253e-04 
6430.00 3.09342e-05 9.52698e-01 7.04727e-18 6.72278e-04 
6450.00 3.05202e-05 9.53272e-01 7.69697e-18 7.27123e-04 
6453.09 3.04846e-05 9.53360e-01 7.79455e-18 7.35900e-04 
6457.35 3.04673e-05 9.53480e-01 7.92575e-18 7.48452e-04 
6470.00 3.03996e-05 9.53832e-01 8.28958e-18 7.82890e-04 
6489.64 2.99674e-05 9.54370e-01 8.77747e-18 8.20125e-04 
6490.00 2.99691e-05 9.54380e-01 8.78553e-18 8.20976e-04 
6510.00 3.05632e-05 9.54924e-01 9.18030e-18 8.78070e-04 
6515.97 3.06197e-05 9.55085e-01 9.27779e-18 8.89999e-04 
6522.09 3.05848e-05 9.55250e-01 9.36812e-18 8.98640e-04 
6530.00 3.05087e-05 9.55461e-01 9.47137e-18 9.07583e-04 
6550.00 2.95538e-05 9.55988e-01 9.67594e-18 9.01411e-04 
6554.70 2.87357e-05 9.56110e-01 9.71455e-18 8.80702e-04 
6570.00 2.66398e-05 9.56504e-01 9.82278e-18 8.27830e-04 
6578.84 2.76692e-05 9.56730e-01 9.87680e-18 8.65915e-04 
6587.47 2.93746e-05 9.56950e-01 9.92600e-18 9.25288e-04 
6590.00 2.97698e-05 9.57014e-01 9.93977e-18 9.39464e-04 
6610.00 3.01197e-05 9.57521e-01 1.00365e-17 9.63182e-04 
6620.41 2.99204e-05 9.57780e-01 1.00769e-17 9.62430e-04 
6630.00 2.98726e-05 9.58014e-01 1.01070e-17 9.65396e-04 
6641.72 2.98573e-05 9.58296e-01 1.01335e-17 9.69425e-04 
6650.00 2.97646e-05 9.58495e-01 1.01452e-17 9.68936e-04 
6653.51 2.96852e-05 9.58580e-01 1.01489e-17 9.67298e-04 
6670.00 2.93877e-05 9.58981e-01 1.01629e-17 9.61710e-04 
6686.78 2.97217e-05 9.59390e-01 1.01872e-17 9.77834e-04 
6690.00 2.97248e-05 9.59468e-01 1.01948e-17 9.79213e-04 
6704.60 2.92649e-05 9.59819e-01 1.02476e-17 9.71527e-04 
6710.00 2.91340e-05 9.59948e-01 1.02766e-17 9.70835e-04 
6720.21 2.92272e-05 9.60190e-01 1.03475e-17 9.82397e-04 
6730.00 2.93855e-05 9.60420e-01 1.04363e-17 9.97884e-04 
6750.00 2.90369e-05 9.60883e-01 1.06869e-17 1.01321e-03 
6753.81 2.89911e-05 9.60970e-01 1.07459e-17 1.01787e-03 
6767.47 2.89747e-05 9.61281e-01 1.09892e-17 1.04276e-03 
6770.00 2.89760e-05 9.61338e-01 1.10399e-17 1.04807e-03 
6787.58 2.88577e-05 9.61730e-01 1.14374e-17 1.08463e-03 
6790.00 2.88242e-05 9.61783e-01 1.14976e-17 1.08952e-03 
6810.00 2.86056e-05 9.62214e-01 1.20376e-17 1.13588e-03 
6821.52 2.87236e-05 9.62460e-01 1.23755e-17 1.17487e-03 
6830.00 2.87136e-05 9.62642e-01 1.26329e-17 1.20060e-03 
6830.35 2.87078e-05 9.62649e-01 1.26436e-17 1.20145e-03 
6850.00 2.81090e-05 9.63070e-01 1.32769e-17 1.23941e-03 
6855.63 2.80895e-05 9.63190e-01 1.34768e-17 1.25838e-03 
6870.00 2.83011e-05 9.63495e-01 1.40486e-17 1.32485e-03 
6889.91 2.82764e-05 9.63910e-01 1.50441e-17 1.42221e-03 
6890.00 2.82755e-05 9.63912e-01 1.50495e-17 1.42270e-03 
6893.23 2.82412e-05 9.63978e-01 1.52393e-17 1.43967e-03 
6910.00 2.80549e-05 9.64321e-01 1.63631e-17 1.53992e-03 
6924.36 2.79566e-05 9.64610e-01 1.74823e-17 1.64338e-03 
6930.00 2.79215e-05 9.64723e-01 1.79551e-17 1.68727e-03 
6950.00 2.77726e-05 9.65117e-01 1.97439e-17 1.85156e-03 
6956.10 2.77403e-05 9.65235e-01 2.03165e-17 1.90495e-03 
6958.98 2.77297e-05 9.65290e-01 2.05893e-17 1.93069e-03 
6970.00 2.77234e-05 9.65497e-01 2.16551e-17 2.03382e-03 
6990.00 2.75843e-05 9.65862e-01 2.36891e-17 2.22088e-03 
6993.77 2.74453e-05 9.65930e-01 2.40902e-17 2.24848e-03 
7010.00 2.68330e-05 9.66220e-01 2.58912e-17 2.36886e-03 
7016.12 2.68444e-05 9.66330e-01 2.66061e-17 2.43770e-03 
7028.74 2.71416e-05 9.66560e-01 2.81420e-17 2.61229e-03 
7030.00 2.71683e-05 9.66583e-01 2.82992e-17 2.62999e-03 
7050.00 2.72072e-05 9.66964e-01 3.08610e-17 2.88149e-03 
7063.88 2.70264e-05 9.67230e-01 3.26743e-17 3.03732e-03 
7070.00 2.69418e-05 9.67346e-01 3.34711e-17 3.10471e-03 
7070.43 2.69363e-05 9.67354e-01 3.35263e-17 3.10941e-03 
7090.00 2.67907e-05 9.67720e-01 3.60182e-17 3.33292e-03 
7099.20 2.68114e-05 9.67890e-01 3.71334e-17 3.44384e-03 
7110.00 2.67866e-05 9.68088e-01 3.83706e-17 3.56143e-03 
7127.59 2.64412e-05 9.68400e-01 4.01692e-17 3.69058e-03 
7130.00 2.63899e-05 9.68441e-01 4.03909e-17 3.70516e-03 
7134.70 2.63047e-05 9.68520e-01 4.08040e-17 3.73374e-03 
7150.00 2.61876e-05 9.68761e-01 4.19853e-17 3.83388e-03 
7170.00 2.61183e-05 9.69035e-01 4.31826e-17 3.94489e-03 
7170.37 2.61085e-05 9.69040e-01 4.32015e-17 3.94536e-03 
7190.00 2.54610e-05 9.69264e-01 4.40325e-17 3.93316e-03 
7190.46 2.54578e-05 9.69268e-01 4.40484e-17 3.93438e-03 
7206.23 2.57622e-05 9.69430e-01 4.44978e-17 4.03152e-03 
7210.00 2.58443e-05 9.69468e-01 4.45786e-17 4.05400e-03 
7230.00 2.58233e-05 9.69649e-01 4.48377e-17 4.08631e-03 
7242.26 2.58283e-05 9.69720e-01 4.48588e-17 4.09625e-03 
7250.00 2.58677e-05 9.69743e-01 4.48195e-17 4.10338e-03 
7253.34 2.58848e-05 9.69752e-01 4.47901e-17 4.10533e-03 
7270.00 2.57470e-05 9.69842e-01 4.45394e-17 4.07033e-03 
7278.47 2.54268e-05 9.69960e-01 4.43545e-17 4.00817e-03 
7290.00 2.50821e-05 9.70233e-01 4.40528e-17 3.93427e-03 
7310.00 2.54021e-05 9.70861e-01 4.34309e-17 3.94154e-03 
7314.86 2.54165e-05 9.71010e-01 4.32674e-17 3.93214e-03 
7316.22 2.54096e-05 9.71050e-01 4.32212e-17 3.92778e-03 
7330.00 2.52491e-05 9.71410e-01 4.27534e-17 3.86942e-03 
7350.00 2.52846e-05 9.71832e-01 4.21883e-17 3.83574e-03 
7351.43 2.52939e-05 9.71860e-01 4.21579e-17 3.83526e-03 
7370.00 2.52495e-05 9.72204e-01 4.19574e-17 3.82129e-03 
7379.09 2.50127e-05 9.72364e-01 4.20232e-17 3.79670e-03 
7388.19 2.47075e-05 9.72520e-01 4.22190e-17 3.77309e-03 
7390.00 2.46498e-05 9.72550e-01 4.22727e-17 3.77010e-03 
7410.00 2.43106e-05 9.72877e-01 4.31449e-17 3.80649e-03 
7425.13 2.44751e-05 9.73110e-01 4.40728e-17 3.92360e-03 
7430.00 2.45243e-05 9.73182e-01 4.44061e-17 3.96412e-03 
7441.97 2.45253e-05 9.73355e-01 4.52750e-17 4.04906e-03 
7450.00 2.45204e-05 9.73468e-01 4.58887e-17 4.10804e-03 
7462.26 2.46109e-05 9.73640e-01 4.69205e-17 4.22359e-03 
7470.00 2.46288e-05 9.73749e-01 4.76685e-17 4.29899e-03 
7490.00 2.43653e-05 9.74028e-01 5.01371e-17 4.48650e-03 
7496.27 2.43299e-05 9.74115e-01 5.11188e-17 4.57193e-03 
7499.57 2.43270e-05 9.74160e-01 5.16813e-17 4.62393e-03 
7510.00 2.43372e-05 9.74301e-01 5.36198e-17 4.80676e-03 
7530.00 2.42968e-05 9.74567e-01 5.74989e-17 5.16104e-03 
7536.29 2.43069e-05 9.74650e-01 5.86099e-17 5.26781e-03 
7537.07 2.43087e-05 9.74660e-01 5.87408e-17 5.28056e-03 
7550.00 2.42919e-05 9.74830e-01 6.07841e-17 5.47079e-03 
7570.00 2.40281e-05 9.75089e-01 6.46967e-17 5.77651e-03 
7570.99 2.40192e-05 9.75102e-01 6.49524e-17 5.79802e-03 
7574.75 2.39946e-05 9.75150e-01 6.59964e-17 5.88840e-03 
7590.00 2.39423e-05 9.75342e-01 7.11801e-17 6.35108e-03 
7593.04 2.39199e-05 9.75380e-01 7.23482e-17 6.45207e-03 
7608.69 2.37779e-05 9.75572e-01 7.85861e-17 6.98251e-03 
7610.00 2.37715e-05 9.75588e-01 7.90963e-17 7.02728e-03 
7612.63 2.37642e-05 9.75620e-01 8.01084e-17 7.11770e-03 
7629.78 2.38211e-05 9.75827e-01 8.70951e-17 7.77613e-03 
7630.00 2.38221e-05 9.75829e-01 8.71945e-17 7.78559e-03 
7647.75 2.37417e-05 9.76044e-01 9.57908e-17 8.54596e-03 
7650.00 2.36863e-05 9.76072e-01 9.67718e-17 8.61613e-03 
7650.69 2.36663e-05 9.76080e-01 9.70668e-17 8.63597e-03 
7662.61 2.32335e-05 9.76227e-01 1.02945e-16 9.00678e-03 
7670.00 2.30852e-05 9.76319e-01 1.08336e-16 9.42796e-03 
7675.51 2.31342e-05 9.76387e-01 1.12555e-16 9.82360e-03 
7687.76 2.34196e-05 9.76536e-01 1.21654e-16 1.07676e-02 
7688.94 2.34351e-05 9.76550e-01 1.22772e-16 1.08755e-02 
7690.00 2.34443e-05 9.76563e-01 1.23814e-16 1.09738e-02 
7696.34 2.34107e-05 9.76637e-01 1.29834e-16 1.15012e-02 
7710.00 2.31605e-05 9.76794e-01 1.38058e-16 1.21224e-02 
7710.63 2.31542e-05 9.76801e-01 1.38567e-16 1.21649e-02 
7718.25 2.31406e-05 9.76887e-01 1.46150e-16 1.28369e-02 
7727.39 2.31583e-05 9.76990e-01 1.54098e-16 1.35628e-02 
7727.77 2.31571e-05 9.76994e-01 1.54473e-16 1.35959e-02 
7730.00 2.31441e-05 9.77019e-01 1.56804e-16 1.37976e-02 
7736.35 2.30519e-05 9.77090e-01 1.64087e-16 1.43937e-02 
7747.78 2.28577e-05 9.77217e-01 1.75121e-16 1.52567e-02 
7750.00 2.28439e-05 9.77241e-01 1.77029e-16 1.54185e-02 
7756.35 2.28758e-05 9.77309e-01 1.84743e-16 1.61271e-02 
7761.25 2.29452e-05 9.77361e-01 1.93550e-16 1.69589e-02 
7766.03 2.30206e-05 9.77410e-01 1.97890e-16 1.74076e-02 
7770.00 2.30702e-05 9.77450e-01 2.01281e-16 1.77539e-02 
7771.87 2.30851e-05 9.77469e-01 2.04174e-16 1.80253e-02 
7776.36 2.30989e-05 9.77512e-01 2.14001e-16 1.89160e-02 
7782.08 2.30834e-05 9.77567e-01 2.20355e-16 1.94799e-02 
7789.22 2.30373e-05 9.77635e-01 2.29258e-16 2.02465e-02 
7790.00 2.30318e-05 9.77642e-01 2.30240e-16 2.03306e-02 
7798.82 2.29713e-05 9.77724e-01 2.41063e-16 2.12561e-02 
7803.99 2.29303e-05 9.77772e-01 2.49744e-16 2.19979e-02 
7804.86 2.29225e-05 9.77780e-01 2.51547e-16 2.21519e-02 
7807.80 2.28936e-05 9.77807e-01 2.57379e-16 2.26461e-02 
7810.00 2.28691e-05 9.77828e-01 2.60312e-16 2.28865e-02 
7814.47 2.28111e-05 9.77870e-01 2.65380e-16 2.32872e-02 
7819.23 2.27428e-05 9.77916e-01 2.74113e-16 2.39972e-02 
7826.09 2.26477e-05 9.77983e-01 2.83045e-16 2.46989e-02 
7830.00 2.26030e-05 9.78022e-01 2.88270e-16 2.51188e-02 
7834.95 2.25629e-05 9.78074e-01 2.95148e-16 2.56901e-02 
7843.05 2.25370e-05 9.78161e-01 3.06169e-16 2.66487e-02 
7843.88 2.25371e-05 9.78170e-01 3.07642e-16 2.67800e-02 
7847.81 2.25436e-05 9.78214e-01 3.14421e-16 2.73930e-02 
7850.00 2.25517e-05 9.78240e-01 3.16974e-16 2.76337e-02 
7853.53 2.25706e-05 9.78281e-01 3.21972e-16 2.81069e-02 
7856.39 2.25893e-05 9.78315e-01 3.28713e-16 2.87305e-02 
7862.10 2.26266e-05 9.78383e-01 3.36506e-16 2.94837e-02 
7867.82 2.26503e-05 9.78451e-01 3.44071e-16 3.02022e-02 
7870.00 2.26523e-05 9.78477e-01 3.46824e-16 3.04558e-02 
7876.39 2.26303e-05 9.78553e-01 3.53642e-16 3.10520e-02 
7883.10 2.25729e-05 9.78630e-01 3.59784e-16 3.15405e-02 
7887.82 2.25196e-05 9.78682e-01 3.64154e-16 3.18690e-02 
7890.00 2.24932e-05 9.78706e-01 3.66309e-16 3.20296e-02 
7897.62 2.23944e-05 9.78786e-01 3.74726e-16 3.26558e-02 
7906.40 2.22539e-05 9.78873e-01 3.85237e-16 3.34012e-02 
7910.00 2.21828e-05 9.78907e-01 3.88978e-16 3.36343e-02 
7918.14 2.19953e-05 9.78981e-01 3.95698e-16 3.39637e-02 
7922.51 2.18944e-05 9.79020e-01 3.98434e-16 3.40617e-02 
7930.00 2.17555e-05 9.79084e-01 4.01866e-16 3.41717e-02 
7950.00 2.17469e-05 9.79252e-01 4.04822e-16 3.45021e-02 
7956.15 2.18348e-05 9.79306e-01 4.04381e-16 3.46325e-02 
7962.13 2.19333e-05 9.79360e-01 4.03510e-16 3.47419e-02 
7970.00 2.20391e-05 9.79436e-01 4.01615e-16 3.47826e-02 
7990.00 2.19909e-05 9.79646e-01 3.91783e-16 3.39491e-02 
7991.67 2.19673e-05 9.79665e-01 3.90571e-16 3.38155e-02 
8001.94 2.17954e-05 9.79780e-01 3.82882e-16 3.29364e-02 
8004.05 2.17619e-05 9.79804e-01 3.81681e-16 3.27921e-02 
8010.00 2.16893e-05 9.79872e-01 3.77581e-16 3.23580e-02 
8012.44 2.16726e-05 9.79900e-01 3.73471e-16 3.19917e-02 
8015.86 2.16599e-05 9.79940e-01 3.65062e-16 3.12677e-02 
8025.96 2.16423e-05 9.80056e-01 3.54250e-16 3.03588e-02 
8030.00 2.16190e-05 9.80103e-01 3.47440e-16 2.97595e-02 
8031.68 2.16031e-05 9.80122e-01 3.44396e-16 2.94839e-02 
8040.89 2.14826e-05 9.80228e-01 3.33309e-16 2.84112e-02 
8041.95 2.14692e-05 9.80240e-01 3.32380e-16 2.83183e-02 
8047.87 2.14172e-05 9.80307e-01 3.23018e-16 2.74762e-02 
8050.00 2.14130e-05 9.80331e-01 3.17087e-16 2.69742e-02 
8050.73 2.14139e-05 9.80339e-01 3.15791e-16 2.68677e-02 
8058.16 2.14683e-05 9.80422e-01 3.08635e-16 2.63521e-02 
8059.31 2.14799e-05 9.80434e-01 3.00469e-16 2.56727e-02 
8066.45 2.15287e-05 9.80512e-01 2.92991e-16 2.51148e-02 
8070.00 2.15171e-05 9.80551e-01 2.88947e-16 2.47668e-02 
8072.64 2.14849e-05 9.80579e-01 2.82909e-16 2.42215e-02 
8077.60 2.13843e-05 9.80632e-01 2.73569e-16 2.33277e-02 
8082.16 2.12725e-05 9.80680e-01 2.68852e-16 2.28197e-02 
8084.46 2.12187e-05 9.80704e-01 2.65788e-16 2.25095e-02 
8087.89 2.11523e-05 9.80740e-01 2.57693e-16 2.17656e-02 
8090.00 2.11243e-05 9.80761e-01 2.50902e-16 2.11700e-02 
8090.75 2.11174e-05 9.80769e-01 2.48803e-16 2.09881e-02 
8098.37 2.11236e-05 9.80847e-01 2.38204e-16 2.01205e-02 
8102.18 2.11617e-05 9.80886e-01 2.28460e-16 1.93421e-02 
8107.89 2.12320e-05 9.80943e-01 2.20904e-16 1.87789e-02 
8110.00 2.12557e-05 9.80964e-01 2.17379e-16 1.85050e-02 
8112.66 2.12802e-05 9.80991e-01 2.11465e-16 1.80287e-02 
8116.47 2.13042e-05 9.81029e-01 2.02246e-16 1.72710e-02 
8122.18 2.13165e-05 9.81086e-01 1.93559e-16 1.65514e-02 
8122.57 2.13163e-05 9.81090e-01 1.93134e-16 1.65157e-02 
8127.90 2.13013e-05 9.81143e-01 1.84795e-16 1.58027e-02 
8130.00 2.12891e-05 9.81164e-01 1.78863e-16 1.52909e-02 
8130.76 2.12838e-05 9.81172e-01 1.76899e-16 1.51207e-02 
8137.43 2.12248e-05 9.81238e-01 1.68619e-16 1.43858e-02 
8143.62 2.11680e-05 9.81299e-01 1.57994e-16 1.34544e-02 
8150.00 2.11338e-05 9.81362e-01 1.51254e-16 1.28704e-02 
8150.76 2.11325e-05 9.81369e-01 1.49863e-16 1.27526e-02 
8153.62 2.11327e-05 9.81397e-01 1.42986e-16 1.21721e-02 
8158.39 2.11382e-05 9.81444e-01 1.33861e-16 1.14055e-02 
8163.18 2.11292e-05 9.81490e-01 1.26856e-16 1.08110e-02 
8165.46 2.11127e-05 9.81512e-01 1.25060e-16 1.06528e-02 
8170.00 2.10427e-05 9.81555e-01 1.24099e-16 1.05421e-02 
8174.58 2.09133e-05 9.81599e-01 1.15819e-16 9.78424e-03 
8176.49 2.08474e-05 9.81617e-01 1.08162e-16 9.11086e-03 
8188.49 2.04475e-05 9.81728e-01 1.00183e-16 8.29001e-03 
8190.00 2.04173e-05 9.81742e-01 1.00116e-16 8.27380e-03 
8197.45 2.03728e-05 9.81811e-01 9.16073e-17 7.56154e-03 
8201.26 2.03940e-05 9.81845e-01 8.34495e-17 6.89880e-03 
8204.00 2.04166e-05 9.81870e-01 7.93927e-17 6.57304e-03 
8210.00 2.04580e-05 9.81924e-01 7.54645e-17 6.26543e-03 
8213.64 2.04618e-05 9.81956e-01 7.38352e-17 6.13421e-03 
8226.03 2.04033e-05 9.82066e-01 6.15906e-17 5.11057e-03 
8230.00 2.03908e-05 9.82101e-01 5.74157e-17 4.76369e-03 
8236.51 2.04031e-05 9.82157e-01 5.17071e-17 4.29629e-03 
8245.02 2.04623e-05 9.82230e-01 4.64145e-17 3.87200e-03 
8250.00 2.05058e-05 9.82272e-01 4.40074e-17 3.68138e-03 
8256.10 2.05556e-05 9.82324e-01 4.11960e-17 3.45731e-03 
8270.00 2.06185e-05 9.82441e-01 3.42859e-17 2.89140e-03 
8270.80 2.06188e-05 9.82448e-01 3.39167e-17 2.86061e-03 
8286.24 2.05277e-05 9.82580e-01 2.80261e-17 2.35805e-03 
8290.00 2.04736e-05 9.82613e-01 2.67630e-17 2.24693e-03 
8290.40 2.04670e-05 9.82616e-01 2.66285e-17 2.23503e-03 
8310.00 2.00827e-05 9.82784e-01 2.02290e-17 1.67024e-03 
8313.67 2.00307e-05 9.82814e-01 1.91934e-17 1.58138e-03 
8327.67 1.99344e-05 9.82920e-01 1.60265e-17 1.31646e-03 
8330.00 1.99303e-05 9.82936e-01 1.56003e-17 1.28156e-03 
8350.00 1.99990e-05 9.83056e-01 1.26368e-17 1.04432e-03 
8356.54 2.00565e-05 9.83091e-01 1.17920e-17 9.78103e-04 
8369.31 2.00561e-05 9.83160e-01 1.01145e-17 8.40290e-04 
8370.00 2.00468e-05 9.83164e-01 1.00238e-17 8.32434e-04 
8390.00 1.96592e-05 9.83281e-01 7.49595e-18 6.12006e-04 
8407.99 1.98994e-05 9.83406e-01 5.62809e-18 4.66176e-04 
8410.00 1.99032e-05 9.83421e-01 5.45682e-18 4.52190e-04 
8411.16 1.98981e-05 9.83430e-01 5.36211e-18 4.44294e-04 
8430.00 1.95177e-05 9.83589e-01 4.16858e-18 3.39611e-04 
8450.00 1.95799e-05 9.83771e-01 3.44282e-18 2.82096e-04 
8453.21 1.95727e-05 9.83800e-01 3.36042e-18 2.75358e-04 
8455.46 1.95586e-05 9.83820e-01 3.30662e-18 2.70831e-04 
8470.00 1.94203e-05 9.83948e-01 3.01732e-18 2.45842e-04 
8490.00 1.91760e-05 9.84110e-01 2.71780e-18 2.19205e-04 
8495.48 1.89088e-05 9.84150e-01 2.64103e-18 2.10189e-04 
8503.23 1.84969e-05 9.84204e-01 2.52734e-18 1.96950e-04 
8510.00 1.83179e-05 9.84247e-01 2.41822e-18 1.86780e-04 
8530.00 1.88394e-05 9.84350e-01 1.99307e-18 1.58713e-04 
8537.96 1.85456e-05 9.84380e-01 1.76110e-18 1.38186e-04 
8550.00 1.62738e-05 9.84412e-01 1.31679e-18 9.07971e-05 
8562.32 1.03781e-05 9.84425e-01 7.20621e-19 3.17337e-05 
