##### EXOPHOT SPECTRAL OVERLAP FILE #####
# Date: 23/02/2022 14:35:21
# SED file: SED_g2v.txt
# atmosphere file: atm_g2v_hzo_os1.txt
# photopigment file: BChlB.txt
# Stellar radius (Rs in km): 6.963400e+05
# Exoplanet orbit semi-major axis (sma in km): 1.672066e+08
# Total absorption rate (gamma_t in s-1): 1.10371e+01
# B band absorption rate (gamma_B in s-1): 3.56604e+00
# Q band absorption rate (gamma_Q in s-1): 7.47109e+00
# B-Q bands cut-off (in nm): 500
# photosynthetic photon flux density [ppfd in micromol photon m-2 s-1]: 1.66029e+03
# Total Stellar Irradiance (S in W m-2): 1.07502e+03
# -------------------------------------------------
# Col 1: Wavelength (wl in Angstrom) 
# Col 2: Spectral Flux Density (F_l in J cm-2 s-1 A-1) 
# Col 3: Atmosphere transmitance (T, no units) 
# Col 4: Pigment absorption cross section (sigma_abs in cm2) 
# Col 5: Spectral Absorption Rate (Gamma_lambda in A-1 s-1)
3041.74 4.30425e-06 8.53688e-02 8.07474e-17 4.54329e-05 
3050.00 5.45207e-06 1.13900e-01 8.23128e-17 7.84831e-05 
3055.94 5.82568e-06 1.30430e-01 8.35225e-17 9.76328e-05 
3070.00 5.76852e-06 1.61797e-01 8.65959e-17 1.24909e-04 
3071.22 5.72925e-06 1.64290e-01 8.68741e-17 1.26425e-04 
3072.03 5.70229e-06 1.65928e-01 8.70577e-17 1.27387e-04 
3086.58 5.32357e-06 1.97880e-01 9.04505e-17 1.48053e-04 
3090.00 5.34673e-06 2.06744e-01 9.12576e-17 1.56918e-04 
3102.01 5.84923e-06 2.37690e-01 9.40740e-17 2.04242e-04 
3103.47 5.92108e-06 2.40859e-01 9.44103e-17 2.10355e-04 
3110.00 6.15955e-06 2.53338e-01 9.59003e-17 2.34289e-04 
3117.52 6.15620e-06 2.66580e-01 9.75529e-17 2.51254e-04 
3130.00 5.77170e-06 2.91829e-01 1.00072e-16 2.65590e-04 
3133.11 5.67010e-06 2.98410e-01 1.00644e-16 2.68590e-04 
3146.34 5.47330e-06 3.25443e-01 1.02756e-16 2.89909e-04 
3148.77 5.50134e-06 3.30230e-01 1.03082e-16 2.96846e-04 
3150.00 5.52539e-06 3.32609e-01 1.03237e-16 3.00861e-04 
3164.52 6.01872e-06 3.58280e-01 1.04733e-16 3.59785e-04 
3170.00 6.05290e-06 3.66151e-01 1.05161e-16 3.71930e-04 
3180.34 5.63980e-06 3.79240e-01 1.05823e-16 3.62372e-04 
3190.00 5.34937e-06 3.91788e-01 1.06332e-16 3.57875e-04 
3196.24 5.52694e-06 4.01550e-01 1.06637e-16 3.80798e-04 
3206.35 5.93882e-06 4.19468e-01 1.07143e-16 4.30822e-04 
3210.00 5.93438e-06 4.24422e-01 1.07342e-16 4.36887e-04 
3212.22 5.85693e-06 4.26530e-01 1.07468e-16 4.34136e-04 
3228.29 4.86945e-06 4.31940e-01 1.08486e-16 3.70829e-04 
3230.00 4.86517e-06 4.33840e-01 1.08606e-16 3.72741e-04 
3244.43 6.14168e-06 4.58880e-01 1.09682e-16 5.04876e-04 
3250.00 6.84092e-06 4.65211e-01 1.10130e-16 5.73427e-04 
3260.65 7.77754e-06 4.71020e-01 1.11030e-16 6.67651e-04 
3269.23 8.11990e-06 4.75327e-01 1.11793e-16 7.10111e-04 
3270.00 8.13357e-06 4.75831e-01 1.11862e-16 7.12672e-04 
3276.95 8.14689e-06 4.81890e-01 1.12503e-16 7.28617e-04 
3290.00 7.84544e-06 4.97885e-01 1.13750e-16 7.35896e-04 
3293.34 7.74858e-06 5.00510e-01 1.14076e-16 7.33483e-04 
3309.80 7.39855e-06 5.03420e-01 1.15723e-16 7.18163e-04 
3310.00 7.39668e-06 5.03528e-01 1.15743e-16 7.18301e-04 
3326.35 7.45340e-06 5.19280e-01 1.17417e-16 7.60993e-04 
3330.00 7.50665e-06 5.21063e-01 1.17793e-16 7.72369e-04 
3332.11 7.54047e-06 5.21613e-01 1.18011e-16 7.78595e-04 
3342.98 7.57564e-06 5.23840e-01 1.19139e-16 7.95662e-04 
3350.00 7.26242e-06 5.28699e-01 1.19882e-16 7.76269e-04 
3359.70 6.27702e-06 5.36060e-01 1.20949e-16 6.88326e-04 
3370.00 5.46843e-06 5.38447e-01 1.22156e-16 6.10203e-04 
3376.50 5.55786e-06 5.39860e-01 1.22969e-16 6.27154e-04 
3386.41 6.19153e-06 5.45942e-01 1.24304e-16 7.16297e-04 
3390.00 6.39330e-06 5.48487e-01 1.24820e-16 7.46961e-04 
3393.38 6.50817e-06 5.50570e-01 1.25323e-16 7.67108e-04 
3410.00 6.52699e-06 5.56193e-01 1.28068e-16 7.98099e-04 
3410.35 6.52809e-06 5.56320e-01 1.28131e-16 7.98887e-04 
3427.40 6.85021e-06 5.64270e-01 1.31507e-16 8.77057e-04 
3428.47 6.87516e-06 5.64673e-01 1.31739e-16 8.82708e-04 
3430.00 6.90927e-06 5.65204e-01 1.32078e-16 8.90605e-04 
3444.54 7.12424e-06 5.69540e-01 1.35760e-16 9.55186e-04 
3450.00 7.17633e-06 5.71968e-01 1.37482e-16 9.80081e-04 
3455.00 7.22337e-06 5.74539e-01 1.39286e-16 1.00540e-03 
3461.76 7.30368e-06 5.77930e-01 1.42086e-16 1.04517e-03 
3470.00 7.46175e-06 5.81231e-01 1.45850e-16 1.10496e-03 
3472.72 7.53528e-06 5.82187e-01 1.47122e-16 1.12833e-03 
3479.07 7.74559e-06 5.84400e-01 1.50073e-16 1.18974e-03 
3490.00 8.19614e-06 5.88596e-01 1.55244e-16 1.31580e-03 
3491.34 8.25573e-06 5.89117e-01 1.55899e-16 1.33265e-03 
3496.46 8.47044e-06 5.91040e-01 1.58469e-16 1.39643e-03 
3507.02 8.65195e-06 5.94583e-01 1.64442e-16 1.49348e-03 
3510.00 8.58666e-06 5.95549e-01 1.66360e-16 1.50321e-03 
3513.95 8.40408e-06 5.96860e-01 1.68943e-16 1.49907e-03 
3523.60 7.87608e-06 6.00304e-01 1.74284e-16 1.46167e-03 
3530.00 7.86410e-06 6.02652e-01 1.76364e-16 1.48533e-03 
3531.51 7.94016e-06 6.03200e-01 1.76801e-16 1.50542e-03 
3543.60 9.02762e-06 6.07387e-01 1.83095e-16 1.79095e-03 
3549.17 9.22241e-06 6.09230e-01 1.88934e-16 1.89665e-03 
3550.00 9.20407e-06 6.09500e-01 1.89819e-16 1.90303e-03 
3552.18 9.08620e-06 6.10208e-01 1.91975e-16 1.90337e-03 
3566.47 7.05781e-06 6.14657e-01 2.00470e-16 1.56140e-03 
3566.92 6.99384e-06 6.14790e-01 2.00746e-16 1.54991e-03 
3570.00 6.61742e-06 6.15688e-01 2.02839e-16 1.48522e-03 
3578.72 6.23768e-06 6.18084e-01 2.09463e-16 1.45488e-03 
3584.75 6.40613e-06 6.19600e-01 2.13534e-16 1.52953e-03 
3590.00 6.69546e-06 6.20831e-01 2.17381e-16 1.63302e-03 
3592.19 6.82977e-06 6.21344e-01 2.19309e-16 1.68297e-03 
3602.68 7.45603e-06 6.24120e-01 2.30312e-16 1.94375e-03 
3603.62 7.50587e-06 6.24417e-01 2.31180e-16 1.96557e-03 
3610.00 7.78364e-06 6.26649e-01 2.35857e-16 2.09068e-03 
3617.91 7.95138e-06 6.29829e-01 2.41789e-16 2.20538e-03 
3620.69 7.96789e-06 6.31010e-01 2.44685e-16 2.24234e-03 
3626.49 7.94517e-06 6.33511e-01 2.50868e-16 2.30522e-03 
3630.00 7.90042e-06 6.35017e-01 2.53633e-16 2.32526e-03 
3638.79 7.94315e-06 6.38580e-01 2.58982e-16 2.40635e-03 
3639.96 8.01588e-06 6.39017e-01 2.59819e-16 2.43868e-03 
3640.00 8.01880e-06 6.39032e-01 2.59849e-16 2.43993e-03 
3650.00 9.18777e-06 6.42454e-01 2.68878e-16 2.91625e-03 
3651.39 9.32350e-06 6.42900e-01 2.70064e-16 2.97557e-03 
3656.99 9.64778e-06 6.44660e-01 2.73908e-16 3.13624e-03 
3669.36 9.50611e-06 6.48538e-01 2.79185e-16 3.17939e-03 
3670.00 9.48084e-06 6.48738e-01 2.79416e-16 3.17509e-03 
3675.27 9.25832e-06 6.50370e-01 2.81309e-16 3.13393e-03 
3690.00 9.00310e-06 6.54820e-01 2.86183e-16 3.13405e-03 
3693.65 9.14164e-06 6.55910e-01 2.87178e-16 3.20183e-03 
3707.00 9.56953e-06 6.59895e-01 2.89564e-16 3.41237e-03 
3710.00 9.43462e-06 6.60784e-01 2.89759e-16 3.37379e-03 
3712.12 9.24953e-06 6.61410e-01 2.89817e-16 3.31328e-03 
3730.00 6.82783e-06 6.66625e-01 2.88027e-16 2.46167e-03 
3730.68 6.78260e-06 6.66820e-01 2.87891e-16 2.44537e-03 
3749.33 7.64028e-06 6.72120e-01 2.82810e-16 2.74112e-03 
3749.38 7.64549e-06 6.72134e-01 2.82794e-16 2.74292e-03 
3750.00 7.70813e-06 6.72306e-01 2.82592e-16 2.76459e-03 
3768.08 9.22842e-06 6.77090e-01 2.76072e-16 3.27219e-03 
3770.00 9.31646e-06 6.77554e-01 2.75314e-16 3.29828e-03 
3771.61 9.37403e-06 6.77935e-01 2.74671e-16 3.31419e-03 
3786.92 9.57404e-06 6.81330e-01 2.68285e-16 3.33625e-03 
3789.39 9.62231e-06 6.81864e-01 2.67231e-16 3.34470e-03 
3790.00 9.63778e-06 6.81995e-01 2.66973e-16 3.34802e-03 
3805.85 9.76639e-06 6.85850e-01 2.59745e-16 3.33339e-03 
3806.54 9.71690e-06 6.86050e-01 2.59387e-16 3.31349e-03 
3810.00 9.33701e-06 6.87097e-01 2.57529e-16 3.16885e-03 
3817.98 7.71245e-06 6.89715e-01 2.53363e-16 2.59037e-03 
3824.88 6.22248e-06 6.92030e-01 2.50453e-16 2.07662e-03 
3830.00 5.61137e-06 6.93671e-01 2.48323e-16 1.86364e-03 
3832.27 5.57045e-06 6.94374e-01 2.47260e-16 1.84508e-03 
3844.01 6.83022e-06 6.97820e-01 2.40558e-16 2.21874e-03 
3846.56 7.18445e-06 6.98533e-01 2.39128e-16 2.32384e-03 
3850.00 7.55976e-06 6.99481e-01 2.37363e-16 2.43266e-03 
3863.23 7.60392e-06 7.02990e-01 2.31401e-16 2.40561e-03 
3863.70 7.58487e-06 7.03114e-01 2.31180e-16 2.39800e-03 
3870.00 7.37930e-06 7.04733e-01 2.28108e-16 2.31107e-03 
3880.85 7.66291e-06 7.07477e-01 2.22813e-16 2.35991e-03 
3882.54 7.79455e-06 7.07900e-01 2.22068e-16 2.39490e-03 
3890.00 8.67411e-06 7.09758e-01 2.19130e-16 2.64186e-03 
3900.86 1.03324e-05 7.12432e-01 2.15648e-16 3.11726e-03 
3901.96 1.04368e-05 7.12700e-01 2.15335e-16 3.14625e-03 
3910.00 1.02425e-05 7.14655e-01 2.13213e-16 3.07197e-03 
3921.46 6.97136e-06 7.17420e-01 2.10726e-16 2.08057e-03 
3930.00 5.38993e-06 7.19477e-01 2.09288e-16 1.60569e-03 
3938.01 6.66107e-06 7.21422e-01 2.08261e-16 1.98400e-03 
3941.07 7.50500e-06 7.22170e-01 2.07951e-16 2.23609e-03 
3950.00 9.17055e-06 7.24351e-01 2.07310e-16 2.73832e-03 
3960.78 7.49641e-06 7.26800e-01 2.07052e-16 2.24932e-03 
3970.00 6.32821e-06 7.28616e-01 2.07278e-16 1.91006e-03 
3980.58 9.10346e-06 7.30710e-01 2.08042e-16 2.77315e-03 
3990.00 1.24601e-05 7.32880e-01 2.09174e-16 3.83671e-03 
3991.36 1.27810e-05 7.33213e-01 2.09373e-16 3.94238e-03 
4000.48 1.36376e-05 7.35480e-01 2.11134e-16 4.26483e-03 
4010.00 1.33341e-05 7.37793e-01 2.14703e-16 4.26385e-03 
4015.59 1.32052e-05 7.39113e-01 2.18167e-16 4.30446e-03 
4020.49 1.31797e-05 7.40250e-01 2.22095e-16 4.38554e-03 
4023.75 1.31843e-05 7.40999e-01 2.24747e-16 4.44757e-03 
4030.00 1.31859e-05 7.42413e-01 2.29071e-16 4.54940e-03 
4035.19 1.31333e-05 7.43572e-01 2.32278e-16 4.60777e-03 
4040.59 1.30159e-05 7.44770e-01 2.35771e-16 4.64897e-03 
4045.48 1.28571e-05 7.45847e-01 2.39369e-16 4.67469e-03 
4050.00 1.26673e-05 7.46838e-01 2.43171e-16 4.69028e-03 
4055.19 1.24165e-05 7.47966e-01 2.47548e-16 4.69326e-03 
4060.79 1.21987e-05 7.49170e-01 2.51545e-16 4.69943e-03 
4067.80 1.21837e-05 7.50655e-01 2.55202e-16 4.77956e-03 
4070.00 1.22725e-05 7.51117e-01 2.56026e-16 4.83551e-03 
4081.10 1.33038e-05 7.53430e-01 2.58342e-16 5.32003e-03 
4089.44 1.40098e-05 7.55159e-01 2.58928e-16 5.63946e-03 
4090.00 1.40342e-05 7.55274e-01 2.58957e-16 5.65154e-03 
4101.50 1.38766e-05 7.57640e-01 2.59175e-16 5.62608e-03 
4110.00 1.35201e-05 7.59372e-01 2.58210e-16 5.48494e-03 
4122.01 1.35350e-05 7.61810e-01 2.53690e-16 5.42801e-03 
4128.19 1.36363e-05 7.63064e-01 2.49340e-16 5.39180e-03 
4130.00 1.36549e-05 7.63427e-01 2.47760e-16 5.36984e-03 
4138.08 1.36436e-05 7.65016e-01 2.39729e-16 5.21246e-03 
4142.62 1.36093e-05 7.65870e-01 2.35167e-16 5.11170e-03 
4146.65 1.35914e-05 7.66598e-01 2.31214e-16 5.02884e-03 
4150.00 1.36006e-05 7.67187e-01 2.27999e-16 4.97009e-03 
4155.14 1.36681e-05 7.68081e-01 2.23511e-16 4.90822e-03 
4160.94 1.37644e-05 7.69099e-01 2.15810e-16 4.78548e-03 
4163.33 1.37909e-05 7.69530e-01 2.08958e-16 4.64772e-03 
4163.80 1.37943e-05 7.69615e-01 2.07726e-16 4.62249e-03 
4170.00 1.37568e-05 7.70780e-01 2.00804e-16 4.46972e-03 
4171.42 1.37205e-05 7.71054e-01 2.00253e-16 4.44879e-03 
4180.37 1.33343e-05 7.72813e-01 1.92693e-16 4.17878e-03 
4184.15 1.31629e-05 7.73560e-01 1.88175e-16 4.03587e-03 
4188.38 1.30264e-05 7.74393e-01 1.83247e-16 3.89755e-03 
4190.00 1.29994e-05 7.74711e-01 1.81580e-16 3.85717e-03 
4200.14 1.31247e-05 7.76681e-01 1.73096e-16 3.73084e-03 
4205.07 1.32329e-05 7.77630e-01 1.68958e-16 3.68046e-03 
4210.00 1.32622e-05 7.78573e-01 1.64541e-16 3.60074e-03 
4211.43 1.32449e-05 7.78845e-01 1.63218e-16 3.56964e-03 
4220.39 1.29503e-05 7.80530e-01 1.55226e-16 3.33357e-03 
4226.10 1.27396e-05 7.81580e-01 1.51121e-16 3.20125e-03 
4230.00 1.26605e-05 7.82286e-01 1.48434e-16 3.13050e-03 
4232.39 1.26547e-05 7.82714e-01 1.46658e-16 3.09505e-03 
4245.86 1.28780e-05 7.85067e-01 1.35235e-16 2.92236e-03 
4247.23 1.28867e-05 7.85300e-01 1.34246e-16 2.90474e-03 
4250.00 1.28748e-05 7.85774e-01 1.32419e-16 2.86616e-03 
4261.54 1.24164e-05 7.87739e-01 1.26351e-16 2.65124e-03 
4268.46 1.20534e-05 7.88930e-01 1.22805e-16 2.50934e-03 
4270.00 1.19869e-05 7.89198e-01 1.21997e-16 2.48079e-03 
4280.03 1.16457e-05 7.90967e-01 1.16761e-16 2.31734e-03 
4289.80 1.09258e-05 7.92700e-01 1.11965e-16 2.09414e-03 
4290.00 1.09023e-05 7.92735e-01 1.11872e-16 2.08807e-03 
4295.27 1.01513e-05 7.93657e-01 1.09387e-16 1.90561e-03 
4309.56 9.04912e-06 7.96097e-01 1.02819e-16 1.60695e-03 
4310.00 9.08591e-06 7.96171e-01 1.02622e-16 1.61071e-03 
4311.25 9.22439e-06 7.96380e-01 1.02067e-16 1.62730e-03 
4326.71 1.27322e-05 7.98908e-01 9.55816e-17 2.11766e-03 
4330.00 1.32475e-05 7.99443e-01 9.42970e-17 2.17685e-03 
4332.81 1.34454e-05 7.99900e-01 9.32278e-17 2.18699e-03 
4346.71 1.27225e-05 8.02179e-01 8.82213e-17 1.97016e-03 
4350.00 1.26163e-05 8.02715e-01 8.70885e-17 1.93138e-03 
4354.47 1.27640e-05 8.03440e-01 8.55629e-17 1.92346e-03 
4370.00 1.39360e-05 8.05880e-01 8.02212e-17 1.98199e-03 
4371.80 1.39278e-05 8.06153e-01 7.95797e-17 1.96646e-03 
4376.25 1.37155e-05 8.06820e-01 7.79691e-17 1.90080e-03 
4390.00 1.26563e-05 8.08799e-01 7.31177e-17 1.65408e-03 
4392.85 1.26156e-05 8.09196e-01 7.22138e-17 1.63024e-03 
4398.13 1.27716e-05 8.09920e-01 7.06835e-17 1.61882e-03 
4410.00 1.36749e-05 8.11407e-01 6.77153e-17 1.66807e-03 
4418.98 1.42899e-05 8.12128e-01 6.56247e-17 1.69421e-03 
4420.12 1.43490e-05 8.12180e-01 6.53550e-17 1.69477e-03 
4430.00 1.46331e-05 8.12338e-01 6.29343e-17 1.66835e-03 
4442.22 1.44872e-05 8.12830e-01 5.98517e-17 1.57609e-03 
4448.65 1.44580e-05 8.13708e-01 5.82438e-17 1.53454e-03 
4450.00 1.44765e-05 8.13947e-01 5.79108e-17 1.52863e-03 
4464.43 1.50812e-05 8.17120e-01 5.44684e-17 1.50853e-03 
4470.00 1.52589e-05 8.18407e-01 5.31939e-17 1.49480e-03 
4483.90 1.52483e-05 8.21396e-01 5.01383e-17 1.41750e-03 
4486.75 1.52995e-05 8.21960e-01 4.95323e-17 1.40693e-03 
4490.00 1.54367e-05 8.22578e-01 4.88519e-17 1.40211e-03 
4509.19 1.68828e-05 8.25810e-01 4.51130e-17 1.42773e-03 
4510.00 1.68840e-05 8.25936e-01 4.49672e-17 1.42370e-03 
4523.91 1.58162e-05 8.27983e-01 4.26864e-17 1.27306e-03 
4530.00 1.53063e-05 8.28833e-01 4.18253e-17 1.21003e-03 
4531.73 1.52254e-05 8.29070e-01 4.15955e-17 1.19783e-03 
4550.00 1.58111e-05 8.31462e-01 3.95192e-17 1.19000e-03 
4554.39 1.61247e-05 8.32000e-01 3.91002e-17 1.20267e-03 
4570.00 1.67449e-05 8.33796e-01 3.77876e-17 1.21375e-03 
4577.16 1.64808e-05 8.34580e-01 3.72509e-17 1.18060e-03 
4578.21 1.64215e-05 8.34694e-01 3.71742e-17 1.17436e-03 
4590.00 1.58404e-05 8.35967e-01 3.63441e-17 1.11205e-03 
4600.05 1.59356e-05 8.37070e-01 3.56736e-17 1.10195e-03 
4610.00 1.61994e-05 8.38207e-01 3.50380e-17 1.10411e-03 
4623.05 1.60946e-05 8.39790e-01 3.42394e-17 1.07703e-03 
4630.00 1.59751e-05 8.40683e-01 3.38265e-17 1.05885e-03 
4641.09 1.59661e-05 8.42143e-01 3.31808e-17 1.04235e-03 
4646.16 1.60330e-05 8.42810e-01 3.28894e-17 1.03948e-03 
4650.00 1.61066e-05 8.43307e-01 3.26702e-17 1.03876e-03 
4669.39 1.65060e-05 8.45380e-01 3.15775e-17 1.03575e-03 
4670.00 1.65106e-05 8.45424e-01 3.15437e-17 1.03512e-03 
4690.00 1.61808e-05 8.46352e-01 3.04374e-17 9.84139e-04 
4692.74 1.60722e-05 8.46460e-01 3.02870e-17 9.73389e-04 
4703.97 1.56544e-05 8.47027e-01 2.96724e-17 9.31692e-04 
4710.00 1.55875e-05 8.47419e-01 2.93433e-17 9.19025e-04 
4716.20 1.57182e-05 8.47890e-01 2.90067e-17 9.17821e-04 
4730.00 1.62921e-05 8.49001e-01 2.82721e-17 9.31166e-04 
4739.79 1.64971e-05 8.49380e-01 2.77693e-17 9.28443e-04 
4750.00 1.65432e-05 8.49137e-01 2.72672e-17 9.15914e-04 
4763.48 1.65585e-05 8.48950e-01 2.66503e-17 8.98369e-04 
4766.84 1.65596e-05 8.49127e-01 2.65062e-17 8.94387e-04 
4770.00 1.65593e-05 8.49393e-01 2.63748e-17 8.90800e-04 
4787.30 1.64970e-05 8.52090e-01 2.57161e-17 8.71182e-04 
4790.00 1.64703e-05 8.52627e-01 2.56221e-17 8.67627e-04 
4810.00 1.62974e-05 8.56784e-01 2.49884e-17 8.44885e-04 
4811.24 1.63060e-05 8.57030e-01 2.49525e-17 8.44574e-04 
4829.72 1.65128e-05 8.60151e-01 2.44525e-17 8.44432e-04 
4830.00 1.65117e-05 8.60189e-01 2.44454e-17 8.44217e-04 
4835.29 1.64351e-05 8.60840e-01 2.43131e-17 8.37300e-04 
4850.00 1.55442e-05 8.62143e-01 2.39565e-17 7.83855e-04 
4859.47 1.44861e-05 8.62930e-01 2.37245e-17 7.25499e-04 
4870.00 1.38837e-05 8.64046e-01 2.34528e-17 6.89744e-04 
4883.77 1.50783e-05 8.65600e-01 2.30575e-17 7.39877e-04 
4890.00 1.56950e-05 8.66211e-01 2.28576e-17 7.64978e-04 
4892.60 1.58482e-05 8.66449e-01 2.27696e-17 7.70091e-04 
4908.19 1.57535e-05 8.67850e-01 2.21811e-17 7.49288e-04 
4910.00 1.56929e-05 8.68027e-01 2.21063e-17 7.44316e-04 
4930.00 1.53675e-05 8.70180e-01 2.12046e-17 7.03741e-04 
4932.73 1.54083e-05 8.70480e-01 2.10718e-17 7.01819e-04 
4950.00 1.59603e-05 8.72208e-01 2.01844e-17 7.00175e-04 
4955.48 1.61086e-05 8.72651e-01 1.98887e-17 6.97450e-04 
4957.39 1.61455e-05 8.72790e-01 1.97838e-17 6.95740e-04 
4970.00 1.61048e-05 8.73520e-01 1.90772e-17 6.71463e-04 
4982.18 1.55274e-05 8.74150e-01 1.83724e-17 6.25452e-04 
4990.00 1.50418e-05 8.74590e-01 1.79111e-17 5.91903e-04 
5007.09 1.43981e-05 8.74230e-01 1.68881e-17 5.35822e-04 
5010.00 1.44209e-05 8.73800e-01 1.67128e-17 5.31145e-04 
5018.35 1.47345e-05 8.71925e-01 1.62091e-17 5.26089e-04 
5030.00 1.52387e-05 8.68200e-01 1.55084e-17 5.19547e-04 
5032.12 1.52713e-05 8.67440e-01 1.53810e-17 5.16147e-04 
5050.00 1.52135e-05 8.61755e-01 1.43187e-17 4.77236e-04 
5057.29 1.54361e-05 8.60840e-01 1.38922e-17 4.69973e-04 
5070.00 1.57907e-05 8.62443e-01 1.31602e-17 4.57432e-04 
5081.23 1.54678e-05 8.66184e-01 1.25295e-17 4.29403e-04 
5082.57 1.54118e-05 8.66710e-01 1.24552e-17 4.25683e-04 
5090.00 1.51807e-05 8.69743e-01 1.20503e-17 4.07680e-04 
5107.98 1.53933e-05 8.76680e-01 1.11356e-17 3.86419e-04 
5110.00 1.54084e-05 8.77309e-01 1.10411e-17 3.83943e-04 
5130.00 1.50451e-05 8.81683e-01 1.02261e-17 3.50315e-04 
5133.52 1.49835e-05 8.82200e-01 1.01097e-17 3.45349e-04 
5144.11 1.47677e-05 8.83493e-01 9.81975e-18 3.31780e-04 
5150.00 1.45045e-05 8.84074e-01 9.69978e-18 3.22467e-04 
5159.19 1.37948e-05 8.84830e-01 9.56810e-18 3.03323e-04 
5170.00 1.29960e-05 8.85558e-01 9.48724e-18 2.84172e-04 
5184.99 1.29464e-05 8.86420e-01 9.47734e-18 2.83888e-04 
5190.00 1.31973e-05 8.86698e-01 9.49368e-18 2.90260e-04 
5206.98 1.44107e-05 8.87517e-01 9.59156e-18 3.21559e-04 
5210.00 1.45513e-05 8.87622e-01 9.61256e-18 3.25633e-04 
5210.91 1.45826e-05 8.87650e-01 9.61905e-18 3.26623e-04 
5230.00 1.48006e-05 8.87880e-01 9.78098e-18 3.38409e-04 
5236.97 1.50979e-05 8.87810e-01 9.85937e-18 3.48408e-04 
5250.00 1.52563e-05 8.87528e-01 1.00478e-17 3.59571e-04 
5263.15 1.39612e-05 8.87250e-01 1.03090e-17 3.38342e-04 
5269.86 1.35219e-05 8.87186e-01 1.04758e-17 3.33396e-04 
5270.00 1.35193e-05 8.87185e-01 1.04796e-17 3.33462e-04 
5289.47 1.50596e-05 8.87240e-01 1.10982e-17 3.94861e-04 
5290.00 1.51119e-05 8.87244e-01 1.11174e-17 3.96960e-04 
5310.00 1.55989e-05 8.87560e-01 1.19033e-17 4.40533e-04 
5315.92 1.51309e-05 8.87790e-01 1.21521e-17 4.36845e-04 
5330.00 1.41063e-05 8.88678e-01 1.27548e-17 4.29022e-04 
5332.74 1.41147e-05 8.88887e-01 1.28718e-17 4.33541e-04 
5342.50 1.46449e-05 8.89660e-01 1.32835e-17 4.65469e-04 
5350.00 1.51175e-05 8.90244e-01 1.35898e-17 4.92582e-04 
5369.21 1.50864e-05 8.91860e-01 1.43026e-17 5.20150e-04 
5370.00 1.50747e-05 8.91936e-01 1.43291e-17 5.20831e-04 
5390.00 1.49000e-05 8.92929e-01 1.48944e-17 5.37698e-04 
5395.61 1.47527e-05 8.92333e-01 1.50111e-17 5.36755e-04 
5396.05 1.47392e-05 8.92260e-01 1.50194e-17 5.36558e-04 
5410.00 1.43958e-05 8.88614e-01 1.52198e-17 5.30248e-04 
5423.03 1.45668e-05 8.85840e-01 1.53238e-17 5.39824e-04 
5430.00 1.47695e-05 8.85872e-01 1.53581e-17 5.49287e-04 
5450.00 1.51239e-05 8.88754e-01 1.54287e-17 5.68977e-04 
5450.15 1.51237e-05 8.88770e-01 1.54293e-17 5.69017e-04 
5458.49 1.50415e-05 8.89221e-01 1.54675e-17 5.68481e-04 
5470.00 1.48452e-05 8.89325e-01 1.55519e-17 5.65378e-04 
5477.40 1.47747e-05 8.89760e-01 1.56359e-17 5.66780e-04 
5490.00 1.47446e-05 8.91938e-01 1.58546e-17 5.76260e-04 
5504.79 1.47375e-05 8.95080e-01 1.62715e-17 5.94808e-04 
5510.00 1.47393e-05 8.95864e-01 1.64691e-17 6.03202e-04 
5521.37 1.47662e-05 8.96913e-01 1.70078e-17 6.26089e-04 
5530.00 1.48341e-05 8.97365e-01 1.75246e-17 6.49422e-04 
5532.31 1.48625e-05 8.97470e-01 1.76783e-17 6.56722e-04 
5550.00 1.50091e-05 8.98230e-01 1.90496e-17 7.17536e-04 
5559.97 1.48471e-05 8.98510e-01 1.99573e-17 7.45178e-04 
5570.00 1.45692e-05 8.98594e-01 2.09522e-17 7.69144e-04 
5575.67 1.44170e-05 8.98565e-01 2.15466e-17 7.83476e-04 
5587.77 1.42495e-05 8.98370e-01 2.29290e-17 8.25664e-04 
5590.00 1.42575e-05 8.98320e-01 2.32150e-17 8.36718e-04 
5610.00 1.46721e-05 8.97691e-01 2.66143e-17 9.89968e-04 
5615.71 1.47286e-05 8.97440e-01 2.79646e-17 1.04497e-03 
5619.18 1.47377e-05 8.97271e-01 2.88896e-17 1.08066e-03 
5630.00 1.47250e-05 8.96754e-01 3.22380e-17 1.20650e-03 
5643.79 1.47339e-05 8.96450e-01 3.67615e-17 1.37953e-03 
5644.26 1.47321e-05 8.96453e-01 3.69080e-17 1.38498e-03 
5650.00 1.46817e-05 8.96519e-01 3.86174e-17 1.44574e-03 
5665.09 1.43805e-05 8.95564e-01 4.33027e-17 1.59043e-03 
5670.00 1.43417e-05 8.94356e-01 4.51595e-17 1.65336e-03 
5672.01 1.43483e-05 8.93670e-01 4.59706e-17 1.68313e-03 
5689.04 1.45325e-05 8.84842e-01 5.33631e-17 1.96521e-03 
5690.00 1.45264e-05 8.84326e-01 5.37769e-17 1.97880e-03 
5700.37 1.43060e-05 8.80060e-01 5.80291e-17 2.09653e-03 
5710.00 1.42351e-05 8.79226e-01 6.15727e-17 2.21517e-03 
5711.63 1.42732e-05 8.79319e-01 6.21285e-17 2.24204e-03 
5728.87 1.50067e-05 8.81170e-01 6.79837e-17 2.59264e-03 
5730.00 1.50244e-05 8.81201e-01 6.84322e-17 2.61343e-03 
5732.86 1.50279e-05 8.81176e-01 6.96439e-17 2.66158e-03 
5750.00 1.45626e-05 8.79583e-01 7.81106e-17 2.89612e-03 
5750.01 1.45624e-05 8.79582e-01 7.81155e-17 2.89627e-03 
5757.52 1.45651e-05 8.79250e-01 8.12323e-17 3.01518e-03 
5770.00 1.46785e-05 8.80700e-01 8.49630e-17 3.19035e-03 
5786.30 1.43331e-05 8.85570e-01 8.75439e-17 3.23678e-03 
5790.00 1.42790e-05 8.86974e-01 8.78310e-17 3.24235e-03 
5805.79 1.44690e-05 8.93106e-01 8.81027e-17 3.32748e-03 
5810.00 1.45645e-05 8.94538e-01 8.79639e-17 3.35197e-03 
5815.23 1.46652e-05 8.96050e-01 8.76808e-17 3.37299e-03 
5830.00 1.47204e-05 8.98789e-01 8.61945e-17 3.34695e-03 
5844.31 1.44392e-05 9.01570e-01 8.37288e-17 3.20681e-03 
5847.18 1.44024e-05 9.02388e-01 8.31058e-17 3.17929e-03 
5850.00 1.43901e-05 9.03191e-01 8.24530e-17 3.15594e-03 
5870.00 1.43929e-05 8.98394e-01 7.67849e-17 2.93394e-03 
5873.53 1.42109e-05 8.93670e-01 7.56307e-17 2.84001e-03 
5876.72 1.39974e-05 8.87985e-01 7.45595e-17 2.74167e-03 
5890.00 1.33011e-05 8.56294e-01 6.98595e-17 2.35925e-03 
5895.77 1.34269e-05 8.42801e-01 6.77482e-17 2.27543e-03 
5902.90 1.38400e-05 8.30580e-01 6.50788e-17 2.22304e-03 
5910.00 1.42272e-05 8.25761e-01 6.21507e-17 2.17234e-03 
5915.78 1.43416e-05 8.26179e-01 5.93943e-17 2.09581e-03 
5927.21 1.42219e-05 8.32462e-01 5.32445e-17 1.88092e-03 
5930.00 1.41824e-05 8.34097e-01 5.19059e-17 1.83300e-03 
5932.41 1.41594e-05 8.35280e-01 5.08295e-17 1.79535e-03 
5944.36 1.41618e-05 8.37582e-01 4.59025e-17 1.62933e-03 
5950.00 1.41897e-05 8.37892e-01 4.33983e-17 1.54552e-03 
5962.08 1.42141e-05 8.41210e-01 3.80512e-17 1.36557e-03 
5964.36 1.42122e-05 8.42681e-01 3.71563e-17 1.33612e-03 
5970.00 1.41989e-05 8.47536e-01 3.52228e-17 1.27390e-03 
5990.00 1.40511e-05 8.71631e-01 3.03981e-17 1.12263e-03 
5990.90 1.40406e-05 8.72717e-01 3.02143e-17 1.11657e-03 
5991.89 1.40288e-05 8.73880e-01 3.00141e-17 1.10990e-03 
6010.00 1.38202e-05 8.91196e-01 2.63779e-17 9.82940e-04 
6021.85 1.37882e-05 8.98810e-01 2.41185e-17 9.06109e-04 
6030.00 1.38355e-05 9.02636e-01 2.26563e-17 8.58886e-04 
6030.10 1.38364e-05 9.02676e-01 2.26392e-17 8.58348e-04 
6050.00 1.40590e-05 9.08438e-01 1.94662e-17 7.57200e-04 
6051.96 1.40682e-05 9.08810e-01 1.91830e-17 7.47218e-04 
6070.00 1.39562e-05 9.11325e-01 1.67815e-17 6.52207e-04 
6078.69 1.38082e-05 9.12182e-01 1.57499e-17 6.07055e-04 
6082.21 1.37481e-05 9.12510e-01 1.53512e-17 5.89665e-04 
6090.00 1.36514e-05 9.13237e-01 1.45114e-17 5.54640e-04 
6110.00 1.35270e-05 9.15071e-01 1.25840e-17 4.79114e-04 
6112.63 1.34667e-05 9.15300e-01 1.23534e-17 4.68558e-04 
6130.00 1.30501e-05 9.16701e-01 1.09432e-17 4.03989e-04 
6138.70 1.31287e-05 9.17317e-01 1.03047e-17 3.83509e-04 
6143.19 1.31981e-05 9.17610e-01 9.99135e-18 3.74206e-04 
6150.00 1.32217e-05 9.18022e-01 9.53644e-18 3.58364e-04 
6170.00 1.27791e-05 9.19064e-01 8.35878e-18 3.04929e-04 
6173.91 1.28305e-05 9.19250e-01 8.15858e-18 2.99071e-04 
6190.00 1.33963e-05 9.19909e-01 7.44593e-18 2.85932e-04 
6201.58 1.34952e-05 9.20084e-01 7.05293e-18 2.73402e-04 
6204.77 1.34711e-05 9.20060e-01 6.96322e-18 2.69574e-04 
6210.00 1.34101e-05 9.19948e-01 6.83332e-18 2.63538e-04 
6230.00 1.30619e-05 9.19549e-01 6.50453e-18 2.45024e-04 
6235.80 1.29086e-05 9.19740e-01 6.45101e-18 2.40429e-04 
6250.00 1.26953e-05 9.20503e-01 6.37944e-18 2.34559e-04 
6264.46 1.30295e-05 9.17828e-01 6.36835e-18 2.40173e-04 
6266.98 1.31026e-05 9.16620e-01 6.37047e-18 2.41378e-04 
6270.00 1.31781e-05 9.14808e-01 6.37407e-18 2.42544e-04 
6290.00 1.32073e-05 8.99474e-01 6.41102e-18 2.41159e-04 
6298.31 1.30400e-05 8.95850e-01 6.42325e-18 2.37912e-04 
6310.00 1.28268e-05 8.97436e-01 6.42482e-18 2.34929e-04 
6327.33 1.28441e-05 9.07398e-01 6.36835e-18 2.36414e-04 
6329.80 1.28585e-05 9.08850e-01 6.35261e-18 2.36564e-04 
6330.00 1.28596e-05 9.08961e-01 6.35127e-18 2.36570e-04 
6350.00 1.28730e-05 9.17254e-01 6.17988e-18 2.33263e-04 
6361.45 1.28166e-05 9.20470e-01 6.08796e-18 2.30004e-04 
6370.00 1.28077e-05 9.22743e-01 6.04488e-18 2.29089e-04 
6390.00 1.28679e-05 9.27082e-01 6.10465e-18 2.34266e-04 
6390.21 1.28660e-05 9.27114e-01 6.10689e-18 2.34334e-04 
6393.26 1.28290e-05 9.27540e-01 6.14350e-18 2.35281e-04 
6410.00 1.25627e-05 9.28960e-01 6.46901e-18 2.43612e-04 
6425.23 1.26486e-05 9.31020e-01 6.89742e-18 2.62723e-04 
6430.00 1.26707e-05 9.32187e-01 7.04727e-18 2.69437e-04 
6450.00 1.25011e-05 9.32717e-01 7.69697e-18 2.91408e-04 
6453.09 1.24865e-05 9.31073e-01 7.79455e-18 2.94379e-04 
6457.35 1.24794e-05 9.27570e-01 7.92575e-18 2.98236e-04 
6470.00 1.24517e-05 9.09576e-01 8.28958e-18 3.05793e-04 
6489.64 1.22747e-05 8.81590e-01 8.77747e-18 3.10306e-04 
6490.00 1.22753e-05 8.81315e-01 8.78553e-18 3.10528e-04 
6510.00 1.25187e-05 8.82306e-01 9.18030e-18 3.32307e-04 
6515.97 1.25418e-05 8.86250e-01 9.27779e-18 3.38270e-04 
6522.09 1.25276e-05 8.90570e-01 9.36812e-18 3.43160e-04 
6530.00 1.24964e-05 8.95505e-01 9.47137e-18 3.48419e-04 
6550.00 1.21052e-05 9.04360e-01 9.67594e-18 3.49279e-04 
6554.70 1.17702e-05 9.05810e-01 9.71455e-18 3.41758e-04 
6570.00 1.09117e-05 9.09750e-01 9.82278e-18 3.22505e-04 
6578.84 1.13333e-05 9.12488e-01 9.87680e-18 3.38278e-04 
6587.47 1.20318e-05 9.16320e-01 9.92600e-18 3.62907e-04 
6590.00 1.21937e-05 9.17748e-01 9.93977e-18 3.69016e-04 
6610.00 1.23370e-05 9.31615e-01 1.00365e-17 3.83846e-04 
6620.41 1.22554e-05 9.37980e-01 1.00769e-17 3.86062e-04 
6630.00 1.22358e-05 9.41721e-01 1.01070e-17 3.88702e-04 
6641.72 1.22296e-05 9.44111e-01 1.01335e-17 3.91199e-04 
6650.00 1.21916e-05 9.45045e-01 1.01452e-17 3.91307e-04 
6653.51 1.21591e-05 9.45390e-01 1.01489e-17 3.90754e-04 
6670.00 1.20372e-05 9.47212e-01 1.01629e-17 3.89082e-04 
6686.78 1.21740e-05 9.49110e-01 1.01872e-17 3.96229e-04 
6690.00 1.21753e-05 9.49440e-01 1.01948e-17 3.96894e-04 
6704.60 1.19869e-05 9.50722e-01 1.02476e-17 3.94166e-04 
6710.00 1.19333e-05 9.51102e-01 1.02766e-17 3.93990e-04 
6720.21 1.19715e-05 9.51670e-01 1.03475e-17 3.98820e-04 
6730.00 1.20363e-05 9.52050e-01 1.04363e-17 4.05172e-04 
6750.00 1.18935e-05 9.52954e-01 1.06869e-17 4.11587e-04 
6753.81 1.18748e-05 9.53240e-01 1.07459e-17 4.13565e-04 
6767.47 1.18680e-05 9.54494e-01 1.09892e-17 4.24101e-04 
6770.00 1.18686e-05 9.54685e-01 1.10399e-17 4.26318e-04 
6787.58 1.18201e-05 9.54420e-01 1.14374e-17 4.40887e-04 
6790.00 1.18064e-05 9.54059e-01 1.14976e-17 4.42685e-04 
6810.00 1.17169e-05 9.51377e-01 1.20376e-17 4.60018e-04 
6821.52 1.17652e-05 9.54590e-01 1.23755e-17 4.77290e-04 
6830.00 1.17611e-05 9.60562e-01 1.26329e-17 4.90704e-04 
6830.35 1.17587e-05 9.60821e-01 1.26436e-17 4.91179e-04 
6850.00 1.15135e-05 9.60861e-01 1.32769e-17 5.06497e-04 
6855.63 1.15055e-05 9.50390e-01 1.34768e-17 5.08583e-04 
6870.00 1.15921e-05 8.98377e-01 1.40486e-17 5.05983e-04 
6889.91 1.15820e-05 8.35320e-01 1.50441e-17 5.04825e-04 
6890.00 1.15817e-05 8.35222e-01 1.50495e-17 5.04937e-04 
6893.23 1.15676e-05 8.33442e-01 1.52393e-17 5.09836e-04 
6910.00 1.14913e-05 8.56538e-01 1.63631e-17 5.60251e-04 
6924.36 1.14510e-05 8.78320e-01 1.74823e-17 6.12914e-04 
6930.00 1.14366e-05 8.77168e-01 1.79551e-17 6.28385e-04 
6950.00 1.13756e-05 8.48745e-01 1.97439e-17 6.66953e-04 
6956.10 1.13624e-05 8.43781e-01 2.03165e-17 6.82087e-04 
6958.98 1.13581e-05 8.43710e-01 2.05893e-17 6.91209e-04 
6970.00 1.13555e-05 8.57896e-01 2.16551e-17 7.40214e-04 
6990.00 1.12985e-05 8.99165e-01 2.36891e-17 8.46855e-04 
6993.77 1.12416e-05 9.02570e-01 2.40902e-17 8.60565e-04 
7010.00 1.09908e-05 8.90458e-01 2.58912e-17 8.94206e-04 
7016.12 1.09955e-05 8.80558e-01 2.66061e-17 9.09856e-04 
7028.74 1.11172e-05 8.65590e-01 2.81420e-17 9.58219e-04 
7030.00 1.11281e-05 8.65112e-01 2.82992e-17 9.64157e-04 
7050.00 1.11441e-05 8.80939e-01 3.08610e-17 1.07526e-03 
7063.88 1.10700e-05 9.00630e-01 3.26743e-17 1.15842e-03 
7070.00 1.10354e-05 9.06793e-01 3.34711e-17 1.19209e-03 
7070.43 1.10331e-05 9.07147e-01 3.35263e-17 1.19435e-03 
7090.00 1.09735e-05 9.16851e-01 3.60182e-17 1.29341e-03 
7099.20 1.09820e-05 9.19790e-01 3.71334e-17 1.34050e-03 
7110.00 1.09718e-05 9.24264e-01 3.83706e-17 1.39272e-03 
7127.59 1.08303e-05 9.30159e-01 4.01692e-17 1.45197e-03 
7130.00 1.08093e-05 9.30427e-01 4.03909e-17 1.45806e-03 
7134.70 1.07744e-05 9.30350e-01 4.08040e-17 1.46907e-03 
7150.00 1.07264e-05 9.19628e-01 4.19853e-17 1.49071e-03 
7170.00 1.06981e-05 8.49915e-01 4.31826e-17 1.41720e-03 
7170.37 1.06940e-05 8.47700e-01 4.32015e-17 1.41367e-03 
7190.00 1.04288e-05 7.04798e-01 4.40325e-17 1.17145e-03 
7190.46 1.04275e-05 7.01540e-01 4.40484e-17 1.16639e-03 
7206.23 1.05522e-05 6.29490e-01 4.44978e-17 1.07226e-03 
7210.00 1.05858e-05 6.28788e-01 4.45786e-17 1.07700e-03 
7230.00 1.05772e-05 7.01664e-01 4.48377e-17 1.21117e-03 
7242.26 1.05793e-05 7.49950e-01 4.48588e-17 1.29758e-03 
7250.00 1.05954e-05 7.58725e-01 4.48195e-17 1.31501e-03 
7253.34 1.06024e-05 7.57422e-01 4.47901e-17 1.31336e-03 
7270.00 1.05460e-05 7.25255e-01 4.45394e-17 1.24675e-03 
7278.47 1.04148e-05 7.05720e-01 4.43545e-17 1.19450e-03 
7290.00 1.02736e-05 6.91203e-01 4.40528e-17 1.14803e-03 
7310.00 1.04047e-05 7.10773e-01 4.34309e-17 1.18195e-03 
7314.86 1.04106e-05 7.25400e-01 4.32674e-17 1.20322e-03 
7316.22 1.04078e-05 7.30229e-01 4.32212e-17 1.20983e-03 
7330.00 1.03420e-05 7.91672e-01 4.27534e-17 1.29166e-03 
7350.00 1.03566e-05 8.75893e-01 4.21883e-17 1.41602e-03 
7351.43 1.03604e-05 8.79660e-01 4.21579e-17 1.42189e-03 
7370.00 1.03422e-05 8.95254e-01 4.19574e-17 1.44132e-03 
7379.09 1.02452e-05 8.92160e-01 4.20232e-17 1.42686e-03 
7388.19 1.01202e-05 8.91820e-01 4.22190e-17 1.41722e-03 
7390.00 1.00966e-05 8.92703e-01 4.22727e-17 1.41745e-03 
7410.00 9.95763e-06 9.20049e-01 4.31449e-17 1.47448e-03 
7425.13 1.00250e-05 9.45220e-01 4.40728e-17 1.56105e-03 
7430.00 1.00452e-05 9.50916e-01 4.44061e-17 1.58655e-03 
7441.97 1.00456e-05 9.59469e-01 4.52750e-17 1.63484e-03 
7450.00 1.00436e-05 9.62310e-01 4.58887e-17 1.66337e-03 
7462.26 1.00806e-05 9.65080e-01 4.69205e-17 1.71478e-03 
7470.00 1.00880e-05 9.67158e-01 4.76685e-17 1.74895e-03 
7490.00 9.98004e-06 9.71180e-01 5.01371e-17 1.83230e-03 
7496.27 9.96554e-06 9.70784e-01 5.11188e-17 1.86626e-03 
7499.57 9.96434e-06 9.70050e-01 5.16813e-17 1.88597e-03 
7510.00 9.96854e-06 9.65795e-01 5.36198e-17 1.95166e-03 
7530.00 9.95196e-06 9.64242e-01 5.74989e-17 2.09157e-03 
7536.29 9.95612e-06 9.70063e-01 5.86099e-17 2.14754e-03 
7537.07 9.95684e-06 9.71110e-01 5.87408e-17 2.15504e-03 
7550.00 9.94996e-06 9.93994e-01 6.07841e-17 2.28489e-03 
7570.00 9.84193e-06 9.90595e-01 6.46967e-17 2.40369e-03 
7570.99 9.83827e-06 9.87310e-01 6.49524e-17 2.40460e-03 
7574.75 9.82820e-06 9.70960e-01 6.59964e-17 2.40153e-03 
7590.00 9.80679e-06 8.48578e-01 7.11801e-17 2.26330e-03 
7593.04 9.79758e-06 8.17536e-01 7.23482e-17 2.21510e-03 
7608.69 9.73943e-06 6.57916e-01 7.85861e-17 1.92878e-03 
7610.00 9.73681e-06 6.46154e-01 7.90963e-17 1.90641e-03 
7612.63 9.73381e-06 6.24050e-01 8.01084e-17 1.86483e-03 
7629.78 9.75713e-06 5.35523e-01 8.70951e-17 1.74795e-03 
7630.00 9.75756e-06 5.35034e-01 8.71945e-17 1.74847e-03 
7647.75 9.72459e-06 5.48075e-01 9.57908e-17 1.96559e-03 
7650.00 9.70192e-06 5.57285e-01 9.67718e-17 2.01497e-03 
7650.69 9.69374e-06 5.60450e-01 9.70668e-17 2.03106e-03 
7662.61 9.51646e-06 6.36219e-01 1.02945e-16 2.40428e-03 
7670.00 9.45569e-06 6.96057e-01 1.08336e-16 2.75316e-03 
7675.51 9.47577e-06 7.42695e-01 1.12555e-16 3.06069e-03 
7687.76 9.59269e-06 8.38688e-01 1.21654e-16 3.78783e-03 
7688.94 9.59903e-06 8.46640e-01 1.22772e-16 3.86203e-03 
7690.00 9.60280e-06 8.53471e-01 1.23814e-16 3.92833e-03 
7696.34 9.58904e-06 8.89167e-01 1.29834e-16 4.28898e-03 
7710.00 9.48653e-06 9.39876e-01 1.38058e-16 4.77767e-03 
7710.63 9.48399e-06 9.41483e-01 1.38567e-16 4.80260e-03 
7718.25 9.47838e-06 9.57093e-01 1.46150e-16 5.15144e-03 
7727.39 9.48564e-06 9.68250e-01 1.54098e-16 5.50563e-03 
7727.77 9.48515e-06 9.68589e-01 1.54473e-16 5.52097e-03 
7730.00 9.47984e-06 9.70378e-01 1.56804e-16 5.61308e-03 
7736.35 9.44206e-06 9.74079e-01 1.64087e-16 5.87751e-03 
7747.78 9.36253e-06 9.76678e-01 1.75121e-16 6.24572e-03 
7750.00 9.35689e-06 9.76749e-01 1.77029e-16 6.31223e-03 
7756.35 9.36992e-06 9.76487e-01 1.84743e-16 6.60010e-03 
7761.25 9.39837e-06 9.76025e-01 1.93550e-16 6.93686e-03 
7766.03 9.42927e-06 9.75570e-01 1.97890e-16 7.11674e-03 
7770.00 9.44957e-06 9.75302e-01 2.01281e-16 7.25602e-03 
7771.87 9.45565e-06 9.75215e-01 2.04174e-16 7.36614e-03 
7776.36 9.46133e-06 9.75099e-01 2.14001e-16 7.72888e-03 
7782.08 9.45496e-06 9.75114e-01 2.20355e-16 7.95896e-03 
7789.22 9.43608e-06 9.75326e-01 2.29258e-16 8.27337e-03 
7790.00 9.43384e-06 9.75358e-01 2.30240e-16 8.30797e-03 
7798.82 9.40904e-06 9.75810e-01 2.41063e-16 8.68947e-03 
7803.99 9.39225e-06 9.76102e-01 2.49744e-16 8.99497e-03 
7804.86 9.38907e-06 9.76150e-01 2.51547e-16 9.05828e-03 
7807.80 9.37724e-06 9.76307e-01 2.57379e-16 9.26160e-03 
7810.00 9.36717e-06 9.76414e-01 2.60312e-16 9.36077e-03 
7814.47 9.34343e-06 9.76593e-01 2.65380e-16 9.52599e-03 
7819.23 9.31544e-06 9.76703e-01 2.74113e-16 9.81708e-03 
7826.09 9.27650e-06 9.76651e-01 2.83045e-16 1.01029e-02 
7830.00 9.25820e-06 9.76480e-01 2.88270e-16 1.02725e-02 
7834.95 9.24177e-06 9.76083e-01 2.95148e-16 1.05013e-02 
7843.05 9.23118e-06 9.74912e-01 3.06169e-16 1.08791e-02 
7843.88 9.23119e-06 9.74750e-01 3.07642e-16 1.09308e-02 
7847.81 9.23385e-06 9.73866e-01 3.14421e-16 1.11703e-02 
7850.00 9.23717e-06 9.73281e-01 3.16974e-16 1.12614e-02 
7853.53 9.24494e-06 9.72182e-01 3.21972e-16 1.14408e-02 
7856.39 9.25257e-06 9.71136e-01 3.28713e-16 1.16817e-02 
7862.10 9.26785e-06 9.68578e-01 3.36506e-16 1.19555e-02 
7867.82 9.27755e-06 9.65315e-01 3.44071e-16 1.22047e-02 
7870.00 9.27837e-06 9.63864e-01 3.46824e-16 1.22884e-02 
7876.39 9.26938e-06 9.58891e-01 3.53642e-16 1.24633e-02 
7883.10 9.24588e-06 9.52400e-01 3.59784e-16 1.25727e-02 
7887.82 9.22404e-06 9.47026e-01 3.64154e-16 1.26313e-02 
7890.00 9.21323e-06 9.44400e-01 3.66309e-16 1.26595e-02 
7897.62 9.17275e-06 9.35018e-01 3.74726e-16 1.27777e-02 
7906.40 9.11519e-06 9.25269e-01 3.85237e-16 1.29319e-02 
7910.00 9.08609e-06 9.22067e-01 3.88978e-16 1.29767e-02 
7918.14 9.00929e-06 9.17562e-01 3.95698e-16 1.30387e-02 
7922.51 8.96793e-06 9.17170e-01 3.98434e-16 1.30703e-02 
7930.00 8.91106e-06 9.20174e-01 4.01866e-16 1.31546e-02 
7950.00 8.90752e-06 9.38118e-01 4.04822e-16 1.35385e-02 
7956.15 8.94355e-06 9.42215e-01 4.04381e-16 1.36482e-02 
7962.13 8.98390e-06 9.43700e-01 4.03510e-16 1.37122e-02 
7970.00 9.02724e-06 9.40852e-01 4.01615e-16 1.36857e-02 
7990.00 9.00749e-06 9.19060e-01 3.91783e-16 1.30456e-02 
7991.67 8.99783e-06 9.16983e-01 3.90571e-16 1.29646e-02 
8001.94 8.92739e-06 9.05800e-01 3.82882e-16 1.24721e-02 
8004.05 8.91367e-06 9.04071e-01 3.81681e-16 1.23935e-02 
8010.00 8.88395e-06 9.00449e-01 3.77581e-16 1.21795e-02 
8012.44 8.87710e-06 8.99465e-01 3.73471e-16 1.20282e-02 
8015.86 8.87189e-06 8.98535e-01 3.65062e-16 1.17433e-02 
8025.96 8.86469e-06 8.98586e-01 3.54250e-16 1.14013e-02 
8030.00 8.85516e-06 8.99627e-01 3.47440e-16 1.11886e-02 
8031.68 8.84866e-06 9.00211e-01 3.44396e-16 1.10920e-02 
8040.89 8.79929e-06 9.04759e-01 3.33309e-16 1.07413e-02 
8041.95 8.79380e-06 9.05410e-01 3.32380e-16 1.07137e-02 
8047.87 8.77251e-06 9.09432e-01 3.23018e-16 1.04406e-02 
8050.00 8.77078e-06 9.11000e-01 3.17087e-16 1.02673e-02 
8050.73 8.77113e-06 9.11552e-01 3.15791e-16 1.02328e-02 
8058.16 8.79343e-06 9.17369e-01 3.08635e-16 1.00997e-02 
8059.31 8.79817e-06 9.18281e-01 3.00469e-16 9.84891e-03 
8066.45 8.81814e-06 9.23894e-01 2.92991e-16 9.69302e-03 
8070.00 8.81343e-06 9.26538e-01 2.88947e-16 9.58568e-03 
8072.64 8.80022e-06 9.28404e-01 2.82909e-16 9.39325e-03 
8077.60 8.75900e-06 9.31573e-01 2.73569e-16 9.07703e-03 
8082.16 8.71322e-06 9.34010e-01 2.68852e-16 8.90213e-03 
8084.46 8.69120e-06 9.35023e-01 2.65788e-16 8.79045e-03 
8087.89 8.66399e-06 9.36165e-01 2.57693e-16 8.51002e-03 
8090.00 8.65252e-06 9.36594e-01 2.50902e-16 8.28073e-03 
8090.75 8.64970e-06 9.36686e-01 2.48803e-16 8.21035e-03 
8098.37 8.65223e-06 9.35485e-01 2.38204e-16 7.86023e-03 
8102.18 8.66782e-06 9.33093e-01 2.28460e-16 7.53651e-03 
8107.89 8.69664e-06 9.26696e-01 2.20904e-16 7.26647e-03 
8110.00 8.70635e-06 9.23373e-01 2.17379e-16 7.13467e-03 
8112.66 8.71638e-06 9.18358e-01 2.11465e-16 6.91309e-03 
8116.47 8.72622e-06 9.09434e-01 2.02246e-16 6.55795e-03 
8122.18 8.73125e-06 8.91819e-01 1.93559e-16 6.16260e-03 
8122.57 8.73118e-06 8.90440e-01 1.93134e-16 6.13977e-03 
8127.90 8.72503e-06 8.68854e-01 1.84795e-16 5.73199e-03 
8130.00 8.72002e-06 8.59296e-01 1.78863e-16 5.48522e-03 
8130.76 8.71786e-06 8.55728e-01 1.76899e-16 5.40162e-03 
8137.43 8.69368e-06 8.22355e-01 1.68619e-16 4.93832e-03 
8143.62 8.67042e-06 7.89885e-01 1.57994e-16 4.43595e-03 
8150.00 8.65640e-06 7.57349e-01 1.51254e-16 4.06837e-03 
8150.76 8.65590e-06 7.53629e-01 1.49863e-16 4.01129e-03 
8153.62 8.65596e-06 7.40214e-01 1.42986e-16 3.76045e-03 
8158.39 8.65823e-06 7.20077e-01 1.33861e-16 3.42759e-03 
8163.18 8.65455e-06 7.03500e-01 1.26856e-16 3.17397e-03 
8165.46 8.64775e-06 6.97184e-01 1.25060e-16 3.09938e-03 
8170.00 8.61908e-06 6.87598e-01 1.24099e-16 3.02488e-03 
8174.58 8.56611e-06 6.81564e-01 1.15819e-16 2.78266e-03 
8176.49 8.53911e-06 6.80028e-01 1.08162e-16 2.58526e-03 
8188.49 8.37530e-06 6.81124e-01 1.00183e-16 2.35586e-03 
8190.00 8.36293e-06 6.82336e-01 1.00116e-16 2.35541e-03 
8197.45 8.34471e-06 6.90748e-01 9.16073e-17 2.17903e-03 
8201.26 8.35341e-06 6.96196e-01 8.34495e-17 2.00365e-03 
8204.00 8.36264e-06 7.00400e-01 7.93927e-17 1.92052e-03 
8210.00 8.37962e-06 7.10051e-01 7.54645e-17 1.85576e-03 
8213.64 8.38115e-06 7.16082e-01 7.38352e-17 1.83227e-03 
8226.03 8.35720e-06 7.36571e-01 6.15906e-17 1.57001e-03 
8230.00 8.35206e-06 7.42833e-01 5.74157e-17 1.47584e-03 
8236.51 8.35711e-06 7.52389e-01 5.17071e-17 1.34808e-03 
8245.02 8.38135e-06 7.63020e-01 4.64145e-17 1.23202e-03 
8250.00 8.39916e-06 7.67990e-01 4.40074e-17 1.17895e-03 
8256.10 8.41957e-06 7.72856e-01 4.11960e-17 1.11415e-03 
8270.00 8.44533e-06 7.79843e-01 3.42859e-17 9.40088e-04 
8270.80 8.44547e-06 7.80105e-01 3.39167e-17 9.30383e-04 
8286.24 8.40817e-06 7.83150e-01 2.80261e-17 7.69821e-04 
8290.00 8.38600e-06 7.83514e-01 2.67630e-17 7.33862e-04 
8290.40 8.38330e-06 7.83550e-01 2.66285e-17 7.30007e-04 
8310.00 8.22589e-06 7.87225e-01 2.02290e-17 5.47999e-04 
8313.67 8.20457e-06 7.88882e-01 1.91934e-17 5.19920e-04 
8327.67 8.16514e-06 8.00520e-01 1.60265e-17 4.39159e-04 
8330.00 8.16347e-06 8.03471e-01 1.56003e-17 4.29086e-04 
8350.00 8.19160e-06 8.37926e-01 1.26368e-17 3.64604e-04 
8356.54 8.21513e-06 8.50746e-01 1.17920e-17 3.46698e-04 
8369.31 8.21499e-06 8.74110e-01 1.01145e-17 3.06007e-04 
8370.00 8.21116e-06 8.75235e-01 1.00238e-17 3.03535e-04 
8390.00 8.05242e-06 9.01230e-01 7.49595e-18 2.29760e-04 
8407.99 8.15081e-06 9.17698e-01 5.62809e-18 1.78187e-04 
8410.00 8.15237e-06 9.19383e-01 5.45682e-18 1.73156e-04 
8411.16 8.15028e-06 9.20350e-01 5.36211e-18 1.70310e-04 
8430.00 7.99447e-06 9.35815e-01 4.16858e-18 1.32348e-04 
8450.00 8.01991e-06 9.50327e-01 3.44282e-18 1.11619e-04 
8453.21 8.01700e-06 9.52340e-01 3.36042e-18 1.09180e-04 
8455.46 8.01121e-06 9.53683e-01 3.30662e-18 1.07534e-04 
8470.00 7.95456e-06 9.61020e-01 3.01732e-18 9.83505e-05 
8490.00 7.85451e-06 9.67177e-01 2.71780e-18 8.82415e-05 
8495.48 7.74507e-06 9.68040e-01 2.64103e-18 8.46842e-05 
8503.23 7.57634e-06 9.68638e-01 2.52734e-18 7.93949e-05 
8510.00 7.50303e-06 9.68553e-01 2.41822e-18 7.52851e-05 
8530.00 7.71663e-06 9.64903e-01 1.99307e-18 6.37244e-05 
8537.96 7.59629e-06 9.62000e-01 1.76110e-18 5.53142e-05 
8550.00 6.66575e-06 9.55985e-01 1.31679e-18 3.61166e-05 
8562.32 4.25086e-06 9.47762e-01 7.20621e-19 1.25140e-05 
