##### EXOPHOT SPECTRAL OVERLAP FILE #####
# Date: 02/12/2021 11:22:11
# SED file: SED_a5v.txt
# atmosphere file: atm_a5v_hzm_os1.txt
# photopigment file: phot0.txt
# Stellar radius (Rs in km): 1.183778e+06
# Exoplanet orbit semi-major axis (sma in km): 5.183426e+08
# Total absorption rate (gamma_t in s-1): 6.15662e+00
# B band absorption rate (gamma_B in s-1): 2.14553e+00
# Q band absorption rate (gamma_Q in s-1): 4.01109e+00
# B-Q bands cut-off (in nm): 500
# photosynthetic photon flux density [ppfd in micromol photon m-2 s-1]: 2.40048e+03
# Total Stellar Irradiance (S in W m-2): 1.37004e+03
# -------------------------------------------------
# Col 1: Wavelength (wl in Angstrom) 
# Col 2: Spectral Flux Density (F_l in J cm-2 s-1 A-1) 
# Col 3: Atmosphere transmitance (T, no units) 
# Col 4: Pigment absorption cross section (sigma_abs in cm-2) 
# Col 5: Spectral Absorption Rate (Gamma_lambda in A-1 s-1)
2507.89 7.88169e-06 -9.77614e-20 2.67405e-19 -2.60128e-25 
2513.00 1.06490e-05 -2.17194e-20 3.01454e-19 -8.82046e-26 
2515.76 1.09916e-05 0.00000e+00 3.20881e-19 0.00000e+00 
2518.00 1.08807e-05 9.77434e-21 3.37186e-19 4.54562e-26 
2523.54 9.92721e-06 1.19438e-20 3.79301e-19 5.71331e-26 
2525.00 9.68569e-06 9.04354e-21 3.90776e-19 4.35093e-26 
2528.34 9.34995e-06 0.00000e+00 4.17606e-19 0.00000e+00 
2535.00 9.07097e-06 -1.40686e-20 4.73286e-19 -7.70780e-26 
2539.21 8.78809e-06 -8.28350e-21 5.09672e-19 -4.74265e-26 
2540.98 8.69381e-06 0.00000e+00 5.25216e-19 0.00000e+00 
2545.00 8.74682e-06 2.88573e-20 5.60936e-19 1.81397e-25 
2553.68 1.00386e-05 0.00000e+00 6.39107e-19 0.00000e+00 
2554.88 1.01404e-05 -2.80691e-20 6.49943e-19 -2.37932e-25 
2555.00 1.01470e-05 -3.10591e-20 6.50985e-19 -2.63883e-25 
2565.00 9.93218e-06 -9.01847e-20 7.40072e-19 -8.55977e-25 
2566.45 1.00597e-05 0.00000e+00 7.52709e-19 0.00000e+00 
2570.57 1.07399e-05 4.01990e-19 7.87946e-19 4.40213e-24 
2575.00 1.14877e-05 6.16434e-19 8.24551e-19 7.56897e-24 
2579.28 1.17364e-05 0.00000e+00 8.58422e-19 0.00000e+00 
2585.00 1.15740e-05 -2.01573e-18 9.00771e-19 -2.73472e-23 
2586.27 1.15180e-05 -2.27489e-18 9.09674e-19 -3.10329e-23 
2592.18 1.12587e-05 0.00000e+00 9.48439e-19 0.00000e+00 
2595.00 1.11219e-05 3.76788e-18 9.65255e-19 5.28421e-23 
2601.98 1.06584e-05 7.85965e-18 1.00173e-18 1.09919e-22 
2605.00 1.03505e-05 5.54569e-19 1.01509e-18 7.64103e-24 
2605.14 1.03339e-05 0.00000e+00 1.01568e-18 0.00000e+00 
2615.00 9.76204e-06 -2.94997e-17 1.04804e-18 -3.97313e-22 
2617.70 1.02294e-05 -6.60748e-18 1.05385e-18 -9.38652e-23 
2618.17 1.03367e-05 0.00000e+00 1.05472e-18 0.00000e+00 
2625.00 1.18524e-05 1.18906e-16 1.06277e-18 1.97925e-21 
2631.26 1.20340e-05 0.00000e+00 1.06254e-18 0.00000e+00 
2633.43 1.21020e-05 -1.47329e-16 1.06078e-18 -2.50736e-21 
2635.00 1.22615e-05 -2.67015e-16 1.05896e-18 -4.59901e-21 
2644.41 1.48095e-05 0.00000e+00 1.03892e-18 0.00000e+00 
2645.00 1.49564e-05 1.31646e-16 1.03717e-18 2.71916e-21 
2649.17 1.56169e-05 1.26698e-15 1.02314e-18 2.69980e-20 
2655.00 1.52479e-05 1.41342e-15 9.98934e-19 2.87743e-20 
2657.64 1.45591e-05 0.00000e+00 9.86374e-19 0.00000e+00 
2664.92 1.27306e-05 -6.45914e-15 9.46934e-19 -1.04460e-19 
2665.00 1.27237e-05 -6.48633e-15 9.46451e-19 -1.04793e-19 
2670.92 1.32186e-05 0.00000e+00 9.09734e-19 0.00000e+00 
2675.00 1.39263e-05 1.52611e-14 8.82451e-19 2.52556e-19 
2680.68 1.41803e-05 2.31639e-14 8.42133e-19 3.73290e-19 
2684.28 1.39054e-05 0.00000e+00 8.15429e-19 0.00000e+00 
2685.00 1.38186e-05 -8.59412e-15 8.09988e-19 -1.30021e-19 
2695.00 1.27012e-05 -7.55347e-14 7.32164e-19 -9.52976e-19 
2696.45 1.27510e-05 -4.33354e-14 7.20601e-19 -5.40502e-19 
2697.70 1.28464e-05 0.00000e+00 7.10627e-19 0.00000e+00 
2705.00 1.34281e-05 3.41651e-13 6.51990e-19 4.07314e-18 
2711.19 1.27288e-05 0.00000e+00 6.02378e-19 0.00000e+00 
2712.24 1.25553e-05 -1.79765e-13 5.94046e-19 -1.83065e-18 
2715.00 1.21493e-05 -7.45491e-13 5.72150e-19 -7.08269e-18 
2724.74 1.23714e-05 0.00000e+00 4.96881e-19 0.00000e+00 
2725.00 1.24188e-05 1.51399e-13 4.94959e-19 1.27662e-18 
2728.03 1.30932e-05 2.38005e-12 4.72386e-19 2.02163e-17 
2735.00 1.37012e-05 4.46615e-12 4.22241e-19 3.55740e-17 
2738.37 1.26249e-05 0.00000e+00 3.98997e-19 0.00000e+00 
2743.83 1.03335e-05 -1.47924e-11 3.62784e-19 -7.65978e-17 
2745.00 1.00317e-05 -1.71225e-11 3.55308e-19 -8.43359e-17 
2752.06 1.03693e-05 0.00000e+00 3.12031e-19 0.00000e+00 
2755.00 1.08739e-05 2.94998e-11 2.95028e-19 1.31254e-16 
2759.65 1.12546e-05 6.88040e-11 2.69389e-19 2.89801e-16 
2765.00 1.16100e-05 2.22203e-11 2.41795e-19 8.68260e-17 
2765.82 1.17156e-05 0.00000e+00 2.37744e-19 0.00000e+00 
2775.00 1.33236e-05 -2.62035e-10 1.95655e-19 -9.54247e-16 
2775.47 1.33812e-05 -2.55704e-10 1.93637e-19 -9.25721e-16 
2779.65 1.35029e-05 0.00000e+00 1.76559e-19 0.00000e+00 
2785.00 1.20892e-05 7.61920e-10 1.56366e-19 2.01928e-15 
2791.31 8.05500e-06 6.97614e-10 1.34887e-19 1.06508e-15 
2793.55 6.75031e-06 0.00000e+00 1.27862e-19 0.00000e+00 
2795.00 6.13155e-06 -7.04667e-10 1.23458e-19 -7.50547e-16 
2805.00 7.73666e-06 -2.82336e-09 9.63381e-20 -2.97148e-15 
2807.16 9.05469e-06 -5.37137e-10 9.11764e-20 -6.26659e-16 
2807.52 9.28798e-06 0.00000e+00 9.03475e-20 0.00000e+00 
2815.00 1.38034e-05 1.35628e-08 7.43330e-20 1.97205e-14 
2821.55 1.49875e-05 0.00000e+00 6.23586e-20 0.00000e+00 
2823.02 1.49642e-05 -9.94839e-09 5.99230e-20 -1.26776e-14 
2825.00 1.48558e-05 -2.56593e-08 5.67593e-20 -3.07695e-14 
2835.00 1.40562e-05 -1.34308e-08 4.29577e-20 -1.15740e-14 
2835.66 1.40157e-05 0.00000e+00 4.21636e-20 0.00000e+00 
2838.89 1.38426e-05 8.93231e-08 3.84814e-20 6.79993e-14 
2845.00 1.33128e-05 1.97414e-07 3.23342e-20 1.21707e-13 
2849.84 1.25255e-05 0.00000e+00 2.81825e-20 0.00000e+00 
2854.77 1.21936e-05 -5.18636e-07 2.45493e-20 -2.23114e-13 
2855.00 1.22075e-05 -5.41742e-07 2.43917e-20 -2.31841e-13 
2864.09 1.39695e-05 0.00000e+00 1.91675e-20 0.00000e+00 
2865.00 1.40849e-05 3.12289e-07 1.87406e-20 1.18889e-13 
2870.66 1.39973e-05 3.44589e-06 1.64668e-20 1.14778e-12 
2875.00 1.36899e-05 6.90266e-06 1.51503e-20 2.07204e-12 
2878.41 1.37352e-05 1.00000e-05 1.43802e-20 2.86204e-12 
2885.00 1.39067e-05 1.69621e-05 1.35689e-20 4.64857e-12 
2886.56 1.38090e-05 1.90158e-05 1.35107e-20 5.15533e-12 
2892.80 1.31709e-05 3.00000e-05 1.38259e-20 7.95560e-12 
2895.00 1.30927e-05 3.53024e-05 1.41648e-20 9.54150e-12 
2902.47 1.40145e-05 6.52000e-05 1.63244e-20 2.17947e-11 
2907.27 1.49531e-05 1.00000e-04 1.86335e-20 4.07787e-11 
2910.00 1.53634e-05 1.27742e-04 2.03365e-20 5.84674e-11 
2918.40 1.55253e-05 2.73604e-04 2.76705e-20 1.72681e-10 
2921.80 1.52742e-05 3.70000e-04 3.17006e-20 2.63512e-10 
2930.00 1.45243e-05 7.19424e-04 4.46542e-20 6.88228e-10 
2934.33 1.42883e-05 9.77041e-04 5.37497e-20 1.10842e-09 
2936.41 1.42285e-05 1.12000e-03 5.87669e-20 1.38436e-09 
2950.00 1.43975e-05 2.64423e-03 1.05152e-19 5.94498e-09 
2950.28 1.44068e-05 2.69219e-03 1.06385e-19 6.12830e-09 
2951.09 1.44347e-05 2.84000e-03 1.10127e-19 6.70696e-09 
2965.85 1.49417e-05 7.06000e-03 2.03235e-19 3.20092e-08 
2966.23 1.49518e-05 7.21199e-03 2.06427e-19 3.32386e-08 
2970.00 1.50323e-05 8.83134e-03 2.40344e-19 4.77050e-08 
2980.68 1.50928e-05 1.47700e-02 3.66490e-19 1.22589e-07 
2982.20 1.50924e-05 1.57935e-02 3.88732e-19 1.39106e-07 
2990.00 1.51160e-05 2.18187e-02 5.23339e-19 2.59802e-07 
2995.58 1.51921e-05 2.69900e-02 6.44459e-19 3.98492e-07 
2998.18 1.52388e-05 2.96599e-02 7.09004e-19 4.83669e-07 
3010.00 1.54070e-05 4.41279e-02 1.08326e-18 1.11598e-06 
3010.56 1.54091e-05 4.49100e-02 1.10471e-18 1.15861e-06 
3014.16 1.54050e-05 5.01704e-02 1.25259e-18 1.46895e-06 
3025.61 1.52775e-05 6.83900e-02 1.84622e-18 2.93807e-06 
3030.00 1.52244e-05 7.56218e-02 2.13341e-18 3.74652e-06 
3030.16 1.52228e-05 7.58968e-02 2.14491e-18 3.78020e-06 
3040.74 1.51698e-05 9.50800e-02 3.00901e-18 6.64350e-06 
3046.18 1.51710e-05 1.06677e-01 3.56281e-18 8.84210e-06 
3050.00 1.51769e-05 1.15375e-01 4.00395e-18 1.07648e-05 
3055.94 1.51907e-05 1.29180e-01 4.78425e-18 1.44429e-05 
3062.20 1.52228e-05 1.43421e-01 5.74519e-18 1.93361e-05 
3070.00 1.53131e-05 1.60455e-01 7.17386e-18 2.72415e-05 
3071.22 1.53341e-05 1.63040e-01 7.42333e-18 2.86936e-05 
3078.23 1.54715e-05 1.77693e-01 9.00094e-18 3.83453e-05 
3086.58 1.55812e-05 1.96700e-01 1.12441e-17 5.35463e-05 
3090.00 1.55765e-05 2.05553e-01 1.22906e-17 6.12136e-05 
3094.27 1.55144e-05 2.17065e-01 1.37112e-17 7.19255e-05 
3102.01 1.53003e-05 2.36650e-01 1.66316e-17 9.40390e-05 
3110.00 1.50644e-05 2.52375e-01 2.01661e-17 1.20034e-04 
3110.33 1.50565e-05 2.52955e-01 2.03232e-17 1.21196e-04 
3117.52 1.49397e-05 2.65670e-01 2.40313e-17 1.49691e-04 
3126.39 1.49417e-05 2.83397e-01 2.93327e-17 1.95485e-04 
3130.00 1.49879e-05 2.91051e-01 3.17366e-17 2.18142e-04 
3133.11 1.50479e-05 2.97670e-01 3.39307e-17 2.39720e-04 
3142.47 1.52935e-05 3.17098e-01 4.12539e-17 3.16490e-04 
3148.77 1.54612e-05 3.29680e-01 4.68301e-17 3.78377e-04 
3150.00 1.54895e-05 3.32073e-01 4.79764e-17 3.91322e-04 
3158.56 1.56091e-05 3.48027e-01 5.65753e-17 4.88685e-04 
3164.52 1.55683e-05 3.57910e-01 6.31994e-17 5.60994e-04 
3170.00 1.54013e-05 3.65832e-01 6.97642e-17 6.27268e-04 
3174.66 1.51531e-05 3.71922e-01 7.57058e-17 6.81874e-04 
3180.34 1.48010e-05 3.79000e-01 8.34247e-17 7.49242e-04 
3190.00 1.44275e-05 3.91624e-01 9.77163e-17 8.86629e-04 
3190.77 1.44250e-05 3.92732e-01 9.89130e-17 9.00086e-04 
3196.24 1.45247e-05 4.01450e-01 1.07748e-16 1.01090e-03 
3206.89 1.48895e-05 4.20318e-01 1.26262e-16 1.27567e-03 
3210.00 1.49197e-05 4.24482e-01 1.32009e-16 1.35099e-03 
3212.22 1.48957e-05 4.26600e-01 1.36203e-16 1.39958e-03 
3223.02 1.44696e-05 4.29257e-01 1.57565e-16 1.58788e-03 
3228.29 1.42805e-05 4.31990e-01 1.68564e-16 1.68996e-03 
3230.00 1.42498e-05 4.33902e-01 1.72221e-16 1.73146e-03 
3239.16 1.43894e-05 4.49905e-01 1.92338e-16 2.03041e-03 
3244.43 1.46013e-05 4.59140e-01 2.04304e-16 2.23704e-03 
3250.00 1.48276e-05 4.65515e-01 2.17241e-16 2.45331e-03 
3255.32 1.49817e-05 4.68998e-01 2.29799e-16 2.64605e-03 
3260.65 1.50762e-05 4.71340e-01 2.42578e-16 2.82947e-03 
3270.00 1.51481e-05 4.76153e-01 2.65266e-16 3.14960e-03 
3271.48 1.51533e-05 4.77207e-01 2.68876e-16 3.20210e-03 
3276.95 1.51689e-05 4.82240e-01 2.82239e-16 3.40588e-03 
3287.66 1.52286e-05 4.95818e-01 3.08260e-16 3.85220e-03 
3290.00 1.52555e-05 4.98351e-01 3.13903e-16 3.95253e-03 
3293.34 1.53051e-05 5.00990e-01 3.21886e-16 4.09193e-03 
3303.84 1.54692e-05 5.02489e-01 3.46477e-16 4.47933e-03 
3309.80 1.54955e-05 5.03850e-01 3.59942e-16 4.68235e-03 
3310.00 1.54948e-05 5.03958e-01 3.60379e-16 4.68910e-03 
3320.04 1.53403e-05 5.13768e-01 3.81990e-16 5.03178e-03 
3326.35 1.51906e-05 5.19800e-01 3.94760e-16 5.21957e-03 
3330.00 1.51135e-05 5.21584e-01 4.01816e-16 5.30989e-03 
3336.25 1.50228e-05 5.22718e-01 4.13304e-16 5.45092e-03 
3342.98 1.49640e-05 5.24330e-01 4.24744e-16 5.60840e-03 
3350.00 1.49112e-05 5.29210e-01 4.35554e-16 5.79631e-03 
3352.47 1.48883e-05 5.31329e-01 4.39077e-16 5.86190e-03 
3359.70 1.48129e-05 5.36610e-01 4.48474e-16 6.02921e-03 
3368.70 1.47382e-05 5.38834e-01 4.58222e-16 6.17107e-03 
3370.00 1.47323e-05 5.38979e-01 4.59438e-16 6.18905e-03 
3376.50 1.47269e-05 5.40380e-01 4.64817e-16 6.28756e-03 
3384.95 1.47622e-05 5.45418e-01 4.69977e-16 6.44812e-03 
3390.00 1.47943e-05 5.49040e-01 4.72055e-16 6.54355e-03 
3393.38 1.48165e-05 5.51130e-01 4.73022e-16 6.59835e-03 
3401.20 1.48683e-05 5.54183e-01 4.73960e-16 6.68669e-03 
3410.00 1.49290e-05 5.56743e-01 4.72862e-16 6.74679e-03 
3410.35 1.49314e-05 5.56870e-01 4.72773e-16 6.74885e-03 
3417.47 1.49808e-05 5.60091e-01 4.70180e-16 6.78712e-03 
3427.40 1.50240e-05 5.64840e-01 4.64208e-16 6.79690e-03 
3430.00 1.50258e-05 5.65773e-01 4.62207e-16 6.78474e-03 
3433.74 1.50193e-05 5.66890e-01 4.59020e-16 6.75569e-03 
3444.54 1.49537e-05 5.70090e-01 4.47895e-16 6.62097e-03 
3450.00 1.49040e-05 5.72515e-01 4.41231e-16 6.53882e-03 
3450.03 1.49037e-05 5.72531e-01 4.41190e-16 6.53831e-03 
3461.76 1.47861e-05 5.78480e-01 4.24772e-16 6.33169e-03 
3466.33 1.47404e-05 5.80414e-01 4.17662e-16 6.23540e-03 
3470.00 1.47050e-05 5.81781e-01 4.11699e-16 6.15258e-03 
3479.07 1.46370e-05 5.84950e-01 3.96064e-16 5.93913e-03 
3482.64 1.46283e-05 5.86281e-01 3.89586e-16 5.85782e-03 
3490.00 1.46670e-05 5.89147e-01 3.75769e-16 5.70472e-03 
3496.46 1.47723e-05 5.91590e-01 3.63174e-16 5.58646e-03 
3498.96 1.48211e-05 5.92470e-01 3.58203e-16 5.54038e-03 
3510.00 1.49706e-05 5.96091e-01 3.35756e-16 5.29427e-03 
3513.95 1.49623e-05 5.97400e-01 3.27578e-16 5.17959e-03 
3515.30 1.49528e-05 5.97864e-01 3.24762e-16 5.13777e-03 
3530.00 1.48861e-05 6.03192e-01 2.93904e-16 4.68966e-03 
3531.51 1.49060e-05 6.03740e-01 2.90718e-16 4.65123e-03 
3531.64 1.49080e-05 6.03785e-01 2.90452e-16 4.64812e-03 
3548.00 1.52219e-05 6.09385e-01 2.56337e-16 4.24696e-03 
3549.17 1.52210e-05 6.09770e-01 2.53919e-16 4.21071e-03 
3550.00 1.52162e-05 6.10040e-01 2.52220e-16 4.18405e-03 
3564.36 1.47594e-05 6.14567e-01 2.23321e-16 3.63473e-03 
3566.92 1.46622e-05 6.15330e-01 2.18318e-16 3.53683e-03 
3570.00 1.45651e-05 6.16229e-01 2.12346e-16 3.42524e-03 
3580.74 1.44424e-05 6.19154e-01 1.92121e-16 3.09676e-03 
3584.75 1.44478e-05 6.20150e-01 1.84825e-16 2.98841e-03 
3590.00 1.44607e-05 6.21385e-01 1.75505e-16 2.85008e-03 
3597.13 1.44567e-05 6.23117e-01 1.63265e-16 2.66323e-03 
3602.68 1.44560e-05 6.24680e-01 1.54103e-16 2.52385e-03 
3610.00 1.45019e-05 6.27208e-01 1.42492e-16 2.35537e-03 
3613.53 1.45538e-05 6.28583e-01 1.37095e-16 2.28148e-03 
3620.69 1.46629e-05 6.31560e-01 1.26573e-16 2.13643e-03 
3629.94 1.46178e-05 6.35529e-01 1.13790e-16 1.93172e-03 
3630.00 1.46163e-05 6.35553e-01 1.13717e-16 1.93039e-03 
3638.79 1.44020e-05 6.39100e-01 1.02437e-16 1.72714e-03 
3640.00 1.44176e-05 6.39550e-01 1.00954e-16 1.70575e-03 
3646.37 1.47642e-05 6.41774e-01 9.33834e-17 1.62422e-03 
3650.00 1.50038e-05 6.42959e-01 8.92583e-17 1.58215e-03 
3656.99 1.52046e-05 6.45160e-01 8.17055e-17 1.47551e-03 
3662.80 1.51416e-05 6.46984e-01 7.57965e-17 1.36915e-03 
3670.00 1.48859e-05 6.49237e-01 6.89472e-17 1.23107e-03 
3675.27 1.46461e-05 6.50870e-01 6.42434e-17 1.13307e-03 
3679.25 1.44736e-05 6.52086e-01 6.08653e-17 1.06398e-03 
3690.00 1.42441e-05 6.55320e-01 5.24411e-17 9.09309e-04 
3693.65 1.42975e-05 6.56410e-01 4.98063e-17 8.69159e-04 
3695.71 1.43521e-05 6.57025e-01 4.83677e-17 8.48545e-04 
3710.00 1.47080e-05 6.61276e-01 3.92962e-17 7.13811e-04 
3712.12 1.46902e-05 6.61900e-01 3.80817e-17 6.91959e-04 
3712.18 1.46893e-05 6.61918e-01 3.80476e-17 6.91330e-04 
3728.66 1.48387e-05 6.66718e-01 2.96348e-17 5.50322e-04 
3730.00 1.49743e-05 6.67105e-01 2.90256e-17 5.44447e-04 
3730.68 1.50550e-05 6.67300e-01 2.87222e-17 5.41915e-04 
3745.15 1.77824e-05 6.71428e-01 2.28610e-17 5.14608e-04 
3749.33 1.84869e-05 6.72600e-01 2.13739e-17 5.01626e-04 
3750.00 1.85778e-05 6.72786e-01 2.11439e-17 4.98898e-04 
3761.65 1.93670e-05 6.75944e-01 1.74710e-17 4.33104e-04 
3768.08 1.97055e-05 6.77570e-01 1.56966e-17 3.97549e-04 
3770.00 1.98743e-05 6.78035e-01 1.51976e-17 3.88672e-04 
3778.17 2.11277e-05 6.79912e-01 1.32306e-17 3.61484e-04 
3786.92 2.33619e-05 6.81820e-01 1.13783e-17 3.45514e-04 
3790.00 2.43461e-05 6.82486e-01 1.07835e-17 3.41857e-04 
3794.70 2.59684e-05 6.83526e-01 9.93082e-18 3.36733e-04 
3805.85 2.86222e-05 6.86340e-01 8.14313e-18 3.06485e-04 
3810.00 2.84524e-05 6.87582e-01 7.55677e-18 2.83549e-04 
3811.23 2.82215e-05 6.87970e-01 7.38994e-18 2.75283e-04 
3824.88 2.33115e-05 6.92490e-01 5.75488e-18 1.78880e-04 
3827.78 2.26510e-05 6.93427e-01 5.45314e-18 1.65046e-04 
3830.00 2.24712e-05 6.94127e-01 5.23237e-18 1.57357e-04 
3844.01 2.77364e-05 6.98270e-01 4.01698e-18 1.50550e-04 
3844.34 2.79480e-05 6.98365e-01 3.99118e-18 1.50758e-04 
3850.00 3.16237e-05 6.99928e-01 3.58122e-18 1.53632e-04 
3860.92 3.70640e-05 7.02830e-01 2.89802e-18 1.46729e-04 
3863.23 3.74316e-05 7.03430e-01 2.76992e-18 1.41840e-04 
3870.00 3.58291e-05 7.05172e-01 2.42392e-18 1.19312e-04 
3877.50 2.92078e-05 7.07074e-01 2.08805e-18 8.41741e-05 
3882.54 2.41998e-05 7.08340e-01 1.88722e-18 6.32292e-05 
3890.00 2.05252e-05 7.10198e-01 1.62308e-18 4.63318e-05 
3894.10 2.19733e-05 7.11211e-01 1.49317e-18 4.57439e-05 
3901.96 2.91500e-05 7.13140e-01 1.27075e-18 5.18894e-05 
3910.00 3.57938e-05 7.15096e-01 1.07563e-18 5.41922e-05 
3910.70 3.60753e-05 7.15266e-01 1.05998e-18 5.38461e-05 
3921.46 3.48281e-05 7.17860e-01 8.45788e-19 4.17448e-05 
3927.32 3.29747e-05 7.19268e-01 7.47128e-19 3.50337e-05 
3930.00 3.26902e-05 7.19912e-01 7.05741e-19 3.28592e-05 
3941.07 3.57266e-05 7.22590e-01 5.56565e-19 2.85061e-05 
3943.95 3.64144e-05 7.23293e-01 5.22978e-19 2.73480e-05 
3950.00 3.56292e-05 7.24758e-01 4.58608e-19 2.35484e-05 
3960.59 2.57697e-05 7.27181e-01 3.63619e-19 1.35857e-05 
3960.78 2.55731e-05 7.27220e-01 3.62159e-19 1.34293e-05 
3970.00 1.90904e-05 7.29090e-01 2.95270e-19 8.21351e-06 
3977.25 2.21696e-05 7.30538e-01 2.51169e-19 8.14468e-06 
3980.58 2.53538e-05 7.31240e-01 2.33068e-19 8.65876e-06 
3990.00 3.51146e-05 7.33406e-01 1.88421e-19 9.74672e-06 
3993.91 3.77725e-05 7.34355e-01 1.72394e-19 9.61446e-06 
4000.48 4.00412e-05 7.35960e-01 1.48372e-19 8.80543e-06 
4010.00 4.06538e-05 7.38226e-01 1.19210e-19 7.22224e-06 
4010.59 4.06589e-05 7.38364e-01 1.17595e-19 7.12765e-06 
4020.49 4.07970e-05 7.40650e-01 9.34545e-20 5.71537e-06 
4027.28 4.08687e-05 7.42195e-01 7.97338e-20 4.90327e-06 
4030.00 4.08719e-05 7.42808e-01 7.47989e-20 4.60707e-06 
4040.59 4.06901e-05 7.45170e-01 5.82518e-20 3.59270e-06 
4043.98 4.05732e-05 7.45916e-01 5.37474e-20 3.31145e-06 
4050.00 4.03063e-05 7.47230e-01 4.65598e-20 2.85901e-06 
4060.69 3.94892e-05 7.49529e-01 3.60251e-20 2.17969e-06 
4060.79 3.94770e-05 7.49550e-01 3.59375e-20 2.17384e-06 
4070.00 3.77701e-05 7.51495e-01 2.87612e-20 1.67263e-06 
4077.41 3.53124e-05 7.53045e-01 2.40135e-20 1.31072e-06 
4081.10 3.37382e-05 7.53810e-01 2.19468e-20 1.14671e-06 
4090.00 2.90878e-05 7.55652e-01 1.76368e-20 7.98175e-07 
4094.15 2.66255e-05 7.56506e-01 1.59212e-20 6.60957e-07 
4101.50 2.29336e-05 7.58010e-01 1.32699e-20 4.76299e-07 
4110.00 2.21786e-05 7.59737e-01 1.07390e-20 3.74393e-07 
4110.90 2.24453e-05 7.59919e-01 1.05011e-20 3.70668e-07 
4122.01 2.98477e-05 7.62170e-01 7.94572e-21 3.75083e-07 
4127.66 3.42547e-05 7.63315e-01 6.89119e-21 3.74408e-07 
4130.00 3.57280e-05 7.63787e-01 6.49438e-21 3.68461e-07 
4142.62 3.87447e-05 7.66240e-01 4.71247e-21 2.91758e-07 
4144.43 3.87468e-05 7.66573e-01 4.50009e-21 2.78867e-07 
4150.00 3.85777e-05 7.67572e-01 3.90170e-21 2.41368e-07 
4161.21 3.85701e-05 7.69554e-01 2.92466e-21 1.81848e-07 
4163.33 3.86021e-05 7.69940e-01 2.76853e-21 1.72457e-07 
4170.00 3.86538e-05 7.71193e-01 2.32941e-21 1.45767e-07 
4178.00 3.85102e-05 7.72750e-01 1.89199e-21 1.18420e-07 
4184.15 3.83388e-05 7.73960e-01 1.61138e-21 1.00713e-07 
4190.00 3.82330e-05 7.75104e-01 1.38240e-21 8.64114e-08 
4194.81 3.82343e-05 7.76035e-01 1.21845e-21 7.63446e-08 
4205.07 3.82765e-05 7.78000e-01 9.29410e-22 5.85889e-08 
4210.00 3.81711e-05 7.78932e-01 8.15687e-22 5.14000e-08 
4211.63 3.81021e-05 7.79238e-01 7.81275e-22 4.91808e-08 
4226.10 3.71966e-05 7.81910e-01 5.31331e-22 3.28767e-08 
4228.45 3.70973e-05 7.82337e-01 4.98839e-22 3.08178e-08 
4230.00 3.70543e-05 7.82614e-01 4.78611e-22 2.95552e-08 
4245.30 3.71747e-05 7.85307e-01 3.17201e-22 1.97903e-08 
4247.23 3.71598e-05 7.85640e-01 3.01090e-22 1.87941e-08 
4250.00 3.70839e-05 7.86116e-01 2.79319e-22 1.74215e-08 
4262.15 3.61204e-05 7.88191e-01 2.00899e-22 1.22720e-08 
4268.46 3.56500e-05 7.89280e-01 1.69138e-22 1.02265e-08 
4270.00 3.55832e-05 7.89548e-01 1.62180e-22 9.79425e-09 
4279.01 3.55833e-05 7.91135e-01 1.26749e-22 7.68615e-09 
4289.80 3.55800e-05 7.93040e-01 9.42170e-23 5.74105e-09 
4290.00 3.55714e-05 7.93074e-01 9.37098e-23 5.70926e-09 
4295.89 3.50893e-05 7.94098e-01 7.96682e-23 4.80076e-09 
4310.00 3.21386e-05 7.96492e-01 5.38962e-23 2.99341e-09 
4311.25 3.17516e-05 7.96700e-01 5.20538e-23 2.85785e-09 
4312.78 3.12546e-05 7.96953e-01 4.98941e-23 2.69821e-09 
4329.68 2.45699e-05 7.99710e-01 3.11376e-23 1.33352e-09 
4330.00 2.44341e-05 7.99763e-01 3.08587e-23 1.31446e-09 
4332.81 2.32650e-05 8.00220e-01 2.85229e-23 1.15824e-09 
4346.59 2.02103e-05 8.02473e-01 1.93661e-23 6.87255e-10 
4350.00 2.08186e-05 8.03027e-01 1.75912e-23 6.44003e-10 
4354.47 2.27315e-05 8.03750e-01 1.55033e-23 6.20913e-10 
4363.51 2.85608e-05 8.05185e-01 1.20051e-23 6.06449e-10 
4370.00 3.22211e-05 8.06189e-01 9.98650e-24 5.70682e-10 
4376.25 3.38886e-05 8.07130e-01 8.36160e-24 5.03862e-10 
4380.45 3.41592e-05 8.07748e-01 7.41832e-24 4.51369e-10 
4390.00 3.36675e-05 8.09107e-01 5.64731e-24 3.39974e-10 
4397.40 3.34215e-05 8.10122e-01 4.56986e-24 2.73904e-10 
4398.13 3.34136e-05 8.10220e-01 4.47545e-24 2.68259e-10 
4410.00 3.33921e-05 8.11705e-01 3.18183e-24 1.91461e-10 
4414.36 3.33256e-05 8.12141e-01 2.80679e-24 1.68814e-10 
4420.12 3.31921e-05 8.12570e-01 2.37703e-24 1.42655e-10 
4430.00 3.30592e-05 8.12944e-01 1.78649e-24 1.07073e-10 
4431.33 3.30681e-05 8.12988e-01 1.71903e-24 1.03094e-10 
4442.22 3.33363e-05 8.13660e-01 1.25342e-24 7.60290e-11 
4448.31 3.35056e-05 8.14484e-01 1.05005e-24 6.41697e-11 
4450.00 3.35377e-05 8.14767e-01 9.99790e-25 6.12010e-11 
4464.43 3.34497e-05 8.17710e-01 6.56627e-25 4.03646e-11 
4465.31 3.34270e-05 8.17900e-01 6.39983e-25 3.93315e-11 
4470.00 3.32805e-05 8.18897e-01 5.58074e-25 3.42249e-11 
4482.32 3.28547e-05 8.21394e-01 3.89549e-25 2.37212e-11 
4486.75 3.27912e-05 8.22240e-01 3.42266e-25 2.08437e-11 
4490.00 3.28093e-05 8.22840e-01 3.11328e-25 1.89977e-11 
4499.34 3.31405e-05 8.24475e-01 2.37393e-25 1.46919e-11 
4509.19 3.34191e-05 8.26070e-01 1.78743e-25 1.12012e-11 
4510.00 3.34163e-05 8.26197e-01 1.74630e-25 1.09461e-11 
4516.37 3.32152e-05 8.27161e-01 1.45796e-25 9.10721e-12 
4530.00 3.22554e-05 8.29103e-01 1.00345e-25 6.11969e-12 
4531.73 3.21370e-05 8.29340e-01 9.58861e-26 5.83017e-12 
4533.41 3.20305e-05 8.29569e-01 9.17942e-26 5.56647e-12 
4550.00 3.16574e-05 8.31731e-01 6.22682e-26 3.75542e-12 
4550.47 3.16703e-05 8.31790e-01 6.16824e-26 3.72226e-12 
4554.39 3.18273e-05 8.32270e-01 5.72272e-26 3.47552e-12 
4567.54 3.23873e-05 8.33795e-01 4.76795e-26 2.96054e-12 
4570.00 3.23838e-05 8.34069e-01 4.67225e-26 2.90332e-12 
4577.16 3.20632e-05 8.34850e-01 4.53170e-26 2.79509e-12 
4584.62 3.15535e-05 8.35647e-01 4.59768e-26 2.79792e-12 
4590.00 3.13243e-05 8.36220e-01 4.77749e-26 2.89160e-12 
4600.05 3.14999e-05 8.37310e-01 5.42351e-26 3.31254e-12 
4601.71 3.15620e-05 8.37495e-01 5.57104e-26 3.41134e-12 
4610.00 3.17383e-05 8.38443e-01 6.49505e-26 4.01110e-12 
4618.81 3.14168e-05 8.39501e-01 7.85900e-26 4.81952e-12 
4623.05 3.11671e-05 8.40030e-01 8.67244e-26 5.28426e-12 
4630.00 3.08322e-05 8.40925e-01 1.02638e-25 6.20259e-12 
4635.93 3.07517e-05 8.41705e-01 1.19051e-25 7.19151e-12 
4646.16 3.08972e-05 8.43050e-01 1.54671e-25 9.42322e-12 
4650.00 3.09628e-05 8.43544e-01 1.70816e-25 1.04437e-11 
4653.06 3.09942e-05 8.43926e-01 1.84908e-25 1.13292e-11 
4669.39 3.07794e-05 8.45620e-01 2.82619e-25 1.72910e-11 
4670.00 3.07586e-05 8.45666e-01 2.87094e-25 1.75562e-11 
4670.20 3.07516e-05 8.45681e-01 2.88560e-25 1.76428e-11 
4687.35 2.97944e-05 8.46594e-01 4.48879e-25 2.67172e-11 
4690.00 2.95919e-05 8.46712e-01 4.80333e-25 2.84150e-11 
4692.74 2.93713e-05 8.46840e-01 5.15081e-25 3.02657e-11 
4704.51 2.85795e-05 8.47514e-01 6.94002e-25 3.98108e-11 
4710.00 2.84944e-05 8.47894e-01 7.96427e-25 4.56238e-11 
4716.20 2.87314e-05 8.48370e-01 9.29782e-25 5.38071e-11 
4721.69 2.91090e-05 8.48819e-01 1.06532e-24 6.25666e-11 
4730.00 2.96284e-05 8.49421e-01 1.30702e-24 7.83247e-11 
4738.88 2.97365e-05 8.49737e-01 1.62314e-24 9.78428e-11 
4739.79 2.97246e-05 8.49740e-01 1.65919e-24 9.99956e-11 
4750.00 2.94499e-05 8.49455e-01 2.12247e-24 1.26965e-10 
4756.08 2.92650e-05 8.49237e-01 2.45452e-24 1.46055e-10 
4763.48 2.90661e-05 8.49240e-01 2.92561e-24 1.73174e-10 
4770.00 2.89194e-05 8.49675e-01 3.41070e-24 2.01246e-10 
4773.29 2.88558e-05 8.50041e-01 3.68420e-24 2.17149e-10 
4787.30 2.85628e-05 8.52350e-01 5.09820e-24 2.99123e-10 
4790.00 2.84822e-05 8.52882e-01 5.42436e-24 3.17739e-10 
4790.52 2.84652e-05 8.52986e-01 5.48939e-24 3.21430e-10 
4807.76 2.77594e-05 8.56542e-01 8.12000e-24 4.67284e-10 
4810.00 2.76718e-05 8.56988e-01 8.53953e-24 4.90359e-10 
4811.24 2.76259e-05 8.57230e-01 8.77990e-24 5.03598e-10 
4825.01 2.67625e-05 8.59633e-01 1.19258e-23 6.66422e-10 
4830.00 2.60113e-05 8.60355e-01 1.33105e-23 7.24279e-10 
4835.29 2.48054e-05 8.61020e-01 1.49456e-23 7.76994e-10 
4842.27 2.26955e-05 8.61741e-01 1.73928e-23 8.29195e-10 
4850.00 1.99383e-05 8.62425e-01 2.05460e-23 8.62584e-10 
4859.47 1.67426e-05 8.63280e-01 2.51518e-23 8.89315e-10 
4859.54 1.67236e-05 8.63287e-01 2.51910e-23 8.89712e-10 
4870.00 1.59879e-05 8.64426e-01 3.14133e-23 1.06435e-09 
4876.83 1.82071e-05 8.65211e-01 3.62382e-23 1.40149e-09 
4883.77 2.15768e-05 8.65960e-01 4.18480e-23 1.92238e-09 
4890.00 2.42569e-05 8.66550e-01 4.75810e-23 2.46204e-09 
4894.13 2.53439e-05 8.66908e-01 5.17818e-23 2.80299e-09 
4908.19 2.60092e-05 8.68110e-01 6.88559e-23 3.84138e-09 
4910.00 2.59546e-05 8.68279e-01 7.14109e-23 3.97780e-09 
4911.44 2.59156e-05 8.68417e-01 7.35063e-23 4.09021e-09 
4928.77 2.58051e-05 8.70224e-01 1.03670e-22 5.77631e-09 
4930.00 2.58180e-05 8.70357e-01 1.06214e-22 5.92343e-09 
4932.73 2.58542e-05 8.70650e-01 1.12046e-22 6.26299e-09 
4946.10 2.61168e-05 8.72003e-01 1.45280e-22 8.23815e-09 
4950.00 2.61968e-05 8.72353e-01 1.56590e-22 8.91729e-09 
4957.39 2.63162e-05 8.72930e-01 1.80349e-22 1.03394e-08 
4963.45 2.63539e-05 8.73308e-01 2.02315e-22 1.16345e-08 
4970.00 2.62998e-05 8.73653e-01 2.28872e-22 1.31572e-08 
4980.81 2.59562e-05 8.74203e-01 2.80001e-22 1.59308e-08 
4982.18 2.58948e-05 8.74280e-01 2.87184e-22 1.63067e-08 
4990.00 2.54944e-05 8.74721e-01 3.31696e-22 1.85814e-08 
4998.18 2.50530e-05 8.74921e-01 3.85164e-22 2.12427e-08 
5007.09 2.47457e-05 8.74390e-01 4.52456e-22 2.46768e-08 
5010.00 2.47245e-05 8.73972e-01 4.76741e-22 2.59818e-08 
5015.57 2.48125e-05 8.72858e-01 5.26654e-22 2.87994e-08 
5030.00 2.51698e-05 8.68838e-01 6.79650e-22 3.76353e-08 
5032.12 2.51575e-05 8.68200e-01 7.05414e-22 3.90306e-08 
5032.97 2.51458e-05 8.67949e-01 7.15880e-22 3.95865e-08 
5050.00 2.46880e-05 8.63871e-01 9.61207e-22 5.21155e-08 
5050.38 2.46849e-05 8.63818e-01 9.67450e-22 5.24481e-08 
5057.29 2.47342e-05 8.63280e-01 1.08842e-21 5.91682e-08 
5067.80 2.49313e-05 8.64216e-01 1.29996e-21 7.14564e-08 
5070.00 2.49469e-05 8.64642e-01 1.34879e-21 7.42553e-08 
5082.57 2.47581e-05 8.68140e-01 1.66233e-21 9.14176e-08 
5085.24 2.46949e-05 8.69043e-01 1.73694e-21 9.54260e-08 
5090.00 2.46011e-05 8.70729e-01 1.87816e-21 1.03089e-07 
5102.68 2.45288e-05 8.75232e-01 2.30795e-21 1.27277e-07 
5107.98 2.45044e-05 8.76910e-01 2.51328e-21 1.38872e-07 
5110.00 2.44849e-05 8.77488e-01 2.59568e-21 1.43462e-07 
5120.14 2.42824e-05 8.79920e-01 3.04998e-21 1.67972e-07 
5130.00 2.40121e-05 8.81670e-01 3.56093e-21 1.94689e-07 
5133.52 2.39214e-05 8.82190e-01 3.76217e-21 2.05175e-07 
5137.62 2.38218e-05 8.82741e-01 4.00893e-21 2.18033e-07 
5150.00 2.35179e-05 8.84115e-01 4.84988e-21 2.61437e-07 
5155.10 2.33754e-05 8.84571e-01 5.24154e-21 2.81263e-07 
5159.19 2.32571e-05 8.84900e-01 5.57645e-21 2.98066e-07 
5170.00 2.29702e-05 8.85641e-01 6.55861e-21 3.47254e-07 
5172.60 2.29147e-05 8.85799e-01 6.81748e-21 3.60334e-07 
5184.99 2.27576e-05 8.86500e-01 8.18572e-21 4.31056e-07 
5190.00 2.27519e-05 8.86777e-01 8.80775e-21 4.64288e-07 
5190.11 2.27522e-05 8.86783e-01 8.82180e-21 4.65047e-07 
5207.63 2.28216e-05 8.87614e-01 1.13578e-20 6.03152e-07 
5210.00 2.27983e-05 8.87693e-01 1.17476e-20 6.23555e-07 
5210.91 2.27849e-05 8.87720e-01 1.19012e-20 6.31468e-07 
5225.17 2.24910e-05 8.87941e-01 1.45500e-20 7.64330e-07 
5230.00 2.24878e-05 8.87940e-01 1.55640e-20 8.18230e-07 
5236.97 2.26553e-05 8.87890e-01 1.71400e-20 9.08958e-07 
5242.72 2.28109e-05 8.87814e-01 1.85483e-20 9.91398e-07 
5250.00 2.27866e-05 8.87694e-01 2.04850e-20 1.09512e-06 
5260.28 2.21206e-05 8.87527e-01 2.35313e-20 1.22336e-06 
5263.15 2.19023e-05 8.87490e-01 2.44554e-20 1.25950e-06 
5270.00 2.15605e-05 8.87429e-01 2.67886e-20 1.35981e-06 
5277.85 2.16760e-05 8.87400e-01 2.97112e-20 1.51845e-06 
5289.47 2.22077e-05 8.87410e-01 3.45723e-20 1.81423e-06 
5290.00 2.22235e-05 8.87411e-01 3.48110e-20 1.82824e-06 
5295.43 2.22900e-05 8.87434e-01 3.73387e-20 1.96893e-06 
5310.00 2.18717e-05 8.87658e-01 4.49559e-20 2.33310e-06 
5313.03 2.17296e-05 8.87755e-01 4.67082e-20 2.40993e-06 
5315.92 2.15938e-05 8.87870e-01 4.84318e-20 2.48491e-06 
5330.00 2.11905e-05 8.88720e-01 5.77046e-20 2.91587e-06 
5330.64 2.11917e-05 8.88767e-01 5.81637e-20 2.93974e-06 
5342.50 2.14630e-05 8.89690e-01 6.72401e-20 3.45323e-06 
5348.27 2.16054e-05 8.90145e-01 7.21050e-20 3.73357e-06 
5350.00 2.16276e-05 8.90281e-01 7.36271e-20 3.81812e-06 
5365.90 2.13974e-05 8.91579e-01 8.89944e-20 4.58617e-06 
5369.21 2.13255e-05 8.91870e-01 9.25285e-20 4.75675e-06 
5370.00 2.13108e-05 8.91941e-01 9.33937e-20 4.79900e-06 
5383.55 2.11750e-05 8.92903e-01 1.09364e-19 5.60395e-06 
5390.00 2.10974e-05 8.92869e-01 1.17788e-19 6.02044e-06 
5396.05 2.09656e-05 8.92310e-01 1.26218e-19 6.41422e-06 
5401.21 2.08323e-05 8.91362e-01 1.33821e-19 6.75665e-06 
5410.00 2.06511e-05 8.89240e-01 1.47716e-19 7.38773e-06 
5418.89 2.06153e-05 8.87390e-01 1.63059e-19 8.13735e-06 
5423.03 2.06344e-05 8.86940e-01 1.70692e-19 8.52838e-06 
5430.00 2.06791e-05 8.87018e-01 1.84227e-19 9.23720e-06 
5436.57 2.07028e-05 8.87756e-01 1.97862e-19 9.95252e-06 
5450.00 2.06573e-05 8.89596e-01 2.28515e-19 1.15213e-05 
5450.15 2.06560e-05 8.89610e-01 2.28878e-19 1.15394e-05 
5454.27 2.06135e-05 8.89880e-01 2.39112e-19 1.20433e-05 
5470.00 2.04159e-05 8.90062e-01 2.81942e-19 1.41078e-05 
5471.99 2.03965e-05 8.90113e-01 2.87801e-19 1.43933e-05 
5477.40 2.03545e-05 8.90430e-01 3.04328e-19 1.52089e-05 
5489.71 2.02903e-05 8.92279e-01 3.45030e-19 1.72631e-05 
5490.00 2.02889e-05 8.92334e-01 3.46043e-19 1.73146e-05 
5504.79 2.01861e-05 8.95120e-01 4.01304e-19 2.00942e-05 
5507.45 2.01569e-05 8.95507e-01 4.12025e-19 2.06201e-05 
5510.00 2.01245e-05 8.95829e-01 4.22540e-19 2.11296e-05 
5525.20 1.98946e-05 8.97029e-01 4.90136e-19 2.43293e-05 
5530.00 1.98481e-05 8.97263e-01 5.13353e-19 2.54509e-05 
5532.31 1.98364e-05 8.97370e-01 5.24863e-19 2.60202e-05 
5542.96 1.98303e-05 8.97856e-01 5.80846e-19 2.88578e-05 
5550.00 1.98073e-05 8.98139e-01 6.20602e-19 3.08461e-05 
5559.97 1.96743e-05 8.98420e-01 6.80940e-19 3.36887e-05 
5560.74 1.96608e-05 8.98434e-01 6.85773e-19 3.39097e-05 
5570.00 1.94944e-05 8.98504e-01 7.46622e-19 3.66698e-05 
5578.53 1.93735e-05 8.98442e-01 8.06678e-19 3.94314e-05 
5587.77 1.92835e-05 8.98280e-01 8.76409e-19 4.27039e-05 
5590.00 1.92671e-05 8.98231e-01 8.93957e-19 4.35367e-05 
5596.33 1.92291e-05 8.98072e-01 9.45460e-19 4.59981e-05 
5610.00 1.91811e-05 8.97615e-01 1.06537e-18 5.18023e-05 
5614.14 1.91722e-05 8.97441e-01 1.10416e-18 5.36929e-05 
5615.71 1.91689e-05 8.97370e-01 1.11915e-18 5.44232e-05 
5630.00 1.91158e-05 8.96696e-01 1.26382e-18 6.13980e-05 
5631.97 1.91020e-05 8.96617e-01 1.28496e-18 6.23967e-05 
5643.79 1.89806e-05 8.96370e-01 1.41806e-18 6.85463e-05 
5649.81 1.88967e-05 8.96411e-01 1.49019e-18 7.17947e-05 
5650.00 1.88939e-05 8.96412e-01 1.49249e-18 7.18975e-05 
5667.66 1.86428e-05 8.94958e-01 1.72229e-18 8.19876e-05 
5670.00 1.86227e-05 8.94350e-01 1.75475e-18 8.34205e-05 
5672.01 1.86099e-05 8.93710e-01 1.78309e-18 8.46784e-05 
5685.53 1.85728e-05 8.87340e-01 1.98384e-18 9.35765e-05 
5690.00 1.85515e-05 8.85066e-01 2.05414e-18 9.66097e-05 
5700.37 1.84497e-05 8.81190e-01 2.22520e-18 1.03814e-04 
5703.41 1.84180e-05 8.80691e-01 2.27753e-18 1.06069e-04 
5710.00 1.83705e-05 8.80543e-01 2.39437e-18 1.11333e-04 
5721.30 1.83758e-05 8.81811e-01 2.60615e-18 1.21630e-04 
5728.87 1.83673e-05 8.82490e-01 2.75629e-18 1.28846e-04 
5730.00 1.83604e-05 8.82513e-01 2.77928e-18 1.29902e-04 
5739.21 1.82458e-05 8.81968e-01 2.97258e-18 1.38206e-04 
5750.00 1.80825e-05 8.80673e-01 3.21282e-18 1.48099e-04 
5757.13 1.80238e-05 8.80196e-01 3.37978e-18 1.55397e-04 
5757.52 1.80216e-05 8.80190e-01 3.38911e-18 1.55817e-04 
5770.00 1.79610e-05 8.81306e-01 3.69901e-18 1.70075e-04 
5775.06 1.79205e-05 8.82382e-01 3.83073e-18 1.76104e-04 
5786.30 1.78044e-05 8.85760e-01 4.13708e-18 1.90048e-04 
5790.00 1.77679e-05 8.87100e-01 4.24190e-18 1.94882e-04 
5793.00 1.77417e-05 8.88238e-01 4.32848e-18 1.98924e-04 
5810.00 1.76341e-05 8.94498e-01 4.84557e-18 2.23552e-04 
5810.96 1.76291e-05 8.94796e-01 4.87604e-18 2.25005e-04 
5815.23 1.76061e-05 8.95990e-01 5.01409e-18 2.31552e-04 
5828.93 1.75107e-05 8.98509e-01 5.47643e-18 2.52835e-04 
5830.00 1.75007e-05 8.98670e-01 5.51401e-18 2.54516e-04 
5844.31 1.73464e-05 9.01420e-01 6.03423e-18 2.77597e-04 
5846.91 1.73220e-05 9.02158e-01 6.13260e-18 2.82082e-04 
5850.00 1.72980e-05 9.03044e-01 6.25114e-18 2.87569e-04 
5864.91 1.72132e-05 9.02509e-01 6.84743e-18 3.14070e-04 
5870.00 1.71512e-05 8.98397e-01 7.06073e-18 3.21494e-04 
5873.53 1.70865e-05 8.93730e-01 7.21149e-18 3.25616e-04 
5882.91 1.68826e-05 8.74351e-01 7.62368e-18 3.33278e-04 
5890.00 1.67772e-05 8.56801e-01 7.94632e-18 3.38692e-04 
5900.94 1.67927e-05 8.34291e-01 8.46395e-18 3.52253e-04 
5902.90 1.68065e-05 8.31730e-01 8.55940e-18 3.55543e-04 
5910.00 1.68427e-05 8.27389e-01 8.91124e-18 3.69463e-04 
5918.97 1.68068e-05 8.29726e-01 9.37068e-18 3.89368e-04 
5930.00 1.66936e-05 8.36745e-01 9.95848e-18 4.15253e-04 
5932.41 1.66692e-05 8.37940e-01 1.00906e-17 4.20919e-04 
5937.02 1.66270e-05 8.39317e-01 1.03461e-17 4.31528e-04 
5950.00 1.65321e-05 8.39759e-01 1.10907e-17 4.61192e-04 
5955.08 1.65013e-05 8.40067e-01 1.13922e-17 4.73424e-04 
5962.08 1.64593e-05 8.42160e-01 1.18164e-17 4.91600e-04 
5970.00 1.64045e-05 8.47972e-01 1.23100e-17 5.14637e-04 
5973.16 1.63786e-05 8.51122e-01 1.25106e-17 5.24411e-04 
5990.00 1.62053e-05 8.71140e-01 1.36183e-17 5.79721e-04 
5991.24 1.61908e-05 8.72586e-01 1.37027e-17 5.83878e-04 
5991.89 1.61832e-05 8.73320e-01 1.37464e-17 5.86023e-04 
6009.34 1.60016e-05 8.89646e-01 1.49696e-17 6.44675e-04 
6010.00 1.59970e-05 8.90135e-01 1.50168e-17 6.46947e-04 
6021.85 1.59420e-05 8.97670e-01 1.58879e-17 6.89255e-04 
6027.46 1.59223e-05 9.00471e-01 1.63118e-17 7.09636e-04 
6030.00 1.59116e-05 9.01596e-01 1.65061e-17 7.18804e-04 
6045.59 1.58189e-05 9.06830e-01 1.77297e-17 7.74046e-04 
6050.00 1.57942e-05 9.07876e-01 1.80863e-17 7.89863e-04 
6051.96 1.57848e-05 9.08290e-01 1.82456e-17 7.96967e-04 
6063.73 1.57362e-05 9.10255e-01 1.92231e-17 8.40524e-04 
6070.00 1.57025e-05 9.11027e-01 1.97568e-17 8.63635e-04 
6081.88 1.56042e-05 9.12228e-01 2.07914e-17 9.06127e-04 
6082.21 1.56010e-05 9.12260e-01 2.08210e-17 9.07317e-04 
6090.00 1.55286e-05 9.13005e-01 2.15165e-17 9.35228e-04 
6100.05 1.54445e-05 9.13958e-01 2.24335e-17 9.72419e-04 
6110.00 1.53561e-05 9.14869e-01 2.33633e-17 1.00957e-03 
6112.63 1.53290e-05 9.15100e-01 2.36122e-17 1.01923e-03 
6118.23 1.52652e-05 9.15578e-01 2.41477e-17 1.03950e-03 
6130.00 1.51075e-05 9.16511e-01 2.52948e-17 1.08080e-03 
6136.42 1.50123e-05 9.16976e-01 2.59322e-17 1.10276e-03 
6143.19 1.49177e-05 9.17430e-01 2.66132e-17 1.12639e-03 
6150.00 1.48432e-05 9.17850e-01 2.73075e-17 1.15180e-03 
6154.63 1.48109e-05 9.18116e-01 2.77842e-17 1.17059e-03 
6170.00 1.48002e-05 9.18920e-01 2.93974e-17 1.24183e-03 
6172.85 1.48109e-05 9.19059e-01 2.97009e-17 1.25633e-03 
6173.91 1.48155e-05 9.19110e-01 2.98141e-17 1.26180e-03 
6190.00 1.48638e-05 9.19782e-01 3.15598e-17 1.34450e-03 
6191.08 1.48620e-05 9.19813e-01 3.16786e-17 1.34968e-03 
6204.77 1.47810e-05 9.19950e-01 3.32008e-17 1.41015e-03 
6209.33 1.47452e-05 9.19865e-01 3.37133e-17 1.42937e-03 
6210.00 1.47402e-05 9.19848e-01 3.37894e-17 1.43223e-03 
6227.59 1.45827e-05 9.19460e-01 3.58006e-17 1.50489e-03 
6230.00 1.45454e-05 9.19476e-01 3.60800e-17 1.51337e-03 
6235.80 1.44340e-05 9.19660e-01 3.67546e-17 1.53158e-03 
6245.86 1.42519e-05 9.20291e-01 3.79354e-17 1.56443e-03 
6250.00 1.42171e-05 9.20377e-01 3.84250e-17 1.58195e-03 
6264.15 1.43163e-05 9.17840e-01 4.01125e-17 1.66213e-03 
6266.98 1.43451e-05 9.16520e-01 4.04528e-17 1.67793e-03 
6270.00 1.43669e-05 9.14736e-01 4.08170e-17 1.69314e-03 
6282.45 1.43298e-05 9.05187e-01 4.23259e-17 1.73635e-03 
6290.00 1.42449e-05 8.99740e-01 4.32484e-17 1.75518e-03 
6298.31 1.41394e-05 8.96280e-01 4.42685e-17 1.77876e-03 
6300.76 1.41102e-05 8.96040e-01 4.45697e-17 1.78738e-03 
6310.00 1.40250e-05 8.98066e-01 4.57107e-17 1.82886e-03 
6319.09 1.39909e-05 9.02985e-01 4.68372e-17 1.88233e-03 
6329.80 1.39477e-05 9.09680e-01 4.81708e-17 1.94755e-03 
6330.00 1.39463e-05 9.09792e-01 4.81953e-17 1.94864e-03 
6337.43 1.38713e-05 9.13511e-01 4.91217e-17 1.98582e-03 
6350.00 1.37212e-05 9.18039e-01 5.06931e-17 2.04126e-03 
6355.78 1.36759e-05 9.19650e-01 5.14161e-17 2.06905e-03 
6361.45 1.36498e-05 9.21100e-01 5.21258e-17 2.09877e-03 
6370.00 1.36351e-05 9.23198e-01 5.31947e-17 2.14726e-03 
6374.15 1.36346e-05 9.24158e-01 5.37130e-17 2.17176e-03 
6390.00 1.35913e-05 9.27131e-01 5.56906e-17 2.25740e-03 
6392.53 1.35682e-05 9.27463e-01 5.60051e-17 2.26799e-03 
6393.26 1.35606e-05 9.27550e-01 5.60962e-17 2.27088e-03 
6410.00 1.33775e-05 9.28940e-01 5.81709e-17 2.33266e-03 
6410.92 1.33723e-05 9.29018e-01 5.82847e-17 2.33684e-03 
6425.23 1.33424e-05 9.31070e-01 6.00429e-17 2.41262e-03 
6429.33 1.33196e-05 9.32074e-01 6.05441e-17 2.43277e-03 
6430.00 1.33139e-05 9.32246e-01 6.06260e-17 2.43573e-03 
6447.75 1.30715e-05 9.33516e-01 6.27757e-17 2.48640e-03 
6450.00 1.30520e-05 9.32712e-01 6.30459e-17 2.49209e-03 
6457.35 1.30347e-05 9.27500e-01 6.39248e-17 2.51225e-03 
6466.18 1.30435e-05 9.15648e-01 6.49717e-17 2.52591e-03 
6470.00 1.30320e-05 9.09380e-01 6.54209e-17 2.52523e-03 
6484.63 1.28549e-05 8.86528e-01 6.71246e-17 2.49718e-03 
6489.64 1.27884e-05 8.81520e-01 6.77003e-17 2.49335e-03 
6490.00 1.27843e-05 8.81255e-01 6.77416e-17 2.49345e-03 
6503.09 1.26839e-05 8.79552e-01 6.92269e-17 2.52832e-03 
6510.00 1.26307e-05 8.83043e-01 6.99984e-17 2.55860e-03 
6521.57 1.24438e-05 8.91288e-01 7.12711e-17 2.59513e-03 
6522.09 1.24306e-05 8.91650e-01 7.13276e-17 2.59570e-03 
6530.00 1.21567e-05 8.96580e-01 7.21823e-17 2.58627e-03 
6540.06 1.15362e-05 9.01390e-01 7.32503e-17 2.50778e-03 
6550.00 1.04371e-05 9.04826e-01 7.42847e-17 2.31318e-03 
6554.70 9.72028e-06 9.06080e-01 7.47658e-17 2.17282e-03 
6558.56 9.13229e-06 9.06971e-01 7.51575e-17 2.05531e-03 
6570.00 8.33614e-06 9.09431e-01 7.62972e-17 1.91308e-03 
6577.08 9.12124e-06 9.11336e-01 7.69862e-17 2.11886e-03 
6587.47 1.10294e-05 9.15590e-01 7.79756e-17 2.61129e-03 
6590.00 1.14052e-05 9.16995e-01 7.82121e-17 2.71365e-03 
6595.61 1.19126e-05 9.20571e-01 7.87302e-17 2.86671e-03 
6610.00 1.20365e-05 9.30961e-01 8.00220e-17 2.98378e-03 
6614.15 1.20277e-05 9.33789e-01 8.03836e-17 3.00605e-03 
6620.41 1.20625e-05 9.37490e-01 8.09202e-17 3.04978e-03 
6630.00 1.21419e-05 9.41392e-01 8.17202e-17 3.11763e-03 
6632.71 1.21533e-05 9.42157e-01 8.19411e-17 3.13280e-03 
6650.00 1.21081e-05 9.44972e-01 8.33008e-17 3.19072e-03 
6651.28 1.21013e-05 9.45106e-01 8.33975e-17 3.19371e-03 
6653.51 1.20897e-05 9.45340e-01 8.35656e-17 3.19892e-03 
6669.86 1.20183e-05 9.47158e-01 8.47483e-17 3.23920e-03 
6670.00 1.20179e-05 9.47174e-01 8.47581e-17 3.23958e-03 
6686.78 1.19781e-05 9.49020e-01 8.58822e-17 3.28630e-03 
6688.46 1.19732e-05 9.49191e-01 8.59896e-17 3.29048e-03 
6690.00 1.19681e-05 9.49344e-01 8.60875e-17 3.29411e-03 
6707.07 1.18889e-05 9.50810e-01 8.71178e-17 3.32505e-03 
6710.00 1.18755e-05 9.51014e-01 8.72848e-17 3.32984e-03 
6720.21 1.18351e-05 9.51600e-01 8.78441e-17 3.34691e-03 
6725.70 1.18103e-05 9.51834e-01 8.81297e-17 3.35433e-03 
6730.00 1.17855e-05 9.51995e-01 8.83467e-17 3.35824e-03 
6744.33 1.16777e-05 9.52582e-01 8.90230e-17 3.36219e-03 
6750.00 1.16463e-05 9.52921e-01 8.92705e-17 3.36652e-03 
6753.81 1.16352e-05 9.53210e-01 8.94309e-17 3.37228e-03 
6762.99 1.16278e-05 9.54070e-01 8.97956e-17 3.39151e-03 
6770.00 1.16192e-05 9.54666e-01 9.00544e-17 3.40444e-03 
6781.65 1.15665e-05 9.54910e-01 9.04460e-17 3.41046e-03 
6787.58 1.15313e-05 9.54410e-01 9.06268e-17 3.40808e-03 
6790.00 1.15176e-05 9.54050e-01 9.06970e-17 3.40659e-03 
6800.33 1.14676e-05 9.52136e-01 9.09734e-17 3.40047e-03 
6810.00 1.14225e-05 9.51386e-01 9.11977e-17 3.39761e-03 
6819.03 1.13724e-05 9.53393e-01 9.13774e-17 3.40102e-03 
6821.52 1.13578e-05 9.54630e-01 9.14219e-17 3.40396e-03 
6830.00 1.13094e-05 9.60640e-01 9.15569e-17 3.42008e-03 
6837.74 1.12708e-05 9.65301e-01 9.16580e-17 3.43259e-03 
6850.00 1.12200e-05 9.61034e-01 9.17753e-17 3.41249e-03 
6855.63 1.11998e-05 9.50580e-01 9.18115e-17 3.37340e-03 
6856.46 1.11969e-05 9.48442e-01 9.18159e-17 3.36552e-03 
6870.00 1.11485e-05 8.98590e-01 9.18542e-17 3.18242e-03 
6875.19 1.11274e-05 8.77112e-01 9.18522e-17 3.10276e-03 
6889.91 1.10616e-05 8.35690e-01 9.17965e-17 2.94324e-03 
6890.00 1.10612e-05 8.35593e-01 9.17959e-17 2.94280e-03 
6893.94 1.10431e-05 8.33880e-01 9.17684e-17 2.93277e-03 
6910.00 1.09679e-05 8.56831e-01 9.16029e-17 2.99455e-03 
6912.71 1.09547e-05 8.62260e-01 9.15666e-17 3.00987e-03 
6924.36 1.08980e-05 8.76740e-01 9.13831e-17 3.04360e-03 
6930.00 1.08725e-05 8.74138e-01 9.12784e-17 3.02644e-03 
6931.49 1.08661e-05 8.72464e-01 9.12491e-17 3.01856e-03 
6950.00 1.07892e-05 8.40187e-01 9.08260e-17 2.88060e-03 
6950.28 1.07879e-05 8.39802e-01 9.08189e-17 2.87883e-03 
6958.98 1.07453e-05 8.34400e-01 9.05825e-17 2.84514e-03 
6969.08 1.07000e-05 8.48331e-01 9.02790e-17 2.87497e-03 
6970.00 1.06966e-05 8.50395e-01 9.02499e-17 2.88052e-03 
6987.90 1.06340e-05 8.94101e-01 8.96331e-17 2.99794e-03 
6990.00 1.06218e-05 8.97573e-01 8.95547e-17 3.00440e-03 
6993.77 1.05950e-05 9.01690e-01 8.94106e-17 3.00735e-03 
7006.73 1.04889e-05 8.94722e-01 8.88850e-17 2.94229e-03 
7010.00 1.04681e-05 8.89654e-01 8.87453e-17 2.91660e-03 
7025.58 1.04273e-05 8.65090e-01 8.80388e-17 2.80876e-03 
7028.74 1.04230e-05 8.62540e-01 8.78878e-17 2.79578e-03 
7030.00 1.04210e-05 8.61961e-01 8.78268e-17 2.79191e-03 
7044.44 1.03791e-05 8.69979e-01 8.70990e-17 2.78902e-03 
7050.00 1.03564e-05 8.77673e-01 8.68050e-17 2.80027e-03 
7063.32 1.03004e-05 8.97388e-01 8.60699e-17 2.82890e-03 
7063.88 1.02984e-05 8.98100e-01 8.60377e-17 2.82976e-03 
7070.00 1.02810e-05 9.04564e-01 8.56854e-17 2.83612e-03 
7082.21 1.02553e-05 9.12400e-01 8.49566e-17 2.83414e-03 
7090.00 1.02012e-05 9.15417e-01 8.44741e-17 2.81555e-03 
7099.20 1.00723e-05 9.18720e-01 8.38876e-17 2.77424e-03 
7101.11 1.00435e-05 9.19516e-01 8.37639e-17 2.76535e-03 
7110.00 9.94334e-06 9.23628e-01 8.31773e-17 2.73418e-03 
7120.03 9.94572e-06 9.27772e-01 8.24968e-17 2.72847e-03 
7130.00 9.98616e-06 9.29498e-01 8.18011e-17 2.72533e-03 
7134.70 9.98606e-06 9.28930e-01 8.14669e-17 2.71430e-03 
7138.96 9.97415e-06 9.27351e-01 8.11606e-17 2.69789e-03 
7150.00 9.92117e-06 9.14984e-01 8.03519e-17 2.62544e-03 
7157.90 9.88886e-06 8.94772e-01 7.97604e-17 2.54305e-03 
7170.00 9.84450e-06 8.36803e-01 7.88361e-17 2.34415e-03 
7170.37 9.84294e-06 8.34380e-01 7.88071e-17 2.33625e-03 
7176.86 9.81342e-06 7.86771e-01 7.83016e-17 2.18423e-03 
7190.00 9.75370e-06 6.79839e-01 7.72599e-17 1.85431e-03 
7195.84 9.73399e-06 6.39568e-01 7.67893e-17 1.73174e-03 
7206.23 9.70589e-06 5.99640e-01 7.59411e-17 1.60337e-03 
7210.00 9.69549e-06 5.99195e-01 7.56296e-17 1.59474e-03 
7214.83 9.68048e-06 6.08709e-01 7.52289e-17 1.61005e-03 
7230.00 9.61752e-06 6.79343e-01 7.39516e-17 1.75857e-03 
7233.83 9.59755e-06 6.98990e-01 7.36255e-17 1.79867e-03 
7242.26 9.55397e-06 7.31890e-01 7.29022e-17 1.85852e-03 
7250.00 9.52489e-06 7.41315e-01 7.22319e-17 1.86146e-03 
7252.84 9.51897e-06 7.40215e-01 7.19843e-17 1.85190e-03 
7270.00 9.49005e-06 7.04191e-01 7.04766e-17 1.72370e-03 
7271.87 9.48196e-06 6.99052e-01 7.03105e-17 1.70607e-03 
7278.47 9.44382e-06 6.82480e-01 6.97241e-17 1.64658e-03 
7290.00 9.37296e-06 6.65949e-01 6.86915e-17 1.57352e-03 
7290.92 9.36875e-06 6.65443e-01 6.86089e-17 1.56992e-03 
7309.98 9.31924e-06 6.85965e-01 6.68844e-17 1.57343e-03 
7310.00 9.31918e-06 6.86027e-01 6.68824e-17 1.57352e-03 
7314.86 9.30401e-06 7.01730e-01 6.64397e-17 1.59734e-03 
7329.05 9.25134e-06 7.68487e-01 6.51418e-17 1.70872e-03 
7330.00 9.24825e-06 7.73516e-01 6.50547e-17 1.71726e-03 
7348.14 9.20483e-06 8.59349e-01 6.33855e-17 1.85471e-03 
7350.00 9.20053e-06 8.65451e-01 6.32137e-17 1.86242e-03 
7351.43 9.19704e-06 8.69600e-01 6.30812e-17 1.86708e-03 
7367.24 9.14629e-06 8.87674e-01 6.16201e-17 1.85545e-03 
7370.00 9.13476e-06 8.87390e-01 6.13645e-17 1.84552e-03 
7386.36 9.05285e-06 8.83638e-01 5.98497e-17 1.78022e-03 
7388.19 9.04295e-06 8.84210e-01 5.96795e-17 1.77481e-03 
7390.00 9.03321e-06 8.85182e-01 5.95120e-17 1.77030e-03 
7405.49 8.95175e-06 9.06086e-01 5.80783e-17 1.75618e-03 
7410.00 8.92869e-06 9.14624e-01 5.76607e-17 1.75652e-03 
7424.63 8.86233e-06 9.41004e-01 5.63099e-17 1.75518e-03 
7425.13 8.86056e-06 9.41740e-01 5.62634e-17 1.75487e-03 
7430.00 8.84618e-06 9.47937e-01 5.58150e-17 1.75065e-03 
7443.79 8.82282e-06 9.58303e-01 5.45480e-17 1.72825e-03 
7450.00 8.80477e-06 9.60669e-01 5.39790e-17 1.71236e-03 
7462.26 8.73734e-06 9.63900e-01 5.28601e-17 1.67237e-03 
7462.96 8.73313e-06 9.64093e-01 5.27961e-17 1.67003e-03 
7470.00 8.69602e-06 9.66212e-01 5.21565e-17 1.64795e-03 
7482.15 8.66601e-06 9.69622e-01 5.10575e-17 1.61596e-03 
7490.00 8.65774e-06 9.70710e-01 5.03510e-17 1.59554e-03 
7499.57 8.64412e-06 9.69750e-01 4.94940e-17 1.56637e-03 
7501.35 8.64086e-06 9.69213e-01 4.93352e-17 1.56026e-03 
7510.00 8.62175e-06 9.65644e-01 4.85658e-17 1.52864e-03 
7520.57 8.59259e-06 9.62292e-01 4.76319e-17 1.49109e-03 
7530.00 8.56839e-06 9.64260e-01 4.68041e-17 1.46587e-03 
7537.07 8.55488e-06 9.71150e-01 4.61876e-17 1.45597e-03 
7539.80 8.55002e-06 9.75365e-01 4.59504e-17 1.45448e-03 
7550.00 8.52688e-06 9.94028e-01 4.50685e-17 1.45188e-03 
7559.04 8.49408e-06 1.00416e+00 4.42931e-17 1.43762e-03 
7570.00 8.45068e-06 9.90631e-01 4.33616e-17 1.38334e-03 
7574.75 8.43516e-06 9.71020e-01 4.29604e-17 1.34178e-03 
7578.30 8.42491e-06 9.49717e-01 4.26620e-17 1.30225e-03 
7590.00 8.39289e-06 8.48815e-01 4.16856e-17 1.13469e-03 
7597.58 8.36900e-06 7.70225e-01 4.10593e-17 1.01228e-03 
7610.00 8.32743e-06 6.46816e-01 4.00427e-17 8.26272e-04 
7612.63 8.31911e-06 6.24780e-01 3.98294e-17 7.93352e-04 
7616.86 8.30617e-06 5.93949e-01 3.94868e-17 7.46965e-04 
7630.00 8.26667e-06 5.36214e-01 3.84345e-17 6.54391e-04 
7636.17 8.24659e-06 5.28899e-01 3.79459e-17 6.36224e-04 
7650.00 8.19125e-06 5.58632e-01 3.68627e-17 6.49603e-04 
7650.69 8.18796e-06 5.61790e-01 3.68091e-17 6.52123e-04 
7655.48 8.16400e-06 5.87856e-01 3.64382e-17 6.73949e-04 
7670.00 8.09784e-06 6.96869e-01 3.53286e-17 7.69777e-04 
7674.82 8.08458e-06 7.37440e-01 3.49649e-17 8.05392e-04 
7688.94 8.05789e-06 8.46810e-01 3.39113e-17 8.95657e-04 
7690.00 8.05544e-06 8.53616e-01 3.38333e-17 9.00629e-04 
7694.16 8.04408e-06 8.77967e-01 3.35271e-17 9.17139e-04 
7710.00 7.99285e-06 9.39816e-01 3.23778e-17 9.43996e-04 
7713.52 7.98376e-06 9.48182e-01 3.21256e-17 9.44337e-04 
7727.39 7.96101e-06 9.68230e-01 3.11454e-17 9.33892e-04 
7730.00 7.95848e-06 9.70365e-01 3.09629e-17 9.30486e-04 
7732.90 7.95592e-06 9.72304e-01 3.07612e-17 9.26322e-04 
7750.00 7.88473e-06 9.76757e-01 2.95891e-17 8.89059e-04 
7752.29 7.86000e-06 9.76730e-01 2.94345e-17 8.81876e-04 
7766.03 7.69734e-06 9.75570e-01 2.85183e-17 8.37231e-04 
7770.00 7.67720e-06 9.75299e-01 2.82569e-17 8.27578e-04 
7771.69 7.67623e-06 9.75219e-01 2.81460e-17 8.24337e-04 
7790.00 7.79132e-06 9.75356e-01 2.69664e-17 8.03633e-04 
7791.11 7.79474e-06 9.75407e-01 2.68958e-17 8.02038e-04 
7804.86 7.75589e-06 9.76180e-01 2.60350e-17 7.74475e-04 
7810.00 7.72539e-06 9.76464e-01 2.57178e-17 7.62755e-04 
7810.55 7.72234e-06 9.76491e-01 2.56842e-17 7.61533e-04 
7830.00 7.64013e-06 9.76496e-01 2.45114e-17 7.20814e-04 
7830.00 7.64012e-06 9.76495e-01 2.45111e-17 7.20806e-04 
7843.88 7.58590e-06 9.74440e-01 2.36982e-17 6.91722e-04 
7849.46 7.56660e-06 9.72882e-01 2.33770e-17 6.80007e-04 
7850.00 7.56491e-06 9.72704e-01 2.33461e-17 6.78878e-04 
7868.94 7.51502e-06 9.62943e-01 2.22812e-17 6.38717e-04 
7870.00 7.51192e-06 9.62163e-01 2.22225e-17 6.36342e-04 
7883.10 7.46761e-06 9.50110e-01 2.15089e-17 6.05611e-04 
7888.43 7.44992e-06 9.43881e-01 2.12235e-17 5.92652e-04 
7890.00 7.44516e-06 9.41955e-01 2.11400e-17 5.88856e-04 
7907.94 7.40230e-06 9.21542e-01 2.02036e-17 5.48653e-04 
7910.00 7.39748e-06 9.19849e-01 2.00980e-17 5.44571e-04 
7922.51 7.36217e-06 9.15580e-01 1.94665e-17 5.23330e-04 
7927.46 7.34445e-06 9.17454e-01 1.92212e-17 5.16870e-04 
7930.00 7.33432e-06 9.19117e-01 1.90961e-17 5.13893e-04 
7947.00 7.27340e-06 9.35726e-01 1.82756e-17 4.97605e-04 
7950.00 7.27101e-06 9.38531e-01 1.81336e-17 4.95241e-04 
7962.13 7.28889e-06 9.44570e-01 1.75688e-17 4.84831e-04 
7966.55 7.29104e-06 9.43609e-01 1.73664e-17 4.79165e-04 
7970.00 7.28498e-06 9.41686e-01 1.72097e-17 4.73685e-04 
7986.11 7.18435e-06 9.24206e-01 1.64929e-17 4.40264e-04 
7990.00 7.16518e-06 9.19123e-01 1.63237e-17 4.32404e-04 
8001.94 7.15844e-06 9.05450e-01 1.58126e-17 4.12862e-04 
8005.70 7.16208e-06 9.02486e-01 1.56544e-17 4.07793e-04 
8010.00 7.16252e-06 9.00030e-01 1.54748e-17 4.02258e-04 
8025.29 7.11743e-06 8.98231e-01 1.48502e-17 3.83556e-04 
8030.00 7.10066e-06 8.99472e-01 1.46622e-17 3.78550e-04 
8041.95 7.07417e-06 9.05350e-01 1.41936e-17 3.68018e-04 
8044.90 7.06931e-06 9.07264e-01 1.40796e-17 3.65717e-04 
8050.00 7.06024e-06 9.10849e-01 1.38848e-17 3.61847e-04 
8064.53 7.02321e-06 9.21879e-01 1.33417e-17 3.50689e-04 
8070.00 7.00689e-06 9.25846e-01 1.31418e-17 3.46350e-04 
8082.16 6.97183e-06 9.33040e-01 1.27065e-17 3.36299e-04 
8084.17 6.96662e-06 9.33909e-01 1.26357e-17 3.34567e-04 
8090.00 6.95311e-06 9.35506e-01 1.24322e-17 3.29341e-04 
8103.83 6.92997e-06 9.29502e-01 1.19607e-17 3.14305e-04 
8110.00 6.92031e-06 9.20037e-01 1.17550e-17 3.05561e-04 
8122.57 6.89517e-06 8.82220e-01 1.13456e-17 2.82206e-04 
8123.50 6.89300e-06 8.78264e-01 1.13159e-17 2.80148e-04 
8130.00 6.87650e-06 8.46365e-01 1.11092e-17 2.64620e-04 
8143.18 6.84025e-06 7.69289e-01 1.07003e-17 2.30822e-04 
8150.00 6.82564e-06 7.29585e-01 1.04939e-17 2.14406e-04 
8162.88 6.80417e-06 6.70384e-01 1.01132e-17 1.89563e-04 
8163.18 6.80339e-06 6.69400e-01 1.01045e-17 1.89107e-04 
8170.00 6.77667e-06 6.52706e-01 9.90791e-18 1.80244e-04 
8182.60 6.68567e-06 6.45796e-01 9.55347e-18 1.69909e-04 
8190.00 6.63991e-06 6.52205e-01 9.35031e-18 1.66947e-04 
8202.33 6.62000e-06 6.72120e-01 9.02033e-18 1.65725e-04 
8204.00 6.62002e-06 6.75200e-01 8.97642e-18 1.65708e-04 
8210.00 6.61837e-06 6.86282e-01 8.82007e-18 1.65574e-04 
8222.07 6.59264e-06 7.07894e-01 8.51283e-18 1.64439e-04 
8230.00 6.56799e-06 7.20979e-01 8.31618e-18 1.63156e-04 
8241.83 6.53964e-06 7.37760e-01 8.03006e-18 1.60744e-04 
8245.02 6.53600e-06 7.41550e-01 7.95455e-18 1.60023e-04 
8250.00 6.53529e-06 7.46770e-01 7.83763e-18 1.58860e-04 
8261.61 6.55245e-06 7.55817e-01 7.57113e-18 1.55944e-04 
8270.00 6.55892e-06 7.59992e-01 7.38344e-18 1.53225e-04 
8281.40 6.53444e-06 7.63063e-01 7.13513e-18 1.48319e-04 
8286.24 6.51889e-06 7.63620e-01 7.03186e-18 1.46016e-04 
8290.00 6.50785e-06 7.63812e-01 6.95264e-18 1.44229e-04 
8301.20 6.48314e-06 7.64158e-01 6.72118e-18 1.39149e-04 
8310.00 6.45466e-06 7.65631e-01 6.54427e-18 1.35294e-04 
8321.02 6.39354e-06 7.71298e-01 6.32842e-18 1.30725e-04 
8327.67 6.36247e-06 7.77840e-01 6.20132e-18 1.28661e-04 
8330.00 6.35603e-06 7.80819e-01 6.15738e-18 1.28145e-04 
8340.86 6.35896e-06 7.98781e-01 5.95598e-18 1.27029e-04 
8350.00 6.37267e-06 8.17355e-01 5.79106e-18 1.26794e-04 
8360.71 6.36283e-06 8.40363e-01 5.60304e-18 1.26098e-04 
8369.31 6.33813e-06 8.57810e-01 5.45602e-18 1.24980e-04 
8370.00 6.33579e-06 8.59113e-01 5.44440e-18 1.24868e-04 
8380.58 6.29785e-06 8.77151e-01 5.26875e-18 1.22792e-04 
8390.00 6.26794e-06 8.90592e-01 5.11654e-18 1.20633e-04 
8400.46 6.24655e-06 9.03393e-01 4.95232e-18 1.18182e-04 
8410.00 6.23153e-06 9.13840e-01 4.80663e-18 1.15884e-04 
8411.16 6.22957e-06 9.15060e-01 4.78922e-18 1.15598e-04 
8420.35 6.20959e-06 9.24499e-01 4.65297e-18 1.13228e-04 
8430.00 6.17379e-06 9.33822e-01 4.51382e-18 1.10436e-04 
8440.26 6.11388e-06 9.42906e-01 4.36993e-18 1.07038e-04 
8450.00 6.05044e-06 9.50553e-01 4.23732e-18 1.03666e-04 
8453.21 6.03138e-06 9.52840e-01 4.19437e-18 1.02576e-04 
8460.19 6.00146e-06 9.57359e-01 4.10246e-18 1.00388e-04 
8470.00 6.01013e-06 9.62580e-01 3.97636e-18 9.80873e-05 
8480.13 6.08100e-06 9.66419e-01 3.84984e-18 9.65850e-05 
8490.00 6.06281e-06 9.68467e-01 3.73018e-18 9.36094e-05 
8495.48 5.96349e-06 9.68820e-01 3.66521e-18 9.05637e-05 
8500.09 5.85995e-06 9.68673e-01 3.61137e-18 8.77183e-05 
8510.00 5.75086e-06 9.67353e-01 3.49805e-18 8.33675e-05 
8520.06 5.94157e-06 9.65374e-01 3.38637e-18 8.33100e-05 
8530.00 6.01905e-06 9.63709e-01 3.27928e-18 8.16817e-05 
8537.96 5.73741e-06 9.63200e-01 3.19581e-18 7.59085e-05 
8540.05 5.64025e-06 9.63251e-01 3.17419e-18 7.41404e-05 
8550.00 5.34988e-06 9.64493e-01 3.07319e-18 6.82532e-05 
8560.05 5.65169e-06 9.66977e-01 2.97421e-18 7.00431e-05 
8570.00 6.03923e-06 9.70046e-01 2.87914e-18 7.27681e-05 
8580.07 5.96156e-06 9.73155e-01 2.78580e-18 6.98081e-05 
8580.65 5.94587e-06 9.73320e-01 2.78053e-18 6.95091e-05 
8590.00 5.65541e-06 9.75716e-01 2.69650e-18 6.43434e-05 
8600.10 5.47731e-06 9.77779e-01 2.60839e-18 6.04794e-05 
8610.00 5.52048e-06 9.79382e-01 2.52467e-18 5.91644e-05 
8620.15 5.76662e-06 9.80714e-01 2.44141e-18 5.99159e-05 
8623.55 5.86312e-06 9.81110e-01 2.41411e-18 6.02855e-05 
8630.00 6.01759e-06 9.81812e-01 2.36308e-18 6.06546e-05 
8640.22 6.07287e-06 9.82792e-01 2.28432e-18 5.93009e-05 
8650.00 5.78601e-06 9.83579e-01 2.21119e-18 5.47967e-05 
8660.29 5.14520e-06 9.84243e-01 2.13661e-18 4.71723e-05 
8666.67 4.84663e-06 9.84570e-01 2.09163e-18 4.35459e-05 
8670.00 4.80001e-06 9.84715e-01 2.06847e-18 4.26721e-05 
8680.39 5.20660e-06 9.85066e-01 1.99778e-18 4.47744e-05 
8690.00 5.78512e-06 9.85283e-01 1.93441e-18 4.82354e-05 
8700.50 6.01986e-06 9.85438e-01 1.86735e-18 4.85186e-05 
8710.00 6.02744e-06 9.85540e-01 1.80855e-18 4.71064e-05 
8710.00 6.02744e-06 9.85540e-01 1.80854e-18 4.71062e-05 
8720.63 6.03062e-06 9.85632e-01 1.74486e-18 4.55311e-05 
8730.00 5.78690e-06 9.85659e-01 1.69042e-18 4.23746e-05 
8740.77 5.05938e-06 9.85572e-01 1.62988e-18 3.57614e-05 
8750.00 4.63950e-06 9.85350e-01 1.57959e-18 3.18082e-05 
8753.55 4.66362e-06 9.85220e-01 1.56065e-18 3.15987e-05 
8760.92 4.98600e-06 9.84866e-01 1.52200e-18 3.29622e-05 
8770.00 5.52857e-06 9.84322e-01 1.47565e-18 3.54533e-05 
8781.09 5.87644e-06 9.83603e-01 1.42082e-18 3.63031e-05 
8790.00 5.96021e-06 9.83071e-01 1.37820e-18 3.57332e-05 
8797.32 5.98951e-06 9.82720e-01 1.34409e-18 3.50367e-05 
8801.28 5.99600e-06 9.82573e-01 1.32595e-18 3.46118e-05 
8810.00 5.98228e-06 9.82248e-01 1.28687e-18 3.35368e-05 
8821.49 5.89623e-06 9.81433e-01 1.23705e-18 3.17897e-05 
8830.00 5.78059e-06 9.80210e-01 1.20130e-18 3.02571e-05 
8841.31 5.53215e-06 9.77290e-01 1.15535e-18 2.78018e-05 
8841.70 5.52003e-06 9.77154e-01 1.15377e-18 2.77001e-05 
8850.00 5.18976e-06 9.73876e-01 1.12116e-18 2.52456e-05 
8861.94 4.56324e-06 9.68687e-01 1.07578e-18 2.12144e-05 
8870.00 4.42715e-06 9.65782e-01 1.04612e-18 1.99726e-05 
8882.19 5.04608e-06 9.63904e-01 1.00277e-18 2.18089e-05 
8885.51 5.27452e-06 9.64160e-01 9.91247e-19 2.25486e-05 
8890.00 5.53723e-06 9.65078e-01 9.75889e-19 2.33389e-05 
8902.45 5.80326e-06 9.67912e-01 9.34457e-19 2.35234e-05 
8910.00 5.79357e-06 9.66847e-01 9.10170e-19 2.28680e-05 
8922.73 5.80582e-06 9.53454e-01 8.70555e-19 2.16462e-05 
8929.94 5.83194e-06 9.36230e-01 8.48873e-19 2.08358e-05 
8930.00 5.83217e-06 9.36049e-01 8.48694e-19 2.08283e-05 
8943.03 5.86762e-06 8.83892e-01 8.10802e-19 1.89315e-05 
8950.00 5.85595e-06 8.47842e-01 7.91204e-19 1.76990e-05 
8963.34 5.76176e-06 7.71314e-01 7.54948e-19 1.51390e-05 
8970.00 5.72071e-06 7.32740e-01 7.37458e-19 1.39589e-05 
8974.59 5.70567e-06 7.07170e-01 7.25628e-19 1.32277e-05 
8983.67 5.61759e-06 6.61202e-01 7.02757e-19 1.18050e-05 
8990.00 5.41763e-06 6.34227e-01 6.87225e-19 1.06865e-05 
9004.01 4.57416e-06 5.95351e-01 6.54004e-19 8.07280e-06 
9010.00 4.32259e-06 5.89762e-01 6.40288e-19 7.40363e-06 
9019.46 4.34935e-06 5.97480e-01 6.19171e-19 7.30571e-06 
9024.37 4.50861e-06 6.10165e-01 6.08479e-19 7.60458e-06 
9030.00 4.74275e-06 6.30483e-01 5.96443e-19 8.10744e-06 
9044.75 5.29886e-06 6.96469e-01 5.65981e-19 9.51055e-06 
9050.00 5.42139e-06 7.18561e-01 5.55498e-19 9.85889e-06 
9064.56 5.49233e-06 7.54210e-01 5.27409e-19 9.96933e-06 
9065.14 5.49018e-06 7.54461e-01 5.26322e-19 9.94884e-06 
9070.00 5.46796e-06 7.52523e-01 5.17269e-19 9.71834e-06 
9085.54 5.42517e-06 7.09253e-01 4.89323e-19 8.61161e-06 
9090.00 5.43343e-06 6.90265e-01 4.81586e-19 8.26516e-06 
9105.97 5.53237e-06 6.18416e-01 4.54818e-19 7.13310e-06 
9109.88 5.55396e-06 6.03160e-01 4.48476e-19 6.88985e-06 
9110.00 5.55449e-06 6.02733e-01 4.48286e-19 6.88281e-06 
9126.40 5.57138e-06 5.61165e-01 4.22647e-19 6.07091e-06 
9130.00 5.56742e-06 5.56406e-01 4.17219e-19 5.94025e-06 
9146.86 5.54477e-06 5.51144e-01 3.92661e-19 5.52537e-06 
9150.00 5.53749e-06 5.52826e-01 3.88242e-19 5.47454e-06 
9155.43 5.52064e-06 5.57350e-01 3.80715e-19 5.39907e-06 
9167.33 5.45895e-06 5.73196e-01 3.64721e-19 5.26671e-06 
9170.00 5.43933e-06 5.77663e-01 3.61219e-19 5.23942e-06 
9187.81 5.27933e-06 6.12707e-01 3.38694e-19 5.06728e-06 
9190.00 5.26189e-06 6.17371e-01 3.36024e-19 5.05007e-06 
9201.21 5.13906e-06 6.41230e-01 3.22659e-19 4.92504e-06 
9208.31 4.92017e-06 6.55580e-01 3.14456e-19 4.70186e-06 
9210.00 4.83946e-06 6.58812e-01 3.12540e-19 4.62005e-06 
9228.83 3.80723e-06 6.87235e-01 2.91891e-19 3.54817e-06 
9230.00 3.79470e-06 6.88385e-01 2.90654e-19 3.52785e-06 
9247.21 4.50853e-06 6.93530e-01 2.73015e-19 3.97394e-06 
9249.36 4.61774e-06 6.92368e-01 2.70888e-19 4.03265e-06 
9250.00 4.64682e-06 6.91936e-01 2.70261e-19 4.04642e-06 
9269.91 4.99897e-06 6.54519e-01 2.51344e-19 3.83769e-06 
9270.00 4.99972e-06 6.54239e-01 2.51264e-19 3.83545e-06 
9290.00 5.22549e-06 5.57301e-01 2.33571e-19 3.18108e-06 
9290.48 5.22906e-06 5.54110e-01 2.33164e-19 3.15967e-06 
9293.45 5.24661e-06 5.33230e-01 2.30643e-19 3.01880e-06 
9310.00 5.25360e-06 3.92554e-01 2.17095e-19 2.09836e-06 
9311.06 5.25213e-06 3.82816e-01 2.16255e-19 2.03805e-06 
9330.00 5.23472e-06 2.18324e-01 2.01755e-19 1.08299e-06 
9331.66 5.23366e-06 2.06157e-01 2.00534e-19 1.01642e-06 
9339.92 5.22839e-06 1.54960e-01 1.94545e-19 7.41096e-07 
9350.00 5.21996e-06 1.17771e-01 1.87475e-19 5.42480e-07 
9352.27 5.21747e-06 1.12923e-01 1.85920e-19 5.15715e-07 
9370.00 5.19548e-06 1.08376e-01 1.74185e-19 4.62630e-07 
9372.90 5.19243e-06 1.11818e-01 1.72339e-19 4.72129e-07 
9386.62 5.15403e-06 1.35870e-01 1.63848e-19 5.42180e-07 
9390.00 5.13081e-06 1.42583e-01 1.61819e-19 5.59589e-07 
9393.54 5.09837e-06 1.49608e-01 1.59720e-19 5.76099e-07 
9410.00 4.95902e-06 1.80487e-01 1.50313e-19 6.37310e-07 
9414.20 4.96031e-06 1.87435e-01 1.47999e-19 6.52117e-07 
9430.00 5.04031e-06 2.07575e-01 1.39609e-19 6.93396e-07 
9433.55 5.04708e-06 2.10440e-01 1.37788e-19 6.94992e-07 
9434.88 5.04749e-06 2.11326e-01 1.37114e-19 6.94653e-07 
9450.00 5.01196e-06 2.14932e-01 1.29654e-19 6.64430e-07 
9455.57 4.99936e-06 2.13724e-01 1.27007e-19 6.45959e-07 
9470.00 4.97460e-06 2.06105e-01 1.20396e-19 5.88480e-07 
9476.28 4.95795e-06 2.01391e-01 1.17625e-19 5.60278e-07 
9480.72 4.94164e-06 1.97770e-01 1.15705e-19 5.39694e-07 
9490.00 4.89169e-06 1.90041e-01 1.11788e-19 4.96467e-07 
9497.01 4.83790e-06 1.84934e-01 1.08918e-19 4.65890e-07 
9510.00 4.71862e-06 1.80014e-01 1.03785e-19 4.22048e-07 
9517.75 4.63329e-06 1.81590e-01 1.00839e-19 4.06505e-07 
9528.12 4.37352e-06 1.91200e-01 9.70218e-20 3.89152e-07 
9530.00 4.29448e-06 1.94025e-01 9.63464e-20 3.85140e-07 
9538.50 3.83763e-06 2.10497e-01 9.33443e-20 3.62075e-07 
9550.00 3.45719e-06 2.38615e-01 8.94325e-20 3.54685e-07 
9559.28 3.75059e-06 2.62045e-01 8.63930e-20 4.08603e-07 
9570.00 4.32560e-06 2.84938e-01 8.30074e-20 4.92888e-07 
9575.76 4.50834e-06 2.93580e-01 8.12419e-20 5.18346e-07 
9580.07 4.57795e-06 2.97816e-01 7.99471e-20 5.25670e-07 
9590.00 4.62719e-06 3.01738e-01 7.70373e-20 5.19267e-07 
9600.87 4.66083e-06 3.00854e-01 7.39709e-20 5.01320e-07 
9610.00 4.67561e-06 2.99957e-01 7.14908e-20 4.85058e-07 
9621.70 4.65234e-06 3.04280e-01 6.84314e-20 4.69219e-07 
9623.64 4.64798e-06 3.06040e-01 6.79353e-20 4.68167e-07 
9630.00 4.64286e-06 3.14428e-01 6.63383e-20 4.69483e-07 
9642.54 4.68063e-06 3.42394e-01 6.32975e-20 4.92416e-07 
9650.00 4.69643e-06 3.65874e-01 6.15525e-20 5.13801e-07 
9663.39 4.65703e-06 4.19854e-01 5.85405e-20 5.56823e-07 
9670.00 4.63058e-06 4.51767e-01 5.71078e-20 5.81561e-07 
9671.76 4.62553e-06 4.60820e-01 5.67321e-20 5.88777e-07 
9684.26 4.61623e-06 5.30224e-01 5.41335e-20 6.45955e-07 
9690.00 4.62321e-06 5.63536e-01 5.29802e-20 6.73327e-07 
9705.15 4.64994e-06 6.47993e-01 5.00514e-20 7.36817e-07 
9710.00 4.65336e-06 6.72117e-01 4.91477e-20 7.51376e-07 
9720.12 4.64342e-06 7.14470e-01 4.73144e-20 7.68087e-07 
9726.05 4.63001e-06 7.32817e-01 4.62710e-20 7.68682e-07 
9730.00 4.61952e-06 7.41786e-01 4.55894e-20 7.65202e-07 
9746.97 4.57555e-06 7.43779e-01 4.27705e-20 7.14208e-07 
9750.00 4.56979e-06 7.36818e-01 4.22861e-20 6.98848e-07 
9767.91 4.56690e-06 6.39770e-01 3.95299e-20 5.67931e-07 
9768.72 4.56845e-06 6.32870e-01 3.94094e-20 5.60330e-07 
9770.00 4.57127e-06 6.21487e-01 3.92198e-20 5.48016e-07 
9788.86 4.67497e-06 3.79489e-01 3.65302e-20 3.19364e-07 
