##### EXOPHOT SPECTRAL OVERLAP FILE #####
# Date: 01/12/2021 13:15:00
# SED file: SED_g2v.txt
# atmosphere file: atm_g2v_hzo_os3.txt
# photopigment file: ChlB.txt
# Stellar radius (Rs in km): 6.963400e+05
# Exoplanet orbit semi-major axis (sma in km): 1.672066e+08
# Total absorption rate (gamma_t in s-1): 8.85626e+00
# B band absorption rate (gamma_B in s-1): 5.88726e+00
# Q band absorption rate (gamma_Q in s-1): 2.96900e+00
# B-Q bands cut-off (in nm): 500
# photosynthetic photon flux density [ppfd in micromol photon m-2 s-1]: 1.70413e+03
# Total Stellar Irradiance (S in W m-2): 1.07502e+03
# -------------------------------------------------
# Col 1: Wavelength (wl in Angstrom) 
# Col 2: Spectral Flux Density (F_l in J cm-2 s-1 A-1) 
# Col 3: Atmosphere transmitance (T, no units) 
# Col 4: Pigment absorption cross section (sigma_abs in cm-2) 
# Col 5: Spectral Absorption Rate (Gamma_lambda in A-1 s-1)
3000.00 4.04367e-06 3.71837e-01 1.38924e-16 3.15465e-04 
3010.00 4.73536e-06 3.76500e-01 1.10076e-16 2.97371e-04 
3010.56 4.76288e-06 3.76760e-01 1.09684e-16 2.98295e-04 
3020.00 5.09141e-06 3.81148e-01 1.10817e-16 3.26941e-04 
3025.61 5.19304e-06 3.83750e-01 1.11610e-16 3.38773e-04 
3030.00 5.24246e-06 3.85783e-01 1.11624e-16 3.44352e-04 
3040.00 5.31914e-06 3.90408e-01 1.12293e-16 3.56871e-04 
3040.74 5.32544e-06 3.90750e-01 1.12353e-16 3.57883e-04 
3050.00 5.45207e-06 3.95025e-01 1.12966e-16 3.73558e-04 
3055.94 5.59443e-06 3.97760e-01 1.13322e-16 3.87935e-04 
3060.00 5.69181e-06 3.99622e-01 1.13517e-16 3.97745e-04 
3070.00 5.76852e-06 4.04201e-01 1.13788e-16 4.10035e-04 
3071.22 5.75004e-06 4.04760e-01 1.13822e-16 4.09572e-04 
3080.00 5.49650e-06 4.08771e-01 1.14022e-16 3.97216e-04 
3086.58 5.34471e-06 4.11770e-01 1.13936e-16 3.89620e-04 
3090.00 5.34673e-06 4.13326e-01 1.13827e-16 3.91297e-04 
3100.00 5.73000e-06 4.17860e-01 1.13471e-16 4.23990e-04 
3102.01 5.83557e-06 4.18770e-01 1.13420e-16 4.32827e-04 
3110.00 6.15955e-06 4.22376e-01 1.13169e-16 4.60955e-04 
3117.52 6.16083e-06 4.25760e-01 1.12609e-16 4.63564e-04 
3120.00 6.10658e-06 4.26873e-01 1.12366e-16 4.60054e-04 
3130.00 5.77170e-06 4.31351e-01 1.11322e-16 4.36701e-04 
3133.11 5.66925e-06 4.32740e-01 1.11039e-16 4.29663e-04 
3140.00 5.50504e-06 4.35811e-01 1.10447e-16 4.18855e-04 
3148.77 5.50121e-06 4.39710e-01 1.09588e-16 4.20196e-04 
3150.00 5.52539e-06 4.40253e-01 1.09464e-16 4.22250e-04 
3160.00 5.87894e-06 4.44679e-01 1.08535e-16 4.51362e-04 
3164.52 6.01890e-06 4.46670e-01 1.08210e-16 4.63450e-04 
3170.00 6.05290e-06 4.49077e-01 1.07881e-16 4.67964e-04 
3180.00 5.65691e-06 4.53451e-01 1.07411e-16 4.41070e-04 
3180.34 5.63972e-06 4.53600e-01 1.07400e-16 4.39876e-04 
3190.00 5.34937e-06 4.57810e-01 1.07273e-16 4.21883e-04 
3196.24 5.52696e-06 4.60520e-01 1.07371e-16 4.39730e-04 
3200.00 5.70742e-06 4.62146e-01 1.07483e-16 4.56703e-04 
3210.00 5.93438e-06 4.66455e-01 1.08003e-16 4.83115e-04 
3212.22 5.85693e-06 4.67410e-01 1.08192e-16 4.78950e-04 
3220.00 5.31892e-06 4.70742e-01 1.08967e-16 4.42262e-04 
3228.29 4.86945e-06 4.74280e-01 1.09787e-16 4.12062e-04 
3230.00 4.86517e-06 4.75011e-01 1.09980e-16 4.13277e-04 
3240.00 5.58938e-06 4.79259e-01 1.11372e-16 4.86606e-04 
3244.43 6.14168e-06 4.81130e-01 1.12063e-16 5.40846e-04 
3250.00 6.84092e-06 4.83475e-01 1.12932e-16 6.11099e-04 
3260.00 7.73708e-06 4.87668e-01 1.14473e-16 7.08833e-04 
3260.65 7.77754e-06 4.87940e-01 1.14581e-16 7.13752e-04 
3270.00 8.13357e-06 4.91852e-01 1.16193e-16 7.65187e-04 
3276.95 8.14689e-06 4.94720e-01 1.17250e-16 7.79572e-04 
3280.00 8.10278e-06 4.95958e-01 1.17654e-16 7.80697e-04 
3290.00 7.84544e-06 4.99976e-01 1.18778e-16 7.71652e-04 
3293.34 7.74858e-06 5.01320e-01 1.19109e-16 7.67079e-04 
3300.00 7.57112e-06 5.04030e-01 1.19654e-16 7.58543e-04 
3309.80 7.39855e-06 5.08040e-01 1.20094e-16 7.52126e-04 
3310.00 7.39668e-06 5.08120e-01 1.20101e-16 7.52144e-04 
3320.00 7.38883e-06 5.12173e-01 1.20392e-16 7.61465e-04 
3326.35 7.45340e-06 5.14730e-01 1.20382e-16 7.73372e-04 
3330.00 7.50665e-06 5.16194e-01 1.20346e-16 7.81730e-04 
3340.00 7.60911e-06 5.20192e-01 1.20212e-16 8.00045e-04 
3342.98 7.57564e-06 5.21380e-01 1.20100e-16 7.98317e-04 
3350.00 7.26242e-06 5.24164e-01 1.19719e-16 7.68560e-04 
3359.70 6.27702e-06 5.27990e-01 1.19108e-16 6.67640e-04 
3360.00 6.24394e-06 5.28108e-01 1.19088e-16 6.64219e-04 
3370.00 5.46843e-06 5.32027e-01 1.18392e-16 5.84348e-04 
3376.50 5.55786e-06 5.34560e-01 1.17893e-16 5.95361e-04 
3380.00 5.75381e-06 5.35921e-01 1.17600e-16 6.17028e-04 
3390.00 6.39330e-06 5.39789e-01 1.16645e-16 6.86968e-04 
3393.38 6.50817e-06 5.41090e-01 1.16278e-16 6.99491e-04 
3400.00 6.56700e-06 5.43628e-01 1.15528e-16 7.05925e-04 
3410.00 6.52699e-06 5.47438e-01 1.14381e-16 7.01584e-04 
3410.35 6.52809e-06 5.47570e-01 1.14340e-16 7.01691e-04 
3420.00 6.67126e-06 5.51219e-01 1.13123e-16 7.16197e-04 
3427.40 6.85021e-06 5.54000e-01 1.12057e-16 7.33738e-04 
3430.00 6.90927e-06 5.54975e-01 1.11655e-16 7.39265e-04 
3440.00 7.07343e-06 5.58706e-01 1.10087e-16 7.53411e-04 
3444.54 7.12424e-06 5.60390e-01 1.09448e-16 7.57686e-04 
3450.00 7.17633e-06 5.62411e-01 1.08627e-16 7.61437e-04 
3460.00 7.27971e-06 5.66087e-01 1.06791e-16 7.66535e-04 
3461.76 7.30368e-06 5.66730e-01 1.06491e-16 7.68160e-04 
3470.00 7.46175e-06 5.69734e-01 1.05231e-16 7.81466e-04 
3479.07 7.74559e-06 5.73020e-01 1.03908e-16 8.07720e-04 
3480.00 7.78039e-06 5.73357e-01 1.03782e-16 8.11058e-04 
3490.00 8.19614e-06 5.76959e-01 1.02593e-16 8.52355e-04 
3496.46 8.47044e-06 5.79270e-01 1.01915e-16 8.80188e-04 
3500.00 8.58553e-06 5.80528e-01 1.01564e-16 8.91916e-04 
3510.00 8.58666e-06 5.84062e-01 1.00708e-16 8.92438e-04 
3513.95 8.40408e-06 5.85450e-01 1.00461e-16 8.74373e-04 
3520.00 8.04377e-06 5.87574e-01 1.00142e-16 8.38697e-04 
3530.00 7.86410e-06 5.91064e-01 9.97063e-17 8.23576e-04 
3531.51 7.94016e-06 5.91590e-01 9.96751e-17 8.32379e-04 
3540.00 8.71037e-06 5.94523e-01 9.95724e-17 9.18905e-04 
3549.17 9.22241e-06 5.97670e-01 9.92880e-17 9.77807e-04 
3550.00 9.20407e-06 5.97953e-01 9.92666e-17 9.76341e-04 
3560.00 8.08625e-06 6.01359e-01 9.91060e-17 8.63683e-04 
3566.92 6.99384e-06 6.03700e-01 9.88935e-17 7.49759e-04 
3570.00 6.61742e-06 6.04738e-01 9.88001e-17 7.10566e-04 
3580.00 6.25136e-06 6.08087e-01 9.85821e-17 6.75375e-04 
3584.75 6.40613e-06 6.09670e-01 9.83929e-17 6.93485e-04 
3590.00 6.69546e-06 6.11412e-01 9.80430e-17 7.25353e-04 
3600.00 7.30630e-06 6.14712e-01 9.68960e-17 7.88680e-04 
3602.68 7.45603e-06 6.15590e-01 9.64953e-17 8.03256e-04 
3610.00 7.78364e-06 6.17979e-01 9.52557e-17 8.32679e-04 
3620.00 7.96560e-06 6.21217e-01 9.33477e-17 8.41778e-04 
3620.69 7.96789e-06 6.21440e-01 9.32088e-17 8.41228e-04 
3630.00 7.90042e-06 6.24438e-01 9.13289e-17 8.23337e-04 
3638.79 7.94315e-06 6.27250e-01 8.98287e-17 8.19840e-04 
3640.00 8.01880e-06 6.27634e-01 8.96733e-17 8.26997e-04 
3650.00 9.18777e-06 6.30797e-01 8.90157e-17 9.47944e-04 
3656.99 9.64778e-06 6.32990e-01 8.90623e-17 1.00130e-03 
3660.00 9.69973e-06 6.33931e-01 8.90348e-17 1.00871e-03 
3670.00 9.48084e-06 6.37040e-01 8.83198e-17 9.85510e-04 
3675.27 9.25832e-06 6.38670e-01 8.78126e-17 9.60679e-04 
3680.00 9.07792e-06 6.40127e-01 8.72607e-17 9.39381e-04 
3690.00 9.00310e-06 6.43190e-01 8.57886e-17 9.22805e-04 
3693.65 9.14164e-06 6.44300e-01 8.53540e-17 9.34792e-04 
3700.00 9.45772e-06 6.46223e-01 8.47027e-17 9.64254e-04 
3710.00 9.43462e-06 6.49227e-01 8.35633e-17 9.55947e-04 
3712.12 9.24953e-06 6.49860e-01 8.33181e-17 9.35888e-04 
3720.00 8.13822e-06 6.52208e-01 8.25807e-17 8.20842e-04 
3730.00 6.82783e-06 6.55170e-01 8.21677e-17 6.90192e-04 
3730.68 6.78260e-06 6.55370e-01 8.21339e-17 6.85672e-04 
3740.00 6.83285e-06 6.58113e-01 8.15559e-17 6.90483e-04 
3749.33 7.64028e-06 6.60810e-01 8.12012e-17 7.73794e-04 
3750.00 7.70813e-06 6.61000e-01 8.11774e-17 7.80801e-04 
3760.00 8.66514e-06 6.63807e-01 8.07301e-17 8.78950e-04 
3768.08 9.22842e-06 6.66050e-01 8.02857e-17 9.36085e-04 
3770.00 9.31646e-06 6.66585e-01 8.01527e-17 9.44689e-04 
3780.00 9.51049e-06 6.69375e-01 7.90974e-17 9.58186e-04 
3786.92 9.57404e-06 6.71310e-01 7.79285e-17 9.54824e-04 
3790.00 9.63778e-06 6.72171e-01 7.73959e-17 9.56616e-04 
3800.00 9.91699e-06 6.74958e-01 7.57901e-17 9.70456e-04 
3805.85 9.76639e-06 6.76580e-01 7.45690e-17 9.44032e-04 
3810.00 9.33701e-06 6.77724e-01 7.35839e-17 8.93082e-04 
3820.00 7.24006e-06 6.80462e-01 7.09724e-17 6.72391e-04 
3824.88 6.22248e-06 6.81790e-01 6.95083e-17 5.67796e-04 
3830.00 5.61137e-06 6.83176e-01 6.78983e-17 5.01860e-04 
3840.00 6.24908e-06 6.85868e-01 6.47095e-17 5.36141e-04 
3844.01 6.83022e-06 6.86940e-01 6.33652e-17 5.75323e-04 
3850.00 7.55976e-06 6.88537e-01 6.13409e-17 6.18827e-04 
3860.00 7.72016e-06 6.91182e-01 5.81980e-17 6.03444e-04 
3863.23 7.60392e-06 6.92030e-01 5.72626e-17 5.86012e-04 
3870.00 7.37930e-06 6.93801e-01 5.53800e-17 5.52379e-04 
3880.00 7.60575e-06 6.96394e-01 5.28106e-17 5.46354e-04 
3882.54 7.79455e-06 6.97050e-01 5.22643e-17 5.55008e-04 
3890.00 8.67411e-06 6.98965e-01 5.09256e-17 6.04630e-04 
3900.00 1.02357e-05 7.01514e-01 4.95033e-17 6.97869e-04 
3901.96 1.04368e-05 7.02010e-01 4.92523e-17 7.08829e-04 
3910.00 1.02425e-05 7.04042e-01 4.84059e-17 6.87075e-04 
3920.00 7.43310e-06 7.06545e-01 4.79547e-17 4.96994e-04 
3921.46 6.97136e-06 7.06910e-01 4.79093e-17 4.66094e-04 
3930.00 5.38993e-06 7.09023e-01 4.78286e-17 3.61615e-04 
3940.00 7.20587e-06 7.11478e-01 4.84480e-17 4.92655e-04 
3941.07 7.50500e-06 7.11740e-01 4.85231e-17 5.14230e-04 
3950.00 9.17055e-06 7.13916e-01 4.91706e-17 6.40130e-04 
3960.00 7.67615e-06 7.16333e-01 5.03445e-17 5.51860e-04 
3960.78 7.49641e-06 7.16520e-01 5.04534e-17 5.40351e-04 
3970.00 6.32821e-06 7.18725e-01 5.17936e-17 4.70797e-04 
3980.00 8.87972e-06 7.21093e-01 5.31433e-17 6.81781e-04 
3980.58 9.10346e-06 7.21230e-01 5.32217e-17 7.00227e-04 
3990.00 1.24601e-05 7.23440e-01 5.45503e-17 9.87684e-04 
4000.00 1.36345e-05 7.25768e-01 5.61142e-17 1.11813e-03 
4000.48 1.36376e-05 7.25880e-01 5.61960e-17 1.12033e-03 
4010.00 1.33341e-05 7.28075e-01 5.77927e-17 1.13261e-03 
4020.00 1.31799e-05 7.30359e-01 5.90812e-17 1.15093e-03 
4020.49 1.31797e-05 7.30470e-01 5.91361e-17 1.15229e-03 
4030.00 1.31859e-05 7.32619e-01 6.02780e-17 1.18134e-03 
4040.00 1.30317e-05 7.34859e-01 6.17998e-17 1.20364e-03 
4040.59 1.30159e-05 7.34990e-01 6.18804e-17 1.20414e-03 
4050.00 1.26673e-05 7.37081e-01 6.30080e-17 1.19942e-03 
4060.00 1.22219e-05 7.39286e-01 6.44839e-17 1.19083e-03 
4060.79 1.21987e-05 7.39460e-01 6.46272e-17 1.19173e-03 
4070.00 1.22725e-05 7.41471e-01 6.64606e-17 1.23911e-03 
4080.00 1.31851e-05 7.43634e-01 6.85101e-17 1.37969e-03 
4081.10 1.33038e-05 7.43870e-01 6.87628e-17 1.39806e-03 
4090.00 1.40342e-05 7.45775e-01 7.11789e-17 1.53389e-03 
4100.00 1.39429e-05 7.47894e-01 7.45856e-17 1.60530e-03 
4101.50 1.38766e-05 7.48210e-01 7.51260e-17 1.61051e-03 
4110.00 1.35201e-05 7.49992e-01 7.84283e-17 1.64541e-03 
4120.00 1.35026e-05 7.52074e-01 8.33492e-17 1.75550e-03 
4122.01 1.35350e-05 7.52490e-01 8.44685e-17 1.78519e-03 
4130.00 1.36549e-05 7.54140e-01 8.92871e-17 1.91162e-03 
4140.00 1.36290e-05 7.56187e-01 9.61389e-17 2.06498e-03 
4142.62 1.36093e-05 7.56720e-01 9.81176e-17 2.10725e-03 
4150.00 1.36006e-05 7.58212e-01 1.04168e-16 2.24417e-03 
4160.00 1.37507e-05 7.60216e-01 1.13437e-16 2.48332e-03 
4163.33 1.37909e-05 7.60880e-01 1.16720e-16 2.56694e-03 
4170.00 1.37568e-05 7.62204e-01 1.23607e-16 2.72077e-03 
4180.00 1.33525e-05 7.64177e-01 1.34795e-16 2.89419e-03 
4184.15 1.31629e-05 7.64990e-01 1.39590e-16 2.96067e-03 
4190.00 1.29994e-05 7.66130e-01 1.46537e-16 3.07830e-03 
4200.00 1.31214e-05 7.68065e-01 1.58902e-16 3.38595e-03 
4205.07 1.32329e-05 7.69040e-01 1.65022e-16 3.55502e-03 
4210.00 1.32622e-05 7.69985e-01 1.70786e-16 3.69618e-03 
4220.00 1.29661e-05 7.71887e-01 1.81702e-16 3.86331e-03 
4226.10 1.27396e-05 7.73030e-01 1.87519e-16 3.92880e-03 
4230.00 1.26605e-05 7.73755e-01 1.90993e-16 3.98415e-03 
4240.00 1.27760e-05 7.75580e-01 1.99252e-16 4.21418e-03 
4247.23 1.28867e-05 7.76870e-01 2.04278e-16 4.37261e-03 
4250.00 1.28748e-05 7.77359e-01 2.05974e-16 4.41048e-03 
4260.00 1.25000e-05 7.79106e-01 2.10983e-16 4.40641e-03 
4268.46 1.20534e-05 7.80590e-01 2.13801e-16 4.32253e-03 
4270.00 1.19869e-05 7.80862e-01 2.14198e-16 4.30970e-03 
4280.00 1.16467e-05 7.82651e-01 2.16098e-16 4.24415e-03 
4289.80 1.09258e-05 7.84410e-01 2.16801e-16 4.01254e-03 
4290.00 1.09023e-05 7.84445e-01 2.16802e-16 4.00426e-03 
4300.00 9.46444e-06 7.86215e-01 2.16305e-16 3.48413e-03 
4310.00 9.08591e-06 7.87962e-01 2.15487e-16 3.34730e-03 
4311.25 9.22439e-06 7.88180e-01 2.15373e-16 3.39845e-03 
4320.00 1.11158e-05 7.89693e-01 2.14393e-16 4.09277e-03 
4330.00 1.32475e-05 7.91410e-01 2.12955e-16 4.86670e-03 
4332.81 1.34454e-05 7.91890e-01 2.12693e-16 4.93950e-03 
4340.00 1.32207e-05 7.93113e-01 2.12592e-16 4.87023e-03 
4350.00 1.26163e-05 7.94801e-01 2.13892e-16 4.69675e-03 
4354.47 1.27640e-05 7.95550e-01 2.14865e-16 4.78275e-03 
4360.00 1.32375e-05 7.96471e-01 2.16603e-16 5.01246e-03 
4370.00 1.39360e-05 7.98124e-01 2.22063e-16 5.43363e-03 
4376.25 1.37155e-05 7.99150e-01 2.27094e-16 5.48367e-03 
4380.00 1.34051e-05 7.99764e-01 2.30720e-16 5.45399e-03 
4390.00 1.26563e-05 8.01390e-01 2.42683e-16 5.43974e-03 
4398.13 1.27716e-05 8.02700e-01 2.55396e-16 5.79701e-03 
4400.00 1.28813e-05 8.03000e-01 2.58826e-16 5.93007e-03 
4410.00 1.36749e-05 8.04593e-01 2.79921e-16 6.83752e-03 
4420.00 1.43431e-05 8.06172e-01 3.03489e-16 7.80836e-03 
4420.12 1.43490e-05 8.06190e-01 3.03791e-16 7.81972e-03 
4430.00 1.46331e-05 8.07737e-01 3.31684e-16 8.74296e-03 
4440.00 1.45235e-05 8.09288e-01 3.63584e-16 9.55178e-03 
4442.22 1.44872e-05 8.09630e-01 3.71067e-16 9.73296e-03 
4450.00 1.44765e-05 8.10822e-01 3.98519e-16 1.04790e-02 
4460.00 1.48697e-05 8.12341e-01 4.35760e-16 1.18181e-02 
4464.43 1.50812e-05 8.13010e-01 4.51927e-16 1.24534e-02 
4470.00 1.52589e-05 8.13850e-01 4.72011e-16 1.31902e-02 
4480.00 1.52454e-05 8.15348e-01 5.07685e-16 1.42324e-02 
4486.75 1.52995e-05 8.16350e-01 5.29977e-16 1.49508e-02 
4490.00 1.54367e-05 8.16829e-01 5.40231e-16 1.53969e-02 
4500.00 1.63183e-05 8.18290e-01 5.69106e-16 1.72152e-02 
4509.19 1.68828e-05 8.19620e-01 5.88292e-16 1.84787e-02 
4510.00 1.68840e-05 8.19738e-01 5.89726e-16 1.85311e-02 
4520.00 1.62238e-05 8.21177e-01 6.03824e-16 1.83046e-02 
4530.00 1.53063e-05 8.22605e-01 6.08324e-16 1.74670e-02 
4531.73 1.52254e-05 8.22850e-01 6.08281e-16 1.73853e-02 
4540.00 1.52396e-05 8.24015e-01 6.04833e-16 1.73590e-02 
4550.00 1.58111e-05 8.25411e-01 5.92678e-16 1.77169e-02 
4554.39 1.61247e-05 8.26020e-01 5.85079e-16 1.78669e-02 
4560.00 1.64839e-05 8.26797e-01 5.73446e-16 1.79407e-02 
4570.00 1.67449e-05 8.28173e-01 5.47285e-16 1.74605e-02 
4577.16 1.64808e-05 8.29150e-01 5.25048e-16 1.65321e-02 
4580.00 1.63164e-05 8.29535e-01 5.15649e-16 1.60917e-02 
4590.00 1.58404e-05 8.30880e-01 4.81085e-16 1.46306e-02 
4600.00 1.59343e-05 8.32214e-01 4.45606e-16 1.36836e-02 
4600.05 1.59356e-05 8.32220e-01 4.45433e-16 1.36797e-02 
4610.00 1.61994e-05 8.33539e-01 4.08392e-16 1.27975e-02 
4620.00 1.61510e-05 8.34853e-01 3.70799e-16 1.16282e-02 
4623.05 1.60946e-05 8.35250e-01 3.59164e-16 1.12367e-02 
4630.00 1.59751e-05 8.36151e-01 3.32521e-16 1.03526e-02 
4640.00 1.59569e-05 8.37434e-01 2.95624e-16 9.22739e-03 
4646.16 1.60330e-05 8.38220e-01 2.74828e-16 8.63876e-03 
4650.00 1.61066e-05 8.38708e-01 2.62528e-16 8.30165e-03 
4660.00 1.63450e-05 8.39972e-01 2.32054e-16 7.47393e-03 
4669.39 1.65060e-05 8.41150e-01 2.04957e-16 6.68899e-03 
4670.00 1.65106e-05 8.41226e-01 2.03186e-16 6.63451e-03 
4680.00 1.64567e-05 8.42467e-01 1.74418e-16 5.69713e-03 
4690.00 1.61808e-05 8.43695e-01 1.50552e-16 4.85253e-03 
4692.74 1.60722e-05 8.44030e-01 1.44381e-16 4.62694e-03 
4700.00 1.57777e-05 8.44912e-01 1.28417e-16 4.05041e-03 
4710.00 1.55875e-05 8.46117e-01 1.08393e-16 3.38964e-03 
4716.20 1.57182e-05 8.46860e-01 9.73200e-17 3.07563e-03 
4720.00 1.58668e-05 8.47313e-01 9.10345e-17 2.90807e-03 
4730.00 1.62921e-05 8.48499e-01 7.63292e-17 2.51248e-03 
4739.79 1.64971e-05 8.49650e-01 6.47748e-17 2.16638e-03 
4740.00 1.64992e-05 8.49675e-01 6.45412e-17 2.15901e-03 
4750.00 1.65432e-05 8.50839e-01 5.43515e-17 1.82935e-03 
4760.00 1.65560e-05 8.51991e-01 4.60430e-17 1.55627e-03 
4763.48 1.65585e-05 8.52390e-01 4.35830e-17 1.47511e-03 
4770.00 1.65593e-05 8.53132e-01 3.94053e-17 1.33676e-03 
4780.00 1.65416e-05 8.54261e-01 3.37465e-17 1.14749e-03 
4787.30 1.64970e-05 8.55080e-01 3.03606e-17 1.03213e-03 
4790.00 1.64703e-05 8.55381e-01 2.92500e-17 9.93677e-04 
4800.00 1.63425e-05 8.56493e-01 2.56444e-17 8.67361e-04 
4810.00 1.62974e-05 8.57594e-01 2.28341e-17 7.72776e-04 
4811.24 1.63060e-05 8.57730e-01 2.25434e-17 7.63658e-04 
4820.00 1.64293e-05 8.58684e-01 2.07618e-17 7.10703e-04 
4830.00 1.65117e-05 8.59763e-01 1.90527e-17 6.57653e-04 
4835.29 1.64351e-05 8.60330e-01 1.82452e-17 6.27958e-04 
4840.00 1.62682e-05 8.60832e-01 1.75462e-17 5.98701e-04 
4850.00 1.55442e-05 8.61893e-01 1.59977e-17 5.23290e-04 
4859.47 1.44861e-05 8.62890e-01 1.49767e-17 4.57969e-04 
4860.00 1.44311e-05 8.62945e-01 1.49844e-17 4.56543e-04 
4870.00 1.38837e-05 8.63989e-01 1.58677e-17 4.66635e-04 
4880.00 1.46383e-05 8.65023e-01 1.50150e-17 4.67074e-04 
4883.77 1.50783e-05 8.65410e-01 1.46764e-17 4.70838e-04 
4890.00 1.56950e-05 8.66046e-01 1.43918e-17 4.81559e-04 
4900.00 1.59592e-05 8.67059e-01 1.42885e-17 4.87716e-04 
4908.19 1.57535e-05 8.67880e-01 1.41887e-17 4.79318e-04 
4910.00 1.56929e-05 8.68061e-01 1.41738e-17 4.77250e-04 
4920.00 1.54216e-05 8.69055e-01 1.41624e-17 4.70110e-04 
4930.00 1.53675e-05 8.70042e-01 1.40553e-17 4.66394e-04 
4932.73 1.54083e-05 8.70310e-01 1.40390e-17 4.67493e-04 
4940.00 1.56100e-05 8.71023e-01 1.40056e-17 4.73570e-04 
4950.00 1.59603e-05 8.71997e-01 1.38947e-17 4.81874e-04 
4957.39 1.61455e-05 8.72710e-01 1.39151e-17 4.89312e-04 
4960.00 1.61804e-05 8.72960e-01 1.39406e-17 4.91666e-04 
4970.00 1.61048e-05 8.73912e-01 1.41050e-17 4.96680e-04 
4980.00 1.56567e-05 8.74856e-01 1.42885e-17 4.90657e-04 
4982.18 1.55274e-05 8.75060e-01 1.42441e-17 4.85416e-04 
4990.00 1.50418e-05 8.75791e-01 1.40247e-17 4.64108e-04 
5000.00 1.45369e-05 8.76719e-01 1.42235e-17 4.56282e-04 
5007.09 1.43981e-05 8.77370e-01 1.42272e-17 4.53018e-04 
5010.00 1.44209e-05 8.77635e-01 1.42044e-17 4.53410e-04 
5020.00 1.48189e-05 8.78541e-01 1.42159e-17 4.67713e-04 
5030.00 1.52387e-05 8.79439e-01 1.42503e-17 4.83581e-04 
5032.12 1.52713e-05 8.79630e-01 1.42431e-17 4.84679e-04 
5040.00 1.52407e-05 8.80335e-01 1.42159e-17 4.83928e-04 
5050.00 1.52135e-05 8.81226e-01 1.42771e-17 4.86599e-04 
5057.29 1.54361e-05 8.81870e-01 1.42384e-17 4.93452e-04 
5060.00 1.55449e-05 8.82108e-01 1.42121e-17 4.96411e-04 
5070.00 1.57907e-05 8.82979e-01 1.41432e-17 5.03307e-04 
5080.00 1.55193e-05 8.83840e-01 1.41662e-17 4.96920e-04 
5082.57 1.54118e-05 8.84060e-01 1.41970e-17 4.94922e-04 
5090.00 1.51807e-05 8.84693e-01 1.42885e-17 4.91713e-04 
5100.00 1.52482e-05 8.85539e-01 1.43230e-17 4.96539e-04 
5107.98 1.53933e-05 8.86210e-01 1.44012e-17 5.05172e-04 
5110.00 1.54084e-05 8.86379e-01 1.43956e-17 5.05766e-04 
5120.00 1.52856e-05 8.87213e-01 1.42427e-17 4.97846e-04 
5130.00 1.50451e-05 8.88040e-01 1.44530e-17 4.98685e-04 
5133.52 1.49835e-05 8.88330e-01 1.45184e-17 4.99395e-04 
5140.00 1.48738e-05 8.88860e-01 1.46212e-17 5.00176e-04 
5150.00 1.45045e-05 8.89671e-01 1.48697e-17 4.97470e-04 
5159.19 1.37948e-05 8.90410e-01 1.49430e-17 4.76702e-04 
5160.00 1.37253e-05 8.90475e-01 1.49424e-17 4.74390e-04 
5170.00 1.29960e-05 8.91270e-01 1.49997e-17 4.52185e-04 
5180.00 1.28195e-05 8.92059e-01 1.53553e-17 4.57906e-04 
5184.99 1.29464e-05 8.92450e-01 1.54370e-17 4.65551e-04 
5190.00 1.31973e-05 8.92842e-01 1.54968e-17 4.77081e-04 
5200.00 1.39345e-05 8.93619e-01 1.57950e-17 5.14861e-04 
5210.00 1.45513e-05 8.94390e-01 1.61468e-17 5.51156e-04 
5210.91 1.45826e-05 8.94460e-01 1.61855e-17 5.53808e-04 
5220.00 1.46943e-05 8.95152e-01 1.65368e-17 5.71598e-04 
5230.00 1.48006e-05 8.95908e-01 1.67127e-17 5.83464e-04 
5236.97 1.50979e-05 8.96430e-01 1.71112e-17 6.10542e-04 
5240.00 1.52317e-05 8.96657e-01 1.72977e-17 6.23185e-04 
5250.00 1.52563e-05 8.97400e-01 1.76838e-17 6.39874e-04 
5260.00 1.43014e-05 8.98138e-01 1.80318e-17 6.13294e-04 
5263.15 1.39612e-05 8.98370e-01 1.81554e-17 6.03327e-04 
5270.00 1.35193e-05 8.98871e-01 1.84906e-17 5.96126e-04 
5280.00 1.40318e-05 8.99598e-01 1.91865e-17 6.43747e-04 
5289.47 1.50596e-05 9.00280e-01 1.98349e-17 7.16075e-04 
5290.00 1.51119e-05 9.00318e-01 1.98709e-17 7.19966e-04 
5300.00 1.57431e-05 9.01031e-01 2.05133e-17 7.76361e-04 
5310.00 1.55989e-05 9.01736e-01 2.10447e-17 7.91289e-04 
5315.92 1.51309e-05 9.02150e-01 2.14702e-17 7.84299e-04 
5320.00 1.47426e-05 9.02434e-01 2.17521e-17 7.75042e-04 
5330.00 1.41063e-05 9.03125e-01 2.23103e-17 7.62634e-04 
5340.00 1.44676e-05 9.03810e-01 2.30980e-17 8.11919e-04 
5342.50 1.46449e-05 9.03980e-01 2.32135e-17 8.26522e-04 
5350.00 1.51175e-05 9.04490e-01 2.35224e-17 8.66247e-04 
5360.00 1.52394e-05 9.05165e-01 2.43406e-17 9.05975e-04 
5369.21 1.50864e-05 9.05780e-01 2.45403e-17 9.06403e-04 
5370.00 1.50747e-05 9.05833e-01 2.45547e-17 9.06417e-04 
5380.00 1.50029e-05 9.06493e-01 2.49944e-17 9.20635e-04 
5390.00 1.49000e-05 9.07147e-01 2.55488e-17 9.37018e-04 
5396.05 1.47392e-05 9.07540e-01 2.57807e-17 9.36771e-04 
5400.00 1.46155e-05 9.07795e-01 2.59044e-17 9.34312e-04 
5410.00 1.43958e-05 9.08438e-01 2.61836e-17 9.32568e-04 
5420.00 1.44913e-05 9.09077e-01 2.63671e-17 9.47745e-04 
5423.03 1.45668e-05 9.09270e-01 2.64568e-17 9.56669e-04 
5430.00 1.47695e-05 9.09713e-01 2.66806e-17 9.79917e-04 
5440.00 1.50228e-05 9.10348e-01 2.68641e-17 1.00613e-03 
5450.00 1.51239e-05 9.10981e-01 2.70630e-17 1.02298e-03 
5450.15 1.51237e-05 9.10990e-01 2.70654e-17 1.02310e-03 
5460.00 1.50164e-05 9.11610e-01 2.71509e-17 1.02158e-03 
5470.00 1.48452e-05 9.12234e-01 2.71700e-17 1.01319e-03 
5477.40 1.47747e-05 9.12690e-01 2.71976e-17 1.01128e-03 
5480.00 1.47621e-05 9.12849e-01 2.72121e-17 1.01161e-03 
5490.00 1.47446e-05 9.13456e-01 2.72618e-17 1.01477e-03 
5500.00 1.47384e-05 9.14055e-01 2.72465e-17 1.01630e-03 
5504.79 1.47375e-05 9.14340e-01 2.72459e-17 1.01741e-03 
5510.00 1.47393e-05 9.14649e-01 2.72388e-17 1.01858e-03 
5520.00 1.47601e-05 9.15240e-01 2.71777e-17 1.02023e-03 
5530.00 1.48341e-05 9.15825e-01 2.72197e-17 1.02945e-03 
5532.31 1.48625e-05 9.15960e-01 2.72650e-17 1.03372e-03 
5540.00 1.49641e-05 9.16406e-01 2.74338e-17 1.04920e-03 
5550.00 1.50091e-05 9.16981e-01 2.75333e-17 1.05874e-03 
5559.97 1.48471e-05 9.17550e-01 2.77583e-17 1.05842e-03 
5560.00 1.48464e-05 9.17552e-01 2.77588e-17 1.05840e-03 
5570.00 1.45692e-05 9.18117e-01 2.78888e-17 1.04603e-03 
5580.00 1.43244e-05 9.18678e-01 2.81603e-17 1.04096e-03 
5587.77 1.42495e-05 9.19110e-01 2.84900e-17 1.04960e-03 
5590.00 1.42575e-05 9.19233e-01 2.85771e-17 1.05396e-03 
5600.00 1.44430e-05 9.19784e-01 2.88791e-17 1.08153e-03 
5610.00 1.46721e-05 9.20330e-01 2.92003e-17 1.11355e-03 
5615.71 1.47286e-05 9.20640e-01 2.93179e-17 1.12386e-03 
5620.00 1.47380e-05 9.20871e-01 2.93877e-17 1.12839e-03 
5630.00 1.47250e-05 9.21407e-01 2.95674e-17 1.13697e-03 
5640.00 1.47392e-05 9.21939e-01 2.97280e-17 1.14694e-03 
5643.79 1.47339e-05 9.22140e-01 2.97973e-17 1.15024e-03 
5650.00 1.46817e-05 9.22468e-01 2.99038e-17 1.15193e-03 
5660.00 1.44761e-05 9.22994e-01 2.99803e-17 1.14137e-03 
5670.00 1.43417e-05 9.23516e-01 2.99688e-17 1.13298e-03 
5672.01 1.43483e-05 9.23620e-01 2.99718e-17 1.13414e-03 
5680.00 1.44549e-05 9.24032e-01 2.99765e-17 1.14486e-03 
5690.00 1.45264e-05 9.24544e-01 2.98733e-17 1.14922e-03 
5700.00 1.43148e-05 9.25051e-01 2.97853e-17 1.13175e-03 
5700.37 1.43060e-05 9.25070e-01 2.97827e-17 1.13105e-03 
5710.00 1.42351e-05 9.25554e-01 2.97088e-17 1.12514e-03 
5720.00 1.46459e-05 9.26052e-01 2.96324e-17 1.15728e-03 
5728.87 1.50067e-05 9.26490e-01 2.96429e-17 1.18861e-03 
5730.00 1.50244e-05 9.26545e-01 2.96324e-17 1.18989e-03 
5740.00 1.48587e-05 9.27033e-01 2.94833e-17 1.17351e-03 
5750.00 1.45626e-05 9.27517e-01 2.96706e-17 1.16005e-03 
5757.52 1.45651e-05 9.27880e-01 2.96568e-17 1.16168e-03 
5760.00 1.45961e-05 9.28000e-01 2.96591e-17 1.16490e-03 
5770.00 1.46785e-05 9.28482e-01 2.98847e-17 1.18305e-03 
5780.00 1.44878e-05 9.28960e-01 3.02518e-17 1.18468e-03 
5786.30 1.43331e-05 9.29260e-01 3.07399e-17 1.19262e-03 
5790.00 1.42790e-05 9.29435e-01 3.10318e-17 1.20040e-03 
5800.00 1.43463e-05 9.29903e-01 3.16741e-17 1.23377e-03 
5810.00 1.45645e-05 9.30368e-01 3.26644e-17 1.29457e-03 
5815.23 1.46652e-05 9.30610e-01 3.30766e-17 1.32150e-03 
5820.00 1.47271e-05 9.30830e-01 3.34903e-17 1.34509e-03 
5830.00 1.47204e-05 9.31289e-01 3.48018e-17 1.40023e-03 
5840.00 1.45233e-05 9.31745e-01 3.59641e-17 1.43077e-03 
5844.31 1.44392e-05 9.31940e-01 3.63813e-17 1.44034e-03 
5850.00 1.43901e-05 9.32196e-01 3.69736e-17 1.46063e-03 
5860.00 1.44921e-05 9.32643e-01 3.82544e-17 1.52527e-03 
5870.00 1.43929e-05 9.33085e-01 3.92639e-17 1.55820e-03 
5873.53 1.42109e-05 9.33240e-01 3.95839e-17 1.55223e-03 
5880.00 1.37622e-05 9.33522e-01 4.01892e-17 1.52835e-03 
5890.00 1.33011e-05 9.33956e-01 4.11336e-17 1.51512e-03 
5900.00 1.36563e-05 9.34386e-01 4.17836e-17 1.58358e-03 
5902.90 1.38400e-05 9.34510e-01 4.19701e-17 1.61306e-03 
5910.00 1.42272e-05 9.34813e-01 4.24412e-17 1.67935e-03 
5920.00 1.43281e-05 9.35238e-01 4.29115e-17 1.71368e-03 
5930.00 1.41824e-05 9.35659e-01 4.29650e-17 1.70201e-03 
5932.41 1.41594e-05 9.35760e-01 4.30061e-17 1.70175e-03 
5940.00 1.41453e-05 9.36075e-01 4.31447e-17 1.70828e-03 
5950.00 1.41897e-05 9.36486e-01 4.29727e-17 1.71044e-03 
5960.00 1.42140e-05 9.36895e-01 4.27203e-17 1.70692e-03 
5962.08 1.42141e-05 9.36980e-01 4.26178e-17 1.70358e-03 
5970.00 1.41989e-05 9.37303e-01 4.20742e-17 1.68286e-03 
5980.00 1.41450e-05 9.37710e-01 4.12139e-17 1.64565e-03 
5990.00 1.40511e-05 9.38114e-01 4.00286e-17 1.59105e-03 
5991.89 1.40288e-05 9.38190e-01 3.98369e-17 1.58155e-03 
6000.00 1.39260e-05 9.38515e-01 3.90880e-17 1.54306e-03 
6010.00 1.38202e-05 9.38913e-01 3.79180e-17 1.48862e-03 
6020.00 1.37855e-05 9.39308e-01 3.67327e-17 1.44146e-03 
6021.85 1.37882e-05 9.39380e-01 3.65085e-17 1.43350e-03 
6030.00 1.38355e-05 9.39698e-01 3.55589e-17 1.40336e-03 
6040.00 1.39559e-05 9.40084e-01 3.46794e-17 1.38343e-03 
6050.00 1.40590e-05 9.40466e-01 3.39224e-17 1.36604e-03 
6051.96 1.40682e-05 9.40540e-01 3.37780e-17 1.36167e-03 
6060.00 1.40597e-05 9.40843e-01 3.33144e-17 1.34437e-03 
6070.00 1.39562e-05 9.41217e-01 3.31730e-17 1.33154e-03 
6080.00 1.37852e-05 9.41588e-01 3.29359e-17 1.30849e-03 
6082.21 1.37481e-05 9.41670e-01 3.28977e-17 1.30404e-03 
6090.00 1.36514e-05 9.41957e-01 3.28365e-17 1.29451e-03 
6100.00 1.36197e-05 9.42324e-01 3.28097e-17 1.29307e-03 
6110.00 1.35270e-05 9.42686e-01 3.28021e-17 1.28657e-03 
6112.63 1.34667e-05 9.42780e-01 3.27798e-17 1.28065e-03 
6120.00 1.32496e-05 9.43041e-01 3.26644e-17 1.25743e-03 
6130.00 1.30501e-05 9.43390e-01 3.24312e-17 1.23211e-03 
6140.00 1.31500e-05 9.43732e-01 3.21024e-17 1.23141e-03 
6143.19 1.31981e-05 9.43840e-01 3.19752e-17 1.23180e-03 
6150.00 1.32217e-05 9.44069e-01 3.17124e-17 1.22551e-03 
6160.00 1.29700e-05 9.44402e-01 3.14333e-17 1.19396e-03 
6170.00 1.27791e-05 9.44732e-01 3.11006e-17 1.16624e-03 
6173.91 1.28305e-05 9.44860e-01 3.09244e-17 1.16519e-03 
6180.00 1.30280e-05 9.45060e-01 3.07144e-17 1.17650e-03 
6190.00 1.33963e-05 9.45389e-01 3.07641e-17 1.21410e-03 
6200.00 1.35012e-05 9.45726e-01 3.09668e-17 1.23409e-03 
6204.77 1.34711e-05 9.45890e-01 3.12340e-17 1.24314e-03 
6210.00 1.34101e-05 9.46073e-01 3.16168e-17 1.25398e-03 
6220.00 1.32659e-05 9.46431e-01 3.24924e-17 1.27738e-03 
6230.00 1.30619e-05 9.46792e-01 3.39530e-17 1.31689e-03 
6235.80 1.29086e-05 9.47000e-01 3.50498e-17 1.34502e-03 
6240.00 1.28037e-05 9.47149e-01 3.59756e-17 1.37047e-03 
6250.00 1.26953e-05 9.47497e-01 3.86750e-17 1.46370e-03 
6260.00 1.28945e-05 9.47837e-01 4.20092e-17 1.61801e-03 
6266.98 1.31026e-05 9.48070e-01 4.48636e-17 1.75821e-03 
6270.00 1.31781e-05 9.48170e-01 4.62342e-17 1.82345e-03 
6280.00 1.32878e-05 9.48496e-01 5.13309e-17 2.04526e-03 
6290.00 1.32073e-05 9.48816e-01 5.74065e-17 2.27788e-03 
6298.31 1.30400e-05 9.49080e-01 6.31889e-17 2.47953e-03 
6300.00 1.30027e-05 9.49133e-01 6.44571e-17 2.52288e-03 
6310.00 1.28268e-05 9.49447e-01 7.28651e-17 2.81879e-03 
6320.00 1.28040e-05 9.49758e-01 8.30509e-17 3.21325e-03 
6329.80 1.28585e-05 9.50060e-01 9.42826e-17 3.67017e-03 
6330.00 1.28596e-05 9.50066e-01 9.45292e-17 3.68021e-03 
6340.00 1.28896e-05 9.50371e-01 1.08382e-16 4.23742e-03 
6350.00 1.28730e-05 9.50674e-01 1.23840e-16 4.84474e-03 
6360.00 1.28229e-05 9.50976e-01 1.40534e-16 5.48680e-03 
6361.45 1.28166e-05 9.51020e-01 1.43025e-16 5.58285e-03 
6370.00 1.28077e-05 9.51278e-01 1.57824e-16 6.16617e-03 
6380.00 1.28666e-05 9.51577e-01 1.74858e-16 6.87602e-03 
6390.00 1.28679e-05 9.51874e-01 1.90183e-16 7.49343e-03 
6393.26 1.28290e-05 9.51970e-01 1.94740e-16 7.65452e-03 
6400.00 1.27074e-05 9.52167e-01 2.03259e-16 7.92360e-03 
6410.00 1.25627e-05 9.52455e-01 2.12845e-16 8.21808e-03 
6420.00 1.26014e-05 9.52741e-01 2.17926e-16 8.45593e-03 
6425.23 1.26486e-05 9.52890e-01 2.18632e-16 8.52333e-03 
6430.00 1.26707e-05 9.53026e-01 2.18133e-16 8.52626e-03 
6440.00 1.26039e-05 9.53310e-01 2.13422e-16 8.31357e-03 
6450.00 1.25011e-05 9.53593e-01 2.03324e-16 7.87015e-03 
6457.35 1.24794e-05 9.53800e-01 1.93519e-16 7.48777e-03 
6460.00 1.24786e-05 9.53874e-01 1.89540e-16 7.33691e-03 
6470.00 1.24517e-05 9.54152e-01 1.72652e-16 6.68105e-03 
6480.00 1.23394e-05 9.54427e-01 1.54192e-16 5.92371e-03 
6489.64 1.22747e-05 9.54690e-01 1.35480e-16 5.18669e-03 
6490.00 1.22753e-05 9.54700e-01 1.34780e-16 5.16051e-03 
6500.00 1.23817e-05 9.54970e-01 1.15727e-16 4.47757e-03 
6510.00 1.25187e-05 9.55239e-01 9.76645e-17 3.82747e-03 
6520.00 1.25351e-05 9.55505e-01 8.15407e-17 3.20557e-03 
6522.09 1.25276e-05 9.55560e-01 7.84155e-17 3.08202e-03 
6530.00 1.24964e-05 9.55768e-01 6.75006e-17 2.65022e-03 
6540.00 1.24439e-05 9.56029e-01 5.57853e-17 2.18499e-03 
6550.00 1.21052e-05 9.56289e-01 4.42612e-17 1.68947e-03 
6554.70 1.17702e-05 9.56410e-01 3.92726e-17 1.45879e-03 
6560.00 1.13476e-05 9.56547e-01 3.53600e-17 1.26751e-03 
6570.00 1.09117e-05 9.56804e-01 3.31118e-17 1.14337e-03 
6580.00 1.14254e-05 9.57060e-01 2.72044e-17 9.85368e-04 
6587.47 1.20318e-05 9.57250e-01 2.34162e-17 8.94369e-04 
6590.00 1.21937e-05 9.57314e-01 2.24594e-17 8.69759e-04 
6600.00 1.24342e-05 9.57566e-01 1.94733e-17 7.70360e-04 
6610.00 1.23370e-05 9.57815e-01 1.67700e-17 6.59403e-04 
6620.00 1.22572e-05 9.58060e-01 1.48009e-17 5.79231e-04 
6620.41 1.22554e-05 9.58070e-01 1.47330e-17 5.76531e-04 
6630.00 1.22358e-05 9.58300e-01 1.32256e-17 5.17591e-04 
6640.00 1.22323e-05 9.58538e-01 1.16809e-17 4.57809e-04 
6650.00 1.21916e-05 9.58776e-01 1.04153e-17 4.07563e-04 
6653.51 1.21591e-05 9.58860e-01 9.99726e-18 3.90401e-04 
6660.00 1.20893e-05 9.59017e-01 9.31030e-18 3.61899e-04 
6670.00 1.20372e-05 9.59260e-01 8.59148e-18 3.33104e-04 
6680.00 1.21198e-05 9.59505e-01 7.89559e-18 3.08765e-04 
6686.78 1.21740e-05 9.59670e-01 7.45574e-18 2.93215e-04 
6690.00 1.21753e-05 9.59748e-01 7.25324e-18 2.85442e-04 
6700.00 1.20580e-05 9.59990e-01 6.68353e-18 2.60943e-04 
6710.00 1.19333e-05 9.60229e-01 6.33559e-18 2.45227e-04 
6720.00 1.19696e-05 9.60465e-01 5.91883e-18 2.30192e-04 
6720.21 1.19715e-05 9.60470e-01 5.91167e-18 2.29958e-04 
6730.00 1.20363e-05 9.60697e-01 5.68177e-18 2.22588e-04 
6740.00 1.19848e-05 9.60926e-01 5.41795e-18 2.11708e-04 
6750.00 1.18935e-05 9.61153e-01 5.18089e-18 2.01250e-04 
6753.81 1.18748e-05 9.61240e-01 5.14377e-18 1.99623e-04 
6760.00 1.18648e-05 9.61381e-01 5.08147e-18 1.97250e-04 
6770.00 1.18686e-05 9.61608e-01 4.84059e-18 1.88281e-04 
6780.00 1.18522e-05 9.61833e-01 4.69912e-18 1.82839e-04 
6787.58 1.18201e-05 9.62000e-01 4.51296e-18 1.75346e-04 
6790.00 1.18064e-05 9.62052e-01 4.44677e-18 1.72645e-04 
6800.00 1.17430e-05 9.62266e-01 4.20971e-18 1.62840e-04 
6810.00 1.17169e-05 9.62477e-01 3.98030e-18 1.53882e-04 
6820.00 1.17588e-05 9.62688e-01 3.75471e-18 1.45926e-04 
6821.52 1.17652e-05 9.62720e-01 3.72602e-18 1.44927e-04 
6830.00 1.17611e-05 9.62901e-01 3.56353e-18 1.38757e-04 
6840.00 1.16360e-05 9.63116e-01 3.29971e-18 1.27332e-04 
6850.00 1.15135e-05 9.63330e-01 3.10853e-18 1.18891e-04 
6855.63 1.15055e-05 9.63450e-01 3.00183e-18 1.14839e-04 
6860.00 1.15251e-05 9.63542e-01 2.91736e-18 1.11880e-04 
6870.00 1.15921e-05 9.63751e-01 2.73383e-18 1.05628e-04 
6880.00 1.16099e-05 9.63957e-01 2.56559e-18 9.94457e-05 
6889.91 1.15820e-05 9.64160e-01 2.49741e-18 9.67300e-05 
6890.00 1.15817e-05 9.64162e-01 2.49677e-18 9.67032e-05 
6900.00 1.15355e-05 9.64367e-01 2.37441e-18 9.17500e-05 
6910.00 1.14913e-05 9.64571e-01 2.20235e-18 8.49166e-05 
6920.00 1.14616e-05 9.64773e-01 2.17941e-18 8.39536e-05 
6924.36 1.14510e-05 9.64860e-01 2.12999e-18 8.20333e-05 
6930.00 1.14366e-05 9.64972e-01 2.05324e-18 7.90513e-05 
6940.00 1.14057e-05 9.65167e-01 2.00353e-18 7.70553e-05 
6950.00 1.13756e-05 9.65359e-01 1.91941e-18 7.37466e-05 
6958.98 1.13581e-05 9.65530e-01 1.91514e-18 7.35769e-05 
6960.00 1.13569e-05 9.65549e-01 1.91559e-18 7.35985e-05 
6970.00 1.13555e-05 9.65737e-01 1.89265e-18 7.28269e-05 
6980.00 1.13607e-05 9.65921e-01 1.84294e-18 7.10621e-05 
6990.00 1.12985e-05 9.66103e-01 1.75500e-18 6.74098e-05 
6993.77 1.12416e-05 9.66170e-01 1.74835e-18 6.68569e-05 
7000.00 1.11264e-05 9.66280e-01 1.75882e-18 6.66348e-05 
7010.00 1.09908e-05 9.66455e-01 1.75882e-18 6.59288e-05 
7020.00 1.10260e-05 9.66632e-01 1.75882e-18 6.62466e-05 
7028.74 1.11172e-05 9.66790e-01 1.71806e-18 6.53382e-05 
7030.00 1.11281e-05 9.66813e-01 1.71294e-18 6.52209e-05 
7040.00 1.11668e-05 9.67002e-01 1.68618e-18 6.45291e-05 
7050.00 1.11441e-05 9.67194e-01 1.64030e-18 6.27470e-05 
7060.00 1.10927e-05 9.67386e-01 1.69765e-18 6.47460e-05 
7063.88 1.10700e-05 9.67460e-01 1.71130e-18 6.51738e-05 
7070.00 1.10354e-05 9.67575e-01 1.70912e-18 6.49512e-05 
7080.00 1.09911e-05 9.67760e-01 1.68618e-18 6.39249e-05 
7090.00 1.09735e-05 9.67942e-01 1.69000e-18 6.40693e-05 
7099.20 1.09820e-05 9.68110e-01 1.69248e-18 6.43073e-05 
7100.00 1.09827e-05 9.68125e-01 1.69382e-18 6.43712e-05 
7110.00 1.09718e-05 9.68307e-01 1.72824e-18 6.57184e-05 
7120.00 1.09012e-05 9.68488e-01 1.76265e-18 6.67016e-05 
7130.00 1.08093e-05 9.68662e-01 1.81235e-18 6.81124e-05 
7134.70 1.07744e-05 9.68740e-01 1.80665e-18 6.77288e-05 
7140.00 1.07458e-05 9.68825e-01 1.78177e-18 6.66739e-05 
7150.00 1.07264e-05 9.68977e-01 1.72441e-18 6.45118e-05 
7160.00 1.07397e-05 9.69117e-01 1.65941e-18 6.22529e-05 
7170.00 1.06981e-05 9.69245e-01 1.64412e-18 6.15339e-05 
7170.37 1.06940e-05 9.69250e-01 1.64532e-18 6.15591e-05 
7180.00 1.05456e-05 9.69363e-01 1.67471e-18 6.18789e-05 
7190.00 1.04288e-05 9.69473e-01 1.59824e-18 5.84876e-05 
7200.00 1.04819e-05 9.69577e-01 1.56382e-18 5.76056e-05 
7206.23 1.05522e-05 9.69640e-01 1.55917e-18 5.78734e-05 
7210.00 1.05858e-05 9.69678e-01 1.54853e-18 5.76941e-05 
7220.00 1.06035e-05 9.69775e-01 1.48735e-18 5.55900e-05 
7230.00 1.05772e-05 9.69859e-01 1.47206e-18 5.49627e-05 
7240.00 1.05759e-05 9.69920e-01 1.47588e-18 5.51781e-05 
7242.26 1.05793e-05 9.69930e-01 1.47773e-18 5.52826e-05 
7250.00 1.05954e-05 9.69954e-01 1.46824e-18 5.50714e-05 
7260.00 1.06057e-05 9.69985e-01 1.38794e-18 5.21840e-05 
7270.00 1.05460e-05 9.70053e-01 1.33824e-18 5.01040e-05 
7278.47 1.04148e-05 9.70170e-01 1.39255e-18 5.15553e-05 
7280.00 1.03890e-05 9.70199e-01 1.39559e-18 5.15520e-05 
7290.00 1.02736e-05 9.70440e-01 1.31530e-18 4.81246e-05 
7300.00 1.03198e-05 9.70742e-01 1.25794e-18 4.63108e-05 
7310.00 1.04047e-05 9.71062e-01 1.24647e-18 4.63447e-05 
7314.86 1.04106e-05 9.71210e-01 1.23121e-18 4.58405e-05 
7320.00 1.03931e-05 9.71356e-01 1.21206e-18 4.50900e-05 
7330.00 1.03420e-05 9.71609e-01 1.20824e-18 4.47999e-05 
7340.00 1.03337e-05 9.71831e-01 1.21971e-18 4.52605e-05 
7350.00 1.03566e-05 9.72032e-01 1.07441e-18 4.00202e-05 
7351.43 1.03604e-05 9.72060e-01 1.06291e-18 3.96151e-05 
7360.00 1.03743e-05 9.72223e-01 1.05912e-18 3.95793e-05 
7370.00 1.03422e-05 9.72405e-01 1.02471e-18 3.82341e-05 
7380.00 1.02332e-05 9.72581e-01 9.67354e-19 3.57685e-05 
7388.19 1.01202e-05 9.72720e-01 9.74773e-19 3.56897e-05 
7390.00 1.00966e-05 9.72750e-01 9.75001e-19 3.56244e-05 
7400.00 9.99376e-06 9.72914e-01 9.52060e-19 3.44844e-05 
7410.00 9.95763e-06 9.73072e-01 9.86471e-19 3.56555e-05 
7420.00 9.99599e-06 9.73224e-01 9.86471e-19 3.58468e-05 
7425.13 1.00250e-05 9.73300e-01 9.90140e-19 3.61124e-05 
7430.00 1.00452e-05 9.73371e-01 9.97942e-19 3.64967e-05 
7440.00 1.00479e-05 9.73512e-01 1.00941e-18 3.69811e-05 
7450.00 1.00436e-05 9.73651e-01 1.01706e-18 3.73008e-05 
7460.00 1.00734e-05 9.73789e-01 1.06294e-18 3.91574e-05 
7462.26 1.00806e-05 9.73820e-01 1.08250e-18 3.99196e-05 
7470.00 1.00880e-05 9.73928e-01 1.11647e-18 4.12499e-05 
7480.00 1.00398e-05 9.74068e-01 1.00559e-18 3.70306e-05 
7490.00 9.98004e-06 9.74208e-01 1.02471e-18 3.75654e-05 
7499.57 9.96434e-06 9.74340e-01 1.10469e-18 4.04909e-05 
7500.00 9.96439e-06 9.74346e-01 1.10500e-18 4.05052e-05 
7510.00 9.96854e-06 9.74482e-01 1.03618e-18 3.80542e-05 
7520.00 9.95978e-06 9.74616e-01 1.01324e-18 3.72336e-05 
7530.00 9.95196e-06 9.74748e-01 9.78824e-19 3.59935e-05 
7537.07 9.95684e-06 9.74840e-01 9.45629e-19 3.48258e-05 
7540.00 9.95917e-06 9.74878e-01 9.32942e-19 3.43813e-05 
7550.00 9.94996e-06 9.75007e-01 9.17648e-19 3.38357e-05 
7560.00 9.89789e-06 9.75134e-01 9.48236e-19 3.48312e-05 
7570.00 9.84193e-06 9.75260e-01 8.87060e-19 3.24469e-05 
7574.75 9.82820e-06 9.75320e-01 8.75031e-19 3.19843e-05 
7580.00 9.82082e-06 9.75386e-01 8.71765e-19 3.18652e-05 
7590.00 9.80679e-06 9.75511e-01 8.41177e-19 3.07476e-05 
7600.00 9.76975e-06 9.75635e-01 8.18236e-19 2.98391e-05 
7610.00 9.73681e-06 9.75758e-01 7.99118e-19 2.90856e-05 
7612.63 9.73381e-06 9.75790e-01 7.79769e-19 2.83833e-05 
7620.00 9.73797e-06 9.75880e-01 7.41765e-19 2.70402e-05 
7630.00 9.75756e-06 9.76001e-01 8.10589e-19 2.96510e-05 
7640.00 9.76327e-06 9.76121e-01 7.57059e-19 2.77489e-05 
7650.00 9.70192e-06 9.76242e-01 7.60883e-19 2.77535e-05 
7650.69 9.69374e-06 9.76250e-01 7.62428e-19 2.77892e-05 
7660.00 9.55401e-06 9.76363e-01 7.53236e-19 2.70944e-05 
7670.00 9.45569e-06 9.76484e-01 7.07354e-19 2.52182e-05 
7680.00 9.51886e-06 9.76604e-01 8.18236e-19 2.94081e-05 
7688.94 9.59903e-06 9.76710e-01 7.97905e-19 2.89557e-05 
7690.00 9.60280e-06 9.76722e-01 7.87648e-19 2.85990e-05 
7700.00 9.56228e-06 9.76839e-01 7.07354e-19 2.56115e-05 
7710.00 9.48653e-06 9.76953e-01 7.53236e-19 2.70950e-05 
7720.00 9.48078e-06 9.77067e-01 7.03530e-19 2.53274e-05 
7727.39 9.48564e-06 9.77150e-01 7.07907e-19 2.55247e-05 
7730.00 9.47984e-06 9.77180e-01 7.07354e-19 2.54985e-05 
7740.00 9.41287e-06 9.77292e-01 6.65295e-19 2.38465e-05 
7750.00 9.35689e-06 9.77402e-01 7.03530e-19 2.51022e-05 
7760.00 9.39032e-06 9.77509e-01 6.84412e-19 2.45416e-05 
7766.03 9.42927e-06 9.77570e-01 6.32373e-19 2.27888e-05 
7770.00 9.44957e-06 9.77609e-01 6.04118e-19 2.18295e-05 
7780.00 9.45863e-06 9.77704e-01 6.04118e-19 2.18807e-05 
7790.00 9.43384e-06 9.77796e-01 6.11765e-19 2.21300e-05 
7800.00 9.40547e-06 9.77886e-01 5.73530e-19 2.07130e-05 
7804.86 9.38907e-06 9.77930e-01 5.81383e-19 2.09740e-05 
7810.00 9.36717e-06 9.77977e-01 6.00295e-19 2.16210e-05 
7820.00 9.31087e-06 9.78072e-01 6.07942e-19 2.17948e-05 
7830.00 9.25820e-06 9.78172e-01 5.77353e-19 2.06096e-05 
7840.00 9.23287e-06 9.78277e-01 5.23824e-19 1.86734e-05 
7843.88 9.23119e-06 9.78320e-01 5.35657e-19 1.91020e-05 
7850.00 9.23717e-06 9.78390e-01 5.73530e-19 2.04833e-05 
7860.00 9.26253e-06 9.78508e-01 5.96471e-19 2.13909e-05 
7870.00 9.27837e-06 9.78628e-01 6.04118e-19 2.17325e-05 
7880.00 9.25812e-06 9.78745e-01 5.81177e-19 2.08906e-05 
7883.10 9.24587e-06 9.78780e-01 5.82108e-19 2.09053e-05 
7890.00 9.21323e-06 9.78855e-01 5.88824e-19 2.10919e-05 
7900.00 9.15875e-06 9.78959e-01 5.69706e-19 2.03143e-05 
7910.00 9.08609e-06 9.79056e-01 5.69706e-19 2.01806e-05 
7920.00 8.99108e-06 9.79148e-01 5.58236e-19 1.95941e-05 
7922.51 8.96768e-06 9.79170e-01 5.61077e-19 1.96493e-05 
7930.00 8.91106e-06 9.79235e-01 5.96471e-19 2.07779e-05 
7940.00 8.88380e-06 9.79320e-01 6.42353e-19 2.23378e-05 
7950.00 8.90752e-06 9.79402e-01 5.27647e-19 1.84226e-05 
7960.00 8.96628e-06 9.79483e-01 5.42942e-19 1.91073e-05 
7962.13 8.98032e-06 9.79500e-01 5.48163e-19 1.93267e-05 
7970.00 9.02724e-06 9.79564e-01 5.46765e-19 1.93986e-05 
7980.00 9.05333e-06 9.79646e-01 5.31471e-19 1.89358e-05 
7990.00 9.00749e-06 9.79729e-01 4.89412e-19 1.73722e-05 
8000.00 8.85263e-06 9.79816e-01 5.23824e-19 1.82985e-05 
