##### EXOPHOT SPECTRAL OVERLAP FILE #####
# Date: 01/12/2021 13:14:55
# SED file: SED_g2v.txt
# atmosphere file: atm_g2v_hzi_os4.txt
# photopigment file: ChlA-TD-DFT.txt
# Stellar radius (Rs in km): 6.963400e+05
# Exoplanet orbit semi-major axis (sma in km): 1.070123e+08
# Total absorption rate (gamma_t in s-1): 2.01347e+01
# B band absorption rate (gamma_B in s-1): 1.02984e+01
# Q band absorption rate (gamma_Q in s-1): 9.83634e+00
# B-Q bands cut-off (in nm): 500
# photosynthetic photon flux density [ppfd in micromol photon m-2 s-1]: 4.48002e+03
# Total Stellar Irradiance (S in W m-2): 2.62457e+03
# -------------------------------------------------
# Col 1: Wavelength (wl in Angstrom) 
# Col 2: Spectral Flux Density (F_l in J cm-2 s-1 A-1) 
# Col 3: Atmosphere transmitance (T, no units) 
# Col 4: Pigment absorption cross section (sigma_abs in cm-2) 
# Col 5: Spectral Absorption Rate (Gamma_lambda in A-1 s-1)
2305.33 1.76916e-06 4.29849e-01 0.00000e+00 0.00000e+00 
2311.24 1.38560e-06 4.33660e-01 -5.56996e-33 -3.89412e-21 
2315.00 1.26899e-06 4.36064e-01 -4.71514e-33 -3.04073e-21 
2320.85 1.19663e-06 4.39782e-01 0.00000e+00 0.00000e+00 
2322.80 1.18449e-06 4.41020e-01 1.80862e-33 1.10478e-21 
2325.00 1.16895e-06 4.42410e-01 3.62678e-33 2.19527e-21 
2334.41 9.31904e-07 4.48320e-01 3.01854e-33 1.48203e-21 
2335.00 9.00886e-07 4.48686e-01 2.25238e-33 1.07020e-21 
2336.37 8.19298e-07 4.49544e-01 0.00000e+00 0.00000e+00 
2345.00 5.34387e-07 4.54899e-01 -1.72404e-32 -4.94748e-21 
2346.09 5.90746e-07 4.55570e-01 -1.75597e-32 -5.58136e-21 
2351.91 1.10684e-06 4.59154e-01 0.00000e+00 0.00000e+00 
2355.00 1.25392e-06 4.61042e-01 2.80562e-32 1.92289e-20 
2357.82 1.16289e-06 4.62760e-01 6.98880e-32 4.46405e-20 
2365.00 6.47479e-07 4.67120e-01 2.72734e-31 9.82083e-20 
2367.46 6.40398e-07 4.68609e-01 3.82353e-31 1.36751e-19 
2369.61 7.08372e-07 4.69900e-01 5.00904e-31 1.98893e-19 
2375.00 8.79109e-07 4.73139e-01 1.02991e-30 5.12176e-19 
2381.45 6.32599e-07 4.76990e-01 2.49950e-30 9.04182e-19 
2383.02 5.53590e-07 4.77923e-01 3.05883e-30 9.70852e-19 
2385.00 4.83495e-07 4.79094e-01 3.91341e-30 1.08838e-18 
2393.36 6.04070e-07 4.84020e-01 1.13640e-29 4.00324e-18 
2395.00 6.46348e-07 4.84980e-01 1.39459e-29 5.27066e-18 
2398.60 6.93579e-07 4.87078e-01 2.14118e-29 8.73430e-18 
2405.00 6.66525e-07 4.90800e-01 4.48335e-29 1.77567e-17 
2405.33 6.63067e-07 4.90990e-01 4.66164e-29 1.83766e-17 
2414.18 7.34433e-07 4.96096e-01 1.30765e-28 5.79030e-17 
2415.00 7.78186e-07 4.96567e-01 1.43067e-28 6.72110e-17 
2417.35 9.51235e-07 4.97910e-01 1.84885e-28 1.06562e-16 
2425.00 1.55726e-06 5.02216e-01 4.37112e-28 4.17330e-16 
2429.44 1.60432e-06 5.04690e-01 7.10986e-28 7.04055e-16 
2429.77 1.60084e-06 5.04872e-01 7.36030e-28 7.27635e-16 
2435.00 1.56605e-06 5.07772e-01 1.27469e-27 1.24251e-15 
2441.59 1.83509e-06 5.11420e-01 2.58690e-27 2.98408e-15 
2445.00 2.02356e-06 5.13312e-01 3.68835e-27 4.71556e-15 
2445.37 2.04186e-06 5.13518e-01 3.82965e-27 4.94320e-15 
2453.80 2.21247e-06 5.18180e-01 8.97503e-27 1.27103e-14 
2455.00 2.18820e-06 5.18842e-01 1.01534e-26 1.42465e-14 
2460.98 1.91716e-06 5.22116e-01 1.84707e-26 2.29056e-14 
2465.00 1.74094e-06 5.24301e-01 2.71287e-26 3.07280e-14 
2466.07 1.71392e-06 5.24880e-01 3.00615e-26 3.35729e-14 
2475.00 1.48331e-06 5.29714e-01 7.12550e-26 6.97568e-14 
2476.61 1.35938e-06 5.30579e-01 8.27768e-26 7.44355e-14 
2478.40 1.19012e-06 5.31540e-01 9.75004e-26 7.69534e-14 
2485.00 6.26494e-07 5.35070e-01 1.78877e-25 7.50120e-14 
2490.79 6.83417e-07 5.38140e-01 3.03626e-25 1.40017e-13 
2492.24 7.75654e-07 5.38908e-01 3.45475e-25 1.81181e-13 
2495.00 1.00845e-06 5.40362e-01 4.39475e-25 3.00792e-13 
2503.24 1.62650e-06 5.44680e-01 9.03827e-25 1.00904e-12 
2505.00 1.59193e-06 5.45597e-01 1.05264e-24 1.15293e-12 
2507.89 1.33469e-06 5.47099e-01 1.34578e-24 1.24065e-12 
2513.00 7.20367e-07 5.49748e-01 2.05795e-24 1.03102e-12 
2515.76 5.59442e-07 5.51170e-01 2.58882e-24 1.01096e-12 
2518.00 5.09218e-07 5.52323e-01 3.11929e-24 1.11207e-12 
2523.54 4.95349e-07 5.55159e-01 4.90352e-24 1.71305e-12 
2525.00 5.15282e-07 5.55903e-01 5.50526e-24 2.00450e-12 
2528.34 5.92749e-07 5.57600e-01 7.16245e-24 3.01310e-12 
2535.00 7.15489e-07 5.60974e-01 1.21056e-23 6.20058e-12 
2539.21 6.87894e-07 5.63092e-01 1.67466e-23 8.29178e-12 
2540.98 6.98747e-07 5.63980e-01 1.91386e-23 9.64760e-12 
2545.00 9.18208e-07 5.65990e-01 2.58639e-23 1.72209e-11 
2553.68 2.13496e-06 5.70300e-01 4.92436e-23 7.70787e-11 
2554.88 2.21680e-06 5.70894e-01 5.37152e-23 8.74327e-11 
2555.00 2.22178e-06 5.70951e-01 5.41637e-23 8.83737e-11 
2565.00 1.87982e-06 5.75870e-01 1.10121e-22 1.53929e-10 
2566.45 1.94932e-06 5.76580e-01 1.21926e-22 1.77050e-10 
2570.57 2.39521e-06 5.78587e-01 1.62131e-22 2.90757e-10 
2575.00 2.84961e-06 5.80733e-01 2.18669e-22 4.69084e-10 
2579.28 2.85795e-06 5.82800e-01 2.91321e-22 6.30041e-10 
2585.00 2.53231e-06 5.85545e-01 4.24910e-22 8.19895e-10 
2586.27 2.47352e-06 5.86152e-01 4.61367e-22 8.70900e-10 
2592.18 2.30527e-06 5.88970e-01 6.72713e-22 1.19188e-09 
2595.00 2.22019e-06 5.90308e-01 8.03853e-22 1.37628e-09 
2601.98 1.87087e-06 5.93598e-01 1.24002e-21 1.80382e-09 
2605.00 1.72809e-06 5.95014e-01 1.48903e-21 2.00783e-09 
2605.14 1.72250e-06 5.95080e-01 1.50173e-21 2.01874e-09 
2615.00 1.56465e-06 5.99658e-01 2.69693e-21 3.33107e-09 
2617.70 1.58657e-06 6.00903e-01 3.15339e-21 3.96171e-09 
2618.17 1.59738e-06 6.01120e-01 3.23976e-21 4.10018e-09 
2625.00 2.29914e-06 6.04262e-01 4.77144e-21 8.75978e-09 
2631.26 4.04533e-06 6.07120e-01 6.75307e-21 2.19693e-08 
2633.43 4.65074e-06 6.08104e-01 7.60029e-21 2.84954e-08 
2635.00 5.01118e-06 6.08817e-01 8.27377e-21 3.34838e-08 
2644.41 6.63110e-06 6.13050e-01 1.36135e-20 7.36723e-08 
2645.00 6.82365e-06 6.13312e-01 1.40347e-20 7.82078e-08 
2649.17 8.61164e-06 6.15174e-01 1.73900e-20 1.22862e-07 
2655.00 9.98980e-06 6.17765e-01 2.33156e-20 1.92316e-07 
2657.64 9.25030e-06 6.18930e-01 2.65657e-20 2.03488e-07 
2664.92 5.66203e-06 6.22124e-01 3.78340e-20 1.78788e-07 
2665.00 5.63700e-06 6.22160e-01 3.79828e-20 1.78713e-07 
2670.92 5.56603e-06 6.24740e-01 5.02086e-20 2.34751e-07 
2675.00 6.66834e-06 6.26509e-01 6.06128e-20 3.41001e-07 
2680.68 8.10216e-06 6.28963e-01 7.83871e-20 5.39062e-07 
2684.28 8.24709e-06 6.30510e-01 9.19353e-20 6.45990e-07 
2685.00 8.15790e-06 6.30819e-01 9.48907e-20 6.60046e-07 
2695.00 5.44566e-06 6.35071e-01 1.45765e-19 6.83922e-07 
2696.45 5.48611e-06 6.35684e-01 1.54895e-19 7.33260e-07 
2697.70 5.66222e-06 6.36210e-01 1.63143e-19 7.98130e-07 
2705.00 7.12513e-06 6.39274e-01 2.19698e-19 1.36269e-06 
2711.19 5.95769e-06 6.41850e-01 2.80678e-19 1.46488e-06 
2712.24 5.60202e-06 6.42283e-01 2.92339e-19 1.43618e-06 
2715.00 4.65830e-06 6.43425e-01 3.25211e-19 1.33225e-06 
2724.74 3.19232e-06 6.47430e-01 4.68408e-19 1.32792e-06 
2725.00 3.20982e-06 6.47535e-01 4.72801e-19 1.34807e-06 
2728.03 3.61850e-06 6.48778e-01 5.27721e-19 1.70138e-06 
2735.00 4.37698e-06 6.51611e-01 6.75387e-19 2.65214e-06 
2738.37 3.79720e-06 6.52950e-01 7.58652e-19 2.59299e-06 
2743.83 2.41111e-06 6.55068e-01 9.12391e-19 1.99052e-06 
2745.00 2.24190e-06 6.55514e-01 9.48411e-19 1.92602e-06 
2752.06 2.80122e-06 6.58220e-01 1.19304e-18 3.04757e-06 
2755.00 3.38661e-06 6.59363e-01 1.30947e-18 4.05537e-06 
2759.65 4.15309e-06 6.61190e-01 1.51283e-18 5.77120e-06 
2765.00 4.77991e-06 6.63298e-01 1.77848e-18 7.84866e-06 
2765.82 4.85781e-06 6.63620e-01 1.82240e-18 8.17997e-06 
2775.00 4.86362e-06 6.67184e-01 2.37675e-18 1.07739e-05 
2775.47 4.79230e-06 6.67367e-01 2.40876e-18 1.07637e-05 
2779.65 3.86739e-06 6.68970e-01 2.70517e-18 9.79337e-06 
2785.00 2.44368e-06 6.71015e-01 3.12645e-18 7.18748e-06 
2791.31 1.34772e-06 6.73414e-01 3.68751e-18 4.70269e-06 
2793.55 1.11886e-06 6.74260e-01 3.90386e-18 4.14170e-06 
2795.00 1.00457e-06 6.74808e-01 4.04946e-18 3.86244e-06 
2805.00 1.26785e-06 6.78555e-01 5.16600e-18 6.27574e-06 
2807.16 1.70443e-06 6.79358e-01 5.43429e-18 8.89224e-06 
2807.52 1.79018e-06 6.79490e-01 5.47950e-18 9.42033e-06 
2815.00 4.13152e-06 6.82251e-01 6.49352e-18 2.59380e-05 
2821.55 6.16294e-06 6.84650e-01 7.48399e-18 4.48540e-05 
2823.02 6.47785e-06 6.85184e-01 7.71876e-18 4.86881e-05 
2825.00 6.76852e-06 6.85906e-01 8.04436e-18 5.31119e-05 
2835.00 5.89106e-06 6.89523e-01 9.82527e-18 5.69590e-05 
2835.66 5.73846e-06 6.89760e-01 9.95110e-18 5.62266e-05 
2838.89 4.90553e-06 6.90914e-01 1.05796e-17 5.12447e-05 
2845.00 3.11641e-06 6.93088e-01 1.18351e-17 3.66116e-05 
2849.84 1.84949e-06 6.94800e-01 1.28872e-17 2.37583e-05 
2854.77 1.44976e-06 6.96539e-01 1.40095e-17 2.03310e-05 
2855.00 1.46711e-06 6.96621e-01 1.40637e-17 2.06580e-05 
2864.09 4.38465e-06 6.99800e-01 1.62637e-17 7.19511e-05 
2865.00 4.81315e-06 7.00116e-01 1.64926e-17 8.01562e-05 
2870.66 7.30276e-06 7.02065e-01 1.79448e-17 1.32956e-04 
2875.00 8.30347e-06 7.03549e-01 1.90927e-17 1.61429e-04 
2878.41 8.16613e-06 7.04710e-01 2.00118e-17 1.66874e-04 
2885.00 7.41674e-06 7.06945e-01 2.18263e-17 1.66206e-04 
2886.56 7.51676e-06 7.07472e-01 2.22619e-17 1.72031e-04 
2892.80 9.07888e-06 7.09570e-01 2.40226e-17 2.25366e-04 
2895.00 9.82772e-06 7.10305e-01 2.46481e-17 2.50757e-04 
2902.47 1.20783e-05 7.12788e-01 2.67832e-17 3.36913e-04 
2907.27 1.30436e-05 7.14370e-01 2.81526e-17 3.83926e-04 
2910.00 1.33517e-05 7.15270e-01 2.89312e-17 4.04753e-04 
2918.40 1.31693e-05 7.18017e-01 3.12938e-17 4.34733e-04 
2921.80 1.27845e-05 7.19120e-01 3.22347e-17 4.35895e-04 
2930.00 1.17404e-05 7.21748e-01 3.44414e-17 4.30467e-04 
2934.33 1.13710e-05 7.23128e-01 3.55658e-17 4.31992e-04 
2936.41 1.12533e-05 7.23790e-01 3.60941e-17 4.34580e-04 
2950.00 1.11598e-05 7.28098e-01 3.93265e-17 4.74545e-04 
2950.28 1.11660e-05 7.28185e-01 3.93876e-17 4.75647e-04 
2951.09 1.11854e-05 7.28440e-01 3.95680e-17 4.78958e-04 
2965.85 1.16452e-05 7.32970e-01 4.25243e-17 5.41927e-04 
2966.23 1.16557e-05 7.33086e-01 4.25931e-17 5.43453e-04 
2970.00 1.17424e-05 7.34229e-01 4.32476e-17 5.57483e-04 
2980.68 1.17921e-05 7.37450e-01 4.48788e-17 5.85602e-04 
2982.20 1.17791e-05 7.37906e-01 4.50842e-17 5.88299e-04 
2990.00 1.16569e-05 7.40239e-01 4.60326e-17 5.97880e-04 
2995.58 1.15381e-05 7.41900e-01 4.66061e-17 6.01625e-04 
2998.18 1.14910e-05 7.42671e-01 4.68440e-17 6.03376e-04 
3010.00 1.15609e-05 7.46148e-01 4.77097e-17 6.23612e-04 
3010.56 1.15824e-05 7.46310e-01 4.77424e-17 6.25448e-04 
3014.16 1.17638e-05 7.47349e-01 4.79365e-17 6.39484e-04 
3025.61 1.25520e-05 7.50600e-01 4.83802e-17 6.94267e-04 
3030.00 1.27990e-05 7.51839e-01 4.84907e-17 7.11745e-04 
3030.16 1.28064e-05 7.51886e-01 4.84943e-17 7.12293e-04 
3040.74 1.30711e-05 7.54860e-01 4.86548e-17 7.34864e-04 
3046.18 1.31791e-05 7.56377e-01 4.86948e-17 7.44365e-04 
3050.00 1.33107e-05 7.57437e-01 4.87112e-17 7.54050e-04 
3055.94 1.36381e-05 7.59070e-01 4.87243e-17 7.75979e-04 
3062.20 1.39848e-05 7.60769e-01 4.87308e-17 7.99221e-04 
3070.00 1.40833e-05 7.62864e-01 4.87436e-17 8.09338e-04 
3071.22 1.40400e-05 7.63190e-01 4.87471e-17 8.07573e-04 
3078.23 1.35649e-05 7.65053e-01 4.87801e-17 7.84469e-04 
3086.58 1.30504e-05 7.67260e-01 4.88588e-17 7.60171e-04 
3090.00 1.30535e-05 7.68162e-01 4.89062e-17 7.62827e-04 
3094.27 1.33269e-05 7.69284e-01 4.89794e-17 7.82189e-04 
3102.01 1.42458e-05 7.71300e-01 4.91548e-17 8.43417e-04 
3110.00 1.50379e-05 7.73349e-01 4.93954e-17 8.99362e-04 
3110.33 1.50544e-05 7.73433e-01 4.94066e-17 9.00740e-04 
3117.52 1.50415e-05 7.75260e-01 4.96778e-17 9.09144e-04 
3126.39 1.44065e-05 7.77497e-01 5.00747e-17 8.82761e-04 
3130.00 1.40910e-05 7.78391e-01 5.02540e-17 8.68519e-04 
3133.11 1.38409e-05 7.79150e-01 5.04158e-17 8.57531e-04 
3142.47 1.33695e-05 7.81368e-01 5.09367e-17 8.41775e-04 
3148.77 1.34307e-05 7.82840e-01 5.13087e-17 8.55119e-04 
3150.00 1.34897e-05 7.83127e-01 5.13823e-17 8.60759e-04 
3158.56 1.42179e-05 7.85146e-01 5.19017e-17 9.21255e-04 
3164.52 1.46946e-05 7.86560e-01 5.22629e-17 9.62307e-04 
3170.00 1.47776e-05 7.87861e-01 5.25889e-17 9.77079e-04 
3174.66 1.44436e-05 7.88963e-01 5.28580e-17 9.62637e-04 
3180.34 1.37688e-05 7.90300e-01 5.31731e-17 9.26355e-04 
3190.00 1.30600e-05 7.92545e-01 5.36646e-17 8.92006e-04 
3190.77 1.30751e-05 7.92721e-01 5.37009e-17 8.94058e-04 
3196.24 1.34936e-05 7.93980e-01 5.39472e-17 9.29967e-04 
3206.89 1.45180e-05 7.96404e-01 5.43589e-17 1.01465e-03 
3210.00 1.44882e-05 7.97108e-01 5.44622e-17 1.01638e-03 
3212.22 1.42991e-05 7.97610e-01 5.45314e-17 1.00572e-03 
3223.02 1.24497e-05 8.00025e-01 5.48182e-17 8.85880e-04 
3228.29 1.18883e-05 8.01190e-01 5.49328e-17 8.50319e-04 
3230.00 1.18779e-05 8.01567e-01 5.49675e-17 8.50960e-04 
3239.16 1.34119e-05 8.03563e-01 5.51395e-17 9.69016e-04 
3244.43 1.49943e-05 8.04700e-01 5.52360e-17 1.08854e-03 
3250.00 1.67015e-05 8.05896e-01 5.53459e-17 1.21878e-03 
3255.32 1.80222e-05 8.07030e-01 5.54666e-17 1.32204e-03 
3260.65 1.89881e-05 8.08160e-01 5.56122e-17 1.40080e-03 
3270.00 1.98573e-05 8.10124e-01 5.59583e-17 1.48186e-03 
3271.48 1.99032e-05 8.10433e-01 5.60267e-17 1.48834e-03 
3276.95 1.98899e-05 8.11570e-01 5.63202e-17 1.49974e-03 
3287.66 1.93208e-05 8.13774e-01 5.71212e-17 1.48640e-03 
3290.00 1.91539e-05 8.14252e-01 5.73447e-17 1.48125e-03 
3293.34 1.89174e-05 8.14930e-01 5.76975e-17 1.47468e-03 
3303.84 1.82791e-05 8.17044e-01 5.91089e-17 1.46824e-03 
3309.80 1.80628e-05 8.18230e-01 6.01429e-17 1.48106e-03 
3310.00 1.80583e-05 8.18269e-01 6.01801e-17 1.48176e-03 
3320.04 1.80398e-05 8.20249e-01 6.23828e-17 1.54280e-03 
3326.35 1.81968e-05 8.21480e-01 6.40921e-17 1.60431e-03 
3330.00 1.83268e-05 8.22185e-01 6.52053e-17 1.64705e-03 
3336.25 1.85452e-05 8.23386e-01 6.73418e-17 1.72704e-03 
3342.98 1.84952e-05 8.24670e-01 6.99859e-17 1.79642e-03 
3350.00 1.77305e-05 8.26000e-01 7.31443e-17 1.80655e-03 
3352.47 1.72197e-05 8.26466e-01 7.43604e-17 1.78599e-03 
3359.70 1.53247e-05 8.27820e-01 7.82351e-17 1.67863e-03 
3368.70 1.34596e-05 8.29485e-01 8.37570e-17 1.58579e-03 
3370.00 1.33506e-05 8.29723e-01 8.46168e-17 1.59017e-03 
3376.50 1.35690e-05 8.30910e-01 8.91834e-17 1.70913e-03 
3384.95 1.48772e-05 8.32444e-01 9.57648e-17 2.02095e-03 
3390.00 1.56086e-05 8.33354e-01 1.00053e-16 2.22100e-03 
3393.38 1.58891e-05 8.33960e-01 1.03070e-16 2.33310e-03 
3401.20 1.60235e-05 8.35351e-01 1.10506e-16 2.53261e-03 
3410.00 1.59350e-05 8.36899e-01 1.19623e-16 2.73854e-03 
3410.35 1.59377e-05 8.36960e-01 1.19999e-16 2.74809e-03 
3417.47 1.61559e-05 8.38201e-01 1.27973e-16 2.98142e-03 
3427.40 1.67241e-05 8.39910e-01 1.39913e-16 3.39095e-03 
3430.00 1.68683e-05 8.40353e-01 1.43191e-16 3.50482e-03 
3433.74 1.70448e-05 8.40987e-01 1.48015e-16 3.66757e-03 
3444.54 1.73931e-05 8.42800e-01 1.62576e-16 4.13251e-03 
3450.00 1.75203e-05 8.43713e-01 1.70293e-16 4.37195e-03 
3450.03 1.75210e-05 8.43718e-01 1.70339e-16 4.37338e-03 
3461.76 1.78312e-05 8.45660e-01 1.87578e-16 4.92924e-03 
3466.33 1.80191e-05 8.46407e-01 1.94518e-16 5.17684e-03 
3470.00 1.82171e-05 8.47002e-01 2.00159e-16 5.39502e-03 
3479.07 1.89101e-05 8.48460e-01 2.14342e-16 6.02308e-03 
3482.64 1.92466e-05 8.49031e-01 2.20008e-16 6.30300e-03 
3490.00 2.00101e-05 8.50201e-01 2.31764e-16 6.92732e-03 
3496.46 2.06798e-05 8.51220e-01 2.42153e-16 7.50289e-03 
3498.96 2.08887e-05 8.51612e-01 2.46179e-16 7.71377e-03 
3510.00 2.09635e-05 8.53323e-01 2.63908e-16 8.34181e-03 
3513.95 2.05178e-05 8.53930e-01 2.70203e-16 8.37452e-03 
3515.30 2.03258e-05 8.54137e-01 2.72351e-16 8.36740e-03 
3530.00 1.91994e-05 8.56372e-01 2.95326e-16 8.62881e-03 
3531.51 1.93851e-05 8.56600e-01 2.97641e-16 8.78667e-03 
3531.64 1.94040e-05 8.56619e-01 2.97834e-16 8.80142e-03 
3548.00 2.25199e-05 8.59047e-01 3.21969e-16 1.11251e-02 
3549.17 2.25156e-05 8.59220e-01 3.23635e-16 1.11865e-02 
3550.00 2.24709e-05 8.59341e-01 3.24802e-16 1.12087e-02 
3564.36 1.80106e-05 8.61432e-01 3.44173e-16 9.58145e-03 
3566.92 1.70748e-05 8.61800e-01 3.47430e-16 9.18007e-03 
3570.00 1.61558e-05 8.62243e-01 3.51278e-16 8.79429e-03 
3580.74 1.52965e-05 8.63774e-01 3.63967e-16 8.66863e-03 
3584.75 1.56400e-05 8.64340e-01 3.68402e-16 8.98721e-03 
3590.00 1.63463e-05 8.65075e-01 3.73947e-16 9.55657e-03 
3597.13 1.74202e-05 8.66066e-01 3.81005e-16 1.04091e-02 
3602.68 1.82032e-05 8.66830e-01 3.86103e-16 1.10493e-02 
3610.00 1.90030e-05 8.67832e-01 3.92310e-16 1.17576e-02 
3613.53 1.92443e-05 8.68313e-01 3.95088e-16 1.20096e-02 
3620.69 1.94528e-05 8.69280e-01 4.00287e-16 1.23376e-02 
3629.94 1.92902e-05 8.70518e-01 4.06167e-16 1.24636e-02 
3630.00 1.92881e-05 8.70526e-01 4.06199e-16 1.24635e-02 
3638.79 1.93924e-05 8.71690e-01 4.10917e-16 1.27242e-02 
3640.00 1.95771e-05 8.71849e-01 4.11500e-16 1.28702e-02 
3646.37 2.13447e-05 8.72684e-01 4.14331e-16 1.41670e-02 
3650.00 2.24311e-05 8.73157e-01 4.15761e-16 1.49624e-02 
3656.99 2.35541e-05 8.74060e-01 4.18150e-16 1.58485e-02 
3662.80 2.36527e-05 8.74804e-01 4.19790e-16 1.60163e-02 
3670.00 2.31466e-05 8.75716e-01 4.21403e-16 1.57811e-02 
3675.27 2.26033e-05 8.76380e-01 4.22310e-16 1.54778e-02 
3679.25 2.22241e-05 8.76879e-01 4.22848e-16 1.52627e-02 
3690.00 2.19802e-05 8.78219e-01 4.23719e-16 1.51937e-02 
3693.65 2.23184e-05 8.78670e-01 4.23836e-16 1.54549e-02 
3695.71 2.25701e-05 8.78924e-01 4.23865e-16 1.56434e-02 
3710.00 2.30337e-05 8.80665e-01 4.23394e-16 1.60405e-02 
3712.12 2.25818e-05 8.80920e-01 4.23234e-16 1.57333e-02 
3712.18 2.25665e-05 8.80927e-01 4.23229e-16 1.57229e-02 
3728.66 1.69444e-05 8.82892e-01 4.21315e-16 1.18309e-02 
3730.00 1.66695e-05 8.83050e-01 4.21114e-16 1.16396e-02 
3730.68 1.65591e-05 8.83130e-01 4.21010e-16 1.15628e-02 
3745.15 1.76538e-05 8.84818e-01 4.18461e-16 1.23237e-02 
3749.33 1.86530e-05 8.85300e-01 4.17623e-16 1.30167e-02 
3750.00 1.88187e-05 8.85377e-01 4.17486e-16 1.31315e-02 
3761.65 2.14884e-05 8.86705e-01 4.14943e-16 1.49717e-02 
3768.08 2.25303e-05 8.87430e-01 4.13440e-16 1.56804e-02 
3770.00 2.27452e-05 8.87646e-01 4.12978e-16 1.58242e-02 
3778.17 2.31823e-05 8.88560e-01 4.10957e-16 1.61007e-02 
3786.92 2.33741e-05 8.89530e-01 4.08700e-16 1.61998e-02 
3790.00 2.35297e-05 8.89869e-01 4.07884e-16 1.62945e-02 
3794.70 2.39065e-05 8.90383e-01 4.06619e-16 1.65341e-02 
3805.85 2.38437e-05 8.91590e-01 4.03512e-16 1.64350e-02 
3810.00 2.27954e-05 8.92034e-01 4.02318e-16 1.56909e-02 
3811.23 2.23207e-05 8.92166e-01 4.01959e-16 1.53576e-02 
3824.88 1.51916e-05 8.93610e-01 3.97846e-16 1.03994e-02 
3827.78 1.41522e-05 8.93915e-01 3.96935e-16 9.67632e-03 
3830.00 1.36996e-05 8.94147e-01 3.96230e-16 9.35809e-03 
3844.01 1.66753e-05 8.95600e-01 3.91564e-16 1.13161e-02 
3844.34 1.67948e-05 8.95635e-01 3.91447e-16 1.13953e-02 
3850.00 1.84564e-05 8.96213e-01 3.89442e-16 1.24849e-02 
3860.92 1.87758e-05 8.97318e-01 3.85351e-16 1.26187e-02 
3863.23 1.85642e-05 8.97550e-01 3.84445e-16 1.24578e-02 
3870.00 1.80158e-05 8.98228e-01 3.81696e-16 1.20335e-02 
3877.50 1.82451e-05 8.98973e-01 3.78486e-16 1.21177e-02 
3882.54 1.90296e-05 8.99470e-01 3.76223e-16 1.25864e-02 
3890.00 2.11770e-05 9.00198e-01 3.72709e-16 1.39138e-02 
3894.10 2.28107e-05 9.00594e-01 3.70690e-16 1.49283e-02 
3901.96 2.54804e-05 9.01350e-01 3.66633e-16 1.65400e-02 
3910.00 2.50062e-05 9.02117e-01 3.62219e-16 1.60835e-02 
3910.70 2.47085e-05 9.02184e-01 3.61819e-16 1.58786e-02 
3921.46 1.70199e-05 9.03200e-01 3.55447e-16 1.07867e-02 
3927.32 1.36488e-05 9.03748e-01 3.51763e-16 8.57849e-03 
3930.00 1.31590e-05 9.03997e-01 3.50028e-16 8.23775e-03 
3941.07 1.83227e-05 9.05020e-01 3.42506e-16 1.12682e-02 
3943.95 2.01794e-05 9.05284e-01 3.40457e-16 1.23484e-02 
3950.00 2.23890e-05 9.05836e-01 3.36034e-16 1.35515e-02 
3960.59 1.84043e-05 9.06794e-01 3.27887e-16 1.09103e-02 
3960.78 1.83018e-05 9.06810e-01 3.27742e-16 1.08454e-02 
3970.00 1.54497e-05 9.07631e-01 3.20241e-16 8.97471e-03 
3977.25 1.92461e-05 9.08269e-01 3.14093e-16 1.09931e-02 
3980.58 2.22252e-05 9.08560e-01 3.11194e-16 1.25922e-02 
3990.00 3.04201e-05 9.09378e-01 3.02767e-16 1.68232e-02 
3993.91 3.22865e-05 9.09715e-01 2.99168e-16 1.76670e-02 
4000.48 3.32949e-05 9.10280e-01 2.93004e-16 1.78839e-02 
4010.00 3.25538e-05 9.11094e-01 2.83829e-16 1.69938e-02 
4010.59 3.25037e-05 9.11144e-01 2.83251e-16 1.69365e-02 
4020.49 3.21769e-05 9.11980e-01 2.73414e-16 1.62387e-02 
4027.28 3.22035e-05 9.12546e-01 2.66520e-16 1.58790e-02 
4030.00 3.21922e-05 9.12771e-01 2.63730e-16 1.57217e-02 
4040.59 3.17771e-05 9.13640e-01 2.52739e-16 1.49255e-02 
4043.98 3.15208e-05 9.13916e-01 2.49182e-16 1.46134e-02 
4050.00 3.09259e-05 9.14404e-01 2.42828e-16 1.40003e-02 
4060.69 2.97888e-05 9.15262e-01 2.31461e-16 1.29003e-02 
4060.79 2.97820e-05 9.15270e-01 2.31353e-16 1.28918e-02 
4070.00 2.99621e-05 9.16001e-01 2.21515e-16 1.24563e-02 
4077.41 3.15064e-05 9.16583e-01 2.13588e-16 1.26607e-02 
4081.10 3.24799e-05 9.16870e-01 2.09659e-16 1.28273e-02 
4090.00 3.42632e-05 9.17559e-01 2.00186e-16 1.29581e-02 
4094.15 3.44225e-05 9.17878e-01 1.95794e-16 1.27501e-02 
4101.50 3.38784e-05 9.18440e-01 1.88062e-16 1.20821e-02 
4110.00 3.30079e-05 9.19086e-01 1.79220e-16 1.12493e-02 
4110.90 3.29568e-05 9.19154e-01 1.78294e-16 1.11771e-02 
4122.01 3.30443e-05 9.19990e-01 1.66948e-16 1.05316e-02 
4127.66 3.32745e-05 9.20411e-01 1.61285e-16 1.02640e-02 
4130.00 3.33371e-05 9.20585e-01 1.58956e-16 1.01424e-02 
4142.62 3.32258e-05 9.21510e-01 1.46664e-16 9.36480e-03 
4144.43 3.31995e-05 9.21641e-01 1.44940e-16 9.25273e-03 
4150.00 3.32046e-05 9.22041e-01 1.39683e-16 8.93436e-03 
4161.21 3.36133e-05 9.22839e-01 1.29403e-16 8.40861e-03 
4163.33 3.36691e-05 9.22990e-01 1.27501e-16 8.30437e-03 
4170.00 3.35859e-05 9.23464e-01 1.21629e-16 7.91905e-03 
4178.00 3.28362e-05 9.24030e-01 1.14786e-16 7.32521e-03 
4184.15 3.21360e-05 9.24460e-01 1.09686e-16 6.86374e-03 
4190.00 3.17368e-05 9.24864e-01 1.04960e-16 6.49833e-03 
4194.81 3.17699e-05 9.25194e-01 1.01172e-16 6.27977e-03 
4205.07 3.23068e-05 9.25890e-01 9.33794e-17 5.91290e-03 
4210.00 3.23783e-05 9.26223e-01 8.97786e-17 5.70620e-03 
4211.63 3.23283e-05 9.26333e-01 8.86121e-17 5.62621e-03 
4226.10 3.11026e-05 9.27300e-01 7.86755e-17 4.82746e-03 
4228.45 3.09627e-05 9.27456e-01 7.71316e-17 4.71487e-03 
4230.00 3.09094e-05 9.27558e-01 7.61320e-17 4.64796e-03 
4245.30 3.14257e-05 9.28555e-01 6.67303e-17 4.16147e-03 
4247.23 3.14618e-05 9.28680e-01 6.56069e-17 4.09852e-03 
4250.00 3.14326e-05 9.28859e-01 6.40163e-17 3.99883e-03 
4262.15 3.02323e-05 9.29639e-01 5.73866e-17 3.46058e-03 
4268.46 2.94273e-05 9.30040e-01 5.41529e-17 3.18470e-03 
4270.00 2.92648e-05 9.30137e-01 5.33864e-17 3.12374e-03 
4279.01 2.85284e-05 9.30702e-01 4.90619e-17 2.80608e-03 
4289.80 2.66743e-05 9.31370e-01 4.42488e-17 2.37398e-03 
4290.00 2.66168e-05 9.31382e-01 4.41649e-17 2.36451e-03 
4295.89 2.45509e-05 9.31744e-01 4.17035e-17 2.06306e-03 
4310.00 2.21824e-05 9.32604e-01 3.62512e-17 1.62715e-03 
4311.25 2.25205e-05 9.32680e-01 3.57963e-17 1.63183e-03 
4312.78 2.30815e-05 9.32772e-01 3.52489e-17 1.64765e-03 
4329.68 3.22515e-05 9.33785e-01 2.96288e-17 1.94487e-03 
4330.00 3.23424e-05 9.33804e-01 2.95295e-17 1.94400e-03 
4332.81 3.28256e-05 9.33970e-01 2.86739e-17 1.91745e-03 
4346.59 3.10775e-05 9.34775e-01 2.47701e-17 1.57454e-03 
4350.00 3.08015e-05 9.34972e-01 2.38766e-17 1.50576e-03 
4354.47 3.11620e-05 9.35230e-01 2.27458e-17 1.45313e-03 
4363.51 3.31324e-05 9.35749e-01 2.05987e-17 1.40285e-03 
4370.00 3.40234e-05 9.36118e-01 1.91675e-17 1.34301e-03 
4376.25 3.34851e-05 9.36470e-01 1.78708e-17 1.23457e-03 
4380.45 3.26272e-05 9.36705e-01 1.70411e-17 1.14848e-03 
4390.00 3.08991e-05 9.37235e-01 1.52800e-17 9.77924e-04 
4397.40 3.10925e-05 9.37640e-01 1.40268e-17 9.05252e-04 
4398.13 3.11807e-05 9.37680e-01 1.39084e-17 9.00347e-04 
4410.00 3.33861e-05 9.38324e-01 1.20989e-17 8.41444e-04 
4414.36 3.41883e-05 9.38559e-01 1.14887e-17 8.19223e-04 
4420.12 3.50317e-05 9.38870e-01 1.07244e-17 7.84867e-04 
4430.00 3.57254e-05 9.39402e-01 9.51760e-18 7.12332e-04 
4431.33 3.57320e-05 9.39473e-01 9.36478e-18 7.01289e-04 
4442.22 3.53690e-05 9.40050e-01 8.19421e-18 6.09262e-04 
4448.31 3.52906e-05 9.40367e-01 7.59792e-18 5.64638e-04 
4450.00 3.53429e-05 9.40454e-01 7.44005e-18 5.53986e-04 
4464.43 3.68192e-05 9.41190e-01 6.20561e-18 4.83310e-04 
4465.31 3.69096e-05 9.41235e-01 6.13669e-18 4.79232e-04 
4470.00 3.72531e-05 9.41473e-01 5.78111e-18 4.56260e-04 
4482.32 3.72073e-05 9.42097e-01 4.93512e-18 3.90344e-04 
4486.75 3.73522e-05 9.42320e-01 4.65951e-18 3.70434e-04 
4490.00 3.76871e-05 9.42483e-01 4.46666e-18 3.58607e-04 
4499.34 3.96838e-05 9.42947e-01 3.95269e-18 3.35016e-04 
4509.19 4.12177e-05 9.43430e-01 3.47047e-18 3.06339e-04 
4510.00 4.12207e-05 9.43470e-01 3.43313e-18 3.03133e-04 
4516.37 4.04513e-05 9.43777e-01 3.15402e-18 2.73765e-04 
4530.00 3.73689e-05 9.44428e-01 2.62676e-18 2.11408e-04 
4531.73 3.71714e-05 9.44510e-01 2.56613e-18 2.05533e-04 
4533.41 3.70558e-05 9.44590e-01 2.50850e-18 2.00384e-04 
4550.00 3.86014e-05 9.45375e-01 2.00272e-18 1.67403e-04 
4550.47 3.86827e-05 9.45397e-01 1.98998e-18 1.66710e-04 
4554.39 3.93669e-05 9.45580e-01 1.88635e-18 1.60993e-04 
4567.54 4.08846e-05 9.46184e-01 1.57625e-18 1.40206e-04 
4570.00 4.08810e-05 9.46296e-01 1.52406e-18 1.35640e-04 
4577.16 4.02362e-05 9.46620e-01 1.38207e-18 1.21295e-04 
4584.62 3.91841e-05 9.46957e-01 1.24866e-18 1.06933e-04 
4590.00 3.86728e-05 9.47200e-01 1.16071e-18 9.82445e-05 
4600.05 3.89053e-05 9.47650e-01 1.01389e-18 8.65635e-05 
4601.71 3.90270e-05 9.47724e-01 9.91655e-19 8.49669e-05 
4610.00 3.95494e-05 9.48090e-01 8.88528e-19 7.73188e-05 
4618.81 3.94783e-05 9.48476e-01 7.92430e-19 6.89920e-05 
4623.05 3.92934e-05 9.48660e-01 7.50774e-19 6.51314e-05 
4630.00 3.90016e-05 9.48960e-01 6.88321e-19 5.93780e-05 
4635.93 3.89177e-05 9.49215e-01 6.40507e-19 5.52199e-05 
4646.16 3.91430e-05 9.49650e-01 5.68719e-19 4.94462e-05 
4650.00 3.93226e-05 9.49812e-01 5.45068e-19 4.76549e-05 
4653.06 3.94928e-05 9.49940e-01 5.27423e-19 4.63484e-05 
4669.39 4.02977e-05 9.50620e-01 4.49575e-19 4.04831e-05 
4670.00 4.03090e-05 9.50645e-01 4.47184e-19 4.02852e-05 
4670.20 4.03121e-05 9.50653e-01 4.46415e-19 4.02212e-05 
4687.35 3.97307e-05 9.51353e-01 3.92159e-19 3.49769e-05 
4690.00 3.95040e-05 9.51460e-01 3.85883e-19 3.42439e-05 
4692.74 3.92386e-05 9.51570e-01 3.79948e-19 3.35141e-05 
4704.51 3.81870e-05 9.52039e-01 3.60530e-19 3.10420e-05 
4710.00 3.80554e-05 9.52256e-01 3.54659e-19 3.04736e-05 
4716.20 3.83746e-05 9.52500e-01 3.50308e-19 3.04001e-05 
4721.69 3.89192e-05 9.52715e-01 3.48402e-19 3.07063e-05 
4730.00 3.97755e-05 9.53041e-01 3.48819e-19 3.14856e-05 
4738.88 4.02516e-05 9.53385e-01 3.53472e-19 3.23598e-05 
4739.79 4.02760e-05 9.53420e-01 3.54183e-19 3.24519e-05 
4750.00 4.03886e-05 9.53811e-01 3.65117e-19 3.36333e-05 
4756.08 4.04096e-05 9.54042e-01 3.74113e-19 3.45325e-05 
4763.48 4.04261e-05 9.54320e-01 3.87496e-19 3.58485e-05 
4770.00 4.04279e-05 9.54563e-01 4.01436e-19 3.72000e-05 
4773.29 4.04224e-05 9.54686e-01 4.09241e-19 3.79493e-05 
4787.30 4.02758e-05 9.55200e-01 4.48032e-19 4.15395e-05 
4790.00 4.02106e-05 9.55298e-01 4.56535e-19 4.22875e-05 
4790.52 4.01962e-05 9.55317e-01 4.58210e-19 4.24329e-05 
4807.76 3.97738e-05 9.55936e-01 5.20716e-19 4.79173e-05 
4810.00 3.97886e-05 9.56016e-01 5.29835e-19 4.88014e-05 
4811.24 3.98096e-05 9.56060e-01 5.34967e-19 4.93151e-05 
4825.01 4.02733e-05 9.56549e-01 5.96718e-19 5.58361e-05 
4830.00 4.03118e-05 9.56725e-01 6.21240e-19 5.82570e-05 
4835.29 4.01246e-05 9.56910e-01 6.48492e-19 6.06084e-05 
4842.27 3.94299e-05 9.57152e-01 6.86370e-19 6.31447e-05 
4850.00 3.79496e-05 9.57417e-01 7.30990e-19 6.48462e-05 
4859.47 3.53664e-05 9.57740e-01 7.89486e-19 6.54177e-05 
4859.54 3.53476e-05 9.57742e-01 7.89956e-19 6.54230e-05 
4870.00 3.38956e-05 9.58098e-01 8.59534e-19 6.84335e-05 
4876.83 3.49079e-05 9.58328e-01 9.07843e-19 7.45608e-05 
4883.77 3.68121e-05 9.58560e-01 9.59235e-19 8.32173e-05 
4890.00 3.83179e-05 9.58766e-01 1.00743e-18 9.11086e-05 
4894.13 3.88354e-05 9.58902e-01 1.04043e-18 9.54584e-05 
4908.19 3.84607e-05 9.59360e-01 1.15918e-18 1.05681e-04 
4910.00 3.83127e-05 9.59419e-01 1.17523e-18 1.06777e-04 
4911.44 3.81981e-05 9.59466e-01 1.18811e-18 1.07661e-04 
4928.77 3.74937e-05 9.60024e-01 1.35123e-18 1.20678e-04 
4930.00 3.75182e-05 9.60063e-01 1.36344e-18 1.21884e-04 
4932.73 3.76179e-05 9.60150e-01 1.39072e-18 1.24734e-04 
4946.10 3.86408e-05 9.60570e-01 1.53005e-18 1.41405e-04 
4950.00 3.89655e-05 9.60691e-01 1.57242e-18 1.46677e-04 
4957.39 3.94177e-05 9.60920e-01 1.65496e-18 1.56438e-04 
4963.45 3.95390e-05 9.61107e-01 1.72474e-18 1.63768e-04 
4970.00 3.93184e-05 9.61309e-01 1.80235e-18 1.70442e-04 
4980.81 3.81088e-05 9.61639e-01 1.93534e-18 1.77835e-04 
4982.18 3.79087e-05 9.61680e-01 1.95260e-18 1.78536e-04 
4990.00 3.67232e-05 9.61915e-01 2.05315e-18 1.82188e-04 
4998.18 3.56637e-05 9.62157e-01 2.16172e-18 1.86641e-04 
5007.09 3.51516e-05 9.62420e-01 2.28373e-18 1.94744e-04 
5010.00 3.52072e-05 9.62506e-01 2.32447e-18 1.98664e-04 
5015.57 3.56482e-05 9.62669e-01 2.40360e-18 2.08267e-04 
5030.00 3.72038e-05 9.63089e-01 2.61567e-18 2.37316e-04 
5032.12 3.72833e-05 9.63150e-01 2.64774e-18 2.40857e-04 
5032.97 3.72989e-05 9.63174e-01 2.66051e-18 2.42166e-04 
5050.00 3.71424e-05 9.63656e-01 2.92578e-18 2.66224e-04 
5050.38 3.71578e-05 9.63667e-01 2.93181e-18 2.66907e-04 
5057.29 3.76857e-05 9.63860e-01 3.04320e-18 2.81424e-04 
5067.80 3.85185e-05 9.64153e-01 3.21664e-18 3.04762e-04 
5070.00 3.85515e-05 9.64213e-01 3.25349e-18 3.08671e-04 
5082.57 3.76264e-05 9.64560e-01 3.46780e-18 3.22021e-04 
5085.24 3.73728e-05 9.64633e-01 3.51398e-18 3.24304e-04 
5090.00 3.70621e-05 9.64763e-01 3.59721e-18 3.29577e-04 
5102.68 3.73616e-05 9.65107e-01 3.82261e-18 3.54065e-04 
5107.98 3.75812e-05 9.65250e-01 3.91837e-18 3.65501e-04 
5110.00 3.76180e-05 9.65304e-01 3.95500e-18 3.69446e-04 
5120.14 3.73102e-05 9.65576e-01 4.14115e-18 3.84539e-04 
5130.00 3.67313e-05 9.65838e-01 4.32466e-18 3.96217e-04 
5133.52 3.65807e-05 9.65930e-01 4.39086e-18 4.00946e-04 
5137.62 3.64216e-05 9.66037e-01 4.46806e-18 4.06590e-04 
5150.00 3.54115e-05 9.66355e-01 4.70376e-18 4.17307e-04 
5155.10 3.45208e-05 9.66486e-01 4.80165e-18 4.15745e-04 
5159.19 3.36786e-05 9.66590e-01 4.88044e-18 4.12630e-04 
5170.00 3.17285e-05 9.66865e-01 5.08965e-18 4.06366e-04 
5172.60 3.14695e-05 9.66930e-01 5.14016e-18 4.07280e-04 
5184.99 3.16074e-05 9.67240e-01 5.38164e-18 4.29446e-04 
5190.00 3.22200e-05 9.67363e-01 5.47956e-18 4.46223e-04 
5190.11 3.22364e-05 9.67366e-01 5.48170e-18 4.46635e-04 
5207.63 3.52669e-05 9.67791e-01 5.82437e-18 5.21149e-04 
5210.00 3.55255e-05 9.67848e-01 5.87064e-18 5.29412e-04 
5210.91 3.56020e-05 9.67870e-01 5.88848e-18 5.32270e-04 
5225.17 3.59223e-05 9.68216e-01 6.16624e-18 5.64131e-04 
5230.00 3.61343e-05 9.68333e-01 6.26001e-18 5.76694e-04 
5236.97 3.68600e-05 9.68500e-01 6.39475e-18 6.01841e-04 
5242.72 3.74040e-05 9.68636e-01 6.50539e-18 6.22058e-04 
5250.00 3.72468e-05 9.68806e-01 6.64487e-18 6.33717e-04 
5260.28 3.48395e-05 9.69044e-01 6.83997e-18 6.11506e-04 
5263.15 3.40849e-05 9.69110e-01 6.89421e-18 6.03378e-04 
5270.00 3.30062e-05 9.69267e-01 7.02254e-18 5.96028e-04 
5277.85 3.37718e-05 9.69446e-01 7.16823e-18 6.23549e-04 
5289.47 3.67667e-05 9.69710e-01 7.38091e-18 7.00715e-04 
5290.00 3.68943e-05 9.69722e-01 7.39055e-18 7.04145e-04 
5295.43 3.79439e-05 9.69844e-01 7.48857e-18 7.34627e-04 
5310.00 3.80833e-05 9.70169e-01 7.74669e-18 7.65095e-04 
5313.03 3.75603e-05 9.70236e-01 7.79953e-18 7.60222e-04 
5315.92 3.69407e-05 9.70300e-01 7.84948e-18 7.52929e-04 
5330.00 3.44391e-05 9.70610e-01 8.08913e-18 7.25519e-04 
5330.64 3.44234e-05 9.70624e-01 8.09989e-18 7.26252e-04 
5342.50 3.57542e-05 9.70880e-01 8.29546e-18 7.74463e-04 
5348.27 3.66975e-05 9.71002e-01 8.38867e-18 8.04797e-04 
5350.00 3.69079e-05 9.71039e-01 8.41642e-18 8.12382e-04 
5365.90 3.69737e-05 9.71371e-01 8.66518e-18 8.40662e-04 
5369.21 3.68319e-05 9.71440e-01 8.71558e-18 8.42888e-04 
5370.00 3.68033e-05 9.71457e-01 8.72759e-18 8.43534e-04 
5383.55 3.65791e-05 9.71741e-01 8.92901e-18 8.60160e-04 
5390.00 3.63770e-05 9.71875e-01 9.02218e-18 8.65487e-04 
5396.05 3.59844e-05 9.72000e-01 9.10809e-18 8.65381e-04 
5401.21 3.55920e-05 9.72105e-01 9.18011e-18 8.63631e-04 
5410.00 3.51460e-05 9.72281e-01 9.30031e-18 8.65537e-04 
5418.89 3.53208e-05 9.72458e-01 9.41876e-18 8.82528e-04 
5423.03 3.55635e-05 9.72540e-01 9.47300e-18 8.94470e-04 
5430.00 3.60583e-05 9.72679e-01 9.56265e-18 9.16804e-04 
5436.57 3.64934e-05 9.72810e-01 9.64563e-18 9.37177e-04 
5450.00 3.69236e-05 9.73077e-01 9.81050e-18 9.67079e-04 
5450.15 3.69231e-05 9.73080e-01 9.81231e-18 9.67274e-04 
5454.27 3.68610e-05 9.73162e-01 9.86175e-18 9.71328e-04 
5470.00 3.62430e-05 9.73469e-01 1.00458e-17 9.75980e-04 
5471.99 3.61823e-05 9.73507e-01 1.00685e-17 9.76946e-04 
5477.40 3.60711e-05 9.73610e-01 1.01301e-17 9.80975e-04 
5489.71 3.59979e-05 9.73841e-01 1.02678e-17 9.94754e-04 
5490.00 3.59974e-05 9.73846e-01 1.02710e-17 9.95109e-04 
5504.79 3.59802e-05 9.74120e-01 1.04329e-17 1.01331e-03 
5507.45 3.59814e-05 9.74170e-01 1.04617e-17 1.01669e-03 
5510.00 3.59846e-05 9.74217e-01 1.04893e-17 1.01999e-03 
5525.20 3.61071e-05 9.74500e-01 1.06528e-17 1.04258e-03 
5530.00 3.62161e-05 9.74588e-01 1.07044e-17 1.05180e-03 
5532.31 3.62853e-05 9.74630e-01 1.07292e-17 1.05674e-03 
5542.96 3.66070e-05 9.74820e-01 1.08440e-17 1.07980e-03 
5550.00 3.66433e-05 9.74944e-01 1.09205e-17 1.09001e-03 
5559.97 3.62477e-05 9.75120e-01 1.10300e-17 1.09122e-03 
5560.74 3.62012e-05 9.75134e-01 1.10385e-17 1.09082e-03 
5570.00 3.55693e-05 9.75298e-01 1.11422e-17 1.08384e-03 
5578.53 3.50408e-05 9.75449e-01 1.12398e-17 1.07890e-03 
5587.77 3.47889e-05 9.75610e-01 1.13483e-17 1.08345e-03 
5590.00 3.48083e-05 9.75648e-01 1.13749e-17 1.08708e-03 
5596.33 3.50465e-05 9.75756e-01 1.14517e-17 1.10327e-03 
5610.00 3.58206e-05 9.75985e-01 1.16240e-17 1.14767e-03 
5614.14 3.59352e-05 9.76054e-01 1.16782e-17 1.15765e-03 
5615.71 3.59584e-05 9.76080e-01 1.16989e-17 1.16081e-03 
5630.00 3.59496e-05 9.76319e-01 1.18953e-17 1.18329e-03 
5631.97 3.59528e-05 9.76352e-01 1.19235e-17 1.18666e-03 
5643.79 3.59715e-05 9.76550e-01 1.20985e-17 1.20747e-03 
5649.81 3.58504e-05 9.76650e-01 1.21919e-17 1.21412e-03 
5650.00 3.58439e-05 9.76653e-01 1.21949e-17 1.21424e-03 
5667.66 3.50373e-05 9.76941e-01 1.24879e-17 1.21960e-03 
5670.00 3.50139e-05 9.76978e-01 1.25289e-17 1.22333e-03 
5672.01 3.50299e-05 9.77010e-01 1.25646e-17 1.22785e-03 
5685.53 3.54627e-05 9.77222e-01 1.28160e-17 1.27120e-03 
5690.00 3.54649e-05 9.77291e-01 1.29036e-17 1.28106e-03 
5700.37 3.49267e-05 9.77450e-01 1.31159e-17 1.28492e-03 
5703.41 3.47747e-05 9.77497e-01 1.31807e-17 1.28639e-03 
5710.00 3.47536e-05 9.77598e-01 1.33251e-17 1.30134e-03 
5721.30 3.59201e-05 9.77773e-01 1.35864e-17 1.37435e-03 
5728.87 3.66374e-05 9.77890e-01 1.37713e-17 1.42292e-03 
5730.00 3.66806e-05 9.77908e-01 1.37996e-17 1.42784e-03 
5739.21 3.63404e-05 9.78050e-01 1.40374e-17 1.44150e-03 
5750.00 3.55531e-05 9.78216e-01 1.43328e-17 1.44289e-03 
5757.13 3.55492e-05 9.78324e-01 1.45380e-17 1.46536e-03 
5757.52 3.55593e-05 9.78330e-01 1.45494e-17 1.46704e-03 
5770.00 3.58361e-05 9.78514e-01 1.49302e-17 1.52073e-03 
5775.06 3.56669e-05 9.78587e-01 1.50920e-17 1.53141e-03 
5786.30 3.49928e-05 9.78750e-01 1.54683e-17 1.54318e-03 
5790.00 3.48609e-05 9.78804e-01 1.55970e-17 1.55123e-03 
5793.00 3.48381e-05 9.78848e-01 1.57033e-17 1.56166e-03 
5810.00 3.55579e-05 9.79095e-01 1.63377e-17 1.66361e-03 
5810.96 3.56077e-05 9.79109e-01 1.63751e-17 1.67005e-03 
5815.23 3.58036e-05 9.79170e-01 1.65443e-17 1.69795e-03 
5828.93 3.59667e-05 9.79360e-01 1.71106e-17 1.76856e-03 
5830.00 3.59385e-05 9.79375e-01 1.71566e-17 1.77228e-03 
5844.31 3.52518e-05 9.79570e-01 1.77923e-17 1.80761e-03 
5846.91 3.51684e-05 9.79606e-01 1.79123e-17 1.81638e-03 
5850.00 3.51320e-05 9.79648e-01 1.80569e-17 1.83019e-03 
5864.91 3.54127e-05 9.79853e-01 1.87825e-17 1.92423e-03 
5870.00 3.51389e-05 9.79922e-01 1.90414e-17 1.93749e-03 
5873.53 3.46946e-05 9.79970e-01 1.92242e-17 1.93261e-03 
5882.91 3.31243e-05 9.80096e-01 1.97229e-17 1.89627e-03 
5890.00 3.24733e-05 9.80189e-01 2.01121e-17 1.89816e-03 
5900.94 3.34833e-05 9.80334e-01 2.07346e-17 2.02182e-03 
5902.90 3.37891e-05 9.80360e-01 2.08491e-17 2.05229e-03 
5910.00 3.47342e-05 9.80455e-01 2.12703e-17 2.15511e-03 
5918.97 3.50017e-05 9.80574e-01 2.18183e-17 2.23132e-03 
5930.00 3.46251e-05 9.80719e-01 2.25161e-17 2.28248e-03 
5932.41 3.45689e-05 9.80750e-01 2.26724e-17 2.29560e-03 
5937.02 3.45270e-05 9.80809e-01 2.29742e-17 2.32528e-03 
5950.00 3.46428e-05 9.80971e-01 2.38492e-17 2.42764e-03 
5955.08 3.46852e-05 9.81034e-01 2.42017e-17 2.46880e-03 
5962.08 3.47024e-05 9.81120e-01 2.46958e-17 2.52363e-03 
5970.00 3.46653e-05 9.81218e-01 2.52681e-17 2.58304e-03 
5973.16 3.46340e-05 9.81257e-01 2.54998e-17 2.60585e-03 
5990.00 3.43043e-05 9.81466e-01 2.67706e-17 2.71789e-03 
5991.24 3.42688e-05 9.81482e-01 2.68667e-17 2.72544e-03 
5991.89 3.42500e-05 9.81490e-01 2.69165e-17 2.72930e-03 
6009.34 3.37533e-05 9.81708e-01 2.83003e-17 2.83688e-03 
6010.00 3.37408e-05 9.81716e-01 2.83534e-17 2.84148e-03 
6021.85 3.36627e-05 9.81860e-01 2.93272e-17 2.93847e-03 
6027.46 3.37268e-05 9.81927e-01 2.97977e-17 2.99429e-03 
6030.00 3.37779e-05 9.81956e-01 3.00126e-17 3.02183e-03 
6045.59 3.42344e-05 9.82137e-01 3.13554e-17 3.20855e-03 
6050.00 3.43237e-05 9.82187e-01 3.17432e-17 3.25926e-03 
6051.96 3.43463e-05 9.82210e-01 3.19160e-17 3.28028e-03 
6063.73 3.42584e-05 9.82346e-01 3.29694e-17 3.38692e-03 
6070.00 3.40728e-05 9.82419e-01 3.35396e-17 3.43064e-03 
6081.88 3.35779e-05 9.82556e-01 3.46352e-17 3.49856e-03 
6082.21 3.35646e-05 9.82560e-01 3.46664e-17 3.50053e-03 
6090.00 3.33285e-05 9.82649e-01 3.53954e-17 3.55387e-03 
6100.05 3.32508e-05 9.82762e-01 3.63478e-17 3.64742e-03 
6110.00 3.30248e-05 9.82872e-01 3.73033e-17 3.72434e-03 
6112.63 3.28777e-05 9.82900e-01 3.75573e-17 3.73471e-03 
6118.23 3.24789e-05 9.82960e-01 3.81015e-17 3.74653e-03 
6130.00 3.18605e-05 9.83083e-01 3.92557e-17 3.79428e-03 
6136.42 3.19659e-05 9.83150e-01 3.98906e-17 3.87272e-03 
6143.19 3.22219e-05 9.83220e-01 4.05636e-17 3.97425e-03 
6150.00 3.22795e-05 9.83291e-01 4.12442e-17 4.05294e-03 
6154.63 3.20629e-05 9.83339e-01 4.17085e-17 4.07432e-03 
6170.00 3.11990e-05 9.83499e-01 4.32599e-17 4.12296e-03 
6172.85 3.12719e-05 9.83529e-01 4.35485e-17 4.16221e-03 
6173.91 3.13244e-05 9.83540e-01 4.36559e-17 4.18024e-03 
6190.00 3.27058e-05 9.83706e-01 4.52936e-17 4.54090e-03 
6191.08 3.27699e-05 9.83717e-01 4.54038e-17 4.56170e-03 
6204.77 3.28884e-05 9.83860e-01 4.68019e-17 4.73030e-03 
6209.33 3.27607e-05 9.83908e-01 4.72669e-17 4.76247e-03 
6210.00 3.27396e-05 9.83915e-01 4.73357e-17 4.76688e-03 
6227.59 3.20287e-05 9.84103e-01 4.91305e-17 4.85483e-03 
6230.00 3.18894e-05 9.84128e-01 4.93764e-17 4.85991e-03 
6235.80 3.15151e-05 9.84190e-01 4.99664e-17 4.86508e-03 
6245.86 3.10199e-05 9.84296e-01 5.09870e-17 4.89487e-03 
6250.00 3.09943e-05 9.84339e-01 5.14057e-17 4.93447e-03 
6264.15 3.17874e-05 9.84482e-01 5.28287e-17 5.21336e-03 
6266.98 3.19886e-05 9.84510e-01 5.31119e-17 5.27702e-03 
6270.00 3.21732e-05 9.84540e-01 5.34135e-17 5.34034e-03 
6282.45 3.24314e-05 9.84660e-01 5.46478e-17 5.51921e-03 
6290.00 3.22443e-05 9.84731e-01 5.53900e-17 5.56898e-03 
6298.31 3.18360e-05 9.84810e-01 5.61999e-17 5.58667e-03 
6300.76 3.17045e-05 9.84833e-01 5.64368e-17 5.58937e-03 
6310.00 3.13155e-05 9.84921e-01 5.73252e-17 5.61641e-03 
6319.09 3.12523e-05 9.85008e-01 5.81881e-17 5.69814e-03 
6329.80 3.13928e-05 9.85110e-01 5.91912e-17 5.83291e-03 
6330.00 3.13954e-05 9.85112e-01 5.92094e-17 5.83538e-03 
6337.43 3.14607e-05 9.85182e-01 5.98942e-17 5.92251e-03 
6350.00 3.14281e-05 9.85298e-01 6.10333e-17 6.04158e-03 
6355.78 3.13587e-05 9.85350e-01 6.15479e-17 6.08492e-03 
6361.45 3.12906e-05 9.85400e-01 6.20471e-17 6.12671e-03 
6370.00 3.12689e-05 9.85472e-01 6.27879e-17 6.20433e-03 
6374.15 3.13182e-05 9.85507e-01 6.31422e-17 6.25349e-03 
6390.00 3.14157e-05 9.85641e-01 6.44646e-17 6.42112e-03 
6392.53 3.13463e-05 9.85663e-01 6.46706e-17 6.43009e-03 
6393.26 3.13208e-05 9.85670e-01 6.47300e-17 6.43155e-03 
6410.00 3.06706e-05 9.85827e-01 6.60554e-17 6.44484e-03 
6410.92 3.06610e-05 9.85836e-01 6.61265e-17 6.45075e-03 
6425.23 3.08802e-05 9.85970e-01 6.72042e-17 6.61839e-03 
6429.33 3.09320e-05 9.86006e-01 6.75041e-17 6.66356e-03 
6430.00 3.09342e-05 9.86012e-01 6.75527e-17 6.66957e-03 
6447.75 3.05634e-05 9.86160e-01 6.87978e-17 6.73062e-03 
6450.00 3.05202e-05 9.86179e-01 6.89497e-17 6.73844e-03 
6457.35 3.04673e-05 9.86240e-01 6.94368e-17 6.78242e-03 
6466.18 3.04469e-05 9.86316e-01 7.00025e-17 6.84296e-03 
6470.00 3.03996e-05 9.86349e-01 7.02402e-17 6.85982e-03 
6484.63 3.00105e-05 9.86477e-01 7.11136e-17 6.87262e-03 
6489.64 2.99674e-05 9.86520e-01 7.13984e-17 6.89585e-03 
6490.00 2.99691e-05 9.86523e-01 7.14186e-17 6.89858e-03 
6503.09 3.03477e-05 9.86630e-01 7.21271e-17 7.07004e-03 
6510.00 3.05632e-05 9.86685e-01 7.24802e-17 7.16310e-03 
6521.57 3.05898e-05 9.86776e-01 7.30392e-17 7.23813e-03 
6522.09 3.05848e-05 9.86780e-01 7.30634e-17 7.23995e-03 
6530.00 3.05087e-05 9.86843e-01 7.34208e-17 7.26654e-03 
6540.06 3.03787e-05 9.86924e-01 7.38471e-17 7.28940e-03 
6550.00 2.95538e-05 9.87003e-01 7.42373e-17 7.14033e-03 
6554.70 2.87357e-05 9.87040e-01 7.44108e-17 6.96416e-03 
6558.56 2.79771e-05 9.87070e-01 7.45481e-17 6.79704e-03 
6570.00 2.66398e-05 9.87158e-01 7.49270e-17 6.51696e-03 
6577.08 2.73513e-05 9.87211e-01 7.51404e-17 6.71766e-03 
6587.47 2.93746e-05 9.87290e-01 7.54245e-17 7.25389e-03 
6590.00 2.97698e-05 9.87309e-01 7.54884e-17 7.36069e-03 
6595.61 3.02630e-05 9.87352e-01 7.56225e-17 7.50263e-03 
6610.00 3.01197e-05 9.87462e-01 7.59202e-17 7.51369e-03 
6614.15 3.00156e-05 9.87493e-01 7.59935e-17 7.49990e-03 
6620.41 2.99204e-05 9.87540e-01 7.60936e-17 7.49338e-03 
6630.00 2.98726e-05 9.87611e-01 7.62223e-17 7.50546e-03 
6632.71 2.98711e-05 9.87630e-01 7.62532e-17 7.51134e-03 
6650.00 2.97646e-05 9.87755e-01 7.63952e-17 7.51900e-03 
6651.28 2.97383e-05 9.87764e-01 7.64018e-17 7.51451e-03 
6653.51 2.96852e-05 9.87780e-01 7.64122e-17 7.50478e-03 
6669.86 2.93870e-05 9.87898e-01 7.64400e-17 7.45123e-03 
6670.00 2.93877e-05 9.87899e-01 7.64399e-17 7.45156e-03 
6686.78 2.97217e-05 9.88020e-01 7.63799e-17 7.55020e-03 
6688.46 2.97301e-05 9.88032e-01 7.63690e-17 7.55325e-03 
6690.00 2.97248e-05 9.88043e-01 7.63583e-17 7.55267e-03 
6707.07 2.91901e-05 9.88167e-01 7.61905e-17 7.42032e-03 
6710.00 2.91340e-05 9.88188e-01 7.61528e-17 7.40579e-03 
6720.21 2.92272e-05 9.88260e-01 7.60010e-17 7.42649e-03 
6725.70 2.93385e-05 9.88298e-01 7.59066e-17 7.45189e-03 
6730.00 2.93855e-05 9.88328e-01 7.58264e-17 7.46094e-03 
6744.33 2.91557e-05 9.88425e-01 7.55200e-17 7.38909e-03 
6750.00 2.90369e-05 9.88464e-01 7.53826e-17 7.35207e-03 
6753.81 2.89911e-05 9.88490e-01 7.52850e-17 7.33529e-03 
6762.99 2.89683e-05 9.88553e-01 7.50335e-17 7.31543e-03 
6770.00 2.89760e-05 9.88601e-01 7.48255e-17 7.30501e-03 
6781.65 2.89225e-05 9.88680e-01 7.44504e-17 7.26804e-03 
6787.58 2.88577e-05 9.88720e-01 7.42457e-17 7.23843e-03 
6790.00 2.88242e-05 9.88736e-01 7.41595e-17 7.22434e-03 
6800.33 2.86650e-05 9.88804e-01 7.37744e-17 7.15848e-03 
6810.00 2.86056e-05 9.88866e-01 7.33896e-17 7.11695e-03 
6819.03 2.86967e-05 9.88924e-01 7.30093e-17 7.11244e-03 
6821.52 2.87236e-05 9.88940e-01 7.29009e-17 7.11126e-03 
6830.00 2.87136e-05 9.88995e-01 7.25209e-17 7.08091e-03 
6837.74 2.84929e-05 9.89045e-01 7.21595e-17 6.99974e-03 
6850.00 2.81090e-05 9.89124e-01 7.15589e-17 6.86078e-03 
6855.63 2.80895e-05 9.89160e-01 7.12721e-17 6.83441e-03 
6856.46 2.80954e-05 9.89165e-01 7.12292e-17 6.83259e-03 
6870.00 2.83011e-05 9.89249e-01 7.05093e-17 6.82709e-03 
6875.19 2.83422e-05 9.89281e-01 7.02232e-17 6.81463e-03 
6889.91 2.82764e-05 9.89370e-01 6.93837e-17 6.73252e-03 
6890.00 2.82755e-05 9.89371e-01 6.93782e-17 6.73186e-03 
6893.94 2.82332e-05 9.89395e-01 6.91461e-17 6.70330e-03 
6910.00 2.80549e-05 9.89493e-01 6.81716e-17 6.58305e-03 
6912.71 2.80320e-05 9.89510e-01 6.80028e-17 6.56407e-03 
6924.36 2.79566e-05 9.89580e-01 6.72624e-17 6.48651e-03 
6930.00 2.79215e-05 9.89613e-01 6.68957e-17 6.44850e-03 
6931.49 2.79112e-05 9.89622e-01 6.67984e-17 6.43818e-03 
6950.00 2.77726e-05 9.89728e-01 6.55567e-17 6.30459e-03 
6950.28 2.77708e-05 9.89730e-01 6.55378e-17 6.30264e-03 
6958.98 2.77297e-05 9.89780e-01 6.49368e-17 6.24373e-03 
6969.08 2.77216e-05 9.89839e-01 6.42261e-17 6.18292e-03 
6970.00 2.77234e-05 9.89844e-01 6.41609e-17 6.17788e-03 
6987.90 2.76406e-05 9.89947e-01 6.28685e-17 6.05150e-03 
6990.00 2.75843e-05 9.89959e-01 6.27146e-17 6.02625e-03 
6993.77 2.74453e-05 9.89980e-01 6.24366e-17 5.97267e-03 
7006.73 2.69023e-05 9.90051e-01 6.14700e-17 5.77495e-03 
7010.00 2.68330e-05 9.90068e-01 6.12238e-17 5.73979e-03 
7025.58 2.70636e-05 9.90153e-01 6.00355e-17 5.68985e-03 
7028.74 2.71416e-05 9.90170e-01 5.97920e-17 5.68577e-03 
7030.00 2.71683e-05 9.90177e-01 5.96947e-17 5.68316e-03 
7044.44 2.72515e-05 9.90259e-01 5.85701e-17 5.60511e-03 
7050.00 2.72072e-05 9.90291e-01 5.81333e-17 5.55885e-03 
7063.32 2.70345e-05 9.90367e-01 5.70784e-17 5.43398e-03 
7063.88 2.70264e-05 9.90370e-01 5.70333e-17 5.42851e-03 
7070.00 2.69418e-05 9.90404e-01 5.65453e-17 5.37005e-03 
7082.21 2.68177e-05 9.90469e-01 5.55654e-17 5.26209e-03 
7090.00 2.67907e-05 9.90511e-01 5.49363e-17 5.20322e-03 
7099.20 2.68114e-05 9.90560e-01 5.41903e-17 5.14345e-03 
7101.11 2.68154e-05 9.90570e-01 5.40355e-17 5.13095e-03 
7110.00 2.67866e-05 9.90619e-01 5.33118e-17 5.06338e-03 
7120.03 2.66135e-05 9.90673e-01 5.24931e-17 4.96067e-03 
7130.00 2.63899e-05 9.90726e-01 5.16770e-17 4.84955e-03 
7134.70 2.63047e-05 9.90750e-01 5.12918e-17 4.80115e-03 
7138.96 2.62462e-05 9.90771e-01 5.09426e-17 4.76080e-03 
7150.00 2.61876e-05 9.90823e-01 5.00368e-17 4.67315e-03 
7157.90 2.62156e-05 9.90858e-01 4.93881e-17 4.62277e-03 
7170.00 2.61183e-05 9.90908e-01 4.83959e-17 4.52094e-03 
7170.37 2.61085e-05 9.90910e-01 4.83652e-17 4.51662e-03 
7176.86 2.58760e-05 9.90936e-01 4.78334e-17 4.43131e-03 
7190.00 2.54610e-05 9.90988e-01 4.67588e-17 4.27030e-03 
7195.84 2.54960e-05 9.91010e-01 4.62822e-17 4.23612e-03 
7206.23 2.57622e-05 9.91050e-01 4.54363e-17 4.20835e-03 
7210.00 2.58443e-05 9.91064e-01 4.51296e-17 4.19553e-03 
7214.83 2.58920e-05 9.91083e-01 4.47381e-17 4.16968e-03 
7230.00 2.58233e-05 9.91136e-01 4.35123e-17 4.05339e-03 
7233.83 2.58126e-05 9.91147e-01 4.32044e-17 4.02522e-03 
7242.26 2.58283e-05 9.91170e-01 4.25286e-17 3.96937e-03 
7250.00 2.58677e-05 9.91187e-01 4.19105e-17 3.92190e-03 
7252.84 2.58825e-05 9.91192e-01 4.16842e-17 3.90451e-03 
7270.00 2.57470e-05 9.91235e-01 4.03275e-17 3.76671e-03 
7271.87 2.56877e-05 9.91241e-01 4.01802e-17 3.74529e-03 
7278.47 2.54268e-05 9.91270e-01 3.96637e-17 3.66302e-03 
7290.00 2.50821e-05 9.91341e-01 3.87664e-17 3.53748e-03 
7290.92 2.50767e-05 9.91347e-01 3.86953e-17 3.53068e-03 
7309.98 2.54019e-05 9.91493e-01 3.72318e-17 3.45071e-03 
7310.00 2.54021e-05 9.91494e-01 3.72300e-17 3.45059e-03 
7314.86 2.54165e-05 9.91530e-01 3.68607e-17 3.42069e-03 
7329.05 2.52581e-05 9.91624e-01 3.57919e-17 3.30752e-03 
7330.00 2.52491e-05 9.91630e-01 3.57209e-17 3.30024e-03 
7348.14 2.52723e-05 9.91732e-01 3.43778e-17 3.18725e-03 
7350.00 2.52846e-05 9.91742e-01 3.42413e-17 3.17699e-03 
7351.43 2.52939e-05 9.91750e-01 3.41363e-17 3.16906e-03 
7367.24 2.52897e-05 9.91833e-01 3.29911e-17 3.06908e-03 
7370.00 2.52495e-05 9.91848e-01 3.27932e-17 3.04700e-03 
7386.36 2.47686e-05 9.91931e-01 3.16336e-17 2.88991e-03 
7388.19 2.47075e-05 9.91940e-01 3.15048e-17 2.87179e-03 
7390.00 2.46498e-05 9.91949e-01 3.13783e-17 2.85430e-03 
7405.49 2.43263e-05 9.92023e-01 3.03067e-17 2.72654e-03 
7410.00 2.43106e-05 9.92044e-01 2.99982e-17 2.69876e-03 
7424.63 2.44686e-05 9.92108e-01 2.90115e-17 2.63231e-03 
7425.13 2.44751e-05 9.92110e-01 2.89779e-17 2.63014e-03 
7430.00 2.45243e-05 9.92130e-01 2.86542e-17 2.60776e-03 
7443.79 2.45205e-05 9.92186e-01 2.77492e-17 2.52983e-03 
7450.00 2.45204e-05 9.92210e-01 2.73474e-17 2.49533e-03 
7462.26 2.46109e-05 9.92260e-01 2.65651e-17 2.43701e-03 
7462.96 2.46157e-05 9.92263e-01 2.65207e-17 2.43365e-03 
7470.00 2.46288e-05 9.92293e-01 2.60785e-17 2.39668e-03 
7482.15 2.44760e-05 9.92345e-01 2.53267e-17 2.31702e-03 
7490.00 2.43653e-05 9.92379e-01 2.48484e-17 2.26544e-03 
7499.57 2.43270e-05 9.92420e-01 2.42736e-17 2.21247e-03 
7501.35 2.43280e-05 9.92428e-01 2.41676e-17 2.20345e-03 
7510.00 2.43372e-05 9.92463e-01 2.36574e-17 2.16030e-03 
7520.57 2.43141e-05 9.92506e-01 2.30440e-17 2.10535e-03 
7530.00 2.42968e-05 9.92543e-01 2.25058e-17 2.05736e-03 
7537.07 2.43087e-05 9.92570e-01 2.21083e-17 2.02397e-03 
7539.80 2.43140e-05 9.92580e-01 2.19561e-17 2.01123e-03 
7550.00 2.42919e-05 9.92619e-01 2.13938e-17 1.96066e-03 
7559.04 2.41795e-05 9.92652e-01 2.09041e-17 1.90926e-03 
7570.00 2.40281e-05 9.92692e-01 2.03215e-17 1.84718e-03 
7574.75 2.39946e-05 9.92710e-01 2.00725e-17 1.82318e-03 
7578.30 2.39812e-05 9.92723e-01 1.98880e-17 1.80628e-03 
7590.00 2.39423e-05 9.92766e-01 1.92886e-17 1.75178e-03 
7597.58 2.38768e-05 9.92794e-01 1.89077e-17 1.71424e-03 
7610.00 2.37715e-05 9.92840e-01 1.82950e-17 1.65415e-03 
7612.63 2.37642e-05 9.92850e-01 1.81673e-17 1.64269e-03 
7616.86 2.37655e-05 9.92866e-01 1.79629e-17 1.62522e-03 
7630.00 2.38221e-05 9.92914e-01 1.73401e-17 1.57541e-03 
7636.17 2.38423e-05 9.92936e-01 1.70535e-17 1.55196e-03 
7650.00 2.36863e-05 9.92987e-01 1.64236e-17 1.48763e-03 
7650.69 2.36663e-05 9.92990e-01 1.63927e-17 1.48371e-03 
7655.48 2.34989e-05 9.93008e-01 1.61789e-17 1.45494e-03 
7670.00 2.30852e-05 9.93062e-01 1.55449e-17 1.37599e-03 
7674.82 2.31217e-05 9.93079e-01 1.53389e-17 1.36078e-03 
7688.94 2.34351e-05 9.93130e-01 1.47468e-17 1.32850e-03 
7690.00 2.34443e-05 9.93134e-01 1.47033e-17 1.32528e-03 
7694.16 2.34367e-05 9.93148e-01 1.45327e-17 1.31021e-03 
7710.00 2.31605e-05 9.93202e-01 1.38980e-17 1.24084e-03 
7713.52 2.31377e-05 9.93213e-01 1.37599e-17 1.22787e-03 
7727.39 2.31583e-05 9.93260e-01 1.32269e-17 1.18354e-03 
7730.00 2.31441e-05 9.93269e-01 1.31284e-17 1.17441e-03 
7732.90 2.31103e-05 9.93279e-01 1.30197e-17 1.16344e-03 
7750.00 2.28439e-05 9.93338e-01 1.23934e-17 1.09720e-03 
7752.29 2.28445e-05 9.93345e-01 1.23115e-17 1.09030e-03 
7766.03 2.30206e-05 9.93390e-01 1.18290e-17 1.05757e-03 
7770.00 2.30702e-05 9.93402e-01 1.16924e-17 1.04815e-03 
7771.69 2.30839e-05 9.93407e-01 1.16345e-17 1.04382e-03 
7790.00 2.30318e-05 9.93459e-01 1.10242e-17 9.89204e-04 
7791.11 2.30241e-05 9.93462e-01 1.09879e-17 9.85766e-04 
7804.86 2.29225e-05 9.93500e-01 1.05486e-17 9.43875e-04 
7810.00 2.28691e-05 9.93515e-01 1.03880e-17 9.27956e-04 
7810.55 2.28625e-05 9.93516e-01 1.03710e-17 9.26240e-04 
7830.00 2.26031e-05 9.93574e-01 9.78282e-18 8.65997e-04 
7830.00 2.26030e-05 9.93574e-01 9.78270e-18 8.65985e-04 
7843.88 2.25371e-05 9.93620e-01 9.38032e-18 8.29448e-04 
7849.46 2.25494e-05 9.93639e-01 9.22254e-18 8.16539e-04 
7850.00 2.25517e-05 9.93641e-01 9.20737e-18 8.15336e-04 
7868.94 2.26519e-05 9.93710e-01 8.68930e-18 7.74797e-04 
7870.00 2.26523e-05 9.93714e-01 8.66098e-18 7.72392e-04 
7883.10 2.25729e-05 9.93760e-01 8.31830e-18 7.40499e-04 
7888.43 2.25123e-05 9.93778e-01 8.18220e-18 7.26932e-04 
7890.00 2.24932e-05 9.93783e-01 8.14248e-18 7.22936e-04 
7907.94 2.22247e-05 9.93836e-01 7.70034e-18 6.77090e-04 
7910.00 2.21828e-05 9.93841e-01 7.65085e-18 6.71650e-04 
7922.51 2.18944e-05 9.93870e-01 7.35644e-18 6.38434e-04 
7927.46 2.17956e-05 9.93880e-01 7.24284e-18 6.26136e-04 
7930.00 2.17555e-05 9.93884e-01 7.18507e-18 6.20201e-04 
7947.00 2.17165e-05 9.93915e-01 6.80879e-18 5.87943e-04 
7950.00 2.17469e-05 9.93921e-01 6.74411e-18 5.83396e-04 
7962.13 2.19333e-05 9.93950e-01 6.48839e-18 5.66968e-04 
7966.55 2.19992e-05 9.93963e-01 6.39730e-18 5.61007e-04 
7970.00 2.20391e-05 9.93975e-01 6.32696e-18 5.56092e-04 
7986.11 2.20352e-05 9.94036e-01 6.00749e-18 5.29019e-04 
7990.00 2.19909e-05 9.94052e-01 5.93263e-18 5.21638e-04 
8001.94 2.17954e-05 9.94100e-01 5.70773e-18 4.98168e-04 
8005.70 2.17381e-05 9.94115e-01 5.63849e-18 4.91069e-04 
8010.00 2.16893e-05 9.94131e-01 5.56013e-18 4.83426e-04 
8025.29 2.16445e-05 9.94184e-01 5.28944e-18 4.59842e-04 
8030.00 2.16190e-05 9.94198e-01 5.20850e-18 4.52543e-04 
8041.95 2.14692e-05 9.94230e-01 5.00801e-18 4.32766e-04 
8044.90 2.14373e-05 9.94237e-01 4.95948e-18 4.28096e-04 
8050.00 2.14130e-05 9.94248e-01 4.87679e-18 4.20752e-04 
8064.53 2.15225e-05 9.94279e-01 4.64779e-18 4.03784e-04 
8070.00 2.15171e-05 9.94293e-01 4.56408e-18 3.96688e-04 
8082.16 2.12725e-05 9.94330e-01 4.38291e-18 3.77192e-04 
8084.17 2.12252e-05 9.94338e-01 4.35355e-18 3.73927e-04 
8090.00 2.11243e-05 9.94361e-01 4.26948e-18 3.65236e-04 
8103.83 2.11815e-05 9.94420e-01 4.07597e-18 3.50244e-04 
8110.00 2.12557e-05 9.94442e-01 3.99212e-18 3.44511e-04 
8122.57 2.13163e-05 9.94470e-01 3.82626e-18 3.31662e-04 
8123.50 2.13154e-05 9.94471e-01 3.81427e-18 3.30646e-04 
8130.00 2.12891e-05 9.94471e-01 3.73114e-18 3.23299e-04 
8143.18 2.11716e-05 9.94457e-01 3.56770e-18 3.07925e-04 
8150.00 2.11338e-05 9.94450e-01 3.48573e-18 3.00562e-04 
8162.88 2.11307e-05 9.94459e-01 3.33554e-18 2.88027e-04 
8163.18 2.11292e-05 9.94460e-01 3.33212e-18 2.87723e-04 
8170.00 2.10427e-05 9.94484e-01 3.25509e-18 2.80160e-04 
8182.60 2.06238e-05 9.94554e-01 3.11707e-18 2.63365e-04 
8190.00 2.04173e-05 9.94603e-01 3.03847e-18 2.54396e-04 
8202.33 2.04025e-05 9.94681e-01 2.91161e-18 2.43984e-04 
8204.00 2.04166e-05 9.94690e-01 2.89480e-18 2.42794e-04 
8210.00 2.04580e-05 9.94719e-01 2.83512e-18 2.38452e-04 
8222.07 2.04248e-05 9.94761e-01 2.71850e-18 2.28618e-04 
8230.00 2.03908e-05 9.94778e-01 2.64433e-18 2.22228e-04 
8241.83 2.04365e-05 9.94796e-01 2.53710e-18 2.14005e-04 
8245.02 2.04623e-05 9.94800e-01 2.50893e-18 2.11979e-04 
8250.00 2.05058e-05 9.94805e-01 2.46543e-18 2.08874e-04 
8261.61 2.05914e-05 9.94817e-01 2.36679e-18 2.01641e-04 
8270.00 2.06185e-05 9.94828e-01 2.29777e-18 1.96218e-04 
8281.40 2.05778e-05 9.94848e-01 2.20700e-18 1.88359e-04 
8286.24 2.05277e-05 9.94860e-01 2.16944e-18 1.84813e-04 
8290.00 2.04736e-05 9.94870e-01 2.14071e-18 1.81969e-04 
8301.20 2.02520e-05 9.94908e-01 2.05715e-18 1.73213e-04 
8310.00 2.00827e-05 9.94940e-01 1.99367e-18 1.66646e-04 
8321.02 1.99626e-05 9.94979e-01 1.91669e-18 1.59472e-04 
8327.67 1.99344e-05 9.95000e-01 1.87161e-18 1.55628e-04 
8330.00 1.99303e-05 9.95007e-01 1.85607e-18 1.54348e-04 
8340.86 1.99440e-05 9.95032e-01 1.78511e-18 1.48747e-04 
8350.00 1.99990e-05 9.95049e-01 1.72736e-18 1.44493e-04 
8360.71 2.00832e-05 9.95066e-01 1.66192e-18 1.39785e-04 
8369.31 2.00561e-05 9.95080e-01 1.61104e-18 1.35464e-04 
8370.00 2.00468e-05 9.95081e-01 1.60703e-18 1.35076e-04 
8380.58 1.98055e-05 9.95101e-01 1.54663e-18 1.28598e-04 
8390.00 1.96592e-05 9.95120e-01 1.49459e-18 1.23495e-04 
8400.46 1.97920e-05 9.95144e-01 1.43879e-18 1.19839e-04 
8410.00 1.99032e-05 9.95167e-01 1.38957e-18 1.16525e-04 
8411.16 1.98981e-05 9.95170e-01 1.38370e-18 1.16020e-04 
8420.35 1.97254e-05 9.95194e-01 1.33797e-18 1.11335e-04 
8430.00 1.95177e-05 9.95219e-01 1.29151e-18 1.06462e-04 
8440.26 1.95210e-05 9.95244e-01 1.24375e-18 1.02671e-04 
8450.00 1.95799e-05 9.95264e-01 1.20000e-18 9.94737e-05 
8453.21 1.95710e-05 9.95270e-01 1.18588e-18 9.82968e-05 
8460.19 1.95083e-05 9.95281e-01 1.15576e-18 9.55729e-05 
8470.00 1.94203e-05 9.95293e-01 1.11463e-18 9.18640e-05 
8480.13 1.94008e-05 9.95306e-01 1.07361e-18 8.85009e-05 
8490.00 1.91760e-05 9.95320e-01 1.03503e-18 8.44316e-05 
8495.48 1.88660e-05 9.95330e-01 1.01418e-18 8.14465e-05 
8500.09 1.85797e-05 9.95340e-01 9.96947e-19 7.88913e-05 
8510.00 1.83179e-05 9.95365e-01 9.60833e-19 7.50514e-05 
8520.06 1.88399e-05 9.95393e-01 9.25443e-19 7.44370e-05 
8530.00 1.88394e-05 9.95420e-01 8.91701e-19 7.18067e-05 
8537.96 1.76878e-05 9.95440e-01 8.65533e-19 6.55012e-05 
8540.05 1.73191e-05 9.95445e-01 8.58777e-19 6.36513e-05 
8550.00 1.62738e-05 9.95464e-01 8.27313e-19 5.76864e-05 
8560.05 1.75035e-05 9.95476e-01 7.96649e-19 5.98167e-05 
8570.00 1.92017e-05 9.95482e-01 7.67366e-19 6.32820e-05 
8580.07 1.93980e-05 9.95480e-01 7.38774e-19 6.16191e-05 
8580.65 1.93724e-05 9.95480e-01 7.37165e-19 6.14079e-05 
8590.00 1.88491e-05 9.95471e-01 7.11573e-19 5.77372e-05 
8600.10 1.86810e-05 9.95459e-01 6.84884e-19 5.51401e-05 
8610.00 1.87808e-05 9.95449e-01 6.59666e-19 5.34543e-05 
8620.15 1.88275e-05 9.95448e-01 6.34725e-19 5.16221e-05 
8623.55 1.88431e-05 9.95450e-01 6.26577e-19 5.10217e-05 
8630.00 1.89147e-05 9.95459e-01 6.11390e-19 5.00120e-05 
8640.22 1.90688e-05 9.95485e-01 5.88056e-19 4.85541e-05 
8650.00 1.86190e-05 9.95517e-01 5.66508e-19 4.57247e-05 
8660.29 1.71318e-05 9.95556e-01 5.44653e-19 4.04991e-05 
8666.67 1.63492e-05 9.95580e-01 5.31532e-19 3.77466e-05 
8670.00 1.61872e-05 9.95592e-01 5.24793e-19 3.69134e-05 
8680.39 1.69820e-05 9.95627e-01 5.04303e-19 3.72596e-05 
8690.00 1.81968e-05 9.95656e-01 4.86035e-19 3.85226e-05 
8700.50 1.85896e-05 9.95682e-01 4.66804e-19 3.78435e-05 
8710.00 1.84613e-05 9.95700e-01 4.50036e-19 3.62727e-05 
8710.00 1.84613e-05 9.95700e-01 4.50034e-19 3.62725e-05 
8720.63 1.84202e-05 9.95715e-01 4.31969e-19 3.47818e-05 
8730.00 1.83666e-05 9.95728e-01 4.16610e-19 3.34840e-05 
8740.77 1.81084e-05 9.95751e-01 3.99619e-19 3.17067e-05 
8750.00 1.79583e-05 9.95784e-01 3.85582e-19 3.03724e-05 
8753.55 1.79769e-05 9.95800e-01 3.80310e-19 3.00008e-05 
8760.92 1.81204e-05 9.95841e-01 3.69589e-19 2.94137e-05 
8770.00 1.83205e-05 9.95887e-01 3.56788e-19 2.87397e-05 
8781.09 1.83405e-05 9.95904e-01 3.41722e-19 2.75914e-05 
8790.00 1.81865e-05 9.95857e-01 3.30076e-19 2.64528e-05 
8797.32 1.79934e-05 9.95760e-01 3.20792e-19 2.54545e-05 
8801.28 1.78912e-05 9.95681e-01 3.15871e-19 2.49310e-05 
8810.00 1.77534e-05 9.95451e-01 3.05302e-19 2.39293e-05 
8821.49 1.78479e-05 9.95073e-01 2.91898e-19 2.30217e-05 
8830.00 1.79873e-05 9.94773e-01 2.82331e-19 2.24560e-05 
8841.31 1.80405e-05 9.94400e-01 2.70096e-19 2.15659e-05 
8841.70 1.80381e-05 9.94388e-01 2.69675e-19 2.15301e-05 
8850.00 1.79018e-05 9.94165e-01 2.61038e-19 2.06979e-05 
8861.94 1.74980e-05 9.93931e-01 2.49080e-19 1.93256e-05 
8870.00 1.73575e-05 9.93833e-01 2.41306e-19 1.85873e-05 
8882.19 1.76414e-05 9.93783e-01 2.30000e-19 1.80300e-05 
8885.51 1.77582e-05 9.93790e-01 2.27006e-19 1.79199e-05 
8890.00 1.78919e-05 9.93814e-01 2.23025e-19 1.77476e-05 
8902.45 1.79858e-05 9.93950e-01 2.12329e-19 1.70113e-05 
8910.00 1.78975e-05 9.94066e-01 2.06091e-19 1.64463e-05 
8922.73 1.76632e-05 9.94283e-01 1.95969e-19 1.54593e-05 
8929.94 1.75661e-05 9.94400e-01 1.90456e-19 1.49556e-05 
8930.00 1.75655e-05 9.94401e-01 1.90411e-19 1.49517e-05 
8943.03 1.75474e-05 9.94580e-01 1.80826e-19 1.42076e-05 
8950.00 1.75558e-05 9.94664e-01 1.75894e-19 1.38386e-05 
8963.34 1.75181e-05 9.94822e-01 1.66815e-19 1.31178e-05 
8970.00 1.75369e-05 9.94907e-01 1.62457e-19 1.27993e-05 
8974.59 1.75836e-05 9.94970e-01 1.59517e-19 1.26085e-05 
8983.67 1.76398e-05 9.95110e-01 1.53854e-19 1.22138e-05 
8990.00 1.75278e-05 9.95216e-01 1.50022e-19 1.18436e-05 
9004.01 1.67947e-05 9.95462e-01 1.41868e-19 1.07508e-05 
9010.00 1.65934e-05 9.95565e-01 1.38518e-19 1.03790e-05 
9019.46 1.67292e-05 9.95720e-01 1.33380e-19 1.00880e-05 
9024.37 1.69262e-05 9.95793e-01 1.30787e-19 1.00146e-05 
9030.00 1.71544e-05 9.95872e-01 1.27876e-19 9.93068e-06 
9044.75 1.74194e-05 9.96047e-01 1.20546e-19 9.52325e-06 
9050.00 1.74138e-05 9.96099e-01 1.18035e-19 9.32783e-06 
9064.56 1.72207e-05 9.96220e-01 1.11341e-19 8.71627e-06 
9065.14 1.72085e-05 9.96224e-01 1.11083e-19 8.69050e-06 
9070.00 1.70947e-05 9.96256e-01 1.08936e-19 8.47102e-06 
9085.54 1.67075e-05 9.96338e-01 1.02342e-19 7.79191e-06 
9090.00 1.66462e-05 9.96356e-01 1.00524e-19 7.62937e-06 
9105.97 1.67336e-05 9.96409e-01 9.42689e-20 7.20516e-06 
9109.88 1.67956e-05 9.96420e-01 9.27938e-20 7.12185e-06 
9110.00 1.67975e-05 9.96420e-01 9.27499e-20 7.11939e-06 
9126.40 1.70167e-05 9.96460e-01 8.68157e-20 6.76325e-06 
9130.00 1.70296e-05 9.96467e-01 8.55655e-20 6.67361e-06 
9146.86 1.68872e-05 9.96502e-01 7.99360e-20 6.19404e-06 
9150.00 1.68486e-05 9.96509e-01 7.89277e-20 6.10404e-06 
9155.43 1.67914e-05 9.96520e-01 7.72140e-20 5.95485e-06 
9167.33 1.67269e-05 9.96546e-01 7.35875e-20 5.66086e-06 
9170.00 1.67266e-05 9.96552e-01 7.27960e-20 5.60153e-06 
9187.81 1.67536e-05 9.96592e-01 6.77303e-20 5.23052e-06 
9190.00 1.67390e-05 9.96596e-01 6.71327e-20 5.18110e-06 
9201.21 1.65445e-05 9.96620e-01 6.41504e-20 4.89950e-06 
9208.31 1.63435e-05 9.96634e-01 6.23279e-20 4.70615e-06 
9210.00 1.62899e-05 9.96637e-01 6.19030e-20 4.65962e-06 
9228.83 1.57939e-05 9.96671e-01 5.73461e-20 4.19386e-06 
9230.00 1.57854e-05 9.96672e-01 5.70743e-20 4.17228e-06 
9247.21 1.60010e-05 9.96700e-01 5.32163e-20 3.95084e-06 
9249.36 1.60438e-05 9.96703e-01 5.27530e-20 3.92786e-06 
9250.00 1.60559e-05 9.96704e-01 5.26167e-20 3.92095e-06 
9269.91 1.62723e-05 9.96734e-01 4.85195e-20 3.67235e-06 
9270.00 1.62726e-05 9.96735e-01 4.85023e-20 3.67115e-06 
9290.00 1.62727e-05 9.96765e-01 4.47051e-20 3.39115e-06 
9290.48 1.62732e-05 9.96765e-01 4.46181e-20 3.38485e-06 
9293.45 1.62790e-05 9.96770e-01 4.40802e-20 3.34632e-06 
9310.00 1.63112e-05 9.96796e-01 4.12013e-20 3.13961e-06 
9311.06 1.63091e-05 9.96797e-01 4.10236e-20 3.12602e-06 
9330.00 1.61990e-05 9.96826e-01 3.79686e-20 2.87963e-06 
9331.66 1.61902e-05 9.96828e-01 3.77125e-20 2.85917e-06 
9339.92 1.61560e-05 9.96840e-01 3.64595e-20 2.76081e-06 
9350.00 1.61110e-05 9.96854e-01 3.49864e-20 2.64477e-06 
9352.27 1.60968e-05 9.96857e-01 3.46632e-20 2.61867e-06 
9370.00 1.60203e-05 9.96879e-01 3.22357e-20 2.42836e-06 
9372.90 1.60313e-05 9.96883e-01 3.18554e-20 2.40212e-06 
9386.62 1.60328e-05 9.96900e-01 3.01135e-20 2.27433e-06 
9390.00 1.59702e-05 9.96904e-01 2.96988e-20 2.23508e-06 
9393.54 1.58618e-05 9.96909e-01 2.92706e-20 2.18872e-06 
9410.00 1.53420e-05 9.96931e-01 2.73594e-20 1.98229e-06 
9414.20 1.53647e-05 9.96936e-01 2.68915e-20 1.95216e-06 
9430.00 1.57239e-05 9.96956e-01 2.52023e-20 1.87547e-06 
9433.55 1.57323e-05 9.96960e-01 2.48374e-20 1.85000e-06 
9434.88 1.57245e-05 9.96962e-01 2.47022e-20 1.83929e-06 
9450.00 1.55223e-05 9.96977e-01 2.32137e-20 1.70899e-06 
9455.57 1.55332e-05 9.96982e-01 2.26879e-20 1.67245e-06 
9470.00 1.57149e-05 9.96994e-01 2.13805e-20 1.59696e-06 
9476.28 1.57495e-05 9.96998e-01 2.08349e-20 1.56068e-06 
9480.72 1.57476e-05 9.97000e-01 2.04578e-20 1.53296e-06 
9490.00 1.56994e-05 9.97004e-01 1.96907e-20 1.47242e-06 
9497.01 1.56472e-05 9.97007e-01 1.91306e-20 1.42684e-06 
9510.00 1.55777e-05 9.97014e-01 1.81334e-20 1.34830e-06 
9517.75 1.55685e-05 9.97020e-01 1.75634e-20 1.30623e-06 
9528.12 1.54579e-05 9.97030e-01 1.68280e-20 1.24401e-06 
9530.00 1.54101e-05 9.97032e-01 1.66982e-20 1.23084e-06 
9538.50 1.50920e-05 9.97044e-01 1.61225e-20 1.16492e-06 
9550.00 1.47717e-05 9.97062e-01 1.53757e-20 1.08871e-06 
9559.28 1.49172e-05 9.97076e-01 1.47979e-20 1.05917e-06 
9570.00 1.52570e-05 9.97087e-01 1.41572e-20 1.03756e-06 
9575.76 1.53596e-05 9.97090e-01 1.38242e-20 1.02059e-06 
9580.07 1.53900e-05 9.97091e-01 1.35805e-20 1.00503e-06 
9590.00 1.53648e-05 9.97087e-01 1.30345e-20 9.64047e-07 
9600.87 1.52771e-05 9.97079e-01 1.24617e-20 9.17450e-07 
9610.00 1.51932e-05 9.97070e-01 1.20003e-20 8.79457e-07 
9621.70 1.51017e-05 9.97061e-01 1.14337e-20 8.33894e-07 
9623.64 1.50893e-05 9.97060e-01 1.13421e-20 8.26697e-07 
9630.00 1.50553e-05 9.97057e-01 1.10477e-20 8.03953e-07 
9642.54 1.50107e-05 9.97054e-01 1.04893e-20 7.62047e-07 
9650.00 1.49793e-05 9.97049e-01 1.01702e-20 7.37884e-07 
9663.39 1.49041e-05 9.97032e-01 9.62184e-21 6.95548e-07 
9670.00 1.48940e-05 9.97015e-01 9.36207e-21 6.76760e-07 
9671.76 1.48978e-05 9.97010e-01 9.29409e-21 6.72137e-07 
9684.26 1.49683e-05 9.96960e-01 8.82513e-21 6.42038e-07 
9690.00 1.49912e-05 9.96932e-01 8.61781e-21 6.28271e-07 
9705.15 1.49476e-05 9.96852e-01 8.09353e-21 5.89202e-07 
9710.00 1.49274e-05 9.96827e-01 7.93243e-21 5.76967e-07 
9720.12 1.49080e-05 9.96780e-01 7.60661e-21 5.53103e-07 
9726.05 1.48950e-05 9.96758e-01 7.42180e-21 5.39509e-07 
9730.00 1.48780e-05 9.96746e-01 7.30131e-21 5.30355e-07 
9746.97 1.47307e-05 9.96731e-01 6.80512e-21 4.90266e-07 
9750.00 1.47046e-05 9.96736e-01 6.72020e-21 4.83442e-07 
9767.91 1.46856e-05 9.96823e-01 6.23907e-21 4.49113e-07 
9768.72 1.46934e-05 9.96830e-01 6.21812e-21 4.47882e-07 
9770.00 1.47076e-05 9.96841e-01 6.18518e-21 4.46004e-07 
9788.86 1.52800e-05 9.97088e-01 5.71955e-21 4.29412e-07 
