##### EXOPHOT SPECTRAL OVERLAP FILE #####
# Date: 01/12/2021 13:14:59
# SED file: SED_g2v.txt
# atmosphere file: atm_g2v_hzm_os4.txt
# photopigment file: phot2f.txt
# Stellar radius (Rs in km): 6.963400e+05
# Exoplanet orbit semi-major axis (sma in km): 1.481139e+08
# Total absorption rate (gamma_t in s-1): 9.67514e+00
# B band absorption rate (gamma_B in s-1): 1.80833e+00
# Q band absorption rate (gamma_Q in s-1): 7.86681e+00
# B-Q bands cut-off (in nm): 500
# photosynthetic photon flux density [ppfd in micromol photon m-2 s-1]: 2.33810e+03
# Total Stellar Irradiance (S in W m-2): 1.37004e+03
# -------------------------------------------------
# Col 1: Wavelength (wl in Angstrom) 
# Col 2: Spectral Flux Density (F_l in J cm-2 s-1 A-1) 
# Col 3: Atmosphere transmitance (T, no units) 
# Col 4: Pigment absorption cross section (sigma_abs in cm-2) 
# Col 5: Spectral Absorption Rate (Gamma_lambda in A-1 s-1)
2507.89 6.21137e-07 5.44879e-01 4.09003e-27 1.74761e-15 
2513.00 3.76036e-07 5.47526e-01 1.09992e-26 2.86490e-15 
2515.76 3.01361e-07 5.48950e-01 1.32518e-26 2.77642e-15 
2518.00 2.65815e-07 5.50105e-01 1.50183e-26 2.78372e-15 
2523.54 2.56585e-07 5.52950e-01 2.19287e-26 3.95243e-15 
2525.00 2.68980e-07 5.53696e-01 2.49277e-26 4.71910e-15 
2528.34 3.11402e-07 5.55400e-01 3.46583e-26 7.62944e-15 
2535.00 3.73490e-07 5.58785e-01 7.07216e-26 1.88355e-14 
2539.21 3.58551e-07 5.60909e-01 1.08906e-25 2.79973e-14 
2540.98 3.64323e-07 5.61800e-01 1.29494e-25 3.39034e-14 
2545.00 4.79310e-07 5.63817e-01 1.91703e-25 6.63736e-14 
2553.68 1.11450e-06 5.68140e-01 4.48395e-25 3.64995e-13 
2554.88 1.15719e-06 5.68735e-01 5.02171e-25 4.25070e-13 
2555.00 1.15978e-06 5.68792e-01 5.07625e-25 4.30713e-13 
2565.00 9.81278e-07 5.73719e-01 1.29123e-24 9.38656e-13 
2566.45 1.01756e-06 5.74430e-01 1.47875e-24 1.11673e-12 
2570.57 1.25032e-06 5.76442e-01 2.15475e-24 2.00968e-12 
2575.00 1.48751e-06 5.78596e-01 3.18911e-24 3.55800e-12 
2579.28 1.49187e-06 5.80670e-01 4.67141e-24 5.25448e-12 
2585.00 1.32188e-06 5.83423e-01 7.73259e-24 7.76042e-12 
2586.27 1.29119e-06 5.84032e-01 8.62225e-24 8.46535e-12 
2592.18 1.20336e-06 5.86860e-01 1.41998e-23 1.30858e-11 
2595.00 1.15895e-06 5.88204e-01 1.80291e-23 1.60557e-11 
2601.98 9.76607e-07 5.91511e-01 3.22431e-23 2.43976e-11 
2605.00 9.02072e-07 5.92934e-01 4.11128e-23 2.88373e-11 
2605.14 8.99153e-07 5.93000e-01 4.15804e-23 2.90758e-11 
2615.00 8.16755e-07 5.97595e-01 9.14863e-23 5.87827e-11 
2617.70 8.28197e-07 5.98843e-01 1.12909e-22 7.37931e-11 
2618.17 8.33844e-07 5.99060e-01 1.17070e-22 7.70761e-11 
2625.00 1.20017e-06 6.02207e-01 1.97055e-22 1.88203e-10 
2631.26 2.11169e-06 6.05070e-01 3.16072e-22 5.34943e-10 
2633.43 2.42771e-06 6.06057e-01 3.70974e-22 7.23600e-10 
2635.00 2.61587e-06 6.06771e-01 4.16021e-22 8.75911e-10 
2644.41 3.46147e-06 6.11020e-01 8.19569e-22 2.30757e-09 
2645.00 3.56199e-06 6.11283e-01 8.54537e-22 2.47750e-09 
2649.17 4.49533e-06 6.13150e-01 1.14580e-21 4.21184e-09 
2655.00 5.21474e-06 6.15750e-01 1.70964e-21 7.33719e-09 
2657.64 4.82872e-06 6.16920e-01 2.04583e-21 8.15359e-09 
2664.92 2.95562e-06 6.20131e-01 3.33295e-21 8.19535e-09 
2665.00 2.94255e-06 6.20167e-01 3.35099e-21 8.20403e-09 
2670.92 2.90550e-06 6.22760e-01 4.92180e-21 1.19743e-08 
2675.00 3.48091e-06 6.24534e-01 6.39341e-21 1.87167e-08 
2680.68 4.22938e-06 6.26991e-01 9.14685e-21 3.27324e-08 
2684.28 4.30503e-06 6.28540e-01 1.14146e-20 4.17368e-08 
2685.00 4.25848e-06 6.28849e-01 1.19286e-20 4.31776e-08 
2695.00 2.84267e-06 6.33115e-01 2.17825e-20 5.31861e-08 
2696.45 2.86379e-06 6.33731e-01 2.37240e-20 5.84453e-08 
2697.70 2.95571e-06 6.34260e-01 2.55164e-20 6.49631e-08 
2705.00 3.71936e-06 6.37340e-01 3.88172e-20 1.25301e-07 
2711.19 3.10995e-06 6.39930e-01 5.49769e-20 1.49331e-07 
2712.24 2.92429e-06 6.40365e-01 5.82511e-20 1.48937e-07 
2715.00 2.43166e-06 6.41512e-01 6.77713e-20 1.44493e-07 
2724.74 1.66641e-06 6.45520e-01 1.14239e-19 1.68560e-07 
2725.00 1.67555e-06 6.45624e-01 1.15783e-19 1.71819e-07 
2728.03 1.88888e-06 6.46862e-01 1.35619e-19 2.27568e-07 
2735.00 2.28481e-06 6.49701e-01 1.93564e-19 3.95612e-07 
2738.37 1.98216e-06 6.51070e-01 2.29153e-19 4.07669e-07 
2743.83 1.25862e-06 6.53284e-01 2.99864e-19 3.40565e-07 
2745.00 1.17029e-06 6.53753e-01 3.17286e-19 3.35446e-07 
2752.06 1.46225e-06 6.56550e-01 4.44014e-19 5.90566e-07 
2755.00 1.76783e-06 6.57684e-01 5.09355e-19 8.21340e-07 
2759.65 2.16794e-06 6.59451e-01 6.30622e-19 1.25250e-06 
2765.00 2.49514e-06 6.61477e-01 8.01740e-19 1.84188e-06 
2765.82 2.53581e-06 6.61790e-01 8.31415e-19 1.94268e-06 
2775.00 2.53884e-06 6.65329e-01 1.23808e-18 2.92149e-06 
2775.47 2.50161e-06 6.65513e-01 1.26328e-18 2.93857e-06 
2779.65 2.01880e-06 6.67130e-01 1.50508e-18 2.83646e-06 
2785.00 1.27562e-06 6.69190e-01 1.87508e-18 2.24407e-06 
2791.31 7.03519e-07 6.71601e-01 2.41397e-18 1.60269e-06 
2793.55 5.84054e-07 6.72450e-01 2.63509e-18 1.45542e-06 
2795.00 5.24392e-07 6.73000e-01 2.78800e-18 1.38442e-06 
2805.00 6.61828e-07 6.76762e-01 4.07016e-18 2.57424e-06 
2807.16 8.89724e-07 6.77567e-01 4.40629e-18 3.75380e-06 
2807.52 9.34485e-07 6.77700e-01 4.46397e-18 3.99555e-06 
2815.00 2.15668e-06 6.80472e-01 5.83588e-18 1.21368e-05 
2821.55 3.21709e-06 6.82880e-01 7.32066e-18 2.28439e-05 
2823.02 3.38148e-06 6.83416e-01 7.69319e-18 2.52659e-05 
2825.00 3.53321e-06 6.84140e-01 8.22270e-18 2.82664e-05 
2835.00 3.07517e-06 6.87772e-01 1.13871e-17 3.43719e-05 
2835.66 2.99551e-06 6.88010e-01 1.16279e-17 3.42095e-05 
2838.89 2.56072e-06 6.89171e-01 1.28647e-17 3.24459e-05 
2845.00 1.62679e-06 6.91358e-01 1.55057e-17 2.49764e-05 
2849.84 9.65446e-07 6.93080e-01 1.78972e-17 1.71807e-05 
2854.77 7.56786e-07 6.94827e-01 2.06304e-17 1.55902e-05 
2855.00 7.65840e-07 6.94909e-01 2.07674e-17 1.58846e-05 
2864.09 2.28881e-06 6.98100e-01 2.67051e-17 6.15221e-05 
2865.00 2.51249e-06 6.98417e-01 2.73671e-17 6.92621e-05 
2870.66 3.81209e-06 7.00374e-01 3.17666e-17 1.22565e-04 
2875.00 4.33447e-06 7.01865e-01 3.54957e-17 1.56288e-04 
2878.41 4.26277e-06 7.03030e-01 3.86480e-17 1.67830e-04 
2885.00 3.87158e-06 7.05273e-01 4.53264e-17 1.79749e-04 
2886.56 3.92379e-06 7.05802e-01 4.70233e-17 1.89237e-04 
2892.80 4.73923e-06 7.07910e-01 5.42730e-17 2.65162e-04 
2895.00 5.13013e-06 7.08650e-01 5.70051e-17 3.02027e-04 
2902.47 6.30493e-06 7.11149e-01 6.69967e-17 4.38920e-04 
2907.27 6.80884e-06 7.12740e-01 7.39893e-17 5.25510e-04 
2910.00 6.96967e-06 7.13643e-01 7.81842e-17 5.69677e-04 
2918.40 6.87445e-06 7.16393e-01 9.19817e-17 6.65516e-04 
2921.80 6.67358e-06 7.17500e-01 9.79697e-17 6.89996e-04 
2930.00 6.12857e-06 7.20145e-01 1.13271e-16 7.37373e-04 
2934.33 5.93571e-06 7.21534e-01 1.21832e-16 7.70767e-04 
2936.41 5.87430e-06 7.22200e-01 1.26057e-16 7.90537e-04 
2950.00 5.82549e-06 7.26517e-01 1.55245e-16 9.75756e-04 
2950.28 5.82872e-06 7.26604e-01 1.55861e-16 9.80382e-04 
2951.09 5.83887e-06 7.26860e-01 1.57697e-16 9.94279e-04 
2965.85 6.07885e-06 7.31420e-01 1.91907e-16 1.27394e-03 
2966.23 6.08435e-06 7.31537e-01 1.92816e-16 1.28151e-03 
2970.00 6.12963e-06 7.32689e-01 2.01785e-16 1.35495e-03 
2980.68 6.15554e-06 7.35930e-01 2.27313e-16 1.54513e-03 
2982.20 6.14877e-06 7.36388e-01 2.30938e-16 1.56982e-03 
2990.00 6.08496e-06 7.38726e-01 2.49355e-16 1.68715e-03 
2995.58 6.02295e-06 7.40390e-01 2.62245e-16 1.76352e-03 
2998.18 5.99837e-06 7.41163e-01 2.68129e-16 1.79917e-03 
3010.00 6.03487e-06 7.44657e-01 2.93734e-16 2.00018e-03 
3010.56 6.04607e-06 7.44820e-01 2.94886e-16 2.01256e-03 
3014.16 6.14080e-06 7.45866e-01 3.02181e-16 2.10011e-03 
3025.61 6.55224e-06 7.49140e-01 3.23468e-16 2.41836e-03 
3030.00 6.68114e-06 7.50386e-01 3.30787e-16 2.52959e-03 
3030.16 6.68501e-06 7.50433e-01 3.31052e-16 2.53338e-03 
3040.74 6.82320e-06 7.53420e-01 3.46472e-16 2.72644e-03 
3046.18 6.87959e-06 7.54944e-01 3.53133e-16 2.81250e-03 
3050.00 6.94828e-06 7.56009e-01 3.57277e-16 2.88159e-03 
3055.94 7.11917e-06 7.57650e-01 3.62815e-16 3.01059e-03 
3062.20 7.30013e-06 7.59357e-01 3.67449e-16 3.14000e-03 
3070.00 7.35157e-06 7.61462e-01 3.71509e-16 3.21410e-03 
3071.22 7.32896e-06 7.61790e-01 3.71975e-16 3.21089e-03 
3078.23 7.08099e-06 7.63662e-01 3.73776e-16 3.13206e-03 
3086.58 6.81241e-06 7.65880e-01 3.74052e-16 3.03245e-03 
3090.00 6.81402e-06 7.66786e-01 3.73611e-16 3.03655e-03 
3094.27 6.95673e-06 7.67914e-01 3.72635e-16 3.10087e-03 
3102.01 7.43640e-06 7.69940e-01 3.69741e-16 3.30585e-03 
3110.00 7.84990e-06 7.71999e-01 3.65396e-16 3.46680e-03 
3110.33 7.85847e-06 7.72083e-01 3.65192e-16 3.46939e-03 
3117.52 7.85174e-06 7.73920e-01 3.60231e-16 3.43539e-03 
3126.39 7.52029e-06 7.76170e-01 3.53064e-16 3.24348e-03 
3130.00 7.35561e-06 7.77068e-01 3.49885e-16 3.15116e-03 
3133.11 7.22502e-06 7.77830e-01 3.47046e-16 3.07617e-03 
3142.47 6.97897e-06 7.80054e-01 3.38092e-16 2.91168e-03 
3148.77 7.01089e-06 7.81530e-01 3.31850e-16 2.88221e-03 
3150.00 7.04171e-06 7.81818e-01 3.30628e-16 2.88640e-03 
3158.56 7.42185e-06 7.83847e-01 3.22102e-16 2.97954e-03 
3164.52 7.67067e-06 7.85270e-01 3.16255e-16 3.03474e-03 
3170.00 7.71399e-06 7.86577e-01 3.11016e-16 3.01152e-03 
3174.66 7.53965e-06 7.87685e-01 3.06706e-16 2.91102e-03 
3180.34 7.18741e-06 7.89030e-01 3.01661e-16 2.73894e-03 
3190.00 6.81738e-06 7.91293e-01 2.93742e-16 2.54469e-03 
3190.77 6.82529e-06 7.91471e-01 2.93153e-16 2.54372e-03 
3196.24 7.04372e-06 7.92740e-01 2.89125e-16 2.59766e-03 
3206.89 7.57848e-06 7.95179e-01 2.82254e-16 2.74596e-03 
3210.00 7.56294e-06 7.95887e-01 2.80494e-16 2.72831e-03 
3212.22 7.46423e-06 7.96390e-01 2.79306e-16 2.68485e-03 
3223.02 6.49884e-06 7.98811e-01 2.74367e-16 2.31099e-03 
3228.29 6.20576e-06 7.99980e-01 2.72446e-16 2.19811e-03 
3230.00 6.20031e-06 8.00359e-01 2.71887e-16 2.19388e-03 
3239.16 7.00112e-06 8.02366e-01 2.69434e-16 2.46802e-03 
3244.43 7.82713e-06 8.03510e-01 2.68407e-16 2.75708e-03 
3250.00 8.71826e-06 8.04713e-01 2.67597e-16 3.07156e-03 
3255.32 9.40771e-06 8.05853e-01 2.67065e-16 3.31797e-03 
3260.65 9.91191e-06 8.06990e-01 2.66743e-16 3.50224e-03 
3270.00 1.03656e-05 8.08966e-01 2.66605e-16 3.68016e-03 
3271.48 1.03896e-05 8.09277e-01 2.66625e-16 3.69202e-03 
3276.95 1.03826e-05 8.10420e-01 2.66779e-16 3.70307e-03 
3287.66 1.00856e-05 8.12630e-01 2.67340e-16 3.62631e-03 
3290.00 9.99845e-06 8.13109e-01 2.67490e-16 3.60170e-03 
3293.34 9.87501e-06 8.13790e-01 2.67710e-16 3.56676e-03 
3303.84 9.54183e-06 8.15916e-01 2.68382e-16 3.47515e-03 
3309.80 9.42891e-06 8.17110e-01 2.68687e-16 3.44917e-03 
3310.00 9.42653e-06 8.17149e-01 2.68696e-16 3.44878e-03 
3320.04 9.41689e-06 8.19142e-01 2.68955e-16 3.46747e-03 
3326.35 9.49883e-06 8.20380e-01 2.68893e-16 3.50879e-03 
3330.00 9.56669e-06 8.21090e-01 2.68762e-16 3.53905e-03 
3336.25 9.68070e-06 8.22298e-01 2.68349e-16 3.58771e-03 
3342.98 9.65460e-06 8.23590e-01 2.67609e-16 3.58100e-03 
3350.00 9.25543e-06 8.24928e-01 2.66481e-16 3.43121e-03 
3352.47 8.98877e-06 8.25397e-01 2.65990e-16 3.33056e-03 
3359.70 7.99961e-06 8.26760e-01 2.64260e-16 2.95600e-03 
3368.70 7.02598e-06 8.28436e-01 2.61465e-16 2.58087e-03 
3370.00 6.96912e-06 8.28676e-01 2.61003e-16 2.55718e-03 
3376.50 7.08309e-06 8.29870e-01 2.58449e-16 2.58224e-03 
3384.95 7.76598e-06 8.31410e-01 2.54539e-16 2.80054e-03 
3390.00 8.14781e-06 8.32323e-01 2.51882e-16 2.91510e-03 
3393.38 8.29419e-06 8.32930e-01 2.49972e-16 2.95005e-03 
3401.20 8.36435e-06 8.34325e-01 2.45151e-16 2.92926e-03 
3410.00 8.31818e-06 8.35879e-01 2.39077e-16 2.85356e-03 
3410.35 8.31958e-06 8.35940e-01 2.38824e-16 2.85152e-03 
3417.47 8.43347e-06 8.37188e-01 2.33407e-16 2.83511e-03 
3427.40 8.73010e-06 8.38910e-01 2.25182e-16 2.84549e-03 
3430.00 8.80537e-06 8.39356e-01 2.22909e-16 2.84471e-03 
3433.74 8.89751e-06 8.39995e-01 2.19554e-16 2.83646e-03 
3444.54 9.07933e-06 8.41820e-01 2.09387e-16 2.77508e-03 
3450.00 9.14571e-06 8.42737e-01 2.03988e-16 2.73059e-03 
3450.03 9.14609e-06 8.42742e-01 2.03956e-16 2.73032e-03 
3461.76 9.30802e-06 8.44690e-01 1.91901e-16 2.62937e-03 
3466.33 9.40608e-06 8.45441e-01 1.87058e-16 2.59574e-03 
3470.00 9.50946e-06 8.46040e-01 1.83126e-16 2.57366e-03 
3479.07 9.87120e-06 8.47510e-01 1.73272e-16 2.53880e-03 
3482.64 1.00468e-05 8.48086e-01 1.69347e-16 2.52976e-03 
3490.00 1.04454e-05 8.49265e-01 1.61229e-16 2.51281e-03 
3496.46 1.07950e-05 8.50290e-01 1.54083e-16 2.48940e-03 
3498.96 1.09040e-05 8.50683e-01 1.51320e-16 2.47237e-03 
3510.00 1.09431e-05 8.52401e-01 1.39200e-16 2.29431e-03 
3513.95 1.07104e-05 8.53010e-01 1.34911e-16 2.18035e-03 
3515.30 1.06102e-05 8.53218e-01 1.33449e-16 2.13789e-03 
3530.00 1.00222e-05 8.55470e-01 1.17856e-16 1.79564e-03 
3531.51 1.01192e-05 8.55700e-01 1.16287e-16 1.79012e-03 
3531.64 1.01290e-05 8.55719e-01 1.16157e-16 1.78996e-03 
3548.00 1.17555e-05 8.58166e-01 9.97954e-17 1.79817e-03 
3549.17 1.17533e-05 8.58340e-01 9.86634e-17 1.77838e-03 
3550.00 1.17299e-05 8.58462e-01 9.78703e-17 1.76124e-03 
3564.36 9.40165e-06 8.60561e-01 8.46361e-17 1.22870e-03 
3566.92 8.91315e-06 8.60930e-01 8.23927e-17 1.13528e-03 
3570.00 8.43342e-06 8.61374e-01 7.97327e-17 1.04094e-03 
3580.74 7.98487e-06 8.62911e-01 7.08661e-17 8.80174e-04 
3584.75 8.16415e-06 8.63480e-01 6.77208e-17 8.61525e-04 
3590.00 8.53289e-06 8.64221e-01 6.37438e-17 8.49526e-04 
3597.13 9.09347e-06 8.65220e-01 5.85906e-17 8.34763e-04 
3602.68 9.50218e-06 8.65990e-01 5.47851e-17 8.17612e-04 
3610.00 9.91970e-06 8.66996e-01 5.00276e-17 7.81909e-04 
3613.53 1.00456e-05 8.67478e-01 4.78412e-17 7.58391e-04 
3620.69 1.01545e-05 8.68450e-01 4.36247e-17 7.01213e-04 
3629.94 1.00696e-05 8.69699e-01 3.85875e-17 6.17519e-04 
3630.00 1.00685e-05 8.69706e-01 3.85588e-17 6.17009e-04 
3638.79 1.01230e-05 8.70880e-01 3.41951e-17 5.52218e-04 
3640.00 1.02194e-05 8.71040e-01 3.36273e-17 5.48504e-04 
3646.37 1.11421e-05 8.71878e-01 3.07505e-17 5.48351e-04 
3650.00 1.17092e-05 8.72353e-01 2.91988e-17 5.48023e-04 
3656.99 1.22954e-05 8.73260e-01 2.63877e-17 5.21597e-04 
3662.80 1.23469e-05 8.74010e-01 2.42169e-17 4.81868e-04 
3670.00 1.20827e-05 8.74930e-01 2.17333e-17 4.24474e-04 
3675.27 1.17991e-05 8.75600e-01 2.00493e-17 3.83236e-04 
3679.25 1.16011e-05 8.76102e-01 1.88513e-17 3.54879e-04 
3690.00 1.14738e-05 8.77447e-01 1.59078e-17 2.97500e-04 
3693.65 1.16504e-05 8.77900e-01 1.50009e-17 2.85286e-04 
3695.71 1.17817e-05 8.78155e-01 1.45087e-17 2.79272e-04 
3710.00 1.20237e-05 8.79904e-01 1.14556e-17 2.26356e-04 
3712.12 1.17879e-05 8.80160e-01 1.10540e-17 2.14320e-04 
3712.18 1.17799e-05 8.80167e-01 1.10428e-17 2.13962e-04 
3728.66 8.84509e-06 8.82140e-01 8.31388e-18 1.21764e-04 
3730.00 8.70158e-06 8.82300e-01 8.12014e-18 1.17060e-04 
3730.68 8.64394e-06 8.82380e-01 8.02384e-18 1.14937e-04 
3745.15 9.21539e-06 8.84084e-01 6.19308e-18 9.51276e-05 
3749.33 9.73699e-06 8.84570e-01 5.73819e-18 9.32845e-05 
3750.00 9.82346e-06 8.84647e-01 5.66822e-18 9.29900e-05 
3761.65 1.12171e-05 8.85982e-01 4.56558e-18 8.59215e-05 
3768.08 1.17610e-05 8.86710e-01 4.04371e-18 7.99921e-05 
3770.00 1.18732e-05 8.86927e-01 3.89833e-18 7.79108e-05 
3778.17 1.21013e-05 8.87846e-01 3.33179e-18 6.80850e-05 
3786.92 1.22014e-05 8.88820e-01 2.80853e-18 5.80647e-05 
3790.00 1.22827e-05 8.89160e-01 2.64282e-18 5.50684e-05 
3794.70 1.24793e-05 8.89676e-01 2.40745e-18 5.10600e-05 
3805.85 1.24466e-05 8.90890e-01 1.92290e-18 4.08514e-05 
3810.00 1.18994e-05 8.91338e-01 1.76692e-18 3.59443e-05 
3811.23 1.16515e-05 8.91471e-01 1.72282e-18 3.43336e-05 
3824.88 7.93010e-06 8.92930e-01 1.29808e-18 1.76987e-05 
3827.78 7.38753e-06 8.93237e-01 1.22133e-18 1.55299e-05 
3830.00 7.15129e-06 8.93470e-01 1.16551e-18 1.43583e-05 
3844.01 8.70462e-06 8.94930e-01 8.64171e-19 1.30271e-05 
3844.34 8.76700e-06 8.94965e-01 8.57894e-19 1.30267e-05 
3850.00 9.63437e-06 8.95546e-01 7.58866e-19 1.26900e-05 
3860.92 9.80110e-06 8.96657e-01 5.97237e-19 1.02015e-05 
3863.23 9.69065e-06 8.96890e-01 5.67453e-19 9.59170e-06 
3870.00 9.40439e-06 8.97571e-01 4.87932e-19 8.02403e-06 
3877.50 9.52408e-06 8.98320e-01 4.12166e-19 6.88337e-06 
3882.54 9.93359e-06 8.98820e-01 3.67605e-19 6.41505e-06 
3890.00 1.10545e-05 8.99555e-01 3.09952e-19 6.03581e-06 
3894.10 1.19073e-05 8.99957e-01 2.82038e-19 5.92480e-06 
3901.96 1.33009e-05 9.00720e-01 2.34990e-19 5.53001e-06 
3910.00 1.30534e-05 9.01492e-01 1.94604e-19 4.50750e-06 
3910.70 1.28980e-05 9.01559e-01 1.91403e-19 4.38172e-06 
3921.46 8.88450e-06 9.02580e-01 1.48261e-19 2.34703e-06 
3927.32 7.12474e-06 9.03131e-01 1.28852e-19 1.63920e-06 
3930.00 6.86908e-06 9.03382e-01 1.20806e-19 1.48312e-06 
3941.07 9.56458e-06 9.04410e-01 9.23441e-20 1.58481e-06 
3943.95 1.05338e-05 9.04674e-01 8.60654e-20 1.62840e-06 
3950.00 1.16872e-05 9.05226e-01 7.41799e-20 1.56054e-06 
3960.59 9.60718e-06 9.06184e-01 5.70494e-20 9.90254e-07 
3960.78 9.55364e-06 9.06200e-01 5.67902e-20 9.80325e-07 
3970.00 8.06486e-06 9.07029e-01 4.50741e-20 6.58959e-07 
3977.25 1.00466e-05 9.07675e-01 3.75360e-20 6.85335e-07 
3980.58 1.16017e-05 9.07970e-01 3.44898e-20 7.28036e-07 
3990.00 1.58795e-05 9.08795e-01 2.71136e-20 7.85934e-07 
3993.91 1.68537e-05 9.09134e-01 2.45192e-20 7.55357e-07 
4000.48 1.73801e-05 9.09700e-01 2.06898e-20 6.58786e-07 
4010.00 1.69933e-05 9.10512e-01 1.61517e-20 5.04487e-07 
4010.59 1.69671e-05 9.10562e-01 1.59042e-20 4.96093e-07 
4020.49 1.67965e-05 9.11400e-01 1.22625e-20 3.79935e-07 
4027.28 1.68104e-05 9.11972e-01 1.02459e-20 3.18454e-07 
4030.00 1.68045e-05 9.12200e-01 9.53121e-21 2.96410e-07 
4040.59 1.65879e-05 9.13080e-01 7.18213e-21 2.21269e-07 
4043.98 1.64540e-05 9.13359e-01 6.55696e-21 2.00608e-07 
4050.00 1.61435e-05 9.13850e-01 5.57354e-21 1.67642e-07 
4060.69 1.55499e-05 9.14712e-01 4.16916e-21 1.21223e-07 
4060.79 1.55464e-05 9.14720e-01 4.15769e-21 1.20866e-07 
4070.00 1.56404e-05 9.15455e-01 3.23102e-21 9.47856e-08 
4077.41 1.64466e-05 9.16041e-01 2.63430e-21 8.14637e-08 
4081.10 1.69547e-05 9.16330e-01 2.37915e-21 7.59389e-08 
4090.00 1.78856e-05 9.17023e-01 1.85752e-21 6.27282e-08 
4094.15 1.79687e-05 9.17344e-01 1.65437e-21 5.62043e-08 
4101.50 1.76848e-05 9.17910e-01 1.34607e-21 4.51161e-08 
4110.00 1.72304e-05 9.18561e-01 1.05935e-21 3.46901e-08 
4110.90 1.72037e-05 9.18629e-01 1.03282e-21 3.37788e-08 
4122.01 1.72494e-05 9.19470e-01 7.53200e-22 2.47886e-08 
4127.66 1.73695e-05 9.19891e-01 6.41083e-22 2.12846e-08 
4130.00 1.74022e-05 9.20064e-01 5.99449e-22 1.99548e-08 
4142.62 1.73441e-05 9.20990e-01 4.16918e-22 1.38885e-08 
4144.43 1.73303e-05 9.21122e-01 3.95713e-22 1.31793e-08 
4150.00 1.73330e-05 9.21528e-01 3.36677e-22 1.12348e-08 
4161.21 1.75463e-05 9.22338e-01 2.42944e-22 8.23617e-09 
4163.33 1.75755e-05 9.22490e-01 2.28315e-22 7.75831e-09 
4170.00 1.75320e-05 9.22965e-01 1.87764e-22 6.37808e-09 
4178.00 1.71407e-05 9.23529e-01 1.48388e-22 4.94050e-09 
4184.15 1.67752e-05 9.23960e-01 1.23737e-22 4.03973e-09 
4190.00 1.65668e-05 9.24368e-01 1.04043e-22 3.36073e-09 
4194.81 1.65841e-05 9.24703e-01 9.02082e-23 2.92129e-09 
4205.07 1.68643e-05 9.25410e-01 6.64386e-23 2.19493e-09 
4210.00 1.69017e-05 9.25747e-01 5.73494e-23 1.90176e-09 
4211.63 1.68756e-05 9.25857e-01 5.46323e-23 1.80978e-09 
4226.10 1.62357e-05 9.26830e-01 3.54485e-23 1.13483e-09 
4228.45 1.61627e-05 9.26987e-01 3.30405e-23 1.05375e-09 
4230.00 1.61349e-05 9.27090e-01 3.15528e-23 1.00506e-09 
4245.30 1.64044e-05 9.28095e-01 2.00825e-23 6.53434e-10 
4247.23 1.64232e-05 9.28220e-01 1.89862e-23 6.18837e-10 
4250.00 1.64080e-05 9.28400e-01 1.75229e-23 5.71094e-10 
4262.15 1.57815e-05 9.29179e-01 1.24776e-23 3.92580e-10 
4268.46 1.53612e-05 9.29580e-01 1.05747e-23 3.24472e-10 
4270.00 1.52764e-05 9.29677e-01 1.01737e-23 3.10587e-10 
4279.01 1.48920e-05 9.30245e-01 8.25685e-24 2.46395e-10 
4289.80 1.39242e-05 9.30920e-01 6.78604e-24 1.89959e-10 
4290.00 1.38941e-05 9.30932e-01 6.76665e-24 1.89019e-10 
4295.89 1.28157e-05 9.31298e-01 6.29471e-24 1.62474e-10 
4310.00 1.15793e-05 9.32164e-01 5.96685e-24 1.39740e-10 
4311.25 1.17558e-05 9.32240e-01 5.99000e-24 1.42473e-10 
4312.78 1.20487e-05 9.32332e-01 6.02932e-24 1.47048e-10 
4329.68 1.68355e-05 9.33345e-01 7.30973e-24 2.50350e-10 
4330.00 1.68830e-05 9.33364e-01 7.34979e-24 2.52456e-10 
4332.81 1.71352e-05 9.33530e-01 7.72624e-24 2.69574e-10 
4346.59 1.62227e-05 9.34341e-01 1.03318e-23 3.42668e-10 
4350.00 1.60786e-05 9.34540e-01 1.11929e-23 3.68298e-10 
4354.47 1.62667e-05 9.34800e-01 1.24722e-23 4.15738e-10 
4363.51 1.72953e-05 9.35323e-01 1.56424e-23 5.55846e-10 
4370.00 1.77604e-05 9.35695e-01 1.84678e-23 6.75163e-10 
4376.25 1.74794e-05 9.36050e-01 2.17036e-23 7.82317e-10 
4380.45 1.70316e-05 9.36287e-01 2.42041e-23 8.51128e-10 
4390.00 1.61295e-05 9.36821e-01 3.09974e-23 1.03512e-09 
4397.40 1.62305e-05 9.37230e-01 3.75193e-23 1.26343e-09 
4398.13 1.62765e-05 9.37270e-01 3.82284e-23 1.29123e-09 
4410.00 1.74277e-05 9.37921e-01 5.17795e-23 1.87900e-09 
4414.36 1.78465e-05 9.38158e-01 5.78241e-23 2.15144e-09 
4420.12 1.82868e-05 9.38470e-01 6.68402e-23 2.55242e-09 
4430.00 1.86489e-05 9.39001e-01 8.55048e-23 3.33915e-09 
4431.33 1.86523e-05 9.39072e-01 8.83643e-23 3.45276e-09 
4442.22 1.84628e-05 9.39650e-01 1.15400e-22 4.47708e-09 
4448.31 1.84219e-05 9.39971e-01 1.33774e-22 5.18730e-09 
4450.00 1.84492e-05 9.40060e-01 1.39320e-22 5.41291e-09 
4464.43 1.92199e-05 9.40810e-01 1.96469e-22 7.98426e-09 
4465.31 1.92670e-05 9.40855e-01 2.00587e-22 8.17363e-09 
4470.00 1.94464e-05 9.41095e-01 2.23916e-22 9.22123e-09 
4482.32 1.94224e-05 9.41718e-01 2.97905e-22 1.22950e-08 
4486.75 1.94981e-05 9.41940e-01 3.29725e-22 1.36780e-08 
4490.00 1.96729e-05 9.42102e-01 3.55032e-22 1.48732e-08 
4499.34 2.07152e-05 9.42565e-01 4.38277e-22 1.93830e-08 
4509.19 2.15159e-05 9.43050e-01 5.45572e-22 2.51285e-08 
4510.00 2.15175e-05 9.43090e-01 5.55472e-22 2.55921e-08 
4516.37 2.11158e-05 9.43403e-01 6.38820e-22 2.89332e-08 
4530.00 1.95068e-05 9.44067e-01 8.57805e-22 3.60246e-08 
4531.73 1.94037e-05 9.44150e-01 8.90150e-22 3.72029e-08 
4533.41 1.93434e-05 9.44231e-01 9.22647e-22 3.84587e-08 
4550.00 2.01502e-05 9.45015e-01 1.30787e-21 5.70448e-08 
4550.47 2.01926e-05 9.45037e-01 1.32065e-21 5.77309e-08 
4554.39 2.05498e-05 9.45220e-01 1.43229e-21 6.37859e-08 
4567.54 2.13420e-05 9.45829e-01 1.87371e-21 8.69671e-08 
4570.00 2.13401e-05 9.45943e-01 1.96928e-21 9.14553e-08 
4577.16 2.10036e-05 9.46270e-01 2.27329e-21 1.04107e-07 
4584.62 2.04544e-05 9.46608e-01 2.63539e-21 1.17768e-07 
4590.00 2.01874e-05 9.46850e-01 2.92918e-21 1.29373e-07 
4600.05 2.03088e-05 9.47300e-01 3.55973e-21 1.58590e-07 
4601.71 2.03723e-05 9.47374e-01 3.67523e-21 1.64319e-07 
4610.00 2.06450e-05 9.47744e-01 4.30527e-21 1.95493e-07 
4618.81 2.06079e-05 9.48135e-01 5.08256e-21 2.30908e-07 
4623.05 2.05114e-05 9.48320e-01 5.50018e-21 2.48988e-07 
4630.00 2.03591e-05 9.48621e-01 6.25440e-21 2.81540e-07 
4635.93 2.03153e-05 9.48875e-01 6.97112e-21 3.13613e-07 
4646.16 2.04329e-05 9.49310e-01 8.38732e-21 3.80521e-07 
4650.00 2.05267e-05 9.49473e-01 8.98278e-21 4.09815e-07 
4653.06 2.06155e-05 9.49602e-01 9.48435e-21 4.34915e-07 
4669.39 2.10357e-05 9.50290e-01 1.26251e-20 5.93241e-07 
4670.00 2.10415e-05 9.50315e-01 1.27580e-20 5.99749e-07 
4670.20 2.10432e-05 9.50323e-01 1.28014e-20 6.01865e-07 
4687.35 2.07397e-05 9.51031e-01 1.71440e-20 7.97922e-07 
4690.00 2.06213e-05 9.51139e-01 1.79230e-20 8.29979e-07 
4692.74 2.04828e-05 9.51250e-01 1.87618e-20 8.63593e-07 
4704.51 1.99339e-05 9.51725e-01 2.27841e-20 1.02370e-06 
4710.00 1.98651e-05 9.51944e-01 2.49113e-20 1.11698e-06 
4716.20 2.00318e-05 9.52190e-01 2.75314e-20 1.24677e-06 
4721.69 2.03160e-05 9.52406e-01 3.00518e-20 1.38214e-06 
4730.00 2.07631e-05 9.52731e-01 3.42646e-20 1.61396e-06 
4738.88 2.10116e-05 9.53075e-01 3.93448e-20 1.87963e-06 
4739.79 2.10243e-05 9.53110e-01 3.98992e-20 1.90770e-06 
4750.00 2.10831e-05 9.53500e-01 4.66505e-20 2.24248e-06 
4756.08 2.10941e-05 9.53731e-01 5.11372e-20 2.46318e-06 
4763.48 2.11027e-05 9.54010e-01 5.71152e-20 2.75734e-06 
4770.00 2.11036e-05 9.54255e-01 6.28819e-20 3.04080e-06 
4773.29 2.11008e-05 9.54379e-01 6.59892e-20 3.19325e-06 
4787.30 2.10242e-05 9.54900e-01 8.07736e-20 3.90806e-06 
4790.00 2.09902e-05 9.54999e-01 8.39356e-20 4.05718e-06 
4790.52 2.09827e-05 9.55019e-01 8.45568e-20 4.08627e-06 
4807.76 2.07621e-05 9.55645e-01 1.07601e-19 5.16716e-06 
4810.00 2.07699e-05 9.55726e-01 1.10971e-19 5.33391e-06 
4811.24 2.07809e-05 9.55770e-01 1.12871e-19 5.42976e-06 
4825.01 2.10229e-05 9.56259e-01 1.35997e-19 6.64078e-06 
4830.00 2.10430e-05 9.56434e-01 1.45348e-19 7.11282e-06 
4835.29 2.09453e-05 9.56620e-01 1.55871e-19 7.60217e-06 
4842.27 2.05826e-05 9.56864e-01 1.70740e-19 8.19709e-06 
4850.00 1.98099e-05 9.57133e-01 1.88639e-19 8.73275e-06 
4859.47 1.84615e-05 9.57460e-01 2.12757e-19 9.19992e-06 
4859.54 1.84517e-05 9.57463e-01 2.12954e-19 9.20369e-06 
4870.00 1.76937e-05 9.57818e-01 2.42639e-19 1.00813e-05 
4876.83 1.82222e-05 9.58048e-01 2.63893e-19 1.13104e-05 
4883.77 1.92162e-05 9.58280e-01 2.87084e-19 1.29971e-05 
4890.00 2.00022e-05 9.58488e-01 3.09375e-19 1.46009e-05 
4894.13 2.02723e-05 9.58626e-01 3.24945e-19 1.55583e-05 
4908.19 2.00767e-05 9.59090e-01 3.83007e-19 1.82223e-05 
4910.00 1.99995e-05 9.59149e-01 3.91095e-19 1.85435e-05 
4911.44 1.99397e-05 9.59196e-01 3.97630e-19 1.88034e-05 
4928.77 1.95719e-05 9.59753e-01 4.83593e-19 2.25390e-05 
4930.00 1.95847e-05 9.59793e-01 4.90269e-19 2.28718e-05 
4932.73 1.96368e-05 9.59880e-01 5.05294e-19 2.36506e-05 
4946.10 2.01707e-05 9.60305e-01 5.84601e-19 2.81953e-05 
4950.00 2.03402e-05 9.60428e-01 6.09564e-19 2.96735e-05 
4957.39 2.05763e-05 9.60660e-01 6.59309e-19 3.25239e-05 
4963.45 2.06396e-05 9.60848e-01 7.02523e-19 3.48116e-05 
4970.00 2.05244e-05 9.61049e-01 7.51819e-19 3.71031e-05 
4980.81 1.98930e-05 9.61378e-01 8.39319e-19 4.02481e-05 
4982.18 1.97886e-05 9.61420e-01 8.50953e-19 4.06047e-05 
4990.00 1.91697e-05 9.61657e-01 9.20008e-19 4.26041e-05 
4998.18 1.86167e-05 9.61904e-01 9.97016e-19 4.49233e-05 
5007.09 1.83493e-05 9.62170e-01 1.08657e-18 4.83549e-05 
5010.00 1.83784e-05 9.62256e-01 1.11719e-18 4.98294e-05 
5015.57 1.86086e-05 9.62420e-01 1.17768e-18 5.32535e-05 
5030.00 1.94206e-05 9.62839e-01 1.34645e-18 6.37526e-05 
5032.12 1.94621e-05 9.62900e-01 1.37282e-18 6.51718e-05 
5032.97 1.94702e-05 9.62924e-01 1.38339e-18 6.57135e-05 
5050.00 1.93886e-05 9.63413e-01 1.61083e-18 7.64933e-05 
5050.38 1.93966e-05 9.63423e-01 1.61619e-18 7.67860e-05 
5057.29 1.96722e-05 9.63620e-01 1.71645e-18 8.28383e-05 
5067.80 2.01069e-05 9.63918e-01 1.87807e-18 9.28624e-05 
5070.00 2.01241e-05 9.63980e-01 1.91328e-18 9.47315e-05 
5082.57 1.96412e-05 9.64330e-01 2.12411e-18 1.02939e-04 
5085.24 1.95088e-05 9.64403e-01 2.17092e-18 1.04560e-04 
5090.00 1.93466e-05 9.64534e-01 2.25651e-18 1.07895e-04 
5102.68 1.95030e-05 9.64877e-01 2.49645e-18 1.20675e-04 
5107.98 1.96176e-05 9.65020e-01 2.60202e-18 1.26668e-04 
5110.00 1.96368e-05 9.65074e-01 2.64298e-18 1.28846e-04 
5120.14 1.94762e-05 9.65346e-01 2.85620e-18 1.38414e-04 
5130.00 1.91740e-05 9.65608e-01 3.07477e-18 1.47016e-04 
5133.52 1.90954e-05 9.65700e-01 3.15569e-18 1.50385e-04 
5137.62 1.90123e-05 9.65806e-01 3.25147e-18 1.54415e-04 
5150.00 1.84850e-05 9.66125e-01 3.55348e-18 1.64527e-04 
5155.10 1.80201e-05 9.66255e-01 3.68324e-18 1.66433e-04 
5159.19 1.75804e-05 9.66360e-01 3.78956e-18 1.67210e-04 
5170.00 1.65625e-05 9.66638e-01 4.08018e-18 1.70013e-04 
5172.60 1.64273e-05 9.66705e-01 4.15219e-18 1.71699e-04 
5184.99 1.64993e-05 9.67020e-01 4.50665e-18 1.87683e-04 
5190.00 1.68190e-05 9.67146e-01 4.65531e-18 1.97848e-04 
5190.11 1.68276e-05 9.67148e-01 4.65859e-18 1.98094e-04 
5207.63 1.84096e-05 9.67580e-01 5.20233e-18 2.42936e-04 
5210.00 1.85445e-05 9.67638e-01 5.27862e-18 2.48433e-04 
5210.91 1.85845e-05 9.67660e-01 5.30822e-18 2.50414e-04 
5225.17 1.87516e-05 9.68007e-01 5.78283e-18 2.76110e-04 
5230.00 1.88623e-05 9.68124e-01 5.94908e-18 2.86023e-04 
5236.97 1.92411e-05 9.68290e-01 6.19344e-18 3.04208e-04 
5242.72 1.95251e-05 9.68425e-01 6.39907e-18 3.19342e-04 
5250.00 1.94431e-05 9.68595e-01 6.66491e-18 3.31729e-04 
5260.28 1.81864e-05 9.68833e-01 7.04950e-18 3.28917e-04 
5263.15 1.77926e-05 9.68900e-01 7.15916e-18 3.27000e-04 
5270.00 1.72294e-05 9.69059e-01 7.42348e-18 3.28823e-04 
5277.85 1.76291e-05 9.69242e-01 7.73210e-18 3.51027e-04 
5289.47 1.91924e-05 9.69510e-01 8.19966e-18 4.06269e-04 
5290.00 1.92591e-05 9.69522e-01 8.22134e-18 4.08803e-04 
5295.43 1.98069e-05 9.69645e-01 8.44436e-18 4.32337e-04 
5310.00 1.98797e-05 9.69970e-01 9.05425e-18 4.66700e-04 
5313.03 1.96067e-05 9.70037e-01 9.18327e-18 4.67150e-04 
5315.92 1.92833e-05 9.70100e-01 9.30661e-18 4.65898e-04 
5330.00 1.79774e-05 9.70409e-01 9.91717e-18 4.64217e-04 
5330.64 1.79692e-05 9.70423e-01 9.94534e-18 4.65386e-04 
5342.50 1.86639e-05 9.70680e-01 1.04690e-17 5.10096e-04 
5348.27 1.91563e-05 9.70804e-01 1.07267e-17 5.37087e-04 
5350.00 1.92662e-05 9.70842e-01 1.08044e-17 5.44277e-04 
5365.90 1.93005e-05 9.71180e-01 1.15229e-17 5.83439e-04 
5369.21 1.92265e-05 9.71250e-01 1.16733e-17 5.89195e-04 
5370.00 1.92116e-05 9.71267e-01 1.17094e-17 5.90656e-04 
5383.55 1.90945e-05 9.71551e-01 1.23293e-17 6.19876e-04 
5390.00 1.89890e-05 9.71685e-01 1.26254e-17 6.32099e-04 
5396.05 1.87841e-05 9.71810e-01 1.29037e-17 6.39861e-04 
5401.21 1.85793e-05 9.71916e-01 1.31410e-17 6.45206e-04 
5410.00 1.83464e-05 9.72096e-01 1.35449e-17 6.57896e-04 
5418.89 1.84377e-05 9.72276e-01 1.39526e-17 6.82314e-04 
5423.03 1.85644e-05 9.72360e-01 1.41424e-17 6.96941e-04 
5430.00 1.88227e-05 9.72500e-01 1.44602e-17 7.23550e-04 
5436.57 1.90498e-05 9.72631e-01 1.47588e-17 7.48406e-04 
5450.00 1.92743e-05 9.72897e-01 1.53634e-17 7.90409e-04 
5450.15 1.92741e-05 9.72900e-01 1.53700e-17 7.90767e-04 
5454.27 1.92417e-05 9.72981e-01 1.55540e-17 7.99555e-04 
5470.00 1.89191e-05 9.73287e-01 1.62464e-17 8.23775e-04 
5471.99 1.88874e-05 9.73325e-01 1.63326e-17 8.27094e-04 
5477.40 1.88294e-05 9.73430e-01 1.65664e-17 8.37272e-04 
5489.71 1.87911e-05 9.73666e-01 1.70892e-17 8.64089e-04 
5490.00 1.87909e-05 9.73672e-01 1.71014e-17 8.64742e-04 
5504.79 1.87819e-05 9.73950e-01 1.77110e-17 8.97805e-04 
5507.45 1.87825e-05 9.73999e-01 1.78184e-17 9.03760e-04 
5510.00 1.87842e-05 9.74046e-01 1.79206e-17 9.09494e-04 
5525.20 1.88482e-05 9.74322e-01 1.85148e-17 9.45718e-04 
5530.00 1.89051e-05 9.74408e-01 1.86968e-17 9.58817e-04 
5532.31 1.89412e-05 9.74450e-01 1.87834e-17 9.65542e-04 
5542.96 1.91091e-05 9.74643e-01 1.91737e-17 9.96451e-04 
5550.00 1.91280e-05 9.74770e-01 1.94231e-17 1.01183e-03 
5559.97 1.89215e-05 9.74950e-01 1.97647e-17 1.02053e-03 
5560.74 1.88973e-05 9.74964e-01 1.97903e-17 1.02069e-03 
5570.00 1.85674e-05 9.75128e-01 2.00933e-17 1.02010e-03 
5578.53 1.82915e-05 9.75279e-01 2.03606e-17 1.02003e-03 
5587.77 1.81600e-05 9.75440e-01 2.06372e-17 1.02832e-03 
5590.00 1.81702e-05 9.75479e-01 2.07018e-17 1.03257e-03 
5596.33 1.82945e-05 9.75588e-01 2.08807e-17 1.04993e-03 
5610.00 1.86986e-05 9.75823e-01 2.12439e-17 1.09471e-03 
5614.14 1.87584e-05 9.75893e-01 2.13475e-17 1.10447e-03 
5615.71 1.87705e-05 9.75920e-01 2.13859e-17 1.10751e-03 
5630.00 1.87659e-05 9.76161e-01 2.17158e-17 1.12745e-03 
5631.97 1.87676e-05 9.76194e-01 2.17584e-17 1.13020e-03 
5643.79 1.87773e-05 9.76390e-01 2.19987e-17 1.14590e-03 
5649.81 1.87141e-05 9.76489e-01 2.21112e-17 1.14923e-03 
5650.00 1.87107e-05 9.76492e-01 2.21146e-17 1.14924e-03 
5667.66 1.82897e-05 9.76780e-01 2.24045e-17 1.14200e-03 
5670.00 1.82775e-05 9.76818e-01 2.24384e-17 1.14348e-03 
5672.01 1.82858e-05 9.76850e-01 2.24668e-17 1.14589e-03 
5685.53 1.85118e-05 9.77065e-01 2.26377e-17 1.17192e-03 
5690.00 1.85129e-05 9.77136e-01 2.26865e-17 1.17553e-03 
5700.37 1.82319e-05 9.77300e-01 2.27853e-17 1.16504e-03 
5703.41 1.81526e-05 9.77348e-01 2.28105e-17 1.16193e-03 
5710.00 1.81416e-05 9.77453e-01 2.28590e-17 1.16516e-03 
5721.30 1.87505e-05 9.77632e-01 2.29234e-17 1.21028e-03 
5728.87 1.91250e-05 9.77750e-01 2.29534e-17 1.23785e-03 
5730.00 1.91475e-05 9.77767e-01 2.29570e-17 1.23977e-03 
5739.21 1.89699e-05 9.77907e-01 2.29777e-17 1.23153e-03 
5750.00 1.85590e-05 9.78068e-01 2.29829e-17 1.20759e-03 
5757.13 1.85569e-05 9.78174e-01 2.29753e-17 1.20868e-03 
5757.52 1.85622e-05 9.78180e-01 2.29746e-17 1.20908e-03 
5770.00 1.87067e-05 9.78367e-01 2.29398e-17 1.21951e-03 
5775.06 1.86184e-05 9.78443e-01 2.29184e-17 1.21378e-03 
5786.30 1.82665e-05 9.78610e-01 2.28564e-17 1.19014e-03 
5790.00 1.81976e-05 9.78665e-01 2.28317e-17 1.18519e-03 
5793.00 1.81857e-05 9.78709e-01 2.28102e-17 1.18397e-03 
5810.00 1.85615e-05 9.78955e-01 2.26638e-17 1.20450e-03 
5810.96 1.85875e-05 9.78969e-01 2.26543e-17 1.20590e-03 
5815.23 1.86897e-05 9.79030e-01 2.26106e-17 1.21116e-03 
5828.93 1.87749e-05 9.79224e-01 2.24548e-17 1.21138e-03 
5830.00 1.87601e-05 9.79240e-01 2.24416e-17 1.20996e-03 
5844.31 1.84017e-05 9.79440e-01 2.22530e-17 1.18000e-03 
5846.91 1.83581e-05 9.79476e-01 2.22163e-17 1.17583e-03 
5850.00 1.83391e-05 9.79519e-01 2.21718e-17 1.17293e-03 
5864.91 1.84857e-05 9.79723e-01 2.19438e-17 1.17337e-03 
5870.00 1.83427e-05 9.79792e-01 2.18613e-17 1.16101e-03 
5873.53 1.81108e-05 9.79840e-01 2.18028e-17 1.14400e-03 
5882.91 1.72911e-05 9.79965e-01 2.16428e-17 1.08608e-03 
5890.00 1.69513e-05 9.80059e-01 2.15178e-17 1.05997e-03 
5900.94 1.74785e-05 9.80204e-01 2.13190e-17 1.08500e-03 
5902.90 1.76381e-05 9.80230e-01 2.12826e-17 1.09344e-03 
5910.00 1.81315e-05 9.80324e-01 2.11495e-17 1.11845e-03 
5918.97 1.82711e-05 9.80443e-01 2.09785e-17 1.11978e-03 
5930.00 1.80745e-05 9.80588e-01 2.07649e-17 1.09865e-03 
5932.41 1.80452e-05 9.80620e-01 2.07178e-17 1.09486e-03 
5937.02 1.80233e-05 9.80680e-01 2.06276e-17 1.08969e-03 
5950.00 1.80837e-05 9.80847e-01 2.03726e-17 1.08237e-03 
5955.08 1.81059e-05 9.80912e-01 2.02728e-17 1.07938e-03 
5962.08 1.81149e-05 9.81000e-01 2.01358e-17 1.07398e-03 
5970.00 1.80955e-05 9.81100e-01 1.99817e-17 1.06614e-03 
5973.16 1.80792e-05 9.81139e-01 1.99207e-17 1.06253e-03 
5990.00 1.79071e-05 9.81347e-01 1.96013e-17 1.03868e-03 
5991.24 1.78885e-05 9.81362e-01 1.95782e-17 1.03661e-03 
5991.89 1.78787e-05 9.81370e-01 1.95662e-17 1.03553e-03 
6009.34 1.76194e-05 9.81580e-01 1.92518e-17 1.00726e-03 
6010.00 1.76129e-05 9.81588e-01 1.92404e-17 1.00640e-03 
6021.85 1.75721e-05 9.81730e-01 1.90396e-17 9.95697e-04 
6027.46 1.76056e-05 9.81797e-01 1.89485e-17 9.93815e-04 
6030.00 1.76323e-05 9.81828e-01 1.89082e-17 9.93654e-04 
6045.59 1.78706e-05 9.82014e-01 1.86750e-17 9.97420e-04 
6050.00 1.79172e-05 9.82067e-01 1.86137e-17 9.97521e-04 
6051.96 1.79290e-05 9.82090e-01 1.85872e-17 9.97103e-04 
6063.73 1.78831e-05 9.82228e-01 1.84379e-17 9.88618e-04 
6070.00 1.77862e-05 9.82300e-01 1.83656e-17 9.80493e-04 
6081.88 1.75279e-05 9.82436e-01 1.82437e-17 9.61850e-04 
6082.21 1.75209e-05 9.82440e-01 1.82406e-17 9.61360e-04 
6090.00 1.73977e-05 9.82528e-01 1.81725e-17 9.52337e-04 
6100.05 1.73571e-05 9.82641e-01 1.80988e-17 9.47937e-04 
6110.00 1.72391e-05 9.82751e-01 1.80426e-17 9.40204e-04 
6112.63 1.71624e-05 9.82780e-01 1.80306e-17 9.35827e-04 
6118.23 1.69542e-05 9.82841e-01 1.80093e-17 9.24288e-04 
6130.00 1.66314e-05 9.82969e-01 1.79838e-17 9.07261e-04 
6136.42 1.66864e-05 9.83038e-01 1.79812e-17 9.11152e-04 
6143.19 1.68200e-05 9.83110e-01 1.79875e-17 9.19852e-04 
6150.00 1.68501e-05 9.83182e-01 1.80035e-17 9.23405e-04 
6154.63 1.67370e-05 9.83230e-01 1.80200e-17 9.18787e-04 
6170.00 1.62861e-05 9.83390e-01 1.81089e-17 9.00827e-04 
6172.85 1.63241e-05 9.83419e-01 1.81312e-17 9.04490e-04 
6173.91 1.63515e-05 9.83430e-01 1.81400e-17 9.06613e-04 
6190.00 1.70726e-05 9.83596e-01 1.83062e-17 9.57922e-04 
6191.08 1.71061e-05 9.83607e-01 1.83196e-17 9.60678e-04 
6204.77 1.71679e-05 9.83750e-01 1.85146e-17 9.76712e-04 
6209.33 1.71013e-05 9.83798e-01 1.85899e-17 9.77641e-04 
6210.00 1.70903e-05 9.83805e-01 1.86015e-17 9.77734e-04 
6227.59 1.67192e-05 9.83992e-01 1.89464e-17 9.77182e-04 
6230.00 1.66465e-05 9.84018e-01 1.90001e-17 9.76095e-04 
6235.80 1.64511e-05 9.84080e-01 1.91357e-17 9.72485e-04 
6245.86 1.61926e-05 9.84188e-01 1.93927e-17 9.71737e-04 
6250.00 1.61792e-05 9.84233e-01 1.95067e-17 9.77330e-04 
6264.15 1.65932e-05 9.84381e-01 1.99324e-17 1.02669e-03 
6266.98 1.66983e-05 9.84410e-01 2.00245e-17 1.03846e-03 
6270.00 1.67946e-05 9.84440e-01 2.01253e-17 1.05025e-03 
6282.45 1.69294e-05 9.84561e-01 2.05683e-17 1.08426e-03 
6290.00 1.68317e-05 9.84632e-01 2.08592e-17 1.09465e-03 
6298.31 1.66186e-05 9.84710e-01 2.11988e-17 1.09992e-03 
6300.76 1.65500e-05 9.84733e-01 2.13027e-17 1.10120e-03 
6310.00 1.63469e-05 9.84820e-01 2.17111e-17 1.11026e-03 
6319.09 1.63139e-05 9.84907e-01 2.21377e-17 1.13152e-03 
6329.80 1.63872e-05 9.85010e-01 2.26728e-17 1.16618e-03 
6330.00 1.63886e-05 9.85012e-01 2.26829e-17 1.16683e-03 
6337.43 1.64227e-05 9.85084e-01 2.30745e-17 1.19093e-03 
6350.00 1.64057e-05 9.85205e-01 2.37756e-17 1.22843e-03 
6355.78 1.63695e-05 9.85259e-01 2.41140e-17 1.24436e-03 
6361.45 1.63339e-05 9.85310e-01 2.44560e-17 1.26046e-03 
6370.00 1.63225e-05 9.85383e-01 2.49897e-17 1.28889e-03 
6374.15 1.63483e-05 9.85418e-01 2.52566e-17 1.30561e-03 
6390.00 1.63992e-05 9.85551e-01 2.63246e-17 1.36863e-03 
6392.53 1.63630e-05 9.85573e-01 2.65019e-17 1.37538e-03 
6393.26 1.63497e-05 9.85580e-01 2.65536e-17 1.37711e-03 
6410.00 1.60102e-05 9.85737e-01 2.77792e-17 1.41468e-03 
6410.92 1.60052e-05 9.85746e-01 2.78490e-17 1.41801e-03 
6425.23 1.61197e-05 9.85880e-01 2.89655e-17 1.48893e-03 
6429.33 1.61467e-05 9.85917e-01 2.92967e-17 1.50949e-03 
6430.00 1.61478e-05 9.85922e-01 2.93513e-17 1.51258e-03 
6447.75 1.59543e-05 9.86072e-01 3.08428e-17 1.57497e-03 
6450.00 1.59318e-05 9.86090e-01 3.10382e-17 1.58329e-03 
6457.35 1.59041e-05 9.86150e-01 3.16866e-17 1.61550e-03 
6466.18 1.58935e-05 9.86223e-01 3.24849e-17 1.65747e-03 
6470.00 1.58688e-05 9.86255e-01 3.28363e-17 1.67385e-03 
6484.63 1.56657e-05 9.86378e-01 3.42198e-17 1.72615e-03 
6489.64 1.56432e-05 9.86420e-01 3.47060e-17 1.74959e-03 
6490.00 1.56440e-05 9.86423e-01 3.47412e-17 1.75156e-03 
6503.09 1.58417e-05 9.86533e-01 3.60438e-17 1.84411e-03 
6510.00 1.59542e-05 9.86590e-01 3.67479e-17 1.89561e-03 
6521.57 1.59681e-05 9.86686e-01 3.79528e-17 1.96313e-03 
6522.09 1.59655e-05 9.86690e-01 3.80075e-17 1.96581e-03 
6530.00 1.59257e-05 9.86754e-01 3.88503e-17 2.00697e-03 
6540.06 1.58579e-05 9.86835e-01 3.99419e-17 2.05789e-03 
6550.00 1.54273e-05 9.86913e-01 4.10422e-17 2.06045e-03 
6554.70 1.50002e-05 9.86950e-01 4.15693e-17 2.03068e-03 
6558.56 1.46042e-05 9.86980e-01 4.20059e-17 1.99908e-03 
6570.00 1.39061e-05 9.87068e-01 4.33162e-17 1.96650e-03 
6577.08 1.42776e-05 9.87121e-01 4.41390e-17 2.05970e-03 
6587.47 1.53337e-05 9.87200e-01 4.53640e-17 2.27722e-03 
6590.00 1.55400e-05 9.87219e-01 4.56647e-17 2.32410e-03 
6595.61 1.57975e-05 9.87262e-01 4.63352e-17 2.39944e-03 
6610.00 1.57227e-05 9.87371e-01 4.80793e-17 2.48365e-03 
6614.15 1.56683e-05 9.87402e-01 4.85876e-17 2.50288e-03 
6620.41 1.56186e-05 9.87450e-01 4.93592e-17 2.53708e-03 
6630.00 1.55937e-05 9.87523e-01 5.05511e-17 2.59814e-03 
6632.71 1.55929e-05 9.87544e-01 5.08894e-17 2.61652e-03 
6650.00 1.55373e-05 9.87674e-01 5.30708e-17 2.72640e-03 
6651.28 1.55236e-05 9.87683e-01 5.32330e-17 2.73287e-03 
6653.51 1.54959e-05 9.87700e-01 5.35174e-17 2.74353e-03 
6669.86 1.53402e-05 9.87819e-01 5.56109e-17 2.82949e-03 
6670.00 1.53406e-05 9.87820e-01 5.56289e-17 2.83054e-03 
6686.78 1.55149e-05 9.87940e-01 5.77971e-17 2.98213e-03 
6688.46 1.55193e-05 9.87952e-01 5.80150e-17 2.99501e-03 
6690.00 1.55165e-05 9.87963e-01 5.82152e-17 3.00553e-03 
6707.07 1.52374e-05 9.88085e-01 6.04372e-17 3.07232e-03 
6710.00 1.52081e-05 9.88106e-01 6.08194e-17 3.08722e-03 
6720.21 1.52568e-05 9.88180e-01 6.21528e-17 3.17005e-03 
6725.70 1.53149e-05 9.88220e-01 6.28690e-17 3.22155e-03 
6730.00 1.53394e-05 9.88251e-01 6.34312e-17 3.25775e-03 
6744.33 1.52194e-05 9.88354e-01 6.53019e-17 3.33503e-03 
6750.00 1.51575e-05 9.88394e-01 6.60399e-17 3.36194e-03 
6753.81 1.51335e-05 9.88420e-01 6.65361e-17 3.38385e-03 
6762.99 1.51216e-05 9.88481e-01 6.77272e-17 3.44661e-03 
6770.00 1.51256e-05 9.88526e-01 6.86349e-17 3.49751e-03 
6781.65 1.50977e-05 9.88601e-01 7.01364e-17 3.57384e-03 
6787.58 1.50639e-05 9.88640e-01 7.08965e-17 3.60777e-03 
6790.00 1.50464e-05 9.88656e-01 7.12055e-17 3.62064e-03 
6800.33 1.49633e-05 9.88727e-01 7.25208e-17 3.67299e-03 
6810.00 1.49323e-05 9.88793e-01 7.37413e-17 3.73262e-03 
6819.03 1.49798e-05 9.88854e-01 7.48718e-17 3.80718e-03 
6821.52 1.49939e-05 9.88870e-01 7.51820e-17 3.82801e-03 
6830.00 1.49887e-05 9.88924e-01 7.62318e-17 3.88514e-03 
6837.74 1.48735e-05 9.88971e-01 7.71809e-17 3.90788e-03 
6850.00 1.46731e-05 9.89045e-01 7.86668e-17 3.93680e-03 
6855.63 1.46629e-05 9.89080e-01 7.93407e-17 3.97116e-03 
6856.46 1.46660e-05 9.89085e-01 7.94397e-17 3.97745e-03 
6870.00 1.47734e-05 9.89171e-01 8.10366e-17 4.09555e-03 
6875.19 1.47948e-05 9.89205e-01 8.16403e-17 4.13531e-03 
6889.91 1.47605e-05 9.89300e-01 8.33210e-17 4.22007e-03 
6890.00 1.47600e-05 9.89301e-01 8.33316e-17 4.22053e-03 
6893.94 1.47379e-05 9.89326e-01 8.37746e-17 4.23915e-03 
6910.00 1.46449e-05 9.89425e-01 8.55427e-17 4.31174e-03 
6912.71 1.46329e-05 9.89441e-01 8.58352e-17 4.32471e-03 
6924.36 1.45935e-05 9.89510e-01 8.70733e-17 4.38297e-03 
6930.00 1.45752e-05 9.89543e-01 8.76613e-17 4.41076e-03 
6931.49 1.45698e-05 9.89552e-01 8.78147e-17 4.41783e-03 
6950.00 1.44974e-05 9.89658e-01 8.96792e-17 4.50170e-03 
6950.28 1.44965e-05 9.89660e-01 8.97064e-17 4.50297e-03 
6958.98 1.44751e-05 9.89710e-01 9.05503e-17 4.54452e-03 
6969.08 1.44709e-05 9.89769e-01 9.15037e-17 4.59796e-03 
6970.00 1.44718e-05 9.89774e-01 9.15889e-17 4.60317e-03 
6987.90 1.44286e-05 9.89877e-01 9.32007e-17 4.68268e-03 
6990.00 1.43992e-05 9.89889e-01 9.33835e-17 4.68375e-03 
6993.77 1.43266e-05 9.89910e-01 9.37085e-17 4.67900e-03 
7006.73 1.40432e-05 9.89981e-01 9.47918e-17 4.64838e-03 
7010.00 1.40070e-05 9.89999e-01 9.50564e-17 4.65160e-03 
7025.58 1.41273e-05 9.90083e-01 9.62719e-17 4.76252e-03 
7028.74 1.41681e-05 9.90100e-01 9.65088e-17 4.79025e-03 
7030.00 1.41820e-05 9.90107e-01 9.66022e-17 4.80049e-03 
7044.44 1.42254e-05 9.90188e-01 9.76365e-17 4.87714e-03 
7050.00 1.42024e-05 9.90220e-01 9.80157e-17 4.89215e-03 
7063.32 1.41122e-05 9.90297e-01 9.88815e-17 4.91367e-03 
7063.88 1.41079e-05 9.90300e-01 9.89170e-17 4.91437e-03 
7070.00 1.40638e-05 9.90335e-01 9.92927e-17 4.92204e-03 
7082.21 1.39990e-05 9.90406e-01 1.00003e-16 4.94330e-03 
7090.00 1.39849e-05 9.90450e-01 1.00430e-16 4.96504e-03 
7099.20 1.39957e-05 9.90500e-01 1.00905e-16 4.99913e-03 
7101.11 1.39978e-05 9.90510e-01 1.01000e-16 5.00596e-03 
7110.00 1.39828e-05 9.90557e-01 1.01423e-16 5.02809e-03 
7120.03 1.38924e-05 9.90607e-01 1.01867e-16 5.02480e-03 
7130.00 1.37757e-05 9.90657e-01 1.02272e-16 5.00964e-03 
7134.70 1.37312e-05 9.90680e-01 1.02450e-16 5.00559e-03 
7138.96 1.37007e-05 9.90701e-01 1.02605e-16 5.00508e-03 
7150.00 1.36701e-05 9.90755e-01 1.02974e-16 5.01989e-03 
7157.90 1.36847e-05 9.90793e-01 1.03211e-16 5.04259e-03 
7170.00 1.36339e-05 9.90848e-01 1.03529e-16 5.04813e-03 
7170.37 1.36288e-05 9.90850e-01 1.03538e-16 5.04694e-03 
7176.86 1.35074e-05 9.90877e-01 1.03685e-16 5.01380e-03 
7190.00 1.32908e-05 9.90929e-01 1.03936e-16 4.95461e-03 
7195.84 1.33091e-05 9.90951e-01 1.04027e-16 4.96992e-03 
7206.23 1.34480e-05 9.90990e-01 1.04158e-16 5.03559e-03 
7210.00 1.34909e-05 9.91004e-01 1.04196e-16 5.05621e-03 
7214.83 1.35158e-05 9.91022e-01 1.04237e-16 5.07101e-03 
7230.00 1.34799e-05 9.91075e-01 1.04310e-16 5.07203e-03 
7233.83 1.34743e-05 9.91087e-01 1.04315e-16 5.07293e-03 
7242.26 1.34825e-05 9.91110e-01 1.04309e-16 5.08172e-03 
7250.00 1.35031e-05 9.91127e-01 1.04280e-16 5.09361e-03 
7252.84 1.35108e-05 9.91132e-01 1.04265e-16 5.09779e-03 
7270.00 1.34401e-05 9.91175e-01 1.04109e-16 5.07573e-03 
7271.87 1.34091e-05 9.91182e-01 1.04086e-16 5.06424e-03 
7278.47 1.32729e-05 9.91210e-01 1.03995e-16 5.01310e-03 
7290.00 1.30930e-05 9.91281e-01 1.03799e-16 4.94403e-03 
7290.92 1.30902e-05 9.91287e-01 1.03782e-16 4.94277e-03 
7309.98 1.32599e-05 9.91433e-01 1.03355e-16 5.00004e-03 
7310.00 1.32601e-05 9.91434e-01 1.03354e-16 5.00008e-03 
7314.86 1.32676e-05 9.91470e-01 1.03226e-16 5.00021e-03 
7329.05 1.31849e-05 9.91564e-01 1.02808e-16 4.95900e-03 
7330.00 1.31802e-05 9.91570e-01 1.02778e-16 4.95645e-03 
7348.14 1.31923e-05 9.91672e-01 1.02145e-16 4.94317e-03 
7350.00 1.31987e-05 9.91682e-01 1.02074e-16 4.94346e-03 
7351.43 1.32036e-05 9.91690e-01 1.02019e-16 4.94361e-03 
7367.24 1.32014e-05 9.91774e-01 1.01370e-16 4.92231e-03 
7370.00 1.31804e-05 9.91788e-01 1.01249e-16 4.91052e-03 
7386.36 1.29293e-05 9.91871e-01 1.00486e-16 4.79172e-03 
7388.19 1.28975e-05 9.91880e-01 1.00396e-16 4.77685e-03 
7390.00 1.28673e-05 9.91889e-01 1.00306e-16 4.76262e-03 
7405.49 1.26985e-05 9.91962e-01 9.94989e-17 4.67241e-03 
7410.00 1.26903e-05 9.91982e-01 9.92514e-17 4.66072e-03 
7424.63 1.27728e-05 9.92048e-01 9.84125e-17 4.66086e-03 
7425.13 1.27762e-05 9.92050e-01 9.83827e-17 4.66102e-03 
7430.00 1.28019e-05 9.92071e-01 9.80908e-17 4.65968e-03 
7443.79 1.27999e-05 9.92132e-01 9.72319e-17 4.62702e-03 
7450.00 1.27998e-05 9.92158e-01 9.68299e-17 4.61184e-03 
7462.26 1.28470e-05 9.92210e-01 9.60102e-17 4.59746e-03 
7462.96 1.28495e-05 9.92213e-01 9.59622e-17 4.59649e-03 
7470.00 1.28564e-05 9.92242e-01 9.54749e-17 4.58005e-03 
7482.15 1.27766e-05 9.92291e-01 9.46085e-17 4.51787e-03 
7490.00 1.27188e-05 9.92322e-01 9.40319e-17 4.47487e-03 
7499.57 1.26988e-05 9.92360e-01 9.33122e-17 4.43947e-03 
7501.35 1.26994e-05 9.92367e-01 9.31762e-17 4.43428e-03 
7510.00 1.27042e-05 9.92401e-01 9.25072e-17 4.40934e-03 
7520.57 1.26921e-05 9.92444e-01 9.16709e-17 4.37165e-03 
7530.00 1.26831e-05 9.92482e-01 9.09072e-17 4.33774e-03 
7537.07 1.26893e-05 9.92510e-01 9.03250e-17 4.31624e-03 
7539.80 1.26921e-05 9.92521e-01 9.00979e-17 4.30795e-03 
7550.00 1.26805e-05 9.92562e-01 8.92383e-17 4.26890e-03 
7559.04 1.26218e-05 9.92598e-01 8.84629e-17 4.21742e-03 
7570.00 1.25428e-05 9.92642e-01 8.75069e-17 4.15193e-03 
7574.75 1.25253e-05 9.92660e-01 8.70869e-17 4.12890e-03 
7578.30 1.25183e-05 9.92674e-01 8.67713e-17 4.11361e-03 
7590.00 1.24981e-05 9.92717e-01 8.57193e-17 4.06360e-03 
7597.58 1.24638e-05 9.92745e-01 8.50288e-17 4.02396e-03 
7610.00 1.24089e-05 9.92790e-01 8.38818e-17 3.95882e-03 
7612.63 1.24050e-05 9.92800e-01 8.36371e-17 3.94745e-03 
7616.86 1.24057e-05 9.92815e-01 8.32408e-17 3.93121e-03 
7630.00 1.24353e-05 9.92864e-01 8.20006e-17 3.88876e-03 
7636.17 1.24458e-05 9.92886e-01 8.14127e-17 3.86736e-03 
7650.00 1.23644e-05 9.92937e-01 8.00819e-17 3.78629e-03 
7650.69 1.23540e-05 9.92940e-01 8.00151e-17 3.78029e-03 
7655.48 1.22666e-05 9.92958e-01 7.95499e-17 3.73413e-03 
7670.00 1.20506e-05 9.93012e-01 7.81315e-17 3.61000e-03 
7674.82 1.20696e-05 9.93029e-01 7.76577e-17 3.59611e-03 
7688.94 1.22333e-05 9.93080e-01 7.62601e-17 3.58603e-03 
7690.00 1.22381e-05 9.93084e-01 7.61552e-17 3.58301e-03 
7694.16 1.22341e-05 9.93098e-01 7.57411e-17 3.56436e-03 
7710.00 1.20899e-05 9.93152e-01 7.41586e-17 3.45603e-03 
7713.52 1.20780e-05 9.93164e-01 7.38051e-17 3.43779e-03 
7727.39 1.20888e-05 9.93210e-01 7.24104e-17 3.38205e-03 
7730.00 1.20814e-05 9.93219e-01 7.21471e-17 3.36886e-03 
7732.90 1.20637e-05 9.93229e-01 7.18546e-17 3.35159e-03 
7750.00 1.19247e-05 9.93287e-01 7.01259e-17 3.24060e-03 
7752.29 1.19249e-05 9.93294e-01 6.98942e-17 3.23094e-03 
7766.03 1.20169e-05 9.93340e-01 6.85027e-17 3.19684e-03 
7770.00 1.20428e-05 9.93353e-01 6.80999e-17 3.18656e-03 
7771.69 1.20499e-05 9.93358e-01 6.79283e-17 3.18112e-03 
7790.00 1.20228e-05 9.93415e-01 6.60739e-17 3.09475e-03 
7791.11 1.20187e-05 9.93418e-01 6.59613e-17 3.08889e-03 
7804.86 1.19657e-05 9.93460e-01 6.45718e-17 3.01592e-03 
7810.00 1.19378e-05 9.93476e-01 6.40524e-17 2.98669e-03 
7810.55 1.19344e-05 9.93477e-01 6.39972e-17 2.98348e-03 
7830.00 1.17989e-05 9.93536e-01 6.20399e-17 2.86670e-03 
7830.00 1.17989e-05 9.93536e-01 6.20395e-17 2.86668e-03 
7843.88 1.17645e-05 9.93580e-01 6.06498e-17 2.79937e-03 
7849.46 1.17709e-05 9.93598e-01 6.00932e-17 2.77721e-03 
7850.00 1.17721e-05 9.93600e-01 6.00393e-17 2.77520e-03 
7868.94 1.18244e-05 9.93662e-01 5.81604e-17 2.70698e-03 
7870.00 1.18246e-05 9.93666e-01 5.80555e-17 2.70252e-03 
7883.10 1.17832e-05 9.93710e-01 5.67667e-17 2.63777e-03 
7888.43 1.17516e-05 9.93728e-01 5.62448e-17 2.60832e-03 
7890.00 1.17416e-05 9.93733e-01 5.60914e-17 2.59953e-03 
7907.94 1.16014e-05 9.93790e-01 5.43495e-17 2.49453e-03 
7910.00 1.15796e-05 9.93796e-01 5.41505e-17 2.48137e-03 
7922.51 1.14290e-05 9.93830e-01 5.29490e-17 2.39864e-03 
7927.46 1.13774e-05 9.93842e-01 5.24772e-17 2.36805e-03 
7930.00 1.13565e-05 9.93847e-01 5.22355e-17 2.35357e-03 
7947.00 1.13362e-05 9.93883e-01 5.06306e-17 2.28213e-03 
7950.00 1.13520e-05 9.93890e-01 5.03493e-17 2.27350e-03 
7962.13 1.14493e-05 9.93920e-01 4.92206e-17 2.24508e-03 
7966.55 1.14837e-05 9.93933e-01 4.88121e-17 2.23440e-03 
7970.00 1.15046e-05 9.93944e-01 4.84942e-17 2.22487e-03 
7986.11 1.15025e-05 9.94001e-01 4.70238e-17 2.16150e-03 
7990.00 1.14794e-05 9.94015e-01 4.66726e-17 2.14212e-03 
8001.94 1.13773e-05 9.94060e-01 4.56020e-17 2.07757e-03 
8005.70 1.13474e-05 9.94074e-01 4.52676e-17 2.05791e-03 
8010.00 1.13220e-05 9.94089e-01 4.48863e-17 2.03712e-03 
8025.29 1.12986e-05 9.94141e-01 4.35455e-17 1.97606e-03 
8030.00 1.12853e-05 9.94156e-01 4.31372e-17 1.95639e-03 
8041.95 1.12071e-05 9.94190e-01 4.21106e-17 1.89949e-03 
8044.90 1.11904e-05 9.94198e-01 4.18589e-17 1.88604e-03 
8050.00 1.11777e-05 9.94210e-01 4.14267e-17 1.86566e-03 
8064.53 1.12349e-05 9.94246e-01 4.02092e-17 1.82343e-03 
8070.00 1.12321e-05 9.94261e-01 3.97563e-17 1.80369e-03 
8082.16 1.11044e-05 9.94300e-01 3.87609e-17 1.74123e-03 
8084.17 1.10797e-05 9.94307e-01 3.85976e-17 1.73048e-03 
8090.00 1.10270e-05 9.94330e-01 3.81269e-17 1.70252e-03 
8103.83 1.10569e-05 9.94385e-01 3.70252e-17 1.66073e-03 
8110.00 1.10956e-05 9.94406e-01 3.65397e-17 1.64598e-03 
8122.57 1.11273e-05 9.94430e-01 3.55641e-17 1.60913e-03 
8123.50 1.11268e-05 9.94431e-01 3.54928e-17 1.60602e-03 
8130.00 1.11130e-05 9.94429e-01 3.49953e-17 1.58281e-03 
8143.18 1.10517e-05 9.94415e-01 3.40011e-17 1.53182e-03 
8150.00 1.10320e-05 9.94408e-01 3.34942e-17 1.50754e-03 
8162.88 1.10304e-05 9.94419e-01 3.25507e-17 1.46719e-03 
8163.18 1.10296e-05 9.94420e-01 3.25289e-17 1.46616e-03 
8170.00 1.09844e-05 9.94445e-01 3.20370e-17 1.43931e-03 
8182.60 1.07658e-05 9.94518e-01 3.11418e-17 1.37346e-03 
8190.00 1.06580e-05 9.94569e-01 3.06239e-17 1.33837e-03 
8202.33 1.06502e-05 9.94650e-01 2.97749e-17 1.30239e-03 
8204.00 1.06576e-05 9.94660e-01 2.96612e-17 1.29859e-03 
8210.00 1.06792e-05 9.94690e-01 2.92549e-17 1.28438e-03 
8222.07 1.06619e-05 9.94734e-01 2.84500e-17 1.24890e-03 
8230.00 1.06441e-05 9.94752e-01 2.79301e-17 1.22524e-03 
8241.83 1.06680e-05 9.94768e-01 2.71671e-17 1.19617e-03 
8245.02 1.06814e-05 9.94770e-01 2.69644e-17 1.18921e-03 
8250.00 1.07041e-05 9.94773e-01 2.66493e-17 1.17853e-03 
8261.61 1.07488e-05 9.94778e-01 2.59261e-17 1.15296e-03 
8270.00 1.07630e-05 9.94783e-01 2.54123e-17 1.13275e-03 
8281.40 1.07418e-05 9.94799e-01 2.47268e-17 1.10155e-03 
8286.24 1.07156e-05 9.94810e-01 2.44397e-17 1.08676e-03 
8290.00 1.06874e-05 9.94821e-01 2.42187e-17 1.07459e-03 
8301.20 1.05717e-05 9.94862e-01 2.35689e-17 1.03588e-03 
8310.00 1.04833e-05 9.94900e-01 2.30681e-17 1.00650e-03 
8321.02 1.04206e-05 9.94946e-01 2.24520e-17 9.75097e-04 
8327.67 1.04059e-05 9.94970e-01 2.20866e-17 9.58660e-04 
8330.00 1.04038e-05 9.94977e-01 2.19598e-17 9.53234e-04 
8340.86 1.04109e-05 9.95005e-01 2.13756e-17 9.29746e-04 
8350.00 1.04396e-05 9.95021e-01 2.08933e-17 9.12290e-04 
8360.71 1.04836e-05 9.95037e-01 2.03391e-17 8.92992e-04 
8369.31 1.04694e-05 9.95050e-01 1.99025e-17 8.73550e-04 
8370.00 1.04645e-05 9.95051e-01 1.98679e-17 8.71697e-04 
8380.58 1.03386e-05 9.95070e-01 1.93420e-17 8.39484e-04 
8390.00 1.02622e-05 9.95089e-01 1.88828e-17 8.14431e-04 
8400.46 1.03316e-05 9.95113e-01 1.83835e-17 7.99269e-04 
8410.00 1.03896e-05 9.95137e-01 1.79371e-17 7.85153e-04 
8411.16 1.03869e-05 9.95140e-01 1.78836e-17 7.82718e-04 
8420.35 1.02968e-05 9.95164e-01 1.74629e-17 7.58519e-04 
8430.00 1.01884e-05 9.95189e-01 1.70302e-17 7.32792e-04 
8440.26 1.01901e-05 9.95214e-01 1.65794e-17 7.14404e-04 
8450.00 1.02208e-05 9.95234e-01 1.61609e-17 6.99289e-04 
8453.21 1.02162e-05 9.95240e-01 1.60247e-17 6.93350e-04 
8460.19 1.01834e-05 9.95251e-01 1.57322e-17 6.79080e-04 
8470.00 1.01375e-05 9.95263e-01 1.53285e-17 6.59440e-04 
8480.13 1.01273e-05 9.95276e-01 1.49205e-17 6.42019e-04 
8490.00 1.00100e-05 9.95290e-01 1.45319e-17 6.18780e-04 
8495.48 9.84817e-06 9.95300e-01 1.43197e-17 6.00282e-04 
8500.09 9.69873e-06 9.95310e-01 1.41433e-17 5.84211e-04 
8510.00 9.56207e-06 9.95335e-01 1.37701e-17 5.61449e-04 
8520.06 9.83454e-06 9.95363e-01 1.33997e-17 5.62596e-04 
8530.00 9.83429e-06 9.95390e-01 1.30421e-17 5.48222e-04 
8537.96 9.23314e-06 9.95410e-01 1.27617e-17 5.04122e-04 
8540.05 9.04069e-06 9.95415e-01 1.26888e-17 4.90919e-04 
8550.00 8.49502e-06 9.95434e-01 1.23470e-17 4.49393e-04 
8560.05 9.13694e-06 9.95446e-01 1.20097e-17 4.70705e-04 
8570.00 1.00234e-05 9.95452e-01 1.16836e-17 5.02940e-04 
8580.07 1.01259e-05 9.95450e-01 1.13613e-17 4.94646e-04 
8580.65 1.01125e-05 9.95450e-01 1.13430e-17 4.93232e-04 
8590.00 9.83935e-06 9.95441e-01 1.10509e-17 4.68056e-04 
8600.10 9.75161e-06 9.95429e-01 1.07427e-17 4.51469e-04 
8610.00 9.80368e-06 9.95419e-01 1.04480e-17 4.41931e-04 
8620.15 9.82809e-06 9.95418e-01 1.01530e-17 4.31030e-04 
8623.55 9.83620e-06 9.95420e-01 1.00559e-17 4.27428e-04 
8630.00 9.87357e-06 9.95429e-01 9.87374e-18 4.21600e-04 
8640.22 9.95405e-06 9.95455e-01 9.59116e-18 4.13371e-04 
8650.00 9.71924e-06 9.95487e-01 9.32712e-18 3.92966e-04 
8660.29 8.94292e-06 9.95526e-01 9.05620e-18 3.51507e-04 
8666.67 8.53440e-06 9.95550e-01 8.89196e-18 3.29616e-04 
8670.00 8.44982e-06 9.95562e-01 8.80713e-18 3.23365e-04 
8680.39 8.86469e-06 9.95598e-01 8.54719e-18 3.29635e-04 
8690.00 9.49885e-06 9.95626e-01 8.31276e-18 3.43919e-04 
8700.50 9.70387e-06 9.95652e-01 8.06315e-18 3.41212e-04 
8710.00 9.63693e-06 9.95670e-01 7.84303e-18 3.29974e-04 
8710.00 9.63692e-06 9.95670e-01 7.84300e-18 3.29972e-04 
8720.63 9.61546e-06 9.95684e-01 7.60316e-18 3.19563e-04 
8730.00 9.58749e-06 9.95696e-01 7.39695e-18 3.10329e-04 
8740.77 9.45270e-06 9.95719e-01 7.16628e-18 2.96797e-04 
8750.00 9.37437e-06 9.95752e-01 6.97357e-18 2.86735e-04 
8753.55 9.38405e-06 9.95770e-01 6.90070e-18 2.84151e-04 
8760.92 9.45896e-06 9.95814e-01 6.75159e-18 2.80479e-04 
8770.00 9.56344e-06 9.95864e-01 6.57195e-18 2.76332e-04 
8781.09 9.57384e-06 9.95884e-01 6.35821e-18 2.67979e-04 
8790.00 9.49346e-06 9.95834e-01 6.19118e-18 2.58998e-04 
8797.32 9.39266e-06 9.95730e-01 6.05687e-18 2.50872e-04 
8801.28 9.33934e-06 9.95645e-01 5.98524e-18 2.46588e-04 
8810.00 9.26739e-06 9.95399e-01 5.83036e-18 2.38533e-04 
8821.49 9.31670e-06 9.94993e-01 5.63183e-18 2.31844e-04 
8830.00 9.38949e-06 9.94670e-01 5.48861e-18 2.27860e-04 
8841.31 9.41726e-06 9.94270e-01 5.30355e-18 2.21022e-04 
8841.70 9.41598e-06 9.94257e-01 5.29713e-18 2.20732e-04 
8850.00 9.34486e-06 9.94018e-01 5.16509e-18 2.13753e-04 
8861.94 9.13405e-06 9.93767e-01 4.98034e-18 2.01678e-04 
8870.00 9.06073e-06 9.93663e-01 4.85898e-18 1.95342e-04 
8882.19 9.20893e-06 9.93611e-01 4.68064e-18 1.91502e-04 
8885.51 9.26988e-06 9.93620e-01 4.63304e-18 1.90883e-04 
8890.00 9.33967e-06 9.93647e-01 4.56948e-18 1.89782e-04 
8902.45 9.38871e-06 9.93796e-01 4.39727e-18 1.83873e-04 
8910.00 9.34259e-06 9.93921e-01 4.29581e-18 1.78923e-04 
8922.73 9.22033e-06 9.94155e-01 4.12948e-18 1.70026e-04 
8929.94 9.16959e-06 9.94280e-01 4.03799e-18 1.65499e-04 
8930.00 9.16932e-06 9.94281e-01 4.03723e-18 1.65464e-04 
8943.03 9.15985e-06 9.94469e-01 3.87653e-18 1.58976e-04 
8950.00 9.16424e-06 9.94557e-01 3.79301e-18 1.55760e-04 
8963.34 9.14457e-06 9.94718e-01 3.63772e-18 1.49309e-04 
8970.00 9.15436e-06 9.94805e-01 3.56245e-18 1.46498e-04 
8974.59 9.17874e-06 9.94870e-01 3.51140e-18 1.44867e-04 
8983.67 9.20811e-06 9.95014e-01 3.41238e-18 1.41395e-04 
8990.00 9.14963e-06 9.95124e-01 3.34489e-18 1.37830e-04 
9004.01 8.76696e-06 9.95379e-01 3.19985e-18 1.26569e-04 
9010.00 8.66184e-06 9.95487e-01 3.13968e-18 1.22794e-04 
9019.46 8.73277e-06 9.95650e-01 3.04671e-18 1.20280e-04 
9024.37 8.83558e-06 9.95728e-01 2.99948e-18 1.19884e-04 
9030.00 8.95468e-06 9.95812e-01 2.94619e-18 1.19426e-04 
9044.75 9.09305e-06 9.96001e-01 2.81068e-18 1.15904e-04 
9050.00 9.09013e-06 9.96058e-01 2.76383e-18 1.14009e-04 
9064.56 8.98930e-06 9.96190e-01 2.63775e-18 1.07788e-04 
9065.14 8.98294e-06 9.96194e-01 2.63286e-18 1.07520e-04 
9070.00 8.92356e-06 9.96230e-01 2.59203e-18 1.05213e-04 
9085.54 8.72141e-06 9.96317e-01 2.46544e-18 9.79837e-05 
9090.00 8.68942e-06 9.96336e-01 2.43024e-18 9.62793e-05 
9105.97 8.73502e-06 9.96390e-01 2.30791e-18 9.20791e-05 
9109.88 8.76741e-06 9.96400e-01 2.27880e-18 9.12949e-05 
9110.00 8.76842e-06 9.96400e-01 2.27793e-18 9.12718e-05 
9126.40 8.88281e-06 9.96436e-01 2.15973e-18 8.78256e-05 
9130.00 8.88956e-06 9.96442e-01 2.13460e-18 8.69046e-05 
9146.86 8.81523e-06 9.96473e-01 2.02040e-18 8.17208e-05 
9150.00 8.79505e-06 9.96479e-01 1.99976e-18 8.07290e-05 
9155.43 8.76521e-06 9.96490e-01 1.96455e-18 7.90863e-05 
9167.33 8.73155e-06 9.96517e-01 1.88947e-18 7.58719e-05 
9170.00 8.73137e-06 9.96524e-01 1.87297e-18 7.52305e-05 
9187.81 8.74551e-06 9.96568e-01 1.76646e-18 7.12084e-05 
9190.00 8.73787e-06 9.96574e-01 1.75378e-18 7.06528e-05 
9201.21 8.63635e-06 9.96600e-01 1.69015e-18 6.73820e-05 
9208.31 8.53140e-06 9.96615e-01 1.65095e-18 6.50706e-05 
9210.00 8.50345e-06 9.96618e-01 1.64177e-18 6.45089e-05 
9228.83 8.24451e-06 9.96652e-01 1.54252e-18 5.88856e-05 
9230.00 8.24007e-06 9.96654e-01 1.53655e-18 5.86337e-05 
9247.21 8.35262e-06 9.96680e-01 1.45113e-18 5.62364e-05 
9249.36 8.37497e-06 9.96683e-01 1.44078e-18 5.59982e-05 
9250.00 8.38130e-06 9.96684e-01 1.43774e-18 5.59260e-05 
9269.91 8.49426e-06 9.96714e-01 1.34536e-18 5.31537e-05 
9270.00 8.49441e-06 9.96714e-01 1.34497e-18 5.31396e-05 
9290.00 8.49443e-06 9.96745e-01 1.25790e-18 4.98085e-05 
9290.48 8.49472e-06 9.96745e-01 1.25589e-18 4.97332e-05 
9293.45 8.49775e-06 9.96750e-01 1.24343e-18 4.92733e-05 
9310.00 8.51456e-06 9.96776e-01 1.17621e-18 4.67863e-05 
9311.06 8.51344e-06 9.96777e-01 1.17203e-18 4.66193e-05 
9330.00 8.45599e-06 9.96806e-01 1.09959e-18 4.35323e-05 
9331.66 8.45139e-06 9.96808e-01 1.09347e-18 4.32741e-05 
9339.92 8.43351e-06 9.96820e-01 1.06338e-18 4.20321e-05 
9350.00 8.41006e-06 9.96834e-01 1.02775e-18 4.05548e-05 
9352.27 8.40262e-06 9.96837e-01 1.01989e-18 4.02190e-05 
9370.00 8.36272e-06 9.96859e-01 9.60396e-19 3.77654e-05 
9372.90 8.36846e-06 9.96863e-01 9.50999e-19 3.74333e-05 
9386.62 8.36921e-06 9.96880e-01 9.07666e-19 3.57838e-05 
9390.00 8.33657e-06 9.96884e-01 8.97279e-19 3.52491e-05 
9393.54 8.27994e-06 9.96889e-01 8.86525e-19 3.46033e-05 
9410.00 8.00863e-06 9.96911e-01 8.38145e-19 3.16990e-05 
9414.20 8.02049e-06 9.96916e-01 8.26204e-19 3.13079e-05 
9430.00 8.20795e-06 9.96936e-01 7.82756e-19 3.04063e-05 
9433.55 8.21234e-06 9.96940e-01 7.73297e-19 3.00663e-05 
9434.88 8.20829e-06 9.96941e-01 7.69787e-19 2.99194e-05 
9450.00 8.10274e-06 9.96957e-01 7.30890e-19 2.80877e-05 
9455.57 8.10841e-06 9.96962e-01 7.17039e-19 2.75911e-05 
9470.00 8.20329e-06 9.96973e-01 6.82335e-19 2.66037e-05 
9476.28 8.22133e-06 9.96977e-01 6.67737e-19 2.61093e-05 
9480.72 8.22032e-06 9.96980e-01 6.57605e-19 2.57220e-05 
9490.00 8.19517e-06 9.96985e-01 6.36891e-19 2.48600e-05 
9497.01 8.16794e-06 9.96988e-01 6.21672e-19 2.42032e-05 
9510.00 8.13165e-06 9.96995e-01 5.94368e-19 2.30691e-05 
9517.75 8.12686e-06 9.97001e-01 5.78643e-19 2.24640e-05 
9528.12 8.06915e-06 9.97010e-01 5.58212e-19 2.15405e-05 
9530.00 8.04419e-06 9.97012e-01 5.54589e-19 2.13388e-05 
9538.50 7.87811e-06 9.97022e-01 5.38463e-19 2.03089e-05 
9550.00 7.71090e-06 9.97037e-01 5.17386e-19 1.91231e-05 
9559.28 7.78690e-06 9.97048e-01 5.00956e-19 1.87167e-05 
9570.00 7.96426e-06 9.97057e-01 4.82599e-19 1.84624e-05 
9575.76 8.01779e-06 9.97060e-01 4.73002e-19 1.82278e-05 
9580.07 8.03366e-06 9.97061e-01 4.65953e-19 1.79998e-05 
9590.00 8.02054e-06 9.97058e-01 4.50078e-19 1.73762e-05 
9600.87 7.97475e-06 9.97052e-01 4.33297e-19 1.66516e-05 
9610.00 7.93093e-06 9.97046e-01 4.19683e-19 1.60549e-05 
9621.70 7.88319e-06 9.97040e-01 4.02839e-19 1.53363e-05 
9623.64 7.87671e-06 9.97040e-01 4.00102e-19 1.52227e-05 
9630.00 7.85897e-06 9.97039e-01 3.91281e-19 1.48633e-05 
9642.54 7.83569e-06 9.97039e-01 3.74440e-19 1.41999e-05 
9650.00 7.81927e-06 9.97037e-01 3.64747e-19 1.38140e-05 
9663.39 7.78006e-06 9.97021e-01 3.47967e-19 1.31304e-05 
9670.00 7.77475e-06 9.97005e-01 3.39963e-19 1.28282e-05 
9671.76 7.77675e-06 9.97000e-01 3.37862e-19 1.27544e-05 
9684.26 7.81354e-06 9.96948e-01 3.23297e-19 1.22776e-05 
9690.00 7.82552e-06 9.96919e-01 3.16818e-19 1.20567e-05 
9705.15 7.80272e-06 9.96835e-01 3.00314e-19 1.14122e-05 
9710.00 7.79217e-06 9.96809e-01 2.95207e-19 1.12083e-05 
9720.12 7.78209e-06 9.96760e-01 2.84827e-19 1.08109e-05 
9726.05 7.77528e-06 9.96737e-01 2.78907e-19 1.05832e-05 
9730.00 7.76642e-06 9.96725e-01 2.75034e-19 1.04284e-05 
9746.97 7.68954e-06 9.96711e-01 2.58973e-19 9.73905e-06 
9750.00 7.67591e-06 9.96716e-01 2.56205e-19 9.62094e-06 
9767.91 7.66600e-06 9.96813e-01 2.40416e-19 9.03380e-06 
9768.72 7.67004e-06 9.96820e-01 2.39724e-19 9.01337e-06 
9770.00 7.67748e-06 9.96832e-01 2.38636e-19 8.98242e-06 
9788.86 7.97626e-06 9.97101e-01 2.23145e-19 8.74545e-06 
