##### EXOPHOT SPECTRAL OVERLAP FILE #####
# Date: 01/12/2021 13:14:55
# SED file: SED_g2v.txt
# atmosphere file: atm_g2v_hzi_os4.txt
# photopigment file: phot2f.txt
# Stellar radius (Rs in km): 6.963400e+05
# Exoplanet orbit semi-major axis (sma in km): 1.070123e+08
# Total absorption rate (gamma_t in s-1): 1.85407e+01
# B band absorption rate (gamma_B in s-1): 3.46929e+00
# Q band absorption rate (gamma_Q in s-1): 1.50714e+01
# B-Q bands cut-off (in nm): 500
# photosynthetic photon flux density [ppfd in micromol photon m-2 s-1]: 4.48002e+03
# Total Stellar Irradiance (S in W m-2): 2.62457e+03
# -------------------------------------------------
# Col 1: Wavelength (wl in Angstrom) 
# Col 2: Spectral Flux Density (F_l in J cm-2 s-1 A-1) 
# Col 3: Atmosphere transmitance (T, no units) 
# Col 4: Pigment absorption cross section (sigma_abs in cm-2) 
# Col 5: Spectral Absorption Rate (Gamma_lambda in A-1 s-1)
2507.89 1.18990e-06 5.47114e-01 4.09003e-27 3.36161e-15 
2513.00 7.20367e-07 5.49751e-01 1.09992e-26 5.51055e-15 
2515.76 5.77312e-07 5.51170e-01 1.32518e-26 5.34026e-15 
2518.00 5.09218e-07 5.52321e-01 1.50183e-26 5.35423e-15 
2523.54 4.91536e-07 5.55158e-01 2.19287e-26 7.60184e-15 
2525.00 5.15282e-07 5.55902e-01 2.49277e-26 9.07632e-15 
2528.34 5.96549e-07 5.57600e-01 3.46583e-26 1.46735e-14 
2535.00 7.15489e-07 5.60974e-01 7.07216e-26 3.62243e-14 
2539.21 6.86872e-07 5.63092e-01 1.08906e-25 5.38428e-14 
2540.98 6.97928e-07 5.63980e-01 1.29494e-25 6.52003e-14 
2545.00 9.18208e-07 5.65989e-01 1.91703e-25 1.27641e-13 
2553.68 2.13503e-06 5.70300e-01 4.48395e-25 7.01874e-13 
2554.88 2.21681e-06 5.70894e-01 5.02171e-25 8.17391e-13 
2555.00 2.22178e-06 5.70951e-01 5.07625e-25 8.28242e-13 
2565.00 1.87982e-06 5.75870e-01 1.29123e-24 1.80491e-12 
2566.45 1.94933e-06 5.76580e-01 1.47875e-24 2.14731e-12 
2570.57 2.39523e-06 5.78587e-01 2.15475e-24 3.86424e-12 
2575.00 2.84961e-06 5.80733e-01 3.18911e-24 6.84119e-12 
2579.28 2.85795e-06 5.82800e-01 4.67141e-24 1.01029e-11 
2585.00 2.53231e-06 5.85545e-01 7.73259e-24 1.49206e-11 
2586.27 2.47352e-06 5.86152e-01 8.62225e-24 1.62758e-11 
2592.18 2.30527e-06 5.88970e-01 1.41998e-23 2.51585e-11 
2595.00 2.22019e-06 5.90308e-01 1.80291e-23 3.08677e-11 
2601.98 1.87087e-06 5.93598e-01 3.22431e-23 4.69030e-11 
2605.00 1.72809e-06 5.95014e-01 4.11128e-23 5.54371e-11 
2605.14 1.72250e-06 5.95080e-01 4.15804e-23 5.58955e-11 
2615.00 1.56465e-06 5.99658e-01 9.14863e-23 1.12998e-10 
2617.70 1.58657e-06 6.00903e-01 1.12909e-22 1.41851e-10 
2618.17 1.59738e-06 6.01120e-01 1.17070e-22 1.48161e-10 
2625.00 2.29914e-06 6.04262e-01 1.97055e-22 3.61769e-10 
2631.26 4.04533e-06 6.07120e-01 3.16072e-22 1.02825e-09 
2633.43 4.65074e-06 6.08104e-01 3.70974e-22 1.39087e-09 
2635.00 5.01118e-06 6.08817e-01 4.16021e-22 1.68363e-09 
2644.41 6.63110e-06 6.13050e-01 8.19569e-22 4.43527e-09 
2645.00 6.82365e-06 6.13312e-01 8.54537e-22 4.76187e-09 
2649.17 8.61164e-06 6.15174e-01 1.14580e-21 8.09518e-09 
2655.00 9.98980e-06 6.17765e-01 1.70964e-21 1.41017e-08 
2657.64 9.25030e-06 6.18930e-01 2.04583e-21 1.56706e-08 
2664.92 5.66203e-06 6.22124e-01 3.33295e-21 1.57502e-08 
2665.00 5.63700e-06 6.22160e-01 3.35099e-21 1.57668e-08 
2670.92 5.56603e-06 6.24740e-01 4.92180e-21 2.30120e-08 
2675.00 6.66834e-06 6.26509e-01 6.39341e-21 3.59687e-08 
2680.68 8.10216e-06 6.28963e-01 9.14685e-21 6.29022e-08 
2684.28 8.24709e-06 6.30510e-01 1.14146e-20 8.02052e-08 
2685.00 8.15790e-06 6.30819e-01 1.19286e-20 8.29737e-08 
2695.00 5.44566e-06 6.35071e-01 2.17825e-20 1.02202e-07 
2696.45 5.48611e-06 6.35684e-01 2.37240e-20 1.12308e-07 
2697.70 5.66222e-06 6.36210e-01 2.55164e-20 1.24832e-07 
2705.00 7.12513e-06 6.39274e-01 3.88172e-20 2.40766e-07 
2711.19 5.95769e-06 6.41850e-01 5.49769e-20 2.86929e-07 
2712.24 5.60202e-06 6.42283e-01 5.82511e-20 2.86171e-07 
2715.00 4.65830e-06 6.43425e-01 6.77713e-20 2.77628e-07 
2724.74 3.19232e-06 6.47430e-01 1.14239e-19 3.23863e-07 
2725.00 3.20982e-06 6.47535e-01 1.15783e-19 3.30126e-07 
2728.03 3.61850e-06 6.48778e-01 1.35619e-19 4.37240e-07 
2735.00 4.37698e-06 6.51611e-01 1.93564e-19 7.60097e-07 
2738.37 3.79720e-06 6.52950e-01 2.29153e-19 7.83222e-07 
2743.83 2.41111e-06 6.55068e-01 2.99864e-19 6.54197e-07 
2745.00 2.24190e-06 6.55514e-01 3.17286e-19 6.44339e-07 
2752.06 2.80122e-06 6.58220e-01 4.44014e-19 1.13422e-06 
2755.00 3.38661e-06 6.59363e-01 5.09355e-19 1.57745e-06 
2759.65 4.15309e-06 6.61190e-01 6.30622e-19 2.40571e-06 
2765.00 4.77991e-06 6.63298e-01 8.01740e-19 3.53818e-06 
2765.82 4.85781e-06 6.63620e-01 8.31415e-19 3.73186e-06 
2775.00 4.86362e-06 6.67184e-01 1.23808e-18 5.61227e-06 
2775.47 4.79230e-06 6.67367e-01 1.26328e-18 5.64505e-06 
2779.65 3.86739e-06 6.68970e-01 1.50508e-18 5.44874e-06 
2785.00 2.44368e-06 6.71015e-01 1.87508e-18 4.31066e-06 
2791.31 1.34772e-06 6.73414e-01 2.41397e-18 3.07855e-06 
2793.55 1.11886e-06 6.74260e-01 2.63509e-18 2.79562e-06 
2795.00 1.00457e-06 6.74808e-01 2.78800e-18 2.65924e-06 
2805.00 1.26785e-06 6.78555e-01 4.07016e-18 4.94450e-06 
2807.16 1.70443e-06 6.79358e-01 4.40629e-18 7.21011e-06 
2807.52 1.79018e-06 6.79490e-01 4.46397e-18 7.67443e-06 
2815.00 4.13152e-06 6.82251e-01 5.83588e-18 2.33111e-05 
2821.55 6.16294e-06 6.84650e-01 7.32066e-18 4.38751e-05 
2823.02 6.47785e-06 6.85184e-01 7.69319e-18 4.85268e-05 
2825.00 6.76852e-06 6.85906e-01 8.22270e-18 5.42894e-05 
2835.00 5.89106e-06 6.89523e-01 1.13871e-17 6.60133e-05 
2835.66 5.73846e-06 6.89760e-01 1.16279e-17 6.57013e-05 
2838.89 4.90553e-06 6.90914e-01 1.28647e-17 6.23134e-05 
2845.00 3.11641e-06 6.93088e-01 1.55057e-17 4.79667e-05 
2849.84 1.84949e-06 6.94800e-01 1.78972e-17 3.29944e-05 
2854.77 1.44976e-06 6.96539e-01 2.06304e-17 2.99395e-05 
2855.00 1.46711e-06 6.96621e-01 2.07674e-17 3.05049e-05 
2864.09 4.38465e-06 6.99800e-01 2.67051e-17 1.18144e-04 
2865.00 4.81315e-06 7.00116e-01 2.73671e-17 1.33007e-04 
2870.66 7.30276e-06 7.02065e-01 3.17666e-17 2.35364e-04 
2875.00 8.30347e-06 7.03549e-01 3.54957e-17 3.00117e-04 
2878.41 8.16613e-06 7.04710e-01 3.86480e-17 3.22277e-04 
2885.00 7.41674e-06 7.06945e-01 4.53264e-17 3.45159e-04 
2886.56 7.51676e-06 7.07472e-01 4.70233e-17 3.63376e-04 
2892.80 9.07888e-06 7.09570e-01 5.42730e-17 5.09158e-04 
2895.00 9.82772e-06 7.10305e-01 5.70051e-17 5.79940e-04 
2902.47 1.20783e-05 7.12788e-01 6.69967e-17 8.42770e-04 
2907.27 1.30436e-05 7.14370e-01 7.39893e-17 1.00901e-03 
2910.00 1.33517e-05 7.15270e-01 7.81842e-17 1.09381e-03 
2918.40 1.31693e-05 7.18017e-01 9.19817e-17 1.27781e-03 
2921.80 1.27845e-05 7.19120e-01 9.79697e-17 1.32480e-03 
2930.00 1.17404e-05 7.21748e-01 1.13271e-16 1.41572e-03 
2934.33 1.13710e-05 7.23128e-01 1.21832e-16 1.47981e-03 
2936.41 1.12533e-05 7.23790e-01 1.26057e-16 1.51775e-03 
2950.00 1.11598e-05 7.28098e-01 1.55245e-16 1.87331e-03 
2950.28 1.11660e-05 7.28185e-01 1.55861e-16 1.88219e-03 
2951.09 1.11854e-05 7.28440e-01 1.57697e-16 1.90887e-03 
2965.85 1.16452e-05 7.32970e-01 1.91907e-16 2.44565e-03 
2966.23 1.16557e-05 7.33086e-01 1.92816e-16 2.46017e-03 
2970.00 1.17424e-05 7.34229e-01 2.01785e-16 2.60111e-03 
2980.68 1.17921e-05 7.37450e-01 2.27313e-16 2.96610e-03 
2982.20 1.17791e-05 7.37906e-01 2.30938e-16 3.01349e-03 
2990.00 1.16569e-05 7.40239e-01 2.49355e-16 3.23866e-03 
2995.58 1.15381e-05 7.41900e-01 2.62245e-16 3.38525e-03 
2998.18 1.14910e-05 7.42671e-01 2.68129e-16 3.45365e-03 
3010.00 1.15609e-05 7.46148e-01 2.93734e-16 3.83939e-03 
3010.56 1.15824e-05 7.46310e-01 2.94886e-16 3.86315e-03 
3014.16 1.17638e-05 7.47349e-01 3.02181e-16 4.03116e-03 
3025.61 1.25520e-05 7.50600e-01 3.23468e-16 4.64184e-03 
3030.00 1.27990e-05 7.51839e-01 3.30787e-16 4.85529e-03 
3030.16 1.28064e-05 7.51886e-01 3.31052e-16 4.86255e-03 
3040.74 1.30711e-05 7.54860e-01 3.46472e-16 5.23299e-03 
3046.18 1.31791e-05 7.56377e-01 3.53133e-16 5.39810e-03 
3050.00 1.33107e-05 7.57437e-01 3.57277e-16 5.53065e-03 
3055.94 1.36381e-05 7.59070e-01 3.62815e-16 5.77816e-03 
3062.20 1.39848e-05 7.60769e-01 3.67449e-16 6.02644e-03 
3070.00 1.40833e-05 7.62864e-01 3.71509e-16 6.16854e-03 
3071.22 1.40400e-05 7.63190e-01 3.71975e-16 6.16237e-03 
3078.23 1.35649e-05 7.65053e-01 3.73776e-16 6.01097e-03 
3086.58 1.30504e-05 7.67260e-01 3.74052e-16 5.81969e-03 
3090.00 1.30535e-05 7.68162e-01 3.73611e-16 5.82750e-03 
3094.27 1.33269e-05 7.69284e-01 3.72635e-16 5.95090e-03 
3102.01 1.42458e-05 7.71300e-01 3.69741e-16 6.34416e-03 
3110.00 1.50379e-05 7.73349e-01 3.65396e-16 6.65292e-03 
3110.33 1.50544e-05 7.73433e-01 3.65192e-16 6.65787e-03 
3117.52 1.50415e-05 7.75260e-01 3.60231e-16 6.59253e-03 
3126.39 1.44065e-05 7.77497e-01 3.53064e-16 6.22412e-03 
3130.00 1.40910e-05 7.78391e-01 3.49885e-16 6.04692e-03 
3133.11 1.38409e-05 7.79150e-01 3.47046e-16 5.90297e-03 
3142.47 1.33695e-05 7.81368e-01 3.38092e-16 5.58727e-03 
3148.77 1.34307e-05 7.82840e-01 3.31850e-16 5.53066e-03 
3150.00 1.34897e-05 7.83127e-01 3.30628e-16 5.53870e-03 
3158.56 1.42179e-05 7.85146e-01 3.22102e-16 5.71731e-03 
3164.52 1.46946e-05 7.86560e-01 3.16255e-16 5.82316e-03 
3170.00 1.47776e-05 7.87861e-01 3.11016e-16 5.77854e-03 
3174.66 1.44436e-05 7.88963e-01 3.06706e-16 5.58565e-03 
3180.34 1.37688e-05 7.90300e-01 3.01661e-16 5.25539e-03 
3190.00 1.30600e-05 7.92545e-01 2.93742e-16 4.88253e-03 
3190.77 1.30751e-05 7.92721e-01 2.93153e-16 4.88066e-03 
3196.24 1.34936e-05 7.93980e-01 2.89125e-16 4.98408e-03 
3206.89 1.45180e-05 7.96404e-01 2.82254e-16 5.26851e-03 
3210.00 1.44882e-05 7.97108e-01 2.80494e-16 5.23460e-03 
3212.22 1.42991e-05 7.97610e-01 2.79306e-16 5.15121e-03 
3223.02 1.24497e-05 8.00025e-01 2.74367e-16 4.43385e-03 
3228.29 1.18883e-05 8.01190e-01 2.72446e-16 4.21726e-03 
3230.00 1.18779e-05 8.01567e-01 2.71887e-16 4.20913e-03 
3239.16 1.34119e-05 8.03563e-01 2.69434e-16 4.73501e-03 
3244.43 1.49943e-05 8.04700e-01 2.68407e-16 5.28952e-03 
3250.00 1.67015e-05 8.05896e-01 2.67597e-16 5.89279e-03 
3255.32 1.80222e-05 8.07030e-01 2.67065e-16 6.36547e-03 
3260.65 1.89881e-05 8.08160e-01 2.66743e-16 6.71891e-03 
3270.00 1.98573e-05 8.10124e-01 2.66605e-16 7.06011e-03 
3271.48 1.99032e-05 8.10433e-01 2.66625e-16 7.08286e-03 
3276.95 1.98899e-05 8.11570e-01 2.66779e-16 7.10399e-03 
3287.66 1.93208e-05 8.13774e-01 2.67340e-16 6.95666e-03 
3290.00 1.91539e-05 8.14252e-01 2.67490e-16 6.90942e-03 
3293.34 1.89174e-05 8.14930e-01 2.67710e-16 6.84237e-03 
3303.84 1.82791e-05 8.17044e-01 2.68382e-16 6.66649e-03 
3309.80 1.80628e-05 8.18230e-01 2.68687e-16 6.61659e-03 
3310.00 1.80583e-05 8.18269e-01 2.68696e-16 6.61583e-03 
3320.04 1.80398e-05 8.20249e-01 2.68955e-16 6.65156e-03 
3326.35 1.81968e-05 8.21480e-01 2.68893e-16 6.73074e-03 
3330.00 1.83268e-05 8.22185e-01 2.68762e-16 6.78876e-03 
3336.25 1.85452e-05 8.23386e-01 2.68349e-16 6.88203e-03 
3342.98 1.84952e-05 8.24670e-01 2.67609e-16 6.86907e-03 
3350.00 1.77305e-05 8.26000e-01 2.66481e-16 6.58165e-03 
3352.47 1.72197e-05 8.26466e-01 2.65990e-16 6.38857e-03 
3359.70 1.53247e-05 8.27820e-01 2.64260e-16 5.67002e-03 
3368.70 1.34596e-05 8.29485e-01 2.61465e-16 4.95040e-03 
3370.00 1.33506e-05 8.29723e-01 2.61003e-16 4.90494e-03 
3376.50 1.35690e-05 8.30910e-01 2.58449e-16 4.95297e-03 
3384.95 1.48772e-05 8.32444e-01 2.54539e-16 5.37162e-03 
3390.00 1.56086e-05 8.33354e-01 2.51882e-16 5.59133e-03 
3393.38 1.58891e-05 8.33960e-01 2.49972e-16 5.65836e-03 
3401.20 1.60235e-05 8.35351e-01 2.45151e-16 5.61844e-03 
3410.00 1.59350e-05 8.36899e-01 2.39077e-16 5.47320e-03 
3410.35 1.59377e-05 8.36960e-01 2.38824e-16 5.46928e-03 
3417.47 1.61559e-05 8.38201e-01 2.33407e-16 5.43775e-03 
3427.40 1.67241e-05 8.39910e-01 2.25182e-16 5.45756e-03 
3430.00 1.68683e-05 8.40353e-01 2.22909e-16 5.45604e-03 
3433.74 1.70448e-05 8.40987e-01 2.19554e-16 5.44019e-03 
3444.54 1.73931e-05 8.42800e-01 2.09387e-16 5.32238e-03 
3450.00 1.75203e-05 8.43713e-01 2.03988e-16 5.23702e-03 
3450.03 1.75210e-05 8.43718e-01 2.03956e-16 5.23649e-03 
3461.76 1.78312e-05 8.45660e-01 1.91901e-16 5.04283e-03 
3466.33 1.80191e-05 8.46407e-01 1.87058e-16 4.97830e-03 
3470.00 1.82171e-05 8.47002e-01 1.83126e-16 4.93592e-03 
3479.07 1.89101e-05 8.48460e-01 1.73272e-16 4.86899e-03 
3482.64 1.92466e-05 8.49031e-01 1.69347e-16 4.85163e-03 
3490.00 2.00101e-05 8.50201e-01 1.61229e-16 4.81906e-03 
3496.46 2.06798e-05 8.51220e-01 1.54083e-16 4.77412e-03 
3498.96 2.08887e-05 8.51612e-01 1.51320e-16 4.74146e-03 
3510.00 2.09635e-05 8.53323e-01 1.39200e-16 4.39993e-03 
3513.95 2.05178e-05 8.53930e-01 1.34911e-16 4.18137e-03 
3515.30 2.03258e-05 8.54137e-01 1.33449e-16 4.09995e-03 
3530.00 1.91994e-05 8.56372e-01 1.17856e-16 3.44351e-03 
3531.51 1.93851e-05 8.56600e-01 1.16287e-16 3.43292e-03 
3531.64 1.94040e-05 8.56619e-01 1.16157e-16 3.43261e-03 
3548.00 2.25199e-05 8.59047e-01 9.97954e-17 3.44827e-03 
3549.17 2.25156e-05 8.59220e-01 9.86634e-17 3.41032e-03 
3550.00 2.24709e-05 8.59341e-01 9.78703e-17 3.37744e-03 
3564.36 1.80106e-05 8.61432e-01 8.46361e-17 2.35619e-03 
3566.92 1.70748e-05 8.61800e-01 8.23927e-17 2.17704e-03 
3570.00 1.61558e-05 8.62243e-01 7.97327e-17 1.99612e-03 
3580.74 1.52965e-05 8.63774e-01 7.08661e-17 1.68782e-03 
3584.75 1.56400e-05 8.64340e-01 6.77208e-17 1.65205e-03 
3590.00 1.63463e-05 8.65075e-01 6.37438e-17 1.62903e-03 
3597.13 1.74202e-05 8.66066e-01 5.85906e-17 1.60071e-03 
3602.68 1.82032e-05 8.66830e-01 5.47851e-17 1.56781e-03 
3610.00 1.90030e-05 8.67832e-01 5.00276e-17 1.49934e-03 
3613.53 1.92443e-05 8.68313e-01 4.78412e-17 1.45424e-03 
3620.69 1.94528e-05 8.69280e-01 4.36247e-17 1.34459e-03 
3629.94 1.92902e-05 8.70518e-01 3.85875e-17 1.18409e-03 
3630.00 1.92881e-05 8.70526e-01 3.85588e-17 1.18311e-03 
3638.79 1.93924e-05 8.71690e-01 3.41951e-17 1.05886e-03 
3640.00 1.95771e-05 8.71849e-01 3.36273e-17 1.05174e-03 
3646.37 2.13447e-05 8.72684e-01 3.07505e-17 1.05144e-03 
3650.00 2.24311e-05 8.73157e-01 2.91988e-17 1.05081e-03 
3656.99 2.35541e-05 8.74060e-01 2.63877e-17 1.00013e-03 
3662.80 2.36527e-05 8.74804e-01 2.42169e-17 9.23947e-04 
3670.00 2.31466e-05 8.75716e-01 2.17333e-17 8.13890e-04 
3675.27 2.26033e-05 8.76380e-01 2.00493e-17 7.34813e-04 
3679.25 2.22241e-05 8.76879e-01 1.88513e-17 6.80439e-04 
3690.00 2.19802e-05 8.78219e-01 1.59078e-17 5.70418e-04 
3693.65 2.23184e-05 8.78670e-01 1.50009e-17 5.46999e-04 
3695.71 2.25701e-05 8.78924e-01 1.45087e-17 5.35466e-04 
3710.00 2.30337e-05 8.80665e-01 1.14556e-17 4.34002e-04 
3712.12 2.25818e-05 8.80920e-01 1.10540e-17 4.10925e-04 
3712.18 2.25665e-05 8.80927e-01 1.10428e-17 4.10238e-04 
3728.66 1.69444e-05 8.82892e-01 8.31388e-18 2.33461e-04 
3730.00 1.66695e-05 8.83050e-01 8.12014e-18 2.24442e-04 
3730.68 1.65591e-05 8.83130e-01 8.02384e-18 2.20371e-04 
3745.15 1.76538e-05 8.84818e-01 6.19308e-18 1.82386e-04 
3749.33 1.86530e-05 8.85300e-01 5.73819e-18 1.78851e-04 
3750.00 1.88187e-05 8.85377e-01 5.66822e-18 1.78286e-04 
3761.65 2.14884e-05 8.86705e-01 4.56558e-18 1.64733e-04 
3768.08 2.25303e-05 8.87430e-01 4.04371e-18 1.53364e-04 
3770.00 2.27452e-05 8.87646e-01 3.89833e-18 1.49374e-04 
3778.17 2.31823e-05 8.88560e-01 3.33179e-18 1.30534e-04 
3786.92 2.33741e-05 8.89530e-01 2.80853e-18 1.11323e-04 
3790.00 2.35297e-05 8.89869e-01 2.64282e-18 1.05578e-04 
3794.70 2.39065e-05 8.90383e-01 2.40745e-18 9.78926e-05 
3805.85 2.38437e-05 8.91590e-01 1.92290e-18 7.83199e-05 
3810.00 2.27954e-05 8.92034e-01 1.76692e-18 6.89118e-05 
3811.23 2.23207e-05 8.92166e-01 1.72282e-18 6.58237e-05 
3824.88 1.51916e-05 8.93610e-01 1.29808e-18 3.39309e-05 
3827.78 1.41522e-05 8.93915e-01 1.22133e-18 2.97730e-05 
3830.00 1.36996e-05 8.94147e-01 1.16551e-18 2.75269e-05 
3844.01 1.66753e-05 8.95600e-01 8.64171e-19 2.49744e-05 
3844.34 1.67948e-05 8.95635e-01 8.57894e-19 2.49738e-05 
3850.00 1.84564e-05 8.96213e-01 7.58866e-19 2.43281e-05 
3860.92 1.87758e-05 8.97318e-01 5.97237e-19 1.95572e-05 
3863.23 1.85642e-05 8.97550e-01 5.67453e-19 1.83882e-05 
3870.00 1.80158e-05 8.98228e-01 4.87932e-19 1.53828e-05 
3877.50 1.82451e-05 8.98973e-01 4.12166e-19 1.31960e-05 
3882.54 1.90296e-05 8.99470e-01 3.67605e-19 1.22981e-05 
3890.00 2.11770e-05 9.00198e-01 3.09952e-19 1.15710e-05 
3894.10 2.28107e-05 9.00594e-01 2.82038e-19 1.13581e-05 
3901.96 2.54804e-05 9.01350e-01 2.34990e-19 1.06012e-05 
3910.00 2.50062e-05 9.02117e-01 1.94604e-19 8.64094e-06 
3910.70 2.47085e-05 9.02184e-01 1.91403e-19 8.39981e-06 
3921.46 1.70199e-05 9.03200e-01 1.48261e-19 4.49926e-06 
3927.32 1.36488e-05 9.03748e-01 1.28852e-19 3.14233e-06 
3930.00 1.31590e-05 9.03997e-01 1.20806e-19 2.84312e-06 
3941.07 1.83227e-05 9.05020e-01 9.23441e-20 3.03805e-06 
3943.95 2.01794e-05 9.05284e-01 8.60654e-20 3.12160e-06 
3950.00 2.23890e-05 9.05836e-01 7.41799e-20 2.99152e-06 
3960.59 1.84043e-05 9.06794e-01 5.70494e-20 1.89829e-06 
3960.78 1.83018e-05 9.06810e-01 5.67902e-20 1.87926e-06 
3970.00 1.54497e-05 9.07631e-01 4.50741e-20 1.26320e-06 
3977.25 1.92461e-05 9.08269e-01 3.75360e-20 1.31375e-06 
3980.58 2.22252e-05 9.08560e-01 3.44898e-20 1.39560e-06 
3990.00 3.04201e-05 9.09378e-01 2.71136e-20 1.50657e-06 
3993.91 3.22865e-05 9.09715e-01 2.45192e-20 1.44795e-06 
4000.48 3.32949e-05 9.10280e-01 2.06898e-20 1.26283e-06 
4010.00 3.25538e-05 9.11094e-01 1.61517e-20 9.67055e-07 
4010.59 3.25037e-05 9.11144e-01 1.59042e-20 9.50965e-07 
4020.49 3.21769e-05 9.11980e-01 1.22625e-20 7.28299e-07 
4027.28 3.22035e-05 9.12546e-01 1.02459e-20 6.10442e-07 
4030.00 3.21922e-05 9.12771e-01 9.53121e-21 5.68184e-07 
4040.59 3.17771e-05 9.13640e-01 7.18213e-21 4.24142e-07 
4043.98 3.15208e-05 9.13916e-01 6.55696e-21 3.84537e-07 
4050.00 3.09259e-05 9.14404e-01 5.57354e-21 3.21343e-07 
4060.69 2.97888e-05 9.15262e-01 4.16916e-21 2.32364e-07 
4060.79 2.97820e-05 9.15270e-01 4.15769e-21 2.31681e-07 
4070.00 2.99621e-05 9.16001e-01 3.23102e-21 1.81688e-07 
4077.41 3.15064e-05 9.16583e-01 2.63430e-21 1.56151e-07 
4081.10 3.24799e-05 9.16870e-01 2.37915e-21 1.45561e-07 
4090.00 3.42632e-05 9.17559e-01 1.85752e-21 1.20238e-07 
4094.15 3.44225e-05 9.17878e-01 1.65437e-21 1.07732e-07 
4101.50 3.38784e-05 9.18440e-01 1.34607e-21 8.64782e-08 
4110.00 3.30079e-05 9.19086e-01 1.05935e-21 6.64934e-08 
4110.90 3.29568e-05 9.19154e-01 1.03282e-21 6.47466e-08 
4122.01 3.30443e-05 9.19990e-01 7.53200e-22 4.75141e-08 
4127.66 3.32745e-05 9.20411e-01 6.41083e-22 4.07976e-08 
4130.00 3.33371e-05 9.20585e-01 5.99449e-22 3.82488e-08 
4142.62 3.32258e-05 9.21510e-01 4.16918e-22 2.66210e-08 
4144.43 3.31995e-05 9.21641e-01 3.95713e-22 2.52616e-08 
4150.00 3.32046e-05 9.22041e-01 3.36677e-22 2.15344e-08 
4161.21 3.36133e-05 9.22839e-01 2.42944e-22 1.57865e-08 
4163.33 3.36691e-05 9.22990e-01 2.28315e-22 1.48705e-08 
4170.00 3.35859e-05 9.23464e-01 1.87764e-22 1.22250e-08 
4178.00 3.28362e-05 9.24030e-01 1.48388e-22 9.46957e-09 
4184.15 3.21360e-05 9.24460e-01 1.23737e-22 7.74303e-09 
4190.00 3.17368e-05 9.24864e-01 1.04043e-22 6.44156e-09 
4194.81 3.17699e-05 9.25194e-01 9.02082e-23 5.59926e-09 
4205.07 3.23068e-05 9.25890e-01 6.64386e-23 4.20697e-09 
4210.00 3.23783e-05 9.26223e-01 5.73494e-23 3.64505e-09 
4211.63 3.23283e-05 9.26333e-01 5.46323e-23 3.46875e-09 
4226.10 3.11026e-05 9.27300e-01 3.54485e-23 2.17509e-09 
4228.45 3.09627e-05 9.27456e-01 3.30405e-23 2.01968e-09 
4230.00 3.09094e-05 9.27558e-01 3.15528e-23 1.92634e-09 
4245.30 3.14257e-05 9.28555e-01 2.00825e-23 1.25240e-09 
4247.23 3.14618e-05 9.28680e-01 1.89862e-23 1.18609e-09 
4250.00 3.14326e-05 9.28859e-01 1.75229e-23 1.09458e-09 
4262.15 3.02323e-05 9.29639e-01 1.24776e-23 7.52433e-10 
4268.46 2.94273e-05 9.30040e-01 1.05747e-23 6.21894e-10 
4270.00 2.92648e-05 9.30137e-01 1.01737e-23 5.95282e-10 
4279.01 2.85284e-05 9.30702e-01 8.25685e-24 4.72248e-10 
4289.80 2.66743e-05 9.31370e-01 6.78604e-24 3.64077e-10 
4290.00 2.66168e-05 9.31382e-01 6.76665e-24 3.62275e-10 
4295.89 2.45509e-05 9.31744e-01 6.29471e-24 3.11398e-10 
4310.00 2.21824e-05 9.32604e-01 5.96685e-24 2.67825e-10 
4311.25 2.25205e-05 9.32680e-01 5.99000e-24 2.73063e-10 
4312.78 2.30815e-05 9.32772e-01 6.02932e-24 2.81830e-10 
4329.68 3.22515e-05 9.33785e-01 7.30973e-24 4.79819e-10 
4330.00 3.23424e-05 9.33804e-01 7.34979e-24 4.83854e-10 
4332.81 3.28256e-05 9.33970e-01 7.72624e-24 5.16662e-10 
4346.59 3.10775e-05 9.34775e-01 1.03318e-23 6.56750e-10 
4350.00 3.08015e-05 9.34972e-01 1.11929e-23 7.05869e-10 
4354.47 3.11620e-05 9.35230e-01 1.24722e-23 7.96791e-10 
4363.51 3.31324e-05 9.35749e-01 1.56424e-23 1.06531e-09 
4370.00 3.40234e-05 9.36118e-01 1.84678e-23 1.29398e-09 
4376.25 3.34851e-05 9.36470e-01 2.17036e-23 1.49935e-09 
4380.45 3.26272e-05 9.36705e-01 2.42041e-23 1.63122e-09 
4390.00 3.08991e-05 9.37235e-01 3.09974e-23 1.98384e-09 
4397.40 3.10925e-05 9.37640e-01 3.75193e-23 2.42140e-09 
4398.13 3.11807e-05 9.37680e-01 3.82284e-23 2.47467e-09 
4410.00 3.33861e-05 9.38324e-01 5.17795e-23 3.60112e-09 
4414.36 3.41883e-05 9.38559e-01 5.78241e-23 4.12325e-09 
4420.12 3.50317e-05 9.38870e-01 6.68402e-23 4.89172e-09 
4430.00 3.57254e-05 9.39402e-01 8.55048e-23 6.39949e-09 
4431.33 3.57320e-05 9.39473e-01 8.83643e-23 6.61723e-09 
4442.22 3.53690e-05 9.40050e-01 1.15400e-22 8.58033e-09 
4448.31 3.52906e-05 9.40367e-01 1.33774e-22 9.94141e-09 
4450.00 3.53429e-05 9.40454e-01 1.39320e-22 1.03738e-08 
4464.43 3.68192e-05 9.41190e-01 1.96469e-22 1.53015e-08 
4465.31 3.69096e-05 9.41235e-01 2.00587e-22 1.56644e-08 
4470.00 3.72531e-05 9.41473e-01 2.23916e-22 1.76721e-08 
4482.32 3.72073e-05 9.42097e-01 2.97905e-22 2.35628e-08 
4486.75 3.73522e-05 9.42320e-01 3.29725e-22 2.62134e-08 
4490.00 3.76871e-05 9.42483e-01 3.55032e-22 2.85038e-08 
4499.34 3.96838e-05 9.42947e-01 4.38277e-22 3.71468e-08 
4509.19 4.12177e-05 9.43430e-01 5.45572e-22 4.81578e-08 
4510.00 4.12207e-05 9.43470e-01 5.55472e-22 4.90462e-08 
4516.37 4.04513e-05 9.43777e-01 6.38820e-22 5.54489e-08 
4530.00 3.73689e-05 9.44428e-01 8.57805e-22 6.90381e-08 
4531.73 3.71714e-05 9.44510e-01 8.90150e-22 7.12962e-08 
4533.41 3.70558e-05 9.44590e-01 9.22647e-22 7.37028e-08 
4550.00 3.86014e-05 9.45375e-01 1.30787e-21 1.09322e-07 
4550.47 3.86827e-05 9.45397e-01 1.32065e-21 1.10636e-07 
4554.39 3.93669e-05 9.45580e-01 1.43229e-21 1.22240e-07 
4567.54 4.08846e-05 9.46184e-01 1.87371e-21 1.66664e-07 
4570.00 4.08810e-05 9.46296e-01 1.96928e-21 1.75265e-07 
4577.16 4.02362e-05 9.46620e-01 2.27329e-21 1.99511e-07 
4584.62 3.91841e-05 9.46957e-01 2.63539e-21 2.25690e-07 
4590.00 3.86728e-05 9.47200e-01 2.92918e-21 2.47930e-07 
4600.05 3.89053e-05 9.47650e-01 3.55973e-21 3.03920e-07 
4601.71 3.90270e-05 9.47724e-01 3.67523e-21 3.14900e-07 
4610.00 3.95494e-05 9.48090e-01 4.30527e-21 3.74640e-07 
4618.81 3.94783e-05 9.48476e-01 5.08256e-21 4.42507e-07 
4623.05 3.92934e-05 9.48660e-01 5.50018e-21 4.77153e-07 
4630.00 3.90016e-05 9.48960e-01 6.25440e-21 5.39535e-07 
4635.93 3.89177e-05 9.49215e-01 6.97112e-21 6.00999e-07 
4646.16 3.91430e-05 9.49650e-01 8.38732e-21 7.29220e-07 
4650.00 3.93226e-05 9.49812e-01 8.98278e-21 7.85357e-07 
4653.06 3.94928e-05 9.49940e-01 9.48435e-21 8.33457e-07 
4669.39 4.02977e-05 9.50620e-01 1.26251e-20 1.13686e-06 
4670.00 4.03090e-05 9.50645e-01 1.27580e-20 1.14933e-06 
4670.20 4.03121e-05 9.50653e-01 1.28014e-20 1.15338e-06 
4687.35 3.97307e-05 9.51353e-01 1.71440e-20 1.52909e-06 
4690.00 3.95040e-05 9.51460e-01 1.79230e-20 1.59052e-06 
4692.74 3.92386e-05 9.51570e-01 1.87618e-20 1.65493e-06 
4704.51 3.81870e-05 9.52039e-01 2.27841e-20 1.96173e-06 
4710.00 3.80554e-05 9.52256e-01 2.49113e-20 2.14048e-06 
4716.20 3.83746e-05 9.52500e-01 2.75314e-20 2.38920e-06 
4721.69 3.89192e-05 9.52715e-01 3.00518e-20 2.64861e-06 
4730.00 3.97755e-05 9.53041e-01 3.42646e-20 3.09284e-06 
4738.88 4.02516e-05 9.53385e-01 3.93448e-20 3.60195e-06 
4739.79 4.02760e-05 9.53420e-01 3.98992e-20 3.65575e-06 
4750.00 4.03886e-05 9.53811e-01 4.66505e-20 4.29730e-06 
4756.08 4.04096e-05 9.54042e-01 5.11372e-20 4.72021e-06 
4763.48 4.04261e-05 9.54320e-01 5.71152e-20 5.28391e-06 
4770.00 4.04279e-05 9.54563e-01 6.28819e-20 5.82710e-06 
4773.29 4.04224e-05 9.54686e-01 6.59892e-20 6.11923e-06 
4787.30 4.02758e-05 9.55200e-01 8.07736e-20 7.48896e-06 
4790.00 4.02106e-05 9.55298e-01 8.39356e-20 7.77470e-06 
4790.52 4.01962e-05 9.55317e-01 8.45568e-20 7.83045e-06 
4807.76 3.97738e-05 9.55936e-01 1.07601e-19 9.90167e-06 
4810.00 3.97886e-05 9.56016e-01 1.10971e-19 1.02212e-05 
4811.24 3.98096e-05 9.56060e-01 1.12871e-19 1.04049e-05 
4825.01 4.02733e-05 9.56549e-01 1.35997e-19 1.27255e-05 
4830.00 4.03118e-05 9.56725e-01 1.45348e-19 1.36301e-05 
4835.29 4.01246e-05 9.56910e-01 1.55871e-19 1.45678e-05 
4842.27 3.94299e-05 9.57152e-01 1.70740e-19 1.57078e-05 
4850.00 3.79496e-05 9.57417e-01 1.88639e-19 1.67342e-05 
4859.47 3.53664e-05 9.57740e-01 2.12757e-19 1.76293e-05 
4859.54 3.53476e-05 9.57742e-01 2.12954e-19 1.76365e-05 
4870.00 3.38956e-05 9.58098e-01 2.42639e-19 1.93182e-05 
4876.83 3.49079e-05 9.58328e-01 2.63893e-19 2.16734e-05 
4883.77 3.68121e-05 9.58560e-01 2.87084e-19 2.49056e-05 
4890.00 3.83179e-05 9.58766e-01 3.09375e-19 2.79789e-05 
4894.13 3.88354e-05 9.58902e-01 3.24945e-19 2.98134e-05 
4908.19 3.84607e-05 9.59360e-01 3.83007e-19 3.49180e-05 
4910.00 3.83127e-05 9.59419e-01 3.91095e-19 3.55335e-05 
4911.44 3.81981e-05 9.59466e-01 3.97630e-19 3.60316e-05 
4928.77 3.74937e-05 9.60024e-01 4.83593e-19 4.31899e-05 
4930.00 3.75182e-05 9.60063e-01 4.90269e-19 4.38275e-05 
4932.73 3.76179e-05 9.60150e-01 5.05294e-19 4.53199e-05 
4946.10 3.86408e-05 9.60570e-01 5.84601e-19 5.40282e-05 
4950.00 3.89655e-05 9.60691e-01 6.09564e-19 5.68607e-05 
4957.39 3.94177e-05 9.60920e-01 6.59309e-19 6.23224e-05 
4963.45 3.95390e-05 9.61107e-01 7.02523e-19 6.67060e-05 
4970.00 3.93184e-05 9.61309e-01 7.51819e-19 7.10970e-05 
4980.81 3.81088e-05 9.61639e-01 8.39319e-19 7.71237e-05 
4982.18 3.79087e-05 9.61680e-01 8.50953e-19 7.78069e-05 
4990.00 3.67232e-05 9.61915e-01 9.20008e-19 8.16380e-05 
4998.18 3.56637e-05 9.62157e-01 9.97016e-19 8.60816e-05 
5007.09 3.51516e-05 9.62420e-01 1.08657e-18 9.26568e-05 
5010.00 3.52072e-05 9.62506e-01 1.11719e-18 9.54822e-05 
5015.57 3.56482e-05 9.62669e-01 1.17768e-18 1.02043e-04 
5030.00 3.72038e-05 9.63089e-01 1.34645e-18 1.22162e-04 
5032.12 3.72833e-05 9.63150e-01 1.37282e-18 1.24881e-04 
5032.97 3.72989e-05 9.63174e-01 1.38339e-18 1.25919e-04 
5050.00 3.71424e-05 9.63656e-01 1.61083e-18 1.46574e-04 
5050.38 3.71578e-05 9.63667e-01 1.61619e-18 1.47135e-04 
5057.29 3.76857e-05 9.63860e-01 1.71645e-18 1.58732e-04 
5067.80 3.85185e-05 9.64153e-01 1.87807e-18 1.77938e-04 
5070.00 3.85515e-05 9.64213e-01 1.91328e-18 1.81520e-04 
5082.57 3.76264e-05 9.64560e-01 2.12411e-18 1.97245e-04 
5085.24 3.73728e-05 9.64633e-01 2.17092e-18 2.00353e-04 
5090.00 3.70621e-05 9.64763e-01 2.25651e-18 2.06742e-04 
5102.68 3.73616e-05 9.65107e-01 2.49645e-18 2.31230e-04 
5107.98 3.75812e-05 9.65250e-01 2.60202e-18 2.42714e-04 
5110.00 3.76180e-05 9.65304e-01 2.64298e-18 2.46887e-04 
5120.14 3.73102e-05 9.65576e-01 2.85620e-18 2.65222e-04 
5130.00 3.67313e-05 9.65838e-01 3.07477e-18 2.81704e-04 
5133.52 3.65807e-05 9.65930e-01 3.15569e-18 2.88159e-04 
5137.62 3.64216e-05 9.66037e-01 3.25147e-18 2.95881e-04 
5150.00 3.54115e-05 9.66355e-01 3.55348e-18 3.15257e-04 
5155.10 3.45208e-05 9.66486e-01 3.68324e-18 3.18909e-04 
5159.19 3.36786e-05 9.66590e-01 3.78956e-18 3.20399e-04 
5170.00 3.17285e-05 9.66865e-01 4.08018e-18 3.25768e-04 
5172.60 3.14695e-05 9.66930e-01 4.15219e-18 3.28999e-04 
5184.99 3.16074e-05 9.67240e-01 4.50665e-18 3.59624e-04 
5190.00 3.22200e-05 9.67363e-01 4.65531e-18 3.79101e-04 
5190.11 3.22364e-05 9.67366e-01 4.65859e-18 3.79570e-04 
5207.63 3.52669e-05 9.67791e-01 5.20233e-18 4.65490e-04 
5210.00 3.55255e-05 9.67848e-01 5.27862e-18 4.76023e-04 
5210.91 3.56020e-05 9.67870e-01 5.30822e-18 4.79819e-04 
5225.17 3.59223e-05 9.68216e-01 5.78283e-18 5.29054e-04 
5230.00 3.61343e-05 9.68333e-01 5.94908e-18 5.48049e-04 
5236.97 3.68600e-05 9.68500e-01 6.19344e-18 5.82894e-04 
5242.72 3.74040e-05 9.68636e-01 6.39907e-18 6.11892e-04 
5250.00 3.72468e-05 9.68806e-01 6.66491e-18 6.35627e-04 
5260.28 3.48395e-05 9.69044e-01 7.04950e-18 6.30238e-04 
5263.15 3.40849e-05 9.69110e-01 7.15916e-18 6.26566e-04 
5270.00 3.30062e-05 9.69267e-01 7.42348e-18 6.30057e-04 
5277.85 3.37718e-05 9.69446e-01 7.73210e-18 6.72599e-04 
5289.47 3.67667e-05 9.69710e-01 8.19966e-18 7.78445e-04 
5290.00 3.68943e-05 9.69722e-01 8.22134e-18 7.83300e-04 
5295.43 3.79439e-05 9.69844e-01 8.44436e-18 8.28391e-04 
5310.00 3.80833e-05 9.70169e-01 9.05425e-18 8.94235e-04 
5313.03 3.75603e-05 9.70236e-01 9.18327e-18 8.95096e-04 
5315.92 3.69407e-05 9.70300e-01 9.30661e-18 8.92698e-04 
5330.00 3.44391e-05 9.70610e-01 9.91717e-18 8.89478e-04 
5330.64 3.44234e-05 9.70624e-01 9.94534e-18 8.91719e-04 
5342.50 3.57542e-05 9.70880e-01 1.04690e-17 9.77386e-04 
5348.27 3.66975e-05 9.71002e-01 1.07267e-17 1.02910e-03 
5350.00 3.69079e-05 9.71039e-01 1.08044e-17 1.04288e-03 
5365.90 3.69737e-05 9.71371e-01 1.15229e-17 1.11790e-03 
5369.21 3.68319e-05 9.71440e-01 1.16733e-17 1.12893e-03 
5370.00 3.68033e-05 9.71457e-01 1.17094e-17 1.13173e-03 
5383.55 3.65791e-05 9.71741e-01 1.23293e-17 1.18772e-03 
5390.00 3.63770e-05 9.71875e-01 1.26254e-17 1.21114e-03 
5396.05 3.59844e-05 9.72000e-01 1.29037e-17 1.22601e-03 
5401.21 3.55920e-05 9.72105e-01 1.31410e-17 1.23625e-03 
5410.00 3.51460e-05 9.72281e-01 1.35449e-17 1.26056e-03 
5418.89 3.53208e-05 9.72458e-01 1.39526e-17 1.30734e-03 
5423.03 3.55635e-05 9.72540e-01 1.41424e-17 1.33537e-03 
5430.00 3.60583e-05 9.72679e-01 1.44602e-17 1.38635e-03 
5436.57 3.64934e-05 9.72810e-01 1.47588e-17 1.43397e-03 
5450.00 3.69236e-05 9.73077e-01 1.53634e-17 1.51446e-03 
5450.15 3.69231e-05 9.73080e-01 1.53700e-17 1.51514e-03 
5454.27 3.68610e-05 9.73162e-01 1.55540e-17 1.53198e-03 
5470.00 3.62430e-05 9.73469e-01 1.62464e-17 1.57839e-03 
5471.99 3.61823e-05 9.73507e-01 1.63326e-17 1.58475e-03 
5477.40 3.60711e-05 9.73610e-01 1.65664e-17 1.60425e-03 
5489.71 3.59979e-05 9.73841e-01 1.70892e-17 1.65562e-03 
5490.00 3.59974e-05 9.73846e-01 1.71014e-17 1.65687e-03 
5504.79 3.59802e-05 9.74120e-01 1.77110e-17 1.72021e-03 
5507.45 3.59814e-05 9.74170e-01 1.78184e-17 1.73162e-03 
5510.00 3.59846e-05 9.74217e-01 1.79206e-17 1.74261e-03 
5525.20 3.61071e-05 9.74500e-01 1.85148e-17 1.81203e-03 
5530.00 3.62161e-05 9.74588e-01 1.86968e-17 1.83713e-03 
5532.31 3.62853e-05 9.74630e-01 1.87834e-17 1.85002e-03 
5542.96 3.66070e-05 9.74820e-01 1.91737e-17 1.90923e-03 
5550.00 3.66433e-05 9.74944e-01 1.94231e-17 1.93870e-03 
5559.97 3.62477e-05 9.75120e-01 1.97647e-17 1.95535e-03 
5560.74 3.62012e-05 9.75134e-01 1.97903e-17 1.95567e-03 
5570.00 3.55693e-05 9.75298e-01 2.00933e-17 1.95453e-03 
5578.53 3.50408e-05 9.75449e-01 2.03606e-17 1.95439e-03 
5587.77 3.47889e-05 9.75610e-01 2.06372e-17 1.97029e-03 
5590.00 3.48083e-05 9.75648e-01 2.07018e-17 1.97842e-03 
5596.33 3.50465e-05 9.75756e-01 2.08807e-17 2.01167e-03 
5610.00 3.58206e-05 9.75985e-01 2.12439e-17 2.09747e-03 
5614.14 3.59352e-05 9.76054e-01 2.13475e-17 2.11616e-03 
5615.71 3.59584e-05 9.76080e-01 2.13859e-17 2.12198e-03 
5630.00 3.59496e-05 9.76319e-01 2.17158e-17 2.16019e-03 
5631.97 3.59528e-05 9.76352e-01 2.17584e-17 2.16546e-03 
5643.79 3.59715e-05 9.76550e-01 2.19987e-17 2.19555e-03 
5649.81 3.58504e-05 9.76650e-01 2.21112e-17 2.20192e-03 
5650.00 3.58439e-05 9.76653e-01 2.21146e-17 2.20194e-03 
5667.66 3.50373e-05 9.76941e-01 2.24045e-17 2.18808e-03 
5670.00 3.50139e-05 9.76978e-01 2.24384e-17 2.19091e-03 
5672.01 3.50299e-05 9.77010e-01 2.24668e-17 2.19553e-03 
5685.53 3.54627e-05 9.77222e-01 2.26377e-17 2.24539e-03 
5690.00 3.54649e-05 9.77291e-01 2.26865e-17 2.25230e-03 
5700.37 3.49267e-05 9.77450e-01 2.27853e-17 2.23220e-03 
5703.41 3.47747e-05 9.77497e-01 2.28105e-17 2.22623e-03 
5710.00 3.47536e-05 9.77598e-01 2.28590e-17 2.23242e-03 
5721.30 3.59201e-05 9.77773e-01 2.29234e-17 2.31885e-03 
5728.87 3.66374e-05 9.77890e-01 2.29534e-17 2.37167e-03 
5730.00 3.66806e-05 9.77908e-01 2.29570e-17 2.37535e-03 
5739.21 3.63404e-05 9.78050e-01 2.29777e-17 2.35958e-03 
5750.00 3.55531e-05 9.78216e-01 2.29829e-17 2.31371e-03 
5757.13 3.55492e-05 9.78324e-01 2.29753e-17 2.31581e-03 
5757.52 3.55593e-05 9.78330e-01 2.29746e-17 2.31657e-03 
5770.00 3.58361e-05 9.78514e-01 2.29398e-17 2.33655e-03 
5775.06 3.56669e-05 9.78587e-01 2.29184e-17 2.32557e-03 
5786.30 3.49928e-05 9.78750e-01 2.28564e-17 2.28025e-03 
5790.00 3.48609e-05 9.78804e-01 2.28317e-17 2.27078e-03 
5793.00 3.48381e-05 9.78848e-01 2.28102e-17 2.26843e-03 
5810.00 3.55579e-05 9.79095e-01 2.26638e-17 2.30777e-03 
5810.96 3.56077e-05 9.79109e-01 2.26543e-17 2.31046e-03 
5815.23 3.58036e-05 9.79170e-01 2.26106e-17 2.32054e-03 
5828.93 3.59667e-05 9.79360e-01 2.24548e-17 2.32095e-03 
5830.00 3.59385e-05 9.79375e-01 2.24416e-17 2.31823e-03 
5844.31 3.52518e-05 9.79570e-01 2.22530e-17 2.26080e-03 
5846.91 3.51684e-05 9.79606e-01 2.22163e-17 2.25282e-03 
5850.00 3.51320e-05 9.79648e-01 2.21718e-17 2.24726e-03 
5864.91 3.54127e-05 9.79853e-01 2.19438e-17 2.24810e-03 
5870.00 3.51389e-05 9.79922e-01 2.18613e-17 2.22442e-03 
5873.53 3.46946e-05 9.79970e-01 2.18028e-17 2.19184e-03 
5882.91 3.31243e-05 9.80096e-01 2.16428e-17 2.08086e-03 
5890.00 3.24733e-05 9.80189e-01 2.15178e-17 2.03083e-03 
5900.94 3.34833e-05 9.80334e-01 2.13190e-17 2.07880e-03 
5902.90 3.37891e-05 9.80360e-01 2.12826e-17 2.09496e-03 
5910.00 3.47342e-05 9.80455e-01 2.11495e-17 2.14288e-03 
5918.97 3.50017e-05 9.80574e-01 2.09785e-17 2.14543e-03 
5930.00 3.46251e-05 9.80719e-01 2.07649e-17 2.10495e-03 
5932.41 3.45689e-05 9.80750e-01 2.07178e-17 2.09769e-03 
5937.02 3.45270e-05 9.80809e-01 2.06276e-17 2.08777e-03 
5950.00 3.46428e-05 9.80971e-01 2.03726e-17 2.07375e-03 
5955.08 3.46852e-05 9.81034e-01 2.02728e-17 2.06801e-03 
5962.08 3.47024e-05 9.81120e-01 2.01358e-17 2.05765e-03 
5970.00 3.46653e-05 9.81218e-01 1.99817e-17 2.04263e-03 
5973.16 3.46340e-05 9.81257e-01 1.99207e-17 2.03572e-03 
5990.00 3.43043e-05 9.81466e-01 1.96013e-17 1.99003e-03 
5991.24 3.42688e-05 9.81482e-01 1.95782e-17 1.98607e-03 
5991.89 3.42500e-05 9.81490e-01 1.95662e-17 1.98399e-03 
6009.34 3.37533e-05 9.81708e-01 1.92518e-17 1.92984e-03 
6010.00 3.37408e-05 9.81716e-01 1.92404e-17 1.92820e-03 
6021.85 3.36627e-05 9.81860e-01 1.90396e-17 1.90770e-03 
6027.46 3.37268e-05 9.81927e-01 1.89485e-17 1.90409e-03 
6030.00 3.37779e-05 9.81956e-01 1.89082e-17 1.90378e-03 
6045.59 3.42344e-05 9.82137e-01 1.86750e-17 1.91098e-03 
6050.00 3.43237e-05 9.82187e-01 1.86137e-17 1.91117e-03 
6051.96 3.43463e-05 9.82210e-01 1.85872e-17 1.91037e-03 
6063.73 3.42584e-05 9.82346e-01 1.84379e-17 1.89411e-03 
6070.00 3.40728e-05 9.82419e-01 1.83656e-17 1.87854e-03 
6081.88 3.35779e-05 9.82556e-01 1.82437e-17 1.84283e-03 
6082.21 3.35646e-05 9.82560e-01 1.82406e-17 1.84189e-03 
6090.00 3.33285e-05 9.82649e-01 1.81725e-17 1.82460e-03 
6100.05 3.32508e-05 9.82762e-01 1.80988e-17 1.81617e-03 
6110.00 3.30248e-05 9.82872e-01 1.80426e-17 1.80136e-03 
6112.63 3.28777e-05 9.82900e-01 1.80306e-17 1.79297e-03 
6118.23 3.24789e-05 9.82960e-01 1.80093e-17 1.77086e-03 
6130.00 3.18605e-05 9.83083e-01 1.79838e-17 1.73823e-03 
6136.42 3.19659e-05 9.83150e-01 1.79812e-17 1.74568e-03 
6143.19 3.22219e-05 9.83220e-01 1.79875e-17 1.76235e-03 
6150.00 3.22795e-05 9.83291e-01 1.80035e-17 1.76915e-03 
6154.63 3.20629e-05 9.83339e-01 1.80200e-17 1.76030e-03 
6170.00 3.11990e-05 9.83499e-01 1.81089e-17 1.72589e-03 
6172.85 3.12719e-05 9.83529e-01 1.81312e-17 1.73291e-03 
6173.91 3.13244e-05 9.83540e-01 1.81400e-17 1.73698e-03 
6190.00 3.27058e-05 9.83706e-01 1.83062e-17 1.83528e-03 
6191.08 3.27699e-05 9.83717e-01 1.83196e-17 1.84056e-03 
6204.77 3.28884e-05 9.83860e-01 1.85146e-17 1.87128e-03 
6209.33 3.27607e-05 9.83908e-01 1.85899e-17 1.87306e-03 
6210.00 3.27396e-05 9.83915e-01 1.86015e-17 1.87324e-03 
6227.59 3.20287e-05 9.84103e-01 1.89464e-17 1.87218e-03 
6230.00 3.18894e-05 9.84128e-01 1.90001e-17 1.87010e-03 
6235.80 3.15151e-05 9.84190e-01 1.91357e-17 1.86318e-03 
6245.86 3.10199e-05 9.84296e-01 1.93927e-17 1.86175e-03 
6250.00 3.09943e-05 9.84339e-01 1.95067e-17 1.87246e-03 
6264.15 3.17874e-05 9.84482e-01 1.99324e-17 1.96702e-03 
6266.98 3.19886e-05 9.84510e-01 2.00245e-17 1.98956e-03 
6270.00 3.21732e-05 9.84540e-01 2.01253e-17 2.01214e-03 
6282.45 3.24314e-05 9.84660e-01 2.05683e-17 2.07731e-03 
6290.00 3.22443e-05 9.84731e-01 2.08592e-17 2.09721e-03 
6298.31 3.18360e-05 9.84810e-01 2.11988e-17 2.10732e-03 
6300.76 3.17045e-05 9.84833e-01 2.13027e-17 2.10977e-03 
6310.00 3.13155e-05 9.84921e-01 2.17111e-17 2.12714e-03 
6319.09 3.12523e-05 9.85008e-01 2.21377e-17 2.16786e-03 
6329.80 3.13928e-05 9.85110e-01 2.26728e-17 2.23426e-03 
6330.00 3.13954e-05 9.85112e-01 2.26829e-17 2.23551e-03 
6337.43 3.14607e-05 9.85182e-01 2.30745e-17 2.28167e-03 
6350.00 3.14281e-05 9.85298e-01 2.37756e-17 2.35351e-03 
6355.78 3.13587e-05 9.85350e-01 2.41140e-17 2.38403e-03 
6361.45 3.12906e-05 9.85400e-01 2.44560e-17 2.41486e-03 
6370.00 3.12689e-05 9.85472e-01 2.49897e-17 2.46934e-03 
6374.15 3.13182e-05 9.85507e-01 2.52566e-17 2.50136e-03 
6390.00 3.14157e-05 9.85641e-01 2.63246e-17 2.62211e-03 
6392.53 3.13463e-05 9.85663e-01 2.65019e-17 2.63504e-03 
6393.26 3.13208e-05 9.85670e-01 2.65536e-17 2.63836e-03 
6410.00 3.06706e-05 9.85827e-01 2.77792e-17 2.71034e-03 
6410.92 3.06610e-05 9.85836e-01 2.78490e-17 2.71672e-03 
6425.23 3.08802e-05 9.85970e-01 2.89655e-17 2.85258e-03 
6429.33 3.09320e-05 9.86006e-01 2.92967e-17 2.89198e-03 
6430.00 3.09342e-05 9.86012e-01 2.93513e-17 2.89789e-03 
6447.75 3.05634e-05 9.86160e-01 3.08428e-17 3.01741e-03 
6450.00 3.05202e-05 9.86179e-01 3.10382e-17 3.03336e-03 
6457.35 3.04673e-05 9.86240e-01 3.16866e-17 3.09507e-03 
6466.18 3.04469e-05 9.86316e-01 3.24849e-17 3.17550e-03 
6470.00 3.03996e-05 9.86349e-01 3.28363e-17 3.20687e-03 
6484.63 3.00105e-05 9.86477e-01 3.42198e-17 3.30709e-03 
6489.64 2.99674e-05 9.86520e-01 3.47060e-17 3.35200e-03 
6490.00 2.99691e-05 9.86523e-01 3.47412e-17 3.35578e-03 
6503.09 3.03477e-05 9.86630e-01 3.60438e-17 3.53308e-03 
6510.00 3.05632e-05 9.86685e-01 3.67479e-17 3.63173e-03 
6521.57 3.05898e-05 9.86776e-01 3.79528e-17 3.76109e-03 
6522.09 3.05848e-05 9.86780e-01 3.80075e-17 3.76622e-03 
6530.00 3.05087e-05 9.86843e-01 3.88503e-17 3.84506e-03 
6540.06 3.03787e-05 9.86924e-01 3.99419e-17 3.94263e-03 
6550.00 2.95538e-05 9.87003e-01 4.10422e-17 3.94754e-03 
6554.70 2.87357e-05 9.87040e-01 4.15693e-17 3.89050e-03 
6558.56 2.79771e-05 9.87070e-01 4.20059e-17 3.82995e-03 
6570.00 2.66398e-05 9.87158e-01 4.33162e-17 3.76753e-03 
6577.08 2.73513e-05 9.87211e-01 4.41390e-17 3.94609e-03 
6587.47 2.93746e-05 9.87290e-01 4.53640e-17 4.36284e-03 
6590.00 2.97698e-05 9.87309e-01 4.56647e-17 4.45266e-03 
6595.61 3.02630e-05 9.87352e-01 4.63352e-17 4.59699e-03 
6610.00 3.01197e-05 9.87462e-01 4.80793e-17 4.75832e-03 
6614.15 3.00156e-05 9.87493e-01 4.85876e-17 4.79517e-03 
6620.41 2.99204e-05 9.87540e-01 4.93592e-17 4.86068e-03 
6630.00 2.98726e-05 9.87611e-01 5.05511e-17 4.97766e-03 
6632.71 2.98711e-05 9.87630e-01 5.08894e-17 5.01287e-03 
6650.00 2.97646e-05 9.87755e-01 5.30708e-17 5.22336e-03 
6651.28 2.97383e-05 9.87764e-01 5.32330e-17 5.23574e-03 
6653.51 2.96852e-05 9.87780e-01 5.35174e-17 5.25618e-03 
6669.86 2.93870e-05 9.87898e-01 5.56109e-17 5.42085e-03 
6670.00 2.93877e-05 9.87899e-01 5.56289e-17 5.42285e-03 
6686.78 2.97217e-05 9.88020e-01 5.77971e-17 5.71328e-03 
6688.46 2.97301e-05 9.88032e-01 5.80150e-17 5.73796e-03 
6690.00 2.97248e-05 9.88043e-01 5.82152e-17 5.75812e-03 
6707.07 2.91901e-05 9.88167e-01 6.04372e-17 5.88608e-03 
6710.00 2.91340e-05 9.88188e-01 6.08194e-17 5.91464e-03 
6720.21 2.92272e-05 9.88260e-01 6.21528e-17 6.07331e-03 
6725.70 2.93385e-05 9.88298e-01 6.28690e-17 6.17196e-03 
6730.00 2.93855e-05 9.88328e-01 6.34312e-17 6.24132e-03 
6744.33 2.91557e-05 9.88425e-01 6.53019e-17 6.38932e-03 
6750.00 2.90369e-05 9.88464e-01 6.60399e-17 6.44088e-03 
6753.81 2.89911e-05 9.88490e-01 6.65361e-17 6.48285e-03 
6762.99 2.89683e-05 9.88553e-01 6.77272e-17 6.60310e-03 
6770.00 2.89760e-05 9.88601e-01 6.86349e-17 6.70063e-03 
6781.65 2.89225e-05 9.88680e-01 7.01364e-17 6.84691e-03 
6787.58 2.88577e-05 9.88720e-01 7.08965e-17 6.91191e-03 
6790.00 2.88242e-05 9.88736e-01 7.12055e-17 6.93657e-03 
6800.33 2.86650e-05 9.88804e-01 7.25208e-17 7.03685e-03 
6810.00 2.86056e-05 9.88866e-01 7.37413e-17 7.15106e-03 
6819.03 2.86967e-05 9.88924e-01 7.48718e-17 7.29388e-03 
6821.52 2.87236e-05 9.88940e-01 7.51820e-17 7.33378e-03 
6830.00 2.87136e-05 9.88995e-01 7.62318e-17 7.44324e-03 
6837.74 2.84929e-05 9.89045e-01 7.71809e-17 7.48684e-03 
6850.00 2.81090e-05 9.89124e-01 7.86668e-17 7.54227e-03 
6855.63 2.80895e-05 9.89160e-01 7.93407e-17 7.60812e-03 
6856.46 2.80954e-05 9.89165e-01 7.94397e-17 7.62017e-03 
6870.00 2.83011e-05 9.89249e-01 8.10366e-17 7.84640e-03 
6875.19 2.83422e-05 9.89281e-01 8.16403e-17 7.92257e-03 
6889.91 2.82764e-05 9.89370e-01 8.33210e-17 8.08490e-03 
6890.00 2.82755e-05 9.89371e-01 8.33316e-17 8.08577e-03 
6893.94 2.82332e-05 9.89395e-01 8.37746e-17 8.12145e-03 
6910.00 2.80549e-05 9.89493e-01 8.55427e-17 8.26051e-03 
6912.71 2.80320e-05 9.89510e-01 8.58352e-17 8.28536e-03 
6924.36 2.79566e-05 9.89580e-01 8.70733e-17 8.39698e-03 
6930.00 2.79215e-05 9.89613e-01 8.76613e-17 8.45023e-03 
6931.49 2.79112e-05 9.89622e-01 8.78147e-17 8.46378e-03 
6950.00 2.77726e-05 9.89728e-01 8.96792e-17 8.62446e-03 
6950.28 2.77708e-05 9.89730e-01 8.97064e-17 8.62689e-03 
6958.98 2.77297e-05 9.89780e-01 9.05503e-17 8.70648e-03 
6969.08 2.77216e-05 9.89839e-01 9.15037e-17 8.80888e-03 
6970.00 2.77234e-05 9.89844e-01 9.15889e-17 8.81886e-03 
6987.90 2.76406e-05 9.89947e-01 9.32007e-17 8.97117e-03 
6990.00 2.75843e-05 9.89959e-01 9.33835e-17 8.97323e-03 
6993.77 2.74453e-05 9.89980e-01 9.37085e-17 8.96413e-03 
7006.73 2.69023e-05 9.90051e-01 9.47918e-17 8.90546e-03 
7010.00 2.68330e-05 9.90068e-01 9.50564e-17 8.91164e-03 
7025.58 2.70636e-05 9.90153e-01 9.62719e-17 9.12414e-03 
7028.74 2.71416e-05 9.90170e-01 9.65088e-17 9.17727e-03 
7030.00 2.71683e-05 9.90177e-01 9.66022e-17 9.19688e-03 
7044.44 2.72515e-05 9.90259e-01 9.76365e-17 9.34374e-03 
7050.00 2.72072e-05 9.90291e-01 9.80157e-17 9.37250e-03 
7063.32 2.70345e-05 9.90367e-01 9.88815e-17 9.41372e-03 
7063.88 2.70264e-05 9.90370e-01 9.89170e-17 9.41506e-03 
7070.00 2.69418e-05 9.90404e-01 9.92927e-17 9.42974e-03 
7082.21 2.68177e-05 9.90469e-01 1.00003e-16 9.47041e-03 
7090.00 2.67907e-05 9.90511e-01 1.00430e-16 9.51205e-03 
7099.20 2.68114e-05 9.90560e-01 1.00905e-16 9.57735e-03 
7101.11 2.68154e-05 9.90570e-01 1.01000e-16 9.59043e-03 
7110.00 2.67866e-05 9.90619e-01 1.01423e-16 9.63285e-03 
7120.03 2.66135e-05 9.90673e-01 1.01867e-16 9.62659e-03 
7130.00 2.63899e-05 9.90726e-01 1.02272e-16 9.59757e-03 
7134.70 2.63047e-05 9.90750e-01 1.02450e-16 9.58981e-03 
7138.96 2.62462e-05 9.90771e-01 1.02605e-16 9.58884e-03 
7150.00 2.61876e-05 9.90823e-01 1.02974e-16 9.61719e-03 
7157.90 2.62156e-05 9.90858e-01 1.03211e-16 9.66064e-03 
7170.00 2.61183e-05 9.90908e-01 1.03529e-16 9.67122e-03 
7170.37 2.61085e-05 9.90910e-01 1.03538e-16 9.66894e-03 
7176.86 2.58760e-05 9.90936e-01 1.03685e-16 9.60543e-03 
7190.00 2.54610e-05 9.90988e-01 1.03936e-16 9.49205e-03 
7195.84 2.54960e-05 9.91010e-01 1.04027e-16 9.52137e-03 
7206.23 2.57622e-05 9.91050e-01 1.04158e-16 9.64719e-03 
7210.00 2.58443e-05 9.91064e-01 1.04196e-16 9.68669e-03 
7214.83 2.58920e-05 9.91083e-01 1.04237e-16 9.71505e-03 
7230.00 2.58233e-05 9.91136e-01 1.04310e-16 9.71701e-03 
7233.83 2.58126e-05 9.91147e-01 1.04315e-16 9.71872e-03 
7242.26 2.58283e-05 9.91170e-01 1.04309e-16 9.73556e-03 
7250.00 2.58677e-05 9.91187e-01 1.04280e-16 9.75834e-03 
7252.84 2.58825e-05 9.91192e-01 1.04265e-16 9.76635e-03 
7270.00 2.57470e-05 9.91235e-01 1.04109e-16 9.72409e-03 
7271.87 2.56877e-05 9.91241e-01 1.04086e-16 9.70209e-03 
7278.47 2.54268e-05 9.91270e-01 1.03995e-16 9.60410e-03 
7290.00 2.50821e-05 9.91341e-01 1.03799e-16 9.47178e-03 
7290.92 2.50767e-05 9.91347e-01 1.03782e-16 9.46937e-03 
7309.98 2.54019e-05 9.91493e-01 1.03355e-16 9.57909e-03 
7310.00 2.54021e-05 9.91494e-01 1.03354e-16 9.57916e-03 
7314.86 2.54165e-05 9.91530e-01 1.03226e-16 9.57942e-03 
7329.05 2.52581e-05 9.91624e-01 1.02808e-16 9.50045e-03 
7330.00 2.52491e-05 9.91630e-01 1.02778e-16 9.49558e-03 
7348.14 2.52723e-05 9.91732e-01 1.02145e-16 9.47013e-03 
7350.00 2.52846e-05 9.91742e-01 1.02074e-16 9.47069e-03 
7351.43 2.52939e-05 9.91750e-01 1.02019e-16 9.47098e-03 
7367.24 2.52897e-05 9.91833e-01 1.01370e-16 9.43016e-03 
7370.00 2.52495e-05 9.91848e-01 1.01249e-16 9.40757e-03 
7386.36 2.47686e-05 9.91931e-01 1.00486e-16 9.17999e-03 
7388.19 2.47075e-05 9.91940e-01 1.00396e-16 9.15149e-03 
7390.00 2.46498e-05 9.91949e-01 1.00306e-16 9.12423e-03 
7405.49 2.43263e-05 9.92023e-01 9.94989e-17 8.95142e-03 
7410.00 2.43106e-05 9.92044e-01 9.92514e-17 8.92903e-03 
7424.63 2.44686e-05 9.92108e-01 9.84125e-17 8.92929e-03 
7425.13 2.44751e-05 9.92110e-01 9.83827e-17 8.92958e-03 
7430.00 2.45243e-05 9.92130e-01 9.80908e-17 8.92702e-03 
7443.79 2.45205e-05 9.92186e-01 9.72319e-17 8.86439e-03 
7450.00 2.45204e-05 9.92210e-01 9.68299e-17 8.83530e-03 
7462.26 2.46109e-05 9.92260e-01 9.60102e-17 8.80772e-03 
7462.96 2.46157e-05 9.92263e-01 9.59622e-17 8.80588e-03 
7470.00 2.46288e-05 9.92293e-01 9.54749e-17 8.77439e-03 
7482.15 2.44760e-05 9.92345e-01 9.46085e-17 8.65530e-03 
7490.00 2.43653e-05 9.92379e-01 9.40319e-17 8.57294e-03 
7499.57 2.43270e-05 9.92420e-01 9.33122e-17 8.50514e-03 
7501.35 2.43280e-05 9.92428e-01 9.31762e-17 8.49520e-03 
7510.00 2.43372e-05 9.92463e-01 9.25072e-17 8.44743e-03 
7520.57 2.43141e-05 9.92506e-01 9.16709e-17 8.37523e-03 
7530.00 2.42968e-05 9.92543e-01 9.09072e-17 8.31025e-03 
7537.07 2.43087e-05 9.92570e-01 9.03250e-17 8.26906e-03 
7539.80 2.43140e-05 9.92580e-01 9.00979e-17 8.25316e-03 
7550.00 2.42919e-05 9.92619e-01 8.92383e-17 8.17834e-03 
7559.04 2.41795e-05 9.92652e-01 8.84629e-17 8.07969e-03 
7570.00 2.40281e-05 9.92692e-01 8.75069e-17 7.95419e-03 
7574.75 2.39946e-05 9.92710e-01 8.70869e-17 7.91008e-03 
7578.30 2.39812e-05 9.92723e-01 8.67713e-17 7.88079e-03 
7590.00 2.39423e-05 9.92766e-01 8.57193e-17 7.78498e-03 
7597.58 2.38768e-05 9.92794e-01 8.50288e-17 7.70902e-03 
7610.00 2.37715e-05 9.92840e-01 8.38818e-17 7.58423e-03 
7612.63 2.37642e-05 9.92850e-01 8.36371e-17 7.56246e-03 
7616.86 2.37655e-05 9.92866e-01 8.32408e-17 7.53135e-03 
7630.00 2.38221e-05 9.92914e-01 8.20006e-17 7.45002e-03 
7636.17 2.38423e-05 9.92936e-01 8.14127e-17 7.40902e-03 
7650.00 2.36863e-05 9.92987e-01 8.00819e-17 7.25371e-03 
7650.69 2.36663e-05 9.92990e-01 8.00151e-17 7.24222e-03 
7655.48 2.34989e-05 9.93008e-01 7.95499e-17 7.15378e-03 
7670.00 2.30852e-05 9.93062e-01 7.81315e-17 6.91598e-03 
7674.82 2.31217e-05 9.93079e-01 7.76577e-17 6.88936e-03 
7688.94 2.34351e-05 9.93130e-01 7.62601e-17 6.87006e-03 
7690.00 2.34443e-05 9.93134e-01 7.61552e-17 6.86427e-03 
7694.16 2.34367e-05 9.93148e-01 7.57411e-17 6.82853e-03 
7710.00 2.31605e-05 9.93202e-01 7.41586e-17 6.62100e-03 
7713.52 2.31377e-05 9.93213e-01 7.38051e-17 6.58605e-03 
7727.39 2.31583e-05 9.93260e-01 7.24104e-17 6.47928e-03 
7730.00 2.31441e-05 9.93269e-01 7.21471e-17 6.45400e-03 
7732.90 2.31103e-05 9.93279e-01 7.18546e-17 6.42091e-03 
7750.00 2.28439e-05 9.93338e-01 7.01259e-17 6.20828e-03 
7752.29 2.28445e-05 9.93345e-01 6.98942e-17 6.18978e-03 
7766.03 2.30206e-05 9.93390e-01 6.85027e-17 6.12445e-03 
7770.00 2.30702e-05 9.93402e-01 6.80999e-17 6.10475e-03 
7771.69 2.30839e-05 9.93407e-01 6.79283e-17 6.09434e-03 
7790.00 2.30318e-05 9.93459e-01 6.60739e-17 5.92883e-03 
7791.11 2.30241e-05 9.93462e-01 6.59613e-17 5.91761e-03 
7804.86 2.29225e-05 9.93500e-01 6.45718e-17 5.77778e-03 
7810.00 2.28691e-05 9.93515e-01 6.40524e-17 5.72179e-03 
7810.55 2.28625e-05 9.93516e-01 6.39972e-17 5.71563e-03 
7830.00 2.26031e-05 9.93574e-01 6.20399e-17 5.49191e-03 
7830.00 2.26030e-05 9.93574e-01 6.20395e-17 5.49187e-03 
7843.88 2.25371e-05 9.93620e-01 6.06498e-17 5.36292e-03 
7849.46 2.25494e-05 9.93639e-01 6.00932e-17 5.32049e-03 
7850.00 2.25517e-05 9.93641e-01 6.00393e-17 5.31663e-03 
7868.94 2.26519e-05 9.93710e-01 5.81604e-17 5.18598e-03 
7870.00 2.26523e-05 9.93714e-01 5.80555e-17 5.17743e-03 
7883.10 2.25729e-05 9.93760e-01 5.67667e-17 5.05340e-03 
7888.43 2.25123e-05 9.93778e-01 5.62448e-17 4.99697e-03 
7890.00 2.24932e-05 9.93783e-01 5.60914e-17 4.98012e-03 
7907.94 2.22247e-05 9.93836e-01 5.43495e-17 4.77895e-03 
7910.00 2.21828e-05 9.93841e-01 5.41505e-17 4.75374e-03 
7922.51 2.18944e-05 9.93870e-01 5.29490e-17 4.59522e-03 
7927.46 2.17956e-05 9.93880e-01 5.24772e-17 4.53661e-03 
7930.00 2.17555e-05 9.93884e-01 5.22355e-17 4.50887e-03 
7947.00 2.17165e-05 9.93915e-01 5.06306e-17 4.37199e-03 
7950.00 2.17469e-05 9.93921e-01 5.03493e-17 4.35544e-03 
7962.13 2.19333e-05 9.93950e-01 4.92206e-17 4.30099e-03 
7966.55 2.19992e-05 9.93963e-01 4.88121e-17 4.28054e-03 
7970.00 2.20391e-05 9.93975e-01 4.84942e-17 4.26228e-03 
7986.11 2.20352e-05 9.94036e-01 4.70238e-17 4.14091e-03 
7990.00 2.19909e-05 9.94052e-01 4.66726e-17 4.10378e-03 
8001.94 2.17954e-05 9.94100e-01 4.56020e-17 3.98012e-03 
8005.70 2.17381e-05 9.94115e-01 4.52676e-17 3.94246e-03 
8010.00 2.16893e-05 9.94131e-01 4.48863e-17 3.90264e-03 
8025.29 2.16445e-05 9.94184e-01 4.35455e-17 3.78566e-03 
8030.00 2.16190e-05 9.94198e-01 4.31372e-17 3.74800e-03 
8041.95 2.14692e-05 9.94230e-01 4.21106e-17 3.63898e-03 
8044.90 2.14373e-05 9.94237e-01 4.18589e-17 3.61320e-03 
8050.00 2.14130e-05 9.94248e-01 4.14267e-17 3.57415e-03 
8064.53 2.15225e-05 9.94279e-01 4.02092e-17 3.49323e-03 
8070.00 2.15171e-05 9.94293e-01 3.97563e-17 3.45542e-03 
8082.16 2.12725e-05 9.94330e-01 3.87609e-17 3.33575e-03 
8084.17 2.12252e-05 9.94338e-01 3.85976e-17 3.31516e-03 
8090.00 2.11243e-05 9.94361e-01 3.81269e-17 3.26159e-03 
8103.83 2.11815e-05 9.94420e-01 3.70252e-17 3.18154e-03 
8110.00 2.12557e-05 9.94442e-01 3.65397e-17 3.15329e-03 
8122.57 2.13163e-05 9.94470e-01 3.55641e-17 3.08271e-03 
8123.50 2.13154e-05 9.94471e-01 3.54928e-17 3.07675e-03 
8130.00 2.12891e-05 9.94471e-01 3.49953e-17 3.03230e-03 
8143.18 2.11716e-05 9.94457e-01 3.40011e-17 2.93460e-03 
8150.00 2.11338e-05 9.94450e-01 3.34942e-17 2.88809e-03 
8162.88 2.11307e-05 9.94459e-01 3.25507e-17 2.81078e-03 
8163.18 2.11292e-05 9.94460e-01 3.25289e-17 2.80882e-03 
8170.00 2.10427e-05 9.94484e-01 3.20370e-17 2.75737e-03 
8182.60 2.06238e-05 9.94554e-01 3.11418e-17 2.63122e-03 
8190.00 2.04173e-05 9.94603e-01 3.06239e-17 2.56398e-03 
8202.33 2.04025e-05 9.94681e-01 2.97749e-17 2.49504e-03 
8204.00 2.04166e-05 9.94690e-01 2.96612e-17 2.48776e-03 
8210.00 2.04580e-05 9.94719e-01 2.92549e-17 2.46053e-03 
8222.07 2.04248e-05 9.94761e-01 2.84500e-17 2.39256e-03 
8230.00 2.03908e-05 9.94778e-01 2.79301e-17 2.34723e-03 
8241.83 2.04365e-05 9.94796e-01 2.71671e-17 2.29155e-03 
8245.02 2.04623e-05 9.94800e-01 2.69644e-17 2.27821e-03 
8250.00 2.05058e-05 9.94805e-01 2.66493e-17 2.25776e-03 
8261.61 2.05914e-05 9.94817e-01 2.59261e-17 2.20879e-03 
8270.00 2.06185e-05 9.94828e-01 2.54123e-17 2.17009e-03 
8281.40 2.05778e-05 9.94848e-01 2.47268e-17 2.11034e-03 
8286.24 2.05277e-05 9.94860e-01 2.44397e-17 2.08200e-03 
8290.00 2.04736e-05 9.94870e-01 2.42187e-17 2.05869e-03 
8301.20 2.02520e-05 9.94908e-01 2.35689e-17 1.98451e-03 
8310.00 2.00827e-05 9.94940e-01 2.30681e-17 1.92821e-03 
8321.02 1.99626e-05 9.94979e-01 2.24520e-17 1.86804e-03 
8327.67 1.99344e-05 9.95000e-01 2.20866e-17 1.83655e-03 
8330.00 1.99303e-05 9.95007e-01 2.19598e-17 1.82615e-03 
8340.86 1.99440e-05 9.95032e-01 2.13756e-17 1.78115e-03 
8350.00 1.99990e-05 9.95049e-01 2.08933e-17 1.74771e-03 
8360.71 2.00832e-05 9.95066e-01 2.03391e-17 1.71074e-03 
8369.31 2.00561e-05 9.95080e-01 1.99025e-17 1.67350e-03 
8370.00 2.00468e-05 9.95081e-01 1.98679e-17 1.66995e-03 
8380.58 1.98055e-05 9.95101e-01 1.93420e-17 1.60824e-03 
8390.00 1.96592e-05 9.95120e-01 1.88828e-17 1.56024e-03 
8400.46 1.97920e-05 9.95144e-01 1.83835e-17 1.53119e-03 
8410.00 1.99032e-05 9.95167e-01 1.79371e-17 1.50415e-03 
8411.16 1.98981e-05 9.95170e-01 1.78836e-17 1.49949e-03 
8420.35 1.97254e-05 9.95194e-01 1.74629e-17 1.45313e-03 
8430.00 1.95177e-05 9.95219e-01 1.70302e-17 1.40384e-03 
8440.26 1.95210e-05 9.95244e-01 1.65794e-17 1.36861e-03 
8450.00 1.95799e-05 9.95264e-01 1.61609e-17 1.33966e-03 
8453.21 1.95710e-05 9.95270e-01 1.60247e-17 1.32828e-03 
8460.19 1.95083e-05 9.95281e-01 1.57322e-17 1.30094e-03 
8470.00 1.94203e-05 9.95293e-01 1.53285e-17 1.26332e-03 
8480.13 1.94008e-05 9.95306e-01 1.49205e-17 1.22994e-03 
8490.00 1.91760e-05 9.95320e-01 1.45319e-17 1.18542e-03 
8495.48 1.88660e-05 9.95330e-01 1.43197e-17 1.14999e-03 
8500.09 1.85797e-05 9.95340e-01 1.41433e-17 1.11920e-03 
8510.00 1.83179e-05 9.95365e-01 1.37701e-17 1.07559e-03 
8520.06 1.88399e-05 9.95393e-01 1.33997e-17 1.07779e-03 
8530.00 1.88394e-05 9.95420e-01 1.30421e-17 1.05025e-03 
8537.96 1.76878e-05 9.95440e-01 1.27617e-17 9.65769e-04 
8540.05 1.73191e-05 9.95445e-01 1.26888e-17 9.40476e-04 
8550.00 1.62738e-05 9.95464e-01 1.23470e-17 8.60922e-04 
8560.05 1.75035e-05 9.95476e-01 1.20097e-17 9.01750e-04 
8570.00 1.92017e-05 9.95482e-01 1.16836e-17 9.63505e-04 
8580.07 1.93980e-05 9.95480e-01 1.13613e-17 9.47614e-04 
8580.65 1.93724e-05 9.95480e-01 1.13430e-17 9.44907e-04 
8590.00 1.88491e-05 9.95471e-01 1.10509e-17 8.96675e-04 
8600.10 1.86810e-05 9.95459e-01 1.07427e-17 8.64899e-04 
8610.00 1.87808e-05 9.95449e-01 1.04480e-17 8.46627e-04 
8620.15 1.88275e-05 9.95448e-01 1.01530e-17 8.25743e-04 
8623.55 1.88431e-05 9.95450e-01 1.00559e-17 8.18842e-04 
8630.00 1.89147e-05 9.95459e-01 9.87374e-18 8.07677e-04 
8640.22 1.90688e-05 9.95485e-01 9.59116e-18 7.91913e-04 
8650.00 1.86190e-05 9.95517e-01 9.32712e-18 7.52822e-04 
8660.29 1.71318e-05 9.95556e-01 9.05620e-18 6.73397e-04 
8666.67 1.63492e-05 9.95580e-01 8.89196e-18 6.31460e-04 
8670.00 1.61872e-05 9.95592e-01 8.80713e-18 6.19484e-04 
8680.39 1.69820e-05 9.95627e-01 8.54719e-18 6.31495e-04 
8690.00 1.81968e-05 9.95656e-01 8.31276e-18 6.58860e-04 
8700.50 1.85896e-05 9.95682e-01 8.06315e-18 6.53675e-04 
8710.00 1.84613e-05 9.95700e-01 7.84303e-18 6.32145e-04 
8710.00 1.84613e-05 9.95700e-01 7.84300e-18 6.32143e-04 
8720.63 1.84202e-05 9.95715e-01 7.60316e-18 6.12202e-04 
8730.00 1.83666e-05 9.95728e-01 7.39695e-18 5.94511e-04 
8740.77 1.81084e-05 9.95751e-01 7.16628e-18 5.68588e-04 
8750.00 1.79583e-05 9.95784e-01 6.97357e-18 5.49310e-04 
8753.55 1.79769e-05 9.95800e-01 6.90070e-18 5.44361e-04 
8760.92 1.81204e-05 9.95841e-01 6.75159e-18 5.37325e-04 
8770.00 1.83205e-05 9.95887e-01 6.57195e-18 5.29378e-04 
8781.09 1.83405e-05 9.95904e-01 6.35821e-18 5.13375e-04 
8790.00 1.81865e-05 9.95857e-01 6.19118e-18 4.96171e-04 
8797.32 1.79934e-05 9.95760e-01 6.05687e-18 4.80606e-04 
8801.28 1.78912e-05 9.95681e-01 5.98524e-18 4.72402e-04 
8810.00 1.77534e-05 9.95451e-01 5.83036e-18 4.56979e-04 
8821.49 1.78479e-05 9.95073e-01 5.63183e-18 4.44177e-04 
8830.00 1.79873e-05 9.94773e-01 5.48861e-18 4.36553e-04 
8841.31 1.80405e-05 9.94400e-01 5.30355e-18 4.23464e-04 
8841.70 1.80381e-05 9.94388e-01 5.29713e-18 4.22908e-04 
8850.00 1.79018e-05 9.94165e-01 5.16509e-18 4.09544e-04 
8861.94 1.74980e-05 9.93931e-01 4.98034e-18 3.86415e-04 
8870.00 1.73575e-05 9.93833e-01 4.85898e-18 3.74277e-04 
8882.19 1.76414e-05 9.93783e-01 4.68064e-18 3.66922e-04 
8885.51 1.77582e-05 9.93790e-01 4.63304e-18 3.65733e-04 
8890.00 1.78919e-05 9.93814e-01 4.56948e-18 3.63624e-04 
8902.45 1.79858e-05 9.93950e-01 4.39727e-18 3.52299e-04 
8910.00 1.78975e-05 9.94066e-01 4.29581e-18 3.42809e-04 
8922.73 1.76632e-05 9.94283e-01 4.12948e-18 3.25759e-04 
8929.94 1.75661e-05 9.94400e-01 4.03799e-18 3.17082e-04 
8930.00 1.75655e-05 9.94401e-01 4.03723e-18 3.17016e-04 
8943.03 1.75474e-05 9.94580e-01 3.87653e-18 3.04581e-04 
8950.00 1.75558e-05 9.94664e-01 3.79301e-18 2.98419e-04 
8963.34 1.75181e-05 9.94822e-01 3.63772e-18 2.86059e-04 
8970.00 1.75369e-05 9.94907e-01 3.56245e-18 2.80672e-04 
8974.59 1.75836e-05 9.94970e-01 3.51140e-18 2.77547e-04 
8983.67 1.76398e-05 9.95110e-01 3.41238e-18 2.70895e-04 
8990.00 1.75278e-05 9.95216e-01 3.34489e-18 2.64064e-04 
9004.01 1.67947e-05 9.95462e-01 3.19985e-18 2.42486e-04 
9010.00 1.65934e-05 9.95565e-01 3.13968e-18 2.35254e-04 
9019.46 1.67292e-05 9.95720e-01 3.04671e-18 2.30435e-04 
9024.37 1.69262e-05 9.95793e-01 2.99948e-18 2.29676e-04 
9030.00 1.71544e-05 9.95872e-01 2.94619e-18 2.28796e-04 
9044.75 1.74194e-05 9.96047e-01 2.81068e-18 2.22047e-04 
9050.00 1.74138e-05 9.96099e-01 2.76383e-18 2.18414e-04 
9064.56 1.72207e-05 9.96220e-01 2.63775e-18 2.06495e-04 
9065.14 1.72085e-05 9.96224e-01 2.63286e-18 2.05980e-04 
9070.00 1.70947e-05 9.96256e-01 2.59203e-18 2.01560e-04 
9085.54 1.67075e-05 9.96338e-01 2.46544e-18 1.87710e-04 
9090.00 1.66462e-05 9.96356e-01 2.43024e-18 1.84445e-04 
9105.97 1.67336e-05 9.96409e-01 2.30791e-18 1.76398e-04 
9109.88 1.67956e-05 9.96420e-01 2.27880e-18 1.74896e-04 
9110.00 1.67975e-05 9.96420e-01 2.27793e-18 1.74852e-04 
9126.40 1.70167e-05 9.96460e-01 2.15973e-18 1.68250e-04 
9130.00 1.70296e-05 9.96467e-01 2.13460e-18 1.66486e-04 
9146.86 1.68872e-05 9.96502e-01 2.02040e-18 1.56556e-04 
9150.00 1.68486e-05 9.96509e-01 1.99976e-18 1.54656e-04 
9155.43 1.67914e-05 9.96520e-01 1.96455e-18 1.51509e-04 
9167.33 1.67269e-05 9.96546e-01 1.88947e-18 1.45351e-04 
9170.00 1.67266e-05 9.96552e-01 1.87297e-18 1.44122e-04 
9187.81 1.67536e-05 9.96592e-01 1.76646e-18 1.36416e-04 
9190.00 1.67390e-05 9.96596e-01 1.75378e-18 1.35352e-04 
9201.21 1.65445e-05 9.96620e-01 1.69015e-18 1.29085e-04 
9208.31 1.63435e-05 9.96634e-01 1.65095e-18 1.24657e-04 
9210.00 1.62899e-05 9.96637e-01 1.64177e-18 1.23581e-04 
9228.83 1.57939e-05 9.96671e-01 1.54252e-18 1.12809e-04 
9230.00 1.57854e-05 9.96672e-01 1.53655e-18 1.12326e-04 
9247.21 1.60010e-05 9.96700e-01 1.45113e-18 1.07733e-04 
9249.36 1.60438e-05 9.96703e-01 1.44078e-18 1.07277e-04 
9250.00 1.60559e-05 9.96704e-01 1.43774e-18 1.07139e-04 
9269.91 1.62723e-05 9.96734e-01 1.34536e-18 1.01828e-04 
9270.00 1.62726e-05 9.96735e-01 1.34497e-18 1.01801e-04 
9290.00 1.62727e-05 9.96765e-01 1.25790e-18 9.54194e-05 
9290.48 1.62732e-05 9.96765e-01 1.25589e-18 9.52750e-05 
9293.45 1.62790e-05 9.96770e-01 1.24343e-18 9.43941e-05 
9310.00 1.63112e-05 9.96796e-01 1.17621e-18 8.96296e-05 
9311.06 1.63091e-05 9.96797e-01 1.17203e-18 8.93097e-05 
9330.00 1.61990e-05 9.96826e-01 1.09959e-18 8.33959e-05 
9331.66 1.61902e-05 9.96828e-01 1.09347e-18 8.29013e-05 
9339.92 1.61560e-05 9.96840e-01 1.06338e-18 8.05220e-05 
9350.00 1.61110e-05 9.96854e-01 1.02775e-18 7.76919e-05 
9352.27 1.60968e-05 9.96857e-01 1.01989e-18 7.70485e-05 
9370.00 1.60203e-05 9.96879e-01 9.60396e-19 7.23482e-05 
9372.90 1.60313e-05 9.96883e-01 9.50999e-19 7.17119e-05 
9386.62 1.60328e-05 9.96900e-01 9.07666e-19 6.85518e-05 
9390.00 1.59702e-05 9.96904e-01 8.97279e-19 6.75276e-05 
9393.54 1.58618e-05 9.96909e-01 8.86525e-19 6.62904e-05 
9410.00 1.53420e-05 9.96931e-01 8.38145e-19 6.07266e-05 
9414.20 1.53647e-05 9.96936e-01 8.26204e-19 5.99773e-05 
9430.00 1.57239e-05 9.96956e-01 7.82756e-19 5.82501e-05 
9433.55 1.57323e-05 9.96960e-01 7.73297e-19 5.75988e-05 
9434.88 1.57245e-05 9.96962e-01 7.69787e-19 5.73173e-05 
9450.00 1.55223e-05 9.96977e-01 7.30890e-19 5.38082e-05 
9455.57 1.55332e-05 9.96982e-01 7.17039e-19 5.28569e-05 
9470.00 1.57149e-05 9.96994e-01 6.82335e-19 5.09654e-05 
9476.28 1.57495e-05 9.96998e-01 6.67737e-19 5.00182e-05 
9480.72 1.57476e-05 9.97000e-01 6.57605e-19 4.92763e-05 
9490.00 1.56994e-05 9.97004e-01 6.36891e-19 4.76249e-05 
9497.01 1.56472e-05 9.97007e-01 6.21672e-19 4.63667e-05 
9510.00 1.55777e-05 9.97014e-01 5.94368e-19 4.41940e-05 
9517.75 1.55685e-05 9.97020e-01 5.78643e-19 4.30347e-05 
9528.12 1.54579e-05 9.97030e-01 5.58212e-19 4.12658e-05 
9530.00 1.54101e-05 9.97032e-01 5.54589e-19 4.08793e-05 
9538.50 1.50920e-05 9.97044e-01 5.38463e-19 3.89063e-05 
9550.00 1.47717e-05 9.97062e-01 5.17386e-19 3.66347e-05 
9559.28 1.49172e-05 9.97076e-01 5.00956e-19 3.58562e-05 
9570.00 1.52570e-05 9.97087e-01 4.82599e-19 3.53691e-05 
9575.76 1.53596e-05 9.97090e-01 4.73002e-19 3.49199e-05 
9580.07 1.53900e-05 9.97091e-01 4.65953e-19 3.44831e-05 
9590.00 1.53648e-05 9.97087e-01 4.50078e-19 3.32882e-05 
9600.87 1.52771e-05 9.97079e-01 4.33297e-19 3.19000e-05 
9610.00 1.51932e-05 9.97070e-01 4.19683e-19 3.07569e-05 
9621.70 1.51017e-05 9.97061e-01 4.02839e-19 2.93802e-05 
9623.64 1.50893e-05 9.97060e-01 4.00102e-19 2.91625e-05 
9630.00 1.50553e-05 9.97057e-01 3.91281e-19 2.84740e-05 
9642.54 1.50107e-05 9.97054e-01 3.74440e-19 2.72030e-05 
9650.00 1.49793e-05 9.97049e-01 3.64747e-19 2.64636e-05 
9663.39 1.49041e-05 9.97032e-01 3.47967e-19 2.51540e-05 
9670.00 1.48940e-05 9.97015e-01 3.39963e-19 2.45750e-05 
9671.76 1.48978e-05 9.97010e-01 3.37862e-19 2.44337e-05 
9684.26 1.49683e-05 9.96960e-01 3.23297e-19 2.35202e-05 
9690.00 1.49912e-05 9.96932e-01 3.16818e-19 2.30972e-05 
9705.15 1.49476e-05 9.96852e-01 3.00314e-19 2.18626e-05 
9710.00 1.49274e-05 9.96827e-01 2.95207e-19 2.14720e-05 
9720.12 1.49080e-05 9.96780e-01 2.84827e-19 2.07108e-05 
9726.05 1.48950e-05 9.96758e-01 2.78907e-19 2.02744e-05 
9730.00 1.48780e-05 9.96746e-01 2.75034e-19 1.99780e-05 
9746.97 1.47307e-05 9.96731e-01 2.58973e-19 1.86573e-05 
9750.00 1.47046e-05 9.96736e-01 2.56205e-19 1.84311e-05 
9767.91 1.46856e-05 9.96823e-01 2.40416e-19 1.73061e-05 
9768.72 1.46934e-05 9.96830e-01 2.39724e-19 1.72670e-05 
9770.00 1.47076e-05 9.96841e-01 2.38636e-19 1.72077e-05 
9788.86 1.52800e-05 9.97088e-01 2.23145e-19 1.67533e-05 
