##### EXOPHOT SPECTRAL OVERLAP FILE #####
# Date: 02/12/2021 11:19:11
# SED file: SED_a5v.txt
# atmosphere file: atm_a5v_hzm_os4.txt
# photopigment file: ChlA-TD-DFT.txt
# Stellar radius (Rs in km): 1.183778e+06
# Exoplanet orbit semi-major axis (sma in km): 5.183426e+08
# Total absorption rate (gamma_t in s-1): 1.51042e+01
# B band absorption rate (gamma_B in s-1): 1.10265e+01
# Q band absorption rate (gamma_Q in s-1): 4.07778e+00
# B-Q bands cut-off (in nm): 500
# photosynthetic photon flux density [ppfd in micromol photon m-2 s-1]: 2.67698e+03
# Total Stellar Irradiance (S in W m-2): 1.37004e+03
# -------------------------------------------------
# Col 1: Wavelength (wl in Angstrom) 
# Col 2: Spectral Flux Density (F_l in J cm-2 s-1 A-1) 
# Col 3: Atmosphere transmitance (T, no units) 
# Col 4: Pigment absorption cross section (sigma_abs in cm-2) 
# Col 5: Spectral Absorption Rate (Gamma_lambda in A-1 s-1)
2305.33 1.33680e-05 4.27420e-01 0.00000e+00 0.00000e+00 
2311.24 1.26566e-05 4.31230e-01 -5.56996e-33 -3.53709e-20 
2315.00 1.24685e-05 4.33636e-01 -4.71514e-33 -2.97105e-20 
2320.85 1.23076e-05 4.37360e-01 0.00000e+00 0.00000e+00 
2322.80 1.22338e-05 4.38600e-01 1.80862e-33 1.13479e-20 
2325.00 1.21100e-05 4.39992e-01 3.62678e-33 2.26180e-20 
2334.41 1.06216e-05 4.45910e-01 3.01854e-33 1.68010e-20 
2335.00 1.04550e-05 4.46276e-01 2.25238e-33 1.23532e-20 
2336.37 1.00283e-05 4.47134e-01 0.00000e+00 0.00000e+00 
2345.00 8.60308e-06 4.52489e-01 -1.72404e-32 -7.92274e-20 
2346.09 8.88058e-06 4.53160e-01 -1.75597e-32 -8.34597e-20 
2351.91 1.13812e-05 4.56747e-01 0.00000e+00 0.00000e+00 
2355.00 1.20433e-05 4.58638e-01 2.80562e-32 1.83721e-19 
2357.82 1.15143e-05 4.60360e-01 6.98880e-32 4.39714e-19 
2365.00 8.98158e-06 4.64733e-01 2.72734e-31 1.35534e-18 
2367.46 9.11364e-06 4.66226e-01 3.82353e-31 1.93624e-18 
2369.61 9.62284e-06 4.67520e-01 5.00904e-31 2.68817e-18 
2375.00 1.06426e-05 4.70766e-01 1.02991e-30 6.16939e-18 
2381.45 8.75087e-06 4.74620e-01 2.49950e-30 1.24456e-17 
2383.02 8.20028e-06 4.75553e-01 3.05883e-30 1.43098e-17 
2385.00 7.74490e-06 4.76724e-01 3.91341e-30 1.73480e-17 
2393.36 8.89326e-06 4.81650e-01 1.13640e-29 5.86481e-17 
2395.00 9.18311e-06 4.82611e-01 1.39459e-29 7.45182e-17 
2398.60 9.35218e-06 4.84716e-01 2.14118e-29 1.17202e-16 
2405.00 8.86026e-06 4.88449e-01 4.48335e-29 2.34913e-16 
2405.33 8.83617e-06 4.88640e-01 4.66164e-29 2.43719e-16 
2414.18 9.12722e-06 4.93753e-01 1.30765e-28 7.16196e-16 
2415.00 9.27589e-06 4.94225e-01 1.43067e-28 7.97369e-16 
2417.35 9.82213e-06 4.95570e-01 1.84885e-28 1.09515e-15 
2425.00 1.14960e-05 4.99889e-01 4.37112e-28 3.06654e-15 
2429.44 1.14163e-05 5.02370e-01 7.10986e-28 4.98700e-15 
2429.77 1.13883e-05 5.02552e-01 7.36030e-28 5.15258e-15 
2435.00 1.10475e-05 5.05458e-01 1.27469e-27 8.72524e-15 
2441.59 1.16944e-05 5.09110e-01 2.58690e-27 1.89306e-14 
2445.00 1.20558e-05 5.11004e-01 3.68835e-27 2.79677e-14 
2445.37 1.20770e-05 5.11210e-01 3.82965e-27 2.91063e-14 
2453.80 1.18884e-05 5.15880e-01 8.97503e-27 6.79941e-14 
2455.00 1.18580e-05 5.16544e-01 1.01534e-26 7.68612e-14 
2460.98 1.19269e-05 5.19829e-01 1.84707e-26 1.41874e-13 
2465.00 1.18422e-05 5.22020e-01 2.71287e-26 2.08108e-13 
2466.07 1.17578e-05 5.22600e-01 3.00615e-26 2.29316e-13 
2475.00 1.08803e-05 5.27441e-01 7.12550e-26 5.09483e-13 
2476.61 1.08975e-05 5.28308e-01 8.27768e-26 5.94161e-13 
2478.40 1.09885e-05 5.29270e-01 9.75004e-26 7.07481e-13 
2485.00 1.11773e-05 5.32809e-01 1.78877e-25 1.33264e-12 
2490.79 1.04402e-05 5.35890e-01 3.03626e-25 2.13002e-12 
2492.24 1.03379e-05 5.36661e-01 3.45475e-25 2.40470e-12 
2495.00 1.05226e-05 5.38119e-01 4.39475e-25 3.12557e-12 
2503.24 1.30598e-05 5.42450e-01 9.03827e-25 8.06879e-12 
2505.00 1.31147e-05 5.43369e-01 1.05264e-24 9.45936e-12 
2507.89 1.23540e-05 5.44873e-01 1.34578e-24 1.14368e-11 
2513.00 1.06490e-05 5.47525e-01 2.05795e-24 1.51797e-11 
2515.76 1.07122e-05 5.48950e-01 2.58882e-24 1.92798e-11 
2518.00 1.08807e-05 5.50106e-01 3.11929e-24 2.36667e-11 
2523.54 9.98684e-06 5.52951e-01 4.90352e-24 3.43998e-11 
2525.00 9.68569e-06 5.53697e-01 5.50526e-24 3.75288e-11 
2528.34 9.29053e-06 5.55400e-01 7.16245e-24 4.70399e-11 
2535.00 9.07097e-06 5.58784e-01 1.21056e-23 7.83042e-11 
2539.21 8.80407e-06 5.60909e-01 1.67466e-23 1.05712e-10 
2540.98 8.70662e-06 5.61800e-01 1.91386e-23 1.19748e-10 
2545.00 8.74682e-06 5.63817e-01 2.58639e-23 1.63416e-10 
2553.68 1.00375e-05 5.68140e-01 4.92436e-23 3.61012e-10 
2554.88 1.01403e-05 5.68735e-01 5.37152e-23 3.98431e-10 
2555.00 1.01470e-05 5.68792e-01 5.41637e-23 4.02082e-10 
2565.00 9.93218e-06 5.73719e-01 1.10121e-22 8.10257e-10 
2566.45 1.00595e-05 5.74430e-01 1.21926e-22 9.10268e-10 
2570.57 1.07396e-05 5.76442e-01 1.62131e-22 1.29886e-09 
2575.00 1.14877e-05 5.78596e-01 2.18669e-22 1.88407e-09 
2579.28 1.17365e-05 5.80670e-01 2.91321e-22 2.57788e-09 
2585.00 1.15740e-05 5.83423e-01 4.24910e-22 3.73376e-09 
2586.27 1.15180e-05 5.84032e-01 4.61367e-22 4.04072e-09 
2592.18 1.12587e-05 5.86860e-01 6.72713e-22 5.80018e-09 
2595.00 1.11219e-05 5.88204e-01 8.03853e-22 6.86981e-09 
2601.98 1.06584e-05 5.91511e-01 1.24002e-21 1.02403e-08 
2605.00 1.03505e-05 5.92934e-01 1.48903e-21 1.19839e-08 
2605.14 1.03339e-05 5.93000e-01 1.50173e-21 1.20688e-08 
2615.00 9.76204e-06 5.97595e-01 2.69693e-21 2.07115e-08 
2617.70 1.02294e-05 5.98843e-01 3.15339e-21 2.54555e-08 
2618.17 1.03367e-05 5.99060e-01 3.23976e-21 2.64415e-08 
2625.00 1.18524e-05 6.02207e-01 4.77144e-21 4.50042e-08 
2631.26 1.20340e-05 6.05070e-01 6.75307e-21 6.51332e-08 
2633.43 1.21020e-05 6.06057e-01 7.60029e-21 7.39004e-08 
2635.00 1.22615e-05 6.06771e-01 8.27377e-21 8.16540e-08 
2644.41 1.48095e-05 6.11020e-01 1.36135e-20 1.63991e-07 
2645.00 1.49564e-05 6.11283e-01 1.40347e-20 1.70853e-07 
2649.17 1.56169e-05 6.13150e-01 1.73900e-20 2.22073e-07 
2655.00 1.52479e-05 6.15750e-01 2.33156e-20 2.92583e-07 
2657.64 1.45591e-05 6.16920e-01 2.65657e-20 3.19230e-07 
2664.92 1.27306e-05 6.20131e-01 3.78340e-20 4.00704e-07 
2665.00 1.27237e-05 6.20167e-01 3.79828e-20 4.02097e-07 
2670.92 1.32186e-05 6.22760e-01 5.02086e-20 5.55738e-07 
2675.00 1.39263e-05 6.24534e-01 6.06128e-20 7.09907e-07 
2680.68 1.41803e-05 6.26991e-01 7.83871e-20 9.40500e-07 
2684.28 1.39054e-05 6.28540e-01 9.19353e-20 1.08580e-06 
2685.00 1.38186e-05 6.28849e-01 9.48907e-20 1.11456e-06 
2695.00 1.27012e-05 6.33115e-01 1.45765e-19 1.59024e-06 
2696.45 1.27510e-05 6.33731e-01 1.54895e-19 1.69903e-06 
2697.70 1.28464e-05 6.34260e-01 1.63143e-19 1.80525e-06 
2705.00 1.34281e-05 6.37340e-01 2.19698e-19 2.56037e-06 
2711.19 1.27288e-05 6.39930e-01 2.80678e-19 3.12041e-06 
2712.24 1.25553e-05 6.40365e-01 2.92339e-19 3.20917e-06 
2715.00 1.21493e-05 6.41512e-01 3.25211e-19 3.46431e-06 
2724.74 1.23714e-05 6.45520e-01 4.68408e-19 5.13100e-06 
2725.00 1.24188e-05 6.45624e-01 4.72801e-19 5.20031e-06 
2728.03 1.30932e-05 6.46862e-01 5.27721e-19 6.13811e-06 
2735.00 1.37012e-05 6.49701e-01 6.75387e-19 8.27762e-06 
2738.37 1.26249e-05 6.51070e-01 7.58652e-19 8.59633e-06 
2743.83 1.03335e-05 6.53284e-01 9.12391e-19 8.50771e-06 
2745.00 1.00317e-05 6.53753e-01 9.48411e-19 8.59509e-06 
2752.06 1.03693e-05 6.56550e-01 1.19304e-18 1.12526e-05 
2755.00 1.08739e-05 6.57684e-01 1.30947e-18 1.29880e-05 
2759.65 1.12546e-05 6.59451e-01 1.51283e-18 1.55984e-05 
2765.00 1.16100e-05 6.61477e-01 1.77848e-18 1.90115e-05 
2765.82 1.17156e-05 6.61790e-01 1.82240e-18 1.96732e-05 
2775.00 1.33236e-05 6.65329e-01 2.37675e-18 2.94326e-05 
2775.47 1.33812e-05 6.65513e-01 2.40876e-18 2.99712e-05 
2779.65 1.35029e-05 6.67130e-01 2.70517e-18 3.40992e-05 
2785.00 1.20892e-05 6.69190e-01 3.12645e-18 3.54606e-05 
2791.31 8.05500e-06 6.71601e-01 3.68751e-18 2.80312e-05 
2793.55 6.75031e-06 6.72450e-01 3.90386e-18 2.49205e-05 
2795.00 6.13155e-06 6.73000e-01 4.04946e-18 2.35119e-05 
2805.00 7.73666e-06 6.76762e-01 5.16600e-18 3.81944e-05 
2807.16 9.05469e-06 6.77567e-01 5.43429e-18 4.71150e-05 
2807.52 9.28798e-06 6.77700e-01 5.47950e-18 4.87467e-05 
2815.00 1.38034e-05 6.80472e-01 6.49352e-18 8.64326e-05 
2821.55 1.49875e-05 6.82880e-01 7.48399e-18 1.08798e-04 
2823.02 1.49642e-05 6.83416e-01 7.71876e-18 1.12182e-04 
2825.00 1.48558e-05 6.84140e-01 8.04436e-18 1.16272e-04 
2835.00 1.40562e-05 6.87772e-01 9.82527e-18 1.35560e-04 
2835.66 1.40157e-05 6.88010e-01 9.95110e-18 1.36981e-04 
2838.89 1.38426e-05 6.89171e-01 1.05796e-17 1.44239e-04 
2845.00 1.33128e-05 6.91358e-01 1.18351e-17 1.56009e-04 
2849.84 1.25255e-05 6.93080e-01 1.28872e-17 1.60502e-04 
2854.77 1.21936e-05 6.94827e-01 1.40095e-17 1.70578e-04 
2855.00 1.22075e-05 6.94909e-01 1.40637e-17 1.71469e-04 
2864.09 1.39695e-05 6.98100e-01 1.62637e-17 2.28680e-04 
2865.00 1.40849e-05 6.98417e-01 1.64926e-17 2.33994e-04 
2870.66 1.39973e-05 7.00374e-01 1.79448e-17 2.54225e-04 
2875.00 1.36899e-05 7.01865e-01 1.90927e-17 2.65510e-04 
2878.41 1.37352e-05 7.03030e-01 2.00118e-17 2.80008e-04 
2885.00 1.39067e-05 7.05273e-01 2.18263e-17 3.10908e-04 
2886.56 1.38090e-05 7.05802e-01 2.22619e-17 3.15290e-04 
2892.80 1.31709e-05 7.07910e-01 2.40226e-17 3.26179e-04 
2895.00 1.30927e-05 7.08650e-01 2.46481e-17 3.33286e-04 
2902.47 1.40145e-05 7.11149e-01 2.67832e-17 3.90024e-04 
2907.27 1.49531e-05 7.12740e-01 2.81526e-17 4.39125e-04 
2910.00 1.53634e-05 7.13643e-01 2.89312e-17 4.64676e-04 
2918.40 1.55253e-05 7.16393e-01 3.12938e-17 5.11347e-04 
2921.80 1.52742e-05 7.17500e-01 3.22347e-17 5.19611e-04 
2930.00 1.45243e-05 7.20145e-01 3.44414e-17 5.31356e-04 
2934.33 1.42883e-05 7.21534e-01 3.55658e-17 5.41630e-04 
2936.41 1.42285e-05 7.22200e-01 3.60941e-17 5.48269e-04 
2950.00 1.43975e-05 7.26517e-01 3.93265e-17 6.10893e-04 
2950.28 1.44068e-05 7.26604e-01 3.93876e-17 6.12365e-04 
2951.09 1.44347e-05 7.26860e-01 3.95680e-17 6.16749e-04 
2965.85 1.49417e-05 7.31420e-01 4.25243e-17 6.93866e-04 
2966.23 1.49518e-05 7.31537e-01 4.25931e-17 6.95660e-04 
2970.00 1.50323e-05 7.32689e-01 4.32476e-17 7.12174e-04 
2980.68 1.50928e-05 7.35930e-01 4.48788e-17 7.47974e-04 
2982.20 1.50924e-05 7.36388e-01 4.50842e-17 7.52228e-04 
2990.00 1.51160e-05 7.38726e-01 4.60326e-17 7.73713e-04 
2995.58 1.51921e-05 7.40390e-01 4.66061e-17 7.90542e-04 
2998.18 1.52388e-05 7.41163e-01 4.68440e-17 7.98542e-04 
3010.00 1.54070e-05 7.44657e-01 4.77097e-17 8.29415e-04 
3010.56 1.54091e-05 7.44820e-01 4.77424e-17 8.30428e-04 
3014.16 1.54050e-05 7.45866e-01 4.79365e-17 8.35757e-04 
3025.61 1.52775e-05 7.49140e-01 4.83802e-17 8.43369e-04 
3030.00 1.52244e-05 7.50386e-01 4.84907e-17 8.44987e-04 
3030.16 1.52228e-05 7.50433e-01 4.84943e-17 8.45056e-04 
3040.74 1.51698e-05 7.53420e-01 4.86548e-17 8.51229e-04 
3046.18 1.51710e-05 7.54944e-01 4.86948e-17 8.55240e-04 
3050.00 1.51769e-05 7.56009e-01 4.87112e-17 8.58145e-04 
3055.94 1.51907e-05 7.57650e-01 4.87243e-17 8.62701e-04 
3062.20 1.52228e-05 7.59357e-01 4.87308e-17 8.68362e-04 
3070.00 1.53131e-05 7.61462e-01 4.87436e-17 8.78395e-04 
3071.22 1.53341e-05 7.61790e-01 4.87471e-17 8.80392e-04 
3078.23 1.54715e-05 7.63662e-01 4.87801e-17 8.93098e-04 
3086.58 1.55812e-05 7.65880e-01 4.88588e-17 9.05951e-04 
3090.00 1.55765e-05 7.66786e-01 4.89062e-17 9.08635e-04 
3094.27 1.55144e-05 7.67914e-01 4.89794e-17 9.08958e-04 
3102.01 1.53003e-05 7.69940e-01 4.91548e-17 9.04251e-04 
3110.00 1.50644e-05 7.71999e-01 4.93954e-17 8.99369e-04 
3110.33 1.50565e-05 7.72083e-01 4.94066e-17 8.99295e-04 
3117.52 1.49397e-05 7.73920e-01 4.96778e-17 9.01434e-04 
3126.39 1.49417e-05 7.76170e-01 5.00747e-17 9.13988e-04 
3130.00 1.49879e-05 7.77068e-01 5.02540e-17 9.22230e-04 
3133.11 1.50479e-05 7.77830e-01 5.04158e-17 9.30736e-04 
3142.47 1.52935e-05 7.80054e-01 5.09367e-17 9.61293e-04 
3148.77 1.54612e-05 7.81530e-01 5.13087e-17 9.82752e-04 
3150.00 1.54895e-05 7.81818e-01 5.13823e-17 9.86714e-04 
3158.56 1.56091e-05 7.83847e-01 5.19017e-17 1.00972e-03 
3164.52 1.55683e-05 7.85270e-01 5.22629e-17 1.01785e-03 
3170.00 1.54013e-05 7.86577e-01 5.25889e-17 1.01666e-03 
3174.66 1.51531e-05 7.87685e-01 5.28580e-17 1.00829e-03 
3180.34 1.48010e-05 7.89030e-01 5.31731e-17 9.94200e-04 
3190.00 1.44275e-05 7.91293e-01 5.36646e-17 9.83855e-04 
3190.77 1.44250e-05 7.91471e-01 5.37009e-17 9.84806e-04 
3196.24 1.45247e-05 7.92740e-01 5.39472e-17 9.99469e-04 
3206.89 1.48895e-05 7.95179e-01 5.43589e-17 1.03902e-03 
3210.00 1.49197e-05 7.95887e-01 5.44622e-17 1.04505e-03 
3212.22 1.48957e-05 7.96390e-01 5.45314e-17 1.04608e-03 
3223.02 1.44696e-05 7.98811e-01 5.48182e-17 1.02804e-03 
3228.29 1.42805e-05 7.99980e-01 5.49328e-17 1.01988e-03 
3230.00 1.42498e-05 8.00359e-01 5.49675e-17 1.01936e-03 
3239.16 1.43894e-05 8.02366e-01 5.51395e-17 1.03809e-03 
3244.43 1.46013e-05 8.03510e-01 5.52360e-17 1.05844e-03 
3250.00 1.48276e-05 8.04713e-01 5.53459e-17 1.08045e-03 
3255.32 1.49817e-05 8.05853e-01 5.54666e-17 1.09740e-03 
3260.65 1.50762e-05 8.06990e-01 5.56122e-17 1.11060e-03 
3270.00 1.51481e-05 8.08966e-01 5.59583e-17 1.12882e-03 
3271.48 1.51533e-05 8.09277e-01 5.60267e-17 1.13154e-03 
3276.95 1.51689e-05 8.10420e-01 5.63202e-17 1.14215e-03 
3287.66 1.52286e-05 8.12630e-01 5.71212e-17 1.16993e-03 
3290.00 1.52555e-05 8.13109e-01 5.73447e-17 1.17811e-03 
3293.34 1.53051e-05 8.13790e-01 5.76975e-17 1.19142e-03 
3303.84 1.54692e-05 8.15916e-01 5.91089e-17 1.24082e-03 
3309.80 1.54955e-05 8.17110e-01 6.01429e-17 1.26880e-03 
3310.00 1.54948e-05 8.17149e-01 6.01801e-17 1.26967e-03 
3320.04 1.53403e-05 8.19142e-01 6.23828e-17 1.31016e-03 
3326.35 1.51906e-05 8.20380e-01 6.40921e-17 1.33747e-03 
3330.00 1.51135e-05 8.21090e-01 6.52053e-17 1.35646e-03 
3336.25 1.50228e-05 8.22298e-01 6.73418e-17 1.39716e-03 
3342.98 1.49640e-05 8.23590e-01 6.99859e-17 1.45154e-03 
3350.00 1.49112e-05 8.24928e-01 7.31443e-17 1.51732e-03 
3352.47 1.48883e-05 8.25397e-01 7.43604e-17 1.54219e-03 
3359.70 1.48129e-05 8.26760e-01 7.82351e-17 1.62049e-03 
3368.70 1.47382e-05 8.28436e-01 8.37570e-17 1.73424e-03 
3370.00 1.47323e-05 8.28676e-01 8.46168e-17 1.75253e-03 
3376.50 1.47269e-05 8.29870e-01 8.91834e-17 1.85266e-03 
3384.95 1.47622e-05 8.31410e-01 9.57648e-17 2.00285e-03 
3390.00 1.47943e-05 8.32323e-01 1.00053e-16 2.10252e-03 
3393.38 1.48165e-05 8.32930e-01 1.03070e-16 2.17291e-03 
3401.20 1.48683e-05 8.34325e-01 1.10506e-16 2.34713e-03 
3410.00 1.49290e-05 8.35879e-01 1.19623e-16 2.56252e-03 
3410.35 1.49314e-05 8.35940e-01 1.19999e-16 2.57145e-03 
3417.47 1.49808e-05 8.37188e-01 1.27973e-16 2.76123e-03 
3427.40 1.50240e-05 8.38910e-01 1.39913e-16 3.04261e-03 
3430.00 1.50258e-05 8.39356e-01 1.43191e-16 3.11828e-03 
3433.74 1.50193e-05 8.39995e-01 1.48015e-16 3.22791e-03 
3444.54 1.49537e-05 8.41820e-01 1.62576e-16 3.54878e-03 
3450.00 1.49040e-05 8.42737e-01 1.70293e-16 3.71478e-03 
3450.03 1.49037e-05 8.42742e-01 1.70339e-16 3.71577e-03 
3461.76 1.47861e-05 8.44690e-01 1.87578e-16 4.08277e-03 
3466.33 1.47404e-05 8.45441e-01 1.94518e-16 4.23003e-03 
3470.00 1.47050e-05 8.46040e-01 2.00159e-16 4.34995e-03 
3479.07 1.46370e-05 8.47510e-01 2.14342e-16 4.65683e-03 
3482.64 1.46283e-05 8.48086e-01 2.20008e-16 4.78525e-03 
3490.00 1.46670e-05 8.49265e-01 2.31764e-16 5.07199e-03 
3496.46 1.47723e-05 8.50290e-01 2.42153e-16 5.35374e-03 
3498.96 1.48211e-05 8.50683e-01 2.46179e-16 5.46718e-03 
3510.00 1.49706e-05 8.52401e-01 2.63908e-16 5.95068e-03 
3513.95 1.49623e-05 8.53010e-01 2.70203e-16 6.10042e-03 
3515.30 1.49528e-05 8.53218e-01 2.72351e-16 6.14888e-03 
3530.00 1.48861e-05 8.55470e-01 2.95326e-16 6.68324e-03 
3531.51 1.49060e-05 8.55700e-01 2.97641e-16 6.74933e-03 
3531.64 1.49080e-05 8.55719e-01 2.97834e-16 6.75499e-03 
3548.00 1.52219e-05 8.58166e-01 3.21969e-16 7.51208e-03 
3549.17 1.52210e-05 8.58340e-01 3.23635e-16 7.55457e-03 
3550.00 1.52162e-05 8.58462e-01 3.24802e-16 7.58226e-03 
3564.36 1.47594e-05 8.60561e-01 3.44173e-16 7.84389e-03 
3566.92 1.46622e-05 8.60930e-01 3.47430e-16 7.87502e-03 
3570.00 1.45651e-05 8.61374e-01 3.51278e-16 7.92040e-03 
3580.74 1.44424e-05 8.62911e-01 3.63967e-16 8.17639e-03 
3584.75 1.44478e-05 8.63480e-01 3.68402e-16 8.29389e-03 
3590.00 1.44607e-05 8.64221e-01 3.73947e-16 8.44582e-03 
3597.13 1.44567e-05 8.65220e-01 3.81005e-16 8.62989e-03 
3602.68 1.44560e-05 8.65990e-01 3.86103e-16 8.76623e-03 
3610.00 1.45019e-05 8.66996e-01 3.92310e-16 8.96400e-03 
3613.53 1.45538e-05 8.67478e-01 3.95088e-16 9.07368e-03 
3620.69 1.46629e-05 8.68450e-01 4.00287e-16 9.29073e-03 
3629.94 1.46178e-05 8.69699e-01 4.06167e-16 9.43578e-03 
3630.00 1.46163e-05 8.69706e-01 4.06199e-16 9.43582e-03 
3638.79 1.44020e-05 8.70880e-01 4.10917e-16 9.44095e-03 
3640.00 1.44176e-05 8.71040e-01 4.11500e-16 9.46949e-03 
3646.37 1.47642e-05 8.71878e-01 4.14331e-16 9.79031e-03 
3650.00 1.50038e-05 8.72353e-01 4.15761e-16 9.99889e-03 
3656.99 1.52046e-05 8.73260e-01 4.18150e-16 1.02211e-02 
3662.80 1.51416e-05 8.74010e-01 4.19790e-16 1.02437e-02 
3670.00 1.48859e-05 8.74930e-01 4.21403e-16 1.01399e-02 
3675.27 1.46461e-05 8.75600e-01 4.22310e-16 1.00201e-02 
3679.25 1.44736e-05 8.76102e-01 4.22848e-16 9.93114e-03 
3690.00 1.42441e-05 8.77447e-01 4.23719e-16 9.83752e-03 
3693.65 1.42975e-05 8.77900e-01 4.23836e-16 9.89196e-03 
3695.71 1.43521e-05 8.78155e-01 4.23865e-16 9.93885e-03 
3710.00 1.47080e-05 8.79904e-01 4.23394e-16 1.02336e-02 
3712.12 1.46902e-05 8.80160e-01 4.23234e-16 1.02262e-02 
3712.18 1.46893e-05 8.80167e-01 4.23229e-16 1.02257e-02 
3728.66 1.48387e-05 8.82140e-01 4.21315e-16 1.03518e-02 
3730.00 1.49743e-05 8.82300e-01 4.21114e-16 1.04471e-02 
3730.68 1.50550e-05 8.82380e-01 4.21010e-16 1.05037e-02 
3745.15 1.77824e-05 8.84084e-01 4.18461e-16 1.24031e-02 
3749.33 1.84869e-05 8.84570e-01 4.17623e-16 1.28901e-02 
3750.00 1.85778e-05 8.84647e-01 4.17486e-16 1.29527e-02 
3761.65 1.93670e-05 8.85982e-01 4.14943e-16 1.34827e-02 
3768.08 1.97055e-05 8.86710e-01 4.13440e-16 1.37033e-02 
3770.00 1.98743e-05 8.86927e-01 4.12978e-16 1.38156e-02 
3778.17 2.11277e-05 8.87846e-01 4.10957e-16 1.46619e-02 
3786.92 2.33619e-05 8.88820e-01 4.08700e-16 1.61784e-02 
3790.00 2.43461e-05 8.89160e-01 4.07884e-16 1.68465e-02 
3794.70 2.59684e-05 8.89676e-01 4.06619e-16 1.79459e-02 
3805.85 2.86222e-05 8.90890e-01 4.03512e-16 1.97132e-02 
3810.00 2.84524e-05 8.91338e-01 4.02318e-16 1.95695e-02 
3811.23 2.82215e-05 8.91471e-01 4.01959e-16 1.94025e-02 
3824.88 2.33115e-05 8.92930e-01 3.97846e-16 1.59457e-02 
3827.78 2.26510e-05 8.93237e-01 3.96935e-16 1.54755e-02 
3830.00 2.24712e-05 8.93470e-01 3.96230e-16 1.53383e-02 
3844.01 2.77364e-05 8.94930e-01 3.91564e-16 1.88083e-02 
3844.34 2.79480e-05 8.94965e-01 3.91447e-16 1.89485e-02 
3850.00 3.16237e-05 8.95546e-01 3.89442e-16 2.13760e-02 
3860.92 3.70640e-05 8.96657e-01 3.85351e-16 2.48913e-02 
3863.23 3.74316e-05 8.96890e-01 3.84445e-16 2.51006e-02 
3870.00 3.58291e-05 8.97571e-01 3.81696e-16 2.39143e-02 
3877.50 2.92078e-05 8.98320e-01 3.78486e-16 1.93845e-02 
3882.54 2.41998e-05 8.98820e-01 3.76223e-16 1.59945e-02 
3890.00 2.05252e-05 8.99555e-01 3.72709e-16 1.34759e-02 
3894.10 2.19733e-05 8.99957e-01 3.70690e-16 1.43700e-02 
3901.96 2.91500e-05 9.00720e-01 3.66633e-16 1.89089e-02 
3910.00 3.57938e-05 9.01492e-01 3.62219e-16 2.30060e-02 
3910.70 3.60753e-05 9.01559e-01 3.61819e-16 2.31672e-02 
3921.46 3.48281e-05 9.02580e-01 3.55447e-16 2.20578e-02 
3927.32 3.29747e-05 9.03131e-01 3.51763e-16 2.07110e-02 
3930.00 3.26902e-05 9.03382e-01 3.50028e-16 2.04507e-02 
3941.07 3.57266e-05 9.04410e-01 3.42506e-16 2.19565e-02 
3943.95 3.64144e-05 9.04674e-01 3.40457e-16 2.22681e-02 
3950.00 3.56292e-05 9.05226e-01 3.36034e-16 2.15509e-02 
3960.59 2.57697e-05 9.06184e-01 3.27887e-16 1.52663e-02 
3960.78 2.55731e-05 9.06200e-01 3.27742e-16 1.51441e-02 
3970.00 1.90904e-05 9.07029e-01 3.20241e-16 1.10822e-02 
3977.25 2.21696e-05 9.07675e-01 3.14093e-16 1.26547e-02 
3980.58 2.53538e-05 9.07970e-01 3.11194e-16 1.43554e-02 
3990.00 3.51146e-05 9.08795e-01 3.02767e-16 1.94070e-02 
3993.91 3.77725e-05 9.09134e-01 2.99168e-16 2.06557e-02 
4000.48 4.00412e-05 9.09700e-01 2.93004e-16 2.14939e-02 
4010.00 4.06538e-05 9.10512e-01 2.83829e-16 2.12086e-02 
4010.59 4.06589e-05 9.10562e-01 2.83251e-16 2.11723e-02 
4020.49 4.07970e-05 9.11400e-01 2.73414e-16 2.05759e-02 
4027.28 4.08687e-05 9.11972e-01 2.66520e-16 2.01390e-02 
4030.00 4.08719e-05 9.12200e-01 2.63730e-16 1.99481e-02 
4040.59 4.06901e-05 9.13080e-01 2.52739e-16 1.91002e-02 
4043.98 4.05732e-05 9.13359e-01 2.49182e-16 1.87987e-02 
4050.00 4.03063e-05 9.13850e-01 2.42828e-16 1.82358e-02 
4060.69 3.94892e-05 9.14712e-01 2.31461e-16 1.70908e-02 
4060.79 3.94770e-05 9.14720e-01 2.31353e-16 1.70782e-02 
4070.00 3.77701e-05 9.15455e-01 2.21515e-16 1.56930e-02 
4077.41 3.53124e-05 9.16041e-01 2.13588e-16 1.41817e-02 
4081.10 3.37382e-05 9.16330e-01 2.09659e-16 1.33164e-02 
4090.00 2.90878e-05 9.17023e-01 2.00186e-16 1.09944e-02 
4094.15 2.66255e-05 9.17344e-01 1.95794e-16 9.85637e-03 
4101.50 2.29336e-05 9.17910e-01 1.88062e-16 8.17407e-03 
4110.00 2.21786e-05 9.18561e-01 1.79220e-16 7.55430e-03 
4110.90 2.24453e-05 9.18629e-01 1.78294e-16 7.60783e-03 
4122.01 2.98477e-05 9.19470e-01 1.66948e-16 9.50742e-03 
4127.66 3.42547e-05 9.19891e-01 1.61285e-16 1.05603e-02 
4130.00 3.57280e-05 9.20064e-01 1.58956e-16 1.08637e-02 
4142.62 3.87447e-05 9.20990e-01 1.46664e-16 1.09142e-02 
4144.43 3.87468e-05 9.21122e-01 1.44940e-16 1.07927e-02 
4150.00 3.85777e-05 9.21528e-01 1.39683e-16 1.03743e-02 
4161.21 3.85701e-05 9.22338e-01 1.29403e-16 9.64335e-03 
4163.33 3.86021e-05 9.22490e-01 1.27501e-16 9.51591e-03 
4170.00 3.86538e-05 9.22965e-01 1.21629e-16 9.10906e-03 
4178.00 3.85102e-05 9.23529e-01 1.14786e-16 8.58635e-03 
4184.15 3.83388e-05 9.23960e-01 1.09686e-16 8.18414e-03 
4190.00 3.82330e-05 9.24368e-01 1.04960e-16 7.82427e-03 
4194.81 3.82343e-05 9.24703e-01 1.01172e-16 7.55354e-03 
4205.07 3.82765e-05 9.25410e-01 9.33794e-17 7.00186e-03 
4210.00 3.81711e-05 9.25747e-01 8.97786e-17 6.72364e-03 
4211.63 3.81021e-05 9.25857e-01 8.86121e-17 6.62764e-03 
4226.10 3.71966e-05 9.26830e-01 7.86755e-17 5.77039e-03 
4228.45 3.70973e-05 9.26987e-01 7.71316e-17 5.64615e-03 
4230.00 3.70543e-05 9.27090e-01 7.61320e-17 5.56919e-03 
4245.30 3.71747e-05 9.28095e-01 6.67303e-17 4.92033e-03 
4247.23 3.71598e-05 9.28220e-01 6.56069e-17 4.83841e-03 
4250.00 3.70839e-05 9.28400e-01 6.40163e-17 4.71545e-03 
4262.15 3.61204e-05 9.29179e-01 5.73866e-17 4.13252e-03 
4268.46 3.56500e-05 9.29580e-01 5.41529e-17 3.85623e-03 
4270.00 3.55832e-05 9.29677e-01 5.33864e-17 3.79629e-03 
4279.01 3.55833e-05 9.30245e-01 4.90619e-17 3.49828e-03 
4289.80 3.55800e-05 9.30920e-01 4.42488e-17 3.16505e-03 
4290.00 3.55714e-05 9.30932e-01 4.41649e-17 3.15847e-03 
4295.89 3.50893e-05 9.31298e-01 4.17035e-17 2.94721e-03 
4310.00 3.21386e-05 9.32164e-01 3.62512e-17 2.35636e-03 
4311.25 3.17516e-05 9.32240e-01 3.57963e-17 2.29963e-03 
4312.78 3.12546e-05 9.32332e-01 3.52489e-17 2.23003e-03 
4329.68 2.45699e-05 9.33345e-01 2.96288e-17 1.48094e-03 
4330.00 2.44341e-05 9.33364e-01 2.95295e-17 1.46796e-03 
4332.81 2.32650e-05 9.33530e-01 2.86739e-17 1.35834e-03 
4346.59 2.02103e-05 9.34341e-01 2.47701e-17 1.02348e-03 
4350.00 2.08186e-05 9.34540e-01 2.38766e-17 1.01727e-03 
4354.47 2.27315e-05 9.34800e-01 2.27458e-17 1.05952e-03 
4363.51 2.85608e-05 9.35323e-01 2.05987e-17 1.20874e-03 
4370.00 3.22211e-05 9.35695e-01 1.91675e-17 1.27129e-03 
4376.25 3.38886e-05 9.36050e-01 1.78708e-17 1.24889e-03 
4380.45 3.41592e-05 9.36287e-01 1.70411e-17 1.20187e-03 
4390.00 3.36675e-05 9.36821e-01 1.52800e-17 1.06507e-03 
4397.40 3.34215e-05 9.37230e-01 1.40268e-17 9.72633e-04 
4398.13 3.34136e-05 9.37270e-01 1.39084e-17 9.64401e-04 
4410.00 3.33921e-05 9.37921e-01 1.20989e-17 8.41234e-04 
4414.36 3.33256e-05 9.38158e-01 1.14887e-17 7.98210e-04 
4420.12 3.31921e-05 9.38470e-01 1.07244e-17 7.43334e-04 
4430.00 3.30592e-05 9.39001e-01 9.51760e-18 6.58890e-04 
4431.33 3.30681e-05 9.39072e-01 9.36478e-18 6.48729e-04 
4442.22 3.33363e-05 9.39650e-01 8.19421e-18 5.74002e-04 
4448.31 3.35056e-05 9.39971e-01 7.59792e-18 5.35853e-04 
4450.00 3.35377e-05 9.40060e-01 7.44005e-18 5.25470e-04 
4464.43 3.34497e-05 9.40810e-01 6.20561e-18 4.38903e-04 
4465.31 3.34270e-05 9.40855e-01 6.13669e-18 4.33839e-04 
4470.00 3.32805e-05 9.41095e-01 5.78111e-18 4.07442e-04 
4482.32 3.28547e-05 9.41718e-01 4.93512e-18 3.44542e-04 
4486.75 3.27912e-05 9.41940e-01 4.65951e-18 3.25070e-04 
4490.00 3.28093e-05 9.42102e-01 4.46666e-18 3.12067e-04 
4499.34 3.31405e-05 9.42565e-01 3.95269e-18 2.79663e-04 
4509.19 3.34191e-05 9.43050e-01 3.47047e-18 2.48278e-04 
4510.00 3.34163e-05 9.43090e-01 3.43313e-18 2.45641e-04 
4516.37 3.32152e-05 9.43403e-01 3.15402e-18 2.24704e-04 
4530.00 3.22554e-05 9.44067e-01 2.62676e-18 1.82409e-04 
4531.73 3.21370e-05 9.44150e-01 2.56613e-18 1.77628e-04 
4533.41 3.20305e-05 9.44231e-01 2.50850e-18 1.73143e-04 
4550.00 3.16574e-05 9.45015e-01 2.00272e-18 1.37236e-04 
4550.47 3.16703e-05 9.45037e-01 1.98998e-18 1.36436e-04 
4554.39 3.18273e-05 9.45220e-01 1.88635e-18 1.30110e-04 
4567.54 3.23873e-05 9.45829e-01 1.57625e-18 1.11024e-04 
4570.00 3.23838e-05 9.45943e-01 1.52406e-18 1.07407e-04 
4577.16 3.20632e-05 9.46270e-01 1.38207e-18 9.66208e-05 
4584.62 3.15535e-05 9.46608e-01 1.24866e-18 8.60768e-05 
4590.00 3.13243e-05 9.46850e-01 1.16071e-18 7.95471e-05 
4600.05 3.14999e-05 9.47300e-01 1.01389e-18 7.00606e-05 
4601.71 3.15620e-05 9.47374e-01 9.91655e-19 6.86892e-05 
4610.00 3.17383e-05 9.47744e-01 8.88528e-19 6.20254e-05 
4618.81 3.14168e-05 9.48135e-01 7.92430e-19 5.48840e-05 
4623.05 3.11671e-05 9.48320e-01 7.50774e-19 5.16431e-05 
4630.00 3.08322e-05 9.48621e-01 6.88321e-19 4.69237e-05 
4635.93 3.07517e-05 9.48875e-01 6.40507e-19 4.36176e-05 
4646.16 3.08972e-05 9.49310e-01 5.68719e-19 3.90160e-05 
4650.00 3.09628e-05 9.49473e-01 5.45068e-19 3.75103e-05 
4653.06 3.09942e-05 9.49602e-01 5.27423e-19 3.63615e-05 
4669.39 3.07794e-05 9.50290e-01 4.49575e-19 3.09102e-05 
4670.00 3.07586e-05 9.50315e-01 4.47184e-19 3.07298e-05 
4670.20 3.07516e-05 9.50323e-01 4.46415e-19 3.06716e-05 
4687.35 2.97944e-05 9.51031e-01 3.92159e-19 2.62206e-05 
4690.00 2.95919e-05 9.51139e-01 3.85883e-19 2.56430e-05 
4692.74 2.93713e-05 9.51250e-01 3.79948e-19 2.50779e-05 
4704.51 2.85795e-05 9.51725e-01 3.60530e-19 2.32245e-05 
4710.00 2.84944e-05 9.51944e-01 3.54659e-19 2.28100e-05 
4716.20 2.87314e-05 9.52190e-01 3.50308e-19 2.27535e-05 
4721.69 2.91090e-05 9.52406e-01 3.48402e-19 2.29588e-05 
4730.00 2.96284e-05 9.52731e-01 3.48819e-19 2.34457e-05 
4738.88 2.97365e-05 9.53075e-01 3.53472e-19 2.38986e-05 
4739.79 2.97246e-05 9.53110e-01 3.54183e-19 2.39424e-05 
4750.00 2.94499e-05 9.53500e-01 3.65117e-19 2.45162e-05 
4756.08 2.92650e-05 9.53731e-01 3.74113e-19 2.50006e-05 
4763.48 2.90661e-05 9.54010e-01 3.87496e-19 2.57665e-05 
4770.00 2.89194e-05 9.54255e-01 4.01436e-19 2.66018e-05 
4773.29 2.88558e-05 9.54379e-01 4.09241e-19 2.70816e-05 
4787.30 2.85628e-05 9.54900e-01 4.48032e-19 2.94498e-05 
4790.00 2.84822e-05 9.54999e-01 4.56535e-19 2.99440e-05 
4790.52 2.84652e-05 9.55019e-01 4.58210e-19 3.00398e-05 
4807.76 2.77594e-05 9.55645e-01 5.20716e-19 3.34329e-05 
4810.00 2.76718e-05 9.55726e-01 5.29835e-19 3.39296e-05 
4811.24 2.76259e-05 9.55770e-01 5.34967e-19 3.42119e-05 
4825.01 2.67625e-05 9.56259e-01 5.96718e-19 3.70931e-05 
4830.00 2.60113e-05 9.56434e-01 6.21240e-19 3.75791e-05 
4835.29 2.48054e-05 9.56620e-01 6.48492e-19 3.74573e-05 
4842.27 2.26955e-05 9.56864e-01 6.86370e-19 3.63346e-05 
4850.00 1.99383e-05 9.57133e-01 7.30990e-19 3.40593e-05 
4859.47 1.67426e-05 9.57460e-01 7.89486e-19 3.09600e-05 
4859.54 1.67236e-05 9.57463e-01 7.89956e-19 3.09438e-05 
4870.00 1.59879e-05 9.57818e-01 8.59534e-19 3.22693e-05 
4876.83 1.82071e-05 9.58048e-01 9.07843e-19 3.88777e-05 
4883.77 2.15768e-05 9.58280e-01 9.59235e-19 4.87622e-05 
4890.00 2.42569e-05 9.58488e-01 1.00743e-18 5.76590e-05 
4894.13 2.53439e-05 9.58626e-01 1.04043e-18 6.22779e-05 
4908.19 2.60092e-05 9.59090e-01 1.15918e-18 7.14469e-05 
4910.00 2.59546e-05 9.59149e-01 1.17523e-18 7.23149e-05 
4911.44 2.59156e-05 9.59196e-01 1.18811e-18 7.30225e-05 
4928.77 2.58051e-05 9.59753e-01 1.35123e-18 8.30336e-05 
4930.00 2.58180e-05 9.59793e-01 1.36344e-18 8.38509e-05 
4932.73 2.58542e-05 9.59880e-01 1.39072e-18 8.57033e-05 
4946.10 2.61168e-05 9.60305e-01 1.53005e-18 9.55477e-05 
4950.00 2.61968e-05 9.60428e-01 1.57242e-18 9.85852e-05 
4957.39 2.63162e-05 9.60660e-01 1.65496e-18 1.04414e-04 
4963.45 2.63539e-05 9.60848e-01 1.72474e-18 1.09127e-04 
4970.00 2.62998e-05 9.61049e-01 1.80235e-18 1.13977e-04 
4980.81 2.59562e-05 9.61378e-01 1.93534e-18 1.21092e-04 
4982.18 2.58948e-05 9.61420e-01 1.95260e-18 1.21922e-04 
4990.00 2.54944e-05 9.61657e-01 2.05315e-18 1.26447e-04 
4998.18 2.50530e-05 9.61904e-01 2.16172e-18 1.31077e-04 
5007.09 2.47457e-05 9.62170e-01 2.28373e-18 1.37058e-04 
5010.00 2.47245e-05 9.62256e-01 2.32447e-18 1.39477e-04 
5015.57 2.48125e-05 9.62420e-01 2.40360e-18 1.44924e-04 
5030.00 2.51698e-05 9.62839e-01 2.61567e-18 1.60512e-04 
5032.12 2.51575e-05 9.62900e-01 2.64774e-18 1.62479e-04 
5032.97 2.51458e-05 9.62924e-01 2.66051e-18 1.63219e-04 
5050.00 2.46880e-05 9.63413e-01 2.92578e-18 1.76911e-04 
5050.38 2.46849e-05 9.63423e-01 2.93181e-18 1.77269e-04 
5057.29 2.47342e-05 9.63620e-01 3.04320e-18 1.84661e-04 
5067.80 2.49313e-05 9.63918e-01 3.21664e-18 1.97211e-04 
5070.00 2.49469e-05 9.63980e-01 3.25349e-18 1.99695e-04 
5082.57 2.47581e-05 9.64330e-01 3.46780e-18 2.11838e-04 
5085.24 2.46949e-05 9.64403e-01 3.51398e-18 2.14240e-04 
5090.00 2.46011e-05 9.64534e-01 3.59721e-18 2.18715e-04 
5102.68 2.45288e-05 9.64877e-01 3.82261e-18 2.32397e-04 
5107.98 2.45044e-05 9.65020e-01 3.91837e-18 2.38265e-04 
5110.00 2.44849e-05 9.65074e-01 3.95500e-18 2.40409e-04 
5120.14 2.42824e-05 9.65346e-01 4.14115e-18 2.50208e-04 
5130.00 2.40121e-05 9.65608e-01 4.32466e-18 2.58955e-04 
5133.52 2.39214e-05 9.65700e-01 4.39086e-18 2.62130e-04 
5137.62 2.38218e-05 9.65806e-01 4.46806e-18 2.65870e-04 
5150.00 2.35179e-05 9.66125e-01 4.70376e-18 2.77081e-04 
5155.10 2.33754e-05 9.66255e-01 4.80165e-18 2.81451e-04 
5159.19 2.32571e-05 9.66360e-01 4.88044e-18 2.84878e-04 
5170.00 2.29702e-05 9.66638e-01 5.08965e-18 2.94123e-04 
5172.60 2.29147e-05 9.66705e-01 5.14016e-18 2.96494e-04 
5184.99 2.27576e-05 9.67020e-01 5.38164e-18 3.09135e-04 
5190.00 2.27519e-05 9.67146e-01 5.47956e-18 3.15026e-04 
5190.11 2.27522e-05 9.67148e-01 5.48170e-18 3.15160e-04 
5207.63 2.28216e-05 9.67580e-01 5.82437e-18 3.37167e-04 
5210.00 2.27983e-05 9.67638e-01 5.87064e-18 3.39674e-04 
5210.91 2.27849e-05 9.67660e-01 5.88848e-18 3.40573e-04 
5225.17 2.24910e-05 9.68007e-01 6.16624e-18 3.53127e-04 
5230.00 2.24878e-05 9.68124e-01 6.26001e-18 3.58821e-04 
5236.97 2.26553e-05 9.68290e-01 6.39475e-18 3.69830e-04 
5242.72 2.28109e-05 9.68425e-01 6.50539e-18 3.79280e-04 
5250.00 2.27866e-05 9.68595e-01 6.64487e-18 3.87606e-04 
5260.28 2.21206e-05 9.68833e-01 6.83997e-18 3.88178e-04 
5263.15 2.19023e-05 9.68900e-01 6.89421e-18 3.87635e-04 
5270.00 2.15605e-05 9.69059e-01 7.02254e-18 3.89257e-04 
5277.85 2.16760e-05 9.69242e-01 7.16823e-18 4.00133e-04 
5289.47 2.22077e-05 9.69510e-01 7.38091e-18 4.23156e-04 
5290.00 2.22235e-05 9.69522e-01 7.39055e-18 4.24058e-04 
5295.43 2.22900e-05 9.69645e-01 7.48857e-18 4.31465e-04 
5310.00 2.18717e-05 9.69970e-01 7.74669e-18 4.39315e-04 
5313.03 2.17296e-05 9.70037e-01 7.79953e-18 4.39717e-04 
5315.92 2.15938e-05 9.70100e-01 7.84948e-18 4.40036e-04 
5330.00 2.11905e-05 9.70409e-01 8.08913e-18 4.46322e-04 
5330.64 2.11917e-05 9.70423e-01 8.09989e-18 4.47001e-04 
5342.50 2.14630e-05 9.70680e-01 8.29546e-18 4.64809e-04 
5348.27 2.16054e-05 9.70804e-01 8.38867e-18 4.73721e-04 
5350.00 2.16276e-05 9.70842e-01 8.41642e-18 4.75950e-04 
5365.90 2.13974e-05 9.71180e-01 8.66518e-18 4.86413e-04 
5369.21 2.13255e-05 9.71250e-01 8.71558e-18 4.87933e-04 
5370.00 2.13108e-05 9.71267e-01 8.72759e-18 4.88348e-04 
5383.55 2.11750e-05 9.71551e-01 8.92901e-18 4.97835e-04 
5390.00 2.10974e-05 9.71685e-01 9.02218e-18 5.01855e-04 
5396.05 2.09656e-05 9.71810e-01 9.10809e-18 5.04099e-04 
5401.21 2.08323e-05 9.71916e-01 9.18011e-18 5.05392e-04 
5410.00 2.06511e-05 9.72096e-01 9.30031e-18 5.08475e-04 
5418.89 2.06153e-05 9.72276e-01 9.41876e-18 5.14999e-04 
5423.03 2.06344e-05 9.72360e-01 9.47300e-18 5.18887e-04 
5430.00 2.06791e-05 9.72500e-01 9.56265e-18 5.25682e-04 
5436.57 2.07028e-05 9.72631e-01 9.64563e-18 5.31565e-04 
5450.00 2.06573e-05 9.72897e-01 9.81050e-18 5.40943e-04 
5450.15 2.06560e-05 9.72900e-01 9.81231e-18 5.41024e-04 
5454.27 2.06135e-05 9.72981e-01 9.86175e-18 5.43089e-04 
5470.00 2.04159e-05 9.73287e-01 1.00458e-17 5.49673e-04 
5471.99 2.03965e-05 9.73325e-01 1.00685e-17 5.50615e-04 
5477.40 2.03545e-05 9.73430e-01 1.01301e-17 5.53449e-04 
5489.71 2.02903e-05 9.73666e-01 1.02678e-17 5.60595e-04 
5490.00 2.02889e-05 9.73672e-01 1.02710e-17 5.60764e-04 
5504.79 2.01861e-05 9.73950e-01 1.04329e-17 5.68405e-04 
5507.45 2.01569e-05 9.73999e-01 1.04617e-17 5.69455e-04 
5510.00 2.01245e-05 9.74046e-01 1.04893e-17 5.70329e-04 
5525.20 1.98946e-05 9.74322e-01 1.06528e-17 5.74347e-04 
5530.00 1.98481e-05 9.74408e-01 1.07044e-17 5.76328e-04 
5532.31 1.98364e-05 9.74450e-01 1.07292e-17 5.77590e-04 
5542.96 1.98303e-05 9.74643e-01 1.08440e-17 5.84832e-04 
5550.00 1.98073e-05 9.74770e-01 1.09205e-17 5.89095e-04 
5559.97 1.96743e-05 9.74950e-01 1.10300e-17 5.92181e-04 
5560.74 1.96608e-05 9.74964e-01 1.10385e-17 5.92321e-04 
5570.00 1.94944e-05 9.75128e-01 1.11422e-17 5.93912e-04 
5578.53 1.93735e-05 9.75279e-01 1.12398e-17 5.96402e-04 
5587.77 1.92835e-05 9.75440e-01 1.13483e-17 6.00455e-04 
5590.00 1.92671e-05 9.75479e-01 1.13749e-17 6.01612e-04 
5596.33 1.92291e-05 9.75588e-01 1.14517e-17 6.05233e-04 
5610.00 1.91811e-05 9.75823e-01 1.16240e-17 6.14450e-04 
5614.14 1.91722e-05 9.75893e-01 1.16782e-17 6.17528e-04 
5615.71 1.91689e-05 9.75920e-01 1.16989e-17 6.18709e-04 
5630.00 1.91158e-05 9.76161e-01 1.18953e-17 6.29100e-04 
5631.97 1.91020e-05 9.76194e-01 1.19235e-17 6.30379e-04 
5643.79 1.89806e-05 9.76390e-01 1.20985e-17 6.37025e-04 
5649.81 1.88967e-05 9.76489e-01 1.21919e-17 6.39856e-04 
5650.00 1.88939e-05 9.76492e-01 1.21949e-17 6.39940e-04 
5667.66 1.86428e-05 9.76780e-01 1.24879e-17 6.48823e-04 
5670.00 1.86227e-05 9.76818e-01 1.25289e-17 6.50543e-04 
5672.01 1.86099e-05 9.76850e-01 1.25646e-17 6.52198e-04 
5685.53 1.85728e-05 9.77065e-01 1.28160e-17 6.65652e-04 
5690.00 1.85515e-05 9.77136e-01 1.29036e-17 6.70007e-04 
5700.37 1.84497e-05 9.77300e-01 1.31159e-17 6.78644e-04 
5703.41 1.84180e-05 9.77348e-01 1.31807e-17 6.81219e-04 
5710.00 1.83705e-05 9.77453e-01 1.33251e-17 6.87779e-04 
5721.30 1.83758e-05 9.77632e-01 1.35864e-17 7.02981e-04 
5728.87 1.83673e-05 9.77750e-01 1.37713e-17 7.13246e-04 
5730.00 1.83604e-05 9.77767e-01 1.37996e-17 7.14598e-04 
5739.21 1.82458e-05 9.77907e-01 1.40374e-17 7.23640e-04 
5750.00 1.80825e-05 9.78068e-01 1.43328e-17 7.33752e-04 
5757.13 1.80238e-05 9.78174e-01 1.45380e-17 7.42837e-04 
5757.52 1.80216e-05 9.78180e-01 1.45494e-17 7.43389e-04 
5770.00 1.79610e-05 9.78367e-01 1.49302e-17 7.62071e-04 
5775.06 1.79205e-05 9.78443e-01 1.50920e-17 7.69328e-04 
5786.30 1.78044e-05 9.78610e-01 1.54683e-17 7.85062e-04 
5790.00 1.77679e-05 9.78665e-01 1.55970e-17 7.90520e-04 
5793.00 1.77417e-05 9.78709e-01 1.57033e-17 7.95180e-04 
5810.00 1.76341e-05 9.78955e-01 1.63377e-17 8.24914e-04 
5810.96 1.76291e-05 9.78969e-01 1.63751e-17 8.26711e-04 
5815.23 1.76061e-05 9.79030e-01 1.65443e-17 8.34832e-04 
5828.93 1.75107e-05 9.79224e-01 1.71106e-17 8.60920e-04 
5830.00 1.75007e-05 9.79240e-01 1.71566e-17 8.62911e-04 
5844.31 1.73464e-05 9.79440e-01 1.77923e-17 8.89354e-04 
5846.91 1.73220e-05 9.79476e-01 1.79123e-17 8.94527e-04 
5850.00 1.72980e-05 9.79519e-01 1.80569e-17 9.01009e-04 
5864.91 1.72132e-05 9.79723e-01 1.87825e-17 9.35197e-04 
5870.00 1.71512e-05 9.79792e-01 1.90414e-17 9.45558e-04 
5873.53 1.70865e-05 9.79840e-01 1.92242e-17 9.51650e-04 
5882.91 1.68826e-05 9.79965e-01 1.97229e-17 9.66355e-04 
5890.00 1.67772e-05 9.80059e-01 2.01121e-17 9.80549e-04 
5900.94 1.67927e-05 9.80204e-01 2.07346e-17 1.01386e-03 
5902.90 1.68065e-05 9.80230e-01 2.08491e-17 1.02066e-03 
5910.00 1.68427e-05 9.80324e-01 2.12703e-17 1.04488e-03 
5918.97 1.68068e-05 9.80443e-01 2.18183e-17 1.07127e-03 
5930.00 1.66936e-05 9.80588e-01 2.25161e-17 1.10029e-03 
5932.41 1.66692e-05 9.80620e-01 2.26724e-17 1.10680e-03 
5937.02 1.66270e-05 9.80680e-01 2.29742e-17 1.11963e-03 
5950.00 1.65321e-05 9.80847e-01 2.38492e-17 1.15836e-03 
5955.08 1.65013e-05 9.80912e-01 2.42017e-17 1.17437e-03 
5962.08 1.64593e-05 9.81000e-01 2.46958e-17 1.19681e-03 
5970.00 1.64045e-05 9.81100e-01 2.52681e-17 1.22221e-03 
5973.16 1.63786e-05 9.81139e-01 2.54998e-17 1.23217e-03 
5990.00 1.62053e-05 9.81347e-01 2.67706e-17 1.28377e-03 
5991.24 1.61908e-05 9.81362e-01 2.68667e-17 1.28751e-03 
5991.89 1.61832e-05 9.81370e-01 2.69165e-17 1.28945e-03 
6009.34 1.60016e-05 9.81580e-01 2.83003e-17 1.34472e-03 
6010.00 1.59970e-05 9.81588e-01 2.83534e-17 1.34701e-03 
6021.85 1.59420e-05 9.81730e-01 2.93272e-17 1.39142e-03 
6027.46 1.59223e-05 9.81797e-01 2.97977e-17 1.41341e-03 
6030.00 1.59116e-05 9.81828e-01 3.00126e-17 1.42329e-03 
6045.59 1.58189e-05 9.82014e-01 3.13554e-17 1.48241e-03 
6050.00 1.57942e-05 9.82067e-01 3.17432e-17 1.49957e-03 
6051.96 1.57848e-05 9.82090e-01 3.19160e-17 1.50736e-03 
6063.73 1.57362e-05 9.82228e-01 3.29694e-17 1.55556e-03 
6070.00 1.57025e-05 9.82300e-01 3.35396e-17 1.58083e-03 
6081.88 1.56042e-05 9.82436e-01 3.46352e-17 1.62564e-03 
6082.21 1.56010e-05 9.82440e-01 3.46664e-17 1.62687e-03 
6090.00 1.55286e-05 9.82528e-01 3.53954e-17 1.65563e-03 
6100.05 1.54445e-05 9.82641e-01 3.63478e-17 1.69396e-03 
6110.00 1.53561e-05 9.82751e-01 3.73033e-17 1.73155e-03 
6112.63 1.53290e-05 9.82780e-01 3.75573e-17 1.74107e-03 
6118.23 1.52652e-05 9.82841e-01 3.81015e-17 1.76067e-03 
6130.00 1.51075e-05 9.82969e-01 3.92557e-17 1.79895e-03 
6136.42 1.50123e-05 9.83038e-01 3.98906e-17 1.81855e-03 
6143.19 1.49177e-05 9.83110e-01 4.05636e-17 1.83974e-03 
6150.00 1.48432e-05 9.83182e-01 4.12442e-17 1.86347e-03 
6154.63 1.48109e-05 9.83230e-01 4.17085e-17 1.88185e-03 
6170.00 1.48002e-05 9.83390e-01 4.32599e-17 1.95564e-03 
6172.85 1.48109e-05 9.83419e-01 4.35485e-17 1.97108e-03 
6173.91 1.48155e-05 9.83430e-01 4.36559e-17 1.97691e-03 
6190.00 1.48638e-05 9.83596e-01 4.52936e-17 2.06346e-03 
6191.08 1.48620e-05 9.83607e-01 4.54038e-17 2.06862e-03 
6204.77 1.47810e-05 9.83750e-01 4.68019e-17 2.12570e-03 
6209.33 1.47452e-05 9.83798e-01 4.72669e-17 2.14330e-03 
6210.00 1.47402e-05 9.83805e-01 4.73357e-17 2.14593e-03 
6227.59 1.45827e-05 9.83992e-01 4.91305e-17 2.21016e-03 
6230.00 1.45454e-05 9.84018e-01 4.93764e-17 2.21646e-03 
6235.80 1.44340e-05 9.84080e-01 4.99664e-17 2.22797e-03 
6245.86 1.42519e-05 9.84188e-01 5.09870e-17 2.24866e-03 
6250.00 1.42171e-05 9.84233e-01 5.14057e-17 2.26320e-03 
6264.15 1.43163e-05 9.84381e-01 5.28287e-17 2.34774e-03 
6266.98 1.43451e-05 9.84410e-01 5.31119e-17 2.36620e-03 
6270.00 1.43669e-05 9.84440e-01 5.34135e-17 2.38449e-03 
6282.45 1.43298e-05 9.84561e-01 5.46478e-17 2.43842e-03 
6290.00 1.42449e-05 9.84632e-01 5.53900e-17 2.46002e-03 
6298.31 1.41394e-05 9.84710e-01 5.61999e-17 2.48098e-03 
6300.76 1.41102e-05 9.84733e-01 5.64368e-17 2.48732e-03 
6310.00 1.40250e-05 9.84820e-01 5.73252e-17 2.51511e-03 
6319.09 1.39909e-05 9.84907e-01 5.81881e-17 2.55066e-03 
6329.80 1.39477e-05 9.85010e-01 5.91912e-17 2.59128e-03 
6330.00 1.39463e-05 9.85012e-01 5.92094e-17 2.59190e-03 
6337.43 1.38713e-05 9.85084e-01 5.98942e-17 2.61102e-03 
6350.00 1.37212e-05 9.85205e-01 6.10333e-17 2.63744e-03 
6355.78 1.36759e-05 9.85259e-01 6.15479e-17 2.65346e-03 
6361.45 1.36498e-05 9.85310e-01 6.20471e-17 2.67239e-03 
6370.00 1.36351e-05 9.85383e-01 6.27879e-17 2.70522e-03 
6374.15 1.36346e-05 9.85418e-01 6.31422e-17 2.72224e-03 
6390.00 1.35913e-05 9.85551e-01 6.44646e-17 2.77770e-03 
6392.53 1.35682e-05 9.85573e-01 6.46706e-17 2.78300e-03 
6393.26 1.35606e-05 9.85580e-01 6.47300e-17 2.78433e-03 
6410.00 1.33775e-05 9.85737e-01 6.60554e-17 2.81078e-03 
6410.92 1.33723e-05 9.85746e-01 6.61265e-17 2.81313e-03 
6425.23 1.33424e-05 9.85880e-01 6.72042e-17 2.85934e-03 
6429.33 1.33196e-05 9.85917e-01 6.75041e-17 2.86912e-03 
6430.00 1.33139e-05 9.85922e-01 6.75527e-17 2.87028e-03 
6447.75 1.30715e-05 9.86072e-01 6.87978e-17 2.87833e-03 
6450.00 1.30520e-05 9.86090e-01 6.89497e-17 2.88143e-03 
6457.35 1.30347e-05 9.86150e-01 6.94368e-17 2.90143e-03 
6466.18 1.30435e-05 9.86223e-01 7.00025e-17 2.93125e-03 
6470.00 1.30320e-05 9.86255e-01 7.02402e-17 2.94044e-03 
6484.63 1.28549e-05 9.86378e-01 7.11136e-17 2.94355e-03 
6489.64 1.27884e-05 9.86420e-01 7.13984e-17 2.94246e-03 
6490.00 1.27843e-05 9.86423e-01 7.14186e-17 2.94252e-03 
6503.09 1.26839e-05 9.86533e-01 7.21271e-17 2.95465e-03 
6510.00 1.26307e-05 9.86590e-01 7.24802e-17 2.95998e-03 
6521.57 1.24438e-05 9.86686e-01 7.30392e-17 2.94417e-03 
6522.09 1.24306e-05 9.86690e-01 7.30634e-17 2.94227e-03 
6530.00 1.21567e-05 9.86754e-01 7.34208e-17 2.89522e-03 
6540.06 1.15362e-05 9.86835e-01 7.38471e-17 2.76786e-03 
6550.00 1.04371e-05 9.86913e-01 7.42373e-17 2.52142e-03 
6554.70 9.72028e-06 9.86950e-01 7.44108e-17 2.35551e-03 
6558.56 9.13229e-06 9.86980e-01 7.45481e-17 2.21849e-03 
6570.00 8.33614e-06 9.87068e-01 7.49270e-17 2.03910e-03 
6577.08 9.12124e-06 9.87121e-01 7.51404e-17 2.24003e-03 
6587.47 1.10294e-05 9.87200e-01 7.54245e-17 2.72341e-03 
6590.00 1.14052e-05 9.87219e-01 7.54884e-17 2.81972e-03 
6595.61 1.19126e-05 9.87262e-01 7.56225e-17 2.95304e-03 
6610.00 1.20365e-05 9.87371e-01 7.59202e-17 3.00237e-03 
6614.15 1.20277e-05 9.87402e-01 7.59935e-17 3.00504e-03 
6620.41 1.20625e-05 9.87450e-01 7.60936e-17 3.02071e-03 
6630.00 1.21419e-05 9.87523e-01 7.62223e-17 3.05038e-03 
6632.71 1.21533e-05 9.87544e-01 7.62532e-17 3.05578e-03 
6650.00 1.21081e-05 9.87674e-01 7.63952e-17 3.05844e-03 
6651.28 1.21013e-05 9.87683e-01 7.64018e-17 3.05762e-03 
6653.51 1.20897e-05 9.87700e-01 7.64122e-17 3.05616e-03 
6669.86 1.20183e-05 9.87819e-01 7.64400e-17 3.04707e-03 
6670.00 1.20179e-05 9.87820e-01 7.64399e-17 3.04702e-03 
6686.78 1.19781e-05 9.87940e-01 7.63799e-17 3.04256e-03 
6688.46 1.19732e-05 9.87952e-01 7.63690e-17 3.04167e-03 
6690.00 1.19681e-05 9.87963e-01 7.63583e-17 3.04068e-03 
6707.07 1.18889e-05 9.88085e-01 7.61905e-17 3.02199e-03 
6710.00 1.18755e-05 9.88106e-01 7.61528e-17 3.01848e-03 
6720.21 1.18351e-05 9.88180e-01 7.60010e-17 3.00699e-03 
6725.70 1.18103e-05 9.88220e-01 7.59066e-17 2.99954e-03 
6730.00 1.17855e-05 9.88251e-01 7.58264e-17 2.99208e-03 
6744.33 1.16777e-05 9.88354e-01 7.55200e-17 2.95932e-03 
6750.00 1.16463e-05 9.88394e-01 7.53826e-17 2.94861e-03 
6753.81 1.16352e-05 9.88420e-01 7.52850e-17 2.94372e-03 
6762.99 1.16278e-05 9.88481e-01 7.50335e-17 2.93617e-03 
6770.00 1.16192e-05 9.88526e-01 7.48255e-17 2.92905e-03 
6781.65 1.15665e-05 9.88601e-01 7.44504e-17 2.90636e-03 
6787.58 1.15313e-05 9.88640e-01 7.42457e-17 2.89219e-03 
6790.00 1.15176e-05 9.88656e-01 7.41595e-17 2.88648e-03 
6800.33 1.14676e-05 9.88727e-01 7.37744e-17 2.86356e-03 
6810.00 1.14225e-05 9.88793e-01 7.33896e-17 2.84167e-03 
6819.03 1.13724e-05 9.88854e-01 7.30093e-17 2.81845e-03 
6821.52 1.13578e-05 9.88870e-01 7.29009e-17 2.81172e-03 
6830.00 1.13094e-05 9.88924e-01 7.25209e-17 2.78875e-03 
6837.74 1.12708e-05 9.88971e-01 7.21595e-17 2.76864e-03 
6850.00 1.12200e-05 9.89045e-01 7.15589e-17 2.73834e-03 
6855.63 1.11998e-05 9.89080e-01 7.12721e-17 2.72479e-03 
6856.46 1.11969e-05 9.89085e-01 7.12292e-17 2.72279e-03 
6870.00 1.11485e-05 9.89171e-01 7.05093e-17 2.68915e-03 
6875.19 1.11274e-05 9.89205e-01 7.02232e-17 2.67528e-03 
6889.91 1.10616e-05 9.89300e-01 6.93837e-17 2.63354e-03 
6890.00 1.10612e-05 9.89301e-01 6.93782e-17 2.63326e-03 
6893.94 1.10431e-05 9.89326e-01 6.91461e-17 2.62173e-03 
6910.00 1.09679e-05 9.89425e-01 6.81716e-17 2.57343e-03 
6912.71 1.09547e-05 9.89441e-01 6.80028e-17 2.56502e-03 
6924.36 1.08980e-05 9.89510e-01 6.72624e-17 2.52839e-03 
6930.00 1.08725e-05 9.89543e-01 6.68957e-17 2.51083e-03 
6931.49 1.08661e-05 9.89552e-01 6.67984e-17 2.50627e-03 
6950.00 1.07892e-05 9.89658e-01 6.55567e-17 2.44906e-03 
6950.28 1.07879e-05 9.89660e-01 6.55378e-17 2.44817e-03 
6958.98 1.07453e-05 9.89710e-01 6.49368e-17 2.41927e-03 
6969.08 1.07000e-05 9.89769e-01 6.42261e-17 2.38631e-03 
6970.00 1.06966e-05 9.89774e-01 6.41609e-17 2.38347e-03 
6987.90 1.06340e-05 9.89877e-01 6.28685e-17 2.32800e-03 
6990.00 1.06218e-05 9.89889e-01 6.27146e-17 2.32036e-03 
6993.77 1.05950e-05 9.89910e-01 6.24366e-17 2.30554e-03 
7006.73 1.04889e-05 9.89981e-01 6.14700e-17 2.25143e-03 
7010.00 1.04681e-05 9.89999e-01 6.12238e-17 2.23906e-03 
7025.58 1.04273e-05 9.90083e-01 6.00355e-17 2.19209e-03 
7028.74 1.04230e-05 9.90100e-01 5.97920e-17 2.18332e-03 
7030.00 1.04210e-05 9.90107e-01 5.96947e-17 2.17974e-03 
7044.44 1.03791e-05 9.90188e-01 5.85701e-17 2.13464e-03 
7050.00 1.03564e-05 9.90220e-01 5.81333e-17 2.11582e-03 
7063.32 1.03004e-05 9.90297e-01 5.70784e-17 2.07025e-03 
7063.88 1.02984e-05 9.90300e-01 5.70333e-17 2.06838e-03 
7070.00 1.02810e-05 9.90335e-01 5.65453e-17 2.04907e-03 
7082.21 1.02553e-05 9.90406e-01 5.55654e-17 2.01213e-03 
7090.00 1.02012e-05 9.90450e-01 5.49363e-17 1.98113e-03 
7099.20 1.00723e-05 9.90500e-01 5.41903e-17 1.93214e-03 
7101.11 1.00435e-05 9.90510e-01 5.40355e-17 1.92164e-03 
7110.00 9.94334e-06 9.90557e-01 5.33118e-17 1.87944e-03 
7120.03 9.94572e-06 9.90607e-01 5.24931e-17 1.85372e-03 
7130.00 9.98616e-06 9.90657e-01 5.16770e-17 1.83498e-03 
7134.70 9.98606e-06 9.90680e-01 5.12918e-17 1.82253e-03 
7138.96 9.97415e-06 9.90701e-01 5.09426e-17 1.80908e-03 
7150.00 9.92117e-06 9.90755e-01 5.00368e-17 1.77031e-03 
7157.90 9.88886e-06 9.90793e-01 4.93881e-17 1.74365e-03 
7170.00 9.84450e-06 9.90848e-01 4.83959e-17 1.70393e-03 
7170.37 9.84294e-06 9.90850e-01 4.83652e-17 1.70267e-03 
7176.86 9.81342e-06 9.90877e-01 4.78334e-17 1.68046e-03 
7190.00 9.75370e-06 9.90929e-01 4.67588e-17 1.63579e-03 
7195.84 9.73399e-06 9.90951e-01 4.62822e-17 1.61719e-03 
7206.23 9.70589e-06 9.90990e-01 4.54363e-17 1.58540e-03 
7210.00 9.69549e-06 9.91004e-01 4.51296e-17 1.57386e-03 
7214.83 9.68048e-06 9.91022e-01 4.47381e-17 1.55886e-03 
7230.00 9.61752e-06 9.91075e-01 4.35123e-17 1.50954e-03 
7233.83 9.59755e-06 9.91087e-01 4.32044e-17 1.49655e-03 
7242.26 9.55397e-06 9.91110e-01 4.25286e-17 1.46819e-03 
7250.00 9.52489e-06 9.91127e-01 4.19105e-17 1.44402e-03 
7252.84 9.51897e-06 9.91132e-01 4.16842e-17 1.43590e-03 
7270.00 9.49005e-06 9.91175e-01 4.03275e-17 1.38828e-03 
7271.87 9.48196e-06 9.91182e-01 4.01802e-17 1.38240e-03 
7278.47 9.44382e-06 9.91210e-01 3.96637e-17 1.36041e-03 
7290.00 9.37296e-06 9.91281e-01 3.87664e-17 1.32184e-03 
7290.92 9.36875e-06 9.91287e-01 3.86953e-17 1.31900e-03 
7309.98 9.31924e-06 9.91433e-01 3.72318e-17 1.26589e-03 
7310.00 9.31918e-06 9.91434e-01 3.72300e-17 1.26583e-03 
7314.86 9.30401e-06 9.91470e-01 3.68607e-17 1.25211e-03 
7329.05 9.25134e-06 9.91564e-01 3.57919e-17 1.21138e-03 
7330.00 9.24825e-06 9.91570e-01 3.57209e-17 1.20874e-03 
7348.14 9.20483e-06 9.91672e-01 3.43778e-17 1.16081e-03 
7350.00 9.20053e-06 9.91682e-01 3.42413e-17 1.15597e-03 
7351.43 9.19704e-06 9.91690e-01 3.41363e-17 1.15222e-03 
7367.24 9.14629e-06 9.91774e-01 3.29911e-17 1.10990e-03 
7370.00 9.13476e-06 9.91788e-01 3.27932e-17 1.10228e-03 
7386.36 9.05285e-06 9.91871e-01 3.16336e-17 1.05619e-03 
7388.19 9.04295e-06 9.91880e-01 3.15048e-17 1.05101e-03 
7390.00 9.03321e-06 9.91889e-01 3.13783e-17 1.04593e-03 
7405.49 8.95175e-06 9.91962e-01 3.03067e-17 1.00327e-03 
7410.00 8.92869e-06 9.91982e-01 2.99982e-17 9.91126e-04 
7424.63 8.86233e-06 9.92048e-01 2.90115e-17 9.53343e-04 
7425.13 8.86056e-06 9.92050e-01 2.89779e-17 9.52115e-04 
7430.00 8.84618e-06 9.92071e-01 2.86542e-17 9.40588e-04 
7443.79 8.82282e-06 9.92132e-01 2.77492e-17 9.10218e-04 
7450.00 8.80477e-06 9.92158e-01 2.73474e-17 8.95971e-04 
7462.26 8.73734e-06 9.92210e-01 2.65651e-17 8.65144e-04 
7462.96 8.73313e-06 9.92213e-01 2.65207e-17 8.63365e-04 
7470.00 8.69602e-06 9.92242e-01 2.60785e-17 8.46185e-04 
7482.15 8.66601e-06 9.92291e-01 2.53267e-17 8.20324e-04 
7490.00 8.65774e-06 9.92322e-01 2.48484e-17 8.04934e-04 
7499.57 8.64412e-06 9.92360e-01 2.42736e-17 7.86109e-04 
7501.35 8.64086e-06 9.92367e-01 2.41676e-17 7.82575e-04 
7510.00 8.62175e-06 9.92401e-01 2.36574e-17 7.65266e-04 
7520.57 8.59259e-06 9.92444e-01 2.30440e-17 7.43981e-04 
7530.00 8.56839e-06 9.92482e-01 2.25058e-17 7.25495e-04 
7537.07 8.55488e-06 9.92510e-01 2.21083e-17 7.12247e-04 
7539.80 8.55002e-06 9.92521e-01 2.19561e-17 7.07206e-04 
7550.00 8.52688e-06 9.92562e-01 2.13938e-17 6.88188e-04 
7559.04 8.49408e-06 9.92598e-01 2.09041e-17 6.70675e-04 
7570.00 8.45068e-06 9.92642e-01 2.03215e-17 6.49620e-04 
7574.75 8.43516e-06 9.92660e-01 2.00725e-17 6.40895e-04 
7578.30 8.42491e-06 9.92674e-01 1.98880e-17 6.34538e-04 
7590.00 8.39289e-06 9.92717e-01 1.92886e-17 6.14050e-04 
7597.58 8.36900e-06 9.92745e-01 1.89077e-17 6.00824e-04 
7610.00 8.32743e-06 9.92790e-01 1.82950e-17 5.79440e-04 
7612.63 8.31911e-06 9.92800e-01 1.81673e-17 5.75027e-04 
7616.86 8.30617e-06 9.92815e-01 1.79629e-17 5.67996e-04 
7630.00 8.26667e-06 9.92864e-01 1.73401e-17 5.46664e-04 
7636.17 8.24659e-06 9.92886e-01 1.70535e-17 5.36766e-04 
7650.00 8.19125e-06 9.92937e-01 1.64236e-17 5.14429e-04 
7650.69 8.18796e-06 9.92940e-01 1.63927e-17 5.13302e-04 
7655.48 8.16400e-06 9.92958e-01 1.61789e-17 5.05452e-04 
7670.00 8.09784e-06 9.93012e-01 1.55449e-17 4.82647e-04 
7674.82 8.08458e-06 9.93029e-01 1.53389e-17 4.75777e-04 
7688.94 8.05789e-06 9.93080e-01 1.47468e-17 4.56765e-04 
7690.00 8.05544e-06 9.93084e-01 1.47033e-17 4.55343e-04 
7694.16 8.04408e-06 9.93098e-01 1.45327e-17 4.49676e-04 
7710.00 7.99285e-06 9.93152e-01 1.38980e-17 4.28201e-04 
7713.52 7.98376e-06 9.93164e-01 1.37599e-17 4.23661e-04 
7727.39 7.96101e-06 9.93210e-01 1.32269e-17 4.06839e-04 
7730.00 7.95848e-06 9.93219e-01 1.31284e-17 4.03820e-04 
7732.90 7.95592e-06 9.93229e-01 1.30197e-17 4.00503e-04 
7750.00 7.88473e-06 9.93287e-01 1.23934e-17 3.78685e-04 
7752.29 7.86000e-06 9.93294e-01 1.23115e-17 3.75116e-04 
7766.03 7.69734e-06 9.93340e-01 1.18290e-17 3.53599e-04 
7770.00 7.67720e-06 9.93353e-01 1.16924e-17 3.48781e-04 
7771.69 7.67623e-06 9.93358e-01 1.16345e-17 3.47089e-04 
7790.00 7.79132e-06 9.93415e-01 1.10242e-17 3.34618e-04 
7791.11 7.79474e-06 9.93418e-01 1.09879e-17 3.33713e-04 
7804.86 7.75589e-06 9.93460e-01 1.05486e-17 3.19350e-04 
7810.00 7.72539e-06 9.93476e-01 1.03880e-17 3.13460e-04 
7810.55 7.72234e-06 9.93477e-01 1.03710e-17 3.12847e-04 
7830.00 7.64013e-06 9.93536e-01 9.78282e-18 2.92707e-04 
7830.00 7.64012e-06 9.93536e-01 9.78270e-18 2.92703e-04 
7843.88 7.58590e-06 9.93580e-01 9.38032e-18 2.79178e-04 
7849.46 7.56660e-06 9.93598e-01 9.22254e-18 2.73984e-04 
7850.00 7.56491e-06 9.93600e-01 9.20737e-18 2.73491e-04 
7868.94 7.51502e-06 9.93662e-01 8.68930e-18 2.57035e-04 
7870.00 7.51192e-06 9.93666e-01 8.66098e-18 2.56127e-04 
7883.10 7.46761e-06 9.93710e-01 8.31830e-18 2.44960e-04 
7888.43 7.44992e-06 9.93728e-01 8.18220e-18 2.40549e-04 
7890.00 7.44516e-06 9.93733e-01 8.14248e-18 2.39277e-04 
7907.94 7.40230e-06 9.93790e-01 7.70034e-18 2.25506e-04 
7910.00 7.39748e-06 9.93796e-01 7.65085e-18 2.23971e-04 
7922.51 7.36217e-06 9.93830e-01 7.35644e-18 2.14670e-04 
7927.46 7.34445e-06 9.93842e-01 7.24284e-18 2.10981e-04 
7930.00 7.33432e-06 9.93847e-01 7.18507e-18 2.09077e-04 
7947.00 7.27340e-06 9.93883e-01 6.80879e-18 1.96910e-04 
7950.00 7.27101e-06 9.93890e-01 6.74411e-18 1.95051e-04 
7962.13 7.28889e-06 9.93920e-01 6.48839e-18 1.88409e-04 
7966.55 7.29104e-06 9.93933e-01 6.39730e-18 1.85924e-04 
7970.00 7.28498e-06 9.93944e-01 6.32696e-18 1.83809e-04 
7986.11 7.18435e-06 9.94001e-01 6.00749e-18 1.72475e-04 
7990.00 7.16518e-06 9.94015e-01 5.93263e-18 1.69956e-04 
8001.94 7.15844e-06 9.94060e-01 5.70773e-18 1.63611e-04 
8005.70 7.16208e-06 9.94074e-01 5.63849e-18 1.61787e-04 
8010.00 7.16252e-06 9.94089e-01 5.56013e-18 1.59636e-04 
8025.29 7.11743e-06 9.94141e-01 5.28944e-18 1.51205e-04 
8030.00 7.10066e-06 9.94156e-01 5.20850e-18 1.48629e-04 
8041.95 7.07417e-06 9.94190e-01 5.00801e-18 1.42592e-04 
8044.90 7.06931e-06 9.94198e-01 4.95948e-18 1.41166e-04 
8050.00 7.06024e-06 9.94210e-01 4.87679e-18 1.38724e-04 
8064.53 7.02321e-06 9.94246e-01 4.64779e-18 1.31758e-04 
8070.00 7.00689e-06 9.94261e-01 4.56408e-18 1.29174e-04 
8082.16 6.97183e-06 9.94300e-01 4.38291e-18 1.23617e-04 
8084.17 6.96662e-06 9.94307e-01 4.35355e-18 1.22728e-04 
8090.00 6.95311e-06 9.94330e-01 4.26948e-18 1.20215e-04 
8103.83 6.92997e-06 9.94385e-01 4.07597e-18 1.14586e-04 
8110.00 6.92031e-06 9.94406e-01 3.99212e-18 1.12160e-04 
8122.57 6.89517e-06 9.94430e-01 3.82626e-18 1.07278e-04 
8123.50 6.89300e-06 9.94431e-01 3.81427e-18 1.06920e-04 
8130.00 6.87650e-06 9.94429e-01 3.73114e-18 1.04423e-04 
8143.18 6.84025e-06 9.94415e-01 3.56770e-18 9.94823e-05 
8150.00 6.82564e-06 9.94408e-01 3.48573e-18 9.70695e-05 
8162.88 6.80417e-06 9.94419e-01 3.33554e-18 9.27422e-05 
8163.18 6.80339e-06 9.94420e-01 3.33212e-18 9.26399e-05 
8170.00 6.77667e-06 9.94445e-01 3.25509e-18 9.02206e-05 
8182.60 6.68567e-06 9.94518e-01 3.11707e-18 8.53726e-05 
8190.00 6.63991e-06 9.94569e-01 3.03847e-18 8.27293e-05 
8202.33 6.62000e-06 9.94650e-01 2.91161e-18 7.91630e-05 
8204.00 6.62002e-06 9.94660e-01 2.89480e-18 7.87230e-05 
8210.00 6.61837e-06 9.94690e-01 2.83512e-18 7.71394e-05 
8222.07 6.59264e-06 9.94734e-01 2.71850e-18 7.37904e-05 
8230.00 6.56799e-06 9.94752e-01 2.64433e-18 7.15791e-05 
8241.83 6.53964e-06 9.94768e-01 2.53710e-18 6.84793e-05 
8245.02 6.53600e-06 9.94770e-01 2.50893e-18 6.77078e-05 
8250.00 6.53529e-06 9.94773e-01 2.46543e-18 6.65670e-05 
8261.61 6.55245e-06 9.94778e-01 2.36679e-18 6.41621e-05 
8270.00 6.55892e-06 9.94783e-01 2.29777e-18 6.24159e-05 
8281.40 6.53444e-06 9.94799e-01 2.20700e-18 5.98099e-05 
8286.24 6.51889e-06 9.94810e-01 2.16944e-18 5.86871e-05 
8290.00 6.50785e-06 9.94821e-01 2.14071e-18 5.78387e-05 
8301.20 6.48314e-06 9.94862e-01 2.05715e-18 5.54470e-05 
8310.00 6.45466e-06 9.94900e-01 1.99367e-18 5.35586e-05 
8321.02 6.39354e-06 9.94946e-01 1.91669e-18 5.10732e-05 
8327.67 6.36247e-06 9.94970e-01 1.87161e-18 4.96704e-05 
8330.00 6.35603e-06 9.94977e-01 1.85607e-18 4.92222e-05 
8340.86 6.35896e-06 9.95005e-01 1.78511e-18 4.74254e-05 
8350.00 6.37267e-06 9.95021e-01 1.72736e-18 4.60412e-05 
8360.71 6.36283e-06 9.95037e-01 1.66192e-18 4.42859e-05 
8369.31 6.33813e-06 9.95050e-01 1.61104e-18 4.28082e-05 
8370.00 6.33579e-06 9.95051e-01 1.60703e-18 4.26894e-05 
8380.58 6.29785e-06 9.95070e-01 1.54663e-18 4.08910e-05 
8390.00 6.26794e-06 9.95089e-01 1.49459e-18 3.93727e-05 
8400.46 6.24655e-06 9.95113e-01 1.43879e-18 3.78212e-05 
8410.00 6.23153e-06 9.95137e-01 1.38957e-18 3.64818e-05 
8411.16 6.22957e-06 9.95140e-01 1.38370e-18 3.63215e-05 
8420.35 6.20959e-06 9.95164e-01 1.33797e-18 3.50474e-05 
8430.00 6.17379e-06 9.95189e-01 1.29151e-18 3.36749e-05 
8440.26 6.11388e-06 9.95214e-01 1.24375e-18 3.21549e-05 
8450.00 6.05044e-06 9.95234e-01 1.20000e-18 3.07378e-05 
8453.21 6.03138e-06 9.95240e-01 1.18588e-18 3.02921e-05 
8460.19 6.00146e-06 9.95251e-01 1.15576e-18 2.94008e-05 
8470.00 6.01013e-06 9.95263e-01 1.11463e-18 2.84289e-05 
8480.13 6.08100e-06 9.95276e-01 1.07361e-18 2.77390e-05 
8490.00 6.06281e-06 9.95290e-01 1.03503e-18 2.66936e-05 
8495.48 5.96349e-06 9.95300e-01 1.01418e-18 2.57442e-05 
8500.09 5.85995e-06 9.95310e-01 9.96947e-19 2.48812e-05 
8510.00 5.75086e-06 9.95335e-01 9.60833e-19 2.35615e-05 
8520.06 5.94157e-06 9.95363e-01 9.25443e-19 2.34746e-05 
8530.00 6.01905e-06 9.95390e-01 8.91701e-19 2.29410e-05 
8537.96 5.73741e-06 9.95410e-01 8.65533e-19 2.12461e-05 
8540.05 5.64025e-06 9.95415e-01 8.58777e-19 2.07284e-05 
8550.00 5.34988e-06 9.95434e-01 8.27313e-19 1.89634e-05 
8560.05 5.65169e-06 9.95446e-01 7.96649e-19 1.93136e-05 
8570.00 6.03923e-06 9.95452e-01 7.67366e-19 1.99025e-05 
8580.07 5.96156e-06 9.95450e-01 7.38774e-19 1.89367e-05 
8580.65 5.94587e-06 9.95450e-01 7.37165e-19 1.88470e-05 
8590.00 5.65541e-06 9.95441e-01 7.11573e-19 1.73227e-05 
8600.10 5.47731e-06 9.95429e-01 6.84884e-19 1.61667e-05 
8610.00 5.52048e-06 9.95419e-01 6.59666e-19 1.57121e-05 
8620.15 5.76662e-06 9.95418e-01 6.34725e-19 1.58107e-05 
8623.55 5.86312e-06 9.95420e-01 6.26577e-19 1.58752e-05 
8630.00 6.01759e-06 9.95429e-01 6.11390e-19 1.59106e-05 
8640.22 6.07287e-06 9.95455e-01 5.88056e-19 1.54626e-05 
8650.00 5.78601e-06 9.95487e-01 5.66508e-19 1.42089e-05 
8660.29 5.14520e-06 9.95526e-01 5.44653e-19 1.21627e-05 
8666.67 4.84663e-06 9.95550e-01 5.31532e-19 1.11894e-05 
8670.00 4.80001e-06 9.95562e-01 5.24793e-19 1.09456e-05 
8680.39 5.20660e-06 9.95598e-01 5.04303e-19 1.14233e-05 
8690.00 5.78512e-06 9.95626e-01 4.86035e-19 1.22467e-05 
8700.50 6.01986e-06 9.95652e-01 4.66804e-19 1.22545e-05 
8710.00 6.02744e-06 9.95670e-01 4.50036e-19 1.18423e-05 
8710.00 6.02744e-06 9.95670e-01 4.50034e-19 1.18423e-05 
8720.63 6.03062e-06 9.95684e-01 4.31969e-19 1.13869e-05 
8730.00 5.78690e-06 9.95696e-01 4.16610e-19 1.05497e-05 
8740.77 5.05938e-06 9.95719e-01 3.99619e-19 8.85836e-06 
8750.00 4.63950e-06 9.95752e-01 3.85582e-19 7.84639e-06 
8753.55 4.66362e-06 9.95770e-01 3.80310e-19 7.78265e-06 
8760.92 4.98600e-06 9.95814e-01 3.69589e-19 8.09324e-06 
8770.00 5.52857e-06 9.95864e-01 3.56788e-19 8.67253e-06 
8781.09 5.87644e-06 9.95884e-01 3.41722e-19 8.84033e-06 
8790.00 5.96021e-06 9.95834e-01 3.30076e-19 8.66912e-06 
8797.32 5.98951e-06 9.95730e-01 3.20792e-19 8.47287e-06 
8801.28 5.99600e-06 9.95645e-01 3.15871e-19 8.35498e-06 
8810.00 5.98228e-06 9.95399e-01 3.05302e-19 8.06292e-06 
8821.49 5.89623e-06 9.94993e-01 2.91898e-19 7.60485e-06 
8830.00 5.78059e-06 9.94670e-01 2.82331e-19 7.21596e-06 
8841.31 5.53215e-06 9.94270e-01 2.70096e-19 6.61236e-06 
8841.70 5.52003e-06 9.94257e-01 2.69675e-19 6.58779e-06 
8850.00 5.18976e-06 9.94018e-01 2.61038e-19 5.99946e-06 
8861.94 4.56324e-06 9.93767e-01 2.49080e-19 5.03905e-06 
8870.00 4.42715e-06 9.93663e-01 2.41306e-19 4.74001e-06 
8882.19 5.04608e-06 9.93611e-01 2.30000e-19 5.15634e-06 
8885.51 5.27452e-06 9.93620e-01 2.27006e-19 5.32165e-06 
8890.00 5.53723e-06 9.93647e-01 2.23025e-19 5.49164e-06 
8902.45 5.80326e-06 9.93796e-01 2.12329e-19 5.48797e-06 
8910.00 5.79357e-06 9.93921e-01 2.06091e-19 5.32304e-06 
8922.73 5.80582e-06 9.94155e-01 1.95969e-19 5.08073e-06 
8929.94 5.83194e-06 9.94280e-01 1.90456e-19 4.96465e-06 
8930.00 5.83217e-06 9.94281e-01 1.90411e-19 4.96370e-06 
8943.03 5.86762e-06 9.94469e-01 1.80826e-19 4.75031e-06 
8950.00 5.85595e-06 9.94557e-01 1.75894e-19 4.61555e-06 
8963.34 5.76176e-06 9.94718e-01 1.66815e-19 4.31402e-06 
8970.00 5.72071e-06 9.94805e-01 1.62457e-19 4.17485e-06 
8974.59 5.70567e-06 9.94870e-01 1.59517e-19 4.09090e-06 
8983.67 5.61759e-06 9.95014e-01 1.53854e-19 3.88924e-06 
8990.00 5.41763e-06 9.95124e-01 1.50022e-19 3.66037e-06 
9004.01 4.57416e-06 9.95379e-01 1.41868e-19 2.92781e-06 
9010.00 4.32259e-06 9.95487e-01 1.38518e-19 2.70354e-06 
9019.46 4.34935e-06 9.95650e-01 1.33380e-19 2.62255e-06 
9024.37 4.50861e-06 9.95728e-01 1.30787e-19 2.66740e-06 
9030.00 4.74275e-06 9.95812e-01 1.27876e-19 2.74542e-06 
9044.75 5.29886e-06 9.96001e-01 1.20546e-19 2.89677e-06 
9050.00 5.42139e-06 9.96058e-01 1.18035e-19 2.90388e-06 
9064.56 5.49233e-06 9.96190e-01 1.11341e-19 2.77986e-06 
9065.14 5.49018e-06 9.96194e-01 1.11083e-19 2.77252e-06 
9070.00 5.46796e-06 9.96230e-01 1.08936e-19 2.70949e-06 
9085.54 5.42517e-06 9.96317e-01 1.02342e-19 2.53010e-06 
9090.00 5.43343e-06 9.96336e-01 1.00524e-19 2.49023e-06 
9105.97 5.53237e-06 9.96390e-01 9.42689e-20 2.38209e-06 
9109.88 5.55396e-06 9.96400e-01 9.27938e-20 2.35500e-06 
9110.00 5.55449e-06 9.96400e-01 9.27499e-20 2.35414e-06 
9126.40 5.57138e-06 9.96436e-01 8.68157e-20 2.21428e-06 
9130.00 5.56742e-06 9.96442e-01 8.55655e-20 2.18172e-06 
9146.86 5.54477e-06 9.96473e-01 7.99360e-20 2.03370e-06 
9150.00 5.53749e-06 9.96479e-01 7.89277e-20 2.00611e-06 
9155.43 5.52064e-06 9.96490e-01 7.72140e-20 1.95776e-06 
9167.33 5.45895e-06 9.96517e-01 7.35875e-20 1.84741e-06 
9170.00 5.43933e-06 9.96524e-01 7.27960e-20 1.82152e-06 
9187.81 5.27933e-06 9.96568e-01 6.77303e-20 1.64818e-06 
9190.00 5.26189e-06 9.96574e-01 6.71327e-20 1.62864e-06 
9201.21 5.13906e-06 9.96600e-01 6.41504e-20 1.52185e-06 
9208.31 4.92017e-06 9.96615e-01 6.23279e-20 1.41675e-06 
9210.00 4.83946e-06 9.96618e-01 6.19030e-20 1.38427e-06 
9228.83 3.80723e-06 9.96652e-01 5.73461e-20 1.01094e-06 
9230.00 3.79470e-06 9.96654e-01 5.70743e-20 1.00297e-06 
9247.21 4.50853e-06 9.96680e-01 5.32163e-20 1.11319e-06 
9249.36 4.61774e-06 9.96683e-01 5.27530e-20 1.13050e-06 
9250.00 4.64682e-06 9.96684e-01 5.26167e-20 1.13476e-06 
9269.91 4.99897e-06 9.96714e-01 4.85195e-20 1.12815e-06 
9270.00 4.99972e-06 9.96714e-01 4.85023e-20 1.12793e-06 
9290.00 5.22549e-06 9.96745e-01 4.47051e-20 1.08895e-06 
9290.48 5.22906e-06 9.96745e-01 4.46181e-20 1.08763e-06 
9293.45 5.24661e-06 9.96750e-01 4.40802e-20 1.07847e-06 
9310.00 5.25360e-06 9.96776e-01 4.12013e-20 1.01120e-06 
9311.06 5.25213e-06 9.96777e-01 4.10236e-20 1.00668e-06 
9330.00 5.23472e-06 9.96806e-01 3.79686e-20 9.30536e-07 
9331.66 5.23366e-06 9.96808e-01 3.77125e-20 9.24240e-07 
9339.92 5.22839e-06 9.96820e-01 3.64595e-20 8.93433e-07 
9350.00 5.21996e-06 9.96834e-01 3.49864e-20 8.56887e-07 
9352.27 5.21747e-06 9.96837e-01 3.46632e-20 8.48775e-07 
9370.00 5.19548e-06 9.96859e-01 3.22357e-20 7.87515e-07 
9372.90 5.19243e-06 9.96863e-01 3.18554e-20 7.78012e-07 
9386.62 5.15403e-06 9.96880e-01 3.01135e-20 7.31110e-07 
9390.00 5.13081e-06 9.96884e-01 2.96988e-20 7.18055e-07 
9393.54 5.09837e-06 9.96889e-01 2.92706e-20 7.03497e-07 
9410.00 4.95902e-06 9.96911e-01 2.73594e-20 6.40725e-07 
9414.20 4.96031e-06 9.96916e-01 2.68915e-20 6.30217e-07 
9430.00 5.04031e-06 9.96936e-01 2.52023e-20 6.01175e-07 
9433.55 5.04708e-06 9.96940e-01 2.48374e-20 5.93490e-07 
9434.88 5.04749e-06 9.96941e-01 2.47022e-20 5.90392e-07 
9450.00 5.01196e-06 9.96957e-01 2.32137e-20 5.51802e-07 
9455.57 4.99936e-06 9.96962e-01 2.26879e-20 5.38267e-07 
9470.00 4.97460e-06 9.96973e-01 2.13805e-20 5.05512e-07 
9476.28 4.95795e-06 9.96977e-01 2.08349e-20 4.91292e-07 
9480.72 4.94164e-06 9.96980e-01 2.04578e-20 4.81039e-07 
9490.00 4.89169e-06 9.96985e-01 1.96907e-20 4.58773e-07 
9497.01 4.83790e-06 9.96988e-01 1.91306e-20 4.41150e-07 
9510.00 4.71862e-06 9.96995e-01 1.81334e-20 4.08404e-07 
9517.75 4.63329e-06 9.97001e-01 1.75634e-20 3.88733e-07 
9528.12 4.37352e-06 9.97010e-01 1.68280e-20 3.51960e-07 
9530.00 4.29448e-06 9.97012e-01 1.66982e-20 3.43002e-07 
9538.50 3.83763e-06 9.97022e-01 1.61225e-20 2.96213e-07 
9550.00 3.45719e-06 9.97037e-01 1.53757e-20 2.54798e-07 
9559.28 3.75059e-06 9.97048e-01 1.47979e-20 2.66296e-07 
9570.00 4.32560e-06 9.97057e-01 1.41572e-20 2.94156e-07 
9575.76 4.50834e-06 9.97060e-01 1.38242e-20 2.99553e-07 
9580.07 4.57795e-06 9.97061e-01 1.35805e-20 2.98951e-07 
9590.00 4.62719e-06 9.97058e-01 1.30345e-20 2.90319e-07 
9600.87 4.66083e-06 9.97052e-01 1.24617e-20 2.79893e-07 
9610.00 4.67561e-06 9.97046e-01 1.20003e-20 2.70641e-07 
9621.70 4.65234e-06 9.97040e-01 1.14337e-20 2.56890e-07 
9623.64 4.64798e-06 9.97040e-01 1.13421e-20 2.54644e-07 
9630.00 4.64286e-06 9.97039e-01 1.10477e-20 2.47924e-07 
9642.54 4.68063e-06 9.97039e-01 1.04893e-20 2.37617e-07 
9650.00 4.69643e-06 9.97037e-01 1.01702e-20 2.31345e-07 
9663.39 4.65703e-06 9.97021e-01 9.62184e-21 2.17332e-07 
9670.00 4.63058e-06 9.97005e-01 9.36207e-21 2.10404e-07 
9671.76 4.62553e-06 9.97000e-01 9.29409e-21 2.08686e-07 
9684.26 4.61623e-06 9.96948e-01 8.82513e-21 1.98003e-07 
9690.00 4.62321e-06 9.96919e-01 8.61781e-21 1.93752e-07 
9705.15 4.64994e-06 9.96835e-01 8.09353e-21 1.83288e-07 
9710.00 4.65336e-06 9.96809e-01 7.93243e-21 1.79857e-07 
9720.12 4.64342e-06 9.96760e-01 7.60661e-21 1.72272e-07 
9726.05 4.63001e-06 9.96737e-01 7.42180e-21 1.67699e-07 
9730.00 4.61952e-06 9.96725e-01 7.30131e-21 1.64668e-07 
9746.97 4.57555e-06 9.96711e-01 6.80512e-21 1.52279e-07 
9750.00 4.56979e-06 9.96716e-01 6.72020e-21 1.50237e-07 
9767.91 4.56690e-06 9.96813e-01 6.23907e-21 1.39662e-07 
9768.72 4.56845e-06 9.96820e-01 6.21812e-21 1.39253e-07 
9770.00 4.57127e-06 9.96832e-01 6.18518e-21 1.38621e-07 
9788.86 4.67497e-06 9.97101e-01 5.71955e-21 1.31382e-07 
