##### EXOPHOT SPECTRAL OVERLAP FILE #####
# Date: 01/12/2021 13:14:53
# SED file: SED_g2v.txt
# atmosphere file: atm_g2v_hzi_os1.txt
# photopigment file: BChlB.txt
# Stellar radius (Rs in km): 6.963400e+05
# Exoplanet orbit semi-major axis (sma in km): 1.070123e+08
# Total absorption rate (gamma_t in s-1): 2.69429e+01
# B band absorption rate (gamma_B in s-1): 8.70535e+00
# Q band absorption rate (gamma_Q in s-1): 1.82376e+01
# B-Q bands cut-off (in nm): 500
# photosynthetic photon flux density [ppfd in micromol photon m-2 s-1]: 4.05263e+03
# Total Stellar Irradiance (S in W m-2): 2.62457e+03
# -------------------------------------------------
# Col 1: Wavelength (wl in Angstrom) 
# Col 2: Spectral Flux Density (F_l in J cm-2 s-1 A-1) 
# Col 3: Atmosphere transmitance (T, no units) 
# Col 4: Pigment absorption cross section (sigma_abs in cm-2) 
# Col 5: Spectral Absorption Rate (Gamma_lambda in A-1 s-1)
3041.74 1.05084e-05 8.35486e-02 8.07474e-17 1.08555e-04 
3050.00 1.33107e-05 1.12011e-01 8.23128e-17 1.88431e-04 
3055.94 1.42228e-05 1.28500e-01 8.35225e-17 2.34834e-04 
3070.00 1.40833e-05 1.59809e-01 8.65959e-17 3.01206e-04 
3071.22 1.39874e-05 1.62300e-01 8.68741e-17 3.04916e-04 
3072.03 1.39216e-05 1.63937e-01 8.70577e-17 3.07270e-04 
3086.58 1.29970e-05 1.95920e-01 9.04505e-17 3.57876e-04 
3090.00 1.30535e-05 2.04806e-01 9.12576e-17 3.79509e-04 
3102.01 1.42803e-05 2.35850e-01 9.40740e-17 4.94778e-04 
3103.47 1.44558e-05 2.39031e-01 9.44103e-17 5.09664e-04 
3110.00 1.50379e-05 2.51561e-01 9.59003e-17 5.67984e-04 
3117.52 1.50298e-05 2.64870e-01 9.75529e-17 6.09478e-04 
3130.00 1.40910e-05 2.90261e-01 1.00072e-16 6.44930e-04 
3133.11 1.38430e-05 2.96880e-01 1.00644e-16 6.52375e-04 
3146.34 1.33625e-05 3.24065e-01 1.02756e-16 7.04788e-04 
3148.77 1.34310e-05 3.28880e-01 1.03082e-16 7.21758e-04 
3150.00 1.34897e-05 3.31273e-01 1.03237e-16 7.31573e-04 
3164.52 1.46941e-05 3.57110e-01 1.04733e-16 8.75513e-04 
3170.00 1.47776e-05 3.65034e-01 1.05161e-16 9.05260e-04 
3180.34 1.37690e-05 3.78210e-01 1.05823e-16 8.82294e-04 
3190.00 1.30600e-05 3.90845e-01 1.06332e-16 8.71614e-04 
3196.24 1.34935e-05 4.00680e-01 1.06637e-16 9.27667e-04 
3206.35 1.44991e-05 4.18740e-01 1.07143e-16 1.04999e-03 
3210.00 1.44882e-05 4.23730e-01 1.07342e-16 1.06488e-03 
3212.22 1.42991e-05 4.25850e-01 1.07468e-16 1.05821e-03 
3228.29 1.18883e-05 4.31250e-01 1.08486e-16 9.03897e-04 
3230.00 1.18779e-05 4.33165e-01 1.08606e-16 9.08594e-04 
3244.43 1.49943e-05 4.58430e-01 1.09682e-16 1.23140e-03 
3250.00 1.67015e-05 4.64810e-01 1.10130e-16 1.39876e-03 
3260.65 1.89881e-05 4.70640e-01 1.11030e-16 1.62869e-03 
3269.23 1.98240e-05 4.74956e-01 1.11793e-16 1.73231e-03 
3270.00 1.98573e-05 4.75463e-01 1.11862e-16 1.73857e-03 
3276.95 1.98899e-05 4.81560e-01 1.12503e-16 1.77763e-03 
3290.00 1.91539e-05 4.97689e-01 1.13750e-16 1.79591e-03 
3293.34 1.89174e-05 5.00330e-01 1.14076e-16 1.79008e-03 
3309.80 1.80628e-05 5.03190e-01 1.15723e-16 1.75252e-03 
3310.00 1.80583e-05 5.03298e-01 1.15743e-16 1.75286e-03 
3326.35 1.81968e-05 5.19170e-01 1.17417e-16 1.85750e-03 
3330.00 1.83268e-05 5.20957e-01 1.17793e-16 1.88528e-03 
3332.11 1.84093e-05 5.21503e-01 1.18011e-16 1.90046e-03 
3342.98 1.84952e-05 5.23700e-01 1.19139e-16 1.94201e-03 
3350.00 1.77305e-05 5.28584e-01 1.19882e-16 1.89477e-03 
3359.70 1.53247e-05 5.35990e-01 1.20949e-16 1.68026e-03 
3370.00 1.33506e-05 5.38358e-01 1.22156e-16 1.48951e-03 
3376.50 1.35690e-05 5.39760e-01 1.22969e-16 1.53085e-03 
3386.41 1.51160e-05 5.45876e-01 1.24304e-16 1.74856e-03 
3390.00 1.56086e-05 5.48437e-01 1.24820e-16 1.82347e-03 
3393.38 1.58891e-05 5.50530e-01 1.25323e-16 1.87269e-03 
3410.00 1.59350e-05 5.56143e-01 1.28068e-16 1.94831e-03 
3410.35 1.59377e-05 5.56270e-01 1.28131e-16 1.95023e-03 
3427.40 1.67241e-05 5.64250e-01 1.31507e-16 2.14117e-03 
3428.47 1.67850e-05 5.64653e-01 1.31739e-16 2.15497e-03 
3430.00 1.68683e-05 5.65184e-01 1.32078e-16 2.17425e-03 
3444.54 1.73931e-05 5.69500e-01 1.35760e-16 2.33183e-03 
3450.00 1.75203e-05 5.71931e-01 1.37482e-16 2.39262e-03 
3455.00 1.76352e-05 5.74510e-01 1.39286e-16 2.45446e-03 
3461.76 1.78312e-05 5.77910e-01 1.42086e-16 2.55160e-03 
3470.00 1.82171e-05 5.81212e-01 1.45850e-16 2.69758e-03 
3472.72 1.83967e-05 5.82168e-01 1.47122e-16 2.75461e-03 
3479.07 1.89101e-05 5.84380e-01 1.50073e-16 2.90455e-03 
3490.00 2.00101e-05 5.88583e-01 1.55244e-16 3.21234e-03 
3491.34 2.01556e-05 5.89106e-01 1.55899e-16 3.25347e-03 
3496.46 2.06798e-05 5.91030e-01 1.58469e-16 3.40918e-03 
3507.02 2.11229e-05 5.94566e-01 1.64442e-16 3.64610e-03 
3510.00 2.09635e-05 5.95530e-01 1.66360e-16 3.66984e-03 
3513.95 2.05178e-05 5.96840e-01 1.68943e-16 3.65970e-03 
3523.60 1.92287e-05 6.00289e-01 1.74284e-16 3.56843e-03 
3530.00 1.91994e-05 6.02641e-01 1.76364e-16 3.62623e-03 
3531.51 1.93851e-05 6.03190e-01 1.76801e-16 3.67529e-03 
3543.60 2.20401e-05 6.07379e-01 1.83095e-16 4.37238e-03 
3549.17 2.25156e-05 6.09220e-01 1.88934e-16 4.63040e-03 
3550.00 2.24709e-05 6.09490e-01 1.89819e-16 4.64599e-03 
3552.18 2.21831e-05 6.10197e-01 1.91975e-16 4.64681e-03 
3566.47 1.72310e-05 6.14646e-01 2.00470e-16 3.81194e-03 
3566.92 1.70748e-05 6.14780e-01 2.00746e-16 3.78388e-03 
3570.00 1.61558e-05 6.15681e-01 2.02839e-16 3.62598e-03 
3578.72 1.52287e-05 6.18088e-01 2.09463e-16 3.55198e-03 
3584.75 1.56400e-05 6.19610e-01 2.13534e-16 3.73425e-03 
3590.00 1.63463e-05 6.20843e-01 2.17381e-16 3.98695e-03 
3592.19 1.66742e-05 6.21356e-01 2.19309e-16 4.10889e-03 
3602.68 1.82032e-05 6.24130e-01 2.30312e-16 4.74556e-03 
3603.62 1.83249e-05 6.24427e-01 2.31180e-16 4.79882e-03 
3610.00 1.90030e-05 6.26659e-01 2.35857e-16 5.10427e-03 
3617.91 1.94125e-05 6.29840e-01 2.41789e-16 5.38430e-03 
3620.69 1.94528e-05 6.31020e-01 2.44685e-16 5.47455e-03 
3626.49 1.93974e-05 6.33519e-01 2.50868e-16 5.62805e-03 
3630.00 1.92881e-05 6.35023e-01 2.53633e-16 5.67694e-03 
3638.79 1.93924e-05 6.38580e-01 2.58982e-16 5.87487e-03 
3639.96 1.95700e-05 6.39016e-01 2.59819e-16 5.95379e-03 
3640.00 1.95771e-05 6.39031e-01 2.59849e-16 5.95685e-03 
3650.00 2.24311e-05 6.42447e-01 2.68878e-16 7.11966e-03 
3651.39 2.27624e-05 6.42892e-01 2.70064e-16 7.26448e-03 
3656.99 2.35541e-05 6.44650e-01 2.73908e-16 7.65670e-03 
3669.36 2.32083e-05 6.48526e-01 2.79185e-16 7.76203e-03 
3670.00 2.31466e-05 6.48726e-01 2.79416e-16 7.75154e-03 
3675.27 2.26033e-05 6.50360e-01 2.81309e-16 7.65107e-03 
3690.00 2.19802e-05 6.54819e-01 2.86183e-16 7.65148e-03 
3693.65 2.23184e-05 6.55910e-01 2.87178e-16 7.81696e-03 
3707.00 2.33631e-05 6.59888e-01 2.89564e-16 8.33090e-03 
3710.00 2.30337e-05 6.60775e-01 2.89759e-16 8.23668e-03 
3712.12 2.25818e-05 6.61400e-01 2.89817e-16 8.08894e-03 
3730.00 1.66695e-05 6.66615e-01 2.88027e-16 6.00984e-03 
3730.68 1.65591e-05 6.66810e-01 2.87891e-16 5.97005e-03 
3749.33 1.86530e-05 6.72110e-01 2.82810e-16 6.69209e-03 
3749.38 1.86657e-05 6.72124e-01 2.82794e-16 6.69649e-03 
3750.00 1.88187e-05 6.72297e-01 2.82592e-16 6.74938e-03 
3768.08 2.25303e-05 6.77090e-01 2.76072e-16 7.98874e-03 
3770.00 2.27452e-05 6.77555e-01 2.75314e-16 8.05246e-03 
3771.61 2.28858e-05 6.77938e-01 2.74671e-16 8.09130e-03 
3786.92 2.33741e-05 6.81340e-01 2.68285e-16 8.14526e-03 
3789.39 2.34919e-05 6.81874e-01 2.67231e-16 8.16588e-03 
3790.00 2.35297e-05 6.82006e-01 2.66973e-16 8.17401e-03 
3805.85 2.38437e-05 6.85860e-01 2.59745e-16 8.13827e-03 
3806.54 2.37229e-05 6.86059e-01 2.59387e-16 8.08968e-03 
3810.00 2.27954e-05 6.87105e-01 2.57529e-16 7.73652e-03 
3817.98 1.88292e-05 6.89719e-01 2.53363e-16 6.32416e-03 
3824.88 1.51916e-05 6.92030e-01 2.50453e-16 5.06986e-03 
3830.00 1.36996e-05 6.93670e-01 2.48323e-16 4.54990e-03 
3832.27 1.35997e-05 6.94373e-01 2.47260e-16 4.50459e-03 
3844.01 1.66753e-05 6.97820e-01 2.40558e-16 5.41683e-03 
3846.56 1.75401e-05 6.98533e-01 2.39128e-16 5.67344e-03 
3850.00 1.84564e-05 6.99481e-01 2.37363e-16 5.93910e-03 
3863.23 1.85642e-05 7.02990e-01 2.31401e-16 5.87307e-03 
3863.70 1.85177e-05 7.03114e-01 2.31180e-16 5.85450e-03 
3870.00 1.80158e-05 7.04733e-01 2.28108e-16 5.64226e-03 
3880.85 1.87083e-05 7.07477e-01 2.22813e-16 5.76150e-03 
3882.54 1.90296e-05 7.07900e-01 2.22068e-16 5.84692e-03 
3890.00 2.11770e-05 7.09759e-01 2.19130e-16 6.44986e-03 
3900.86 2.52255e-05 7.12432e-01 2.15648e-16 7.61049e-03 
3901.96 2.54804e-05 7.12700e-01 2.15335e-16 7.68126e-03 
3910.00 2.50062e-05 7.14651e-01 2.13213e-16 7.49988e-03 
3921.46 1.70199e-05 7.17410e-01 2.10726e-16 5.07943e-03 
3930.00 1.31590e-05 7.19465e-01 2.09288e-16 3.92006e-03 
3938.01 1.62624e-05 7.21410e-01 2.08261e-16 4.84366e-03 
3941.07 1.83227e-05 7.22160e-01 2.07951e-16 5.45912e-03 
3950.00 2.23890e-05 7.24347e-01 2.07310e-16 6.68531e-03 
3960.78 1.83018e-05 7.26800e-01 2.07052e-16 5.49150e-03 
3970.00 1.54497e-05 7.28613e-01 2.07278e-16 4.66321e-03 
3980.58 2.22252e-05 7.30700e-01 2.08042e-16 6.77028e-03 
3990.00 3.04201e-05 7.32869e-01 2.09174e-16 9.36681e-03 
3991.36 3.12035e-05 7.33202e-01 2.09373e-16 9.62480e-03 
4000.48 3.32949e-05 7.35470e-01 2.11134e-16 1.04120e-02 
4010.00 3.25538e-05 7.37782e-01 2.14703e-16 1.04096e-02 
4015.59 3.22393e-05 7.39102e-01 2.18167e-16 1.05088e-02 
4020.49 3.21769e-05 7.40240e-01 2.22095e-16 1.07067e-02 
4023.75 3.21881e-05 7.40990e-01 2.24747e-16 1.08582e-02 
4030.00 3.21922e-05 7.42408e-01 2.29071e-16 1.11069e-02 
4035.19 3.20637e-05 7.43571e-01 2.32278e-16 1.12494e-02 
4040.59 3.17771e-05 7.44770e-01 2.35771e-16 1.13500e-02 
4045.48 3.13894e-05 7.45846e-01 2.39369e-16 1.14128e-02 
4050.00 3.09259e-05 7.46835e-01 2.43171e-16 1.14508e-02 
4055.19 3.03137e-05 7.47960e-01 2.47548e-16 1.14580e-02 
4060.79 2.97820e-05 7.49160e-01 2.51545e-16 1.14731e-02 
4067.80 2.97454e-05 7.50644e-01 2.55202e-16 1.16686e-02 
4070.00 2.99621e-05 7.51106e-01 2.56026e-16 1.18053e-02 
4081.10 3.24799e-05 7.53420e-01 2.58342e-16 1.29882e-02 
4089.44 3.42036e-05 7.55150e-01 2.58928e-16 1.37680e-02 
4090.00 3.42632e-05 7.55265e-01 2.58957e-16 1.37975e-02 
4101.50 3.38784e-05 7.57630e-01 2.59175e-16 1.37354e-02 
4110.00 3.30079e-05 7.59361e-01 2.58210e-16 1.33908e-02 
4122.01 3.30443e-05 7.61800e-01 2.53690e-16 1.32518e-02 
4128.19 3.32917e-05 7.63057e-01 2.49340e-16 1.31634e-02 
4130.00 3.33371e-05 7.63422e-01 2.47760e-16 1.31099e-02 
4138.08 3.33096e-05 7.65015e-01 2.39729e-16 1.27257e-02 
4142.62 3.32258e-05 7.65870e-01 2.35167e-16 1.24797e-02 
4146.65 3.31821e-05 7.66597e-01 2.31214e-16 1.22774e-02 
4150.00 3.32046e-05 7.67185e-01 2.27999e-16 1.21340e-02 
4155.14 3.33693e-05 7.68076e-01 2.23511e-16 1.19829e-02 
4160.94 3.36044e-05 7.69090e-01 2.15810e-16 1.16832e-02 
4163.33 3.36691e-05 7.69520e-01 2.08958e-16 1.13468e-02 
4163.80 3.36774e-05 7.69605e-01 2.07726e-16 1.12852e-02 
4170.00 3.35859e-05 7.70768e-01 2.00804e-16 1.09122e-02 
4171.42 3.34974e-05 7.71042e-01 2.00253e-16 1.08611e-02 
4180.37 3.25544e-05 7.72802e-01 1.92693e-16 1.02019e-02 
4184.15 3.21360e-05 7.73550e-01 1.88175e-16 9.85306e-03 
4188.38 3.18027e-05 7.74385e-01 1.83247e-16 9.51541e-03 
4190.00 3.17368e-05 7.74704e-01 1.81580e-16 9.41684e-03 
4200.14 3.20427e-05 7.76680e-01 1.73096e-16 9.10847e-03 
4205.07 3.23068e-05 7.77630e-01 1.68958e-16 8.98549e-03 
4210.00 3.23783e-05 7.78572e-01 1.64541e-16 8.79085e-03 
4211.43 3.23363e-05 7.78844e-01 1.63218e-16 8.71490e-03 
4220.39 3.16169e-05 7.80522e-01 1.55226e-16 8.13852e-03 
4226.10 3.11026e-05 7.81570e-01 1.51121e-16 7.81543e-03 
4230.00 3.09094e-05 7.82275e-01 1.48434e-16 7.64272e-03 
4232.39 3.08952e-05 7.82702e-01 1.46658e-16 7.55616e-03 
4245.86 3.14403e-05 7.85057e-01 1.35235e-16 7.13456e-03 
4247.23 3.14618e-05 7.85290e-01 1.34246e-16 7.09156e-03 
4250.00 3.14326e-05 7.85764e-01 1.32419e-16 6.99738e-03 
4261.54 3.03135e-05 7.87729e-01 1.26351e-16 6.47266e-03 
4268.46 2.94273e-05 7.88920e-01 1.22805e-16 6.12623e-03 
4270.00 2.92648e-05 7.89188e-01 1.21997e-16 6.05654e-03 
4280.03 2.84319e-05 7.90957e-01 1.16761e-16 5.65750e-03 
4289.80 2.66743e-05 7.92690e-01 1.11965e-16 5.11258e-03 
4290.00 2.66168e-05 7.92725e-01 1.11872e-16 5.09776e-03 
4295.27 2.47834e-05 7.93647e-01 1.09387e-16 4.65231e-03 
4309.56 2.20926e-05 7.96087e-01 1.02819e-16 3.92316e-03 
4310.00 2.21824e-05 7.96161e-01 1.02622e-16 3.93234e-03 
4311.25 2.25205e-05 7.96370e-01 1.02067e-16 3.97286e-03 
4326.71 3.10845e-05 7.98898e-01 9.55816e-17 5.17000e-03 
4330.00 3.23424e-05 7.99433e-01 9.42970e-17 5.31451e-03 
4332.81 3.28256e-05 7.99890e-01 9.32278e-17 5.33926e-03 
4346.71 3.10608e-05 8.02169e-01 8.82213e-17 4.80990e-03 
4350.00 3.08015e-05 8.02705e-01 8.70885e-17 4.71521e-03 
4354.47 3.11620e-05 8.03430e-01 8.55629e-17 4.69588e-03 
4370.00 3.40234e-05 8.05869e-01 8.02212e-17 4.83879e-03 
4371.80 3.40033e-05 8.06143e-01 7.95797e-17 4.80086e-03 
4376.25 3.34851e-05 8.06810e-01 7.79691e-17 4.64055e-03 
4390.00 3.08991e-05 8.08791e-01 7.31177e-17 4.03824e-03 
4392.85 3.07998e-05 8.09187e-01 7.22138e-17 3.98003e-03 
4398.13 3.11807e-05 8.09910e-01 7.06835e-17 3.95213e-03 
4410.00 3.33861e-05 8.11390e-01 6.77153e-17 4.07234e-03 
4418.98 3.48874e-05 8.12108e-01 6.56247e-17 4.13615e-03 
4420.12 3.50317e-05 8.12160e-01 6.53550e-17 4.13751e-03 
4430.00 3.57254e-05 8.12321e-01 6.29343e-17 4.07304e-03 
4442.22 3.53690e-05 8.12820e-01 5.98517e-17 3.84784e-03 
4448.65 3.52978e-05 8.13700e-01 5.82438e-17 3.74639e-03 
4450.00 3.53429e-05 8.13939e-01 5.79108e-17 3.73196e-03 
4464.43 3.68192e-05 8.17110e-01 5.44684e-17 3.68289e-03 
4470.00 3.72531e-05 8.18396e-01 5.31939e-17 3.64938e-03 
4483.90 3.72273e-05 8.21386e-01 5.01383e-17 3.46065e-03 
4486.75 3.73522e-05 8.21950e-01 4.95323e-17 3.43484e-03 
4490.00 3.76871e-05 8.22568e-01 4.88519e-17 3.42307e-03 
4509.19 4.12177e-05 8.25800e-01 4.51130e-17 3.48563e-03 
4510.00 4.12207e-05 8.25925e-01 4.49672e-17 3.47578e-03 
4523.91 3.86136e-05 8.27967e-01 4.26864e-17 3.10800e-03 
4530.00 3.73689e-05 8.28813e-01 4.18253e-17 2.95411e-03 
4531.73 3.71714e-05 8.29050e-01 4.15955e-17 2.92431e-03 
4550.00 3.86014e-05 8.31441e-01 3.95192e-17 2.90521e-03 
4554.39 3.93669e-05 8.31980e-01 3.91002e-17 2.93614e-03 
4570.00 4.08810e-05 8.33777e-01 3.77876e-17 2.96320e-03 
4577.16 4.02362e-05 8.34560e-01 3.72509e-17 2.88224e-03 
4578.21 4.00916e-05 8.34674e-01 3.71742e-17 2.86702e-03 
4590.00 3.86728e-05 8.35941e-01 3.63441e-17 2.71488e-03 
4600.05 3.89053e-05 8.37040e-01 3.56736e-17 2.69022e-03 
4610.00 3.95494e-05 8.38176e-01 3.50380e-17 2.69549e-03 
4623.05 3.92934e-05 8.39760e-01 3.42394e-17 2.62937e-03 
4630.00 3.90016e-05 8.40653e-01 3.38265e-17 2.58500e-03 
4641.09 3.89796e-05 8.42113e-01 3.31808e-17 2.54471e-03 
4646.16 3.91430e-05 8.42780e-01 3.28894e-17 2.53771e-03 
4650.00 3.93226e-05 8.43277e-01 3.26702e-17 2.53595e-03 
4669.39 4.02977e-05 8.45350e-01 3.15775e-17 2.52859e-03 
4670.00 4.03090e-05 8.45394e-01 3.15437e-17 2.52705e-03 
4690.00 3.95040e-05 8.46321e-01 3.04374e-17 2.40260e-03 
4692.74 3.92386e-05 8.46430e-01 3.02870e-17 2.37635e-03 
4703.97 3.82186e-05 8.47000e-01 2.96724e-17 2.27457e-03 
4710.00 3.80554e-05 8.47396e-01 2.93433e-17 2.24365e-03 
4716.20 3.83746e-05 8.47870e-01 2.90067e-17 2.24072e-03 
4730.00 3.97755e-05 8.48988e-01 2.82721e-17 2.27332e-03 
4739.79 4.02760e-05 8.49370e-01 2.77693e-17 2.26668e-03 
4750.00 4.03886e-05 8.49128e-01 2.72672e-17 2.23609e-03 
4763.48 4.04261e-05 8.48940e-01 2.66503e-17 2.19326e-03 
4766.84 4.04288e-05 8.49117e-01 2.65062e-17 2.18354e-03 
4770.00 4.04279e-05 8.49383e-01 2.63748e-17 2.17478e-03 
4787.30 4.02758e-05 8.52070e-01 2.57161e-17 2.12686e-03 
4790.00 4.02106e-05 8.52603e-01 2.56221e-17 2.11817e-03 
4810.00 3.97886e-05 8.56726e-01 2.49884e-17 2.06256e-03 
4811.24 3.98096e-05 8.56970e-01 2.49525e-17 2.06180e-03 
4829.72 4.03145e-05 8.60089e-01 2.44525e-17 2.06145e-03 
4830.00 4.03118e-05 8.60127e-01 2.44454e-17 2.06093e-03 
4835.29 4.01246e-05 8.60780e-01 2.43131e-17 2.04405e-03 
4850.00 3.79496e-05 8.62083e-01 2.39565e-17 1.91357e-03 
4859.47 3.53664e-05 8.62870e-01 2.37245e-17 1.77111e-03 
4870.00 3.38956e-05 8.63987e-01 2.34528e-17 1.68383e-03 
4883.77 3.68121e-05 8.65540e-01 2.30575e-17 1.80621e-03 
4890.00 3.83179e-05 8.66149e-01 2.28576e-17 1.86749e-03 
4892.60 3.86919e-05 8.66385e-01 2.27696e-17 1.87996e-03 
4908.19 3.84607e-05 8.67780e-01 2.21811e-17 1.82917e-03 
4910.00 3.83127e-05 8.67957e-01 2.21063e-17 1.81703e-03 
4930.00 3.75182e-05 8.70111e-01 2.12046e-17 1.71798e-03 
4932.73 3.76179e-05 8.70410e-01 2.10718e-17 1.71329e-03 
4950.00 3.89655e-05 8.72131e-01 2.01844e-17 1.70926e-03 
4955.48 3.93276e-05 8.72572e-01 1.98887e-17 1.70260e-03 
4957.39 3.94177e-05 8.72710e-01 1.97838e-17 1.69843e-03 
4970.00 3.93184e-05 8.73440e-01 1.90772e-17 1.63916e-03 
4982.18 3.79087e-05 8.74070e-01 1.83724e-17 1.52684e-03 
4990.00 3.67232e-05 8.74506e-01 1.79111e-17 1.44494e-03 
5007.09 3.51516e-05 8.74130e-01 1.68881e-17 1.30801e-03 
5010.00 3.52072e-05 8.73697e-01 1.67128e-17 1.29659e-03 
5018.35 3.59730e-05 8.71812e-01 1.62091e-17 1.28423e-03 
5030.00 3.72038e-05 8.68080e-01 1.55084e-17 1.26825e-03 
5032.12 3.72833e-05 8.67320e-01 1.53810e-17 1.25995e-03 
5050.00 3.71424e-05 8.61650e-01 1.43187e-17 1.16498e-03 
5057.29 3.76857e-05 8.60740e-01 1.38922e-17 1.14726e-03 
5070.00 3.85515e-05 8.62342e-01 1.31602e-17 1.11665e-03 
5081.23 3.77632e-05 8.66075e-01 1.25295e-17 1.04821e-03 
5082.57 3.76264e-05 8.66600e-01 1.24552e-17 1.03913e-03 
5090.00 3.70621e-05 8.69626e-01 1.20503e-17 9.95177e-04 
5107.98 3.75812e-05 8.76550e-01 1.11356e-17 9.43266e-04 
5110.00 3.76180e-05 8.77178e-01 1.10411e-17 9.37221e-04 
5130.00 3.67313e-05 8.81552e-01 1.02261e-17 8.55134e-04 
5133.52 3.65807e-05 8.82070e-01 1.01097e-17 8.43012e-04 
5144.11 3.60540e-05 8.83364e-01 9.81975e-18 8.09892e-04 
5150.00 3.54115e-05 8.83945e-01 9.69978e-18 7.87158e-04 
5159.19 3.36786e-05 8.84700e-01 9.56810e-18 7.40424e-04 
5170.00 3.17285e-05 8.85423e-01 9.48724e-18 6.93672e-04 
5184.99 3.16074e-05 8.86280e-01 9.47734e-18 6.92975e-04 
5190.00 3.22200e-05 8.86558e-01 9.49368e-18 7.08529e-04 
5206.98 3.51823e-05 8.87378e-01 9.59156e-18 7.84931e-04 
5210.00 3.55255e-05 8.87482e-01 9.61256e-18 7.94877e-04 
5210.91 3.56020e-05 8.87510e-01 9.61905e-18 7.97292e-04 
5230.00 3.61343e-05 8.87726e-01 9.78098e-18 8.26050e-04 
5236.97 3.68600e-05 8.87650e-01 9.85937e-18 8.50451e-04 
5250.00 3.72468e-05 8.87363e-01 1.00478e-17 8.77695e-04 
5263.15 3.40849e-05 8.87080e-01 1.03090e-17 8.25871e-04 
5269.86 3.30123e-05 8.87011e-01 1.04758e-17 8.13795e-04 
5270.00 3.30062e-05 8.87011e-01 1.04796e-17 8.13955e-04 
5289.47 3.67667e-05 8.87050e-01 1.10982e-17 9.63809e-04 
5290.00 3.68943e-05 8.87054e-01 1.11174e-17 9.68931e-04 
5310.00 3.80833e-05 8.87362e-01 1.19033e-17 1.07528e-03 
5315.92 3.69407e-05 8.87590e-01 1.21521e-17 1.06628e-03 
5330.00 3.44391e-05 8.88471e-01 1.27548e-17 1.04717e-03 
5332.74 3.44596e-05 8.88679e-01 1.28718e-17 1.05820e-03 
5342.50 3.57542e-05 8.89450e-01 1.32835e-17 1.13613e-03 
5350.00 3.69079e-05 8.90035e-01 1.35898e-17 1.20231e-03 
5369.21 3.68319e-05 8.91650e-01 1.43026e-17 1.26960e-03 
5370.00 3.68033e-05 8.91726e-01 1.43291e-17 1.27126e-03 
5390.00 3.63770e-05 8.92703e-01 1.48944e-17 1.31240e-03 
5395.61 3.60174e-05 8.92103e-01 1.50111e-17 1.31010e-03 
5396.05 3.59844e-05 8.92030e-01 1.50194e-17 1.30962e-03 
5410.00 3.51460e-05 8.88384e-01 1.52198e-17 1.29422e-03 
5423.03 3.55635e-05 8.85610e-01 1.53238e-17 1.31759e-03 
5430.00 3.60583e-05 8.85638e-01 1.53581e-17 1.34068e-03 
5450.00 3.69236e-05 8.88505e-01 1.54287e-17 1.38871e-03 
5450.15 3.69231e-05 8.88520e-01 1.54293e-17 1.38881e-03 
5458.49 3.67223e-05 8.88970e-01 1.54675e-17 1.38750e-03 
5470.00 3.62430e-05 8.89075e-01 1.55519e-17 1.37993e-03 
5477.40 3.60711e-05 8.89510e-01 1.56359e-17 1.38335e-03 
5490.00 3.59974e-05 8.91681e-01 1.58546e-17 1.40648e-03 
5504.79 3.59802e-05 8.94810e-01 1.62715e-17 1.45173e-03 
5510.00 3.59846e-05 8.95591e-01 1.64691e-17 1.47221e-03 
5521.37 3.60502e-05 8.96636e-01 1.70078e-17 1.52806e-03 
5530.00 3.62161e-05 8.97086e-01 1.75246e-17 1.58501e-03 
5532.31 3.62853e-05 8.97190e-01 1.76783e-17 1.60282e-03 
5550.00 3.66433e-05 8.97944e-01 1.90496e-17 1.75124e-03 
5559.97 3.62477e-05 8.98220e-01 1.99573e-17 1.81869e-03 
5570.00 3.55693e-05 8.98302e-01 2.09522e-17 1.87718e-03 
5575.67 3.51978e-05 8.98271e-01 2.15466e-17 1.91216e-03 
5587.77 3.47889e-05 8.98070e-01 2.29290e-17 2.01511e-03 
5590.00 3.48083e-05 8.98018e-01 2.32150e-17 2.04208e-03 
5610.00 3.58206e-05 8.97367e-01 2.66143e-17 2.41604e-03 
5615.71 3.59584e-05 8.97110e-01 2.79646e-17 2.55025e-03 
5619.18 3.59806e-05 8.96939e-01 2.88896e-17 2.63735e-03 
5630.00 3.59496e-05 8.96416e-01 3.22380e-17 2.94444e-03 
5643.79 3.59715e-05 8.96110e-01 3.67615e-17 3.36672e-03 
5644.26 3.59671e-05 8.96113e-01 3.69080e-17 3.38002e-03 
5650.00 3.58439e-05 8.96179e-01 3.86174e-17 3.52829e-03 
5665.09 3.51086e-05 8.95224e-01 4.33027e-17 3.88141e-03 
5670.00 3.50139e-05 8.94016e-01 4.51595e-17 4.03498e-03 
5672.01 3.50299e-05 8.93330e-01 4.59706e-17 4.10763e-03 
5689.04 3.54798e-05 8.84505e-01 5.33631e-17 4.79606e-03 
5690.00 3.54649e-05 8.83990e-01 5.37769e-17 4.82922e-03 
5700.37 3.49267e-05 8.79730e-01 5.80291e-17 5.11656e-03 
5710.00 3.47536e-05 8.78906e-01 6.15727e-17 5.40616e-03 
5711.63 3.48467e-05 8.79001e-01 6.21285e-17 5.47174e-03 
5728.87 3.66374e-05 8.80870e-01 6.79837e-17 6.32752e-03 
5730.00 3.66806e-05 8.80901e-01 6.84322e-17 6.37826e-03 
5732.86 3.66893e-05 8.80878e-01 6.96439e-17 6.49580e-03 
5750.00 3.55531e-05 8.79286e-01 7.81106e-17 7.06821e-03 
5750.01 3.55528e-05 8.79285e-01 7.81155e-17 7.06858e-03 
5757.52 3.55593e-05 8.78950e-01 8.12323e-17 7.35876e-03 
5770.00 3.58361e-05 8.80396e-01 8.49630e-17 7.78624e-03 
5786.30 3.49928e-05 8.85260e-01 8.75439e-17 7.89951e-03 
5790.00 3.48609e-05 8.86663e-01 8.78310e-17 7.91309e-03 
5805.79 3.53247e-05 8.92784e-01 8.81027e-17 8.12080e-03 
5810.00 3.55579e-05 8.94213e-01 8.79639e-17 8.18053e-03 
5815.23 3.58036e-05 8.95720e-01 8.76808e-17 8.23179e-03 
5830.00 3.59385e-05 8.98442e-01 8.61945e-17 8.16811e-03 
5844.31 3.52518e-05 9.01210e-01 8.37288e-17 7.82599e-03 
5847.18 3.51622e-05 9.02027e-01 8.31058e-17 7.75883e-03 
5850.00 3.51320e-05 9.02828e-01 8.24530e-17 7.70183e-03 
5870.00 3.51389e-05 8.98033e-01 7.67849e-17 7.16006e-03 
5873.53 3.46946e-05 8.93310e-01 7.56307e-17 6.93082e-03 
5876.72 3.41733e-05 8.87626e-01 7.45595e-17 6.69081e-03 
5890.00 3.24733e-05 8.55947e-01 6.98595e-17 5.75756e-03 
5895.77 3.27806e-05 8.42464e-01 6.77482e-17 5.55302e-03 
5902.90 3.37891e-05 8.30260e-01 6.50788e-17 5.42525e-03 
5910.00 3.47342e-05 8.25464e-01 6.21507e-17 5.30166e-03 
5915.78 3.50136e-05 8.25902e-01 5.93943e-17 5.11500e-03 
5927.21 3.47214e-05 8.32217e-01 5.32445e-17 4.59074e-03 
5930.00 3.46251e-05 8.33855e-01 5.19059e-17 4.47380e-03 
5932.41 3.45689e-05 8.35040e-01 5.08295e-17 4.38191e-03 
5944.36 3.45746e-05 8.37326e-01 4.59025e-17 3.97664e-03 
5950.00 3.46428e-05 8.37617e-01 4.33983e-17 3.77199e-03 
5962.08 3.47024e-05 8.40880e-01 3.80512e-17 3.33260e-03 
5964.36 3.46978e-05 8.42339e-01 3.71563e-17 3.26069e-03 
5970.00 3.46653e-05 8.47164e-01 3.52228e-17 3.10874e-03 
5990.00 3.43043e-05 8.71167e-01 3.03981e-17 2.73934e-03 
5990.90 3.42787e-05 8.72250e-01 3.02143e-17 2.72455e-03 
5991.89 3.42500e-05 8.73410e-01 3.00141e-17 2.70826e-03 
6010.00 3.37408e-05 8.90700e-01 2.63779e-17 2.39842e-03 
6021.85 3.36627e-05 8.98320e-01 2.41185e-17 2.21097e-03 
6030.00 3.37779e-05 9.02157e-01 2.26563e-17 2.09578e-03 
6030.10 3.37802e-05 9.02197e-01 2.26392e-17 2.09446e-03 
6050.00 3.43237e-05 9.07995e-01 1.94662e-17 1.84773e-03 
6051.96 3.43463e-05 9.08370e-01 1.91830e-17 1.82338e-03 
6070.00 3.40728e-05 9.10912e-01 1.67815e-17 1.59158e-03 
6078.69 3.37114e-05 9.11778e-01 1.57499e-17 1.48141e-03 
6082.21 3.35646e-05 9.12110e-01 1.53512e-17 1.43898e-03 
6090.00 3.33285e-05 9.12843e-01 1.45114e-17 1.35351e-03 
6110.00 3.30248e-05 9.14689e-01 1.25840e-17 1.16922e-03 
6112.63 3.28777e-05 9.14920e-01 1.23534e-17 1.14347e-03 
6130.00 3.18605e-05 9.16337e-01 1.09432e-17 9.85910e-04 
6138.70 3.20526e-05 9.16963e-01 1.03047e-17 9.35940e-04 
6143.19 3.22219e-05 9.17260e-01 9.99135e-18 9.13240e-04 
6150.00 3.22795e-05 9.17677e-01 9.53644e-18 8.74584e-04 
6170.00 3.11990e-05 9.18732e-01 8.35878e-18 7.44185e-04 
6173.91 3.13244e-05 9.18920e-01 8.15858e-18 7.29892e-04 
6190.00 3.27058e-05 9.19588e-01 7.44593e-18 6.97833e-04 
6201.58 3.29473e-05 9.19771e-01 7.05293e-18 6.67259e-04 
6204.77 3.28884e-05 9.19750e-01 6.96322e-18 6.57918e-04 
6210.00 3.27396e-05 9.19643e-01 6.83332e-18 6.43189e-04 
6230.00 3.18894e-05 9.19265e-01 6.50453e-18 5.98017e-04 
6235.80 3.15151e-05 9.19460e-01 6.45101e-18 5.86806e-04 
6250.00 3.09943e-05 9.20231e-01 6.37944e-18 5.72485e-04 
6264.46 3.18103e-05 9.17566e-01 6.36835e-18 5.86192e-04 
6266.98 3.19886e-05 9.16360e-01 6.37047e-18 5.89135e-04 
6270.00 3.21732e-05 9.14551e-01 6.37407e-18 5.91983e-04 
6290.00 3.22443e-05 8.99247e-01 6.41102e-18 5.88618e-04 
6298.31 3.18360e-05 8.95630e-01 6.42325e-18 5.80696e-04 
6310.00 3.13155e-05 8.97216e-01 6.42482e-18 5.73415e-04 
6327.33 3.13577e-05 9.07169e-01 6.36835e-18 5.77037e-04 
6329.80 3.13928e-05 9.08620e-01 6.35261e-18 5.77401e-04 
6330.00 3.13954e-05 9.08731e-01 6.35127e-18 5.77416e-04 
6350.00 3.14281e-05 9.17025e-01 6.17988e-18 5.69347e-04 
6361.45 3.12906e-05 9.20240e-01 6.08796e-18 5.61391e-04 
6370.00 3.12689e-05 9.22509e-01 6.04488e-18 5.59156e-04 
6390.00 3.14157e-05 9.26833e-01 6.10465e-18 5.71784e-04 
6390.21 3.14111e-05 9.26865e-01 6.10689e-18 5.71950e-04 
6393.26 3.13208e-05 9.27290e-01 6.14350e-18 5.74262e-04 
6410.00 3.06706e-05 9.28714e-01 6.46901e-18 5.94597e-04 
6425.23 3.08802e-05 9.30780e-01 6.89742e-18 6.41248e-04 
6430.00 3.09342e-05 9.31947e-01 7.04727e-18 6.57635e-04 
6450.00 3.05202e-05 9.32477e-01 7.69697e-18 7.11261e-04 
6453.09 3.04846e-05 9.30833e-01 7.79455e-18 7.18512e-04 
6457.35 3.04673e-05 9.27330e-01 7.92575e-18 7.27926e-04 
6470.00 3.03996e-05 9.09342e-01 8.28958e-18 7.46373e-04 
6489.64 2.99674e-05 8.81390e-01 8.77747e-18 7.57410e-04 
6490.00 2.99691e-05 8.81116e-01 8.78553e-18 7.57953e-04 
6510.00 3.05632e-05 8.82171e-01 9.18030e-18 8.11172e-04 
6515.97 3.06197e-05 8.86131e-01 9.27779e-18 8.25743e-04 
6522.09 3.05848e-05 8.90460e-01 9.36812e-18 8.37689e-04 
6530.00 3.05087e-05 8.95396e-01 9.47137e-18 8.50527e-04 
6550.00 2.95538e-05 9.04213e-01 9.67594e-18 8.52593e-04 
6554.70 2.87357e-05 9.05650e-01 9.71455e-18 8.34221e-04 
6570.00 2.66398e-05 9.09550e-01 9.82278e-18 7.87192e-04 
6578.84 2.76692e-05 9.12270e-01 9.87680e-18 8.25675e-04 
6587.47 2.93746e-05 9.16090e-01 9.92600e-18 8.85780e-04 
6590.00 2.97698e-05 9.17516e-01 9.93977e-18 9.00690e-04 
6610.00 3.01197e-05 9.31385e-01 1.00365e-17 9.36892e-04 
6620.41 2.99204e-05 9.37760e-01 1.00769e-17 9.42313e-04 
6630.00 2.98726e-05 9.41513e-01 1.01070e-17 9.48768e-04 
6641.72 2.98573e-05 9.43918e-01 1.01335e-17 9.54879e-04 
6650.00 2.97646e-05 9.44861e-01 1.01452e-17 9.55154e-04 
6653.51 2.96852e-05 9.45210e-01 1.01489e-17 9.53807e-04 
6670.00 2.93877e-05 9.47044e-01 1.01629e-17 9.49738e-04 
6686.78 2.97217e-05 9.48950e-01 1.01872e-17 9.67193e-04 
6690.00 2.97248e-05 9.49282e-01 1.01948e-17 9.68817e-04 
6704.60 2.92649e-05 9.50571e-01 1.02476e-17 9.62166e-04 
6710.00 2.91340e-05 9.50955e-01 1.02766e-17 9.61740e-04 
6720.21 2.92272e-05 9.51530e-01 1.03475e-17 9.73537e-04 
6730.00 2.93855e-05 9.51917e-01 1.04363e-17 9.89050e-04 
6750.00 2.90369e-05 9.52833e-01 1.06869e-17 1.00472e-03 
6753.81 2.89911e-05 9.53120e-01 1.07459e-17 1.00955e-03 
6767.47 2.89747e-05 9.54373e-01 1.09892e-17 1.03527e-03 
6770.00 2.89760e-05 9.54564e-01 1.10399e-17 1.04068e-03 
6787.58 2.88577e-05 9.54300e-01 1.14374e-17 1.07625e-03 
6790.00 2.88242e-05 9.53940e-01 1.14976e-17 1.08064e-03 
6810.00 2.86056e-05 9.51269e-01 1.20376e-17 1.12296e-03 
6821.52 2.87236e-05 9.54480e-01 1.23755e-17 1.16512e-03 
6830.00 2.87136e-05 9.60444e-01 1.26329e-17 1.19786e-03 
6830.35 2.87078e-05 9.60702e-01 1.26436e-17 1.19902e-03 
6850.00 2.81090e-05 9.60744e-01 1.32769e-17 1.23641e-03 
6855.63 2.80895e-05 9.50290e-01 1.34768e-17 1.24153e-03 
6870.00 2.83011e-05 8.98360e-01 1.40486e-17 1.23528e-03 
6889.91 2.82764e-05 8.35380e-01 1.50441e-17 1.23257e-03 
6890.00 2.82755e-05 8.35281e-01 1.50495e-17 1.23284e-03 
6893.23 2.82412e-05 8.33496e-01 1.52393e-17 1.24480e-03 
6910.00 2.80549e-05 8.56495e-01 1.63631e-17 1.36773e-03 
6924.36 2.79566e-05 8.78180e-01 1.74823e-17 1.49613e-03 
6930.00 2.79215e-05 8.77007e-01 1.79551e-17 1.53386e-03 
6950.00 2.77726e-05 8.48592e-01 1.97439e-17 1.62801e-03 
6956.10 2.77403e-05 8.43649e-01 2.03165e-17 1.66499e-03 
6958.98 2.77297e-05 8.43590e-01 2.05893e-17 1.68728e-03 
6970.00 2.77234e-05 8.57829e-01 2.16551e-17 1.80702e-03 
6990.00 2.75843e-05 8.99185e-01 2.36891e-17 2.06756e-03 
6993.77 2.74453e-05 9.02600e-01 2.40902e-17 2.10106e-03 
7010.00 2.68330e-05 8.90493e-01 2.58912e-17 2.18320e-03 
7016.12 2.68444e-05 8.80582e-01 2.66061e-17 2.22139e-03 
7028.74 2.71416e-05 8.65580e-01 2.81420e-17 2.33937e-03 
7030.00 2.71683e-05 8.65098e-01 2.82992e-17 2.35386e-03 
7050.00 2.72072e-05 8.80852e-01 3.08610e-17 2.62488e-03 
7063.88 2.70264e-05 9.00490e-01 3.26743e-17 2.82774e-03 
7070.00 2.69418e-05 9.06630e-01 3.34711e-17 2.90984e-03 
7070.43 2.69363e-05 9.06983e-01 3.35263e-17 2.91536e-03 
7090.00 2.67907e-05 9.16638e-01 3.60182e-17 3.15699e-03 
7099.20 2.68114e-05 9.19580e-01 3.71334e-17 3.27195e-03 
7110.00 2.67866e-05 9.24079e-01 3.83706e-17 3.39952e-03 
7127.59 2.64412e-05 9.29981e-01 4.01692e-17 3.54416e-03 
7130.00 2.63899e-05 9.30239e-01 4.03909e-17 3.55901e-03 
7134.70 2.63047e-05 9.30130e-01 4.08040e-17 3.58574e-03 
7150.00 2.61876e-05 9.19218e-01 4.19853e-17 3.63782e-03 
7170.00 2.61183e-05 8.49402e-01 4.31826e-17 3.45787e-03 
7170.37 2.61085e-05 8.47190e-01 4.32015e-17 3.44926e-03 
7190.00 2.54610e-05 7.04689e-01 4.40325e-17 2.85955e-03 
7190.46 2.54578e-05 7.01443e-01 4.40484e-17 2.84724e-03 
7206.23 2.57622e-05 6.29750e-01 4.44978e-17 2.61891e-03 
7210.00 2.58443e-05 6.29095e-01 4.45786e-17 2.63067e-03 
7230.00 2.58233e-05 7.01976e-01 4.48377e-17 2.95828e-03 
7242.26 2.58283e-05 7.50180e-01 4.48588e-17 3.16888e-03 
7250.00 2.58677e-05 7.58915e-01 4.48195e-17 3.21128e-03 
7253.34 2.58848e-05 7.57598e-01 4.47901e-17 3.20720e-03 
7270.00 2.57470e-05 7.25373e-01 4.45394e-17 3.04432e-03 
7278.47 2.54268e-05 7.05800e-01 4.43545e-17 2.91658e-03 
7290.00 2.50821e-05 6.91209e-01 4.40528e-17 2.80284e-03 
7310.00 2.54021e-05 7.10620e-01 4.34309e-17 2.88500e-03 
7314.86 2.54165e-05 7.25210e-01 4.32674e-17 2.93677e-03 
7316.22 2.54096e-05 7.30029e-01 4.32212e-17 2.95288e-03 
7330.00 2.52491e-05 7.91387e-01 4.27534e-17 3.15234e-03 
7350.00 2.52846e-05 8.75527e-01 4.21883e-17 3.45563e-03 
7351.43 2.52939e-05 8.79290e-01 4.21579e-17 3.46995e-03 
7370.00 2.52495e-05 8.94856e-01 4.19574e-17 3.51727e-03 
7379.09 2.50127e-05 8.91762e-01 4.20232e-17 3.48198e-03 
7388.19 2.47075e-05 8.91430e-01 4.22190e-17 3.45849e-03 
7390.00 2.46498e-05 8.92315e-01 4.22727e-17 3.45907e-03 
7410.00 2.43106e-05 9.19707e-01 4.31449e-17 3.59845e-03 
7425.13 2.44751e-05 9.44930e-01 4.40728e-17 3.80998e-03 
7430.00 2.45243e-05 9.50645e-01 4.44061e-17 3.87232e-03 
7441.97 2.45253e-05 9.59248e-01 4.52750e-17 3.99038e-03 
7450.00 2.45204e-05 9.62123e-01 4.58887e-17 4.06017e-03 
7462.26 2.46109e-05 9.64940e-01 4.69205e-17 4.18585e-03 
7470.00 2.46288e-05 9.67043e-01 4.76685e-17 4.26938e-03 
7490.00 2.43653e-05 9.71109e-01 5.01371e-17 4.47305e-03 
7496.27 2.43299e-05 9.70721e-01 5.11188e-17 4.55600e-03 
7499.57 2.43270e-05 9.69990e-01 5.16813e-17 4.60414e-03 
7510.00 2.43372e-05 9.65741e-01 5.36198e-17 4.76453e-03 
7530.00 2.42968e-05 9.64200e-01 5.74989e-17 5.10614e-03 
7536.29 2.43069e-05 9.70031e-01 5.86099e-17 5.24285e-03 
7537.07 2.43087e-05 9.71080e-01 5.87408e-17 5.26117e-03 
7550.00 2.42919e-05 9.93996e-01 6.07841e-17 5.57835e-03 
7570.00 2.40281e-05 9.90604e-01 6.46967e-17 5.86842e-03 
7570.99 2.40192e-05 9.87316e-01 6.49524e-17 5.87065e-03 
7574.75 2.39946e-05 9.70950e-01 6.59964e-17 5.86303e-03 
7590.00 2.39423e-05 8.48464e-01 7.11801e-17 5.52489e-03 
7593.04 2.39199e-05 8.17407e-01 7.23482e-17 5.40709e-03 
7608.69 2.37779e-05 6.57840e-01 7.85861e-17 4.70839e-03 
7610.00 2.37715e-05 6.46097e-01 7.90963e-17 4.65391e-03 
7612.63 2.37642e-05 6.24040e-01 8.01084e-17 4.55272e-03 
7629.78 2.38211e-05 5.36020e-01 8.70951e-17 4.27141e-03 
7630.00 2.38221e-05 5.35537e-01 8.71945e-17 4.27275e-03 
7647.75 2.37417e-05 5.48905e-01 9.57908e-17 4.80606e-03 
7650.00 2.36863e-05 5.58102e-01 9.67718e-17 4.92657e-03 
7650.69 2.36663e-05 5.61260e-01 9.70668e-17 4.96581e-03 
7662.61 2.32335e-05 6.36680e-01 1.02945e-16 5.87408e-03 
7670.00 2.30852e-05 6.96173e-01 1.08336e-16 6.72269e-03 
7675.51 2.31342e-05 7.42540e-01 1.12555e-16 7.47082e-03 
7687.76 2.34196e-05 8.38048e-01 1.21654e-16 9.24056e-03 
7688.94 2.34351e-05 8.45970e-01 1.22772e-16 9.42132e-03 
7690.00 2.34443e-05 8.52778e-01 1.23814e-16 9.58284e-03 
7696.34 2.34107e-05 8.88398e-01 1.29834e-16 1.04621e-02 
7710.00 2.31605e-05 9.39216e-01 1.38058e-16 1.16560e-02 
7710.63 2.31542e-05 9.40834e-01 1.38567e-16 1.17170e-02 
7718.25 2.31406e-05 9.56593e-01 1.46150e-16 1.25702e-02 
7727.39 2.31583e-05 9.67930e-01 1.54098e-16 1.34370e-02 
7727.77 2.31571e-05 9.68275e-01 1.54473e-16 1.34746e-02 
7730.00 2.31441e-05 9.70100e-01 1.56804e-16 1.36999e-02 
7736.35 2.30519e-05 9.73881e-01 1.64087e-16 1.43465e-02 
7747.78 2.28577e-05 9.76560e-01 1.75121e-16 1.52465e-02 
7750.00 2.28439e-05 9.76640e-01 1.77029e-16 1.54090e-02 
7756.35 2.28758e-05 9.76395e-01 1.84743e-16 1.61120e-02 
7761.25 2.29452e-05 9.75940e-01 1.93550e-16 1.69342e-02 
7766.03 2.30206e-05 9.75490e-01 1.97890e-16 1.73734e-02 
7770.00 2.30702e-05 9.75226e-01 2.01281e-16 1.77135e-02 
7771.87 2.30851e-05 9.75142e-01 2.04174e-16 1.79824e-02 
7776.36 2.30989e-05 9.75032e-01 2.14001e-16 1.88680e-02 
7782.08 2.30834e-05 9.75055e-01 2.20355e-16 1.94299e-02 
7789.22 2.30373e-05 9.75277e-01 2.29258e-16 2.01976e-02 
7790.00 2.30318e-05 9.75311e-01 2.30240e-16 2.02821e-02 
7798.82 2.29713e-05 9.75774e-01 2.41063e-16 2.12137e-02 
7803.99 2.29303e-05 9.76071e-01 2.49744e-16 2.19597e-02 
7804.86 2.29225e-05 9.76120e-01 2.51547e-16 2.21142e-02 
7807.80 2.28936e-05 9.76279e-01 2.57379e-16 2.26107e-02 
7810.00 2.28691e-05 9.76388e-01 2.60312e-16 2.28528e-02 
7814.47 2.28111e-05 9.76570e-01 2.65380e-16 2.32562e-02 
7819.23 2.27428e-05 9.76680e-01 2.74113e-16 2.39669e-02 
7826.09 2.26477e-05 9.76627e-01 2.83045e-16 2.46647e-02 
7830.00 2.26030e-05 9.76452e-01 2.88270e-16 2.50785e-02 
7834.95 2.25629e-05 9.76046e-01 2.95148e-16 2.56368e-02 
7843.05 2.25370e-05 9.74854e-01 3.06169e-16 2.65586e-02 
7843.88 2.25371e-05 9.74690e-01 3.07642e-16 2.66847e-02 
7847.81 2.25436e-05 9.73791e-01 3.14421e-16 2.72691e-02 
7850.00 2.25517e-05 9.73198e-01 3.16974e-16 2.74913e-02 
7853.53 2.25706e-05 9.72083e-01 3.21972e-16 2.79289e-02 
7856.39 2.25893e-05 9.71025e-01 3.28713e-16 2.85164e-02 
7862.10 2.26266e-05 9.68442e-01 3.36506e-16 2.91841e-02 
7867.82 2.26503e-05 9.65159e-01 3.44071e-16 2.97919e-02 
7870.00 2.26523e-05 9.63702e-01 3.46824e-16 2.99959e-02 
7876.39 2.26303e-05 9.58717e-01 3.53642e-16 3.04225e-02 
7883.10 2.25729e-05 9.52230e-01 3.59784e-16 3.06896e-02 
7887.82 2.25196e-05 9.46869e-01 3.64154e-16 3.08331e-02 
7890.00 2.24932e-05 9.44253e-01 3.66309e-16 3.09021e-02 
7897.62 2.23944e-05 9.34913e-01 3.74726e-16 3.11921e-02 
7906.40 2.22539e-05 9.25224e-01 3.85237e-16 3.15706e-02 
7910.00 2.21828e-05 9.22047e-01 3.88978e-16 3.16807e-02 
7918.14 2.19953e-05 9.17591e-01 3.95698e-16 3.18339e-02 
7922.51 2.18944e-05 9.17220e-01 3.98434e-16 3.19116e-02 
7930.00 2.17555e-05 9.20244e-01 4.01866e-16 3.21181e-02 
7950.00 2.17469e-05 9.38182e-01 4.04822e-16 3.30551e-02 
7956.15 2.18348e-05 9.42266e-01 4.04381e-16 3.33227e-02 
7962.13 2.19333e-05 9.43740e-01 4.03510e-16 3.34783e-02 
7970.00 2.20391e-05 9.40879e-01 4.01615e-16 3.34134e-02 
7990.00 2.19909e-05 9.19067e-01 3.91783e-16 3.18497e-02 
7991.67 2.19673e-05 9.16989e-01 3.90571e-16 3.16521e-02 
8001.94 2.17954e-05 9.05800e-01 3.82882e-16 3.04494e-02 
8004.05 2.17619e-05 9.04070e-01 3.81681e-16 3.02575e-02 
8010.00 2.16893e-05 9.00446e-01 3.77581e-16 2.97351e-02 
8012.44 2.16726e-05 8.99460e-01 3.73471e-16 2.93655e-02 
8015.86 2.16599e-05 8.98529e-01 3.65062e-16 2.86700e-02 
8025.96 2.16423e-05 8.98576e-01 3.54250e-16 2.78348e-02 
8030.00 2.16190e-05 8.99616e-01 3.47440e-16 2.73156e-02 
8031.68 2.16031e-05 9.00198e-01 3.44396e-16 2.70796e-02 
8040.89 2.14826e-05 9.04740e-01 3.33309e-16 2.62232e-02 
8041.95 2.14692e-05 9.05390e-01 3.32380e-16 2.61560e-02 
8047.87 2.14172e-05 9.09406e-01 3.23018e-16 2.54890e-02 
8050.00 2.14130e-05 9.10972e-01 3.17087e-16 2.50658e-02 
8050.73 2.14139e-05 9.11523e-01 3.15791e-16 2.49817e-02 
8058.16 2.14683e-05 9.17327e-01 3.08635e-16 2.46562e-02 
8059.31 2.14799e-05 9.18237e-01 3.00469e-16 2.40440e-02 
8066.45 2.15287e-05 9.23832e-01 2.92991e-16 2.36630e-02 
8070.00 2.15171e-05 9.26464e-01 2.88947e-16 2.34007e-02 
8072.64 2.14849e-05 9.28320e-01 2.82909e-16 2.29306e-02 
8077.60 2.13843e-05 9.31467e-01 2.73569e-16 2.21582e-02 
8082.16 2.12725e-05 9.33880e-01 2.68852e-16 2.17307e-02 
8084.46 2.12187e-05 9.34879e-01 2.65788e-16 2.14577e-02 
8087.89 2.11523e-05 9.35999e-01 2.57693e-16 2.07727e-02 
8090.00 2.11243e-05 9.36412e-01 2.50902e-16 2.02127e-02 
8090.75 2.11174e-05 9.36500e-01 2.48803e-16 2.00408e-02 
8098.37 2.11236e-05 9.35238e-01 2.38204e-16 1.91849e-02 
8102.18 2.11617e-05 9.32813e-01 2.28460e-16 1.83942e-02 
8107.89 2.12320e-05 9.26365e-01 2.20904e-16 1.77341e-02 
8110.00 2.12557e-05 9.23022e-01 2.17379e-16 1.74120e-02 
8112.66 2.12802e-05 9.17982e-01 2.11465e-16 1.68707e-02 
8116.47 2.13042e-05 9.09022e-01 2.02246e-16 1.60033e-02 
8122.18 2.13165e-05 8.91353e-01 1.93559e-16 1.50375e-02 
8122.57 2.13163e-05 8.89970e-01 1.93134e-16 1.49818e-02 
8127.90 2.13013e-05 8.68335e-01 1.84795e-16 1.39857e-02 
8130.00 2.12891e-05 8.58759e-01 1.78863e-16 1.33833e-02 
8130.76 2.12838e-05 8.55185e-01 1.76899e-16 1.31792e-02 
8137.43 2.12248e-05 8.21768e-01 1.68619e-16 1.20478e-02 
8143.62 2.11680e-05 7.89279e-01 1.57994e-16 1.08216e-02 
8150.00 2.11338e-05 7.56757e-01 1.51254e-16 9.92476e-03 
8150.76 2.11325e-05 7.53041e-01 1.49863e-16 9.78555e-03 
8153.62 2.11327e-05 7.39648e-01 1.42986e-16 9.17375e-03 
8158.39 2.11382e-05 7.19568e-01 1.33861e-16 8.36222e-03 
8163.18 2.11292e-05 7.03080e-01 1.26856e-16 7.74433e-03 
8165.46 2.11127e-05 6.96818e-01 1.25060e-16 7.56286e-03 
8170.00 2.10427e-05 6.87358e-01 1.24099e-16 7.38237e-03 
8174.58 2.09133e-05 6.81471e-01 1.15819e-16 6.79266e-03 
8176.49 2.08474e-05 6.79999e-01 1.08162e-16 6.31140e-03 
8188.49 2.04475e-05 6.81497e-01 1.00183e-16 5.75477e-03 
8190.00 2.04173e-05 6.82755e-01 1.00116e-16 5.75403e-03 
8197.45 2.03728e-05 6.91351e-01 9.16073e-17 5.32453e-03 
8201.26 2.03940e-05 6.96861e-01 8.34495e-17 4.89639e-03 
8204.00 2.04166e-05 7.01090e-01 7.93927e-17 4.69339e-03 
8210.00 2.04580e-05 7.10742e-01 7.54645e-17 4.53508e-03 
8213.64 2.04618e-05 7.16742e-01 7.38352e-17 4.47743e-03 
8226.03 2.04033e-05 7.37017e-01 6.15906e-17 3.83536e-03 
8230.00 2.03908e-05 7.43195e-01 5.74157e-17 3.60487e-03 
8236.51 2.04031e-05 7.52623e-01 5.17071e-17 3.29223e-03 
8245.02 2.04623e-05 7.63140e-01 4.64145e-17 3.00834e-03 
8250.00 2.05058e-05 7.68090e-01 4.40074e-17 2.87866e-03 
8256.10 2.05556e-05 7.72973e-01 4.11960e-17 2.72049e-03 
8270.00 2.06185e-05 7.80092e-01 3.42859e-17 2.29587e-03 
8270.80 2.06188e-05 7.80363e-01 3.39167e-17 2.27219e-03 
8286.24 2.05277e-05 7.83520e-01 2.80261e-17 1.88033e-03 
8290.00 2.04736e-05 7.83879e-01 2.67630e-17 1.79249e-03 
8290.40 2.04670e-05 7.83914e-01 2.66285e-17 1.78307e-03 
8310.00 2.00827e-05 7.87361e-01 2.02290e-17 1.33812e-03 
8313.67 2.00307e-05 7.88952e-01 1.91934e-17 1.26945e-03 
8327.67 1.99344e-05 8.00330e-01 1.60265e-17 1.07191e-03 
8330.00 1.99303e-05 8.03240e-01 1.56003e-17 1.04727e-03 
8350.00 1.99990e-05 8.37418e-01 1.26368e-17 8.89605e-04 
8356.54 2.00565e-05 8.50180e-01 1.17920e-17 8.45866e-04 
8369.31 2.00561e-05 8.73490e-01 1.01145e-17 7.46557e-04 
8370.00 2.00468e-05 8.74614e-01 1.00238e-17 7.40526e-04 
8390.00 1.96592e-05 9.00682e-01 7.49595e-18 5.60595e-04 
8407.99 1.98994e-05 9.17300e-01 5.62809e-18 4.34839e-04 
8410.00 1.99032e-05 9.19003e-01 5.45682e-18 4.22570e-04 
8411.16 1.98981e-05 9.19980e-01 5.36211e-18 4.15628e-04 
8430.00 1.95177e-05 9.35596e-01 4.16858e-18 3.23040e-04 
8450.00 1.95799e-05 9.50224e-01 3.44282e-18 2.72477e-04 
8453.21 1.95727e-05 9.52250e-01 3.36042e-18 2.66527e-04 
8455.46 1.95586e-05 9.53601e-01 3.30662e-18 2.62512e-04 
8470.00 1.94203e-05 9.60971e-01 3.01732e-18 2.40101e-04 
8490.00 1.91760e-05 9.67138e-01 2.71780e-18 2.15424e-04 
8495.48 1.89088e-05 9.68000e-01 2.64103e-18 2.06740e-04 
8503.23 1.84969e-05 9.68596e-01 2.52734e-18 1.93827e-04 
8510.00 1.83179e-05 9.68510e-01 2.41822e-18 1.83793e-04 
8530.00 1.88394e-05 9.64876e-01 1.99307e-18 1.55573e-04 
8537.96 1.85456e-05 9.61990e-01 1.76110e-18 1.35043e-04 
8550.00 1.62738e-05 9.56021e-01 1.31679e-18 8.81786e-05 
8562.32 1.03781e-05 9.47875e-01 7.20621e-19 3.05555e-05 
