##### EXOPHOT SPECTRAL OVERLAP FILE #####
# Date: 02/12/2021 11:22:11
# SED file: SED_a5v.txt
# atmosphere file: atm_a5v_hzm_os1.txt
# photopigment file: phot2f.txt
# Stellar radius (Rs in km): 1.183778e+06
# Exoplanet orbit semi-major axis (sma in km): 5.183426e+08
# Total absorption rate (gamma_t in s-1): 6.69776e+00
# B band absorption rate (gamma_B in s-1): 1.54948e+00
# Q band absorption rate (gamma_Q in s-1): 5.14828e+00
# B-Q bands cut-off (in nm): 500
# photosynthetic photon flux density [ppfd in micromol photon m-2 s-1]: 2.40048e+03
# Total Stellar Irradiance (S in W m-2): 1.37004e+03
# -------------------------------------------------
# Col 1: Wavelength (wl in Angstrom) 
# Col 2: Spectral Flux Density (F_l in J cm-2 s-1 A-1) 
# Col 3: Atmosphere transmitance (T, no units) 
# Col 4: Pigment absorption cross section (sigma_abs in cm-2) 
# Col 5: Spectral Absorption Rate (Gamma_lambda in A-1 s-1)
2507.89 7.88169e-06 -9.77614e-20 4.09003e-27 -3.97873e-33 
2513.00 1.06490e-05 -2.17194e-20 1.09992e-26 -3.21832e-33 
2515.76 1.09916e-05 0.00000e+00 1.32518e-26 0.00000e+00 
2518.00 1.08807e-05 9.77434e-21 1.50183e-26 2.02463e-33 
2523.54 9.92721e-06 1.19438e-20 2.19287e-26 3.30307e-33 
2525.00 9.68569e-06 9.04354e-21 2.49277e-26 2.77547e-33 
2528.34 9.34995e-06 0.00000e+00 3.46583e-26 0.00000e+00 
2535.00 9.07097e-06 -1.40686e-20 7.07216e-26 -1.15175e-32 
2539.21 8.78809e-06 -8.28350e-21 1.08906e-25 -1.01340e-32 
2540.98 8.69381e-06 0.00000e+00 1.29494e-25 0.00000e+00 
2545.00 8.74682e-06 2.88573e-20 1.91703e-25 6.19935e-32 
2553.68 1.00386e-05 0.00000e+00 4.48395e-25 0.00000e+00 
2554.88 1.01404e-05 -2.80691e-20 5.02171e-25 -1.83836e-31 
2555.00 1.01470e-05 -3.10591e-20 5.07625e-25 -2.05771e-31 
2565.00 9.93218e-06 -9.01847e-20 1.29123e-24 -1.49346e-30 
2566.45 1.00597e-05 0.00000e+00 1.47875e-24 0.00000e+00 
2570.57 1.07399e-05 4.01990e-19 2.15475e-24 1.20382e-29 
2575.00 1.14877e-05 6.16434e-19 3.18911e-24 2.92744e-29 
2579.28 1.17364e-05 0.00000e+00 4.67141e-24 0.00000e+00 
2585.00 1.15740e-05 -2.01573e-18 7.73259e-24 -2.34760e-28 
2586.27 1.15180e-05 -2.27489e-18 8.62225e-24 -2.94142e-28 
2592.18 1.12587e-05 0.00000e+00 1.41998e-23 0.00000e+00 
2595.00 1.11219e-05 3.76788e-18 1.80291e-23 9.86989e-28 
2601.98 1.06584e-05 7.85965e-18 3.22431e-23 3.53802e-27 
2605.00 1.03505e-05 5.54569e-19 4.11128e-23 3.09473e-28 
2605.14 1.03339e-05 0.00000e+00 4.15804e-23 0.00000e+00 
2615.00 9.76204e-06 -2.94997e-17 9.14863e-23 -3.46824e-26 
2617.70 1.02294e-05 -6.60748e-18 1.12909e-22 -1.00567e-26 
2618.17 1.03367e-05 0.00000e+00 1.17070e-22 0.00000e+00 
2625.00 1.18524e-05 1.18906e-16 1.97055e-22 3.66985e-25 
2631.26 1.20340e-05 0.00000e+00 3.16072e-22 0.00000e+00 
2633.43 1.21020e-05 -1.47329e-16 3.70974e-22 -8.76868e-25 
2635.00 1.22615e-05 -2.67015e-16 4.16021e-22 -1.80676e-24 
2644.41 1.48095e-05 0.00000e+00 8.19569e-22 0.00000e+00 
2645.00 1.49564e-05 1.31646e-16 8.54537e-22 2.24034e-24 
2649.17 1.56169e-05 1.26698e-15 1.14580e-21 3.02349e-23 
2655.00 1.52479e-05 1.41342e-15 1.70964e-21 4.92461e-23 
2657.64 1.45591e-05 0.00000e+00 2.04583e-21 0.00000e+00 
2664.92 1.27306e-05 -6.45914e-15 3.33295e-21 -3.67672e-22 
2665.00 1.27237e-05 -6.48633e-15 3.35099e-21 -3.71029e-22 
2670.92 1.32186e-05 0.00000e+00 4.92180e-21 0.00000e+00 
2675.00 1.39263e-05 1.52611e-14 6.39341e-21 1.82978e-21 
2680.68 1.41803e-05 2.31639e-14 9.14685e-21 4.05450e-21 
2684.28 1.39054e-05 0.00000e+00 1.14146e-20 0.00000e+00 
2685.00 1.38186e-05 -8.59412e-15 1.19286e-20 -1.91480e-21 
2695.00 1.27012e-05 -7.55347e-14 2.17825e-20 -2.83518e-20 
2696.45 1.27510e-05 -4.33354e-14 2.37240e-20 -1.77947e-20 
2697.70 1.28464e-05 0.00000e+00 2.55164e-20 0.00000e+00 
2705.00 1.34281e-05 3.41651e-13 3.88172e-20 2.42500e-19 
2711.19 1.27288e-05 0.00000e+00 5.49769e-20 0.00000e+00 
2712.24 1.25553e-05 -1.79765e-13 5.82511e-20 -1.79510e-19 
2715.00 1.21493e-05 -7.45491e-13 6.77713e-20 -8.38945e-19 
2724.74 1.23714e-05 0.00000e+00 1.14239e-19 0.00000e+00 
2725.00 1.24188e-05 1.51399e-13 1.15783e-19 2.98634e-19 
2728.03 1.30932e-05 2.38005e-12 1.35619e-19 5.80398e-18 
2735.00 1.37012e-05 4.46615e-12 1.93564e-19 1.63079e-17 
2738.37 1.26249e-05 0.00000e+00 2.29153e-19 0.00000e+00 
2743.83 1.03335e-05 -1.47924e-11 2.99864e-19 -6.33128e-17 
2745.00 1.00317e-05 -1.71225e-11 3.17286e-19 -7.53110e-17 
2752.06 1.03693e-05 0.00000e+00 4.44014e-19 0.00000e+00 
2755.00 1.08739e-05 2.94998e-11 5.09355e-19 2.26604e-16 
2759.65 1.12546e-05 6.88040e-11 6.30622e-19 6.78404e-16 
2765.00 1.16100e-05 2.22203e-11 8.01740e-19 2.87896e-16 
2765.82 1.17156e-05 0.00000e+00 8.31415e-19 0.00000e+00 
2775.00 1.33236e-05 -2.62035e-10 1.23808e-18 -6.03832e-15 
2775.47 1.33812e-05 -2.55704e-10 1.26328e-18 -6.03935e-15 
2779.65 1.35029e-05 0.00000e+00 1.50508e-18 0.00000e+00 
2785.00 1.20892e-05 7.61920e-10 1.87508e-18 2.42143e-14 
2791.31 8.05500e-06 6.97614e-10 2.41397e-18 1.90610e-14 
2793.55 6.75031e-06 0.00000e+00 2.63509e-18 0.00000e+00 
2795.00 6.13155e-06 -7.04667e-10 2.78800e-18 -1.69493e-14 
2805.00 7.73666e-06 -2.82336e-09 4.07016e-18 -1.25541e-13 
2807.16 9.05469e-06 -5.37137e-10 4.40629e-18 -3.02846e-14 
2807.52 9.28798e-06 0.00000e+00 4.46397e-18 0.00000e+00 
2815.00 1.38034e-05 1.35628e-08 5.83588e-18 1.54825e-12 
2821.55 1.49875e-05 0.00000e+00 7.32066e-18 0.00000e+00 
2823.02 1.49642e-05 -9.94839e-09 7.69319e-18 -1.62761e-12 
2825.00 1.48558e-05 -2.56593e-08 8.22270e-18 -4.45758e-12 
2835.00 1.40562e-05 -1.34308e-08 1.13871e-17 -3.06802e-12 
2835.66 1.40157e-05 0.00000e+00 1.16279e-17 0.00000e+00 
2838.89 1.38426e-05 8.93231e-08 1.28647e-17 2.27328e-11 
2845.00 1.33128e-05 1.97414e-07 1.55057e-17 5.83641e-11 
2849.84 1.25255e-05 0.00000e+00 1.78972e-17 0.00000e+00 
2854.77 1.21936e-05 -5.18636e-07 2.06304e-17 -1.87497e-10 
2855.00 1.22075e-05 -5.41742e-07 2.07674e-17 -1.97392e-10 
2864.09 1.39695e-05 0.00000e+00 2.67051e-17 0.00000e+00 
2865.00 1.40849e-05 3.12289e-07 2.73671e-17 1.73615e-10 
2870.66 1.39973e-05 3.44589e-06 3.17666e-17 2.21422e-09 
2875.00 1.36899e-05 6.90266e-06 3.54957e-17 4.85459e-09 
2878.41 1.37352e-05 1.00000e-05 3.86480e-17 7.69199e-09 
2885.00 1.39067e-05 1.69621e-05 4.53264e-17 1.55284e-08 
2886.56 1.38090e-05 1.90158e-05 4.70233e-17 1.79428e-08 
2892.80 1.31709e-05 3.00000e-05 5.42730e-17 3.12294e-08 
2895.00 1.30927e-05 3.53024e-05 5.70051e-17 3.83990e-08 
2902.47 1.40145e-05 6.52000e-05 6.69967e-17 8.94476e-08 
2907.27 1.49531e-05 1.00000e-04 7.39893e-17 1.61922e-07 
2910.00 1.53634e-05 1.27742e-04 7.81842e-17 2.24780e-07 
2918.40 1.55253e-05 2.73604e-04 9.19817e-17 5.74024e-07 
2921.80 1.52742e-05 3.70000e-04 9.79697e-17 8.14378e-07 
2930.00 1.45243e-05 7.19424e-04 1.13271e-16 1.74577e-06 
2934.33 1.42883e-05 9.77041e-04 1.21832e-16 2.51240e-06 
2936.41 1.42285e-05 1.12000e-03 1.26057e-16 2.96952e-06 
2950.00 1.43975e-05 2.64423e-03 1.55245e-16 8.77710e-06 
2950.28 1.44068e-05 2.69219e-03 1.55861e-16 8.97836e-06 
2951.09 1.44347e-05 2.84000e-03 1.57697e-16 9.60406e-06 
2965.85 1.49417e-05 7.06000e-03 1.91907e-16 3.02250e-05 
2966.23 1.49518e-05 7.21199e-03 1.92816e-16 3.10469e-05 
2970.00 1.50323e-05 8.83134e-03 2.01785e-16 4.00516e-05 
2980.68 1.50928e-05 1.47700e-02 2.27313e-16 7.60351e-05 
2982.20 1.50924e-05 1.57935e-02 2.30938e-16 8.26405e-05 
2990.00 1.51160e-05 2.18187e-02 2.49355e-16 1.23788e-04 
2995.58 1.51921e-05 2.69900e-02 2.62245e-16 1.62156e-04 
2998.18 1.52388e-05 2.96599e-02 2.68129e-16 1.82912e-04 
3010.00 1.54070e-05 4.41279e-02 2.93734e-16 3.02605e-04 
3010.56 1.54091e-05 4.49100e-02 2.94886e-16 3.09275e-04 
3014.16 1.54050e-05 5.01704e-02 3.02181e-16 3.54378e-04 
3025.61 1.52775e-05 6.83900e-02 3.23468e-16 5.14767e-04 
3030.00 1.52244e-05 7.56218e-02 3.30787e-16 5.80902e-04 
3030.16 1.52228e-05 7.58968e-02 3.31052e-16 5.83449e-04 
3040.74 1.51698e-05 9.50800e-02 3.46472e-16 7.64965e-04 
3046.18 1.51710e-05 1.06677e-01 3.53133e-16 8.76398e-04 
3050.00 1.51769e-05 1.15375e-01 3.57277e-16 9.60553e-04 
3055.94 1.51907e-05 1.29180e-01 3.62815e-16 1.09528e-03 
3062.20 1.52228e-05 1.43421e-01 3.67449e-16 1.23669e-03 
3070.00 1.53131e-05 1.60455e-01 3.71509e-16 1.41074e-03 
3071.22 1.53341e-05 1.63040e-01 3.71975e-16 1.43781e-03 
3078.23 1.54715e-05 1.77693e-01 3.73776e-16 1.59234e-03 
3086.58 1.55812e-05 1.96700e-01 3.74052e-16 1.78130e-03 
3090.00 1.55765e-05 2.05553e-01 3.73611e-16 1.86078e-03 
3094.27 1.55144e-05 2.17065e-01 3.72635e-16 1.95475e-03 
3102.01 1.53003e-05 2.36650e-01 3.69741e-16 2.09060e-03 
3110.00 1.50644e-05 2.52375e-01 3.65396e-16 2.17493e-03 
3110.33 1.50565e-05 2.52955e-01 3.65192e-16 2.17780e-03 
3117.52 1.49397e-05 2.65670e-01 3.60231e-16 2.24388e-03 
3126.39 1.49417e-05 2.83397e-01 3.53064e-16 2.35296e-03 
3130.00 1.49879e-05 2.91051e-01 3.49885e-16 2.40494e-03 
3133.11 1.50479e-05 2.97670e-01 3.47046e-16 2.45187e-03 
3142.47 1.52935e-05 3.17098e-01 3.38092e-16 2.59375e-03 
3148.77 1.54612e-05 3.29680e-01 3.31850e-16 2.68128e-03 
3150.00 1.54895e-05 3.32073e-01 3.30628e-16 2.69678e-03 
3158.56 1.56091e-05 3.48027e-01 3.22102e-16 2.78224e-03 
3164.52 1.55683e-05 3.57910e-01 3.16255e-16 2.80726e-03 
3170.00 1.54013e-05 3.65832e-01 3.11016e-16 2.79643e-03 
3174.66 1.51531e-05 3.71922e-01 3.06706e-16 2.76246e-03 
3180.34 1.48010e-05 3.79000e-01 3.01661e-16 2.70923e-03 
3190.00 1.44275e-05 3.91624e-01 2.93742e-16 2.66526e-03 
3190.77 1.44250e-05 3.92732e-01 2.93153e-16 2.66763e-03 
3196.24 1.45247e-05 4.01450e-01 2.89125e-16 2.71261e-03 
3206.89 1.48895e-05 4.20318e-01 2.82254e-16 2.85171e-03 
3210.00 1.49197e-05 4.24482e-01 2.80494e-16 2.87059e-03 
3212.22 1.48957e-05 4.26600e-01 2.79306e-16 2.87007e-03 
3223.02 1.44696e-05 4.29257e-01 2.74367e-16 2.76497e-03 
3228.29 1.42805e-05 4.31990e-01 2.72446e-16 2.73144e-03 
3230.00 1.42498e-05 4.33902e-01 2.71887e-16 2.73348e-03 
3239.16 1.43894e-05 4.49905e-01 2.69434e-16 2.84427e-03 
3244.43 1.46013e-05 4.59140e-01 2.68407e-16 2.93894e-03 
3250.00 1.48276e-05 4.65515e-01 2.67597e-16 3.02199e-03 
3255.32 1.49817e-05 4.68998e-01 2.67065e-16 3.07515e-03 
3260.65 1.50762e-05 4.71340e-01 2.66743e-16 3.11133e-03 
3270.00 1.51481e-05 4.76153e-01 2.66605e-16 3.16551e-03 
3271.48 1.51533e-05 4.77207e-01 2.66625e-16 3.17530e-03 
3276.95 1.51689e-05 4.82240e-01 2.66779e-16 3.21931e-03 
3287.66 1.52286e-05 4.95818e-01 2.67340e-16 3.34083e-03 
3290.00 1.52555e-05 4.98351e-01 2.67490e-16 3.36811e-03 
3293.34 1.53051e-05 5.00990e-01 2.67710e-16 3.40323e-03 
3303.84 1.54692e-05 5.02489e-01 2.68382e-16 3.46970e-03 
3309.80 1.54955e-05 5.03850e-01 2.68687e-16 3.49525e-03 
3310.00 1.54948e-05 5.03958e-01 2.68696e-16 3.49616e-03 
3320.04 1.53403e-05 5.13768e-01 2.68955e-16 3.54282e-03 
3326.35 1.51906e-05 5.19800e-01 2.68893e-16 3.55535e-03 
3330.00 1.51135e-05 5.21584e-01 2.68762e-16 3.55161e-03 
3336.25 1.50228e-05 5.22718e-01 2.68349e-16 3.53916e-03 
3342.98 1.49640e-05 5.24330e-01 2.67609e-16 3.53356e-03 
3350.00 1.49112e-05 5.29210e-01 2.66481e-16 3.54630e-03 
3352.47 1.48883e-05 5.31329e-01 2.65990e-16 3.55110e-03 
3359.70 1.48129e-05 5.36610e-01 2.64260e-16 3.55268e-03 
3368.70 1.47382e-05 5.38834e-01 2.61465e-16 3.52127e-03 
3370.00 1.47323e-05 5.38979e-01 2.61003e-16 3.51595e-03 
3376.50 1.47269e-05 5.40380e-01 2.58449e-16 3.49603e-03 
3384.95 1.47622e-05 5.45418e-01 2.54539e-16 3.49230e-03 
3390.00 1.47943e-05 5.49040e-01 2.51882e-16 3.49155e-03 
3393.38 1.48165e-05 5.51130e-01 2.49972e-16 3.48695e-03 
3401.20 1.48683e-05 5.54183e-01 2.45151e-16 3.45863e-03 
3410.00 1.49290e-05 5.56743e-01 2.39077e-16 3.41115e-03 
3410.35 1.49314e-05 5.56870e-01 2.38824e-16 3.40922e-03 
3417.47 1.49808e-05 5.60091e-01 2.33407e-16 3.36926e-03 
3427.40 1.50240e-05 5.64840e-01 2.25182e-16 3.29711e-03 
3430.00 1.50258e-05 5.65773e-01 2.22909e-16 3.27207e-03 
3433.74 1.50193e-05 5.66890e-01 2.19554e-16 3.23131e-03 
3444.54 1.49537e-05 5.70090e-01 2.09387e-16 3.09524e-03 
3450.00 1.49040e-05 5.72515e-01 2.03988e-16 3.02300e-03 
3450.03 1.49037e-05 5.72531e-01 2.03956e-16 3.02257e-03 
3461.76 1.47861e-05 5.78480e-01 1.91901e-16 2.86049e-03 
3466.33 1.47404e-05 5.80414e-01 1.87058e-16 2.79264e-03 
3470.00 1.47050e-05 5.81781e-01 1.83126e-16 2.73671e-03 
3479.07 1.46370e-05 5.84950e-01 1.73272e-16 2.59827e-03 
3482.64 1.46283e-05 5.86281e-01 1.69347e-16 2.54630e-03 
3490.00 1.46670e-05 5.89147e-01 1.61229e-16 2.44769e-03 
3496.46 1.47723e-05 5.91590e-01 1.54083e-16 2.37015e-03 
3498.96 1.48211e-05 5.92470e-01 1.51320e-16 2.34050e-03 
3510.00 1.49706e-05 5.96091e-01 1.39200e-16 2.19493e-03 
3513.95 1.49623e-05 5.97400e-01 1.34911e-16 2.13319e-03 
3515.30 1.49528e-05 5.97864e-01 1.33449e-16 2.11118e-03 
3530.00 1.48861e-05 6.03192e-01 1.17856e-16 1.88056e-03 
3531.51 1.49060e-05 6.03740e-01 1.16287e-16 1.86050e-03 
3531.64 1.49080e-05 6.03785e-01 1.16157e-16 1.85887e-03 
3548.00 1.52219e-05 6.09385e-01 9.97954e-17 1.65339e-03 
3549.17 1.52210e-05 6.09770e-01 9.86634e-17 1.63612e-03 
3550.00 1.52162e-05 6.10040e-01 9.78703e-17 1.62356e-03 
3564.36 1.47594e-05 6.14567e-01 8.46361e-17 1.37752e-03 
3566.92 1.46622e-05 6.15330e-01 8.23927e-17 1.33479e-03 
3570.00 1.45651e-05 6.16229e-01 7.97327e-17 1.28612e-03 
3580.74 1.44424e-05 6.19154e-01 7.08661e-17 1.14228e-03 
3584.75 1.44478e-05 6.20150e-01 6.77208e-17 1.09497e-03 
3590.00 1.44607e-05 6.21385e-01 6.37438e-17 1.03516e-03 
3597.13 1.44567e-05 6.23117e-01 5.85906e-17 9.55751e-04 
3602.68 1.44560e-05 6.24680e-01 5.47851e-17 8.97256e-04 
3610.00 1.45019e-05 6.27208e-01 5.00276e-17 8.26946e-04 
3613.53 1.45538e-05 6.28583e-01 4.78412e-17 7.96151e-04 
3620.69 1.46629e-05 6.31560e-01 4.36247e-17 7.36342e-04 
3629.94 1.46178e-05 6.35529e-01 3.85875e-17 6.55068e-04 
3630.00 1.46163e-05 6.35553e-01 3.85588e-17 6.54551e-04 
3638.79 1.44020e-05 6.39100e-01 3.41951e-17 5.76549e-04 
3640.00 1.44176e-05 6.39550e-01 3.36273e-17 5.68178e-04 
3646.37 1.47642e-05 6.41774e-01 3.07505e-17 5.34845e-04 
3650.00 1.50038e-05 6.42959e-01 2.91988e-17 5.17564e-04 
3656.99 1.52046e-05 6.45160e-01 2.63877e-17 4.76533e-04 
3662.80 1.51416e-05 6.46984e-01 2.42169e-17 4.37441e-04 
3670.00 1.48859e-05 6.49237e-01 2.17333e-17 3.88055e-04 
3675.27 1.46461e-05 6.50870e-01 2.00493e-17 3.53614e-04 
3679.25 1.44736e-05 6.52086e-01 1.88513e-17 3.29539e-04 
3690.00 1.42441e-05 6.55320e-01 1.59078e-17 2.75835e-04 
3693.65 1.42975e-05 6.56410e-01 1.50009e-17 2.61777e-04 
3695.71 1.43521e-05 6.57025e-01 1.45087e-17 2.54534e-04 
3710.00 1.47080e-05 6.61276e-01 1.14556e-17 2.08090e-04 
3712.12 1.46902e-05 6.61900e-01 1.10540e-17 2.00856e-04 
3712.18 1.46893e-05 6.61918e-01 1.10428e-17 2.00649e-04 
3728.66 1.48387e-05 6.66718e-01 8.31388e-18 1.54390e-04 
3730.00 1.49743e-05 6.67105e-01 8.12014e-18 1.52313e-04 
3730.68 1.50550e-05 6.67300e-01 8.02384e-18 1.51390e-04 
3745.15 1.77824e-05 6.71428e-01 6.19308e-18 1.39408e-04 
3749.33 1.84869e-05 6.72600e-01 5.73819e-18 1.34670e-04 
3750.00 1.85778e-05 6.72786e-01 5.66822e-18 1.33744e-04 
3761.65 1.93670e-05 6.75944e-01 4.56558e-18 1.13180e-04 
3768.08 1.97055e-05 6.77570e-01 4.04371e-18 1.02415e-04 
3770.00 1.98743e-05 6.78035e-01 3.89833e-18 9.96983e-05 
3778.17 2.11277e-05 6.79912e-01 3.33179e-18 9.10306e-05 
3786.92 2.33619e-05 6.81820e-01 2.80853e-18 8.52837e-05 
3790.00 2.43461e-05 6.82486e-01 2.64282e-18 8.37825e-05 
3794.70 2.59684e-05 6.83526e-01 2.40745e-18 8.16314e-05 
3805.85 2.86222e-05 6.86340e-01 1.92290e-18 7.23728e-05 
3810.00 2.84524e-05 6.87582e-01 1.76692e-18 6.62992e-05 
3811.23 2.82215e-05 6.87970e-01 1.72282e-18 6.41769e-05 
3824.88 2.33115e-05 6.92490e-01 1.29808e-18 4.03485e-05 
3827.78 2.26510e-05 6.93427e-01 1.22133e-18 3.69650e-05 
3830.00 2.24712e-05 6.94127e-01 1.16551e-18 3.50514e-05 
3844.01 2.77364e-05 6.98270e-01 8.64171e-19 3.23877e-05 
3844.34 2.79480e-05 6.98365e-01 8.57894e-19 3.24050e-05 
3850.00 3.16237e-05 6.99928e-01 7.58866e-19 3.25548e-05 
3860.92 3.70640e-05 7.02830e-01 5.97237e-19 3.02387e-05 
3863.23 3.74316e-05 7.03430e-01 5.67453e-19 2.90578e-05 
3870.00 3.58291e-05 7.05172e-01 4.87932e-19 2.40173e-05 
3877.50 2.92078e-05 7.07074e-01 4.12166e-19 1.66154e-05 
3882.54 2.41998e-05 7.08340e-01 3.67605e-19 1.23162e-05 
3890.00 2.05252e-05 7.10198e-01 3.09952e-19 8.84776e-06 
3894.10 2.19733e-05 7.11211e-01 2.82038e-19 8.64034e-06 
3901.96 2.91500e-05 7.13140e-01 2.34990e-19 9.59552e-06 
3910.00 3.57938e-05 7.15096e-01 1.94604e-19 9.80445e-06 
3910.70 3.60753e-05 7.15266e-01 1.91403e-19 9.72309e-06 
3921.46 3.48281e-05 7.17860e-01 1.48261e-19 7.31760e-06 
3927.32 3.29747e-05 7.19268e-01 1.28852e-19 6.04203e-06 
3930.00 3.26902e-05 7.19912e-01 1.20806e-19 5.62473e-06 
3941.07 3.57266e-05 7.22590e-01 9.23441e-20 4.72967e-06 
3943.95 3.64144e-05 7.23293e-01 8.60654e-20 4.50061e-06 
3950.00 3.56292e-05 7.24758e-01 7.41799e-20 3.80895e-06 
3960.59 2.57697e-05 7.27181e-01 5.70494e-20 2.13151e-06 
3960.78 2.55731e-05 7.27220e-01 5.67902e-20 2.10585e-06 
3970.00 1.90904e-05 7.29090e-01 4.50741e-20 1.25383e-06 
3977.25 2.21696e-05 7.30538e-01 3.75360e-20 1.21718e-06 
3980.58 2.53538e-05 7.31240e-01 3.44898e-20 1.28134e-06 
3990.00 3.51146e-05 7.33406e-01 2.71136e-20 1.40254e-06 
3993.91 3.77725e-05 7.34355e-01 2.45192e-20 1.36745e-06 
4000.48 4.00412e-05 7.35960e-01 2.06898e-20 1.22787e-06 
4010.00 4.06538e-05 7.38226e-01 1.61517e-20 9.78535e-07 
4010.59 4.06589e-05 7.38364e-01 1.59042e-20 9.63988e-07 
4020.49 4.07970e-05 7.40650e-01 1.22625e-20 7.49933e-07 
4027.28 4.08687e-05 7.42195e-01 1.02459e-20 6.30079e-07 
4030.00 4.08719e-05 7.42808e-01 9.53121e-21 5.87053e-07 
4040.59 4.06901e-05 7.45170e-01 7.18213e-21 4.42961e-07 
4043.98 4.05732e-05 7.45916e-01 6.55696e-21 4.03984e-07 
4050.00 4.03063e-05 7.47230e-01 5.57354e-21 3.42245e-07 
4060.69 3.94892e-05 7.49529e-01 4.16916e-21 2.52254e-07 
4060.79 3.94770e-05 7.49550e-01 4.15769e-21 2.51496e-07 
4070.00 3.77701e-05 7.51495e-01 3.23102e-21 1.87902e-07 
4077.41 3.53124e-05 7.53045e-01 2.63430e-21 1.43788e-07 
4081.10 3.37382e-05 7.53810e-01 2.37915e-21 1.24310e-07 
4090.00 2.90878e-05 7.55652e-01 1.85752e-21 8.40643e-08 
4094.15 2.66255e-05 7.56506e-01 1.65437e-21 6.86800e-08 
4101.50 2.29336e-05 7.58010e-01 1.34607e-21 4.83146e-08 
4110.00 2.21786e-05 7.59737e-01 1.05935e-21 3.69319e-08 
4110.90 2.24453e-05 7.59919e-01 1.03282e-21 3.64565e-08 
4122.01 2.98477e-05 7.62170e-01 7.53200e-22 3.55553e-08 
4127.66 3.42547e-05 7.63315e-01 6.41083e-22 3.48310e-08 
4130.00 3.57280e-05 7.63787e-01 5.99449e-22 3.40100e-08 
4142.62 3.87447e-05 7.66240e-01 4.16918e-22 2.58123e-08 
4144.43 3.87468e-05 7.66573e-01 3.95713e-22 2.45221e-08 
4150.00 3.85777e-05 7.67572e-01 3.36677e-22 2.08276e-08 
4161.21 3.85701e-05 7.69554e-01 2.42944e-22 1.51056e-08 
4163.33 3.86021e-05 7.69940e-01 2.28315e-22 1.42222e-08 
4170.00 3.86538e-05 7.71193e-01 1.87764e-22 1.17497e-08 
4178.00 3.85102e-05 7.72750e-01 1.48388e-22 9.28768e-09 
4184.15 3.83388e-05 7.73960e-01 1.23737e-22 7.73373e-09 
4190.00 3.82330e-05 7.75104e-01 1.04043e-22 6.50352e-09 
4194.81 3.82343e-05 7.76035e-01 9.02082e-23 5.65218e-09 
4205.07 3.82765e-05 7.78000e-01 6.64386e-23 4.18821e-09 
4210.00 3.81711e-05 7.78932e-01 5.73494e-23 3.61383e-09 
4211.63 3.81021e-05 7.79238e-01 5.46323e-23 3.43908e-09 
4226.10 3.71966e-05 7.81910e-01 3.54485e-23 2.19341e-09 
4228.45 3.70973e-05 7.82337e-01 3.30405e-23 2.04120e-09 
4230.00 3.70543e-05 7.82614e-01 3.15528e-23 1.94845e-09 
4245.30 3.71747e-05 7.85307e-01 2.00825e-23 1.25296e-09 
4247.23 3.71598e-05 7.85640e-01 1.89862e-23 1.18512e-09 
4250.00 3.70839e-05 7.86116e-01 1.75229e-23 1.09292e-09 
4262.15 3.61204e-05 7.88191e-01 1.24776e-23 7.62195e-10 
4268.46 3.56500e-05 7.89280e-01 1.05747e-23 6.39374e-10 
4270.00 3.55832e-05 7.89548e-01 1.01737e-23 6.14403e-10 
4279.01 3.55833e-05 7.91135e-01 8.25685e-24 5.00701e-10 
4289.80 3.55800e-05 7.93040e-01 6.78604e-24 4.13503e-10 
4290.00 3.55714e-05 7.93074e-01 6.76665e-24 4.12258e-10 
4295.89 3.50893e-05 7.94098e-01 6.29471e-24 3.79315e-10 
4310.00 3.21386e-05 7.96492e-01 5.96685e-24 3.31401e-10 
4311.25 3.17516e-05 7.96700e-01 5.99000e-24 3.28862e-10 
4312.78 3.12546e-05 7.96953e-01 6.02932e-24 3.26058e-10 
4329.68 2.45699e-05 7.99710e-01 7.30973e-24 3.13052e-10 
4330.00 2.44341e-05 7.99763e-01 7.34979e-24 3.13071e-10 
4332.81 2.32650e-05 8.00220e-01 7.72624e-24 3.13742e-10 
4346.59 2.02103e-05 8.02473e-01 1.03318e-23 3.66648e-10 
4350.00 2.08186e-05 8.03027e-01 1.11929e-23 4.09765e-10 
4354.47 2.27315e-05 8.03750e-01 1.24722e-23 4.99516e-10 
4363.51 2.85608e-05 8.05185e-01 1.56424e-23 7.90188e-10 
4370.00 3.22211e-05 8.06189e-01 1.84678e-23 1.05535e-09 
4376.25 3.38886e-05 8.07130e-01 2.17036e-23 1.30784e-09 
4380.45 3.41592e-05 8.07748e-01 2.42041e-23 1.47270e-09 
4390.00 3.36675e-05 8.09107e-01 3.09974e-23 1.86608e-09 
4397.40 3.34215e-05 8.10122e-01 3.75193e-23 2.24879e-09 
4398.13 3.34136e-05 8.10220e-01 3.82284e-23 2.29142e-09 
4410.00 3.33921e-05 8.11705e-01 5.17795e-23 3.11574e-09 
4414.36 3.33256e-05 8.12141e-01 5.78241e-23 3.47784e-09 
4420.12 3.31921e-05 8.12570e-01 6.68402e-23 4.01134e-09 
4430.00 3.30592e-05 8.12944e-01 8.55048e-23 5.12473e-09 
4431.33 3.30681e-05 8.12988e-01 8.83643e-23 5.29941e-09 
4442.22 3.33363e-05 8.13660e-01 1.15400e-22 6.99988e-09 
4448.31 3.35056e-05 8.14484e-01 1.33774e-22 8.17507e-09 
4450.00 3.35377e-05 8.14767e-01 1.39320e-22 8.52832e-09 
4464.43 3.34497e-05 8.17710e-01 1.96469e-22 1.20774e-08 
4465.31 3.34270e-05 8.17900e-01 2.00587e-22 1.23275e-08 
4470.00 3.32805e-05 8.18897e-01 2.23916e-22 1.37321e-08 
4482.32 3.28547e-05 8.21394e-01 2.97905e-22 1.81406e-08 
4486.75 3.27912e-05 8.22240e-01 3.29725e-22 2.00800e-08 
4490.00 3.28093e-05 8.22840e-01 3.55032e-22 2.16645e-08 
4499.34 3.31405e-05 8.24475e-01 4.38277e-22 2.71242e-08 
4509.19 3.34191e-05 8.26070e-01 5.45572e-22 3.41889e-08 
4510.00 3.34163e-05 8.26197e-01 5.55472e-22 3.48180e-08 
4516.37 3.32152e-05 8.27161e-01 6.38820e-22 3.99041e-08 
4530.00 3.22554e-05 8.29103e-01 8.57805e-22 5.23144e-08 
4531.73 3.21370e-05 8.29340e-01 8.90150e-22 5.41238e-08 
4533.41 3.20305e-05 8.29569e-01 9.22647e-22 5.59500e-08 
4550.00 3.16574e-05 8.31731e-01 1.30787e-21 7.88782e-08 
4550.47 3.16703e-05 8.31790e-01 1.32065e-21 7.96953e-08 
4554.39 3.18273e-05 8.32270e-01 1.43229e-21 8.69859e-08 
4567.54 3.23873e-05 8.33795e-01 1.87371e-21 1.16343e-07 
4570.00 3.23838e-05 8.34069e-01 1.96928e-21 1.22371e-07 
4577.16 3.20632e-05 8.34850e-01 2.27329e-21 1.40213e-07 
4584.62 3.15535e-05 8.35647e-01 2.63539e-21 1.60377e-07 
4590.00 3.13243e-05 8.36220e-01 2.92918e-21 1.77290e-07 
4600.05 3.14999e-05 8.37310e-01 3.55973e-21 2.17419e-07 
4601.71 3.15620e-05 8.37495e-01 3.67523e-21 2.25047e-07 
4610.00 3.17383e-05 8.38443e-01 4.30527e-21 2.65877e-07 
4618.81 3.14168e-05 8.39501e-01 5.08256e-21 3.11687e-07 
4623.05 3.11671e-05 8.40030e-01 5.50018e-21 3.35135e-07 
4630.00 3.08322e-05 8.40925e-01 6.25440e-21 3.77965e-07 
4635.93 3.07517e-05 8.41705e-01 6.97112e-21 4.21105e-07 
4646.16 3.08972e-05 8.43050e-01 8.38732e-21 5.10992e-07 
4650.00 3.09628e-05 8.43544e-01 8.98278e-21 5.49206e-07 
4653.06 3.09942e-05 8.43926e-01 9.48435e-21 5.81103e-07 
4669.39 3.07794e-05 8.45620e-01 1.26251e-20 7.72421e-07 
4670.00 3.07586e-05 8.45666e-01 1.27580e-20 7.80170e-07 
4670.20 3.07516e-05 8.45681e-01 1.28014e-20 7.82691e-07 
4687.35 2.97944e-05 8.46594e-01 1.71440e-20 1.02041e-06 
4690.00 2.95919e-05 8.46712e-01 1.79230e-20 1.06027e-06 
4692.74 2.93713e-05 8.46840e-01 1.87618e-20 1.10243e-06 
4704.51 2.85795e-05 8.47514e-01 2.27841e-20 1.30699e-06 
4710.00 2.84944e-05 8.47894e-01 2.49113e-20 1.42706e-06 
4716.20 2.87314e-05 8.48370e-01 2.75314e-20 1.59326e-06 
4721.69 2.91090e-05 8.48819e-01 3.00518e-20 1.76495e-06 
4730.00 2.96284e-05 8.49421e-01 3.42646e-20 2.05334e-06 
4738.88 2.97365e-05 8.49737e-01 3.93448e-20 2.37171e-06 
4739.79 2.97246e-05 8.49740e-01 3.98992e-20 2.40463e-06 
4750.00 2.94499e-05 8.49455e-01 4.66505e-20 2.79060e-06 
4756.08 2.92650e-05 8.49237e-01 5.11372e-20 3.04290e-06 
4763.48 2.90661e-05 8.49240e-01 5.71152e-20 3.38078e-06 
4770.00 2.89194e-05 8.49675e-01 6.28819e-20 3.71030e-06 
4773.29 2.88558e-05 8.50041e-01 6.59892e-20 3.88944e-06 
4787.30 2.85628e-05 8.52350e-01 8.07736e-20 4.73917e-06 
4790.00 2.84822e-05 8.52882e-01 8.39356e-20 4.91663e-06 
4790.52 2.84652e-05 8.52986e-01 8.45568e-20 4.95120e-06 
4807.76 2.77594e-05 8.56542e-01 1.07601e-19 6.19216e-06 
4810.00 2.76718e-05 8.56988e-01 1.10971e-19 6.37222e-06 
4811.24 2.76259e-05 8.57230e-01 1.12871e-19 6.47408e-06 
4825.01 2.67625e-05 8.59633e-01 1.35997e-19 7.59961e-06 
4830.00 2.60113e-05 8.60355e-01 1.45348e-19 7.90896e-06 
4835.29 2.48054e-05 8.61020e-01 1.55871e-19 8.10346e-06 
4842.27 2.26955e-05 8.61741e-01 1.70740e-19 8.14000e-06 
4850.00 1.99383e-05 8.62425e-01 1.88639e-19 7.91963e-06 
4859.47 1.67426e-05 8.63280e-01 2.12757e-19 7.52267e-06 
4859.54 1.67236e-05 8.63287e-01 2.12954e-19 7.52126e-06 
4870.00 1.59879e-05 8.64426e-01 2.42639e-19 8.22115e-06 
4876.83 1.82071e-05 8.65211e-01 2.63893e-19 1.02059e-05 
4883.77 2.15768e-05 8.65960e-01 2.87084e-19 1.31878e-05 
4890.00 2.42569e-05 8.66550e-01 3.09375e-19 1.60083e-05 
4894.13 2.53439e-05 8.66908e-01 3.24945e-19 1.75896e-05 
4908.19 2.60092e-05 8.68110e-01 3.83007e-19 2.13674e-05 
4910.00 2.59546e-05 8.68279e-01 3.91095e-19 2.17852e-05 
4911.44 2.59156e-05 8.68417e-01 3.97630e-19 2.21259e-05 
4928.77 2.58051e-05 8.70224e-01 4.83593e-19 2.69450e-05 
4930.00 2.58180e-05 8.70357e-01 4.90269e-19 2.73417e-05 
4932.73 2.58542e-05 8.70650e-01 5.05294e-19 2.82442e-05 
4946.10 2.61168e-05 8.72003e-01 5.84601e-19 3.31500e-05 
4950.00 2.61968e-05 8.72353e-01 6.09564e-19 3.47127e-05 
4957.39 2.63162e-05 8.72930e-01 6.59309e-19 3.77980e-05 
4963.45 2.63539e-05 8.73308e-01 7.02523e-19 4.03998e-05 
4970.00 2.62998e-05 8.73653e-01 7.51819e-19 4.32200e-05 
4980.81 2.59562e-05 8.74203e-01 8.39319e-19 4.77534e-05 
4982.18 2.58948e-05 8.74280e-01 8.50953e-19 4.83182e-05 
4990.00 2.54944e-05 8.74721e-01 9.20008e-19 5.15383e-05 
4998.18 2.50530e-05 8.74921e-01 9.97016e-19 5.49878e-05 
5007.09 2.47457e-05 8.74390e-01 1.08657e-18 5.92615e-05 
5010.00 2.47245e-05 8.73972e-01 1.11719e-18 6.08854e-05 
5015.57 2.48125e-05 8.72858e-01 1.17768e-18 6.43998e-05 
5030.00 2.51698e-05 8.68838e-01 1.34645e-18 7.45589e-05 
5032.12 2.51575e-05 8.68200e-01 1.37282e-18 7.59582e-05 
5032.97 2.51458e-05 8.67949e-01 1.38339e-18 7.64981e-05 
5050.00 2.46880e-05 8.63871e-01 1.61083e-18 8.73375e-05 
5050.38 2.46849e-05 8.63818e-01 1.61619e-18 8.76179e-05 
5057.29 2.47342e-05 8.63280e-01 1.71645e-18 9.33087e-05 
5067.80 2.49313e-05 8.64216e-01 1.87807e-18 1.03234e-04 
5070.00 2.49469e-05 8.64642e-01 1.91328e-18 1.05332e-04 
5082.57 2.47581e-05 8.68140e-01 2.12411e-18 1.16813e-04 
5085.24 2.46949e-05 8.69043e-01 2.17092e-18 1.19268e-04 
5090.00 2.46011e-05 8.70729e-01 2.25651e-18 1.23856e-04 
5102.68 2.45288e-05 8.75232e-01 2.49645e-18 1.37672e-04 
5107.98 2.45044e-05 8.76910e-01 2.60202e-18 1.43775e-04 
5110.00 2.44849e-05 8.77488e-01 2.64298e-18 1.46076e-04 
5120.14 2.42824e-05 8.79920e-01 2.85620e-18 1.57300e-04 
5130.00 2.40121e-05 8.81670e-01 3.07477e-18 1.68109e-04 
5133.52 2.39214e-05 8.82190e-01 3.15569e-18 1.72100e-04 
5137.62 2.38218e-05 8.82741e-01 3.25147e-18 1.76837e-04 
5150.00 2.35179e-05 8.84115e-01 3.55348e-18 1.91554e-04 
5155.10 2.33754e-05 8.84571e-01 3.68324e-18 1.97644e-04 
5159.19 2.32571e-05 8.84900e-01 3.78956e-18 2.02556e-04 
5170.00 2.29702e-05 8.85641e-01 4.08018e-18 2.16031e-04 
5172.60 2.29147e-05 8.85799e-01 4.15219e-18 2.19461e-04 
5184.99 2.27576e-05 8.86500e-01 4.50665e-18 2.37318e-04 
5190.00 2.27519e-05 8.86777e-01 4.65531e-18 2.45398e-04 
5190.11 2.27522e-05 8.86783e-01 4.65859e-18 2.45581e-04 
5207.63 2.28216e-05 8.87614e-01 5.20233e-18 2.76269e-04 
5210.00 2.27983e-05 8.87693e-01 5.27862e-18 2.80186e-04 
5210.91 2.27849e-05 8.87720e-01 5.30822e-18 2.81650e-04 
5225.17 2.24910e-05 8.87941e-01 5.78283e-18 3.03779e-04 
5230.00 2.24878e-05 8.87940e-01 5.94908e-18 3.12756e-04 
5236.97 2.26553e-05 8.87890e-01 6.19344e-18 3.28447e-04 
5242.72 2.28109e-05 8.87814e-01 6.39907e-18 3.42026e-04 
5250.00 2.27866e-05 8.87694e-01 6.66491e-18 3.56302e-04 
5260.28 2.21206e-05 8.87527e-01 7.04950e-18 3.66495e-04 
5263.15 2.19023e-05 8.87490e-01 7.15916e-18 3.68710e-04 
5270.00 2.15605e-05 8.87429e-01 7.42348e-18 3.76819e-04 
5277.85 2.16760e-05 8.87400e-01 7.73210e-18 3.95163e-04 
5289.47 2.22077e-05 8.87410e-01 8.19966e-18 4.30287e-04 
5290.00 2.22235e-05 8.87411e-01 8.22134e-18 4.31776e-04 
5295.43 2.22900e-05 8.87434e-01 8.44436e-18 4.45284e-04 
5310.00 2.18717e-05 8.87658e-01 9.05425e-18 4.69893e-04 
5313.03 2.17296e-05 8.87755e-01 9.18327e-18 4.73814e-04 
5315.92 2.15938e-05 8.87870e-01 9.30661e-18 4.77499e-04 
5330.00 2.11905e-05 8.88720e-01 9.91717e-18 5.01124e-04 
5330.64 2.11917e-05 8.88767e-01 9.94534e-18 5.02663e-04 
5342.50 2.14630e-05 8.89690e-01 1.04690e-17 5.37654e-04 
5348.27 2.16054e-05 8.90145e-01 1.07267e-17 5.55422e-04 
5350.00 2.16276e-05 8.90281e-01 1.08044e-17 5.60289e-04 
5365.90 2.13974e-05 8.91579e-01 1.15229e-17 5.93811e-04 
5369.21 2.13255e-05 8.91870e-01 1.16733e-17 6.00108e-04 
5370.00 2.13108e-05 8.91941e-01 1.17094e-17 6.01684e-04 
5383.55 2.11750e-05 8.92903e-01 1.23293e-17 6.31770e-04 
5390.00 2.10974e-05 8.92869e-01 1.26254e-17 6.45319e-04 
5396.05 2.09656e-05 8.92310e-01 1.29037e-17 6.55750e-04 
5401.21 2.08323e-05 8.91362e-01 1.31410e-17 6.63488e-04 
5410.00 2.06511e-05 8.89240e-01 1.35449e-17 6.77420e-04 
5418.89 2.06153e-05 8.87390e-01 1.39526e-17 6.96293e-04 
5423.03 2.06344e-05 8.86940e-01 1.41424e-17 7.06603e-04 
5430.00 2.06791e-05 8.87018e-01 1.44602e-17 7.25041e-04 
5436.57 2.07028e-05 8.87756e-01 1.47588e-17 7.42371e-04 
5450.00 2.06573e-05 8.89596e-01 1.53634e-17 7.74590e-04 
5450.15 2.06560e-05 8.89610e-01 1.53700e-17 7.74911e-04 
5454.27 2.06135e-05 8.89880e-01 1.55540e-17 7.83403e-04 
5470.00 2.04159e-05 8.90062e-01 1.62464e-17 8.12936e-04 
5471.99 2.03965e-05 8.90113e-01 1.63326e-17 8.16817e-04 
5477.40 2.03545e-05 8.90430e-01 1.65664e-17 8.27916e-04 
5489.71 2.02903e-05 8.92279e-01 1.70892e-17 8.55036e-04 
5490.00 2.02889e-05 8.92334e-01 1.71014e-17 8.55683e-04 
5504.79 2.01861e-05 8.95120e-01 1.77110e-17 8.86829e-04 
5507.45 2.01569e-05 8.95507e-01 1.78184e-17 8.91732e-04 
5510.00 2.01245e-05 8.95829e-01 1.79206e-17 8.96144e-04 
5525.20 1.98946e-05 8.97029e-01 1.85148e-17 9.19036e-04 
5530.00 1.98481e-05 8.97263e-01 1.86968e-17 9.26948e-04 
5532.31 1.98364e-05 8.97370e-01 1.87834e-17 9.31191e-04 
5542.96 1.98303e-05 8.97856e-01 1.91737e-17 9.52592e-04 
5550.00 1.98073e-05 8.98139e-01 1.94231e-17 9.65397e-04 
5559.97 1.96743e-05 8.98420e-01 1.97647e-17 9.77834e-04 
5560.74 1.96608e-05 8.98434e-01 1.97903e-17 9.78580e-04 
5570.00 1.94944e-05 8.98504e-01 2.00933e-17 9.86867e-04 
5578.53 1.93735e-05 8.98442e-01 2.03606e-17 9.95249e-04 
5587.77 1.92835e-05 8.98280e-01 2.06372e-17 1.00557e-03 
5590.00 1.92671e-05 8.98231e-01 2.07018e-17 1.00820e-03 
5596.33 1.92291e-05 8.98072e-01 2.08807e-17 1.01588e-03 
5610.00 1.91811e-05 8.97615e-01 2.12439e-17 1.03296e-03 
5614.14 1.91722e-05 8.97441e-01 2.13475e-17 1.03808e-03 
5615.71 1.91689e-05 8.97370e-01 2.13859e-17 1.03998e-03 
5630.00 1.91158e-05 8.96696e-01 2.17158e-17 1.05498e-03 
5631.97 1.91020e-05 8.96617e-01 2.17584e-17 1.05657e-03 
5643.79 1.89806e-05 8.96370e-01 2.19987e-17 1.06338e-03 
5649.81 1.88967e-05 8.96411e-01 2.21112e-17 1.06528e-03 
5650.00 1.88939e-05 8.96412e-01 2.21146e-17 1.06532e-03 
5667.66 1.86428e-05 8.94958e-01 2.24045e-17 1.06654e-03 
5670.00 1.86227e-05 8.94350e-01 2.24384e-17 1.06672e-03 
5672.01 1.86099e-05 8.93710e-01 2.24668e-17 1.06694e-03 
5685.53 1.85728e-05 8.87340e-01 2.26377e-17 1.06781e-03 
5690.00 1.85515e-05 8.85066e-01 2.26865e-17 1.06698e-03 
5700.37 1.84497e-05 8.81190e-01 2.27853e-17 1.06302e-03 
5703.41 1.84180e-05 8.80691e-01 2.28105e-17 1.06232e-03 
5710.00 1.83705e-05 8.80543e-01 2.28590e-17 1.06289e-03 
5721.30 1.83758e-05 8.81811e-01 2.29234e-17 1.06984e-03 
5728.87 1.83673e-05 8.82490e-01 2.29534e-17 1.07299e-03 
5730.00 1.83604e-05 8.82513e-01 2.29570e-17 1.07299e-03 
5739.21 1.82458e-05 8.81968e-01 2.29777e-17 1.06831e-03 
5750.00 1.80825e-05 8.80673e-01 2.29829e-17 1.05942e-03 
5757.13 1.80238e-05 8.80196e-01 2.29753e-17 1.05636e-03 
5757.52 1.80216e-05 8.80190e-01 2.29746e-17 1.05627e-03 
5770.00 1.79610e-05 8.81306e-01 2.29398e-17 1.05474e-03 
5775.06 1.79205e-05 8.82382e-01 2.29184e-17 1.05359e-03 
5786.30 1.78044e-05 8.85760e-01 2.28564e-17 1.04997e-03 
5790.00 1.77679e-05 8.87100e-01 2.28317e-17 1.04894e-03 
5793.00 1.77417e-05 8.88238e-01 2.28102e-17 1.04829e-03 
5810.00 1.76341e-05 8.94498e-01 2.26638e-17 1.04560e-03 
5810.96 1.76291e-05 8.94796e-01 2.26543e-17 1.04538e-03 
5815.23 1.76061e-05 8.95990e-01 2.26106e-17 1.04417e-03 
5828.93 1.75107e-05 8.98509e-01 2.24548e-17 1.03669e-03 
5830.00 1.75007e-05 8.98670e-01 2.24416e-17 1.03586e-03 
5844.31 1.73464e-05 9.01420e-01 2.22530e-17 1.02372e-03 
5846.91 1.73220e-05 9.02158e-01 2.22163e-17 1.02189e-03 
5850.00 1.72980e-05 9.03044e-01 2.21718e-17 1.01996e-03 
5864.91 1.72132e-05 9.02509e-01 2.19438e-17 1.00649e-03 
5870.00 1.71512e-05 8.98397e-01 2.18613e-17 9.95404e-04 
5873.53 1.70865e-05 8.93730e-01 2.18028e-17 9.84450e-04 
5882.91 1.68826e-05 8.74351e-01 2.16428e-17 9.46139e-04 
5890.00 1.67772e-05 8.56801e-01 2.15178e-17 9.17144e-04 
5900.94 1.67927e-05 8.34291e-01 2.13190e-17 8.87256e-04 
5902.90 1.68065e-05 8.31730e-01 2.12826e-17 8.84045e-04 
5910.00 1.68427e-05 8.27389e-01 2.11495e-17 8.76868e-04 
5918.97 1.68068e-05 8.29726e-01 2.09785e-17 8.71692e-04 
5930.00 1.66936e-05 8.36745e-01 2.07649e-17 8.65863e-04 
5932.41 1.66692e-05 8.37940e-01 2.07178e-17 8.64221e-04 
5937.02 1.66270e-05 8.39317e-01 2.06276e-17 8.60361e-04 
5950.00 1.65321e-05 8.39759e-01 2.03726e-17 8.47170e-04 
5955.08 1.65013e-05 8.40067e-01 2.02728e-17 8.42476e-04 
5962.08 1.64593e-05 8.42160e-01 2.01358e-17 8.37715e-04 
5970.00 1.64045e-05 8.47972e-01 1.99817e-17 8.35359e-04 
5973.16 1.63786e-05 8.51122e-01 1.99207e-17 8.35027e-04 
5990.00 1.62053e-05 8.71140e-01 1.96013e-17 8.34408e-04 
5991.24 1.61908e-05 8.72586e-01 1.95782e-17 8.34234e-04 
5991.89 1.61832e-05 8.73320e-01 1.95662e-17 8.34129e-04 
6009.34 1.60016e-05 8.89646e-01 1.92518e-17 8.29095e-04 
6010.00 1.59970e-05 8.90135e-01 1.92404e-17 8.28906e-04 
6021.85 1.59420e-05 8.97670e-01 1.90396e-17 8.25982e-04 
6027.46 1.59223e-05 9.00471e-01 1.89485e-17 8.24344e-04 
6030.00 1.59116e-05 9.01596e-01 1.89082e-17 8.23411e-04 
6045.59 1.58189e-05 9.06830e-01 1.86750e-17 8.15314e-04 
6050.00 1.57942e-05 9.07876e-01 1.86137e-17 8.12895e-04 
6051.96 1.57848e-05 9.08290e-01 1.85872e-17 8.11888e-04 
6063.73 1.57362e-05 9.10255e-01 1.84379e-17 8.06188e-04 
6070.00 1.57025e-05 9.11027e-01 1.83656e-17 8.02819e-04 
6081.88 1.56042e-05 9.12228e-01 1.82437e-17 7.95092e-04 
6082.21 1.56010e-05 9.12260e-01 1.82406e-17 7.94867e-04 
6090.00 1.55286e-05 9.13005e-01 1.81725e-17 7.89878e-04 
6100.05 1.54445e-05 9.13958e-01 1.80988e-17 7.84525e-04 
6110.00 1.53561e-05 9.14869e-01 1.80426e-17 7.79653e-04 
6112.63 1.53290e-05 9.15100e-01 1.80306e-17 7.78297e-04 
6118.23 1.52652e-05 9.15578e-01 1.80093e-17 7.75257e-04 
6130.00 1.51075e-05 9.16511e-01 1.79838e-17 7.68412e-04 
6136.42 1.50123e-05 9.16976e-01 1.79812e-17 7.64647e-04 
6143.19 1.49177e-05 9.17430e-01 1.79875e-17 7.61313e-04 
6150.00 1.48432e-05 9.17850e-01 1.80035e-17 7.59371e-04 
6154.63 1.48109e-05 9.18116e-01 1.80200e-17 7.59207e-04 
6170.00 1.48002e-05 9.18920e-01 1.81089e-17 7.64972e-04 
6172.85 1.48109e-05 9.19059e-01 1.81312e-17 7.66939e-04 
6173.91 1.48155e-05 9.19110e-01 1.81400e-17 7.67721e-04 
6190.00 1.48638e-05 9.19782e-01 1.83062e-17 7.79876e-04 
6191.08 1.48620e-05 9.19813e-01 1.83196e-17 7.80515e-04 
6204.77 1.47810e-05 9.19950e-01 1.85146e-17 7.86380e-04 
6209.33 1.47452e-05 9.19865e-01 1.85899e-17 7.88171e-04 
6210.00 1.47402e-05 9.19848e-01 1.86015e-17 7.88463e-04 
6227.59 1.45827e-05 9.19460e-01 1.89464e-17 7.96415e-04 
6230.00 1.45454e-05 9.19476e-01 1.90001e-17 7.96954e-04 
6235.80 1.44340e-05 9.19660e-01 1.91357e-17 7.97391e-04 
6245.86 1.42519e-05 9.20291e-01 1.93927e-17 7.99744e-04 
6250.00 1.42171e-05 9.20377e-01 1.95067e-17 8.03087e-04 
6264.15 1.43163e-05 9.17840e-01 1.99324e-17 8.25931e-04 
6266.98 1.43451e-05 9.16520e-01 2.00245e-17 8.30590e-04 
6270.00 1.43669e-05 9.14736e-01 2.01253e-17 8.34818e-04 
6282.45 1.43298e-05 9.05187e-01 2.05683e-17 8.43778e-04 
6290.00 1.42449e-05 8.99740e-01 2.08592e-17 8.46542e-04 
6298.31 1.41394e-05 8.96280e-01 2.11988e-17 8.51795e-04 
6300.76 1.41102e-05 8.96040e-01 2.13027e-17 8.54304e-04 
6310.00 1.40250e-05 8.98066e-01 2.17111e-17 8.68652e-04 
6319.09 1.39909e-05 9.02985e-01 2.21377e-17 8.89685e-04 
6329.80 1.39477e-05 9.09680e-01 2.26728e-17 9.16664e-04 
6330.00 1.39463e-05 9.09792e-01 2.26829e-17 9.17120e-04 
6337.43 1.38713e-05 9.13511e-01 2.30745e-17 9.32822e-04 
6350.00 1.37212e-05 9.18039e-01 2.37756e-17 9.57374e-04 
6355.78 1.36759e-05 9.19650e-01 2.41140e-17 9.70380e-04 
6361.45 1.36498e-05 9.21100e-01 2.44560e-17 9.84687e-04 
6370.00 1.36351e-05 9.23198e-01 2.49897e-17 1.00874e-03 
6374.15 1.36346e-05 9.24158e-01 2.52566e-17 1.02119e-03 
6390.00 1.35913e-05 9.27131e-01 2.63246e-17 1.06706e-03 
6392.53 1.35682e-05 9.27463e-01 2.65019e-17 1.07323e-03 
6393.26 1.35606e-05 9.27550e-01 2.65536e-17 1.07494e-03 
6410.00 1.33775e-05 9.28940e-01 2.77792e-17 1.11395e-03 
6410.92 1.33723e-05 9.29018e-01 2.78490e-17 1.11657e-03 
6425.23 1.33424e-05 9.31070e-01 2.89655e-17 1.16388e-03 
6429.33 1.33196e-05 9.32074e-01 2.92967e-17 1.17719e-03 
6430.00 1.33139e-05 9.32246e-01 2.93513e-17 1.17923e-03 
6447.75 1.30715e-05 9.33516e-01 3.08428e-17 1.22161e-03 
6450.00 1.30520e-05 9.32712e-01 3.10382e-17 1.22688e-03 
6457.35 1.30347e-05 9.27500e-01 3.16866e-17 1.24528e-03 
6466.18 1.30435e-05 9.15648e-01 3.24849e-17 1.26292e-03 
6470.00 1.30320e-05 9.09380e-01 3.28363e-17 1.26747e-03 
6484.63 1.28549e-05 8.86528e-01 3.42198e-17 1.27305e-03 
6489.64 1.27884e-05 8.81520e-01 3.47060e-17 1.27820e-03 
6490.00 1.27843e-05 8.81255e-01 3.47412e-17 1.27877e-03 
6503.09 1.26839e-05 8.79552e-01 3.60438e-17 1.31640e-03 
6510.00 1.26307e-05 8.83043e-01 3.67479e-17 1.34322e-03 
6521.57 1.24438e-05 8.91288e-01 3.79528e-17 1.38194e-03 
6522.09 1.24306e-05 8.91650e-01 3.80075e-17 1.38314e-03 
6530.00 1.21567e-05 8.96580e-01 3.88503e-17 1.39200e-03 
6540.06 1.15362e-05 9.01390e-01 3.99419e-17 1.36744e-03 
6550.00 1.04371e-05 9.04826e-01 4.10422e-17 1.27803e-03 
6554.70 9.72028e-06 9.06080e-01 4.15693e-17 1.20807e-03 
6558.56 9.13229e-06 9.06971e-01 4.20059e-17 1.14872e-03 
6570.00 8.33614e-06 9.09431e-01 4.33162e-17 1.08611e-03 
6577.08 9.12124e-06 9.11336e-01 4.41390e-17 1.21482e-03 
6587.47 1.10294e-05 9.15590e-01 4.53640e-17 1.51918e-03 
6590.00 1.14052e-05 9.16995e-01 4.56647e-17 1.58438e-03 
6595.61 1.19126e-05 9.20571e-01 4.63352e-17 1.68715e-03 
6610.00 1.20365e-05 9.30961e-01 4.80793e-17 1.79273e-03 
6614.15 1.20277e-05 9.33789e-01 4.85876e-17 1.81700e-03 
6620.41 1.20625e-05 9.37490e-01 4.93592e-17 1.86029e-03 
6630.00 1.21419e-05 9.41392e-01 5.05511e-17 1.92853e-03 
6632.71 1.21533e-05 9.42157e-01 5.08894e-17 1.94562e-03 
6650.00 1.21081e-05 9.44972e-01 5.30708e-17 2.03280e-03 
6651.28 1.21013e-05 9.45106e-01 5.32330e-17 2.03856e-03 
6653.51 1.20897e-05 9.45340e-01 5.35174e-17 2.04867e-03 
6669.86 1.20183e-05 9.47158e-01 5.56109e-17 2.12553e-03 
6670.00 1.20179e-05 9.47174e-01 5.56289e-17 2.12622e-03 
6686.78 1.19781e-05 9.49020e-01 5.77971e-17 2.21162e-03 
6688.46 1.19732e-05 9.49191e-01 5.80150e-17 2.22000e-03 
6690.00 1.19681e-05 9.49344e-01 5.82152e-17 2.22759e-03 
6707.07 1.18889e-05 9.50810e-01 6.04372e-17 2.30673e-03 
6710.00 1.18755e-05 9.51014e-01 6.08194e-17 2.32021e-03 
6720.21 1.18351e-05 9.51600e-01 6.21528e-17 2.36805e-03 
6725.70 1.18103e-05 9.51834e-01 6.28690e-17 2.39287e-03 
6730.00 1.17855e-05 9.51995e-01 6.34312e-17 2.41115e-03 
6744.33 1.16777e-05 9.52582e-01 6.53019e-17 2.46630e-03 
6750.00 1.16463e-05 9.52921e-01 6.60399e-17 2.49046e-03 
6753.81 1.16352e-05 9.53210e-01 6.65361e-17 2.50896e-03 
6762.99 1.16278e-05 9.54070e-01 6.77272e-17 2.55801e-03 
6770.00 1.16192e-05 9.54666e-01 6.86349e-17 2.59469e-03 
6781.65 1.15665e-05 9.54910e-01 7.01364e-17 2.64464e-03 
6787.58 1.15313e-05 9.54410e-01 7.08965e-17 2.66611e-03 
6790.00 1.15176e-05 9.54050e-01 7.12055e-17 2.67449e-03 
6800.33 1.14676e-05 9.52136e-01 7.25208e-17 2.71073e-03 
6810.00 1.14225e-05 9.51386e-01 7.37413e-17 2.74727e-03 
6819.03 1.13724e-05 9.53393e-01 7.48718e-17 2.78669e-03 
6821.52 1.13578e-05 9.54630e-01 7.51820e-17 2.79929e-03 
6830.00 1.13094e-05 9.60640e-01 7.62318e-17 2.84761e-03 
6837.74 1.12708e-05 9.65301e-01 7.71809e-17 2.89042e-03 
6850.00 1.12200e-05 9.61034e-01 7.86668e-17 2.92508e-03 
6855.63 1.11998e-05 9.50580e-01 7.93407e-17 2.91519e-03 
6856.46 1.11969e-05 9.48442e-01 7.94397e-17 2.91187e-03 
6870.00 1.11485e-05 8.98590e-01 8.10366e-17 2.80763e-03 
6875.19 1.11274e-05 8.77112e-01 8.16403e-17 2.75780e-03 
6889.91 1.10616e-05 8.35690e-01 8.33210e-17 2.67149e-03 
6890.00 1.10612e-05 8.35593e-01 8.33316e-17 2.67145e-03 
6893.94 1.10431e-05 8.33880e-01 8.37746e-17 2.67730e-03 
6910.00 1.09679e-05 8.56831e-01 8.55427e-17 2.79644e-03 
6912.71 1.09547e-05 8.62260e-01 8.58352e-17 2.82148e-03 
6924.36 1.08980e-05 8.76740e-01 8.70733e-17 2.90006e-03 
6930.00 1.08725e-05 8.74138e-01 8.76613e-17 2.90651e-03 
6931.49 1.08661e-05 8.72464e-01 8.78147e-17 2.90495e-03 
6950.00 1.07892e-05 8.40187e-01 8.96792e-17 2.84423e-03 
6950.28 1.07879e-05 8.39802e-01 8.97064e-17 2.84357e-03 
6958.98 1.07453e-05 8.34400e-01 9.05503e-17 2.84413e-03 
6969.08 1.07000e-05 8.48331e-01 9.15037e-17 2.91397e-03 
6970.00 1.06966e-05 8.50395e-01 9.15889e-17 2.92326e-03 
6987.90 1.06340e-05 8.94101e-01 9.32007e-17 3.11727e-03 
6990.00 1.06218e-05 8.97573e-01 9.33835e-17 3.13285e-03 
6993.77 1.05950e-05 9.01690e-01 9.37085e-17 3.15191e-03 
7006.73 1.04889e-05 8.94722e-01 9.47918e-17 3.13782e-03 
7010.00 1.04681e-05 8.89654e-01 9.50564e-17 3.12401e-03 
7025.58 1.04273e-05 8.65090e-01 9.62719e-17 3.07142e-03 
7028.74 1.04230e-05 8.62540e-01 9.65088e-17 3.07002e-03 
7030.00 1.04210e-05 8.61961e-01 9.66022e-17 3.07087e-03 
7044.44 1.03791e-05 8.69979e-01 9.76365e-17 3.12645e-03 
7050.00 1.03564e-05 8.77673e-01 9.80157e-17 3.16192e-03 
7063.32 1.03004e-05 8.97388e-01 9.88815e-17 3.24998e-03 
7063.88 1.02984e-05 8.98100e-01 9.89170e-17 3.25335e-03 
7070.00 1.02810e-05 9.04564e-01 9.92927e-17 3.28651e-03 
7082.21 1.02553e-05 9.12400e-01 1.00003e-16 3.33610e-03 
7090.00 1.02012e-05 9.15417e-01 1.00430e-16 3.34735e-03 
7099.20 1.00723e-05 9.18720e-01 1.00905e-16 3.33702e-03 
7101.11 1.00435e-05 9.19516e-01 1.01000e-16 3.33436e-03 
7110.00 9.94334e-06 9.23628e-01 1.01423e-16 3.33396e-03 
7120.03 9.94572e-06 9.27772e-01 1.01867e-16 3.36912e-03 
7130.00 9.98616e-06 9.29498e-01 1.02272e-16 3.40735e-03 
7134.70 9.98606e-06 9.28930e-01 1.02450e-16 3.41342e-03 
7138.96 9.97415e-06 9.27351e-01 1.02605e-16 3.41072e-03 
7150.00 9.92117e-06 9.14984e-01 1.02974e-16 3.36460e-03 
7157.90 9.88886e-06 8.94772e-01 1.03211e-16 3.29074e-03 
7170.00 9.84450e-06 8.36803e-01 1.03529e-16 3.07837e-03 
7170.37 9.84294e-06 8.34380e-01 1.03538e-16 3.06939e-03 
7176.86 9.81342e-06 7.86771e-01 1.03685e-16 2.89230e-03 
7190.00 9.75370e-06 6.79839e-01 1.03936e-16 2.49455e-03 
7195.84 9.73399e-06 6.39568e-01 1.04027e-16 2.34600e-03 
7206.23 9.70589e-06 5.99640e-01 1.04158e-16 2.19912e-03 
7210.00 9.69549e-06 5.99195e-01 1.04196e-16 2.19708e-03 
7214.83 9.68048e-06 6.08709e-01 1.04237e-16 2.23088e-03 
7230.00 9.61752e-06 6.79343e-01 1.04310e-16 2.48050e-03 
7233.83 9.59755e-06 6.98990e-01 1.04315e-16 2.54842e-03 
7242.26 9.55397e-06 7.31890e-01 1.04309e-16 2.65918e-03 
7250.00 9.52489e-06 7.41315e-01 1.04280e-16 2.68736e-03 
7252.84 9.51897e-06 7.40215e-01 1.04265e-16 2.68235e-03 
7270.00 9.49005e-06 7.04191e-01 1.04109e-16 2.54627e-03 
7271.87 9.48196e-06 6.99052e-01 1.04086e-16 2.52562e-03 
7278.47 9.44382e-06 6.82480e-01 1.03995e-16 2.45590e-03 
7290.00 9.37296e-06 6.65949e-01 1.03799e-16 2.37773e-03 
7290.92 9.36875e-06 6.65443e-01 1.03782e-16 2.37475e-03 
7309.98 9.31924e-06 6.85965e-01 1.03355e-16 2.43137e-03 
7310.00 9.31918e-06 6.86027e-01 1.03354e-16 2.43157e-03 
7314.86 9.30401e-06 7.01730e-01 1.03226e-16 2.48175e-03 
7329.05 9.25134e-06 7.68487e-01 1.02808e-16 2.69674e-03 
7330.00 9.24825e-06 7.73516e-01 1.02778e-16 2.71303e-03 
7348.14 9.20483e-06 8.59349e-01 1.02145e-16 2.98884e-03 
7350.00 9.20053e-06 8.65451e-01 1.02074e-16 3.00734e-03 
7351.43 9.19704e-06 8.69600e-01 1.02019e-16 3.01956e-03 
7367.24 9.14629e-06 8.87674e-01 1.01370e-16 3.05235e-03 
7370.00 9.13476e-06 8.87390e-01 1.01249e-16 3.04503e-03 
7386.36 9.05285e-06 8.83638e-01 1.00486e-16 2.98895e-03 
7388.19 9.04295e-06 8.84210e-01 1.00396e-16 2.98567e-03 
7390.00 9.03321e-06 8.85182e-01 1.00306e-16 2.98379e-03 
7405.49 8.95175e-06 9.06086e-01 9.94989e-17 3.00866e-03 
7410.00 8.92869e-06 9.14624e-01 9.92514e-17 3.02349e-03 
7424.63 8.86233e-06 9.41004e-01 9.84125e-17 3.06752e-03 
7425.13 8.86056e-06 9.41740e-01 9.83827e-17 3.06859e-03 
7430.00 8.84618e-06 9.47937e-01 9.80908e-17 3.07663e-03 
7443.79 8.82282e-06 9.58303e-01 9.72319e-17 3.08061e-03 
7450.00 8.80477e-06 9.60669e-01 9.68299e-17 3.07171e-03 
7462.26 8.73734e-06 9.63900e-01 9.60102e-17 3.03754e-03 
7462.96 8.73313e-06 9.64093e-01 9.59622e-17 3.03545e-03 
7470.00 8.69602e-06 9.66212e-01 9.54749e-17 3.01666e-03 
7482.15 8.66601e-06 9.69622e-01 9.46085e-17 2.99434e-03 
7490.00 8.65774e-06 9.70710e-01 9.40319e-17 2.97971e-03 
7499.57 8.64412e-06 9.69750e-01 9.33122e-17 2.95310e-03 
7501.35 8.64086e-06 9.69213e-01 9.31762e-17 2.94676e-03 
7510.00 8.62175e-06 9.65644e-01 9.25072e-17 2.91173e-03 
7520.57 8.59259e-06 9.62292e-01 9.16709e-17 2.86970e-03 
7530.00 8.56839e-06 9.64260e-01 9.09072e-17 2.84715e-03 
7537.07 8.55488e-06 9.71150e-01 9.03250e-17 2.84731e-03 
7539.80 8.55002e-06 9.75365e-01 9.00979e-17 2.85188e-03 
7550.00 8.52688e-06 9.94028e-01 8.92383e-17 2.87482e-03 
7559.04 8.49408e-06 1.00416e+00 8.84629e-17 2.87124e-03 
7570.00 8.45068e-06 9.90631e-01 8.75069e-17 2.79167e-03 
7574.75 8.43516e-06 9.71020e-01 8.70869e-17 2.71998e-03 
7578.30 8.42491e-06 9.49717e-01 8.67713e-17 2.64869e-03 
7590.00 8.39289e-06 8.48815e-01 8.57193e-17 2.33329e-03 
7597.58 8.36900e-06 7.70225e-01 8.50288e-17 2.09631e-03 
7610.00 8.32743e-06 6.46816e-01 8.38818e-17 1.73088e-03 
7612.63 8.31911e-06 6.24780e-01 8.36371e-17 1.66595e-03 
7616.86 8.30617e-06 5.93949e-01 8.32408e-17 1.57465e-03 
7630.00 8.26667e-06 5.36214e-01 8.20006e-17 1.39615e-03 
7636.17 8.24659e-06 5.28899e-01 8.14127e-17 1.36502e-03 
7650.00 8.19125e-06 5.58632e-01 8.00819e-17 1.41122e-03 
7650.69 8.18796e-06 5.61790e-01 8.00151e-17 1.41757e-03 
7655.48 8.16400e-06 5.87856e-01 7.95499e-17 1.47133e-03 
7670.00 8.09784e-06 6.96869e-01 7.81315e-17 1.70241e-03 
7674.82 8.08458e-06 7.37440e-01 7.76577e-17 1.78879e-03 
7688.94 8.05789e-06 8.46810e-01 7.62601e-17 2.01416e-03 
7690.00 8.05544e-06 8.53616e-01 7.61552e-17 2.02722e-03 
7694.16 8.04408e-06 8.77967e-01 7.57411e-17 2.07191e-03 
7710.00 7.99285e-06 9.39816e-01 7.41586e-17 2.16214e-03 
7713.52 7.98376e-06 9.48182e-01 7.38051e-17 2.16951e-03 
7727.39 7.96101e-06 9.68230e-01 7.24104e-17 2.17122e-03 
7730.00 7.95848e-06 9.70365e-01 7.21471e-17 2.16814e-03 
7732.90 7.95592e-06 9.72304e-01 7.18546e-17 2.16378e-03 
7750.00 7.88473e-06 9.76757e-01 7.01259e-17 2.10706e-03 
7752.29 7.86000e-06 9.76730e-01 6.98942e-17 2.09407e-03 
7766.03 7.69734e-06 9.75570e-01 6.85027e-17 2.01108e-03 
7770.00 7.67720e-06 9.75299e-01 6.80999e-17 1.99449e-03 
7771.69 7.67623e-06 9.75219e-01 6.79283e-17 1.98948e-03 
7790.00 7.79132e-06 9.75356e-01 6.60739e-17 1.96909e-03 
7791.11 7.79474e-06 9.75407e-01 6.59613e-17 1.96698e-03 
7804.86 7.75589e-06 9.76180e-01 6.45718e-17 1.92084e-03 
7810.00 7.72539e-06 9.76464e-01 6.40524e-17 1.89971e-03 
7810.55 7.72234e-06 9.76491e-01 6.39972e-17 1.89750e-03 
7830.00 7.64013e-06 9.76496e-01 6.20399e-17 1.82443e-03 
7830.00 7.64012e-06 9.76495e-01 6.20395e-17 1.82442e-03 
7843.88 7.58590e-06 9.74440e-01 6.06498e-17 1.77030e-03 
7849.46 7.56660e-06 9.72882e-01 6.00932e-17 1.74803e-03 
7850.00 7.56491e-06 9.72704e-01 6.00393e-17 1.74587e-03 
7868.94 7.51502e-06 9.62943e-01 5.81604e-17 1.66724e-03 
7870.00 7.51192e-06 9.62163e-01 5.80555e-17 1.66242e-03 
7883.10 7.46761e-06 9.50110e-01 5.67667e-17 1.59834e-03 
7888.43 7.44992e-06 9.43881e-01 5.62448e-17 1.57060e-03 
7890.00 7.44516e-06 9.41955e-01 5.60914e-17 1.56243e-03 
7907.94 7.40230e-06 9.21542e-01 5.43495e-17 1.47592e-03 
7910.00 7.39748e-06 9.19849e-01 5.41505e-17 1.46725e-03 
7922.51 7.36217e-06 9.15580e-01 5.29490e-17 1.42346e-03 
7927.46 7.34445e-06 9.17454e-01 5.24772e-17 1.41115e-03 
7930.00 7.33432e-06 9.19117e-01 5.22355e-17 1.40570e-03 
7947.00 7.27340e-06 9.35726e-01 5.06306e-17 1.37856e-03 
7950.00 7.27101e-06 9.38531e-01 5.03493e-17 1.37508e-03 
7962.13 7.28889e-06 9.44570e-01 4.92206e-17 1.35830e-03 
7966.55 7.29104e-06 9.43609e-01 4.88121e-17 1.34680e-03 
7970.00 7.28498e-06 9.41686e-01 4.84942e-17 1.33477e-03 
7986.11 7.18435e-06 9.24206e-01 4.70238e-17 1.25526e-03 
7990.00 7.16518e-06 9.19123e-01 4.66726e-17 1.23632e-03 
8001.94 7.15844e-06 9.05450e-01 4.56020e-17 1.19065e-03 
8005.70 7.16208e-06 9.02486e-01 4.52676e-17 1.17921e-03 
8010.00 7.16252e-06 9.00030e-01 4.48863e-17 1.16679e-03 
8025.29 7.11743e-06 8.98231e-01 4.35455e-17 1.12470e-03 
8030.00 7.10066e-06 8.99472e-01 4.31372e-17 1.11372e-03 
8041.95 7.07417e-06 9.05350e-01 4.21106e-17 1.09186e-03 
8044.90 7.06931e-06 9.07264e-01 4.18589e-17 1.08728e-03 
8050.00 7.06024e-06 9.10849e-01 4.14267e-17 1.07961e-03 
8064.53 7.02321e-06 9.21879e-01 4.02092e-17 1.05691e-03 
8070.00 7.00689e-06 9.25846e-01 3.97563e-17 1.04777e-03 
8082.16 6.97183e-06 9.33040e-01 3.87609e-17 1.02587e-03 
8084.17 6.96662e-06 9.33909e-01 3.85976e-17 1.02199e-03 
8090.00 6.95311e-06 9.35506e-01 3.81269e-17 1.01002e-03 
8103.83 6.92997e-06 9.29502e-01 3.70252e-17 9.72955e-04 
8110.00 6.92031e-06 9.20037e-01 3.65397e-17 9.49816e-04 
8122.57 6.89517e-06 8.82220e-01 3.55641e-17 8.84608e-04 
8123.50 6.89300e-06 8.78264e-01 3.54928e-17 8.78698e-04 
8130.00 6.87650e-06 8.46365e-01 3.49953e-17 8.33581e-04 
8143.18 6.84025e-06 7.69289e-01 3.40011e-17 7.33453e-04 
8150.00 6.82564e-06 7.29585e-01 3.34942e-17 6.84338e-04 
8162.88 6.80417e-06 6.70384e-01 3.25507e-17 6.10134e-04 
8163.18 6.80339e-06 6.69400e-01 3.25289e-17 6.08785e-04 
8170.00 6.77667e-06 6.52706e-01 3.20370e-17 5.82816e-04 
8182.60 6.68567e-06 6.45796e-01 3.11418e-17 5.53858e-04 
8190.00 6.63991e-06 6.52205e-01 3.06239e-17 5.46782e-04 
8202.33 6.62000e-06 6.72120e-01 2.97749e-17 5.47036e-04 
8204.00 6.62002e-06 6.75200e-01 2.96612e-17 5.47557e-04 
8210.00 6.61837e-06 6.86282e-01 2.92549e-17 5.49186e-04 
8222.07 6.59264e-06 7.07894e-01 2.84500e-17 5.49559e-04 
8230.00 6.56799e-06 7.20979e-01 2.79301e-17 5.47963e-04 
8241.83 6.53964e-06 7.37760e-01 2.71671e-17 5.43825e-04 
8245.02 6.53600e-06 7.41550e-01 2.69644e-17 5.42448e-04 
8250.00 6.53529e-06 7.46770e-01 2.66493e-17 5.40151e-04 
8261.61 6.55245e-06 7.55817e-01 2.59261e-17 5.34006e-04 
8270.00 6.55892e-06 7.59992e-01 2.54123e-17 5.27369e-04 
8281.40 6.53444e-06 7.63063e-01 2.47268e-17 5.14001e-04 
8286.24 6.51889e-06 7.63620e-01 2.44397e-17 5.07491e-04 
8290.00 6.50785e-06 7.63812e-01 2.42187e-17 5.02404e-04 
8301.20 6.48314e-06 7.64158e-01 2.35689e-17 4.87947e-04 
8310.00 6.45466e-06 7.65631e-01 2.30681e-17 4.76901e-04 
8321.02 6.39354e-06 7.71298e-01 2.24520e-17 4.63787e-04 
8327.67 6.36247e-06 7.77840e-01 2.20866e-17 4.58239e-04 
8330.00 6.35603e-06 7.80819e-01 2.19598e-17 4.57017e-04 
8340.86 6.35896e-06 7.98781e-01 2.13756e-17 4.55897e-04 
8350.00 6.37267e-06 8.17355e-01 2.08933e-17 4.57455e-04 
8360.71 6.36283e-06 8.40363e-01 2.03391e-17 4.57737e-04 
8369.31 6.33813e-06 8.57810e-01 1.99025e-17 4.55904e-04 
8370.00 6.33579e-06 8.59113e-01 1.98679e-17 4.55671e-04 
8380.58 6.29785e-06 8.77151e-01 1.93420e-17 4.50780e-04 
8390.00 6.26794e-06 8.90592e-01 1.88828e-17 4.45199e-04 
8400.46 6.24655e-06 9.03393e-01 1.83835e-17 4.38704e-04 
8410.00 6.23153e-06 9.13840e-01 1.79371e-17 4.32452e-04 
8411.16 6.22957e-06 9.15060e-01 1.78836e-17 4.31659e-04 
8420.35 6.20959e-06 9.24499e-01 1.74629e-17 4.24951e-04 
8430.00 6.17379e-06 9.33822e-01 1.70302e-17 4.16664e-04 
8440.26 6.11388e-06 9.42906e-01 1.65794e-17 4.06100e-04 
8450.00 6.05044e-06 9.50553e-01 1.61609e-17 3.95375e-04 
8453.21 6.03138e-06 9.52840e-01 1.60247e-17 3.91897e-04 
8460.19 6.00146e-06 9.57359e-01 1.57322e-17 3.84969e-04 
8470.00 6.01013e-06 9.62580e-01 1.53285e-17 3.78117e-04 
8480.13 6.08100e-06 9.66419e-01 1.49205e-17 3.74326e-04 
8490.00 6.06281e-06 9.68467e-01 1.45319e-17 3.64679e-04 
8495.48 5.96349e-06 9.68820e-01 1.43197e-17 3.53826e-04 
8500.09 5.85995e-06 9.68673e-01 1.41433e-17 3.43533e-04 
8510.00 5.75086e-06 9.67353e-01 1.37701e-17 3.28176e-04 
8520.06 5.94157e-06 9.65374e-01 1.33997e-17 3.29653e-04 
8530.00 6.01905e-06 9.63709e-01 1.30421e-17 3.24858e-04 
8537.96 5.73741e-06 9.63200e-01 1.27617e-17 3.03122e-04 
8540.05 5.64025e-06 9.63251e-01 1.26888e-17 2.96376e-04 
8550.00 5.34988e-06 9.64493e-01 1.23470e-17 2.74216e-04 
8560.05 5.65169e-06 9.66977e-01 1.20097e-17 2.82830e-04 
8570.00 6.03923e-06 9.70046e-01 1.16836e-17 2.95294e-04 
8580.07 5.96156e-06 9.73155e-01 1.13613e-17 2.84697e-04 
8580.65 5.94587e-06 9.73320e-01 1.13430e-17 2.83559e-04 
8590.00 5.65541e-06 9.75716e-01 1.10509e-17 2.63696e-04 
8600.10 5.47731e-06 9.77779e-01 1.07427e-17 2.49086e-04 
8610.00 5.52048e-06 9.79382e-01 1.04480e-17 2.44844e-04 
8620.15 5.76662e-06 9.80714e-01 1.01530e-17 2.49170e-04 
8623.55 5.86312e-06 9.81110e-01 1.00559e-17 2.51116e-04 
8630.00 6.01759e-06 9.81812e-01 9.87374e-18 2.53435e-04 
8640.22 6.07287e-06 9.82792e-01 9.59116e-18 2.48986e-04 
8650.00 5.78601e-06 9.83579e-01 9.32712e-18 2.31140e-04 
8660.29 5.14520e-06 9.84243e-01 9.05620e-18 1.99943e-04 
8666.67 4.84663e-06 9.84570e-01 8.89196e-18 1.85122e-04 
8670.00 4.80001e-06 9.84715e-01 8.80713e-18 1.81689e-04 
8680.39 5.20660e-06 9.85066e-01 8.54719e-18 1.91560e-04 
8690.00 5.78512e-06 9.85283e-01 8.31276e-18 2.07282e-04 
8700.50 6.01986e-06 9.85438e-01 8.06315e-18 2.09502e-04 
8710.00 6.02744e-06 9.85540e-01 7.84303e-18 2.04283e-04 
8710.00 6.02744e-06 9.85540e-01 7.84300e-18 2.04283e-04 
8720.63 6.03062e-06 9.85632e-01 7.60316e-18 1.98400e-04 
8730.00 5.78690e-06 9.85659e-01 7.39695e-18 1.85423e-04 
8740.77 5.05938e-06 9.85572e-01 7.16628e-18 1.57236e-04 
8750.00 4.63950e-06 9.85350e-01 6.97357e-18 1.40426e-04 
8753.55 4.66362e-06 9.85220e-01 6.90070e-18 1.39719e-04 
8760.92 4.98600e-06 9.84866e-01 6.75159e-18 1.46221e-04 
8770.00 5.52857e-06 9.84322e-01 6.57195e-18 1.57895e-04 
8781.09 5.87644e-06 9.83603e-01 6.35821e-18 1.62458e-04 
8790.00 5.96021e-06 9.83071e-01 6.19118e-18 1.60521e-04 
8797.32 5.98951e-06 9.82720e-01 6.05687e-18 1.57886e-04 
8801.28 5.99600e-06 9.82573e-01 5.98524e-18 1.56235e-04 
8810.00 5.98228e-06 9.82248e-01 5.83036e-18 1.51943e-04 
8821.49 5.89623e-06 9.81433e-01 5.63183e-18 1.44727e-04 
8830.00 5.78059e-06 9.80210e-01 5.48861e-18 1.38241e-04 
8841.31 5.53215e-06 9.77290e-01 5.30355e-18 1.27621e-04 
8841.70 5.52003e-06 9.77154e-01 5.29713e-18 1.27176e-04 
8850.00 5.18976e-06 9.73876e-01 5.16509e-18 1.16304e-04 
8861.94 4.56324e-06 9.68687e-01 4.98034e-18 9.82126e-05 
8870.00 4.42715e-06 9.65782e-01 4.85898e-18 9.27676e-05 
8882.19 5.04608e-06 9.63904e-01 4.68064e-18 1.01797e-04 
8885.51 5.27452e-06 9.64160e-01 4.63304e-18 1.05391e-04 
8890.00 5.53723e-06 9.65078e-01 4.56948e-18 1.09281e-04 
8902.45 5.80326e-06 9.67912e-01 4.39727e-18 1.10694e-04 
8910.00 5.79357e-06 9.66847e-01 4.29581e-18 1.07932e-04 
8922.73 5.80582e-06 9.53454e-01 4.12948e-18 1.02679e-04 
8929.94 5.83194e-06 9.36230e-01 4.03799e-18 9.91133e-05 
8930.00 5.83217e-06 9.36049e-01 4.03723e-18 9.90802e-05 
8943.03 5.86762e-06 8.83892e-01 3.87653e-18 9.05133e-05 
8950.00 5.85595e-06 8.47842e-01 3.79301e-18 8.48482e-05 
8963.34 5.76176e-06 7.71314e-01 3.63772e-18 7.29473e-05 
8970.00 5.72071e-06 7.32740e-01 3.56245e-18 6.74317e-05 
8974.59 5.70567e-06 7.07170e-01 3.51140e-18 6.40102e-05 
8983.67 5.61759e-06 6.61202e-01 3.41238e-18 5.73217e-05 
8990.00 5.41763e-06 6.34227e-01 3.34489e-18 5.20138e-05 
9004.01 4.57416e-06 5.95351e-01 3.19985e-18 3.94978e-05 
9010.00 4.32259e-06 5.89762e-01 3.13968e-18 3.63040e-05 
9019.46 4.34935e-06 5.97480e-01 3.04671e-18 3.59487e-05 
9024.37 4.50861e-06 6.10165e-01 2.99948e-18 3.74866e-05 
9030.00 4.74275e-06 6.30483e-01 2.94619e-18 4.00475e-05 
9044.75 5.29886e-06 6.96469e-01 2.81068e-18 4.72297e-05 
9050.00 5.42139e-06 7.18561e-01 2.76383e-18 4.90521e-05 
9064.56 5.49233e-06 7.54210e-01 2.63775e-18 4.98600e-05 
9065.14 5.49018e-06 7.54461e-01 2.63286e-18 4.97678e-05 
9070.00 5.46796e-06 7.52523e-01 2.59203e-18 4.86986e-05 
9085.54 5.42517e-06 7.09253e-01 2.46544e-18 4.33894e-05 
9090.00 5.43343e-06 6.90265e-01 2.43024e-18 4.17087e-05 
9105.97 5.53237e-06 6.18416e-01 2.30791e-18 3.61959e-05 
9109.88 5.55396e-06 6.03160e-01 2.27880e-18 3.50088e-05 
9110.00 5.55449e-06 6.02733e-01 2.27793e-18 3.49744e-05 
9126.40 5.57138e-06 5.61165e-01 2.15973e-18 3.10224e-05 
9130.00 5.56742e-06 5.56406e-01 2.13460e-18 3.03918e-05 
9146.86 5.54477e-06 5.51144e-01 2.02040e-18 2.84303e-05 
9150.00 5.53749e-06 5.52826e-01 1.99976e-18 2.81984e-05 
9155.43 5.52064e-06 5.57350e-01 1.96455e-18 2.78601e-05 
9167.33 5.45895e-06 5.73196e-01 1.88947e-18 2.72846e-05 
9170.00 5.43933e-06 5.77663e-01 1.87297e-18 2.71671e-05 
9187.81 5.27933e-06 6.12707e-01 1.76646e-18 2.64284e-05 
9190.00 5.26189e-06 6.17371e-01 1.75378e-18 2.63574e-05 
9201.21 5.13906e-06 6.41230e-01 1.69015e-18 2.57983e-05 
9208.31 4.92017e-06 6.55580e-01 1.65095e-18 2.46856e-05 
9210.00 4.83946e-06 6.58812e-01 1.64177e-18 2.42692e-05 
9228.83 3.80723e-06 6.87235e-01 1.54252e-18 1.87506e-05 
9230.00 3.79470e-06 6.88385e-01 1.53655e-18 1.86501e-05 
9247.21 4.50853e-06 6.93530e-01 1.45113e-18 2.11222e-05 
9249.36 4.61774e-06 6.92368e-01 1.44078e-18 2.14487e-05 
9250.00 4.64682e-06 6.91936e-01 1.43774e-18 2.15262e-05 
9269.91 4.99897e-06 6.54519e-01 1.34536e-18 2.05419e-05 
9270.00 4.99972e-06 6.54239e-01 1.34497e-18 2.05304e-05 
9290.00 5.22549e-06 5.57301e-01 1.25790e-18 1.71318e-05 
9290.48 5.22906e-06 5.54110e-01 1.25589e-18 1.70189e-05 
9293.45 5.24661e-06 5.33230e-01 1.24343e-18 1.62748e-05 
9310.00 5.25360e-06 3.92554e-01 1.17621e-18 1.13688e-05 
9311.06 5.25213e-06 3.82816e-01 1.17203e-18 1.10456e-05 
9330.00 5.23472e-06 2.18324e-01 1.09959e-18 5.90244e-06 
9331.66 5.23366e-06 2.06157e-01 1.09347e-18 5.54232e-06 
9339.92 5.22839e-06 1.54960e-01 1.06338e-18 4.05082e-06 
9350.00 5.21996e-06 1.17771e-01 1.02775e-18 2.97389e-06 
9352.27 5.21747e-06 1.12923e-01 1.01989e-18 2.82902e-06 
9370.00 5.19548e-06 1.08376e-01 9.60396e-19 2.55077e-06 
9372.90 5.19243e-06 1.11818e-01 9.50999e-19 2.60530e-06 
9386.62 5.15403e-06 1.35870e-01 9.07666e-19 3.00351e-06 
9390.00 5.13081e-06 1.42583e-01 8.97279e-19 3.10291e-06 
9393.54 5.09837e-06 1.49608e-01 8.86525e-19 3.19763e-06 
9410.00 4.95902e-06 1.80487e-01 8.38145e-19 3.55365e-06 
9414.20 4.96031e-06 1.87435e-01 8.26204e-19 3.64044e-06 
9430.00 5.04031e-06 2.07575e-01 7.82756e-19 3.88771e-06 
9433.55 5.04708e-06 2.10440e-01 7.73297e-19 3.90044e-06 
9434.88 5.04749e-06 2.11326e-01 7.69787e-19 3.89994e-06 
9450.00 5.01196e-06 2.14932e-01 7.30890e-19 3.74555e-06 
9455.57 4.99936e-06 2.13724e-01 7.17039e-19 3.64688e-06 
9470.00 4.97460e-06 2.06105e-01 6.82335e-19 3.33516e-06 
9476.28 4.95795e-06 2.01391e-01 6.67737e-19 3.18061e-06 
9480.72 4.94164e-06 1.97770e-01 6.57605e-19 3.06734e-06 
9490.00 4.89169e-06 1.90041e-01 6.36891e-19 2.82853e-06 
9497.01 4.83790e-06 1.84934e-01 6.21672e-19 2.65916e-06 
9510.00 4.71862e-06 1.80014e-01 5.94368e-19 2.41703e-06 
9517.75 4.63329e-06 1.81590e-01 5.78643e-19 2.33265e-06 
9528.12 4.37352e-06 1.91200e-01 5.58212e-19 2.23897e-06 
9530.00 4.29448e-06 1.94025e-01 5.54589e-19 2.21695e-06 
9538.50 3.83763e-06 2.10497e-01 5.38463e-19 2.08866e-06 
9550.00 3.45719e-06 2.38615e-01 5.17386e-19 2.05193e-06 
9559.28 3.75059e-06 2.62045e-01 5.00956e-19 2.36931e-06 
9570.00 4.32560e-06 2.84938e-01 4.82599e-19 2.86561e-06 
9575.76 4.50834e-06 2.93580e-01 4.73002e-19 3.01788e-06 
9580.07 4.57795e-06 2.97816e-01 4.65953e-19 3.06375e-06 
9590.00 4.62719e-06 3.01738e-01 4.50078e-19 3.03373e-06 
9600.87 4.66083e-06 3.00854e-01 4.33297e-19 2.93656e-06 
9610.00 4.67561e-06 2.99957e-01 4.19683e-19 2.84751e-06 
9621.70 4.65234e-06 3.04280e-01 4.02839e-19 2.76218e-06 
9623.64 4.64798e-06 3.06040e-01 4.00102e-19 2.75725e-06 
9630.00 4.64286e-06 3.14428e-01 3.91281e-19 2.76914e-06 
9642.54 4.68063e-06 3.42394e-01 3.74440e-19 2.91291e-06 
9650.00 4.69643e-06 3.65874e-01 3.64747e-19 3.04468e-06 
9663.39 4.65703e-06 4.19854e-01 3.47967e-19 3.30978e-06 
9670.00 4.63058e-06 4.51767e-01 3.39963e-19 3.46203e-06 
9671.76 4.62553e-06 4.60820e-01 3.37862e-19 3.50640e-06 
9684.26 4.61623e-06 5.30224e-01 3.23297e-19 3.85779e-06 
9690.00 4.62321e-06 5.63536e-01 3.16818e-19 4.02644e-06 
9705.15 4.64994e-06 6.47993e-01 3.00314e-19 4.42098e-06 
9710.00 4.65336e-06 6.72117e-01 2.95207e-19 4.51317e-06 
9720.12 4.64342e-06 7.14470e-01 2.84827e-19 4.62379e-06 
9726.05 4.63001e-06 7.32817e-01 2.78907e-19 4.63336e-06 
9730.00 4.61952e-06 7.41786e-01 2.75034e-19 4.61634e-06 
9746.97 4.57555e-06 7.43779e-01 2.58973e-19 4.32448e-06 
9750.00 4.56979e-06 7.36818e-01 2.56205e-19 4.23422e-06 
9767.91 4.56690e-06 6.39770e-01 2.40416e-19 3.45409e-06 
9768.72 4.56845e-06 6.32870e-01 2.39724e-19 3.40845e-06 
9770.00 4.57127e-06 6.21487e-01 2.38636e-19 3.33443e-06 
9788.86 4.67497e-06 3.79489e-01 2.23145e-19 1.95084e-06 
