##### EXOPHOT SPECTRAL OVERLAP FILE #####
# Date: 02/12/2021 11:22:11
# SED file: SED_a5v.txt
# atmosphere file: atm_a5v_hzm_os1.txt
# photopigment file: phot3.txt
# Stellar radius (Rs in km): 1.183778e+06
# Exoplanet orbit semi-major axis (sma in km): 5.183426e+08
# Total absorption rate (gamma_t in s-1): 5.76593e+00
# B band absorption rate (gamma_B in s-1): 4.00320e+00
# Q band absorption rate (gamma_Q in s-1): 1.76273e+00
# B-Q bands cut-off (in nm): 500
# photosynthetic photon flux density [ppfd in micromol photon m-2 s-1]: 2.40048e+03
# Total Stellar Irradiance (S in W m-2): 1.37004e+03
# -------------------------------------------------
# Col 1: Wavelength (wl in Angstrom) 
# Col 2: Spectral Flux Density (F_l in J cm-2 s-1 A-1) 
# Col 3: Atmosphere transmitance (T, no units) 
# Col 4: Pigment absorption cross section (sigma_abs in cm-2) 
# Col 5: Spectral Absorption Rate (Gamma_lambda in A-1 s-1)
2503.42 1.47989e-05 -2.12047e-19 2.38831e-20 -9.44511e-26 
2505.00 1.31147e-05 -1.65779e-19 2.59291e-20 -7.10896e-26 
2513.00 1.06490e-05 -2.17194e-20 3.84416e-20 -1.12479e-26 
2515.76 1.08430e-05 0.00000e+00 4.38495e-20 0.00000e+00 
2516.83 1.08914e-05 5.47381e-21 4.61395e-20 3.48518e-27 
2518.00 1.08807e-05 9.77434e-21 4.87594e-20 6.57326e-27 
2525.00 9.68569e-06 9.04354e-21 6.75815e-20 7.52456e-27 
2528.34 9.31834e-06 0.00000e+00 7.87124e-20 0.00000e+00 
2530.25 9.22417e-06 -5.47278e-21 8.58266e-20 -5.51880e-27 
2535.00 9.07097e-06 -1.40686e-20 1.05932e-19 -1.72518e-26 
2540.98 8.70062e-06 0.00000e+00 1.37217e-19 0.00000e+00 
2543.69 8.67623e-06 1.91329e-20 1.53917e-19 3.27180e-26 
2545.00 8.74682e-06 2.88573e-20 1.62651e-19 5.25984e-26 
2553.68 1.00380e-05 0.00000e+00 2.32275e-19 0.00000e+00 
2555.00 1.01470e-05 -3.10591e-20 2.44867e-19 -9.92592e-26 
2557.12 1.01742e-05 -8.95100e-20 2.66448e-19 -3.12362e-25 
2565.00 9.93218e-06 -9.01847e-20 3.61637e-19 -4.18273e-25 
2566.45 1.00596e-05 0.00000e+00 3.82107e-19 0.00000e+00 
2570.57 1.07397e-05 4.01990e-19 4.45789e-19 2.49052e-24 
2575.00 1.14877e-05 6.16434e-19 5.24261e-19 4.81246e-24 
2579.28 1.17365e-05 0.00000e+00 6.11243e-19 0.00000e+00 
2584.03 1.16173e-05 -1.72164e-18 7.21709e-19 -1.87772e-23 
2585.00 1.15740e-05 -2.01573e-18 7.46382e-19 -2.26600e-23 
2592.18 1.12587e-05 0.00000e+00 9.51418e-19 0.00000e+00 
2595.00 1.11219e-05 3.76788e-18 1.04403e-18 5.71545e-23 
2597.49 1.09845e-05 7.11744e-18 1.13194e-18 1.15720e-22 
2605.00 1.03505e-05 5.54569e-19 1.43561e-18 1.08065e-23 
2605.14 1.03339e-05 0.00000e+00 1.44191e-18 0.00000e+00 
2610.96 9.70005e-06 -2.86613e-17 1.72194e-18 -6.29233e-22 
2615.00 9.76204e-06 -2.94997e-17 1.94154e-18 -7.36037e-22 
2618.17 1.03367e-05 0.00000e+00 2.12909e-18 0.00000e+00 
2624.44 1.17741e-05 1.13154e-16 2.54350e-18 4.47704e-21 
2625.00 1.18524e-05 1.18906e-16 2.58368e-18 4.81173e-21 
2631.26 1.20340e-05 0.00000e+00 3.06491e-18 0.00000e+00 
2635.00 1.22615e-05 -2.67015e-16 3.38471e-18 -1.46996e-20 
2637.92 1.28795e-05 -4.40113e-16 3.65207e-18 -2.74908e-20 
2644.41 1.48095e-05 0.00000e+00 4.30411e-18 0.00000e+00 
2645.00 1.49564e-05 1.31646e-16 4.36706e-18 1.14491e-20 
2651.42 1.56665e-05 1.69289e-15 5.10266e-18 1.80633e-19 
2655.00 1.52479e-05 1.41342e-15 5.55173e-18 1.59917e-19 
2657.64 1.45591e-05 0.00000e+00 5.90012e-18 0.00000e+00 
2664.92 1.27306e-05 -6.45914e-15 6.94451e-18 -7.66078e-19 
2665.00 1.27237e-05 -6.48633e-15 6.95700e-18 -7.70293e-19 
2670.92 1.32186e-05 0.00000e+00 7.89964e-18 0.00000e+00 
2675.00 1.39263e-05 1.52611e-14 8.59709e-18 2.46048e-18 
2678.43 1.41933e-05 2.45039e-14 9.21488e-18 4.32126e-18 
2684.28 1.39054e-05 0.00000e+00 1.03365e-17 0.00000e+00 
2685.00 1.38186e-05 -8.59412e-15 1.04805e-17 -1.68234e-18 
2691.94 1.28600e-05 -9.25953e-14 1.19326e-17 -1.92554e-17 
2695.00 1.27012e-05 -7.55347e-14 1.26087e-17 -1.64113e-17 
2697.70 1.28464e-05 0.00000e+00 1.32247e-17 0.00000e+00 
2705.00 1.34281e-05 3.41651e-13 1.49751e-17 9.35530e-17 
2705.47 1.34170e-05 3.48951e-13 1.50919e-17 9.62340e-17 
2711.19 1.27288e-05 0.00000e+00 1.65527e-17 0.00000e+00 
2715.00 1.21493e-05 -7.45491e-13 1.75644e-17 -2.17431e-16 
2719.00 1.18885e-05 -1.31233e-12 1.86577e-17 -3.98437e-16 
2724.74 1.23714e-05 0.00000e+00 2.02778e-17 0.00000e+00 
2725.00 1.24188e-05 1.51399e-13 2.03511e-17 5.24906e-17 
2732.54 1.38396e-05 4.92554e-12 2.25630e-17 2.11575e-15 
2735.00 1.37012e-05 4.46615e-12 2.33004e-17 1.96307e-15 
2738.37 1.26249e-05 0.00000e+00 2.43231e-17 0.00000e+00 
2745.00 1.00317e-05 -1.71225e-11 2.63684e-17 -6.25880e-15 
2746.09 9.86876e-06 -1.84412e-11 2.67085e-17 -6.71955e-15 
2752.06 1.03693e-05 0.00000e+00 2.85777e-17 0.00000e+00 
2755.00 1.08739e-05 2.94998e-11 2.95025e-17 1.31252e-14 
2759.65 1.12546e-05 6.88040e-11 3.09655e-17 3.33118e-14 
2765.00 1.16100e-05 2.22203e-11 3.26432e-17 1.17218e-14 
2765.82 1.17156e-05 0.00000e+00 3.28992e-17 0.00000e+00 
2773.21 1.30554e-05 -2.55431e-10 3.51825e-17 -1.63793e-13 
2775.00 1.33236e-05 -2.62035e-10 3.57260e-17 -1.74242e-13 
2779.65 1.35029e-05 0.00000e+00 3.71209e-17 0.00000e+00 
2785.00 1.20892e-05 7.61920e-10 3.86836e-17 4.99551e-13 
2786.79 1.10926e-05 9.41713e-10 3.91934e-17 5.74371e-13 
2793.55 6.75031e-06 0.00000e+00 4.10612e-17 0.00000e+00 
2795.00 6.13155e-06 -7.04667e-10 4.14481e-17 -2.51979e-13 
2800.37 5.87919e-06 -3.43944e-09 4.28292e-17 -1.22091e-12 
2805.00 7.73666e-06 -2.82336e-09 4.39544e-17 -1.35574e-12 
2807.52 9.28798e-06 0.00000e+00 4.45369e-17 0.00000e+00 
2813.95 1.33284e-05 1.24077e-08 4.59299e-17 1.07598e-11 
2815.00 1.38034e-05 1.35628e-08 4.61420e-17 1.22414e-11 
2821.55 1.49875e-05 0.00000e+00 4.73769e-17 0.00000e+00 
2825.00 1.48558e-05 -2.56593e-08 4.79581e-17 -2.59984e-11 
2827.55 1.46612e-05 -4.40497e-08 4.83566e-17 -4.44529e-11 
2835.00 1.40562e-05 -1.34308e-08 4.93598e-17 -1.32990e-11 
2835.66 1.40157e-05 0.00000e+00 4.94371e-17 0.00000e+00 
2841.16 1.37031e-05 1.53189e-07 5.00026e-17 1.50126e-10 
2845.00 1.33128e-05 1.97414e-07 5.03160e-17 1.89391e-10 
2849.84 1.25255e-05 0.00000e+00 5.06126e-17 0.00000e+00 
2854.77 1.21936e-05 -5.18636e-07 5.08020e-17 -4.61709e-10 
2855.00 1.22075e-05 -5.41742e-07 5.08082e-17 -4.82927e-10 
2864.09 1.39695e-05 0.00000e+00 5.08486e-17 0.00000e+00 
2865.00 1.40849e-05 3.12289e-07 5.08315e-17 3.22471e-10 
2868.39 1.41521e-05 1.96499e-06 5.07344e-17 2.03725e-09 
2875.00 1.36899e-05 6.90266e-06 5.03951e-17 6.89232e-09 
2878.41 1.37352e-05 1.00000e-05 5.01449e-17 9.98019e-09 
2882.02 1.38995e-05 1.35505e-05 4.98261e-17 1.36154e-08 
2885.00 1.39067e-05 1.69621e-05 4.95213e-17 1.69655e-08 
2892.80 1.31709e-05 3.00000e-05 4.85573e-17 2.79405e-08 
2895.00 1.30927e-05 3.53024e-05 4.82440e-17 3.24975e-08 
2895.65 1.31056e-05 3.70895e-05 4.81478e-17 3.41156e-08 
2907.27 1.49531e-05 1.00000e-04 4.61924e-17 1.01090e-07 
2909.30 1.52742e-05 1.19914e-04 4.58075e-17 1.22878e-07 
2910.00 1.53634e-05 1.27742e-04 4.56711e-17 1.31305e-07 
2921.80 1.52742e-05 3.70000e-04 4.31989e-17 3.59093e-07 
2922.95 1.51701e-05 4.08536e-04 4.29419e-17 3.91601e-07 
2930.00 1.45243e-05 7.19424e-04 4.13069e-17 6.36639e-07 
2936.41 1.42285e-05 1.12000e-03 3.97541e-17 9.36482e-07 
2936.61 1.42244e-05 1.13420e-03 3.97056e-17 9.46988e-07 
2950.00 1.43975e-05 2.64423e-03 3.63297e-17 2.05397e-06 
2950.28 1.44068e-05 2.69219e-03 3.62593e-17 2.08871e-06 
2951.09 1.44347e-05 2.84000e-03 3.60501e-17 2.19553e-06 
2963.95 1.48877e-05 6.34153e-03 3.27593e-17 4.61477e-06 
2965.85 1.49417e-05 7.06000e-03 3.22781e-17 5.08376e-06 
2970.00 1.50323e-05 8.83134e-03 3.12327e-17 6.19927e-06 
2977.64 1.50914e-05 1.28613e-02 2.93485e-17 8.53872e-06 
2980.68 1.50928e-05 1.47700e-02 2.86154e-17 9.57170e-06 
2990.00 1.51160e-05 2.18187e-02 2.64468e-17 1.31290e-05 
2991.33 1.51296e-05 2.29803e-02 2.61489e-17 1.36906e-05 
2995.58 1.51921e-05 2.69900e-02 2.52144e-17 1.55910e-05 
3005.03 1.53579e-05 3.75656e-02 2.32582e-17 2.02988e-05 
3010.00 1.54070e-05 4.41279e-02 2.23006e-17 2.29740e-05 
3010.56 1.54091e-05 4.49100e-02 2.21963e-17 2.32793e-05 
3018.74 1.53670e-05 5.72513e-02 2.07481e-17 2.77396e-05 
3025.61 1.52775e-05 6.83900e-02 1.96484e-17 3.12685e-05 
3030.00 1.52244e-05 7.56218e-02 1.90048e-17 3.33747e-05 
3032.45 1.52028e-05 7.97666e-02 1.86655e-17 3.45542e-05 
3040.74 1.51698e-05 9.50800e-02 1.76266e-17 3.89171e-05 
3046.18 1.51710e-05 1.06677e-01 1.70368e-17 4.22817e-05 
3050.00 1.51769e-05 1.15375e-01 1.66657e-17 4.48065e-05 
3055.94 1.51907e-05 1.29180e-01 1.61611e-17 4.87880e-05 
3059.91 1.52079e-05 1.38263e-01 1.58733e-17 5.14133e-05 
3070.00 1.53131e-05 1.60455e-01 1.53168e-17 5.81628e-05 
3071.22 1.53341e-05 1.63040e-01 1.52666e-17 5.90104e-05 
3073.65 1.53801e-05 1.68107e-01 1.51780e-17 6.07208e-05 
3086.58 1.55812e-05 1.96700e-01 1.49537e-17 7.12121e-05 
3087.40 1.55835e-05 1.98759e-01 1.49537e-17 7.19872e-05 
3090.00 1.55765e-05 2.05553e-01 1.49648e-17 7.45326e-05 
3101.15 1.53273e-05 2.34672e-01 1.52105e-17 8.54117e-05 
3102.01 1.53003e-05 2.36650e-01 1.52429e-17 8.61869e-05 
3110.00 1.50644e-05 2.52375e-01 1.56404e-17 9.30955e-05 
3114.92 1.49697e-05 2.60980e-01 1.59734e-17 9.78560e-05 
3117.52 1.49397e-05 2.65670e-01 1.61781e-17 1.00773e-04 
3128.69 1.49681e-05 2.88259e-01 1.72888e-17 1.17490e-04 
3130.00 1.49879e-05 2.91051e-01 1.74451e-17 1.19909e-04 
3133.11 1.50479e-05 2.97670e-01 1.78389e-17 1.26031e-04 
3142.47 1.52935e-05 3.17098e-01 1.92291e-17 1.47520e-04 
3148.77 1.54612e-05 3.29680e-01 2.03512e-17 1.64433e-04 
3150.00 1.54895e-05 3.32073e-01 2.05878e-17 1.67925e-04 
3156.26 1.55939e-05 3.43907e-01 2.18958e-17 1.86574e-04 
3164.52 1.55683e-05 3.57910e-01 2.38936e-17 2.12093e-04 
3170.00 1.54013e-05 3.65832e-01 2.54046e-17 2.28419e-04 
3170.06 1.53989e-05 3.65907e-01 2.54206e-17 2.28578e-04 
3180.34 1.48010e-05 3.79000e-01 2.86989e-17 2.57747e-04 
3183.86 1.46088e-05 3.83398e-01 2.99629e-17 2.68984e-04 
3190.00 1.44275e-05 3.91624e-01 3.23563e-17 2.93585e-04 
3196.24 1.45247e-05 4.01450e-01 3.50502e-17 3.28845e-04 
3197.67 1.45737e-05 4.03991e-01 3.57061e-17 3.38409e-04 
3210.00 1.49197e-05 4.24482e-01 4.20039e-17 4.29871e-04 
3211.49 1.49077e-05 4.25996e-01 4.28499e-17 4.39942e-04 
3212.22 1.48957e-05 4.26600e-01 4.32699e-17 4.44629e-04 
3225.32 1.43734e-05 4.29977e-01 5.16010e-17 5.17798e-04 
3228.29 1.42805e-05 4.31990e-01 5.37031e-17 5.38407e-04 
3230.00 1.42498e-05 4.33902e-01 5.49585e-17 5.52539e-04 
3239.16 1.43894e-05 4.49905e-01 6.21616e-17 6.56207e-04 
3244.43 1.46013e-05 4.59140e-01 6.66932e-17 7.30262e-04 
3250.00 1.48276e-05 4.65515e-01 7.18128e-17 8.10986e-04 
3253.01 1.49231e-05 4.67707e-01 7.47163e-17 8.53998e-04 
3260.65 1.50762e-05 4.71340e-01 8.25540e-17 9.62925e-04 
3266.86 1.51330e-05 4.74246e-01 8.94182e-17 1.05538e-03 
3270.00 1.51481e-05 4.76153e-01 9.30594e-17 1.10493e-03 
3276.95 1.51689e-05 4.82240e-01 1.01537e-16 1.22528e-03 
3280.72 1.51818e-05 4.86856e-01 1.06375e-16 1.29855e-03 
3290.00 1.52555e-05 4.98351e-01 1.19005e-16 1.49846e-03 
3293.34 1.53051e-05 5.00990e-01 1.23799e-16 1.57378e-03 
3294.59 1.53261e-05 5.01609e-01 1.25637e-16 1.60192e-03 
3308.47 1.54972e-05 5.03249e-01 1.47184e-16 1.91183e-03 
3309.80 1.54955e-05 5.03850e-01 1.49371e-16 1.94311e-03 
3310.00 1.54948e-05 5.03958e-01 1.49695e-16 1.94776e-03 
3322.36 1.52857e-05 5.16290e-01 1.70921e-16 2.25602e-03 
3326.35 1.51906e-05 5.19800e-01 1.78130e-16 2.35526e-03 
3330.00 1.51135e-05 5.21584e-01 1.84851e-16 2.44276e-03 
3336.25 1.50228e-05 5.22718e-01 1.96668e-16 2.59378e-03 
3342.98 1.49640e-05 5.24330e-01 2.09785e-16 2.77004e-03 
3350.00 1.49112e-05 5.29210e-01 2.23848e-16 2.97894e-03 
3350.15 1.49099e-05 5.29341e-01 2.24162e-16 2.98373e-03 
3359.70 1.48129e-05 5.36610e-01 2.43865e-16 3.27848e-03 
3364.07 1.47709e-05 5.38143e-01 2.53061e-16 3.40656e-03 
3370.00 1.47323e-05 5.38979e-01 2.65711e-16 3.57936e-03 
3376.50 1.47269e-05 5.40380e-01 2.79722e-16 3.78379e-03 
3377.98 1.47304e-05 5.41022e-01 2.82947e-16 3.83456e-03 
3390.00 1.47943e-05 5.49040e-01 3.09160e-16 4.28552e-03 
3391.91 1.48068e-05 5.50279e-01 3.13343e-16 4.35947e-03 
3393.38 1.48165e-05 5.51130e-01 3.16555e-16 4.41573e-03 
3405.85 1.48999e-05 5.55452e-01 3.43721e-16 4.87735e-03 
3410.00 1.49290e-05 5.56743e-01 3.52682e-16 5.03206e-03 
3410.35 1.49314e-05 5.56870e-01 3.53429e-16 5.04521e-03 
3419.79 1.49948e-05 5.61275e-01 3.73522e-16 5.41196e-03 
3427.40 1.50240e-05 5.64840e-01 3.89324e-16 5.70046e-03 
3430.00 1.50258e-05 5.65773e-01 3.94632e-16 5.79280e-03 
3433.74 1.50193e-05 5.66890e-01 4.02174e-16 5.91906e-03 
3444.54 1.49537e-05 5.70090e-01 4.23179e-16 6.25561e-03 
3447.70 1.49257e-05 5.71424e-01 4.29113e-16 6.35210e-03 
3450.00 1.49040e-05 5.72515e-01 4.33339e-16 6.42186e-03 
3461.67 1.47870e-05 5.78441e-01 4.53801e-16 6.76416e-03 
3461.76 1.47861e-05 5.78480e-01 4.53943e-16 6.76651e-03 
3470.00 1.47050e-05 5.81781e-01 4.67233e-16 6.98251e-03 
3475.65 1.46569e-05 5.83747e-01 4.75742e-16 7.12194e-03 
3479.07 1.46370e-05 5.84950e-01 4.80636e-16 7.20731e-03 
3489.64 1.46629e-05 5.89005e-01 4.94505e-16 7.50259e-03 
3490.00 1.46670e-05 5.89147e-01 4.94947e-16 7.51402e-03 
3496.46 1.47723e-05 5.91590e-01 5.02394e-16 7.72798e-03 
3503.63 1.49060e-05 5.94029e-01 5.09729e-16 7.96068e-03 
3510.00 1.49706e-05 5.96091e-01 5.15408e-16 8.12707e-03 
3513.95 1.49623e-05 5.97400e-01 5.18519e-16 8.19871e-03 
3517.63 1.49319e-05 5.98682e-01 5.21141e-16 8.24975e-03 
3530.00 1.48861e-05 6.03192e-01 5.27901e-16 8.42341e-03 
3531.51 1.49060e-05 6.03740e-01 5.28511e-16 8.45571e-03 
3531.64 1.49080e-05 6.03785e-01 5.28560e-16 8.45856e-03 
3545.66 1.52054e-05 6.08613e-01 5.31897e-16 8.78595e-03 
3549.17 1.52210e-05 6.09770e-01 5.32093e-16 8.82365e-03 
3550.00 1.52162e-05 6.10040e-01 5.32102e-16 8.82699e-03 
3559.69 1.49498e-05 6.13133e-01 5.31163e-16 8.72474e-03 
3566.92 1.46622e-05 6.15330e-01 5.29223e-16 8.57359e-03 
3570.00 1.45651e-05 6.16229e-01 5.28081e-16 8.51817e-03 
3573.72 1.44892e-05 6.17281e-01 5.26454e-16 8.47093e-03 
3584.75 1.44478e-05 6.20150e-01 5.20086e-16 8.40922e-03 
3587.76 1.44562e-05 6.20864e-01 5.17956e-16 8.39633e-03 
3590.00 1.44607e-05 6.21385e-01 5.16271e-16 8.38389e-03 
3601.82 1.44549e-05 6.24418e-01 5.05926e-16 8.27983e-03 
3602.68 1.44560e-05 6.24680e-01 5.05082e-16 8.27211e-03 
3610.00 1.45019e-05 6.27208e-01 4.97422e-16 8.22228e-03 
3615.88 1.45932e-05 6.29535e-01 4.90686e-16 8.20558e-03 
3620.69 1.46629e-05 6.31560e-01 4.84798e-16 8.18292e-03 
3629.94 1.46178e-05 6.35529e-01 4.72606e-16 8.02305e-03 
3630.00 1.46163e-05 6.35553e-01 4.72530e-16 8.02139e-03 
3638.79 1.44020e-05 6.39100e-01 4.59969e-16 7.75534e-03 
3640.00 1.44176e-05 6.39550e-01 4.58178e-16 7.74152e-03 
3644.02 1.46031e-05 6.40980e-01 4.52096e-16 7.76291e-03 
3650.00 1.50038e-05 6.42959e-01 4.42760e-16 7.84815e-03 
3656.99 1.52046e-05 6.45160e-01 4.31439e-16 7.79129e-03 
3658.11 1.52062e-05 6.45510e-01 4.29588e-16 7.76526e-03 
3670.00 1.48859e-05 6.49237e-01 4.09362e-16 7.30928e-03 
3672.20 1.47873e-05 6.49921e-01 4.05521e-16 7.20465e-03 
3675.27 1.46461e-05 6.50870e-01 4.00113e-16 7.05688e-03 
3686.30 1.42659e-05 6.54213e-01 3.80335e-16 6.58718e-03 
3690.00 1.42441e-05 6.55320e-01 3.73601e-16 6.47810e-03 
3693.65 1.42975e-05 6.56410e-01 3.66918e-16 6.40300e-03 
3700.41 1.45071e-05 6.58428e-01 3.54453e-16 6.30696e-03 
3710.00 1.47080e-05 6.61276e-01 3.36683e-16 6.11580e-03 
3712.12 1.46902e-05 6.61900e-01 3.32753e-16 6.04626e-03 
3714.53 1.46475e-05 6.62610e-01 3.28274e-16 5.95779e-03 
3728.66 1.48387e-05 6.66718e-01 3.02166e-16 5.61127e-03 
3730.00 1.49743e-05 6.67105e-01 2.99703e-16 5.62166e-03 
3730.68 1.50550e-05 6.67300e-01 2.98461e-16 5.63120e-03 
3742.79 1.73142e-05 6.70763e-01 2.76460e-16 6.04956e-03 
3749.33 1.84869e-05 6.72600e-01 2.64793e-16 6.21446e-03 
3750.00 1.85778e-05 6.72786e-01 2.63609e-16 6.21994e-03 
3756.94 1.91667e-05 6.74691e-01 2.51442e-16 6.14960e-03 
3768.08 1.97055e-05 6.77570e-01 2.32392e-16 5.88580e-03 
3770.00 1.98743e-05 6.78035e-01 2.29172e-16 5.86097e-03 
3771.09 1.99913e-05 6.78293e-01 2.27356e-16 5.85267e-03 
3785.25 2.28704e-05 6.81460e-01 2.04399e-16 6.07031e-03 
3786.92 2.33619e-05 6.81820e-01 2.01778e-16 6.12718e-03 
3790.00 2.43461e-05 6.82486e-01 1.96982e-16 6.24472e-03 
3799.42 2.74619e-05 6.84640e-01 1.82724e-16 6.57097e-03 
3805.85 2.86222e-05 6.86340e-01 1.73342e-16 6.52410e-03 
3810.00 2.84524e-05 6.87582e-01 1.67450e-16 6.28316e-03 
3813.60 2.75748e-05 6.88733e-01 1.62442e-16 5.92270e-03 
3824.88 2.33115e-05 6.92490e-01 1.47350e-16 4.58011e-03 
3827.78 2.26510e-05 6.93427e-01 1.43624e-16 4.34697e-03 
3830.00 2.24712e-05 6.94127e-01 1.40819e-16 4.23496e-03 
3841.98 2.65102e-05 6.97695e-01 1.26305e-16 4.51833e-03 
3844.01 2.77364e-05 6.98270e-01 1.23954e-16 4.64558e-03 
3850.00 3.16237e-05 6.99928e-01 1.17186e-16 5.02721e-03 
3856.18 3.52695e-05 7.01586e-01 1.10489e-16 5.30737e-03 
3863.23 3.74316e-05 7.03430e-01 1.03197e-16 5.28446e-03 
3870.00 3.58291e-05 7.05172e-01 9.65276e-17 4.75135e-03 
3870.39 3.55905e-05 7.05272e-01 9.61519e-17 4.70247e-03 
3882.54 2.41998e-05 7.08340e-01 8.50391e-17 2.84913e-03 
3884.61 2.25400e-05 7.08857e-01 8.32487e-17 2.60112e-03 
3890.00 2.05252e-05 7.10198e-01 7.87232e-17 2.24720e-03 
3898.84 2.59552e-05 7.12378e-01 7.17159e-17 2.60261e-03 
3901.96 2.91500e-05 7.13140e-01 6.93674e-17 2.83253e-03 
3910.00 3.57938e-05 7.15096e-01 6.35838e-17 3.20346e-03 
3913.08 3.65796e-05 7.15840e-01 6.14765e-17 3.17107e-03 
3921.46 3.48281e-05 7.17860e-01 5.60172e-17 2.76479e-03 
3927.32 3.29747e-05 7.19268e-01 5.24440e-17 2.45916e-03 
3930.00 3.26902e-05 7.19912e-01 5.08741e-17 2.36869e-03 
3941.07 3.57266e-05 7.22590e-01 4.47879e-17 2.29394e-03 
3941.58 3.58769e-05 7.22713e-01 4.45258e-17 2.29079e-03 
3950.00 3.56292e-05 7.24758e-01 4.03335e-17 2.07102e-03 
3955.84 3.09348e-05 7.26127e-01 3.76265e-17 1.68312e-03 
3960.78 2.55731e-05 7.27220e-01 3.54583e-17 1.31483e-03 
3970.00 1.90904e-05 7.29090e-01 3.16930e-17 8.81604e-04 
3970.11 1.90798e-05 7.29112e-01 3.16503e-17 8.79977e-04 
3980.58 2.53538e-05 7.31240e-01 2.77997e-17 1.03279e-03 
3984.39 2.94984e-05 7.32087e-01 2.65033e-17 1.14801e-03 
3990.00 3.51146e-05 7.33406e-01 2.46887e-17 1.27711e-03 
3998.68 3.96377e-05 7.35520e-01 2.20951e-17 1.29670e-03 
4000.48 4.00412e-05 7.35960e-01 2.15860e-17 1.28106e-03 
4010.00 4.06538e-05 7.38226e-01 1.90713e-17 1.15541e-03 
4012.97 4.06855e-05 7.38920e-01 1.83401e-17 1.11385e-03 
4020.49 4.07970e-05 7.40650e-01 1.66022e-17 1.01533e-03 
4027.28 4.08687e-05 7.42195e-01 1.51583e-17 9.32169e-04 
4030.00 4.08719e-05 7.42808e-01 1.46120e-17 8.99994e-04 
4040.59 4.06901e-05 7.45170e-01 1.26493e-17 7.80149e-04 
4041.59 4.06582e-05 7.45391e-01 1.24761e-17 7.69284e-04 
4050.00 4.03063e-05 7.47230e-01 1.11069e-17 6.82023e-04 
4055.92 3.99485e-05 7.48507e-01 1.02263e-17 6.24349e-04 
4060.79 3.94770e-05 7.49550e-01 9.54820e-18 5.77565e-04 
4070.00 3.77701e-05 7.51495e-01 8.37787e-18 4.87221e-04 
4070.25 3.77049e-05 7.51547e-01 8.34846e-18 4.84735e-04 
4081.10 3.37382e-05 7.53810e-01 7.14144e-18 3.73138e-04 
4084.59 3.20500e-05 7.54533e-01 6.78851e-18 3.37561e-04 
4090.00 2.90878e-05 7.55652e-01 6.27232e-18 2.83862e-04 
4098.93 2.40262e-05 7.57486e-01 5.49866e-18 2.06496e-04 
4101.50 2.29336e-05 7.58010e-01 5.29306e-18 1.89985e-04 
4110.00 2.21786e-05 7.59737e-01 4.66206e-18 1.62533e-04 
4113.29 2.34915e-05 7.60404e-01 4.43696e-18 1.64117e-04 
4122.01 2.98477e-05 7.62170e-01 3.88810e-18 1.83540e-04 
4127.66 3.42547e-05 7.63315e-01 3.56694e-18 1.93797e-04 
4130.00 3.57280e-05 7.63787e-01 3.44096e-18 1.95224e-04 
4142.03 3.87311e-05 7.66130e-01 2.85705e-18 1.76773e-04 
4142.62 3.87447e-05 7.66240e-01 2.83095e-18 1.75270e-04 
4150.00 3.85777e-05 7.67572e-01 2.52248e-18 1.56047e-04 
4156.41 3.85156e-05 7.68700e-01 2.28027e-18 1.41261e-04 
4163.33 3.86021e-05 7.69940e-01 2.04334e-18 1.27284e-04 
4170.00 3.86538e-05 7.71193e-01 1.83706e-18 1.14957e-04 
4170.80 3.86493e-05 7.71347e-01 1.81357e-18 1.13519e-04 
4184.15 3.83388e-05 7.73960e-01 1.46229e-18 9.13946e-05 
4185.20 3.83128e-05 7.74167e-01 1.43746e-18 8.98287e-05 
4190.00 3.82330e-05 7.75104e-01 1.32941e-18 8.30990e-05 
4199.61 3.82717e-05 7.76959e-01 1.13556e-18 7.13868e-05 
4205.07 3.82765e-05 7.78000e-01 1.03769e-18 6.54148e-05 
4210.00 3.81711e-05 7.78932e-01 9.56202e-19 6.02544e-05 
4214.03 3.79724e-05 7.79688e-01 8.94157e-19 5.61595e-05 
4226.10 3.71966e-05 7.81910e-01 7.30368e-19 4.51923e-05 
4228.45 3.70973e-05 7.82337e-01 7.01870e-19 4.33608e-05 
4230.00 3.70543e-05 7.82614e-01 6.83779e-19 4.22247e-05 
4242.89 3.71619e-05 7.84890e-01 5.49282e-19 3.42206e-05 
4247.23 3.71598e-05 7.85640e-01 5.10009e-19 3.18349e-05 
4250.00 3.70839e-05 7.86116e-01 4.86308e-19 3.03317e-05 
4257.33 3.65658e-05 7.87368e-01 4.28653e-19 2.64496e-05 
4268.46 3.56500e-05 7.89280e-01 3.53504e-19 2.13737e-05 
4270.00 3.55832e-05 7.89548e-01 3.44175e-19 2.07852e-05 
4271.78 3.55374e-05 7.89860e-01 3.33653e-19 2.01402e-05 
4286.24 3.56643e-05 7.92414e-01 2.59130e-19 1.58017e-05 
4289.80 3.55800e-05 7.93040e-01 2.43434e-19 1.48335e-05 
4290.00 3.55714e-05 7.93074e-01 2.42597e-19 1.47802e-05 
4300.71 3.43688e-05 7.94926e-01 2.00914e-19 1.18841e-05 
4310.00 3.21386e-05 7.96492e-01 1.70567e-19 9.47338e-06 
4311.25 3.17516e-05 7.96700e-01 1.66840e-19 9.15981e-06 
4315.19 3.04158e-05 7.97350e-01 1.55645e-19 8.19988e-06 
4329.68 2.45699e-05 7.99710e-01 1.20632e-19 5.16628e-06 
4330.00 2.44341e-05 7.99763e-01 1.19954e-19 5.10957e-06 
4332.81 2.32650e-05 8.00220e-01 1.14198e-19 4.63726e-06 
4344.17 2.01992e-05 8.02078e-01 9.37287e-20 3.32089e-06 
4350.00 2.08186e-05 8.03027e-01 8.48064e-20 3.10472e-06 
4354.47 2.27315e-05 8.03750e-01 7.85986e-20 3.14791e-06 
4358.68 2.53032e-05 8.04422e-01 7.32339e-20 3.27077e-06 
4370.00 3.22211e-05 8.06189e-01 6.08212e-20 3.47565e-06 
4373.19 3.33009e-05 8.06673e-01 5.78079e-20 3.41871e-06 
4376.25 3.38886e-05 8.07130e-01 5.51045e-20 3.32054e-06 
4387.71 3.38207e-05 8.08787e-01 4.64028e-20 2.80364e-06 
4390.00 3.36675e-05 8.09107e-01 4.49171e-20 2.70406e-06 
4398.13 3.34136e-05 8.10220e-01 4.02406e-20 2.41203e-06 
4402.24 3.33993e-05 8.10766e-01 3.82056e-20 2.29276e-06 
4410.00 3.33921e-05 8.11705e-01 3.49217e-20 2.10135e-06 
4416.78 3.32719e-05 8.12345e-01 3.25924e-20 1.95868e-06 
4420.12 3.31921e-05 8.12570e-01 3.16171e-20 1.89747e-06 
4430.00 3.30592e-05 8.12944e-01 2.93330e-20 1.75808e-06 
4431.33 3.30681e-05 8.12988e-01 2.90906e-20 1.74463e-06 
4442.22 3.33363e-05 8.13660e-01 2.76374e-20 1.67641e-06 
4445.89 3.34456e-05 8.14115e-01 2.73491e-20 1.66667e-06 
4450.00 3.35377e-05 8.14767e-01 2.71388e-20 1.66127e-06 
4460.45 3.35311e-05 8.16850e-01 2.71136e-20 1.66755e-06 
4464.43 3.34497e-05 8.17710e-01 2.72860e-20 1.67734e-06 
4470.00 3.32805e-05 8.18897e-01 2.76883e-20 1.69804e-06 
4475.03 3.30919e-05 8.19939e-01 2.82076e-20 1.72421e-06 
4486.75 3.27912e-05 8.22240e-01 2.99720e-20 1.82527e-06 
4489.61 3.28037e-05 8.22769e-01 3.05166e-20 1.86153e-06 
4490.00 3.28093e-05 8.22840e-01 3.05943e-20 1.86691e-06 
4504.20 3.33321e-05 8.25278e-01 3.39762e-20 2.11923e-06 
4509.19 3.34191e-05 8.26070e-01 3.54151e-20 2.21933e-06 
4510.00 3.34163e-05 8.26197e-01 3.56629e-20 2.23542e-06 
4518.80 3.30737e-05 8.27519e-01 3.85620e-20 2.40086e-06 
4530.00 3.22554e-05 8.29103e-01 4.28432e-20 2.61285e-06 
4531.73 3.21370e-05 8.29340e-01 4.35651e-20 2.64889e-06 
4533.41 3.20305e-05 8.29569e-01 4.42819e-20 2.68529e-06 
4548.03 3.16196e-05 8.31485e-01 5.11703e-20 3.08017e-06 
4550.00 3.16574e-05 8.31731e-01 5.21898e-20 3.14759e-06 
4554.39 3.18273e-05 8.32270e-01 5.45430e-20 3.31251e-06 
4562.66 3.22482e-05 8.33243e-01 5.92824e-20 3.65885e-06 
4570.00 3.23838e-05 8.34069e-01 6.38353e-20 3.96671e-06 
4577.16 3.20632e-05 8.34850e-01 6.85995e-20 4.23112e-06 
4577.29 3.20544e-05 8.34864e-01 6.86909e-20 4.23580e-06 
4590.00 3.13243e-05 8.36220e-01 7.79709e-20 4.71923e-06 
4591.94 3.13059e-05 8.36428e-01 7.94826e-20 4.81112e-06 
4600.05 3.14999e-05 8.37310e-01 8.60842e-20 5.25780e-06 
4606.59 3.17109e-05 8.38048e-01 9.17554e-20 5.65474e-06 
4610.00 3.17383e-05 8.38443e-01 9.48307e-20 5.85638e-06 
4621.26 3.12736e-05 8.39805e-01 1.05617e-19 6.45315e-06 
4623.05 3.11671e-05 8.40030e-01 1.07424e-19 6.54551e-06 
4630.00 3.08322e-05 8.40925e-01 1.14681e-19 6.93037e-06 
4635.93 3.07517e-05 8.41705e-01 1.21181e-19 7.32019e-06 
4646.16 3.08972e-05 8.43050e-01 1.33104e-19 8.10930e-06 
4650.00 3.09628e-05 8.43544e-01 1.37810e-19 8.42571e-06 
4650.61 3.09708e-05 8.43621e-01 1.38569e-19 8.47614e-06 
4665.30 3.08955e-05 8.45270e-01 1.57906e-19 9.68481e-06 
4669.39 3.07794e-05 8.45620e-01 1.63660e-19 1.00129e-05 
4670.00 3.07586e-05 8.45666e-01 1.64525e-19 1.00609e-05 
4680.00 3.02846e-05 8.46264e-01 1.79321e-19 1.08275e-05 
4690.00 2.95919e-05 8.46712e-01 1.95144e-19 1.15441e-05 
4692.74 2.93713e-05 8.46840e-01 1.99662e-19 1.17319e-05 
4694.70 2.92123e-05 8.46938e-01 2.02947e-19 1.18667e-05 
4709.42 2.84899e-05 8.47852e-01 2.28919e-19 1.31094e-05 
4710.00 2.84944e-05 8.47894e-01 2.29992e-19 1.31752e-05 
4716.20 2.87314e-05 8.48370e-01 2.41714e-19 1.39882e-05 
4724.15 2.92865e-05 8.49014e-01 2.57374e-19 1.52193e-05 
4730.00 2.96284e-05 8.49421e-01 2.69404e-19 1.61443e-05 
4738.88 2.97365e-05 8.49737e-01 2.88455e-19 1.73881e-05 
4739.79 2.97246e-05 8.49740e-01 2.90454e-19 1.75050e-05 
4750.00 2.94499e-05 8.49455e-01 3.13724e-19 1.87667e-05 
4753.62 2.93376e-05 8.49313e-01 3.22303e-19 1.92179e-05 
4763.48 2.90661e-05 8.49240e-01 3.46551e-19 2.05132e-05 
4768.37 2.89532e-05 8.49529e-01 3.59069e-19 2.12005e-05 
4770.00 2.89194e-05 8.49675e-01 3.63303e-19 2.14365e-05 
4783.14 2.86657e-05 8.51568e-01 3.98905e-19 2.34470e-05 
4787.30 2.85628e-05 8.52350e-01 4.10721e-19 2.40980e-05 
4790.00 2.84822e-05 8.52882e-01 4.18512e-19 2.45149e-05 
4797.91 2.81802e-05 8.54505e-01 4.41973e-19 2.57057e-05 
4810.00 2.76718e-05 8.56988e-01 4.79741e-19 2.75478e-05 
4811.24 2.76259e-05 8.57230e-01 4.83739e-19 2.77463e-05 
4812.68 2.75729e-05 8.57508e-01 4.88440e-19 2.79796e-05 
4827.47 2.64357e-05 8.60001e-01 5.38489e-19 2.97516e-05 
4830.00 2.60113e-05 8.60355e-01 5.47411e-19 2.97868e-05 
4835.29 2.48054e-05 8.61020e-01 5.66461e-19 2.94493e-05 
4842.27 2.26955e-05 8.61741e-01 5.92312e-19 2.82383e-05 
4850.00 1.99383e-05 8.62425e-01 6.21987e-19 2.61129e-05 
4857.08 1.74317e-05 8.63051e-01 6.50121e-19 2.39149e-05 
4859.47 1.67426e-05 8.63280e-01 6.59859e-19 2.33313e-05 
4870.00 1.59879e-05 8.64426e-01 7.03989e-19 2.38527e-05 
4871.89 1.64047e-05 8.64644e-01 7.12146e-19 2.47740e-05 
4883.77 2.15768e-05 8.65960e-01 7.65059e-19 3.51446e-05 
4886.71 2.29611e-05 8.66248e-01 7.78642e-19 3.80990e-05 
4890.00 2.42569e-05 8.66550e-01 7.94005e-19 4.10851e-05 
4901.55 2.60807e-05 8.67530e-01 8.49889e-19 4.74485e-05 
4908.19 2.60092e-05 8.68110e-01 8.83383e-19 4.92828e-05 
4910.00 2.59546e-05 8.68279e-01 8.92708e-19 4.97265e-05 
4916.39 2.58202e-05 8.68910e-01 9.26199e-19 5.14291e-05 
4930.00 2.58180e-05 8.70357e-01 1.00087e-18 5.58175e-05 
4931.24 2.58333e-05 8.70491e-01 1.00792e-18 5.62664e-05 
4932.73 2.58542e-05 8.70650e-01 1.01641e-18 5.68138e-05 
4946.10 2.61168e-05 8.72003e-01 1.09543e-18 6.21170e-05 
4950.00 2.61968e-05 8.72353e-01 1.11940e-18 6.37459e-05 
4957.39 2.63162e-05 8.72930e-01 1.16602e-18 6.68475e-05 
4960.97 2.63470e-05 8.73162e-01 1.18917e-18 6.83221e-05 
4970.00 2.62998e-05 8.73653e-01 1.24930e-18 7.18186e-05 
4975.85 2.61489e-05 8.73944e-01 1.28961e-18 7.38219e-05 
4982.18 2.58948e-05 8.74280e-01 1.33447e-18 7.57727e-05 
4990.00 2.54944e-05 8.74721e-01 1.39175e-18 7.79650e-05 
4990.74 2.54537e-05 8.74755e-01 1.39726e-18 7.81630e-05 
5005.63 2.47737e-05 8.74550e-01 1.51270e-18 8.25866e-05 
5007.09 2.47457e-05 8.74390e-01 1.52442e-18 8.31414e-05 
5010.00 2.47245e-05 8.73972e-01 1.54809e-18 8.43688e-05 
5020.54 2.49671e-05 8.71600e-01 1.63655e-18 9.00096e-05 
5030.00 2.51698e-05 8.68838e-01 1.71980e-18 9.52329e-05 
5032.12 2.51575e-05 8.68200e-01 1.73901e-18 9.62196e-05 
5035.45 2.50935e-05 8.67219e-01 1.76950e-18 9.76119e-05 
5050.00 2.46880e-05 8.63871e-01 1.90855e-18 1.03479e-04 
5050.38 2.46849e-05 8.63818e-01 1.91229e-18 1.03670e-04 
5057.29 2.47342e-05 8.63280e-01 1.98189e-18 1.07738e-04 
5065.31 2.48954e-05 8.63820e-01 2.06569e-18 1.13276e-04 
5070.00 2.49469e-05 8.64642e-01 2.11616e-18 1.16502e-04 
5080.25 2.48131e-05 8.67388e-01 2.23056e-18 1.22777e-04 
5082.57 2.47581e-05 8.68140e-01 2.25722e-18 1.24133e-04 
5090.00 2.46011e-05 8.70729e-01 2.34465e-18 1.28693e-04 
5095.20 2.45502e-05 8.72612e-01 2.40779e-18 1.32306e-04 
5107.98 2.45044e-05 8.76910e-01 2.56969e-18 1.41988e-04 
5110.00 2.44849e-05 8.77488e-01 2.59613e-18 1.43487e-04 
5110.17 2.44830e-05 8.77534e-01 2.59831e-18 1.43608e-04 
5125.13 2.41463e-05 8.80868e-01 2.80311e-18 1.53827e-04 
5130.00 2.40121e-05 8.81670e-01 2.87289e-18 1.57071e-04 
5133.52 2.39214e-05 8.82190e-01 2.92446e-18 1.59490e-04 
5140.11 2.37625e-05 8.83052e-01 3.02321e-18 1.64151e-04 
5150.00 2.35179e-05 8.84115e-01 3.17730e-18 1.71275e-04 
5155.10 2.33754e-05 8.84571e-01 3.25966e-18 1.74914e-04 
5159.19 2.32571e-05 8.84900e-01 3.32715e-18 1.77839e-04 
5170.00 2.29702e-05 8.85641e-01 3.51180e-18 1.85937e-04 
5170.10 2.29679e-05 8.85647e-01 3.51353e-18 1.86015e-04 
5184.99 2.27576e-05 8.86500e-01 3.78370e-18 1.99248e-04 
5185.11 2.27571e-05 8.86506e-01 3.78589e-18 1.99364e-04 
5190.00 2.27519e-05 8.86777e-01 3.87888e-18 2.04469e-04 
5200.12 2.28154e-05 8.87300e-01 4.07783e-18 2.16105e-04 
5210.00 2.27983e-05 8.87693e-01 4.28100e-18 2.27233e-04 
5210.91 2.27849e-05 8.87720e-01 4.30024e-18 2.28167e-04 
5215.15 2.26986e-05 8.87825e-01 4.39042e-18 2.32286e-04 
5230.00 2.24878e-05 8.87940e-01 4.72058e-18 2.48171e-04 
5230.18 2.24898e-05 8.87940e-01 4.72471e-18 2.48419e-04 
5236.97 2.26553e-05 8.87890e-01 4.88296e-18 2.58950e-04 
5245.22 2.28431e-05 8.87774e-01 5.08171e-18 2.72117e-04 
5250.00 2.27866e-05 8.87694e-01 5.19993e-18 2.77986e-04 
5260.28 2.21206e-05 8.87527e-01 5.46237e-18 2.83982e-04 
5263.15 2.19023e-05 8.87490e-01 5.53788e-18 2.85211e-04 
5270.00 2.15605e-05 8.87429e-01 5.72118e-18 2.90410e-04 
5275.34 2.15901e-05 8.87405e-01 5.86761e-18 2.98546e-04 
5289.47 2.22077e-05 8.87410e-01 6.27064e-18 3.29059e-04 
5290.00 2.22235e-05 8.87411e-01 6.28623e-18 3.30146e-04 
5290.41 2.22344e-05 8.87413e-01 6.29823e-18 3.30966e-04 
5305.49 2.20634e-05 8.87551e-01 6.75498e-18 3.53296e-04 
5310.00 2.18717e-05 8.87658e-01 6.89674e-18 3.57924e-04 
5315.92 2.15938e-05 8.87870e-01 7.08623e-18 3.63577e-04 
5320.58 2.13940e-05 8.88104e-01 7.23846e-18 3.68371e-04 
5330.00 2.11905e-05 8.88720e-01 7.55399e-18 3.81710e-04 
5335.68 2.12660e-05 8.89151e-01 7.74919e-18 3.93577e-04 
5342.50 2.14630e-05 8.89690e-01 7.98876e-18 4.10276e-04 
5350.00 2.16276e-05 8.90281e-01 8.25889e-18 4.28286e-04 
5350.78 2.16332e-05 8.90343e-01 8.28753e-18 4.29976e-04 
5365.90 2.13974e-05 8.91579e-01 8.85370e-18 4.56260e-04 
5369.21 2.13255e-05 8.91870e-01 8.98117e-18 4.61708e-04 
5370.00 2.13108e-05 8.91941e-01 9.01190e-18 4.63073e-04 
5381.03 2.11946e-05 8.92800e-01 9.44776e-18 4.84281e-04 
5390.00 2.10974e-05 8.92869e-01 9.81303e-18 5.01571e-04 
5396.05 2.09656e-05 8.92310e-01 1.00649e-17 5.11487e-04 
5396.17 2.09628e-05 8.92294e-01 1.00696e-17 5.11657e-04 
5410.00 2.06511e-05 8.89240e-01 1.06617e-17 5.33223e-04 
5411.31 2.06363e-05 8.88922e-01 1.07190e-17 5.35641e-04 
5423.03 2.06344e-05 8.86940e-01 1.12399e-17 5.61586e-04 
5426.47 2.06568e-05 8.86860e-01 1.13953e-17 5.70277e-04 
5430.00 2.06791e-05 8.87018e-01 1.15569e-17 5.79467e-04 
5441.63 2.07015e-05 8.88510e-01 1.20981e-17 6.09585e-04 
5450.00 2.06573e-05 8.89596e-01 1.24969e-17 6.30067e-04 
5450.15 2.06560e-05 8.89610e-01 1.25040e-17 6.30416e-04 
5456.80 2.05827e-05 8.89965e-01 1.28264e-17 6.45420e-04 
5470.00 2.04159e-05 8.90062e-01 1.34794e-17 6.74482e-04 
5471.99 2.03965e-05 8.90113e-01 1.35791e-17 6.79111e-04 
5477.40 2.03545e-05 8.90430e-01 1.38532e-17 6.92320e-04 
5487.18 2.03024e-05 8.91807e-01 1.43551e-17 7.17956e-04 
5490.00 2.02889e-05 8.92334e-01 1.45017e-17 7.25604e-04 
5502.38 2.02089e-05 8.94722e-01 1.51528e-17 7.58925e-04 
5504.79 2.01861e-05 8.95120e-01 1.52811e-17 7.65158e-04 
5510.00 2.01245e-05 8.95829e-01 1.55603e-17 7.78110e-04 
5517.59 2.00072e-05 8.96552e-01 1.59707e-17 7.95715e-04 
5530.00 1.98481e-05 8.97263e-01 1.66512e-17 8.25528e-04 
5532.31 1.98364e-05 8.97370e-01 1.67791e-17 8.31827e-04 
5532.81 1.98347e-05 8.97393e-01 1.68068e-17 8.33224e-04 
5548.04 1.98192e-05 8.98066e-01 1.76592e-17 8.77864e-04 
5550.00 1.98073e-05 8.98139e-01 1.77699e-17 8.83227e-04 
5559.97 1.96743e-05 8.98420e-01 1.83367e-17 9.07184e-04 
5563.28 1.96148e-05 8.98469e-01 1.85257e-17 9.14355e-04 
5570.00 1.94944e-05 8.98504e-01 1.89115e-17 9.28825e-04 
5578.53 1.93735e-05 8.98442e-01 1.94039e-17 9.48484e-04 
5587.77 1.92835e-05 8.98280e-01 1.99407e-17 9.71632e-04 
5590.00 1.92671e-05 8.98231e-01 2.00705e-17 9.77455e-04 
5593.79 1.92429e-05 8.98139e-01 2.02913e-17 9.87538e-04 
5609.05 1.91834e-05 8.97652e-01 2.11854e-17 1.03011e-03 
5610.00 1.91811e-05 8.97615e-01 2.12410e-17 1.03282e-03 
5615.71 1.91689e-05 8.97370e-01 2.15765e-17 1.04925e-03 
5624.33 1.91446e-05 8.96954e-01 2.20833e-17 1.07368e-03 
5630.00 1.91158e-05 8.96696e-01 2.24169e-17 1.08904e-03 
5639.62 1.90306e-05 8.96403e-01 2.29822e-17 1.11307e-03 
5643.79 1.89806e-05 8.96370e-01 2.32274e-17 1.12277e-03 
5650.00 1.88939e-05 8.96412e-01 2.35917e-17 1.13647e-03 
5654.91 1.88176e-05 8.96380e-01 2.38792e-17 1.14664e-03 
5670.00 1.86227e-05 8.94350e-01 2.47588e-17 1.17702e-03 
5670.22 1.86211e-05 8.94286e-01 2.47713e-17 1.17748e-03 
5672.01 1.86099e-05 8.93710e-01 2.48753e-17 1.18132e-03 
5685.53 1.85728e-05 8.87340e-01 2.56554e-17 1.21015e-03 
5690.00 1.85515e-05 8.85066e-01 2.59114e-17 1.21865e-03 
5700.37 1.84497e-05 8.81190e-01 2.65011e-17 1.23637e-03 
5700.86 1.84444e-05 8.81088e-01 2.65286e-17 1.23726e-03 
5710.00 1.83705e-05 8.80543e-01 2.70428e-17 1.25743e-03 
5716.19 1.83664e-05 8.81137e-01 2.73876e-17 1.27541e-03 
5728.87 1.83673e-05 8.82490e-01 2.80848e-17 1.31286e-03 
5730.00 1.83604e-05 8.82513e-01 2.81463e-17 1.31554e-03 
5731.53 1.83479e-05 8.82506e-01 2.82295e-17 1.31887e-03 
5746.88 1.81236e-05 8.81030e-01 2.90512e-17 1.34200e-03 
5750.00 1.80825e-05 8.80673e-01 2.92151e-17 1.34671e-03 
5757.52 1.80216e-05 8.80190e-01 2.96065e-17 1.36118e-03 
5762.25 1.79994e-05 8.80328e-01 2.98498e-17 1.37202e-03 
5770.00 1.79610e-05 8.81306e-01 3.02430e-17 1.39053e-03 
5777.62 1.78957e-05 8.83042e-01 3.06224e-17 1.40748e-03 
5786.30 1.78044e-05 8.85760e-01 3.10462e-17 1.42619e-03 
5790.00 1.77679e-05 8.87100e-01 3.12237e-17 1.43448e-03 
5793.00 1.77417e-05 8.88238e-01 3.13663e-17 1.44150e-03 
5808.39 1.76427e-05 8.93977e-01 3.20788e-17 1.47941e-03 
5810.00 1.76341e-05 8.94498e-01 3.21513e-17 1.48331e-03 
5815.23 1.76061e-05 8.95990e-01 3.23847e-17 1.49553e-03 
5823.79 1.75526e-05 8.97713e-01 3.27572e-17 1.51326e-03 
5830.00 1.75007e-05 8.98670e-01 3.30205e-17 1.52416e-03 
5839.20 1.74011e-05 9.00226e-01 3.33994e-17 1.53795e-03 
5844.31 1.73464e-05 9.01420e-01 3.36038e-17 1.54590e-03 
5850.00 1.72980e-05 9.03044e-01 3.38263e-17 1.55610e-03 
5854.62 1.72726e-05 9.04058e-01 3.40029e-17 1.56492e-03 
5870.00 1.71512e-05 8.98397e-01 3.45640e-17 1.57380e-03 
5870.05 1.71504e-05 8.98342e-01 3.45658e-17 1.57372e-03 
5873.53 1.70865e-05 8.93730e-01 3.46870e-17 1.56620e-03 
5885.49 1.68348e-05 8.68022e-01 3.50862e-17 1.51908e-03 
5890.00 1.67772e-05 8.56801e-01 3.52299e-17 1.50159e-03 
5900.94 1.67927e-05 8.34291e-01 3.55624e-17 1.48004e-03 
5902.90 1.68065e-05 8.31730e-01 3.56196e-17 1.47958e-03 
5910.00 1.68427e-05 8.27389e-01 3.58204e-17 1.48513e-03 
5916.39 1.68256e-05 8.28452e-01 3.59929e-17 1.49429e-03 
5930.00 1.66936e-05 8.36745e-01 3.63328e-17 1.51502e-03 
5931.86 1.66746e-05 8.37695e-01 3.63765e-17 1.51732e-03 
5932.41 1.66692e-05 8.37940e-01 3.63893e-17 1.51794e-03 
5947.34 1.65493e-05 8.39783e-01 3.67121e-17 1.52757e-03 
5950.00 1.65321e-05 8.39759e-01 3.67649e-17 1.52882e-03 
5962.08 1.64593e-05 8.42160e-01 3.69861e-17 1.53874e-03 
5962.83 1.64546e-05 8.42553e-01 3.69989e-17 1.53974e-03 
5970.00 1.64045e-05 8.47972e-01 3.71149e-17 1.55164e-03 
5978.32 1.63310e-05 8.56946e-01 3.72362e-17 1.56832e-03 
5990.00 1.62053e-05 8.71140e-01 3.73821e-17 1.59132e-03 
5991.89 1.61832e-05 8.73320e-01 3.74030e-17 1.59453e-03 
5993.83 1.61604e-05 8.75477e-01 3.74238e-17 1.59761e-03 
6009.34 1.60016e-05 8.89646e-01 3.75613e-17 1.61761e-03 
6010.00 1.59970e-05 8.90135e-01 3.75660e-17 1.61840e-03 
6021.85 1.59420e-05 8.97670e-01 3.76356e-17 1.63272e-03 
6024.87 1.59318e-05 8.99235e-01 3.76488e-17 1.63591e-03 
6030.00 1.59116e-05 9.01596e-01 3.76667e-17 1.64030e-03 
6040.41 1.58515e-05 9.05379e-01 3.76865e-17 1.64466e-03 
6050.00 1.57942e-05 9.07876e-01 3.76852e-17 1.64578e-03 
6051.96 1.57848e-05 9.08290e-01 3.76826e-17 1.64597e-03 
6055.95 1.57678e-05 9.09050e-01 3.76750e-17 1.64633e-03 
6070.00 1.57025e-05 9.11027e-01 3.76226e-17 1.64461e-03 
6071.50 1.56923e-05 9.11193e-01 3.76147e-17 1.64390e-03 
6082.21 1.56010e-05 9.12260e-01 3.75454e-17 1.63611e-03 
6087.07 1.55553e-05 9.12725e-01 3.75066e-17 1.63177e-03 
6090.00 1.55286e-05 9.13005e-01 3.74809e-17 1.62913e-03 
6102.64 1.54229e-05 9.14200e-01 3.73515e-17 1.61792e-03 
6110.00 1.53561e-05 9.14869e-01 3.72624e-17 1.61018e-03 
6112.63 1.53290e-05 9.15100e-01 3.72281e-17 1.60696e-03 
6118.23 1.52652e-05 9.15578e-01 3.71508e-17 1.59925e-03 
6130.00 1.51075e-05 9.16511e-01 3.69697e-17 1.57964e-03 
6133.82 1.50509e-05 9.16791e-01 3.69056e-17 1.57246e-03 
6143.19 1.49177e-05 9.17430e-01 3.67376e-17 1.55490e-03 
6149.42 1.48483e-05 9.17816e-01 3.66174e-17 1.54482e-03 
6150.00 1.48432e-05 9.17850e-01 3.66060e-17 1.54401e-03 
6165.04 1.47897e-05 9.18671e-01 3.62879e-17 1.53017e-03 
6170.00 1.48002e-05 9.18920e-01 3.61748e-17 1.52813e-03 
6173.91 1.48155e-05 9.19110e-01 3.60830e-17 1.52711e-03 
6180.66 1.48459e-05 9.19425e-01 3.59187e-17 1.52546e-03 
6190.00 1.48638e-05 9.19782e-01 3.56798e-17 1.52002e-03 
6196.29 1.48413e-05 9.19928e-01 3.55116e-17 1.51234e-03 
6204.77 1.47810e-05 9.19950e-01 3.52756e-17 1.49828e-03 
6210.00 1.47402e-05 9.19848e-01 3.51251e-17 1.48885e-03 
6211.93 1.47262e-05 9.19795e-01 3.50685e-17 1.48541e-03 
6227.59 1.45827e-05 9.19460e-01 3.45914e-17 1.45406e-03 
6230.00 1.45454e-05 9.19476e-01 3.45149e-17 1.44772e-03 
6235.80 1.44340e-05 9.19660e-01 3.43283e-17 1.43047e-03 
6243.25 1.42899e-05 9.20148e-01 3.40823e-17 1.40847e-03 
6250.00 1.42171e-05 9.20377e-01 3.38536e-17 1.39375e-03 
6258.92 1.42583e-05 9.19460e-01 3.35434e-17 1.38557e-03 
6266.98 1.43451e-05 9.16520e-01 3.32555e-17 1.37940e-03 
6270.00 1.43669e-05 9.14736e-01 3.31457e-17 1.37492e-03 
6274.60 1.43747e-05 9.11454e-01 3.29767e-17 1.36474e-03 
6290.00 1.42449e-05 8.99740e-01 3.23957e-17 1.31474e-03 
6290.29 1.42412e-05 8.99561e-01 3.23844e-17 1.31374e-03 
6298.31 1.41394e-05 8.96280e-01 3.20727e-17 1.28872e-03 
6305.99 1.40558e-05 8.96693e-01 3.17688e-17 1.27109e-03 
6310.00 1.40250e-05 8.98066e-01 3.16083e-17 1.26463e-03 
6321.71 1.39842e-05 9.04647e-01 3.11319e-17 1.25337e-03 
6329.80 1.39477e-05 9.09680e-01 3.07962e-17 1.24509e-03 
6330.00 1.39463e-05 9.09792e-01 3.07880e-17 1.24483e-03 
6337.43 1.38713e-05 9.13511e-01 3.04760e-17 1.23204e-03 
6350.00 1.37212e-05 9.18039e-01 2.99394e-17 1.20557e-03 
6353.16 1.36939e-05 9.18943e-01 2.98032e-17 1.19947e-03 
6361.45 1.36498e-05 9.21100e-01 2.94425e-17 1.18546e-03 
6368.90 1.36358e-05 9.22935e-01 2.91157e-17 1.17480e-03 
6370.00 1.36351e-05 9.23198e-01 2.90670e-17 1.17332e-03 
6384.65 1.36216e-05 9.26282e-01 2.84155e-17 1.15235e-03 
6390.00 1.35913e-05 9.27131e-01 2.81752e-17 1.14207e-03 
6393.26 1.35606e-05 9.27550e-01 2.80282e-17 1.13464e-03 
6400.41 1.34747e-05 9.28222e-01 2.77047e-17 1.11649e-03 
6410.00 1.33775e-05 9.28940e-01 2.72681e-17 1.09345e-03 
6416.18 1.33566e-05 9.29555e-01 2.69854e-17 1.08218e-03 
6425.23 1.33424e-05 9.31070e-01 2.65698e-17 1.06762e-03 
6430.00 1.33139e-05 9.32246e-01 2.63498e-17 1.05864e-03 
6431.96 1.32938e-05 9.32742e-01 2.62594e-17 1.05430e-03 
6447.75 1.30715e-05 9.33516e-01 2.55287e-17 1.01113e-03 
6450.00 1.30520e-05 9.32712e-01 2.54243e-17 1.00497e-03 
6457.35 1.30347e-05 9.27500e-01 2.50829e-17 9.85761e-04 
6463.55 1.30433e-05 9.19680e-01 2.47950e-17 9.67791e-04 
6470.00 1.30320e-05 9.09380e-01 2.44952e-17 9.45506e-04 
6479.36 1.29318e-05 8.93874e-01 2.40601e-17 9.07168e-04 
6489.64 1.27884e-05 8.81520e-01 2.35827e-17 8.68534e-04 
6490.00 1.27843e-05 8.81255e-01 2.35660e-17 8.67425e-04 
6495.18 1.27362e-05 8.78883e-01 2.33257e-17 8.53733e-04 
6510.00 1.26307e-05 8.83043e-01 2.26400e-17 8.27545e-04 
6511.01 1.26206e-05 8.83698e-01 2.25934e-17 8.25920e-04 
6522.09 1.24306e-05 8.91650e-01 2.20832e-17 8.03636e-04 
6526.85 1.22835e-05 8.94748e-01 2.18646e-17 7.89570e-04 
6530.00 1.21567e-05 8.96580e-01 2.17203e-17 7.78230e-04 
6542.70 1.13000e-05 9.02419e-01 2.11408e-17 7.10047e-04 
6550.00 1.04371e-05 9.04826e-01 2.08096e-17 6.47997e-04 
6554.70 9.72028e-06 9.06080e-01 2.05972e-17 5.98591e-04 
6558.56 9.13229e-06 9.06971e-01 2.04232e-17 5.58507e-04 
6570.00 8.33614e-06 9.09431e-01 1.99105e-17 4.99235e-04 
6574.43 8.72653e-06 9.10556e-01 1.97132e-17 5.18425e-04 
6587.47 1.10294e-05 9.15590e-01 1.91364e-17 6.40852e-04 
6590.00 1.14052e-05 9.16995e-01 1.90254e-17 6.60105e-04 
6590.31 1.14449e-05 9.17177e-01 1.90118e-17 6.62092e-04 
6606.20 1.20692e-05 9.28221e-01 1.83201e-17 6.82548e-04 
6610.00 1.20365e-05 9.30961e-01 1.81563e-17 6.76995e-04 
6620.41 1.20625e-05 9.37490e-01 1.77110e-17 6.67508e-04 
6622.10 1.20772e-05 9.38332e-01 1.76392e-17 6.66379e-04 
6630.00 1.21419e-05 9.41392e-01 1.73053e-17 6.60196e-04 
6638.01 1.21563e-05 9.43332e-01 1.69698e-17 6.50287e-04 
6650.00 1.21081e-05 9.44972e-01 1.64738e-17 6.31005e-04 
6653.51 1.20897e-05 9.45340e-01 1.63300e-17 6.25116e-04 
6653.93 1.20875e-05 9.45384e-01 1.63128e-17 6.24417e-04 
6669.86 1.20183e-05 9.47158e-01 1.56689e-17 5.98889e-04 
6670.00 1.20179e-05 9.47174e-01 1.56634e-17 5.98677e-04 
6685.80 1.19808e-05 9.48919e-01 1.50388e-17 5.75445e-04 
6686.78 1.19781e-05 9.49020e-01 1.50006e-17 5.74003e-04 
6690.00 1.19681e-05 9.49344e-01 1.48752e-17 5.69195e-04 
6701.75 1.19152e-05 9.50402e-01 1.44229e-17 5.51028e-04 
6710.00 1.18755e-05 9.51014e-01 1.41104e-17 5.38299e-04 
6717.71 1.18449e-05 9.51475e-01 1.38219e-17 5.26795e-04 
6720.21 1.18351e-05 9.51600e-01 1.37291e-17 5.23085e-04 
6730.00 1.17855e-05 9.51995e-01 1.33697e-17 5.08208e-04 
6733.68 1.17593e-05 9.52128e-01 1.32360e-17 5.02355e-04 
6749.66 1.16477e-05 9.52898e-01 1.26656e-17 4.77661e-04 
6750.00 1.16463e-05 9.52921e-01 1.26538e-17 4.77192e-04 
6753.81 1.16352e-05 9.53210e-01 1.25201e-17 4.72111e-04 
6765.65 1.16261e-05 9.54317e-01 1.21111e-17 4.57659e-04 
6770.00 1.16192e-05 9.54666e-01 1.19631e-17 4.52257e-04 
6781.65 1.15665e-05 9.54910e-01 1.15725e-17 4.36366e-04 
6787.58 1.15313e-05 9.54410e-01 1.13772e-17 4.27846e-04 
6790.00 1.15176e-05 9.54050e-01 1.12981e-17 4.24360e-04 
6797.66 1.14796e-05 9.52613e-01 1.10501e-17 4.13519e-04 
6810.00 1.14225e-05 9.51386e-01 1.06590e-17 3.97104e-04 
6813.69 1.14029e-05 9.51793e-01 1.05440e-17 3.92527e-04 
6821.52 1.13578e-05 9.54630e-01 1.03025e-17 3.83599e-04 
6829.72 1.13109e-05 9.60428e-01 1.00541e-17 3.75520e-04 
6830.00 1.13094e-05 9.60640e-01 1.00456e-17 3.75251e-04 
6845.76 1.12363e-05 9.64898e-01 9.58052e-18 3.57964e-04 
6850.00 1.12200e-05 9.61034e-01 9.45808e-18 3.51681e-04 
6855.63 1.11998e-05 9.50580e-01 9.29737e-18 3.41610e-04 
6861.81 1.11784e-05 9.31386e-01 9.12316e-18 3.28108e-04 
6870.00 1.11485e-05 8.98590e-01 8.89614e-18 3.08219e-04 
6877.87 1.11160e-05 8.66752e-01 8.68192e-18 2.89624e-04 
6889.91 1.10616e-05 8.35690e-01 8.36198e-18 2.68107e-04 
6890.00 1.10612e-05 8.35593e-01 8.35953e-18 2.67990e-04 
6893.94 1.10431e-05 8.33880e-01 8.25666e-18 2.63869e-04 
6910.00 1.09679e-05 8.56831e-01 7.84787e-18 2.56551e-04 
6910.03 1.09678e-05 8.56885e-01 7.84721e-18 2.56544e-04 
6924.36 1.08980e-05 8.76740e-01 7.49575e-18 2.49653e-04 
6926.12 1.08898e-05 8.76657e-01 7.45337e-18 2.48094e-04 
6930.00 1.08725e-05 8.74138e-01 7.36072e-18 2.44053e-04 
6942.22 1.08226e-05 8.53828e-01 7.07488e-18 2.28477e-04 
6950.00 1.07892e-05 8.40187e-01 6.89756e-18 2.18761e-04 
6958.33 1.07485e-05 8.34249e-01 6.71150e-18 2.10809e-04 
6958.98 1.07453e-05 8.34400e-01 6.69731e-18 2.10359e-04 
6970.00 1.06966e-05 8.50395e-01 6.45782e-18 2.06115e-04 
6974.46 1.06825e-05 8.61427e-01 6.36294e-18 2.05580e-04 
6990.00 1.06218e-05 8.97573e-01 6.04086e-18 2.02660e-04 
6990.59 1.06180e-05 8.98409e-01 6.02888e-18 2.02391e-04 
6993.77 1.05950e-05 9.01690e-01 5.96471e-18 2.00624e-04 
7006.73 1.04889e-05 8.94722e-01 5.70900e-18 1.88981e-04 
7010.00 1.04681e-05 8.89654e-01 5.64601e-18 1.85555e-04 
7022.89 1.04308e-05 8.68302e-01 5.40296e-18 1.73005e-04 
7028.74 1.04230e-05 8.62540e-01 5.29547e-18 1.68453e-04 
7030.00 1.04210e-05 8.61961e-01 5.27259e-18 1.67609e-04 
7039.05 1.03982e-05 8.64380e-01 5.11041e-18 1.62763e-04 
7050.00 1.03564e-05 8.77673e-01 4.91984e-18 1.58711e-04 
7055.23 1.03335e-05 8.85694e-01 4.83097e-18 1.57036e-04 
7063.88 1.02984e-05 8.98100e-01 4.68672e-18 1.54145e-04 
7070.00 1.02810e-05 9.04564e-01 4.58703e-18 1.51827e-04 
7071.41 1.02783e-05 9.05772e-01 4.56428e-18 1.51266e-04 
7087.61 1.02236e-05 9.14569e-01 4.30994e-18 1.43786e-04 
7090.00 1.02012e-05 9.15417e-01 4.27340e-18 1.42434e-04 
7099.20 1.00723e-05 9.18720e-01 4.13528e-18 1.36758e-04 
7103.81 1.00052e-05 9.20721e-01 4.06759e-18 1.34001e-04 
7110.00 9.94334e-06 9.23628e-01 3.97816e-18 1.30769e-04 
7120.03 9.94572e-06 9.27772e-01 3.83681e-18 1.26897e-04 
7130.00 9.98616e-06 9.29498e-01 3.70055e-18 1.23289e-04 
7134.70 9.98606e-06 9.28930e-01 3.63777e-18 1.21203e-04 
7136.25 9.98278e-06 9.28493e-01 3.61723e-18 1.20448e-04 
7150.00 9.92117e-06 9.14984e-01 3.43978e-18 1.12392e-04 
7152.49 9.91000e-06 9.09851e-01 3.40846e-18 1.10658e-04 
7168.74 9.84962e-06 8.44683e-01 3.21009e-18 9.63822e-05 
7170.00 9.84450e-06 8.36803e-01 3.19510e-18 9.50045e-05 
7170.37 9.84294e-06 8.34380e-01 3.19068e-18 9.45881e-05 
7184.99 9.77480e-06 7.19771e-01 3.02175e-18 7.68974e-05 
7190.00 9.75370e-06 6.79839e-01 2.96574e-18 7.11806e-05 
7201.26 9.71889e-06 6.12384e-01 2.84306e-18 6.13420e-05 
7206.23 9.70589e-06 5.99640e-01 2.79041e-18 5.89149e-05 
7210.00 9.69549e-06 5.99195e-01 2.75096e-18 5.80070e-05 
7217.54 9.67106e-06 6.17970e-01 2.67362e-18 5.80569e-05 
7230.00 9.61752e-06 6.79343e-01 2.55001e-18 6.06395e-05 
7233.83 9.59755e-06 6.98990e-01 2.51307e-18 6.13942e-05 
7242.26 9.55397e-06 7.31890e-01 2.43339e-18 6.20353e-05 
7250.00 9.52489e-06 7.41315e-01 2.36219e-18 6.08750e-05 
7250.13 9.52457e-06 7.41311e-01 2.36104e-18 6.08441e-05 
7266.44 9.50095e-06 7.13936e-01 2.21718e-18 5.50137e-05 
7270.00 9.49005e-06 7.04191e-01 2.18680e-18 5.34841e-05 
7278.47 9.44382e-06 6.82480e-01 2.11611e-18 4.99734e-05 
7282.76 9.41550e-06 6.74219e-01 2.08111e-18 4.84350e-05 
7290.00 9.37296e-06 6.65949e-01 2.02315e-18 4.63443e-05 
7299.09 9.34290e-06 6.66715e-01 1.95252e-18 4.46898e-05 
7310.00 9.31918e-06 6.86027e-01 1.87060e-18 4.40089e-05 
7314.86 9.30401e-06 7.01730e-01 1.83513e-18 4.41200e-05 
7315.43 9.30202e-06 7.03855e-01 1.83104e-18 4.41492e-05 
7330.00 9.24825e-06 7.73516e-01 1.72851e-18 4.56276e-05 
7331.78 9.24284e-06 7.82945e-01 1.71637e-18 4.58438e-05 
7348.14 9.20483e-06 8.59349e-01 1.60818e-18 4.70567e-05 
7350.00 9.20053e-06 8.65451e-01 1.59627e-18 4.70297e-05 
7351.43 9.19704e-06 8.69600e-01 1.58715e-18 4.69764e-05 
7364.51 9.15684e-06 8.87289e-01 1.50617e-18 4.53682e-05 
7370.00 9.13476e-06 8.87390e-01 1.47330e-18 4.43092e-05 
7380.89 9.08193e-06 8.83876e-01 1.41003e-18 4.20562e-05 
7388.19 9.04295e-06 8.84210e-01 1.36902e-18 4.07135e-05 
7390.00 9.03321e-06 8.85182e-01 1.35904e-18 4.04273e-05 
7397.28 8.99444e-06 8.92705e-01 1.31948e-18 3.94530e-05 
7410.00 8.92869e-06 9.14624e-01 1.25295e-18 3.81685e-05 
7413.69 8.91018e-06 9.21762e-01 1.23424e-18 3.78322e-05 
7425.13 8.86056e-06 9.41740e-01 1.17779e-18 3.67358e-05 
7430.00 8.84618e-06 9.47937e-01 1.15452e-18 3.62117e-05 
7430.10 8.84594e-06 9.48050e-01 1.15404e-18 3.62004e-05 
7446.53 8.81631e-06 9.59463e-01 1.07862e-18 3.42027e-05 
7450.00 8.80477e-06 9.60669e-01 1.06326e-18 3.37297e-05 
7462.26 8.73734e-06 9.63900e-01 1.01067e-18 3.19754e-05 
7462.96 8.73313e-06 9.64093e-01 1.00774e-18 3.18764e-05 
7470.00 8.69602e-06 9.66212e-01 9.78717e-19 3.09239e-05 
7479.41 8.66992e-06 9.68975e-01 9.41146e-19 2.97698e-05 
7490.00 8.65774e-06 9.70710e-01 9.00441e-19 2.85335e-05 
7495.86 8.65016e-06 9.70486e-01 8.78624e-19 2.78331e-05 
7499.57 8.64412e-06 9.69750e-01 8.65082e-19 2.73777e-05 
7510.00 8.62175e-06 9.65644e-01 8.28020e-19 2.60625e-05 
7512.33 8.61566e-06 9.64653e-01 8.19947e-19 2.57717e-05 
7528.81 8.57107e-06 9.63615e-01 7.64907e-19 2.39440e-05 
7530.00 8.56839e-06 9.64260e-01 7.61058e-19 2.38358e-05 
7537.07 8.55488e-06 9.71150e-01 7.38629e-19 2.32837e-05 
7545.29 8.53906e-06 9.85421e-01 7.13303e-19 2.27984e-05 
7550.00 8.52688e-06 9.94028e-01 6.99184e-19 2.25242e-05 
7561.79 8.48284e-06 1.00413e+00 6.64942e-19 2.15608e-05 
7570.00 8.45068e-06 9.90631e-01 6.42046e-19 2.04828e-05 
7574.75 8.43516e-06 9.71020e-01 6.29127e-19 1.96495e-05 
7578.30 8.42491e-06 9.49717e-01 6.19642e-19 1.89145e-05 
7590.00 8.39289e-06 8.48815e-01 5.89315e-19 1.60412e-05 
7594.82 8.37801e-06 7.99223e-01 5.77227e-19 1.47774e-05 
7610.00 8.32743e-06 6.46816e-01 5.40679e-19 1.11568e-05 
7611.35 8.32312e-06 6.35218e-01 5.37533e-19 1.08893e-05 
7612.63 8.31911e-06 6.24780e-01 5.34579e-19 1.06481e-05 
7627.89 8.27318e-06 5.41616e-01 5.00399e-19 8.61010e-06 
7630.00 8.26667e-06 5.36214e-01 4.95846e-19 8.44234e-06 
7644.44 8.21569e-06 5.39009e-01 4.65677e-19 7.93585e-06 
7650.00 8.19125e-06 5.58632e-01 4.54541e-19 8.01002e-06 
7650.69 8.18796e-06 5.61790e-01 4.53176e-19 8.02861e-06 
7661.01 8.13602e-06 6.25269e-01 4.33222e-19 8.49962e-06 
7670.00 8.09784e-06 6.96869e-01 4.16508e-19 9.07533e-06 
7677.58 8.07880e-06 7.60552e-01 4.02900e-19 9.56801e-06 
7688.94 8.05789e-06 8.46810e-01 3.83284e-19 1.01232e-05 
7690.00 8.05544e-06 8.53616e-01 3.81507e-19 1.01556e-05 
7694.16 8.04408e-06 8.77967e-01 3.74582e-19 1.02468e-05 
7710.00 7.99285e-06 9.39816e-01 3.49312e-19 1.01844e-05 
7710.76 7.99076e-06 9.41752e-01 3.48146e-19 1.01697e-05 
7727.36 7.96104e-06 9.68206e-01 3.23477e-19 9.69920e-06 
7727.39 7.96101e-06 9.68230e-01 3.23439e-19 9.69829e-06 
7730.00 7.95848e-06 9.70365e-01 3.19714e-19 9.60792e-06 
7743.98 7.92855e-06 9.76285e-01 3.00465e-19 9.06675e-06 
7750.00 7.88473e-06 9.76757e-01 2.92516e-19 8.78918e-06 
7760.60 7.75378e-06 9.76095e-01 2.79007e-19 8.24973e-06 
7766.03 7.69734e-06 9.75570e-01 2.72333e-19 7.99506e-06 
7770.00 7.67720e-06 9.75299e-01 2.67537e-19 7.83553e-06 
7777.24 7.69922e-06 9.75085e-01 2.59006e-19 7.61288e-06 
7790.00 7.79132e-06 9.75356e-01 2.44605e-19 7.28954e-06 
7793.89 7.79761e-06 9.75546e-01 2.40370e-19 7.17409e-06 
7804.86 7.75589e-06 9.76180e-01 2.28803e-19 6.80631e-06 
7810.00 7.72539e-06 9.76464e-01 2.23563e-19 6.63056e-06 
7810.55 7.72234e-06 9.76491e-01 2.23012e-19 6.61226e-06 
7827.22 7.65063e-06 9.76656e-01 2.06849e-19 6.09009e-06 
7830.00 7.64012e-06 9.76495e-01 2.04263e-19 6.00682e-06 
7843.88 7.58590e-06 9.74440e-01 1.91821e-19 5.59902e-06 
7843.90 7.58583e-06 9.74436e-01 1.91806e-19 5.59853e-06 
7850.00 7.56491e-06 9.72704e-01 1.86569e-19 5.42521e-06 
7860.59 7.53665e-06 9.68161e-01 1.77808e-19 5.13401e-06 
7870.00 7.51192e-06 9.62163e-01 1.70354e-19 4.87809e-06 
7877.29 7.48799e-06 9.56034e-01 1.64789e-19 4.67807e-06 
7883.10 7.46761e-06 9.50110e-01 1.60479e-19 4.51851e-06 
7890.00 7.44516e-06 9.41955e-01 1.55501e-19 4.33150e-06 
7894.00 7.43417e-06 9.36984e-01 1.52683e-19 4.22644e-06 
7910.00 7.39748e-06 9.19849e-01 1.41901e-19 3.84490e-06 
7910.73 7.39574e-06 9.19308e-01 1.41430e-19 3.82933e-06 
7922.51 7.36217e-06 9.15580e-01 1.33983e-19 3.60195e-06 
7927.46 7.34445e-06 9.17454e-01 1.30973e-19 3.52195e-06 
7930.00 7.33432e-06 9.19117e-01 1.29453e-19 3.48368e-06 
7944.20 7.27911e-06 9.32894e-01 1.21259e-19 3.29306e-06 
7950.00 7.27101e-06 9.38531e-01 1.18063e-19 3.22439e-06 
7960.96 7.28713e-06 9.44505e-01 1.12239e-19 3.09594e-06 
7962.13 7.28889e-06 9.44570e-01 1.11636e-19 3.08071e-06 
7970.00 7.28498e-06 9.41686e-01 1.07646e-19 2.96288e-06 
7977.73 7.24300e-06 9.34565e-01 1.03864e-19 2.82356e-06 
7990.00 7.16518e-06 9.19122e-01 9.81218e-20 2.59918e-06 
7994.50 7.15552e-06 9.13429e-01 9.60921e-20 2.52766e-06 
8001.94 7.15844e-06 9.05450e-01 9.28320e-20 2.42381e-06 
8010.00 7.16252e-06 9.00031e-01 8.94172e-20 2.32434e-06 
8011.29 7.16122e-06 8.99477e-01 8.88808e-20 2.30893e-06 
8028.09 7.10706e-06 8.98885e-01 8.21919e-20 2.12207e-06 
8030.00 7.10066e-06 8.99473e-01 8.14642e-20 2.10326e-06 
8041.95 7.07417e-06 9.05350e-01 7.70460e-20 1.99768e-06 
8044.90 7.06931e-06 9.07263e-01 7.59894e-20 1.97382e-06 
8050.00 7.06024e-06 9.10848e-01 7.42005e-20 1.93371e-06 
8061.72 7.03131e-06 9.19754e-01 7.02395e-20 1.84349e-06 
8070.00 7.00689e-06 9.25842e-01 6.75683e-20 1.78075e-06 
8078.56 6.98171e-06 9.31219e-01 6.49106e-20 1.71627e-06 
8082.16 6.97183e-06 9.33040e-01 6.38229e-20 1.68917e-06 
8090.00 6.95311e-06 9.35512e-01 6.15148e-20 1.62959e-06 
8095.40 6.94304e-06 9.35184e-01 5.99732e-20 1.58696e-06 
8110.00 6.92031e-06 9.20051e-01 5.59910e-20 1.45546e-06 
8112.25 6.91640e-06 9.15243e-01 5.53998e-20 1.43215e-06 
8122.57 6.89517e-06 8.82220e-01 5.27707e-20 1.31260e-06 
8129.12 6.87886e-06 8.51038e-01 5.11647e-20 1.22575e-06 
8130.00 6.87650e-06 8.46345e-01 5.09522e-20 1.21364e-06 
8145.99 6.83358e-06 7.52504e-01 4.72437e-20 9.96251e-07 
8150.00 6.82564e-06 7.29531e-01 4.63571e-20 9.47075e-07 
8162.88 6.80417e-06 6.70382e-01 4.36146e-20 8.17516e-07 
8163.18 6.80339e-06 6.69400e-01 4.35528e-20 8.15098e-07 
8170.00 6.77667e-06 6.52773e-01 4.21678e-20 7.67192e-07 
8179.78 6.70730e-06 6.45277e-01 4.02565e-20 7.17454e-07 
8190.00 6.63991e-06 6.52413e-01 3.83495e-20 6.84939e-07 
8196.69 6.62265e-06 6.62272e-01 3.71498e-20 6.72335e-07 
8204.00 6.62004e-06 6.75200e-01 3.58808e-20 6.62374e-07 
8210.00 6.61837e-06 6.86065e-01 3.48702e-20 6.54392e-07 
8213.61 6.61359e-06 6.92514e-01 3.42764e-20 6.49110e-07 
8230.00 6.56799e-06 7.20191e-01 3.17008e-20 6.21259e-07 
8230.54 6.56637e-06 7.21037e-01 3.16194e-20 6.20280e-07 
8245.02 6.53624e-06 7.41550e-01 2.95084e-20 5.93648e-07 
8247.48 6.53498e-06 7.44544e-01 2.91631e-20 5.89132e-07 
8250.00 6.53529e-06 7.47429e-01 2.88142e-20 5.84546e-07 
8264.43 6.55557e-06 7.60089e-01 2.68928e-20 5.57504e-07 
8270.00 6.55892e-06 7.62956e-01 2.61860e-20 5.45543e-07 
8281.40 6.53811e-06 7.64717e-01 2.47950e-20 5.16825e-07 
8286.24 6.52177e-06 7.63620e-01 2.42260e-20 5.03276e-07 
8290.00 6.50785e-06 7.61946e-01 2.37934e-20 4.92376e-07 
8298.37 6.47793e-06 7.55457e-01 2.28568e-20 4.67281e-07 
8310.00 6.45466e-06 7.39573e-01 2.16161e-20 4.31673e-07 
8315.36 6.45770e-06 7.29328e-01 2.10667e-20 4.15337e-07 
