##### EXOPHOT SPECTRAL OVERLAP FILE #####
# Date: 01/12/2021 13:15:01
# SED file: SED_g2v.txt
# atmosphere file: atm_g2v_hzo_os3.txt
# photopigment file: phot2s.txt
# Stellar radius (Rs in km): 6.963400e+05
# Exoplanet orbit semi-major axis (sma in km): 1.672066e+08
# Total absorption rate (gamma_t in s-1): 2.64932e+00
# B band absorption rate (gamma_B in s-1): 1.36960e+00
# Q band absorption rate (gamma_Q in s-1): 1.27972e+00
# B-Q bands cut-off (in nm): 500
# photosynthetic photon flux density [ppfd in micromol photon m-2 s-1]: 1.70413e+03
# Total Stellar Irradiance (S in W m-2): 1.07502e+03
# -------------------------------------------------
# Col 1: Wavelength (wl in Angstrom) 
# Col 2: Spectral Flux Density (F_l in J cm-2 s-1 A-1) 
# Col 3: Atmosphere transmitance (T, no units) 
# Col 4: Pigment absorption cross section (sigma_abs in cm-2) 
# Col 5: Spectral Absorption Rate (Gamma_lambda in A-1 s-1)
2505.65 6.10850e-07 1.49650e-01 5.68047e-19 6.54999e-08 
2513.00 2.95063e-07 1.52454e-01 5.54211e-19 3.15388e-08 
2515.76 2.36467e-07 1.53520e-01 5.47350e-19 2.51648e-08 
2516.83 2.21055e-07 1.53937e-01 5.44451e-19 2.34735e-08 
2518.00 2.08576e-07 1.54391e-01 5.41154e-19 2.20895e-08 
2525.00 2.11060e-07 1.57133e-01 5.18529e-19 2.18590e-08 
2528.02 2.40838e-07 1.58324e-01 5.07387e-19 2.46215e-08 
2528.34 2.44347e-07 1.58450e-01 5.06162e-19 2.49428e-08 
2535.00 2.93065e-07 1.61092e-01 4.78859e-19 2.88501e-08 
2539.21 2.81343e-07 1.62766e-01 4.60125e-19 2.69337e-08 
2540.98 2.85872e-07 1.63470e-01 4.51960e-19 2.70168e-08 
2545.00 3.76098e-07 1.65071e-01 4.32893e-19 3.44321e-08 
2550.40 7.01130e-07 1.67231e-01 4.06394e-19 6.11779e-08 
2553.68 8.74510e-07 1.68550e-01 3.89990e-19 7.38988e-08 
2555.00 9.10043e-07 1.69082e-01 3.83359e-19 7.58717e-08 
2561.61 8.06229e-07 1.71773e-01 3.49956e-19 6.24973e-08 
2565.00 7.69975e-07 1.73164e-01 3.32866e-19 5.73078e-08 
2566.45 7.98445e-07 1.73760e-01 3.25601e-19 5.83630e-08 
2572.81 1.09130e-06 1.76380e-01 2.94274e-19 7.33630e-08 
2575.00 1.16720e-06 1.77283e-01 2.83764e-19 7.61153e-08 
2579.28 1.17062e-06 1.79060e-01 2.63666e-19 7.17612e-08 
2584.03 1.05954e-06 1.81038e-01 2.42314e-19 6.04622e-08 
2585.00 1.03724e-06 1.81445e-01 2.38061e-19 5.83036e-08 
2592.18 9.44239e-07 1.84460e-01 2.08289e-19 4.73412e-08 
2595.00 9.09391e-07 1.85648e-01 1.97433e-19 4.35433e-08 
2595.24 9.05577e-07 1.85751e-01 1.96516e-19 4.31874e-08 
2605.00 7.07825e-07 1.89880e-01 1.63320e-19 2.87856e-08 
2605.14 7.05535e-07 1.89940e-01 1.62891e-19 2.86278e-08 
2606.47 6.86346e-07 1.90504e-01 1.58943e-19 2.72687e-08 
2615.00 6.40879e-07 1.94143e-01 1.37108e-19 2.24573e-08 
2617.70 6.49858e-07 1.95298e-01 1.31590e-19 2.20080e-08 
2618.17 6.54289e-07 1.95500e-01 1.30700e-19 2.20350e-08 
2625.00 9.41729e-07 1.98441e-01 1.20385e-19 2.97291e-08 
2628.93 1.36841e-06 2.00141e-01 1.16847e-19 4.23519e-08 
2631.26 1.65697e-06 2.01150e-01 1.15653e-19 5.10595e-08 
2635.00 2.05258e-06 2.02777e-01 1.15256e-19 6.36337e-08 
2640.17 2.35721e-06 2.05034e-01 1.18099e-19 7.58624e-08 
2644.41 2.71610e-06 2.06890e-01 1.23697e-19 9.25332e-08 
2645.00 2.79497e-06 2.07147e-01 1.24724e-19 9.61507e-08 
2651.42 3.89044e-06 2.09961e-01 1.40423e-19 1.53101e-07 
2655.00 4.09183e-06 2.11538e-01 1.53095e-19 1.77114e-07 
2657.64 3.78893e-06 2.12700e-01 1.64433e-19 1.77293e-07 
2662.67 2.70569e-06 2.14925e-01 1.91353e-19 1.49156e-07 
2665.00 2.30892e-06 2.15959e-01 2.06410e-19 1.38080e-07 
2670.92 2.27985e-06 2.18590e-01 2.52992e-19 1.69523e-07 
2673.92 2.59865e-06 2.19924e-01 2.81651e-19 2.16673e-07 
2675.00 2.73135e-06 2.20404e-01 2.92850e-19 2.37404e-07 
2684.28 3.37801e-06 2.24550e-01 4.11957e-19 4.22257e-07 
2685.00 3.34148e-06 2.24874e-01 4.23086e-19 4.29708e-07 
2685.18 3.32906e-06 2.24957e-01 4.25986e-19 4.31234e-07 
2695.00 2.23054e-06 2.29380e-01 6.10507e-19 4.23778e-07 
2696.45 2.24711e-06 2.30036e-01 6.43403e-19 4.51460e-07 
2697.70 2.31925e-06 2.30600e-01 6.72956e-19 4.88776e-07 
2705.00 2.91845e-06 2.33903e-01 8.71259e-19 8.09889e-07 
2707.72 2.82462e-06 2.35137e-01 9.57418e-19 8.66785e-07 
2711.19 2.44027e-06 2.36710e-01 1.07745e-18 8.49441e-07 
2715.00 1.90804e-06 2.38444e-01 1.22402e-18 7.61122e-07 
2719.00 1.48025e-06 2.40268e-01 1.39558e-18 6.79392e-07 
2724.74 1.30758e-06 2.42890e-01 1.67597e-18 7.30118e-07 
2725.00 1.31474e-06 2.43007e-01 1.68943e-18 7.40440e-07 
2730.29 1.64549e-06 2.45423e-01 1.98835e-18 1.10366e-06 
2735.00 1.79281e-06 2.47583e-01 2.28920e-18 1.39901e-06 
2738.37 1.55533e-06 2.49130e-01 2.52528e-18 1.34888e-06 
2741.58 1.19966e-06 2.50606e-01 2.76717e-18 1.14818e-06 
2745.00 9.18283e-07 2.52187e-01 3.04477e-18 9.74359e-07 
2752.06 1.14738e-06 2.55450e-01 3.68279e-18 1.49545e-06 
2752.87 1.21285e-06 2.55824e-01 3.76178e-18 1.61752e-06 
2755.00 1.38716e-06 2.56810e-01 3.97568e-18 1.96423e-06 
2764.17 1.92372e-06 2.61055e-01 4.99688e-18 3.49188e-06 
2765.00 1.95785e-06 2.61439e-01 5.09761e-18 3.63192e-06 
2765.82 1.98976e-06 2.61820e-01 5.19852e-18 3.77078e-06 
2775.00 1.99214e-06 2.66085e-01 6.42038e-18 4.75430e-06 
2775.47 1.96293e-06 2.66306e-01 6.48828e-18 4.73887e-06 
2779.65 1.58408e-06 2.68250e-01 7.10475e-18 4.22454e-06 
2785.00 1.00093e-06 2.70746e-01 7.94587e-18 3.01895e-06 
2786.79 8.41978e-07 2.71580e-01 8.23921e-18 2.64308e-06 
2793.55 4.58287e-07 2.74740e-01 9.40499e-18 1.66532e-06 
2795.00 4.11472e-07 2.75419e-01 9.66629e-18 1.54134e-06 
2798.10 3.48518e-07 2.76871e-01 1.02370e-17 1.39143e-06 
2805.00 5.19314e-07 2.80101e-01 1.15629e-17 2.37502e-06 
2807.52 7.33258e-07 2.81280e-01 1.20644e-17 3.51679e-06 
2809.42 9.43800e-07 2.82175e-01 1.24507e-17 4.68958e-06 
2815.00 1.69227e-06 2.84791e-01 1.36054e-17 9.29202e-06 
2820.75 2.44153e-06 2.87493e-01 1.48306e-17 1.47821e-05 
2821.55 2.52434e-06 2.87870e-01 1.50036e-17 1.54864e-05 
2825.00 2.77239e-06 2.89491e-01 1.57524e-17 1.79795e-05 
2832.08 2.64698e-06 2.92826e-01 1.73088e-17 1.91274e-05 
2835.00 2.41298e-06 2.94199e-01 1.79521e-17 1.81881e-05 
2835.66 2.35048e-06 2.94510e-01 1.80980e-17 1.78840e-05 
2843.42 1.46874e-06 2.98165e-01 1.98024e-17 1.24132e-05 
2845.00 1.27648e-06 2.98908e-01 2.01452e-17 1.10085e-05 
2849.84 7.57552e-07 3.01190e-01 2.11849e-17 6.93462e-06 
2854.77 5.93824e-07 3.03517e-01 2.22186e-17 5.75506e-06 
2855.00 6.00929e-07 3.03627e-01 2.22666e-17 5.83911e-06 
2864.09 1.79595e-06 3.07920e-01 2.40767e-17 1.91973e-05 
2865.00 1.97147e-06 3.08350e-01 2.42500e-17 2.12615e-05 
2866.12 2.18851e-06 3.08878e-01 2.44601e-17 2.38567e-05 
2875.00 3.40111e-06 3.13070e-01 2.60310e-17 4.01156e-05 
2877.47 3.38603e-06 3.14237e-01 2.64331e-17 4.07409e-05 
2878.41 3.34485e-06 3.14680e-01 2.65812e-17 4.05412e-05 
2885.00 3.03790e-06 3.17796e-01 2.75510e-17 3.86304e-05 
2888.83 3.24234e-06 3.19607e-01 2.80538e-17 4.22777e-05 
2892.80 3.71871e-06 3.21480e-01 2.85237e-17 4.96585e-05 
2895.00 4.02544e-06 3.22516e-01 2.87611e-17 5.44178e-05 
2900.20 4.69778e-06 3.24960e-01 2.92549e-17 6.52037e-05 
2907.27 5.34266e-06 3.28270e-01 2.97691e-17 7.64121e-05 
2910.00 5.46886e-06 3.29548e-01 2.99184e-17 7.89896e-05 
2911.57 5.50343e-06 3.30282e-01 2.99914e-17 7.99033e-05 
2921.80 5.23653e-06 3.35070e-01 3.02395e-17 7.80418e-05 
2922.95 5.17595e-06 3.35609e-01 3.02428e-17 7.73019e-05 
2930.00 4.80888e-06 3.38937e-01 3.01567e-17 7.24999e-05 
2934.33 4.65755e-06 3.40986e-01 3.00152e-17 7.04153e-05 
2936.41 4.60936e-06 3.41970e-01 2.99239e-17 6.97248e-05 
2945.72 4.54363e-06 3.46367e-01 2.93397e-17 6.84715e-05 
2950.00 4.57106e-06 3.48386e-01 2.89802e-17 6.85369e-05 
2951.09 4.58156e-06 3.48900e-01 2.88800e-17 6.85832e-05 
2957.11 4.65478e-06 3.51731e-01 2.82695e-17 6.88999e-05 
2965.85 4.76986e-06 3.55830e-01 2.72262e-17 6.89934e-05 
2968.51 4.79735e-06 3.57079e-01 2.68760e-17 6.88005e-05 
2970.00 4.80971e-06 3.57777e-01 2.66745e-17 6.86288e-05 
2979.92 4.83204e-06 3.62424e-01 2.52431e-17 6.63159e-05 
2980.68 4.83004e-06 3.62780e-01 2.51280e-17 6.60678e-05 
2990.00 4.77466e-06 3.67147e-01 2.36744e-17 6.24676e-05 
2991.33 4.76321e-06 3.67768e-01 2.34628e-17 6.18931e-05 
2995.58 4.72600e-06 3.69760e-01 2.27809e-17 6.00329e-05 
3002.74 4.68890e-06 3.73112e-01 2.16299e-17 5.72014e-05 
3010.00 4.73536e-06 3.76500e-01 2.04812e-17 5.53302e-05 
3010.56 4.74414e-06 3.76760e-01 2.03942e-17 5.52458e-05 
3014.16 4.81848e-06 3.78439e-01 1.98389e-17 5.48925e-05 
3025.59 5.14081e-06 3.83741e-01 1.81817e-17 5.46308e-05 
3025.61 5.14132e-06 3.83750e-01 1.81791e-17 5.46300e-05 
3030.00 5.24246e-06 3.85783e-01 1.75974e-17 5.42866e-05 
3037.02 5.32831e-06 3.89033e-01 1.67474e-17 5.30758e-05 
3040.74 5.35393e-06 3.90750e-01 1.63442e-17 5.23405e-05 
3048.46 5.42710e-06 3.94316e-01 1.56238e-17 5.13103e-05 
3050.00 5.45207e-06 3.95025e-01 1.55014e-17 5.12600e-05 
3055.94 5.58617e-06 3.97760e-01 1.50996e-17 5.16141e-05 
3059.91 5.68174e-06 3.99580e-01 1.48997e-17 5.21068e-05 
3070.00 5.76852e-06 4.04201e-01 1.46675e-17 5.28540e-05 
3071.22 5.75078e-06 4.04760e-01 1.46687e-17 5.27897e-05 
3071.36 5.74840e-06 4.04821e-01 1.46692e-17 5.27801e-05 
3082.81 5.41627e-06 4.10054e-01 1.50359e-17 5.18250e-05 
3086.58 5.34547e-06 4.11770e-01 1.53062e-17 5.23491e-05 
3090.00 5.34673e-06 4.13326e-01 1.56225e-17 5.37047e-05 
3094.27 5.45871e-06 4.15266e-01 1.61175e-17 5.69109e-05 
3102.01 5.83509e-06 4.18770e-01 1.73192e-17 6.60872e-05 
3105.74 6.01624e-06 4.20454e-01 1.80498e-17 7.13845e-05 
3110.00 6.15955e-06 4.22376e-01 1.90150e-17 7.74509e-05 
3117.21 6.16627e-06 4.25621e-01 2.09891e-17 8.64428e-05 
3117.52 6.16099e-06 4.25760e-01 2.10842e-17 8.67971e-05 
3128.69 5.81808e-06 4.30765e-01 2.51131e-17 9.91304e-05 
3130.00 5.77170e-06 4.31351e-01 2.56680e-17 1.00692e-04 
3133.11 5.66922e-06 4.32740e-01 2.70579e-17 1.04699e-04 
3140.17 5.50238e-06 4.35888e-01 3.06193e-17 1.16091e-04 
3148.77 5.50121e-06 4.39710e-01 3.57747e-17 1.37172e-04 
3150.00 5.52539e-06 4.40253e-01 3.65869e-17 1.41132e-04 
3151.66 5.56894e-06 4.40990e-01 3.77206e-17 1.46974e-04 
3163.16 5.98415e-06 4.46070e-01 4.66383e-17 1.98240e-04 
3164.52 6.01891e-06 4.46670e-01 4.78262e-17 2.04834e-04 
3170.00 6.05290e-06 4.49077e-01 5.28991e-17 2.29465e-04 
3174.66 5.91610e-06 4.51116e-01 5.75921e-17 2.45644e-04 
3180.34 5.63972e-06 4.53600e-01 6.38215e-17 2.61393e-04 
3186.16 5.39830e-06 4.56139e-01 7.07879e-17 2.79579e-04 
3190.00 5.34937e-06 4.57810e-01 7.57189e-17 2.97787e-04 
3196.24 5.52697e-06 4.60520e-01 8.43268e-17 3.45354e-04 
3197.67 5.59399e-06 4.61139e-01 8.64029e-17 3.58789e-04 
3209.19 5.94802e-06 4.66107e-01 1.04570e-16 4.68366e-04 
3210.00 5.93438e-06 4.66455e-01 1.05946e-16 4.73911e-04 
3212.22 5.85693e-06 4.67410e-01 1.09791e-16 4.86029e-04 
3220.71 5.26428e-06 4.71047e-01 1.25364e-16 5.04025e-04 
3228.29 4.86945e-06 4.74280e-01 1.40457e-16 5.27171e-04 
3230.00 4.86517e-06 4.75011e-01 1.44029e-16 5.41223e-04 
3232.24 4.92670e-06 4.75965e-01 1.48784e-16 5.67694e-04 
3243.78 6.05751e-06 4.80855e-01 1.74741e-16 8.31146e-04 
3244.43 6.14168e-06 4.81130e-01 1.76279e-16 8.50771e-04 
3250.00 6.84092e-06 4.83475e-01 1.89738e-16 1.02671e-03 
3255.32 7.38190e-06 4.85704e-01 2.03053e-16 1.19307e-03 
3260.65 7.77754e-06 4.87940e-01 2.16855e-16 1.35084e-03 
3266.86 8.06046e-06 4.90543e-01 2.33433e-16 1.51793e-03 
3270.00 8.13357e-06 4.91852e-01 2.42002e-16 1.59370e-03 
3276.95 8.14689e-06 4.94720e-01 2.61370e-16 1.73780e-03 
3278.41 8.12882e-06 4.95314e-01 2.65497e-16 1.76422e-03 
3289.97 7.84637e-06 4.99963e-01 2.98760e-16 1.94109e-03 
3290.00 7.84544e-06 4.99976e-01 2.98853e-16 1.94153e-03 
3293.34 7.74858e-06 5.01320e-01 3.08600e-16 1.98743e-03 
3301.53 7.53562e-06 5.04656e-01 3.32658e-16 2.10257e-03 
3309.80 7.39855e-06 5.08040e-01 3.56940e-16 2.23545e-03 
3310.00 7.39668e-06 5.08120e-01 3.57514e-16 2.23897e-03 
3313.10 7.37672e-06 5.09381e-01 3.66554e-16 2.29721e-03 
3324.67 7.43237e-06 5.14055e-01 3.99766e-16 2.55632e-03 
3326.35 7.45340e-06 5.14730e-01 4.04488e-16 2.59855e-03 
3330.00 7.50665e-06 5.16194e-01 4.14625e-16 2.69328e-03 
3336.25 7.59611e-06 5.18696e-01 4.31589e-16 2.85599e-03 
3342.98 7.57564e-06 5.21380e-01 4.49168e-16 2.98565e-03 
3347.84 7.40103e-06 5.23307e-01 4.61320e-16 3.01120e-03 
3350.00 7.26242e-06 5.24164e-01 4.66583e-16 2.99534e-03 
3359.43 6.30707e-06 5.27883e-01 4.88289e-16 2.74935e-03 
3359.70 6.27702e-06 5.27990e-01 4.88882e-16 2.74036e-03 
3370.00 5.46843e-06 5.32027e-01 5.09946e-16 2.51695e-03 
3371.02 5.44975e-06 5.32427e-01 5.11879e-16 2.52051e-03 
3376.50 5.55786e-06 5.34560e-01 5.21680e-16 2.63450e-03 
3382.63 5.93182e-06 5.36939e-01 5.31557e-16 2.88297e-03 
3390.00 6.39330e-06 5.39789e-01 5.41823e-16 3.19102e-03 
3393.38 6.50817e-06 5.41090e-01 5.45918e-16 3.28406e-03 
3394.23 6.52631e-06 5.41418e-01 5.46890e-16 3.30191e-03 
3405.85 6.53619e-06 5.45860e-01 5.57561e-16 3.41072e-03 
3410.00 6.52699e-06 5.47438e-01 5.60203e-16 3.43614e-03 
3410.35 6.52809e-06 5.47570e-01 5.60396e-16 3.43908e-03 
3417.47 6.61746e-06 5.50264e-01 5.63379e-16 3.52932e-03 
3427.40 6.85021e-06 5.54000e-01 5.64457e-16 3.69600e-03 
3429.09 6.88939e-06 5.54635e-01 5.64285e-16 3.72210e-03 
3430.00 6.90927e-06 5.54975e-01 5.64150e-16 3.73523e-03 
3440.72 7.08224e-06 5.58975e-01 5.60347e-16 3.84231e-03 
3444.54 7.12424e-06 5.60390e-01 5.58031e-16 3.86315e-03 
3450.00 7.17633e-06 5.62411e-01 5.53861e-16 3.88239e-03 
3452.36 7.19800e-06 5.63281e-01 5.51756e-16 3.88797e-03 
3461.76 7.30368e-06 5.66730e-01 5.41628e-16 3.90696e-03 
3464.00 7.33851e-06 5.67550e-01 5.38813e-16 3.91337e-03 
3470.00 7.46175e-06 5.69734e-01 5.30576e-16 3.94015e-03 
3475.65 7.62611e-06 5.71784e-01 5.21912e-16 3.98191e-03 
3479.07 7.74559e-06 5.73020e-01 5.16272e-16 4.01318e-03 
3487.30 8.07813e-06 5.75990e-01 5.01525e-16 4.09668e-03 
3490.00 8.19614e-06 5.76959e-01 4.96369e-16 4.12389e-03 
3496.46 8.47044e-06 5.79270e-01 4.83405e-16 4.17494e-03 
3498.96 8.55601e-06 5.80160e-01 4.78176e-16 4.18090e-03 
3510.00 8.58666e-06 5.84062e-01 4.53865e-16 4.02199e-03 
3510.63 8.56413e-06 5.84284e-01 4.52425e-16 4.00094e-03 
3513.95 8.40408e-06 5.85450e-01 4.44749e-16 3.87091e-03 
3522.30 7.92769e-06 5.88379e-01 4.24847e-16 3.51387e-03 
3530.00 7.86410e-06 5.91064e-01 4.05936e-16 3.35304e-03 
3531.51 7.94016e-06 5.91590e-01 4.02165e-16 3.35845e-03 
3533.98 8.12206e-06 5.92443e-01 3.96009e-16 3.39004e-03 
3545.66 9.15419e-06 5.96467e-01 3.66458e-16 3.57150e-03 
3549.17 9.22241e-06 5.97670e-01 3.57513e-16 3.52086e-03 
3550.00 9.20407e-06 5.97953e-01 3.55405e-16 3.49561e-03 
3557.35 8.49459e-06 6.00459e-01 3.36704e-16 3.07555e-03 
3566.92 6.99384e-06 6.03700e-01 3.12526e-16 2.36941e-03 
3569.04 6.72136e-06 6.04416e-01 3.07209e-16 2.24234e-03 
3570.00 6.61742e-06 6.04738e-01 3.04818e-16 2.19224e-03 
3580.74 6.26545e-06 6.08334e-01 2.78380e-16 1.91262e-03 
3584.75 6.40613e-06 6.09670e-01 2.68717e-16 1.89395e-03 
3590.00 6.69546e-06 6.11412e-01 2.56279e-16 1.89603e-03 
3592.45 6.84572e-06 6.12223e-01 2.50561e-16 1.89914e-03 
3602.68 7.45603e-06 6.15590e-01 2.27312e-16 1.89222e-03 
3604.16 7.53334e-06 6.16075e-01 2.24035e-16 1.88653e-03 
3610.00 7.78364e-06 6.17979e-01 2.11363e-16 1.84764e-03 
3615.88 7.92626e-06 6.19884e-01 1.99019e-16 1.77996e-03 
3620.69 7.96789e-06 6.21440e-01 1.89222e-16 1.70777e-03 
3627.60 7.93322e-06 6.23667e-01 1.75672e-16 1.58725e-03 
3630.00 7.90042e-06 6.24438e-01 1.71108e-16 1.54255e-03 
3638.79 7.94315e-06 6.27250e-01 1.55039e-16 1.41500e-03 
3639.33 7.97345e-06 6.27420e-01 1.54095e-16 1.41233e-03 
3640.00 8.01880e-06 6.27634e-01 1.52914e-16 1.41023e-03 
3650.00 9.18777e-06 6.30797e-01 1.36053e-16 1.44885e-03 
3651.06 9.29357e-06 6.31132e-01 1.34339e-16 1.44826e-03 
3656.99 9.64778e-06 6.32990e-01 1.25064e-16 1.40605e-03 
3662.80 9.68817e-06 6.34805e-01 1.16410e-16 1.32011e-03 
3670.00 9.48084e-06 6.37040e-01 1.06316e-16 1.18631e-03 
3674.55 9.28898e-06 6.38447e-01 1.00277e-16 1.10008e-03 
3675.27 9.25832e-06 6.38670e-01 9.93425e-17 1.08682e-03 
3686.30 8.96066e-06 6.42060e-01 8.58780e-17 9.16878e-04 
3690.00 9.00310e-06 6.43190e-01 8.16939e-17 8.78760e-04 
3693.65 9.14164e-06 6.44300e-01 7.77230e-17 8.51218e-04 
3698.06 9.36613e-06 6.45637e-01 7.31266e-17 8.23230e-04 
3709.82 9.44665e-06 6.49175e-01 6.19194e-17 7.09158e-04 
3710.00 9.43462e-06 6.49227e-01 6.17627e-17 7.06553e-04 
3712.12 9.24953e-06 6.49860e-01 5.99054e-17 6.72900e-04 
3721.59 7.88448e-06 6.52681e-01 5.21410e-17 5.02695e-04 
3730.00 6.82783e-06 6.55170e-01 4.59663e-17 3.86107e-04 
3730.68 6.78260e-06 6.55370e-01 4.54963e-17 3.79813e-04 
3733.37 6.67728e-06 6.56165e-01 4.36692e-17 3.59594e-04 
3745.15 7.23100e-06 6.59610e-01 3.63795e-17 3.27141e-04 
3749.33 7.64028e-06 6.60810e-01 3.40541e-17 3.24514e-04 
3750.00 7.70813e-06 6.61000e-01 3.36940e-17 3.24085e-04 
3756.94 8.39122e-06 6.62954e-01 3.01485e-17 3.17198e-04 
3768.08 9.22842e-06 6.66050e-01 2.51267e-17 2.92963e-04 
3768.73 9.26063e-06 6.66231e-01 2.48565e-17 2.90954e-04 
3770.00 9.31646e-06 6.66585e-01 2.43381e-17 2.86851e-04 
3780.53 9.51427e-06 6.69523e-01 2.03903e-17 2.47195e-04 
3786.92 9.57404e-06 6.71310e-01 1.82794e-17 2.23970e-04 
3790.00 9.63778e-06 6.72171e-01 1.73320e-17 2.14224e-04 
3792.33 9.71034e-06 6.72823e-01 1.66438e-17 2.07595e-04 
3804.14 9.85632e-06 6.76108e-01 1.35197e-17 1.72535e-04 
3805.85 9.76639e-06 6.76580e-01 1.31141e-17 1.66023e-04 
3810.00 9.33701e-06 6.77724e-01 1.21744e-17 1.47760e-04 
3815.96 8.17979e-06 6.79359e-01 1.09297e-17 1.16675e-04 
3824.88 6.22248e-06 6.81790e-01 9.28023e-18 7.58078e-05 
3827.78 5.79674e-06 6.82577e-01 8.79456e-18 6.70533e-05 
3830.00 5.61137e-06 6.83176e-01 8.43905e-18 6.23761e-05 
3839.61 6.19590e-06 6.85764e-01 7.04414e-18 5.78519e-05 
3844.01 6.83022e-06 6.86940e-01 6.47925e-18 5.88282e-05 
3850.00 7.55976e-06 6.88537e-01 5.77568e-18 5.82670e-05 
3851.45 7.66237e-06 6.88921e-01 5.61688e-18 5.74877e-05 
3863.23 7.60392e-06 6.92030e-01 4.46447e-18 4.56884e-05 
3863.29 7.60158e-06 6.92045e-01 4.45931e-18 4.56233e-05 
3870.00 7.37930e-06 6.93801e-01 3.90505e-18 3.89503e-05 
3875.13 7.39503e-06 6.95135e-01 3.52540e-18 3.53531e-05 
3882.54 7.79455e-06 6.97050e-01 3.03725e-18 3.22533e-05 
3886.98 8.25851e-06 6.98192e-01 2.77585e-18 3.13191e-05 
3890.00 8.67411e-06 6.98965e-01 2.61039e-18 3.09927e-05 
3898.84 1.00871e-05 7.01220e-01 2.17743e-18 3.02290e-05 
3901.96 1.04368e-05 7.02010e-01 2.04172e-18 2.93840e-05 
3910.00 1.02425e-05 7.04042e-01 1.72740e-18 2.45187e-05 
3910.70 1.01206e-05 7.04219e-01 1.70221e-18 2.38840e-05 
3921.46 6.97136e-06 7.06910e-01 1.35827e-18 1.32142e-05 
3922.57 6.64220e-06 7.07185e-01 1.32693e-18 1.23080e-05 
3930.00 5.38993e-06 7.09023e-01 1.13429e-18 8.57597e-06 
3934.45 5.83300e-06 7.10117e-01 1.03235e-18 8.46944e-06 
3941.07 7.50500e-06 7.11740e-01 8.97160e-19 9.50779e-06 
3946.33 8.77430e-06 7.13023e-01 8.02670e-19 9.97631e-06 
3950.00 9.17055e-06 7.13916e-01 7.42784e-19 9.66997e-06 
3958.22 8.08755e-06 7.15904e-01 6.25038e-19 7.21109e-06 
3960.78 7.49641e-06 7.16520e-01 5.92544e-19 6.34609e-06 
3970.00 6.32821e-06 7.18725e-01 4.90142e-19 4.45533e-06 
3970.11 6.33435e-06 7.18751e-01 4.89050e-19 4.45000e-06 
3980.58 9.10346e-06 7.21230e-01 3.97161e-19 5.22536e-06 
3982.01 9.66181e-06 7.21566e-01 3.86372e-19 5.39966e-06 
3990.00 1.24601e-05 7.23440e-01 3.32758e-19 6.02489e-06 
3993.91 1.32245e-05 7.24354e-01 3.10380e-19 5.97788e-06 
4000.48 1.36376e-05 7.25880e-01 2.77928e-19 5.54077e-06 
4005.82 1.35091e-05 7.27114e-01 2.55863e-19 5.06817e-06 
4010.00 1.33341e-05 7.28075e-01 2.41056e-19 4.72416e-06 
4017.74 1.31869e-05 7.29846e-01 2.18769e-19 4.25856e-06 
4020.49 1.31797e-05 7.30470e-01 2.12349e-19 4.13769e-06 
4029.66 1.31873e-05 7.32544e-01 1.95989e-19 3.84072e-06 
4030.00 1.31859e-05 7.32619e-01 1.95530e-19 3.83206e-06 
4040.59 1.30159e-05 7.34990e-01 1.85677e-19 3.61312e-06 
4041.59 1.29873e-05 7.35214e-01 1.85184e-19 3.59759e-06 
4050.00 1.26673e-05 7.37081e-01 1.83805e-19 3.49892e-06 
4053.53 1.24967e-05 7.37861e-01 1.84628e-19 3.47395e-06 
4060.79 1.21987e-05 7.39460e-01 1.88764e-19 3.48083e-06 
4065.47 1.21441e-05 7.40483e-01 1.93092e-19 3.55369e-06 
4070.00 1.22725e-05 7.41471e-01 1.98479e-19 3.70049e-06 
4077.41 1.29051e-05 7.43077e-01 2.09741e-19 4.12842e-06 
4081.10 1.33038e-05 7.43870e-01 2.16429e-19 4.40035e-06 
4089.37 1.40063e-05 7.45640e-01 2.34044e-19 5.03185e-06 
4090.00 1.40342e-05 7.45775e-01 2.35537e-19 5.07576e-06 
4101.33 1.38847e-05 7.48173e-01 2.65714e-19 5.69901e-06 
4101.50 1.38766e-05 7.48210e-01 2.66234e-19 5.70738e-06 
4110.00 1.35201e-05 7.49992e-01 2.93217e-19 6.15162e-06 
4113.29 1.34661e-05 7.50679e-01 3.04644e-19 6.37680e-06 
4122.01 1.35350e-05 7.52490e-01 3.37581e-19 7.13458e-06 
4125.26 1.35919e-05 7.53163e-01 3.50859e-19 7.45895e-06 
4130.00 1.36549e-05 7.54140e-01 3.71185e-19 7.94702e-06 
4137.24 1.36494e-05 7.55624e-01 4.04478e-19 8.68856e-06 
4142.62 1.36093e-05 7.56720e-01 4.31018e-19 9.25688e-06 
4149.22 1.35958e-05 7.58055e-01 4.65674e-19 1.00249e-05 
4150.00 1.36006e-05 7.58212e-01 4.69925e-19 1.01239e-05 
4161.21 1.37680e-05 7.60457e-01 5.34650e-19 1.17262e-05 
4163.33 1.37909e-05 7.60880e-01 5.47695e-19 1.20451e-05 
4170.00 1.37568e-05 7.62204e-01 5.90272e-19 1.29927e-05 
4173.20 1.36609e-05 7.62838e-01 6.11609e-19 1.33900e-05 
4184.15 1.31629e-05 7.64990e-01 6.88922e-19 1.46119e-05 
4185.20 1.31217e-05 7.65196e-01 6.96729e-19 1.47389e-05 
4190.00 1.29994e-05 7.66130e-01 7.33056e-19 1.53993e-05 
4197.21 1.30565e-05 7.67527e-01 7.90146e-19 1.67305e-05 
4205.07 1.32329e-05 7.69040e-01 8.55807e-19 1.84363e-05 
4209.22 1.32661e-05 7.69836e-01 8.91934e-19 1.93018e-05 
4210.00 1.32622e-05 7.69985e-01 8.98814e-19 1.94523e-05 
4221.24 1.29155e-05 7.72120e-01 1.00209e-18 2.12358e-05 
4226.10 1.27396e-05 7.73030e-01 1.04893e-18 2.19766e-05 
4230.00 1.26605e-05 7.73755e-01 1.08757e-18 2.26868e-05 
4233.27 1.26599e-05 7.74355e-01 1.12053e-18 2.34095e-05 
4245.30 1.28720e-05 7.76528e-01 1.24705e-18 2.66389e-05 
4247.23 1.28867e-05 7.76870e-01 1.26807e-18 2.71433e-05 
4250.00 1.28748e-05 7.77359e-01 1.29864e-18 2.78075e-05 
4257.33 1.26355e-05 7.78641e-01 1.38134e-18 2.91268e-05 
4268.46 1.20534e-05 7.80590e-01 1.51202e-18 3.05693e-05 
4269.37 1.20129e-05 7.80752e-01 1.52300e-18 3.07008e-05 
4270.00 1.19869e-05 7.80862e-01 1.53055e-18 3.07949e-05 
4281.42 1.15840e-05 7.82907e-01 1.67148e-18 3.26726e-05 
4289.80 1.09258e-05 7.84410e-01 1.77839e-18 3.29144e-05 
4290.00 1.09023e-05 7.84445e-01 1.78093e-18 3.28932e-05 
4293.48 1.04234e-05 7.85064e-01 1.82613e-18 3.22981e-05 
4305.54 8.97909e-06 7.87185e-01 1.98616e-18 3.04281e-05 
4310.00 9.08591e-06 7.87962e-01 2.04653e-18 3.17901e-05 
4311.25 9.22439e-06 7.88180e-01 2.06358e-18 3.25620e-05 
4317.61 1.04993e-05 7.89280e-01 2.15069e-18 3.87381e-05 
4329.68 1.32102e-05 7.91355e-01 2.31873e-18 5.28337e-05 
4330.00 1.32475e-05 7.91410e-01 2.32324e-18 5.30934e-05 
4332.81 1.34454e-05 7.91890e-01 2.36273e-18 5.48712e-05 
4341.76 1.30842e-05 7.93411e-01 2.48918e-18 5.64794e-05 
4350.00 1.26163e-05 7.94801e-01 2.60624e-18 5.72291e-05 
4353.84 1.27257e-05 7.95445e-01 2.66088e-18 5.90353e-05 
4354.47 1.27640e-05 7.95550e-01 2.66985e-18 5.94291e-05 
4365.93 1.37635e-05 7.97454e-01 2.83259e-18 6.83310e-05 
4370.00 1.39360e-05 7.98124e-01 2.89009e-18 7.07173e-05 
4376.25 1.37155e-05 7.99150e-01 2.97800e-18 7.19100e-05 
4378.03 1.35771e-05 7.99442e-01 3.00301e-18 7.18377e-05 
4390.00 1.26563e-05 8.01390e-01 3.16899e-18 7.10326e-05 
4390.13 1.26520e-05 8.01412e-01 3.17082e-18 7.10539e-05 
4398.13 1.27716e-05 8.02700e-01 3.27952e-18 7.44391e-05 
4402.24 1.30384e-05 8.03359e-01 3.33469e-18 7.74082e-05 
4410.00 1.36749e-05 8.04593e-01 3.43693e-18 8.39527e-05 
4414.36 1.40035e-05 8.05283e-01 3.49329e-18 8.75410e-05 
4420.12 1.43490e-05 8.06190e-01 3.56643e-18 9.18014e-05 
4426.48 1.45831e-05 8.07188e-01 3.64531e-18 9.56182e-05 
4430.00 1.46331e-05 8.07737e-01 3.68804e-18 9.72141e-05 
4438.61 1.45483e-05 8.09073e-01 3.78951e-18 9.96672e-05 
4442.22 1.44872e-05 8.09630e-01 3.83074e-18 1.00479e-04 
4450.00 1.44765e-05 8.10822e-01 3.91671e-18 1.02990e-04 
4450.74 1.44914e-05 8.10935e-01 3.92469e-18 1.03338e-04 
4462.88 1.50109e-05 8.12776e-01 4.04975e-18 1.11006e-04 
4464.43 1.50812e-05 8.13010e-01 4.06492e-18 1.12014e-04 
4470.00 1.52589e-05 8.13850e-01 4.11796e-18 1.15075e-04 
4475.03 1.52801e-05 8.14605e-01 4.16371e-18 1.16754e-04 
4486.75 1.52995e-05 8.16350e-01 4.26230e-18 1.20241e-04 
4487.18 1.53122e-05 8.16413e-01 4.26568e-18 1.20457e-04 
4490.00 1.54367e-05 8.16829e-01 4.28755e-18 1.22198e-04 
4499.34 1.62545e-05 8.18193e-01 4.35492e-18 1.31184e-04 
4509.19 1.68828e-05 8.19620e-01 4.41744e-18 1.38755e-04 
4510.00 1.68840e-05 8.19738e-01 4.42222e-18 1.38960e-04 
4511.50 1.68579e-05 8.19954e-01 4.43085e-18 1.39099e-04 
4523.67 1.58407e-05 8.21703e-01 4.49303e-18 1.33181e-04 
4530.00 1.53063e-05 8.22605e-01 4.51982e-18 1.29779e-04 
4531.73 1.52254e-05 8.22850e-01 4.52648e-18 1.29371e-04 
4535.85 1.51587e-05 8.23431e-01 4.54118e-18 1.29432e-04 
4548.03 1.56739e-05 8.25137e-01 4.57522e-18 1.35476e-04 
4550.00 1.58111e-05 8.25411e-01 4.57940e-18 1.36892e-04 
4554.39 1.61247e-05 8.26020e-01 4.58740e-18 1.40088e-04 
4560.22 1.64960e-05 8.26827e-01 4.59522e-18 1.43882e-04 
4570.00 1.67449e-05 8.28173e-01 4.60128e-18 1.46798e-04 
4572.41 1.66925e-05 8.28503e-01 4.60143e-18 1.46480e-04 
4577.16 1.64808e-05 8.29150e-01 4.60020e-18 1.44846e-04 
4584.62 1.60498e-05 8.30158e-01 4.59427e-18 1.41278e-04 
4590.00 1.58404e-05 8.30880e-01 4.58701e-18 1.39499e-04 
4596.82 1.58548e-05 8.31791e-01 4.57434e-18 1.39600e-04 
4600.05 1.59356e-05 8.32220e-01 4.56704e-18 1.40258e-04 
4609.04 1.61845e-05 8.33412e-01 4.54240e-18 1.42160e-04 
4610.00 1.61994e-05 8.33539e-01 4.53939e-18 1.42249e-04 
4621.26 1.61286e-05 8.35017e-01 4.49936e-18 1.40970e-04 
4623.05 1.60946e-05 8.35250e-01 4.49219e-18 1.40542e-04 
4630.00 1.59751e-05 8.36151e-01 4.46237e-18 1.38930e-04 
4633.48 1.59460e-05 8.36599e-01 4.44631e-18 1.38356e-04 
4645.71 1.60256e-05 8.38163e-01 4.38444e-18 1.37731e-04 
4646.16 1.60330e-05 8.38220e-01 4.38202e-18 1.37741e-04 
4650.00 1.61066e-05 8.38708e-01 4.36093e-18 1.37901e-04 
4657.95 1.62962e-05 8.39714e-01 4.31510e-18 1.38461e-04 
4669.39 1.65060e-05 8.41150e-01 4.24487e-18 1.38536e-04 
4670.00 1.65106e-05 8.41226e-01 4.24102e-18 1.38479e-04 
4670.20 1.65119e-05 8.41250e-01 4.23978e-18 1.38459e-04 
4682.45 1.64084e-05 8.42769e-01 4.16003e-18 1.35603e-04 
4690.00 1.61808e-05 8.43695e-01 4.10941e-18 1.32453e-04 
4692.74 1.60722e-05 8.44030e-01 4.09087e-18 1.31098e-04 
4694.70 1.59902e-05 8.44269e-01 4.07755e-18 1.30096e-04 
4706.97 1.55987e-05 8.45753e-01 3.99411e-18 1.24858e-04 
4710.00 1.55875e-05 8.46117e-01 3.97354e-18 1.24259e-04 
4716.20 1.57182e-05 8.46860e-01 3.93176e-18 1.24257e-04 
4719.24 1.58344e-05 8.47222e-01 3.91156e-18 1.24665e-04 
4730.00 1.62921e-05 8.48499e-01 3.84142e-18 1.26446e-04 
4731.51 1.63402e-05 8.48678e-01 3.83182e-18 1.26569e-04 
4739.79 1.64971e-05 8.49650e-01 3.78069e-18 1.26444e-04 
4743.79 1.65265e-05 8.50118e-01 3.75689e-18 1.26048e-04 
4750.00 1.65432e-05 8.50839e-01 3.72150e-18 1.25257e-04 
4756.08 1.65518e-05 8.51541e-01 3.68879e-18 1.24482e-04 
4763.48 1.65585e-05 8.52390e-01 3.65195e-18 1.23604e-04 
4768.37 1.65596e-05 8.52947e-01 3.62961e-18 1.23063e-04 
4770.00 1.65593e-05 8.53132e-01 3.62257e-18 1.22890e-04 
4780.67 1.65389e-05 8.54337e-01 3.58145e-18 1.21789e-04 
4787.30 1.64970e-05 8.55080e-01 3.56082e-18 1.21053e-04 
4790.00 1.64703e-05 8.55381e-01 3.55359e-18 1.20722e-04 
4792.98 1.64339e-05 8.55714e-01 3.54644e-18 1.20334e-04 
4805.29 1.62972e-05 8.57078e-01 3.52673e-18 1.19165e-04 
4810.00 1.62974e-05 8.57594e-01 3.52369e-18 1.19252e-04 
4811.24 1.63060e-05 8.57730e-01 3.52333e-18 1.19353e-04 
4817.61 1.63908e-05 8.58425e-01 3.52448e-18 1.20269e-04 
4829.94 1.65120e-05 8.59756e-01 3.54183e-18 1.22255e-04 
4830.00 1.65117e-05 8.59763e-01 3.54197e-18 1.22260e-04 
4835.29 1.64351e-05 8.60330e-01 3.55602e-18 1.22390e-04 
4842.27 1.61505e-05 8.61074e-01 3.58092e-18 1.21393e-04 
4850.00 1.55442e-05 8.61893e-01 3.61744e-18 1.18328e-04 
4854.61 1.50357e-05 8.62379e-01 3.64387e-18 1.15468e-04 
4859.47 1.44861e-05 8.62890e-01 3.67569e-18 1.12398e-04 
4866.95 1.39205e-05 8.63672e-01 3.73276e-18 1.09955e-04 
4870.00 1.38837e-05 8.63989e-01 3.75893e-18 1.10542e-04 
4879.30 1.45591e-05 8.64951e-01 3.84962e-18 1.19076e-04 
4883.77 1.50783e-05 8.65410e-01 3.89914e-18 1.25089e-04 
4890.00 1.56950e-05 8.66046e-01 3.97493e-18 1.33004e-04 
4891.66 1.58010e-05 8.66215e-01 3.99643e-18 1.34698e-04 
4904.02 1.58821e-05 8.67463e-01 4.17512e-18 1.42005e-04 
4908.19 1.57535e-05 8.67880e-01 4.24282e-18 1.43330e-04 
4910.00 1.56929e-05 8.68061e-01 4.27348e-18 1.43893e-04 
4916.39 1.55021e-05 8.68697e-01 4.38752e-18 1.46234e-04 
4928.77 1.53574e-05 8.69920e-01 4.63535e-18 1.53653e-04 
4930.00 1.53675e-05 8.70042e-01 4.66208e-18 1.54700e-04 
4932.73 1.54083e-05 8.70310e-01 4.72244e-18 1.57256e-04 
4941.15 1.56496e-05 8.71135e-01 4.92027e-18 1.66850e-04 
4950.00 1.59603e-05 8.71997e-01 5.14744e-18 1.78515e-04 
4953.54 1.60626e-05 8.72339e-01 5.24376e-18 1.83224e-04 
4957.39 1.61455e-05 8.72710e-01 5.35252e-18 1.88216e-04 
4965.93 1.61807e-05 8.73526e-01 5.60719e-18 1.98127e-04 
4970.00 1.61048e-05 8.73912e-01 5.73543e-18 2.01962e-04 
4978.33 1.57506e-05 8.74699e-01 6.01178e-18 2.07571e-04 
4982.18 1.55274e-05 8.75060e-01 6.14584e-18 2.09441e-04 
4990.00 1.50418e-05 8.75791e-01 6.43083e-18 2.12810e-04 
4990.74 1.49975e-05 8.75860e-01 6.45855e-18 2.13145e-04 
5003.15 1.44452e-05 8.77009e-01 6.94836e-18 2.21705e-04 
5007.09 1.43981e-05 8.77370e-01 7.11285e-18 2.26485e-04 
5010.00 1.44209e-05 8.77635e-01 7.23719e-18 2.31013e-04 
5015.57 1.46015e-05 8.78141e-01 7.48183e-18 2.42222e-04 
5028.00 1.51839e-05 8.79260e-01 8.05940e-18 2.72346e-04 
5030.00 1.52387e-05 8.79439e-01 8.15669e-18 2.76796e-04 
5032.12 1.52713e-05 8.79630e-01 8.26108e-18 2.81117e-04 
5040.43 1.52359e-05 8.80373e-01 8.68125e-18 2.95466e-04 
5050.00 1.52135e-05 8.81226e-01 9.18994e-18 3.13217e-04 
5052.87 1.52792e-05 8.81480e-01 9.34729e-18 3.20228e-04 
5057.29 1.54361e-05 8.81870e-01 9.59445e-18 3.32508e-04 
5065.31 1.57276e-05 8.82572e-01 1.00572e-17 3.55974e-04 
5070.00 1.57907e-05 8.82979e-01 1.03359e-17 3.67816e-04 
5077.76 1.56096e-05 8.83648e-01 1.08104e-17 3.81163e-04 
5082.57 1.54118e-05 8.84060e-01 1.11127e-17 3.87401e-04 
5090.00 1.51807e-05 8.84693e-01 1.15916e-17 3.98903e-04 
5090.22 1.51775e-05 8.84712e-01 1.16060e-17 3.99342e-04 
5102.68 1.53033e-05 8.85765e-01 1.24428e-17 4.33255e-04 
5107.98 1.53933e-05 8.86210e-01 1.28107e-17 4.49380e-04 
5110.00 1.54084e-05 8.86379e-01 1.29524e-17 4.55062e-04 
5115.15 1.53784e-05 8.86809e-01 1.33193e-17 4.67740e-04 
5127.63 1.50968e-05 8.87845e-01 1.42339e-17 4.92476e-04 
5130.00 1.50451e-05 8.88040e-01 1.44116e-17 4.97258e-04 
5133.52 1.49835e-05 8.88330e-01 1.46784e-17 5.04897e-04 
5140.11 1.48714e-05 8.88869e-01 1.51843e-17 5.19373e-04 
5150.00 1.45045e-05 8.89671e-01 1.59606e-17 5.33965e-04 
5152.60 1.43320e-05 8.89881e-01 1.61683e-17 5.34873e-04 
5159.19 1.37948e-05 8.90410e-01 1.66998e-17 5.32748e-04 
5165.10 1.33077e-05 8.90881e-01 1.71831e-17 5.29697e-04 
5170.00 1.29960e-05 8.91270e-01 1.75889e-17 5.30239e-04 
5177.60 1.28067e-05 8.91870e-01 1.82260e-17 5.42601e-04 
5184.99 1.29464e-05 8.92450e-01 1.88539e-17 5.68598e-04 
5190.00 1.31973e-05 8.92842e-01 1.92843e-17 5.93682e-04 
5190.11 1.32041e-05 8.92850e-01 1.92937e-17 5.94294e-04 
5202.62 1.41304e-05 8.93822e-01 2.03827e-17 6.74241e-04 
5210.00 1.45513e-05 8.94390e-01 2.10328e-17 7.17937e-04 
5210.91 1.45826e-05 8.94460e-01 2.11137e-17 7.22433e-04 
5215.15 1.46687e-05 8.94783e-01 2.14895e-17 7.40500e-04 
5227.67 1.47458e-05 8.95732e-01 2.26100e-17 7.85922e-04 
5230.00 1.48006e-05 8.95908e-01 2.28193e-17 7.96656e-04 
5236.97 1.50979e-05 8.96430e-01 2.34476e-17 8.36628e-04 
5240.21 1.52398e-05 8.96672e-01 2.37403e-17 8.55800e-04 
5250.00 1.52563e-05 8.97400e-01 2.46271e-17 8.91108e-04 
5252.75 1.50674e-05 8.97604e-01 2.48761e-17 8.89644e-04 
5263.15 1.39612e-05 8.98370e-01 2.58191e-17 8.58003e-04 
5265.29 1.37652e-05 8.98527e-01 2.60131e-17 8.52807e-04 
5270.00 1.35193e-05 8.98871e-01 2.64387e-17 8.52366e-04 
5277.85 1.38330e-05 8.99442e-01 2.71467e-17 8.97398e-04 
5289.47 1.50596e-05 9.00280e-01 2.81886e-17 1.01766e-03 
5290.00 1.51119e-05 9.00318e-01 2.82360e-17 1.02305e-03 
5290.41 1.51509e-05 9.00347e-01 2.82724e-17 1.02712e-03 
5302.97 1.57882e-05 9.01241e-01 2.93856e-17 1.11622e-03 
5310.00 1.55989e-05 9.01736e-01 3.00006e-17 1.12803e-03 
5315.55 1.51651e-05 9.02124e-01 3.04817e-17 1.11589e-03 
5315.92 1.51309e-05 9.02150e-01 3.05135e-17 1.11465e-03 
5328.13 1.41559e-05 9.02996e-01 3.15561e-17 1.08194e-03 
5330.00 1.41063e-05 9.03125e-01 3.17140e-17 1.08408e-03 
5340.71 1.45171e-05 9.03858e-01 3.26043e-17 1.15021e-03 
5342.50 1.46449e-05 9.03980e-01 3.27504e-17 1.16609e-03 
5350.00 1.51175e-05 9.04490e-01 3.33581e-17 1.22846e-03 
5353.30 1.52206e-05 9.04713e-01 3.36218e-17 1.24770e-03 
5365.90 1.51444e-05 9.05560e-01 3.46043e-17 1.28194e-03 
5369.21 1.50864e-05 9.05780e-01 3.48557e-17 1.28740e-03 
5370.00 1.50747e-05 9.05833e-01 3.49155e-17 1.28888e-03 
5378.51 1.50095e-05 9.06395e-01 3.55476e-17 1.30942e-03 
5390.00 1.49000e-05 9.07147e-01 3.63698e-17 1.33388e-03 
5391.12 1.48758e-05 9.07220e-01 3.64478e-17 1.33495e-03 
5396.05 1.47392e-05 9.07540e-01 3.67874e-17 1.33671e-03 
5403.74 1.45073e-05 9.08036e-01 3.73010e-17 1.33668e-03 
5410.00 1.43958e-05 9.08438e-01 3.77058e-17 1.34295e-03 
5416.36 1.44234e-05 9.08844e-01 3.81037e-17 1.36193e-03 
5423.03 1.45668e-05 9.09270e-01 3.85063e-17 1.39237e-03 
5428.99 1.47397e-05 9.09649e-01 3.88526e-17 1.42372e-03 
5430.00 1.47695e-05 9.09713e-01 3.89099e-17 1.42907e-03 
5441.63 1.50524e-05 9.10451e-01 3.95446e-17 1.48458e-03 
5450.00 1.51239e-05 9.10981e-01 3.99702e-17 1.51088e-03 
5450.15 1.51237e-05 9.10990e-01 3.99776e-17 1.51120e-03 
5454.27 1.50983e-05 9.11250e-01 4.01772e-17 1.51776e-03 
5466.92 1.48929e-05 9.12042e-01 4.07478e-17 1.52322e-03 
5470.00 1.48452e-05 9.12234e-01 4.08769e-17 1.52433e-03 
5477.40 1.47747e-05 9.12690e-01 4.11718e-17 1.53088e-03 
5479.58 1.47638e-05 9.12823e-01 4.12544e-17 1.53365e-03 
5490.00 1.47446e-05 9.13456e-01 4.16220e-17 1.54931e-03 
5492.24 1.47430e-05 9.13591e-01 4.16952e-17 1.55273e-03 
5504.79 1.47375e-05 9.14340e-01 4.20656e-17 1.57081e-03 
5504.91 1.47375e-05 9.14347e-01 4.20690e-17 1.57098e-03 
5510.00 1.47393e-05 9.14649e-01 4.21999e-17 1.57804e-03 
5517.59 1.47516e-05 9.15098e-01 4.23746e-17 1.58886e-03 
5530.00 1.48341e-05 9.15825e-01 4.26070e-17 1.61141e-03 
5530.27 1.48373e-05 9.15841e-01 4.26114e-17 1.61202e-03 
5532.31 1.48625e-05 9.15960e-01 4.26430e-17 1.61676e-03 
5542.96 1.49943e-05 9.16577e-01 4.27790e-17 1.64055e-03 
5550.00 1.50091e-05 9.16981e-01 4.28421e-17 1.64741e-03 
5555.66 1.49398e-05 9.17305e-01 4.28775e-17 1.64341e-03 
5559.97 1.48471e-05 9.17550e-01 4.28952e-17 1.63559e-03 
5568.36 1.46163e-05 9.18025e-01 4.29071e-17 1.61388e-03 
5570.00 1.45692e-05 9.18117e-01 4.29060e-17 1.60927e-03 
5581.07 1.43062e-05 9.18737e-01 4.28686e-17 1.58305e-03 
5587.77 1.42495e-05 9.19110e-01 4.28213e-17 1.57758e-03 
5590.00 1.42575e-05 9.19233e-01 4.28014e-17 1.57857e-03 
5593.79 1.43048e-05 9.19443e-01 4.27631e-17 1.58382e-03 
5606.51 1.46047e-05 9.20140e-01 4.25916e-17 1.61542e-03 
5610.00 1.46721e-05 9.20330e-01 4.25333e-17 1.62200e-03 
5615.71 1.47286e-05 9.20640e-01 4.24275e-17 1.62639e-03 
5619.24 1.47377e-05 9.20830e-01 4.23559e-17 1.62601e-03 
5630.00 1.47250e-05 9.21407e-01 4.21080e-17 1.61920e-03 
5631.97 1.47263e-05 9.21512e-01 4.20578e-17 1.61817e-03 
5643.79 1.47339e-05 9.22140e-01 4.17274e-17 1.61076e-03 
5644.71 1.47302e-05 9.22189e-01 4.16994e-17 1.60962e-03 
5650.00 1.46817e-05 9.22468e-01 4.15336e-17 1.59992e-03 
5657.46 1.45332e-05 9.22861e-01 4.12830e-17 1.57693e-03 
5670.00 1.43417e-05 9.23516e-01 4.08196e-17 1.54319e-03 
5670.22 1.43418e-05 9.23527e-01 4.08112e-17 1.54296e-03 
5672.01 1.43483e-05 9.23620e-01 4.07406e-17 1.54163e-03 
5682.98 1.44989e-05 9.24185e-01 4.02866e-17 1.54438e-03 
5690.00 1.45264e-05 9.24544e-01 3.99765e-17 1.53790e-03 
5695.75 1.44223e-05 9.24836e-01 3.97121e-17 1.51879e-03 
5700.37 1.43060e-05 9.25070e-01 3.94924e-17 1.49980e-03 
5708.52 1.42160e-05 9.25480e-01 3.90907e-17 1.47797e-03 
5710.00 1.42351e-05 9.25554e-01 3.90159e-17 1.47762e-03 
5721.30 1.47129e-05 9.26117e-01 3.84256e-17 1.50800e-03 
5728.87 1.50067e-05 9.26490e-01 3.80125e-17 1.52421e-03 
5730.00 1.50244e-05 9.26545e-01 3.79498e-17 1.52388e-03 
5734.09 1.50137e-05 9.26745e-01 3.77199e-17 1.51498e-03 
5746.88 1.46299e-05 9.27367e-01 3.69769e-17 1.45137e-03 
5750.00 1.45626e-05 9.27517e-01 3.67908e-17 1.43844e-03 
5757.52 1.45651e-05 9.27880e-01 3.63340e-17 1.42324e-03 
5759.69 1.45919e-05 9.27985e-01 3.62000e-17 1.42129e-03 
5770.00 1.46785e-05 9.28482e-01 3.55520e-17 1.40740e-03 
5772.49 1.46544e-05 9.28601e-01 3.53926e-17 1.39958e-03 
5785.31 1.43539e-05 9.29213e-01 3.45578e-17 1.34240e-03 
5786.30 1.43331e-05 9.29260e-01 3.44920e-17 1.33820e-03 
5790.00 1.42790e-05 9.29435e-01 3.42461e-17 1.32474e-03 
5798.13 1.43153e-05 9.29816e-01 3.36992e-17 1.30927e-03 
5810.00 1.45645e-05 9.30368e-01 3.28861e-17 1.30336e-03 
5810.96 1.45849e-05 9.30412e-01 3.28199e-17 1.30283e-03 
5815.23 1.46652e-05 9.30610e-01 3.25228e-17 1.29937e-03 
5823.79 1.47494e-05 9.31004e-01 3.19233e-17 1.28517e-03 
5830.00 1.47204e-05 9.31289e-01 3.14844e-17 1.26675e-03 
5836.63 1.45987e-05 9.31592e-01 3.10125e-17 1.23926e-03 
5844.31 1.44392e-05 9.31940e-01 3.04626e-17 1.20602e-03 
5849.48 1.43903e-05 9.32173e-01 3.00905e-17 1.18860e-03 
5850.00 1.43901e-05 9.32196e-01 3.00530e-17 1.18724e-03 
5862.33 1.45085e-05 9.32747e-01 2.91605e-17 1.16460e-03 
5870.00 1.43929e-05 9.33085e-01 2.86035e-17 1.13514e-03 
5873.53 1.42109e-05 9.33240e-01 2.83464e-17 1.11157e-03 
5875.19 1.41032e-05 9.33313e-01 2.82253e-17 1.09882e-03 
5888.06 1.33321e-05 9.33872e-01 2.72877e-17 1.00704e-03 
5890.00 1.33011e-05 9.33956e-01 2.71465e-17 9.99921e-04 
5900.94 1.37148e-05 9.34426e-01 2.63503e-17 1.00314e-03 
5902.90 1.38400e-05 9.34510e-01 2.62076e-17 1.00725e-03 
5910.00 1.42272e-05 9.34813e-01 2.56921e-17 1.01661e-03 
5913.82 1.43235e-05 9.34976e-01 2.54156e-17 1.01331e-03 
5926.71 1.42300e-05 9.35521e-01 2.44860e-17 9.72551e-04 
5930.00 1.41824e-05 9.35659e-01 2.42496e-17 9.60618e-04 
5932.41 1.41594e-05 9.35760e-01 2.40766e-17 9.52710e-04 
5939.60 1.41444e-05 9.36058e-01 2.35638e-17 9.32851e-04 
5950.00 1.41897e-05 9.36486e-01 2.28271e-17 9.08584e-04 
5952.50 1.41996e-05 9.36589e-01 2.26510e-17 9.02680e-04 
5962.08 1.42141e-05 9.36980e-01 2.19810e-17 8.78656e-04 
5965.41 1.42107e-05 9.37116e-01 2.17496e-17 8.69805e-04 
5970.00 1.41989e-05 9.37303e-01 2.14321e-17 8.57229e-04 
5978.32 1.41568e-05 9.37642e-01 2.08612e-17 8.33381e-04 
5990.00 1.40511e-05 9.38114e-01 2.00710e-17 7.97784e-04 
5991.24 1.40365e-05 9.38164e-01 1.99876e-17 7.93854e-04 
5991.89 1.40288e-05 9.38190e-01 1.99446e-17 7.91816e-04 
6004.17 1.38760e-05 9.38682e-01 1.91303e-17 7.53148e-04 
6010.00 1.38202e-05 9.38913e-01 1.87496e-17 7.36090e-04 
6017.11 1.37870e-05 9.39194e-01 1.82905e-17 7.17403e-04 
6021.85 1.37882e-05 9.39380e-01 1.79875e-17 7.06275e-04 
6030.00 1.38355e-05 9.39698e-01 1.74724e-17 6.89565e-04 
6030.05 1.38359e-05 9.39700e-01 1.74694e-17 6.89476e-04 
6043.00 1.39934e-05 9.40199e-01 1.66681e-17 6.67122e-04 
6050.00 1.40590e-05 9.40466e-01 1.62434e-17 6.54112e-04 
6051.96 1.40682e-05 9.40540e-01 1.61259e-17 6.50070e-04 
6055.95 1.40730e-05 9.40691e-01 1.58875e-17 6.41202e-04 
6068.91 1.39719e-05 9.41176e-01 1.51282e-17 6.07785e-04 
6070.00 1.39562e-05 9.41217e-01 1.50655e-17 6.04719e-04 
6081.88 1.37535e-05 9.41658e-01 1.43911e-17 5.70638e-04 
6082.21 1.37481e-05 9.41670e-01 1.43723e-17 5.69708e-04 
6090.00 1.36514e-05 9.41957e-01 1.39411e-17 5.49600e-04 
6094.85 1.36297e-05 9.42136e-01 1.36765e-17 5.38842e-04 
6107.84 1.35633e-05 9.42608e-01 1.29848e-17 5.10438e-04 
6110.00 1.35270e-05 9.42686e-01 1.28719e-17 5.04863e-04 
6112.63 1.34667e-05 9.42780e-01 1.27356e-17 4.97557e-04 
6120.83 1.32253e-05 9.43070e-01 1.23164e-17 4.73334e-04 
6130.00 1.30501e-05 9.43390e-01 1.18586e-17 4.50527e-04 
6133.82 1.30620e-05 9.43521e-01 1.16715e-17 4.44160e-04 
6143.19 1.31981e-05 9.43840e-01 1.12213e-17 4.32284e-04 
6146.82 1.32302e-05 9.43962e-01 1.10500e-17 4.27030e-04 
6150.00 1.32217e-05 9.44069e-01 1.09017e-17 4.21294e-04 
6159.83 1.29753e-05 9.44396e-01 1.04520e-17 3.97160e-04 
6170.00 1.27791e-05 9.44732e-01 1.00011e-17 3.75031e-04 
6172.85 1.28090e-05 9.44825e-01 9.87748e-18 3.71468e-04 
6173.91 1.28305e-05 9.44860e-01 9.83179e-18 3.70448e-04 
6185.87 1.32615e-05 9.45253e-01 9.32615e-18 3.64054e-04 
6190.00 1.33963e-05 9.45389e-01 9.15614e-18 3.61345e-04 
6198.90 1.35025e-05 9.45688e-01 8.79781e-18 3.50570e-04 
6204.77 1.34711e-05 9.45890e-01 8.56706e-18 3.40976e-04 
6210.00 1.34101e-05 9.46073e-01 8.36576e-18 3.31802e-04 
6211.93 1.33848e-05 9.46142e-01 8.29217e-18 3.28388e-04 
6224.98 1.31746e-05 9.46611e-01 7.80885e-18 3.05180e-04 
6230.00 1.30619e-05 9.46792e-01 7.62864e-18 2.95883e-04 
6235.80 1.29086e-05 9.47000e-01 7.42467e-18 2.84919e-04 
6238.03 1.28508e-05 9.47079e-01 7.34744e-18 2.80817e-04 
6250.00 1.26953e-05 9.47497e-01 6.94316e-18 2.62772e-04 
6251.08 1.27031e-05 9.47534e-01 6.90748e-18 2.61638e-04 
6264.15 1.30201e-05 9.47976e-01 6.48847e-18 2.52546e-04 
6266.98 1.31026e-05 9.48070e-01 6.40039e-18 2.50833e-04 
6270.00 1.31781e-05 9.48170e-01 6.30743e-18 2.48762e-04 
6277.22 1.32782e-05 9.48406e-01 6.08989e-18 2.42345e-04 
6290.00 1.32073e-05 9.48816e-01 5.71943e-18 2.26946e-04 
6290.29 1.32025e-05 9.48826e-01 5.71116e-18 2.26548e-04 
6298.31 1.30400e-05 9.49080e-01 5.48856e-18 2.15371e-04 
6303.38 1.29315e-05 9.49240e-01 5.35170e-18 2.08454e-04 
6310.00 1.28268e-05 9.49447e-01 5.17695e-18 2.00270e-04 
6316.47 1.27967e-05 9.49648e-01 5.01090e-18 1.93631e-04 
6329.56 1.28572e-05 9.50053e-01 4.68814e-18 1.82470e-04 
6329.80 1.28585e-05 9.50060e-01 4.68241e-18 1.82274e-04 
6330.00 1.28596e-05 9.50066e-01 4.67772e-18 1.82113e-04 
6342.67 1.28898e-05 9.50452e-01 4.38280e-18 1.71444e-04 
6350.00 1.28730e-05 9.50674e-01 4.21939e-18 1.65066e-04 
6355.78 1.28446e-05 9.50849e-01 4.09423e-18 1.59991e-04 
6361.45 1.28166e-05 9.51020e-01 3.97444e-18 1.55138e-04 
6368.90 1.28052e-05 9.51244e-01 3.82178e-18 1.49256e-04 
6370.00 1.28077e-05 9.51278e-01 3.79961e-18 1.48450e-04 
6382.02 1.28772e-05 9.51638e-01 3.56482e-18 1.40349e-04 
6390.00 1.28679e-05 9.51874e-01 3.41599e-18 1.34594e-04 
6393.26 1.28290e-05 9.51970e-01 3.35672e-18 1.31940e-04 
6395.15 1.27985e-05 9.52025e-01 3.32270e-18 1.30338e-04 
6408.29 1.25756e-05 9.52406e-01 3.09478e-18 1.19576e-04 
6410.00 1.25627e-05 9.52455e-01 3.06618e-18 1.18387e-04 
6421.44 1.26150e-05 9.52782e-01 2.88044e-18 1.11916e-04 
6425.23 1.26486e-05 9.52890e-01 2.82112e-18 1.09981e-04 
6430.00 1.26707e-05 9.53026e-01 2.74789e-18 1.07408e-04 
6434.59 1.26551e-05 9.53157e-01 2.67905e-18 1.04678e-04 
6447.75 1.25188e-05 9.53530e-01 2.49001e-18 9.64781e-05 
6450.00 1.25011e-05 9.53593e-01 2.45888e-18 9.51771e-05 
6457.35 1.24794e-05 9.53800e-01 2.35956e-18 9.12979e-05 
6460.92 1.24783e-05 9.53900e-01 2.31271e-18 8.95362e-05 
6470.00 1.24517e-05 9.54152e-01 2.19698e-18 8.50160e-05 
6474.09 1.24119e-05 9.54265e-01 2.14659e-18 8.28627e-05 
6487.27 1.22773e-05 9.54626e-01 1.99106e-18 7.62087e-05 
6489.64 1.22747e-05 9.54690e-01 1.96417e-18 7.51961e-05 
6490.00 1.22753e-05 9.54700e-01 1.96011e-18 7.50497e-05 
6500.46 1.23889e-05 9.54983e-01 1.84557e-18 7.14538e-05 
6510.00 1.25187e-05 9.55239e-01 1.74628e-18 6.84368e-05 
6513.65 1.25386e-05 9.55336e-01 1.70960e-18 6.71503e-05 
6522.09 1.25276e-05 9.55560e-01 1.62742e-18 6.39638e-05 
6526.85 1.25073e-05 9.55685e-01 1.58263e-18 6.21558e-05 
6530.00 1.24964e-05 9.55768e-01 1.55361e-18 6.09980e-05 
6540.06 1.24431e-05 9.56031e-01 1.46415e-18 5.73445e-05 
6550.00 1.21052e-05 9.56289e-01 1.38031e-18 5.26871e-05 
6553.27 1.18808e-05 9.56373e-01 1.35369e-18 5.07426e-05 
6554.70 1.17702e-05 9.56410e-01 1.34223e-18 4.98575e-05 
6566.49 1.09679e-05 9.56714e-01 1.25078e-18 4.33856e-05 
6570.00 1.09117e-05 9.56804e-01 1.22472e-18 4.22901e-05 
6579.72 1.14029e-05 9.57053e-01 1.15500e-18 4.17506e-05 
6587.47 1.20318e-05 9.57250e-01 1.10204e-18 4.20916e-05 
6590.00 1.21937e-05 9.57314e-01 1.08524e-18 4.20269e-05 
6592.96 1.23257e-05 9.57389e-01 1.06590e-18 4.17463e-05 
6606.20 1.23862e-05 9.57721e-01 9.83084e-19 3.87831e-05 
6610.00 1.23370e-05 9.57815e-01 9.60434e-19 3.77646e-05 
6619.45 1.22597e-05 9.58047e-01 9.06171e-19 3.54668e-05 
6620.41 1.22554e-05 9.58070e-01 9.00821e-19 3.52510e-05 
6630.00 1.22358e-05 9.58300e-01 8.48923e-19 3.32231e-05 
6632.71 1.22352e-05 9.58365e-01 8.34789e-19 3.26838e-05 
6645.97 1.22162e-05 9.58680e-01 7.68589e-19 3.01152e-05 
6650.00 1.21916e-05 9.58776e-01 7.49451e-19 2.93268e-05 
6653.51 1.21591e-05 9.58860e-01 7.33142e-19 2.86298e-05 
6659.24 1.20971e-05 9.58998e-01 7.07237e-19 2.75051e-05 
6670.00 1.20372e-05 9.59260e-01 6.60851e-19 2.56221e-05 
6672.52 1.20483e-05 9.59321e-01 6.50418e-19 2.52520e-05 
6685.80 1.21696e-05 9.59646e-01 5.97834e-19 2.34988e-05 
6686.78 1.21740e-05 9.59670e-01 5.94123e-19 2.33654e-05 
6690.00 1.21753e-05 9.59748e-01 5.82051e-19 2.29059e-05 
6699.09 1.20726e-05 9.59968e-01 5.49201e-19 2.14649e-05 
6710.00 1.19333e-05 9.60229e-01 5.12070e-19 1.98203e-05 
6712.39 1.19283e-05 9.60286e-01 5.04253e-19 1.95176e-05 
6720.21 1.19715e-05 9.60470e-01 4.79443e-19 1.86498e-05 
6725.70 1.20171e-05 9.60597e-01 4.62738e-19 1.80857e-05 
6730.00 1.20363e-05 9.60697e-01 4.50006e-19 1.76294e-05 
6739.01 1.19939e-05 9.60903e-01 4.24418e-19 1.65941e-05 
6750.00 1.18935e-05 9.61153e-01 3.95040e-19 1.53452e-05 
6752.33 1.18806e-05 9.61206e-01 3.89071e-19 1.51030e-05 
6753.81 1.18748e-05 9.61240e-01 3.85301e-19 1.49530e-05 
6765.65 1.18670e-05 9.61510e-01 3.56485e-19 1.38538e-05 
6770.00 1.18686e-05 9.61608e-01 3.46423e-19 1.34746e-05 
6778.99 1.18553e-05 9.61810e-01 3.26464e-19 1.27035e-05 
6787.58 1.18201e-05 9.62000e-01 3.08389e-19 1.19821e-05 
6790.00 1.18064e-05 9.62052e-01 3.03479e-19 1.17825e-05 
6792.33 1.17918e-05 9.62103e-01 2.98822e-19 1.15919e-05 
6805.67 1.17194e-05 9.62386e-01 2.73387e-19 1.05640e-05 
6810.00 1.17169e-05 9.62477e-01 2.65592e-19 1.02681e-05 
6819.03 1.17542e-05 9.62667e-01 2.49995e-19 9.71060e-06 
6821.52 1.17652e-05 9.62720e-01 2.45846e-19 9.56242e-06 
6830.00 1.17611e-05 9.62901e-01 2.32209e-19 9.04175e-06 
6832.39 1.17408e-05 9.62952e-01 2.28496e-19 8.88542e-06 
6845.76 1.15533e-05 9.63239e-01 2.08748e-19 8.00582e-06 
6850.00 1.15135e-05 9.63330e-01 2.02828e-19 7.75754e-06 
6855.63 1.15056e-05 9.63450e-01 1.95220e-19 7.46845e-06 
6859.13 1.15202e-05 9.63524e-01 1.90617e-19 7.30595e-06 
6870.00 1.15921e-05 9.63751e-01 1.77001e-19 6.83888e-06 
6872.52 1.16025e-05 9.63803e-01 1.73982e-19 6.73103e-06 
6885.91 1.15964e-05 9.64078e-01 1.58726e-19 6.15131e-06 
6889.91 1.15820e-05 9.64160e-01 1.54422e-19 5.98109e-06 
6890.00 1.15817e-05 9.64162e-01 1.54323e-19 5.97714e-06 
6899.30 1.15408e-05 9.64351e-01 1.44743e-19 5.59496e-06 
6910.00 1.14913e-05 9.64568e-01 1.34432e-19 5.18328e-06 
6912.71 1.14799e-05 9.64623e-01 1.31935e-19 5.08423e-06 
6924.36 1.14434e-05 9.64860e-01 1.21690e-19 4.68355e-06 
6926.12 1.14404e-05 9.64896e-01 1.20207e-19 4.62661e-06 
6930.00 1.14366e-05 9.64975e-01 1.17003e-19 4.50474e-06 
6939.54 1.14485e-05 9.65172e-01 1.09475e-19 4.22593e-06 
