##### EXOPHOT SPECTRAL OVERLAP FILE #####
# Date: 02/12/2021 11:19:12
# SED file: SED_a5v.txt
# atmosphere file: atm_a5v_hzm_os4.txt
# photopigment file: phot2s.txt
# Stellar radius (Rs in km): 1.183778e+06
# Exoplanet orbit semi-major axis (sma in km): 5.183426e+08
# Total absorption rate (gamma_t in s-1): 5.96328e+00
# B band absorption rate (gamma_B in s-1): 4.17523e+00
# Q band absorption rate (gamma_Q in s-1): 1.78805e+00
# B-Q bands cut-off (in nm): 500
# photosynthetic photon flux density [ppfd in micromol photon m-2 s-1]: 2.67698e+03
# Total Stellar Irradiance (S in W m-2): 1.37004e+03
# -------------------------------------------------
# Col 1: Wavelength (wl in Angstrom) 
# Col 2: Spectral Flux Density (F_l in J cm-2 s-1 A-1) 
# Col 3: Atmosphere transmitance (T, no units) 
# Col 4: Pigment absorption cross section (sigma_abs in cm-2) 
# Col 5: Spectral Absorption Rate (Gamma_lambda in A-1 s-1)
2505.65 5.50224e-06 5.43718e-01 5.68047e-19 2.14359e-06 
2513.00 1.06490e-05 5.47526e-01 5.54211e-19 4.08793e-06 
2515.76 1.09916e-05 5.48950e-01 5.47350e-19 4.18266e-06 
2516.83 1.09734e-05 5.49503e-01 5.44451e-19 4.15958e-06 
2518.00 1.08807e-05 5.50105e-01 5.41154e-19 4.10584e-06 
2525.00 9.68569e-06 5.53696e-01 5.18529e-19 3.53476e-06 
2528.02 9.37126e-06 5.55237e-01 5.07387e-19 3.35984e-06 
2528.34 9.34995e-06 5.55400e-01 5.06162e-19 3.34551e-06 
2535.00 9.07097e-06 5.58785e-01 4.78859e-19 3.09747e-06 
2539.21 8.78809e-06 5.60909e-01 4.60125e-19 2.89925e-06 
2540.98 8.69381e-06 5.61800e-01 4.51960e-19 2.82368e-06 
2545.00 8.74682e-06 5.63817e-01 4.32893e-19 2.73514e-06 
2550.40 9.55045e-06 5.66512e-01 4.06394e-19 2.82301e-06 
2553.68 1.00386e-05 5.68140e-01 3.89990e-19 2.85937e-06 
2555.00 1.01470e-05 5.68792e-01 3.83359e-19 2.84585e-06 
2561.61 9.94682e-06 5.72052e-01 3.49956e-19 2.56785e-06 
2565.00 9.93218e-06 5.73719e-01 3.32866e-19 2.44920e-06 
2566.45 1.00597e-05 5.74430e-01 3.25601e-19 2.43089e-06 
2572.81 1.11581e-05 5.77534e-01 2.94274e-19 2.45613e-06 
2575.00 1.14877e-05 5.78596e-01 2.83764e-19 2.44493e-06 
2579.28 1.17364e-05 5.80670e-01 2.63666e-19 2.33315e-06 
2584.03 1.16173e-05 5.82955e-01 2.42314e-19 2.13471e-06 
2585.00 1.15740e-05 5.83423e-01 2.38061e-19 2.09188e-06 
2592.18 1.12587e-05 5.86860e-01 2.08289e-19 1.79589e-06 
2595.00 1.11219e-05 5.88204e-01 1.97433e-19 1.68728e-06 
2595.24 1.11093e-05 5.88320e-01 1.96516e-19 1.67803e-06 
2605.00 1.03505e-05 5.92934e-01 1.63320e-19 1.31443e-06 
2605.14 1.03339e-05 5.93000e-01 1.62891e-19 1.30909e-06 
2606.47 1.01710e-05 5.93622e-01 1.58943e-19 1.25919e-06 
2615.00 9.76204e-06 5.97595e-01 1.37108e-19 1.05295e-06 
2617.70 1.02294e-05 5.98843e-01 1.31590e-19 1.06225e-06 
2618.17 1.03367e-05 5.99060e-01 1.30700e-19 1.06672e-06 
2625.00 1.18524e-05 6.02207e-01 1.20385e-19 1.13547e-06 
2628.93 1.20396e-05 6.04008e-01 1.16847e-19 1.12454e-06 
2631.26 1.20340e-05 6.05070e-01 1.15653e-19 1.11547e-06 
2635.00 1.22615e-05 6.06771e-01 1.15256e-19 1.13746e-06 
2640.17 1.35384e-05 6.09110e-01 1.18099e-19 1.29439e-06 
2644.41 1.48095e-05 6.11020e-01 1.23697e-19 1.49008e-06 
2645.00 1.49564e-05 6.11283e-01 1.24724e-19 1.51834e-06 
2651.42 1.56665e-05 6.14155e-01 1.40423e-19 1.80339e-06 
2655.00 1.52479e-05 6.15750e-01 1.53095e-19 1.92116e-06 
2657.64 1.45591e-05 6.16920e-01 1.64433e-19 1.97592e-06 
2662.67 1.30961e-05 6.19142e-01 1.91353e-19 2.07973e-06 
2665.00 1.27237e-05 6.20167e-01 2.06410e-19 2.18511e-06 
2670.92 1.32186e-05 6.22760e-01 2.52992e-19 2.80026e-06 
2673.92 1.37642e-05 6.24066e-01 2.81651e-19 3.25660e-06 
2675.00 1.39263e-05 6.24534e-01 2.92850e-19 3.42991e-06 
2684.28 1.39054e-05 6.28540e-01 4.11957e-19 4.86540e-06 
2685.00 1.38186e-05 6.28849e-01 4.23086e-19 4.96944e-06 
2685.18 1.37949e-05 6.28929e-01 4.25986e-19 4.99588e-06 
2695.00 1.27012e-05 6.33115e-01 6.10507e-19 6.66040e-06 
2696.45 1.27510e-05 6.33731e-01 6.43403e-19 7.05744e-06 
2697.70 1.28464e-05 6.34260e-01 6.72956e-19 7.44653e-06 
2705.00 1.34281e-05 6.37340e-01 8.71259e-19 1.01537e-05 
2707.72 1.32415e-05 6.38483e-01 9.57418e-19 1.10336e-05 
2711.19 1.27288e-05 6.39930e-01 1.07745e-18 1.19784e-05 
2715.00 1.21493e-05 6.41512e-01 1.22402e-18 1.30388e-05 
2719.00 1.18885e-05 6.43164e-01 1.39558e-18 1.46061e-05 
2724.74 1.23714e-05 6.45520e-01 1.67597e-18 1.83588e-05 
2725.00 1.24188e-05 6.45624e-01 1.68943e-18 1.85819e-05 
2730.29 1.35703e-05 6.47782e-01 1.98835e-18 2.40237e-05 
2735.00 1.37012e-05 6.49701e-01 2.28920e-18 2.80567e-05 
2738.37 1.26249e-05 6.51070e-01 2.52528e-18 2.86141e-05 
2741.58 1.11932e-05 6.52371e-01 2.76717e-18 2.78874e-05 
2745.00 1.00317e-05 6.53753e-01 3.04477e-18 2.75936e-05 
2752.06 1.03693e-05 6.56550e-01 3.68279e-18 3.47357e-05 
2752.87 1.05183e-05 6.56864e-01 3.76178e-18 3.60183e-05 
2755.00 1.08739e-05 6.57684e-01 3.97568e-18 3.94327e-05 
2764.17 1.15230e-05 6.61162e-01 4.99688e-18 5.29737e-05 
2765.00 1.16100e-05 6.61477e-01 5.09761e-18 5.44922e-05 
2765.82 1.17156e-05 6.61790e-01 5.19852e-18 5.61191e-05 
2775.00 1.33236e-05 6.65329e-01 6.42038e-18 7.95072e-05 
2775.47 1.33812e-05 6.65513e-01 6.48828e-18 8.07310e-05 
2779.65 1.35029e-05 6.67130e-01 7.10475e-18 8.95566e-05 
2785.00 1.20892e-05 6.69190e-01 7.94587e-18 9.01230e-05 
2786.79 1.10926e-05 6.69874e-01 8.23921e-18 8.58895e-05 
2793.55 6.75031e-06 6.72450e-01 9.40499e-18 6.00373e-05 
2795.00 6.13155e-06 6.73000e-01 9.66629e-18 5.61242e-05 
2798.10 5.61920e-06 6.74173e-01 1.02370e-17 5.46266e-05 
2805.00 7.73666e-06 6.76762e-01 1.15629e-17 8.54892e-05 
2807.52 9.28798e-06 6.77700e-01 1.20644e-17 1.07327e-04 
2809.42 1.05683e-05 6.78410e-01 1.24507e-17 1.26250e-04 
2815.00 1.38034e-05 6.80472e-01 1.36054e-17 1.81096e-04 
2820.75 1.49696e-05 6.82586e-01 1.48306e-17 2.15187e-04 
2821.55 1.49875e-05 6.82880e-01 1.50036e-17 2.18112e-04 
2825.00 1.48558e-05 6.84140e-01 1.57524e-17 2.27682e-04 
2832.08 1.42730e-05 6.86717e-01 1.73088e-17 2.41874e-04 
2835.00 1.40562e-05 6.87772e-01 1.79521e-17 2.47687e-04 
2835.66 1.40157e-05 6.88010e-01 1.80980e-17 2.49126e-04 
2843.42 1.35051e-05 6.90795e-01 1.98024e-17 2.64442e-04 
2845.00 1.33128e-05 6.91358e-01 2.01452e-17 2.65551e-04 
2849.84 1.25255e-05 6.93080e-01 2.11849e-17 2.63844e-04 
2854.77 1.21936e-05 6.94827e-01 2.22186e-17 2.70531e-04 
2855.00 1.22075e-05 6.94909e-01 2.22666e-17 2.71480e-04 
2864.09 1.39695e-05 6.98100e-01 2.40767e-17 3.38537e-04 
2865.00 1.40849e-05 6.98417e-01 2.42500e-17 3.44055e-04 
2866.12 1.41639e-05 6.98805e-01 2.44601e-17 3.49313e-04 
2875.00 1.36899e-05 7.01865e-01 2.60310e-17 3.61997e-04 
2877.47 1.37004e-05 7.02710e-01 2.64331e-17 3.68631e-04 
2878.41 1.37352e-05 7.03030e-01 2.65812e-17 3.71929e-04 
2885.00 1.39067e-05 7.05273e-01 2.75510e-17 3.92455e-04 
2888.83 1.35775e-05 7.06571e-01 2.80538e-17 3.91393e-04 
2892.80 1.31709e-05 7.07910e-01 2.85237e-17 3.87295e-04 
2895.00 1.30927e-05 7.08650e-01 2.87611e-17 3.88901e-04 
2900.20 1.35973e-05 7.10391e-01 2.92549e-17 4.12573e-04 
2907.27 1.49531e-05 7.12740e-01 2.97691e-17 4.64338e-04 
2910.00 1.53634e-05 7.13643e-01 2.99184e-17 4.80531e-04 
2911.57 1.55129e-05 7.14160e-01 2.99914e-17 4.87008e-04 
2921.80 1.52742e-05 7.17500e-01 3.02395e-17 4.87449e-04 
2922.95 1.51701e-05 7.17871e-01 3.02428e-17 4.84619e-04 
2930.00 1.45243e-05 7.20145e-01 3.01567e-17 4.65254e-04 
2934.33 1.42883e-05 7.21534e-01 3.00152e-17 4.57101e-04 
2936.41 1.42285e-05 7.22200e-01 2.99239e-17 4.54544e-04 
2945.72 1.42710e-05 7.25166e-01 2.93397e-17 4.50257e-04 
2950.00 1.43975e-05 7.26517e-01 2.89802e-17 4.50175e-04 
2951.09 1.44347e-05 7.26860e-01 2.88800e-17 4.50155e-04 
2957.11 1.46532e-05 7.28733e-01 2.82695e-17 4.49377e-04 
2965.85 1.49417e-05 7.31420e-01 2.72262e-17 4.44248e-04 
2968.51 1.50048e-05 7.32235e-01 2.68760e-17 4.41272e-04 
2970.00 1.50323e-05 7.32689e-01 2.66745e-17 4.39259e-04 
2979.92 1.50929e-05 7.35701e-01 2.52431e-17 4.20480e-04 
2980.68 1.50928e-05 7.35930e-01 2.51280e-17 4.18797e-04 
2990.00 1.51160e-05 7.38726e-01 2.36744e-17 3.97917e-04 
2991.33 1.51296e-05 7.39122e-01 2.34628e-17 3.95103e-04 
2995.58 1.51921e-05 7.40390e-01 2.27809e-17 3.86414e-04 
3002.74 1.53218e-05 7.42521e-01 2.16299e-17 3.71976e-04 
3010.00 1.54070e-05 7.44657e-01 2.04812e-17 3.56057e-04 
3010.56 1.54091e-05 7.44820e-01 2.03942e-17 3.54736e-04 
3014.16 1.54050e-05 7.45866e-01 1.98389e-17 3.45885e-04 
3025.59 1.52777e-05 7.49135e-01 1.81817e-17 3.16946e-04 
3025.61 1.52775e-05 7.49140e-01 1.81791e-17 3.16900e-04 
3030.00 1.52244e-05 7.50386e-01 1.75974e-17 3.06648e-04 
3037.02 1.51780e-05 7.52374e-01 1.67474e-17 2.92394e-04 
3040.74 1.51698e-05 7.53420e-01 1.63442e-17 2.85946e-04 
3048.46 1.51742e-05 7.55582e-01 1.56238e-17 2.74903e-04 
3050.00 1.51769e-05 7.56009e-01 1.55014e-17 2.73087e-04 
3055.94 1.51907e-05 7.57650e-01 1.50996e-17 2.67349e-04 
3059.91 1.52079e-05 7.58734e-01 1.48997e-17 2.64832e-04 
3070.00 1.53131e-05 7.61462e-01 1.46675e-17 2.64318e-04 
3071.22 1.53341e-05 7.61790e-01 1.46687e-17 2.64922e-04 
3071.36 1.53365e-05 7.61826e-01 1.46692e-17 2.64998e-04 
3082.81 1.55476e-05 7.64881e-01 1.50359e-17 2.77495e-04 
3086.58 1.55812e-05 7.65880e-01 1.53062e-17 2.83812e-04 
3090.00 1.55765e-05 7.66786e-01 1.56225e-17 2.90252e-04 
3094.27 1.55144e-05 7.67914e-01 1.61175e-17 2.99108e-04 
3102.01 1.53003e-05 7.69940e-01 1.73192e-17 3.18604e-04 
3105.74 1.51832e-05 7.70904e-01 1.80498e-17 3.30312e-04 
3110.00 1.50644e-05 7.71999e-01 1.90150e-17 3.46215e-04 
3117.21 1.49426e-05 7.73841e-01 2.09891e-17 3.80856e-04 
3117.52 1.49397e-05 7.73920e-01 2.10842e-17 3.82586e-04 
3128.69 1.49681e-05 7.76743e-01 2.51131e-17 4.59865e-04 
3130.00 1.49879e-05 7.77068e-01 2.56680e-17 4.71044e-04 
3133.11 1.50479e-05 7.77830e-01 2.70579e-17 4.99521e-04 
3140.17 1.52289e-05 7.79515e-01 3.06193e-17 5.74597e-04 
3148.77 1.54612e-05 7.81530e-01 3.57747e-17 6.85219e-04 
3150.00 1.54895e-05 7.81818e-01 3.65869e-17 7.02592e-04 
3151.66 1.55245e-05 7.82210e-01 3.77206e-17 7.26746e-04 
3163.16 1.55892e-05 7.84945e-01 4.66383e-17 9.08759e-04 
3164.52 1.55683e-05 7.85270e-01 4.78262e-17 9.31443e-04 
3170.00 1.54013e-05 7.86577e-01 5.28991e-17 1.02266e-03 
3174.66 1.51531e-05 7.87685e-01 5.75921e-17 1.09860e-03 
3180.34 1.48010e-05 7.89030e-01 6.38215e-17 1.19330e-03 
3186.16 1.45119e-05 7.90397e-01 7.07879e-17 1.30232e-03 
3190.00 1.44275e-05 7.91293e-01 7.57189e-17 1.38819e-03 
3196.24 1.45247e-05 7.92740e-01 8.43268e-17 1.56231e-03 
3197.67 1.45737e-05 7.93070e-01 8.64029e-17 1.60756e-03 
3209.19 1.49187e-05 7.95703e-01 1.04570e-16 2.00544e-03 
3210.00 1.49197e-05 7.95887e-01 1.05946e-16 2.03294e-03 
3212.22 1.48957e-05 7.96390e-01 1.09791e-16 2.10611e-03 
3220.71 1.45759e-05 7.98297e-01 1.25364e-16 2.36510e-03 
3228.29 1.42805e-05 7.99980e-01 1.40457e-16 2.60771e-03 
3230.00 1.42498e-05 8.00359e-01 1.44029e-16 2.67097e-03 
3232.24 1.42411e-05 8.00852e-01 1.48784e-16 2.76107e-03 
3243.78 1.45734e-05 8.03369e-01 1.74741e-16 3.34075e-03 
3244.43 1.46013e-05 8.03510e-01 1.76279e-16 3.37788e-03 
3250.00 1.48276e-05 8.04713e-01 1.89738e-16 3.70402e-03 
3255.32 1.49817e-05 8.05853e-01 2.03053e-16 4.01737e-03 
3260.65 1.50762e-05 8.06990e-01 2.16855e-16 4.33068e-03 
3266.86 1.51330e-05 8.08305e-01 2.33433e-16 4.69590e-03 
3270.00 1.51481e-05 8.08966e-01 2.42002e-16 4.88177e-03 
3276.95 1.51689e-05 8.10420e-01 2.61370e-16 5.30047e-03 
3278.41 1.51734e-05 8.10723e-01 2.65497e-16 5.39014e-03 
3289.97 1.52550e-05 8.13103e-01 2.98760e-16 6.13757e-03 
3290.00 1.52555e-05 8.13109e-01 2.98853e-16 6.13976e-03 
3293.34 1.53051e-05 8.13790e-01 3.08600e-16 6.37243e-03 
3301.53 1.54402e-05 8.15450e-01 3.32658e-16 6.96123e-03 
3309.80 1.54955e-05 8.17110e-01 3.56940e-16 7.53019e-03 
3310.00 1.54948e-05 8.17149e-01 3.57514e-16 7.54277e-03 
3313.10 1.54691e-05 8.17767e-01 3.66554e-16 7.73377e-03 
3324.67 1.52300e-05 8.20052e-01 3.99766e-16 8.35640e-03 
3326.35 1.51906e-05 8.20380e-01 4.04488e-16 8.44085e-03 
3330.00 1.51135e-05 8.21090e-01 4.14625e-16 8.62541e-03 
3336.25 1.50228e-05 8.22298e-01 4.31589e-16 8.95433e-03 
3342.98 1.49640e-05 8.23590e-01 4.49168e-16 9.31593e-03 
3347.84 1.49288e-05 8.24517e-01 4.61320e-16 9.57004e-03 
3350.00 1.49112e-05 8.24928e-01 4.66583e-16 9.67892e-03 
3359.43 1.48158e-05 8.26709e-01 4.88289e-16 1.01144e-02 
3359.70 1.48129e-05 8.26760e-01 4.88882e-16 1.01263e-02 
3370.00 1.47323e-05 8.28676e-01 5.09946e-16 1.05617e-02 
3371.02 1.47289e-05 8.28865e-01 5.11879e-16 1.06049e-02 
3376.50 1.47269e-05 8.29870e-01 5.21680e-16 1.08372e-02 
3382.63 1.47493e-05 8.30988e-01 5.31557e-16 1.10942e-02 
3390.00 1.47943e-05 8.32323e-01 5.41823e-16 1.13859e-02 
3393.38 1.48165e-05 8.32930e-01 5.45918e-16 1.15090e-02 
3394.23 1.48221e-05 8.33083e-01 5.46890e-16 1.15388e-02 
3405.85 1.48999e-05 8.35147e-01 5.57561e-16 1.18956e-02 
3410.00 1.49290e-05 8.35879e-01 5.60203e-16 1.20004e-02 
3410.35 1.49314e-05 8.35940e-01 5.60396e-16 1.20086e-02 
3417.47 1.49808e-05 8.37188e-01 5.63379e-16 1.21559e-02 
3427.40 1.50240e-05 8.38910e-01 5.64457e-16 1.22749e-02 
3429.09 1.50257e-05 8.39201e-01 5.64285e-16 1.22829e-02 
3430.00 1.50258e-05 8.39356e-01 5.64150e-16 1.22856e-02 
3440.72 1.49832e-05 8.41178e-01 5.60347e-16 1.22327e-02 
3444.54 1.49537e-05 8.41820e-01 5.58031e-16 1.21809e-02 
3450.00 1.49040e-05 8.42737e-01 5.53861e-16 1.20820e-02 
3452.36 1.48811e-05 8.43131e-01 5.51756e-16 1.20314e-02 
3461.76 1.47861e-05 8.44690e-01 5.41628e-16 1.17889e-02 
3464.00 1.47635e-05 8.45059e-01 5.38813e-16 1.17224e-02 
3470.00 1.47050e-05 8.46040e-01 5.30576e-16 1.15307e-02 
3475.65 1.46569e-05 8.46958e-01 5.21912e-16 1.13360e-02 
3479.07 1.46370e-05 8.47510e-01 5.16272e-16 1.12166e-02 
3487.30 1.46424e-05 8.48835e-01 5.01525e-16 1.09431e-02 
3490.00 1.46670e-05 8.49265e-01 4.96369e-16 1.08627e-02 
3496.46 1.47723e-05 8.50290e-01 4.83405e-16 1.06876e-02 
3498.96 1.48211e-05 8.50683e-01 4.78176e-16 1.06194e-02 
3510.00 1.49706e-05 8.52401e-01 4.53865e-16 1.02339e-02 
3510.63 1.49718e-05 8.52498e-01 4.52425e-16 1.02052e-02 
3513.95 1.49623e-05 8.53010e-01 4.44749e-16 1.00412e-02 
3522.30 1.48882e-05 8.54295e-01 4.24847e-16 9.58148e-03 
3530.00 1.48861e-05 8.55470e-01 4.05936e-16 9.18634e-03 
3531.51 1.49060e-05 8.55700e-01 4.02165e-16 9.11953e-03 
3533.98 1.49521e-05 8.56072e-01 3.96009e-16 9.01788e-03 
3545.66 1.52054e-05 8.57820e-01 3.66458e-16 8.53178e-03 
3549.17 1.52210e-05 8.58340e-01 3.57513e-16 8.34538e-03 
3550.00 1.52162e-05 8.58462e-01 3.55405e-16 8.29667e-03 
3557.35 1.50391e-05 8.59540e-01 3.36704e-16 7.79445e-03 
3566.92 1.46622e-05 8.60930e-01 3.12526e-16 7.08387e-03 
3569.04 1.45922e-05 8.61236e-01 3.07209e-16 6.93669e-03 
3570.00 1.45651e-05 8.61374e-01 3.04818e-16 6.87285e-03 
3580.74 1.44424e-05 8.62911e-01 2.78380e-16 6.25372e-03 
3584.75 1.44478e-05 8.63480e-01 2.68717e-16 6.04967e-03 
3590.00 1.44607e-05 8.64221e-01 2.56279e-16 5.78821e-03 
3592.45 1.44616e-05 8.64565e-01 2.50561e-16 5.66555e-03 
3602.68 1.44560e-05 8.65990e-01 2.27312e-16 5.16098e-03 
3604.16 1.44596e-05 8.66195e-01 2.24035e-16 5.09112e-03 
3610.00 1.45019e-05 8.66996e-01 2.11363e-16 4.82950e-03 
3615.88 1.45932e-05 8.67797e-01 1.99019e-16 4.58774e-03 
3620.69 1.46629e-05 8.68450e-01 1.89222e-16 4.39187e-03 
3627.60 1.46637e-05 8.69383e-01 1.75672e-16 4.08976e-03 
3630.00 1.46163e-05 8.69706e-01 1.71108e-16 3.97477e-03 
3638.79 1.44020e-05 8.70880e-01 1.55039e-16 3.56207e-03 
3639.33 1.44064e-05 8.70951e-01 1.54095e-16 3.54227e-03 
3640.00 1.44176e-05 8.71040e-01 1.52914e-16 3.51888e-03 
3650.00 1.50038e-05 8.72353e-01 1.36053e-16 3.27202e-03 
3651.06 1.50582e-05 8.72491e-01 1.34339e-16 3.24398e-03 
3656.99 1.52046e-05 8.73260e-01 1.25064e-16 3.05701e-03 
3662.80 1.51416e-05 8.74010e-01 1.16410e-16 2.84063e-03 
3670.00 1.48859e-05 8.74930e-01 1.06316e-16 2.55820e-03 
3674.55 1.46792e-05 8.75509e-01 1.00277e-16 2.38392e-03 
3675.27 1.46461e-05 8.75600e-01 9.93425e-17 2.35709e-03 
3686.30 1.42659e-05 8.76987e-01 8.58780e-17 1.99383e-03 
3690.00 1.42441e-05 8.77447e-01 8.16939e-17 1.89669e-03 
3693.65 1.42975e-05 8.77900e-01 7.77230e-17 1.81399e-03 
3698.06 1.44270e-05 8.78445e-01 7.31266e-17 1.72530e-03 
3709.82 1.47082e-05 8.79882e-01 6.19194e-17 1.49654e-03 
3710.00 1.47080e-05 8.79904e-01 6.17627e-17 1.49283e-03 
3712.12 1.46902e-05 8.80160e-01 5.99054e-17 1.44744e-03 
3721.59 1.45493e-05 8.81299e-01 5.21410e-17 1.25255e-03 
3730.00 1.49743e-05 8.82300e-01 4.59663e-17 1.14034e-03 
3730.68 1.50550e-05 8.82380e-01 4.54963e-17 1.13508e-03 
3733.37 1.54483e-05 8.82699e-01 4.36692e-17 1.11916e-03 
3745.15 1.77824e-05 8.84084e-01 3.63795e-17 1.07828e-03 
3749.33 1.84869e-05 8.84570e-01 3.40541e-17 1.05110e-03 
3750.00 1.85778e-05 8.84647e-01 3.36940e-17 1.04538e-03 
3756.94 1.91667e-05 8.85445e-01 3.01485e-17 9.67677e-04 
3768.08 1.97055e-05 8.86710e-01 2.51267e-17 8.32813e-04 
3768.73 1.97578e-05 8.86784e-01 2.48565e-17 8.26258e-04 
3770.00 1.98743e-05 8.86927e-01 2.43381e-17 8.14199e-04 
3780.53 2.16445e-05 8.88110e-01 2.03903e-17 7.45956e-04 
3786.92 2.33619e-05 8.88820e-01 1.82794e-17 7.23591e-04 
3790.00 2.43461e-05 8.89160e-01 1.73320e-17 7.15847e-04 
3792.33 2.51473e-05 8.89417e-01 1.66438e-17 7.10687e-04 
3804.14 2.84559e-05 8.90705e-01 1.35197e-17 6.56227e-04 
3805.85 2.86222e-05 8.90890e-01 1.31141e-17 6.40680e-04 
3810.00 2.84524e-05 8.91338e-01 1.21744e-17 5.92185e-04 
3815.96 2.67330e-05 8.91979e-01 1.09297e-17 5.00654e-04 
3824.88 2.33115e-05 8.92930e-01 9.28023e-18 3.71952e-04 
3827.78 2.26510e-05 8.93237e-01 8.79456e-18 3.42878e-04 
3830.00 2.24712e-05 8.93470e-01 8.43905e-18 3.26680e-04 
3839.61 2.52105e-05 8.94475e-01 7.04414e-18 3.07036e-04 
3844.01 2.77364e-05 8.94930e-01 6.47925e-18 3.11223e-04 
3850.00 3.16237e-05 8.95546e-01 5.77568e-18 3.17021e-04 
3851.45 3.25503e-05 8.95694e-01 5.61688e-18 3.17510e-04 
3863.23 3.74316e-05 8.96890e-01 4.46447e-18 2.91488e-04 
3863.29 3.74357e-05 8.96896e-01 4.45931e-18 2.91190e-04 
3870.00 3.58291e-05 8.97571e-01 3.90505e-18 2.44662e-04 
3875.13 3.16271e-05 8.98084e-01 3.52540e-18 1.95341e-04 
3882.54 2.41998e-05 8.98820e-01 3.03725e-18 1.29123e-04 
3886.98 2.11651e-05 8.99259e-01 2.77585e-18 1.03380e-04 
3890.00 2.05252e-05 8.99555e-01 2.61039e-18 9.43830e-05 
3898.84 2.59552e-05 9.00418e-01 2.17743e-18 9.98787e-05 
3901.96 2.91500e-05 9.00720e-01 2.04172e-18 1.05301e-04 
3910.00 3.57938e-05 9.01492e-01 1.72740e-18 1.09714e-04 
3910.70 3.60753e-05 9.01559e-01 1.70221e-18 1.08992e-04 
3921.46 3.48281e-05 9.02580e-01 1.35827e-18 8.42896e-05 
3922.57 3.44222e-05 9.02685e-01 1.32693e-18 8.14173e-05 
3930.00 3.26902e-05 9.03382e-01 1.13429e-18 6.62717e-05 
3934.45 3.34425e-05 9.03797e-01 1.03235e-18 6.18019e-05 
3941.07 3.57266e-05 9.04410e-01 8.97160e-19 5.75129e-05 
3946.33 3.65548e-05 9.04892e-01 8.02670e-19 5.27467e-05 
3950.00 3.56292e-05 9.05226e-01 7.42784e-19 4.76371e-05 
3958.22 2.83794e-05 9.05969e-01 6.25038e-19 3.20218e-05 
3960.78 2.55731e-05 9.06200e-01 5.92544e-19 2.73800e-05 
3970.00 1.90904e-05 9.07029e-01 4.90142e-19 1.69618e-05 
3970.11 1.90798e-05 9.07039e-01 4.89050e-19 1.69152e-05 
3980.58 2.53538e-05 9.07970e-01 3.97161e-19 1.83211e-05 
3982.01 2.68795e-05 9.08096e-01 3.86372e-19 1.89053e-05 
3990.00 3.51146e-05 9.08795e-01 3.32758e-19 2.13294e-05 
3993.91 3.77725e-05 9.09134e-01 3.10380e-19 2.14299e-05 
4000.48 4.00412e-05 9.09700e-01 2.77928e-19 2.03879e-05 
4005.82 4.05834e-05 9.10157e-01 2.55863e-19 1.90585e-05 
4010.00 4.06538e-05 9.10512e-01 2.41056e-19 1.80125e-05 
4017.74 4.07552e-05 9.11168e-01 2.18769e-19 1.64313e-05 
4020.49 4.07970e-05 9.11400e-01 2.12349e-19 1.59805e-05 
4029.66 4.08726e-05 9.12172e-01 1.95989e-19 1.48229e-05 
4030.00 4.08719e-05 9.12200e-01 1.95530e-19 1.47896e-05 
4040.59 4.06901e-05 9.13080e-01 1.85677e-19 1.40322e-05 
4041.59 4.06582e-05 9.13163e-01 1.85184e-19 1.39886e-05 
4050.00 4.03063e-05 9.13850e-01 1.83805e-19 1.38033e-05 
4053.53 4.01121e-05 9.14135e-01 1.84628e-19 1.38147e-05 
4060.79 3.94770e-05 9.14720e-01 1.88764e-19 1.39343e-05 
4065.47 3.87735e-05 9.15094e-01 1.93092e-19 1.40217e-05 
4070.00 3.77701e-05 9.15455e-01 1.98479e-19 1.40610e-05 
4077.41 3.53124e-05 9.16041e-01 2.09741e-19 1.39262e-05 
4081.10 3.37382e-05 9.16330e-01 2.16429e-19 1.37464e-05 
4089.37 2.94540e-05 9.16974e-01 2.34044e-19 1.30130e-05 
4090.00 2.90878e-05 9.17023e-01 2.35537e-19 1.29359e-05 
4101.33 2.29989e-05 9.17896e-01 2.65714e-19 1.15814e-05 
4101.50 2.29336e-05 9.17910e-01 2.66234e-19 1.15718e-05 
4110.00 2.21786e-05 9.18561e-01 2.93217e-19 1.23594e-05 
4113.29 2.34915e-05 9.18812e-01 3.04644e-19 1.36158e-05 
4122.01 2.98477e-05 9.19470e-01 3.37581e-19 1.92247e-05 
4125.26 3.24839e-05 9.19713e-01 3.50859e-19 2.17684e-05 
4130.00 3.57280e-05 9.20064e-01 3.71185e-19 2.53683e-05 
4137.24 3.82716e-05 9.20596e-01 4.04478e-19 2.96807e-05 
4142.62 3.87447e-05 9.20990e-01 4.31018e-19 3.20746e-05 
4149.22 3.86023e-05 9.21471e-01 4.65674e-19 3.45992e-05 
4150.00 3.85777e-05 9.21528e-01 4.69925e-19 3.49016e-05 
4161.21 3.85701e-05 9.22338e-01 5.34650e-19 3.98431e-05 
4163.33 3.86021e-05 9.22490e-01 5.47695e-19 4.08766e-05 
4170.00 3.86538e-05 9.22965e-01 5.90272e-19 4.42067e-05 
4173.20 3.86199e-05 9.23191e-01 6.11609e-19 4.58110e-05 
4184.15 3.83388e-05 9.23960e-01 6.88922e-19 5.14035e-05 
4185.20 3.83128e-05 9.24034e-01 6.96729e-19 5.19680e-05 
4190.00 3.82330e-05 9.24368e-01 7.33056e-19 5.46460e-05 
4197.21 3.82525e-05 9.24869e-01 7.90146e-19 5.90652e-05 
4205.07 3.82765e-05 9.25410e-01 8.55807e-19 6.41709e-05 
4209.22 3.81976e-05 9.25694e-01 8.91934e-19 6.68285e-05 
4210.00 3.81711e-05 9.25747e-01 8.98814e-19 6.73134e-05 
4221.24 3.74887e-05 9.26506e-01 1.00209e-18 7.39638e-05 
4226.10 3.71966e-05 9.26830e-01 1.04893e-18 7.69327e-05 
4230.00 3.70543e-05 9.27090e-01 1.08757e-18 7.95573e-05 
4233.27 3.70261e-05 9.27306e-01 1.12053e-18 8.19884e-05 
4245.30 3.71747e-05 9.28095e-01 1.24705e-18 9.19505e-05 
4247.23 3.71598e-05 9.28220e-01 1.26807e-18 9.35182e-05 
4250.00 3.70839e-05 9.28400e-01 1.29864e-18 9.56580e-05 
4257.33 3.65658e-05 9.28871e-01 1.38134e-18 1.00553e-04 
4268.46 3.56500e-05 9.29580e-01 1.51202e-18 1.07671e-04 
4269.37 3.56073e-05 9.29638e-01 1.52300e-18 1.08353e-04 
4270.00 3.55832e-05 9.29677e-01 1.53055e-18 1.08837e-04 
4281.42 3.56286e-05 9.30397e-01 1.67148e-18 1.19421e-04 
4289.80 3.55800e-05 9.30920e-01 1.77839e-18 1.27206e-04 
4290.00 3.55714e-05 9.30932e-01 1.78093e-18 1.27364e-04 
4293.48 3.53391e-05 9.31148e-01 1.82613e-18 1.29879e-04 
4305.54 3.33499e-05 9.31892e-01 1.98616e-18 1.33791e-04 
4310.00 3.21386e-05 9.32164e-01 2.04653e-18 1.33026e-04 
4311.25 3.17516e-05 9.32240e-01 2.06358e-18 1.32569e-04 
4317.61 2.95216e-05 9.32624e-01 2.15069e-18 1.28704e-04 
4329.68 2.45699e-05 9.33345e-01 2.31873e-18 1.15897e-04 
4330.00 2.44341e-05 9.33364e-01 2.32324e-18 1.15492e-04 
4332.81 2.32650e-05 9.33530e-01 2.36273e-18 1.11928e-04 
4341.76 2.04809e-05 9.34057e-01 2.48918e-18 1.04080e-04 
4350.00 2.08186e-05 9.34540e-01 2.60624e-18 1.11039e-04 
4353.84 2.23979e-05 9.34763e-01 2.66088e-18 1.22104e-04 
4354.47 2.27315e-05 9.34800e-01 2.66985e-18 1.24364e-04 
4365.93 3.00965e-05 9.35462e-01 2.83259e-18 1.75277e-04 
4370.00 3.22211e-05 9.35695e-01 2.89009e-18 1.91686e-04 
4376.25 3.38886e-05 9.36050e-01 2.97800e-18 2.08115e-04 
4378.03 3.40682e-05 9.36151e-01 3.00301e-18 2.11083e-04 
4390.00 3.36675e-05 9.36821e-01 3.16899e-18 2.20889e-04 
4390.13 3.36595e-05 9.36828e-01 3.17082e-18 2.20974e-04 
4398.13 3.34136e-05 9.37270e-01 3.27952e-18 2.27400e-04 
4402.24 3.33993e-05 9.37496e-01 3.33469e-18 2.31398e-04 
4410.00 3.33921e-05 9.37921e-01 3.43693e-18 2.38970e-04 
4414.36 3.33256e-05 9.38158e-01 3.49329e-18 2.42705e-04 
4420.12 3.31921e-05 9.38470e-01 3.56643e-18 2.47198e-04 
4426.48 3.30735e-05 9.38812e-01 3.64531e-18 2.52218e-04 
4430.00 3.30592e-05 9.39001e-01 3.68804e-18 2.55318e-04 
4438.61 3.32246e-05 9.39459e-01 3.78951e-18 2.64296e-04 
4442.22 3.33363e-05 9.39650e-01 3.83074e-18 2.68342e-04 
4450.00 3.35377e-05 9.40060e-01 3.91671e-18 2.76627e-04 
4450.74 3.35488e-05 9.40099e-01 3.92469e-18 2.77339e-04 
4462.88 3.34858e-05 9.40730e-01 4.04975e-18 2.86611e-04 
4464.43 3.34497e-05 9.40810e-01 4.06492e-18 2.87499e-04 
4470.00 3.32805e-05 9.41095e-01 4.11796e-18 2.90226e-04 
4475.03 3.30919e-05 9.41351e-01 4.16371e-18 2.92195e-04 
4486.75 3.27912e-05 9.41940e-01 4.26230e-18 2.97359e-04 
4487.18 3.27901e-05 9.41961e-01 4.26568e-18 2.97619e-04 
4490.00 3.28093e-05 9.42102e-01 4.28755e-18 2.99553e-04 
4499.34 3.31405e-05 9.42565e-01 4.35492e-18 3.08122e-04 
4509.19 3.34191e-05 9.43050e-01 4.41744e-18 3.16026e-04 
4510.00 3.34163e-05 9.43090e-01 4.42222e-18 3.16411e-04 
4511.50 3.33961e-05 9.43164e-01 4.43085e-18 3.16967e-04 
4523.67 3.27301e-05 9.43760e-01 4.49303e-18 3.16054e-04 
4530.00 3.22554e-05 9.44067e-01 4.51982e-18 3.13868e-04 
4531.73 3.21370e-05 9.44150e-01 4.52648e-18 3.13325e-04 
4535.85 3.18933e-05 9.44347e-01 4.54118e-18 3.12307e-04 
4548.03 3.16196e-05 9.44923e-01 4.57522e-18 3.12976e-04 
4550.00 3.16574e-05 9.45015e-01 4.57940e-18 3.13803e-04 
4554.39 3.18273e-05 9.45220e-01 4.58740e-18 3.16412e-04 
4560.22 3.21325e-05 9.45491e-01 4.59522e-18 3.20492e-04 
4570.00 3.23838e-05 9.45943e-01 4.60128e-18 3.24273e-04 
4572.41 3.23196e-05 9.46053e-01 4.60143e-18 3.23849e-04 
4577.16 3.20632e-05 9.46270e-01 4.60020e-18 3.21602e-04 
4584.62 3.15535e-05 9.46608e-01 4.59427e-18 3.16709e-04 
4590.00 3.13243e-05 9.46850e-01 4.58701e-18 3.14361e-04 
4596.82 3.13882e-05 9.47156e-01 4.57434e-18 3.14701e-04 
4600.05 3.14999e-05 9.47300e-01 4.56704e-18 3.15585e-04 
4609.04 3.17398e-05 9.47702e-01 4.54240e-18 3.17025e-04 
4610.00 3.17383e-05 9.47744e-01 4.53939e-18 3.16881e-04 
4621.26 3.12736e-05 9.48242e-01 4.49936e-18 3.10407e-04 
4623.05 3.11671e-05 9.48320e-01 4.49219e-18 3.09002e-04 
4630.00 3.08322e-05 9.48621e-01 4.46237e-18 3.04205e-04 
4633.48 3.07620e-05 9.48770e-01 4.44631e-18 3.02696e-04 
4645.71 3.08885e-05 9.49291e-01 4.38444e-18 3.00667e-04 
4646.16 3.08972e-05 9.49310e-01 4.38202e-18 3.00621e-04 
4650.00 3.09628e-05 9.49473e-01 4.36093e-18 3.00109e-04 
4657.95 3.09984e-05 9.49809e-01 4.31510e-18 2.97910e-04 
4669.39 3.07794e-05 9.50290e-01 4.24487e-18 2.91853e-04 
4670.00 3.07586e-05 9.50315e-01 4.24102e-18 2.91437e-04 
4670.20 3.07516e-05 9.50323e-01 4.23978e-18 2.91300e-04 
4682.45 3.01335e-05 9.50830e-01 4.16003e-18 2.80961e-04 
4690.00 2.95919e-05 9.51139e-01 4.10941e-18 2.73081e-04 
4692.74 2.93713e-05 9.51250e-01 4.09087e-18 2.70012e-04 
4694.70 2.92123e-05 9.51330e-01 4.07755e-18 2.67810e-04 
4706.97 2.85081e-05 9.51823e-01 3.99411e-18 2.56808e-04 
4710.00 2.84944e-05 9.51944e-01 3.97354e-18 2.55560e-04 
4716.20 2.87314e-05 9.52190e-01 3.93176e-18 2.55378e-04 
4719.24 2.89311e-05 9.52310e-01 3.91156e-18 2.56029e-04 
4730.00 2.96284e-05 9.52731e-01 3.84142e-18 2.58199e-04 
4731.51 2.96819e-05 9.52790e-01 3.83182e-18 2.58118e-04 
4739.79 2.97246e-05 9.53110e-01 3.78069e-18 2.55571e-04 
4743.79 2.96392e-05 9.53264e-01 3.75689e-18 2.53488e-04 
4750.00 2.94499e-05 9.53500e-01 3.72150e-18 2.49885e-04 
4756.08 2.92650e-05 9.53731e-01 3.68879e-18 2.46508e-04 
4763.48 2.90661e-05 9.54010e-01 3.65195e-18 2.42836e-04 
4768.37 2.89532e-05 9.54194e-01 3.62961e-18 2.40706e-04 
4770.00 2.89194e-05 9.54255e-01 3.62257e-18 2.40055e-04 
4780.67 2.87175e-05 9.54654e-01 3.58145e-18 2.36300e-04 
4787.30 2.85628e-05 9.54900e-01 3.56082e-18 2.34058e-04 
4790.00 2.84822e-05 9.54999e-01 3.55359e-18 2.33079e-04 
4792.98 2.83781e-05 9.55109e-01 3.54644e-18 2.31930e-04 
4805.29 2.78616e-05 9.55557e-01 3.52673e-18 2.27131e-04 
4810.00 2.76718e-05 9.55726e-01 3.52369e-18 2.25651e-04 
4811.24 2.76259e-05 9.55770e-01 3.52333e-18 2.25322e-04 
4817.61 2.73601e-05 9.55997e-01 3.52448e-18 2.23576e-04 
4829.94 2.60228e-05 9.56432e-01 3.54183e-18 2.14339e-04 
4830.00 2.60113e-05 9.56434e-01 3.54197e-18 2.14256e-04 
4835.29 2.48054e-05 9.56620e-01 3.55602e-18 2.05398e-04 
4842.27 2.26955e-05 9.56864e-01 3.58092e-18 1.89564e-04 
4850.00 1.99383e-05 9.57133e-01 3.61744e-18 1.68549e-04 
4854.61 1.82530e-05 9.57293e-01 3.64387e-18 1.55603e-04 
4859.47 1.67426e-05 9.57460e-01 3.67569e-18 1.44143e-04 
4866.95 1.57162e-05 9.57715e-01 3.73276e-18 1.37655e-04 
4870.00 1.59879e-05 9.57818e-01 3.75893e-18 1.41121e-04 
4879.30 1.93599e-05 9.58130e-01 3.84962e-18 1.75399e-04 
4883.77 2.15768e-05 9.58280e-01 3.89914e-18 1.98211e-04 
4890.00 2.42569e-05 9.58488e-01 3.97493e-18 2.27501e-04 
4891.66 2.47656e-05 9.58544e-01 3.99643e-18 2.33622e-04 
4904.02 2.60992e-05 9.58953e-01 4.17512e-18 2.57970e-04 
4908.19 2.60092e-05 9.59090e-01 4.24282e-18 2.61508e-04 
4910.00 2.59546e-05 9.59149e-01 4.27348e-18 2.62958e-04 
4916.39 2.58202e-05 9.59356e-01 4.38752e-18 2.68985e-04 
4928.77 2.58051e-05 9.59753e-01 4.63535e-18 2.84845e-04 
4930.00 2.58180e-05 9.59793e-01 4.66208e-18 2.86715e-04 
4932.73 2.58542e-05 9.59880e-01 4.72244e-18 2.91022e-04 
4941.15 2.60110e-05 9.60148e-01 4.92027e-18 3.05657e-04 
4950.00 2.61968e-05 9.60428e-01 5.14744e-18 3.22726e-04 
4953.54 2.62612e-05 9.60539e-01 5.24376e-18 3.29846e-04 
4957.39 2.63162e-05 9.60660e-01 5.35252e-18 3.37698e-04 
4965.93 2.63468e-05 9.60924e-01 5.60719e-18 3.54883e-04 
4970.00 2.62998e-05 9.61049e-01 5.73543e-18 3.62697e-04 
4978.33 2.60590e-05 9.61303e-01 6.01178e-18 3.77423e-04 
4982.18 2.58948e-05 9.61420e-01 6.14584e-18 3.83750e-04 
4990.00 2.54944e-05 9.61657e-01 6.43083e-18 3.96056e-04 
4990.74 2.54537e-05 9.61680e-01 6.45855e-18 3.97195e-04 
5003.15 2.48444e-05 9.62053e-01 6.94836e-18 4.18288e-04 
5007.09 2.47457e-05 9.62170e-01 7.11285e-18 4.26878e-04 
5010.00 2.47245e-05 9.62256e-01 7.23719e-18 4.34260e-04 
5015.57 2.48125e-05 9.62420e-01 7.48183e-18 4.51114e-04 
5028.00 2.51566e-05 9.62781e-01 8.05940e-18 4.94084e-04 
5030.00 2.51698e-05 9.62839e-01 8.15669e-18 5.00540e-04 
5032.12 2.51575e-05 9.62900e-01 8.26108e-18 5.06943e-04 
5040.43 2.49388e-05 9.63139e-01 8.68125e-18 5.29099e-04 
5050.00 2.46880e-05 9.63413e-01 9.18994e-18 5.55682e-04 
5052.87 2.46821e-05 9.63494e-01 9.34729e-18 5.65429e-04 
5057.29 2.47342e-05 9.63620e-01 9.59445e-18 5.82190e-04 
5065.31 2.48954e-05 9.63847e-01 1.00572e-17 6.15368e-04 
5070.00 2.49469e-05 9.63980e-01 1.03359e-17 6.34400e-04 
5077.76 2.48672e-05 9.64197e-01 1.08104e-17 6.62568e-04 
5082.57 2.47581e-05 9.64330e-01 1.11127e-17 6.78841e-04 
5090.00 2.46011e-05 9.64534e-01 1.15916e-17 7.04786e-04 
5090.22 2.45979e-05 9.64540e-01 1.16060e-17 7.05603e-04 
5102.68 2.45288e-05 9.64877e-01 1.24428e-17 7.56464e-04 
5107.98 2.45044e-05 9.65020e-01 1.28107e-17 7.78982e-04 
5110.00 2.44849e-05 9.65074e-01 1.29524e-17 7.87326e-04 
5115.15 2.44002e-05 9.65213e-01 1.33193e-17 8.07757e-04 
5127.63 2.40767e-05 9.65545e-01 1.42339e-17 8.54146e-04 
5130.00 2.40121e-05 9.65608e-01 1.44116e-17 8.62947e-04 
5133.52 2.39214e-05 9.65700e-01 1.46784e-17 8.76283e-04 
5140.11 2.37625e-05 9.65871e-01 1.51843e-17 9.01780e-04 
5150.00 2.35179e-05 9.66125e-01 1.59606e-17 9.40178e-04 
5152.60 2.34465e-05 9.66191e-01 1.61683e-17 9.50065e-04 
5159.19 2.32571e-05 9.66360e-01 1.66998e-17 9.74792e-04 
5165.10 2.30918e-05 9.66512e-01 1.71831e-17 9.97171e-04 
5170.00 2.29702e-05 9.66638e-01 1.75889e-17 1.01644e-03 
5177.60 2.28287e-05 9.66833e-01 1.82260e-17 1.04852e-03 
5184.99 2.27576e-05 9.67020e-01 1.88539e-17 1.08301e-03 
5190.00 2.27519e-05 9.67146e-01 1.92843e-17 1.10867e-03 
5190.11 2.27522e-05 9.67148e-01 1.92937e-17 1.10925e-03 
5202.62 2.28275e-05 9.67457e-01 2.03827e-17 1.17896e-03 
5210.00 2.27983e-05 9.67638e-01 2.10328e-17 1.21695e-03 
5210.91 2.27849e-05 9.67660e-01 2.11137e-17 1.22116e-03 
5215.15 2.26986e-05 9.67763e-01 2.14895e-17 1.23932e-03 
5227.67 2.24762e-05 9.68068e-01 2.26100e-17 1.29468e-03 
5230.00 2.24878e-05 9.68124e-01 2.28193e-17 1.30799e-03 
5236.97 2.26553e-05 9.68290e-01 2.34476e-17 1.35605e-03 
5240.21 2.27517e-05 9.68366e-01 2.37403e-17 1.37979e-03 
5250.00 2.27866e-05 9.68595e-01 2.46271e-17 1.43653e-03 
5252.75 2.26635e-05 9.68659e-01 2.48761e-17 1.44408e-03 
5263.15 2.19023e-05 9.68900e-01 2.58191e-17 1.45171e-03 
5265.29 2.17597e-05 9.68950e-01 2.60131e-17 1.45376e-03 
5270.00 2.15605e-05 9.69059e-01 2.64387e-17 1.46549e-03 
5277.85 2.16760e-05 9.69242e-01 2.71467e-17 1.51534e-03 
5289.47 2.22077e-05 9.69510e-01 2.81886e-17 1.61608e-03 
5290.00 2.22235e-05 9.69522e-01 2.82360e-17 1.62014e-03 
5290.41 2.22344e-05 9.69531e-01 2.82724e-17 1.62317e-03 
5302.97 2.21518e-05 9.69814e-01 2.93856e-17 1.68529e-03 
5310.00 2.18717e-05 9.69970e-01 3.00006e-17 1.70133e-03 
5315.55 2.16109e-05 9.70092e-01 3.04817e-17 1.71000e-03 
5315.92 2.15938e-05 9.70100e-01 3.05135e-17 1.71057e-03 
5328.13 2.12000e-05 9.70368e-01 3.15561e-17 1.74122e-03 
5330.00 2.11905e-05 9.70409e-01 3.17140e-17 1.74984e-03 
5340.71 2.14086e-05 9.70641e-01 3.26043e-17 1.82156e-03 
5342.50 2.14630e-05 9.70680e-01 3.27504e-17 1.83506e-03 
5350.00 2.16276e-05 9.70842e-01 3.33581e-17 1.88641e-03 
5353.30 2.16333e-05 9.70912e-01 3.36218e-17 1.90313e-03 
5365.90 2.13974e-05 9.71180e-01 3.46043e-17 1.94249e-03 
5369.21 2.13255e-05 9.71250e-01 3.48557e-17 1.95136e-03 
5370.00 2.13108e-05 9.71267e-01 3.49155e-17 1.95368e-03 
5378.51 2.12131e-05 9.71445e-01 3.55476e-17 1.98344e-03 
5390.00 2.10974e-05 9.71685e-01 3.63698e-17 2.02306e-03 
5391.12 2.10771e-05 9.71708e-01 3.64478e-17 2.02591e-03 
5396.05 2.09656e-05 9.71810e-01 3.67874e-17 2.03605e-03 
5403.74 2.07699e-05 9.71968e-01 3.73010e-17 2.04844e-03 
5410.00 2.06511e-05 9.72096e-01 3.77058e-17 2.06149e-03 
5416.36 2.06121e-05 9.72225e-01 3.81037e-17 2.08203e-03 
5423.03 2.06344e-05 9.72360e-01 3.85063e-17 2.10920e-03 
5428.99 2.06732e-05 9.72480e-01 3.88526e-17 2.13477e-03 
5430.00 2.06791e-05 9.72500e-01 3.89099e-17 2.13897e-03 
5441.63 2.07015e-05 9.72732e-01 3.95446e-17 2.18140e-03 
5450.00 2.06573e-05 9.72897e-01 3.99702e-17 2.20392e-03 
5450.15 2.06560e-05 9.72900e-01 3.99776e-17 2.20426e-03 
5454.27 2.06135e-05 9.72981e-01 4.01772e-17 2.21256e-03 
5466.92 2.04508e-05 9.73227e-01 4.07478e-17 2.23200e-03 
5470.00 2.04159e-05 9.73287e-01 4.08769e-17 2.23665e-03 
5477.40 2.03545e-05 9.73430e-01 4.11718e-17 2.24938e-03 
5479.58 2.03411e-05 9.73472e-01 4.12544e-17 2.25340e-03 
5490.00 2.02889e-05 9.73672e-01 4.16220e-17 2.27243e-03 
5492.24 2.02775e-05 9.73714e-01 4.16952e-17 2.27618e-03 
5504.79 2.01861e-05 9.73950e-01 4.20656e-17 2.29182e-03 
5504.91 2.01848e-05 9.73952e-01 4.20690e-17 2.29191e-03 
5510.00 2.01245e-05 9.74046e-01 4.21999e-17 2.29451e-03 
5517.59 2.00072e-05 9.74184e-01 4.23746e-17 2.29407e-03 
5530.00 1.98481e-05 9.74408e-01 4.26070e-17 2.29398e-03 
5530.27 1.98463e-05 9.74413e-01 4.26114e-17 2.29413e-03 
5532.31 1.98364e-05 9.74450e-01 4.26430e-17 2.29562e-03 
5542.96 1.98303e-05 9.74643e-01 4.27790e-17 2.30713e-03 
5550.00 1.98073e-05 9.74770e-01 4.28421e-17 2.31108e-03 
5555.66 1.97438e-05 9.74873e-01 4.28775e-17 2.30816e-03 
5559.97 1.96743e-05 9.74950e-01 4.28952e-17 2.30296e-03 
5568.36 1.95224e-05 9.75099e-01 4.29071e-17 2.28961e-03 
5570.00 1.94944e-05 9.75128e-01 4.29060e-17 2.28700e-03 
5581.07 1.93450e-05 9.75323e-01 4.28686e-17 2.27246e-03 
5587.77 1.92835e-05 9.75440e-01 4.28213e-17 2.26573e-03 
5590.00 1.92671e-05 9.75479e-01 4.28014e-17 2.26374e-03 
5593.79 1.92429e-05 9.75544e-01 4.27631e-17 2.26056e-03 
5606.51 1.91900e-05 9.75763e-01 4.25916e-17 2.25092e-03 
5610.00 1.91811e-05 9.75823e-01 4.25333e-17 2.24833e-03 
5615.71 1.91689e-05 9.75920e-01 4.24275e-17 2.24382e-03 
5619.24 1.91608e-05 9.75980e-01 4.23559e-17 2.24062e-03 
5630.00 1.91158e-05 9.76161e-01 4.21080e-17 2.22694e-03 
5631.97 1.91020e-05 9.76194e-01 4.20578e-17 2.22355e-03 
5643.79 1.89806e-05 9.76390e-01 4.17274e-17 2.19709e-03 
5644.71 1.89686e-05 9.76405e-01 4.16994e-17 2.19462e-03 
5650.00 1.88939e-05 9.76492e-01 4.15336e-17 2.17952e-03 
5657.46 1.87777e-05 9.76615e-01 4.12830e-17 2.15617e-03 
5670.00 1.86227e-05 9.76818e-01 4.08196e-17 2.11949e-03 
5670.22 1.86211e-05 9.76821e-01 4.08112e-17 2.11896e-03 
5672.01 1.86099e-05 9.76850e-01 4.07406e-17 2.11475e-03 
5682.98 1.85795e-05 9.77025e-01 4.02866e-17 2.09218e-03 
5690.00 1.85515e-05 9.77136e-01 3.99765e-17 2.07575e-03 
5695.75 1.85002e-05 9.77227e-01 3.97121e-17 2.05858e-03 
5700.37 1.84497e-05 9.77300e-01 3.94924e-17 2.04342e-03 
5708.52 1.83775e-05 9.77430e-01 3.90907e-17 2.01786e-03 
5710.00 1.83705e-05 9.77453e-01 3.90159e-17 2.01381e-03 
5721.30 1.83758e-05 9.77632e-01 3.84256e-17 1.98820e-03 
5728.87 1.83673e-05 9.77750e-01 3.80125e-17 1.96876e-03 
5730.00 1.83604e-05 9.77767e-01 3.79498e-17 1.96519e-03 
5734.09 1.83200e-05 9.77830e-01 3.77199e-17 1.95050e-03 
5746.88 1.81236e-05 9.78022e-01 3.69769e-17 1.89618e-03 
5750.00 1.80825e-05 9.78068e-01 3.67908e-17 1.88347e-03 
5757.52 1.80216e-05 9.78180e-01 3.63340e-17 1.85645e-03 
5759.69 1.80107e-05 9.78212e-01 3.62000e-17 1.84924e-03 
5770.00 1.79610e-05 9.78367e-01 3.55520e-17 1.81466e-03 
5772.49 1.79427e-05 9.78404e-01 3.53926e-17 1.80553e-03 
5785.31 1.78148e-05 9.78595e-01 3.45578e-17 1.75461e-03 
5786.30 1.78044e-05 9.78610e-01 3.44920e-17 1.75057e-03 
5790.00 1.77679e-05 9.78665e-01 3.42461e-17 1.73574e-03 
5798.13 1.77034e-05 9.78783e-01 3.36992e-17 1.70441e-03 
5810.00 1.76341e-05 9.78955e-01 3.28861e-17 1.66046e-03 
5810.96 1.76291e-05 9.78969e-01 3.28199e-17 1.65694e-03 
5815.23 1.76061e-05 9.79030e-01 3.25228e-17 1.64111e-03 
5823.79 1.75526e-05 9.79152e-01 3.19233e-17 1.60852e-03 
5830.00 1.75007e-05 9.79240e-01 3.14844e-17 1.58355e-03 
5836.63 1.74301e-05 9.79333e-01 3.10125e-17 1.55543e-03 
5844.31 1.73464e-05 9.79440e-01 3.04626e-17 1.52268e-03 
5849.48 1.73016e-05 9.79512e-01 3.00905e-17 1.50164e-03 
5850.00 1.72980e-05 9.79519e-01 3.00530e-17 1.49960e-03 
5862.33 1.72333e-05 9.79688e-01 2.91605e-17 1.45293e-03 
5870.00 1.71512e-05 9.79792e-01 2.86035e-17 1.42039e-03 
5873.53 1.70865e-05 9.79840e-01 2.83464e-17 1.40323e-03 
5875.19 1.70514e-05 9.79862e-01 2.82253e-17 1.39480e-03 
5888.06 1.67970e-05 9.80034e-01 2.72877e-17 1.33148e-03 
5890.00 1.67772e-05 9.80059e-01 2.71465e-17 1.32350e-03 
5900.94 1.67927e-05 9.80204e-01 2.63503e-17 1.28845e-03 
5902.90 1.68065e-05 9.80230e-01 2.62076e-17 1.28298e-03 
5910.00 1.68427e-05 9.80324e-01 2.56921e-17 1.26210e-03 
5913.82 1.68383e-05 9.80375e-01 2.54156e-17 1.24906e-03 
5926.71 1.67290e-05 9.80545e-01 2.44860e-17 1.19838e-03 
5930.00 1.66936e-05 9.80588e-01 2.42496e-17 1.18500e-03 
5932.41 1.66692e-05 9.80620e-01 2.40766e-17 1.17535e-03 
5939.60 1.66056e-05 9.80713e-01 2.35638e-17 1.14742e-03 
5950.00 1.65321e-05 9.80847e-01 2.28271e-17 1.10872e-03 
5952.50 1.65168e-05 9.80879e-01 2.26510e-17 1.09964e-03 
5962.08 1.64593e-05 9.81000e-01 2.19810e-17 1.06524e-03 
5965.41 1.64377e-05 9.81042e-01 2.17496e-17 1.05328e-03 
5970.00 1.64045e-05 9.81100e-01 2.14321e-17 1.03666e-03 
5978.32 1.63310e-05 9.81203e-01 2.08612e-17 1.00604e-03 
5990.00 1.62053e-05 9.81347e-01 2.00710e-17 9.62496e-04 
5991.24 1.61908e-05 9.81362e-01 1.99876e-17 9.57854e-04 
5991.89 1.61832e-05 9.81370e-01 1.99446e-17 9.55457e-04 
6004.17 1.60462e-05 9.81518e-01 1.91303e-17 9.10684e-04 
6010.00 1.59970e-05 9.81588e-01 1.87496e-17 8.90751e-04 
6017.11 1.59592e-05 9.81673e-01 1.82905e-17 8.67989e-04 
6021.85 1.59420e-05 9.81730e-01 1.79875e-17 8.53412e-04 
6030.00 1.59116e-05 9.81828e-01 1.74724e-17 8.28594e-04 
6030.05 1.59114e-05 9.81828e-01 1.74694e-17 8.28449e-04 
6043.00 1.58350e-05 9.81984e-01 1.66681e-17 7.88467e-04 
6050.00 1.57942e-05 9.82067e-01 1.62434e-17 7.67349e-04 
6051.96 1.57848e-05 9.82090e-01 1.61259e-17 7.61610e-04 
6055.95 1.57678e-05 9.82137e-01 1.58875e-17 7.50073e-04 
6068.91 1.57093e-05 9.82288e-01 1.51282e-17 7.13212e-04 
6070.00 1.57025e-05 9.82300e-01 1.50655e-17 7.10084e-04 
6081.88 1.56042e-05 9.82436e-01 1.43911e-17 6.75459e-04 
6082.21 1.56010e-05 9.82440e-01 1.43723e-17 6.74483e-04 
6090.00 1.55286e-05 9.82528e-01 1.39411e-17 6.52103e-04 
6094.85 1.54871e-05 9.82583e-01 1.36765e-17 6.38558e-04 
6107.84 1.53769e-05 9.82727e-01 1.29848e-17 6.03321e-04 
6110.00 1.53561e-05 9.82751e-01 1.28719e-17 5.97488e-04 
6112.63 1.53290e-05 9.82780e-01 1.27356e-17 5.90394e-04 
6120.83 1.52330e-05 9.82870e-01 1.23164e-17 5.68199e-04 
6130.00 1.51075e-05 9.82969e-01 1.18586e-17 5.43437e-04 
6133.82 1.50509e-05 9.83010e-01 1.16715e-17 5.33213e-04 
6143.19 1.49177e-05 9.83110e-01 1.12213e-17 5.08935e-04 
6146.82 1.48744e-05 9.83148e-01 1.10500e-17 5.00028e-04 
6150.00 1.48432e-05 9.83182e-01 1.09017e-17 4.92555e-04 
6159.83 1.47922e-05 9.83284e-01 1.04520e-17 4.71416e-04 
6170.00 1.48002e-05 9.83390e-01 1.00011e-17 4.52118e-04 
6172.85 1.48109e-05 9.83419e-01 9.87748e-18 4.47071e-04 
6173.91 1.48155e-05 9.83430e-01 9.83179e-18 4.45221e-04 
6185.87 1.48621e-05 9.83554e-01 9.32615e-18 4.24526e-04 
6190.00 1.48638e-05 9.83596e-01 9.15614e-18 4.17130e-04 
6198.90 1.48252e-05 9.83689e-01 8.79781e-18 4.00377e-04 
6204.77 1.47810e-05 9.83750e-01 8.56706e-18 3.89108e-04 
6210.00 1.47402e-05 9.83805e-01 8.36576e-18 3.79255e-04 
6211.93 1.47262e-05 9.83825e-01 8.29217e-18 3.75686e-04 
6224.98 1.46164e-05 9.83964e-01 7.80885e-18 3.51940e-04 
6230.00 1.45454e-05 9.84018e-01 7.62864e-18 3.42442e-04 
6235.80 1.44340e-05 9.84080e-01 7.42467e-18 3.31061e-04 
6238.03 1.43881e-05 9.84104e-01 7.34744e-18 3.26701e-04 
6250.00 1.42171e-05 9.84233e-01 6.94316e-18 3.05681e-04 
6251.08 1.42144e-05 9.84244e-01 6.90748e-18 3.04109e-04 
6264.15 1.43163e-05 9.84381e-01 6.48847e-18 2.88352e-04 
6266.98 1.43451e-05 9.84410e-01 6.40039e-18 2.85146e-04 
6270.00 1.43669e-05 9.84440e-01 6.30743e-18 2.81577e-04 
6277.22 1.43667e-05 9.84511e-01 6.08989e-18 2.72194e-04 
6290.00 1.42449e-05 9.84632e-01 5.71943e-18 2.54016e-04 
6290.29 1.42412e-05 9.84635e-01 5.71116e-18 2.53595e-04 
6298.31 1.41394e-05 9.84710e-01 5.48856e-18 2.42296e-04 
6303.38 1.40814e-05 9.84758e-01 5.35170e-18 2.35484e-04 
6310.00 1.40250e-05 9.84820e-01 5.17695e-18 2.27136e-04 
6316.47 1.39977e-05 9.84882e-01 5.01090e-18 2.19662e-04 
6329.56 1.39494e-05 9.85008e-01 4.68814e-18 2.05255e-04 
6329.80 1.39477e-05 9.85010e-01 4.68241e-18 2.04987e-04 
6330.00 1.39463e-05 9.85012e-01 4.67772e-18 2.04767e-04 
6342.67 1.38057e-05 9.85135e-01 4.38280e-18 1.90327e-04 
6350.00 1.37212e-05 9.85205e-01 4.21939e-18 1.82333e-04 
6355.78 1.36759e-05 9.85259e-01 4.09423e-18 1.76511e-04 
6361.45 1.36498e-05 9.85310e-01 3.97444e-18 1.71180e-04 
6368.90 1.36358e-05 9.85374e-01 3.82178e-18 1.64639e-04 
6370.00 1.36351e-05 9.85383e-01 3.79961e-18 1.63706e-04 
6382.02 1.36289e-05 9.85483e-01 3.56482e-18 1.53826e-04 
6390.00 1.35913e-05 9.85551e-01 3.41599e-18 1.47191e-04 
6393.26 1.35606e-05 9.85580e-01 3.35672e-18 1.44388e-04 
6395.15 1.35394e-05 9.85597e-01 3.32270e-18 1.42746e-04 
6408.29 1.33897e-05 9.85720e-01 3.09478e-18 1.31771e-04 
6410.00 1.33775e-05 9.85737e-01 3.06618e-18 1.30472e-04 
6421.44 1.33509e-05 9.85845e-01 2.88044e-18 1.22556e-04 
6425.23 1.33424e-05 9.85880e-01 2.82112e-18 1.20030e-04 
6430.00 1.33139e-05 9.85922e-01 2.74789e-18 1.16757e-04 
6434.59 1.32602e-05 9.85962e-01 2.67905e-18 1.13458e-04 
6447.75 1.30715e-05 9.86072e-01 2.49001e-18 1.04176e-04 
6450.00 1.30520e-05 9.86090e-01 2.45888e-18 1.02757e-04 
6457.35 1.30347e-05 9.86150e-01 2.35956e-18 9.85946e-05 
6460.92 1.30397e-05 9.86179e-01 2.31271e-18 9.67305e-05 
6470.00 1.30320e-05 9.86255e-01 2.19698e-18 9.19716e-05 
6474.09 1.29985e-05 9.86289e-01 2.14659e-18 8.96906e-05 
6487.27 1.28181e-05 9.86400e-01 1.99106e-18 8.22137e-05 
6489.64 1.27884e-05 9.86420e-01 1.96417e-18 8.09471e-05 
6490.00 1.27843e-05 9.86423e-01 1.96011e-18 8.07585e-05 
6500.46 1.27005e-05 9.86511e-01 1.84557e-18 7.56697e-05 
6510.00 1.26307e-05 9.86590e-01 1.74628e-18 7.13156e-05 
6513.65 1.25898e-05 9.86621e-01 1.70960e-18 6.96326e-05 
6522.09 1.24306e-05 9.86690e-01 1.62742e-18 6.55365e-05 
6526.85 1.22835e-05 9.86729e-01 1.58263e-18 6.30267e-05 
6530.00 1.21567e-05 9.86754e-01 1.55361e-18 6.12639e-05 
6540.06 1.15362e-05 9.86835e-01 1.46415e-18 5.48778e-05 
6550.00 1.04371e-05 9.86913e-01 1.38031e-18 4.68815e-05 
6553.27 9.94427e-06 9.86939e-01 1.35369e-18 4.38292e-05 
6554.70 9.72028e-06 9.86950e-01 1.34223e-18 4.24891e-05 
6566.49 8.34189e-06 9.87041e-01 1.25078e-18 3.40439e-05 
6570.00 8.33614e-06 9.87068e-01 1.22472e-18 3.33300e-05 
6579.72 9.59014e-06 9.87141e-01 1.15500e-18 3.62172e-05 
6587.47 1.10294e-05 9.87200e-01 1.10204e-18 3.97921e-05 
6590.00 1.14052e-05 9.87219e-01 1.08524e-18 4.05372e-05 
6592.96 1.17254e-05 9.87242e-01 1.06590e-18 4.09515e-05 
6606.20 1.20692e-05 9.87342e-01 9.83084e-19 3.89594e-05 
6610.00 1.20365e-05 9.87371e-01 9.60434e-19 3.79816e-05 
6619.45 1.20548e-05 9.87443e-01 9.06171e-19 3.59440e-05 
6620.41 1.20625e-05 9.87450e-01 9.00821e-19 3.57602e-05 
6630.00 1.21419e-05 9.87523e-01 8.48923e-19 3.39735e-05 
6632.71 1.21533e-05 9.87544e-01 8.34789e-19 3.34534e-05 
6645.97 1.21289e-05 9.87644e-01 7.68589e-19 3.08033e-05 
6650.00 1.21081e-05 9.87674e-01 7.49451e-19 3.00039e-05 
6653.51 1.20897e-05 9.87700e-01 7.33142e-19 2.93225e-05 
6659.24 1.20610e-05 9.87742e-01 7.07237e-19 2.82449e-05 
6670.00 1.20179e-05 9.87820e-01 6.60851e-19 2.63426e-05 
6672.52 1.20108e-05 9.87838e-01 6.50418e-19 2.59218e-05 
6685.80 1.19808e-05 9.87933e-01 5.97834e-19 2.38161e-05 
6686.78 1.19781e-05 9.87940e-01 5.94123e-19 2.36666e-05 
6690.00 1.19681e-05 9.87963e-01 5.82051e-19 2.31780e-05 
6699.09 1.19285e-05 9.88028e-01 5.49201e-19 2.18285e-05 
6710.00 1.18755e-05 9.88106e-01 5.12070e-19 2.02970e-05 
6712.39 1.18656e-05 9.88123e-01 5.04253e-19 1.99778e-05 
6720.21 1.18351e-05 9.88180e-01 4.79443e-19 1.89692e-05 
6725.70 1.18103e-05 9.88220e-01 4.62738e-19 1.82857e-05 
6730.00 1.17855e-05 9.88251e-01 4.50006e-19 1.77571e-05 
6739.01 1.17174e-05 9.88316e-01 4.24418e-19 1.66741e-05 
6750.00 1.16463e-05 9.88394e-01 3.95040e-19 1.54521e-05 
6752.33 1.16387e-05 9.88410e-01 3.89071e-19 1.52141e-05 
6753.81 1.16352e-05 9.88420e-01 3.85301e-19 1.50657e-05 
6765.65 1.16261e-05 9.88498e-01 3.56485e-19 1.39535e-05 
6770.00 1.16192e-05 9.88526e-01 3.46423e-19 1.35608e-05 
6778.99 1.15816e-05 9.88584e-01 3.26464e-19 1.27558e-05 
6787.58 1.15313e-05 9.88640e-01 3.08389e-19 1.20131e-05 
6790.00 1.15176e-05 9.88656e-01 3.03479e-19 1.18122e-05 
6792.33 1.15053e-05 9.88672e-01 2.98822e-19 1.16226e-05 
6805.67 1.14435e-05 9.88763e-01 2.73387e-19 1.05979e-05 
6810.00 1.14225e-05 9.88793e-01 2.65592e-19 1.02838e-05 
6819.03 1.13724e-05 9.88854e-01 2.49995e-19 9.65079e-06 
6821.52 1.13578e-05 9.88870e-01 2.45846e-19 9.48204e-06 
6830.00 1.13094e-05 9.88924e-01 2.32209e-19 8.92947e-06 
6832.39 1.12968e-05 9.88939e-01 2.28496e-19 8.78013e-06 
6845.76 1.12363e-05 9.89020e-01 2.08748e-19 7.99459e-06 
6850.00 1.12200e-05 9.89045e-01 2.02828e-19 7.76163e-06 
6855.63 1.11998e-05 9.89080e-01 1.95220e-19 7.46340e-06 
6859.13 1.11876e-05 9.89102e-01 1.90617e-19 7.28340e-06 
6870.00 1.11485e-05 9.89171e-01 1.77001e-19 6.75063e-06 
6872.52 1.11385e-05 9.89187e-01 1.73982e-19 6.63207e-06 
6885.91 1.10800e-05 9.89274e-01 1.58726e-19 6.03101e-06 
6889.91 1.10616e-05 9.89300e-01 1.54422e-19 5.86128e-06 
6890.00 1.10612e-05 9.89301e-01 1.54323e-19 5.85735e-06 
6899.30 1.10180e-05 9.89360e-01 1.44743e-19 5.48004e-06 
6910.00 1.09679e-05 9.89426e-01 1.34432e-19 5.07471e-06 
6912.71 1.09552e-05 9.89443e-01 1.31935e-19 4.97669e-06 
6924.36 1.08997e-05 9.89510e-01 1.21690e-19 4.57501e-06 
6926.12 1.08912e-05 9.89520e-01 1.20207e-19 4.51694e-06 
6930.00 1.08725e-05 9.89541e-01 1.17003e-19 4.39153e-06 
6939.54 1.08257e-05 9.89589e-01 1.09475e-19 4.09711e-06 
