##### EXOPHOT SPECTRAL OVERLAP FILE #####
# Date: 01/12/2021 13:14:54
# SED file: SED_g2v.txt
# atmosphere file: atm_g2v_hzi_os3.txt
# photopigment file: ChlA-TD-DFT.txt
# Stellar radius (Rs in km): 6.963400e+05
# Exoplanet orbit semi-major axis (sma in km): 1.070123e+08
# Total absorption rate (gamma_t in s-1): 1.72901e+01
# B band absorption rate (gamma_B in s-1): 7.76294e+00
# Q band absorption rate (gamma_Q in s-1): 9.52717e+00
# B-Q bands cut-off (in nm): 500
# photosynthetic photon flux density [ppfd in micromol photon m-2 s-1]: 4.15744e+03
# Total Stellar Irradiance (S in W m-2): 2.62457e+03
# -------------------------------------------------
# Col 1: Wavelength (wl in Angstrom) 
# Col 2: Spectral Flux Density (F_l in J cm-2 s-1 A-1) 
# Col 3: Atmosphere transmitance (T, no units) 
# Col 4: Pigment absorption cross section (sigma_abs in cm-2) 
# Col 5: Spectral Absorption Rate (Gamma_lambda in A-1 s-1)
2305.33 1.76916e-06 8.20745e-02 0.00000e+00 0.00000e+00 
2311.24 1.38560e-06 8.37200e-02 -5.56996e-33 -7.51777e-22 
2315.00 1.26899e-06 8.47724e-02 -4.71514e-33 -5.91130e-22 
2320.85 1.19663e-06 8.64239e-02 0.00000e+00 0.00000e+00 
2322.80 1.18449e-06 8.69800e-02 1.80862e-33 2.17889e-22 
2325.00 1.16895e-06 8.76084e-02 3.62678e-33 4.34720e-22 
2334.41 9.31904e-07 9.03300e-02 3.01854e-33 2.98608e-22 
2335.00 9.00886e-07 9.05012e-02 2.25238e-33 2.15861e-22 
2336.37 8.19298e-07 9.09038e-02 0.00000e+00 0.00000e+00 
2345.00 5.34387e-07 9.34557e-02 -1.72404e-32 -1.01642e-21 
2346.09 5.90746e-07 9.37800e-02 -1.75597e-32 -1.14893e-21 
2351.91 1.10684e-06 9.55300e-02 0.00000e+00 0.00000e+00 
2355.00 1.25392e-06 9.64636e-02 2.80562e-32 4.02325e-21 
2357.82 1.16289e-06 9.73200e-02 6.98880e-32 9.38806e-21 
2365.00 6.47479e-07 9.95229e-02 2.72734e-31 2.09239e-20 
2367.46 6.40398e-07 1.00285e-01 3.82353e-31 2.92656e-20 
2369.61 7.08372e-07 1.00950e-01 5.00904e-31 4.27288e-20 
2375.00 8.79109e-07 1.02637e-01 1.02991e-30 1.11105e-19 
2381.45 6.32599e-07 1.04680e-01 2.49950e-30 1.98431e-19 
2383.02 5.53590e-07 1.05182e-01 3.05883e-30 2.13666e-19 
2385.00 4.83495e-07 1.05816e-01 3.91341e-30 2.40386e-19 
2393.36 6.04070e-07 1.08520e-01 1.13640e-29 8.97549e-19 
2395.00 6.46348e-07 1.09053e-01 1.39459e-29 1.18517e-18 
2398.60 6.93579e-07 1.10226e-01 2.14118e-29 1.97657e-18 
2405.00 6.66525e-07 1.12331e-01 4.48335e-29 4.06405e-18 
2405.33 6.63067e-07 1.12440e-01 4.66164e-29 4.20837e-18 
2414.18 7.34433e-07 1.15397e-01 1.30765e-28 1.34689e-17 
2415.00 7.78186e-07 1.15675e-01 1.43067e-28 1.56567e-17 
2417.35 9.51235e-07 1.16470e-01 1.84885e-28 2.49268e-17 
2425.00 1.55726e-06 1.19068e-01 4.37112e-28 9.89427e-17 
2429.44 1.60432e-06 1.20590e-01 7.10986e-28 1.68226e-16 
2429.77 1.60084e-06 1.20703e-01 7.36030e-28 1.73960e-16 
2435.00 1.56605e-06 1.22511e-01 1.27469e-27 2.99782e-16 
2441.59 1.83509e-06 1.24810e-01 2.58690e-27 7.28253e-16 
2445.00 2.02356e-06 1.26010e-01 3.68835e-27 1.15760e-15 
2445.37 2.04186e-06 1.26141e-01 3.82965e-27 1.21425e-15 
2453.80 2.21247e-06 1.29130e-01 8.97503e-27 3.16739e-15 
2455.00 2.18820e-06 1.29559e-01 1.01534e-26 3.55748e-15 
2460.98 1.91716e-06 1.31704e-01 1.84707e-26 5.77794e-15 
2465.00 1.74094e-06 1.33154e-01 2.71287e-26 7.80379e-15 
2466.07 1.71392e-06 1.33540e-01 3.00615e-26 8.54162e-15 
2475.00 1.48331e-06 1.36807e-01 7.12550e-26 1.80159e-14 
2476.61 1.35938e-06 1.37400e-01 8.27768e-26 1.92760e-14 
2478.40 1.19012e-06 1.38060e-01 9.75004e-26 1.99876e-14 
2485.00 6.26494e-07 1.40509e-01 1.78877e-25 1.96982e-14 
2490.79 6.83417e-07 1.42670e-01 3.03626e-25 3.71208e-14 
2492.24 7.75654e-07 1.43215e-01 3.45475e-25 4.81489e-14 
2495.00 1.00845e-06 1.44251e-01 4.39475e-25 8.02971e-14 
2503.24 1.62650e-06 1.47370e-01 9.03827e-25 2.73008e-13 
2505.00 1.59193e-06 1.48041e-01 1.05264e-24 3.12834e-13 
2507.89 1.33469e-06 1.49147e-01 1.34578e-24 3.38219e-13 
2513.00 7.20367e-07 1.51115e-01 2.05795e-24 2.83408e-13 
2515.76 5.59442e-07 1.52180e-01 2.58882e-24 2.79130e-13 
2518.00 5.09218e-07 1.53047e-01 3.11929e-24 3.08151e-13 
2523.54 4.95349e-07 1.55198e-01 4.90352e-24 4.78893e-13 
2525.00 5.15282e-07 1.55766e-01 5.50526e-24 5.61668e-13 
2528.34 5.92749e-07 1.57070e-01 7.16245e-24 8.48759e-13 
2535.00 7.15489e-07 1.59695e-01 1.21056e-23 1.76515e-12 
2539.21 6.87894e-07 1.61365e-01 1.67466e-23 2.37617e-12 
2540.98 6.98747e-07 1.62070e-01 1.91386e-23 2.77241e-12 
2545.00 9.18208e-07 1.63675e-01 2.58639e-23 4.98000e-12 
2553.68 2.13496e-06 1.67150e-01 4.92436e-23 2.25911e-11 
2554.88 2.21680e-06 1.67631e-01 5.37152e-23 2.56727e-11 
2555.00 2.22178e-06 1.67677e-01 5.41637e-23 2.59536e-11 
2565.00 1.87982e-06 1.71693e-01 1.10121e-22 4.58931e-11 
2566.45 1.94932e-06 1.72280e-01 1.21926e-22 5.29019e-11 
2570.57 2.39521e-06 1.73957e-01 1.62131e-22 8.74185e-11 
2575.00 2.84961e-06 1.75773e-01 2.18669e-22 1.41980e-10 
2579.28 2.85795e-06 1.77540e-01 2.91321e-22 1.91931e-10 
2585.00 2.53231e-06 1.79909e-01 4.24910e-22 2.51914e-10 
2586.27 2.47352e-06 1.80437e-01 4.61367e-22 2.68092e-10 
2592.18 2.30527e-06 1.82900e-01 6.72713e-22 3.70129e-10 
2595.00 2.22019e-06 1.84078e-01 8.03853e-22 4.29170e-10 
2601.98 1.87087e-06 1.87006e-01 1.24002e-21 5.68271e-10 
2605.00 1.72809e-06 1.88280e-01 1.48903e-21 6.35337e-10 
2605.14 1.72250e-06 1.88340e-01 1.50173e-21 6.38922e-10 
2615.00 1.56465e-06 1.92528e-01 2.69693e-21 1.06949e-09 
2617.70 1.58657e-06 1.93679e-01 3.15339e-21 1.27691e-09 
2618.17 1.59738e-06 1.93880e-01 3.23976e-21 1.32244e-09 
2625.00 2.29914e-06 1.96802e-01 4.77144e-21 2.85297e-09 
2631.26 4.04533e-06 1.99490e-01 6.75307e-21 7.21875e-09 
2633.43 4.65074e-06 2.00425e-01 7.60029e-21 9.39179e-09 
2635.00 5.01118e-06 2.01105e-01 8.27377e-21 1.10604e-08 
2644.41 6.63110e-06 2.05190e-01 1.36135e-20 2.46584e-08 
2645.00 6.82365e-06 2.05445e-01 1.40347e-20 2.61978e-08 
2649.17 8.61164e-06 2.07262e-01 1.73900e-20 4.13941e-08 
2655.00 9.98980e-06 2.09813e-01 2.33156e-20 6.53167e-08 
2657.64 9.25030e-06 2.10970e-01 2.65657e-20 6.93613e-08 
2664.92 5.66203e-06 2.14176e-01 3.78340e-20 6.15505e-08 
2665.00 5.63700e-06 2.14212e-01 3.79828e-20 6.15317e-08 
2670.92 5.56603e-06 2.16830e-01 5.02086e-20 8.14757e-08 
2675.00 6.66834e-06 2.18635e-01 6.06128e-20 1.19000e-07 
2680.68 8.10216e-06 2.21157e-01 7.83871e-20 1.89546e-07 
2684.28 8.24709e-06 2.22760e-01 9.19353e-20 2.28229e-07 
2685.00 8.15790e-06 2.23082e-01 9.48907e-20 2.33417e-07 
2695.00 5.44566e-06 2.27557e-01 1.45765e-19 2.45061e-07 
2696.45 5.48611e-06 2.28209e-01 1.54895e-19 2.63239e-07 
2697.70 5.66222e-06 2.28770e-01 1.63143e-19 2.86994e-07 
2705.00 7.12513e-06 2.32056e-01 2.19698e-19 4.94654e-07 
2711.19 5.95769e-06 2.34850e-01 2.80678e-19 5.35994e-07 
2712.24 5.60202e-06 2.35323e-01 2.92339e-19 5.26195e-07 
2715.00 4.65830e-06 2.36575e-01 3.25211e-19 4.89841e-07 
2724.74 3.19232e-06 2.41000e-01 4.68408e-19 4.94307e-07 
2725.00 3.20982e-06 2.41116e-01 4.72801e-19 5.01968e-07 
2728.03 3.61850e-06 2.42496e-01 5.27721e-19 6.35932e-07 
2735.00 4.37698e-06 2.45679e-01 6.75387e-19 9.99945e-07 
2738.37 3.79720e-06 2.47220e-01 7.58652e-19 9.81758e-07 
2743.83 2.41111e-06 2.49723e-01 9.12391e-19 7.58817e-07 
2745.00 2.24190e-06 2.50257e-01 9.48411e-19 7.35301e-07 
2752.06 2.80122e-06 2.53500e-01 1.19304e-18 1.17371e-06 
2755.00 3.38661e-06 2.54854e-01 1.30947e-18 1.56746e-06 
2759.65 4.15309e-06 2.56998e-01 1.51283e-18 2.24321e-06 
2765.00 4.77991e-06 2.59471e-01 1.77848e-18 3.07026e-06 
2765.82 4.85781e-06 2.59850e-01 1.82240e-18 3.20299e-06 
2775.00 4.86362e-06 2.64096e-01 2.37675e-18 4.26472e-06 
2775.47 4.79230e-06 2.64316e-01 2.40876e-18 4.26306e-06 
2779.65 3.86739e-06 2.66250e-01 2.70517e-18 3.89776e-06 
2785.00 2.44368e-06 2.68733e-01 3.12645e-18 2.87850e-06 
2791.31 1.34772e-06 2.71669e-01 3.68751e-18 1.89716e-06 
2793.55 1.11886e-06 2.72710e-01 3.90386e-18 1.67514e-06 
2795.00 1.00457e-06 2.73387e-01 4.04946e-18 1.56480e-06 
2805.00 1.26785e-06 2.78054e-01 5.16600e-18 2.57163e-06 
2807.16 1.70443e-06 2.79063e-01 5.43429e-18 3.65271e-06 
2807.52 1.79018e-06 2.79230e-01 5.47950e-18 3.87120e-06 
2815.00 4.13152e-06 2.82732e-01 6.49352e-18 1.07490e-05 
2821.55 6.16294e-06 2.85800e-01 7.48399e-18 1.87238e-05 
2823.02 6.47785e-06 2.86486e-01 7.71876e-18 2.03572e-05 
2825.00 6.76852e-06 2.87414e-01 8.04436e-18 2.22554e-05 
2835.00 5.89106e-06 2.92100e-01 9.82527e-18 2.41293e-05 
2835.66 5.73846e-06 2.92410e-01 9.95110e-18 2.38362e-05 
2838.89 4.90553e-06 2.93924e-01 1.05796e-17 2.18001e-05 
2845.00 3.11641e-06 2.96795e-01 1.18351e-17 1.56779e-05 
2849.84 1.84949e-06 2.99070e-01 1.28872e-17 1.02265e-05 
2854.77 1.44976e-06 3.01389e-01 1.40095e-17 8.79714e-06 
2855.00 1.46711e-06 3.01499e-01 1.40637e-17 8.94083e-06 
2864.09 4.38465e-06 3.05780e-01 1.62637e-17 3.14393e-05 
2865.00 4.81315e-06 3.06210e-01 1.64926e-17 3.50579e-05 
2870.66 7.30276e-06 3.08876e-01 1.79448e-17 5.84945e-05 
2875.00 8.30347e-06 3.10919e-01 1.90927e-17 7.13402e-05 
2878.41 8.16613e-06 3.12520e-01 2.00118e-17 7.40040e-05 
2885.00 7.41674e-06 3.15606e-01 2.18263e-17 7.42006e-05 
2886.56 7.51676e-06 3.16335e-01 2.22619e-17 7.69208e-05 
2892.80 9.07888e-06 3.19250e-01 2.40226e-17 1.01397e-04 
2895.00 9.82772e-06 3.20277e-01 2.46481e-17 1.13066e-04 
2902.47 1.20783e-05 3.23772e-01 2.67832e-17 1.53037e-04 
2907.27 1.30436e-05 3.26020e-01 2.81526e-17 1.75214e-04 
2910.00 1.33517e-05 3.27306e-01 2.89312e-17 1.85214e-04 
2918.40 1.31693e-05 3.31264e-01 3.12938e-17 2.00568e-04 
2921.80 1.27845e-05 3.32870e-01 3.22347e-17 2.01769e-04 
2930.00 1.17404e-05 3.36732e-01 3.44414e-17 2.00835e-04 
2934.33 1.13710e-05 3.38771e-01 3.55658e-17 2.02380e-04 
2936.41 1.12533e-05 3.39750e-01 3.60941e-17 2.03994e-04 
2950.00 1.11598e-05 3.46147e-01 3.93265e-17 2.25604e-04 
2950.28 1.11660e-05 3.46276e-01 3.93876e-17 2.26186e-04 
2951.09 1.11854e-05 3.46660e-01 3.95680e-17 2.27933e-04 
2965.85 1.16452e-05 3.53580e-01 4.25243e-17 2.61422e-04 
2966.23 1.16557e-05 3.53760e-01 4.25931e-17 2.62250e-04 
2970.00 1.17424e-05 3.55524e-01 4.32476e-17 2.69941e-04 
2980.68 1.17921e-05 3.60520e-01 4.48788e-17 2.86286e-04 
2982.20 1.17791e-05 3.61232e-01 4.50842e-17 2.87993e-04 
2990.00 1.16569e-05 3.64881e-01 4.60326e-17 2.94709e-04 
2995.58 1.15381e-05 3.67490e-01 4.66061e-17 2.98007e-04 
2998.18 1.14910e-05 3.68703e-01 4.68440e-17 2.99550e-04 
3010.00 1.15609e-05 3.74220e-01 4.77097e-17 3.12764e-04 
3010.56 1.15824e-05 3.74480e-01 4.77424e-17 3.13834e-04 
3014.16 1.17638e-05 3.76156e-01 4.79365e-17 3.21865e-04 
3025.61 1.25520e-05 3.81460e-01 4.83802e-17 3.52831e-04 
3030.00 1.27990e-05 3.83490e-01 4.84907e-17 3.63039e-04 
3030.16 1.28064e-05 3.83566e-01 4.84943e-17 3.63368e-04 
3040.74 1.30711e-05 3.88450e-01 4.86548e-17 3.78160e-04 
3046.18 1.31791e-05 3.90956e-01 4.86948e-17 3.84748e-04 
3050.00 1.33107e-05 3.92717e-01 4.87112e-17 3.90961e-04 
3055.94 1.36381e-05 3.95450e-01 4.87243e-17 4.04259e-04 
3062.20 1.39848e-05 3.98320e-01 4.87308e-17 4.18453e-04 
3070.00 1.40833e-05 4.01891e-01 4.87436e-17 4.26375e-04 
3071.22 1.40400e-05 4.02450e-01 4.87471e-17 4.25855e-04 
3078.23 1.35649e-05 4.05648e-01 4.87801e-17 4.15943e-04 
3086.58 1.30504e-05 4.09450e-01 4.88588e-17 4.05667e-04 
3090.00 1.30535e-05 4.11006e-01 4.89062e-17 4.08151e-04 
3094.27 1.33269e-05 4.12946e-01 4.89794e-17 4.19873e-04 
3102.01 1.42458e-05 4.16450e-01 4.91548e-17 4.55388e-04 
3110.00 1.50379e-05 4.20051e-01 4.93954e-17 4.88496e-04 
3110.33 1.50544e-05 4.20198e-01 4.94066e-17 4.89363e-04 
3117.52 1.50415e-05 4.23430e-01 4.96778e-17 4.96554e-04 
3126.39 1.44065e-05 4.27407e-01 5.00747e-17 4.85273e-04 
3130.00 1.40910e-05 4.29021e-01 5.02540e-17 4.78696e-04 
3133.11 1.38409e-05 4.30410e-01 5.04158e-17 4.73709e-04 
3142.47 1.33695e-05 4.34580e-01 5.09367e-17 4.68177e-04 
3148.77 1.34307e-05 4.37380e-01 5.13087e-17 4.77763e-04 
3150.00 1.34897e-05 4.37923e-01 5.13823e-17 4.81335e-04 
3158.56 1.42179e-05 4.41712e-01 5.19017e-17 5.18285e-04 
3164.52 1.46946e-05 4.44340e-01 5.22629e-17 5.43622e-04 
3170.00 1.47776e-05 4.46746e-01 5.25889e-17 5.54040e-04 
3174.66 1.44436e-05 4.48785e-01 5.28580e-17 5.47576e-04 
3180.34 1.37688e-05 4.51270e-01 5.31731e-17 5.28959e-04 
3190.00 1.30600e-05 4.55486e-01 5.36646e-17 5.12648e-04 
3190.77 1.30751e-05 4.55820e-01 5.37009e-17 5.14089e-04 
3196.24 1.34936e-05 4.58200e-01 5.39472e-17 5.36677e-04 
3206.89 1.45180e-05 4.62795e-01 5.43589e-17 5.89620e-04 
3210.00 1.44882e-05 4.64134e-01 5.44622e-17 5.91809e-04 
3212.22 1.42991e-05 4.65090e-01 5.45314e-17 5.86438e-04 
3223.02 1.24497e-05 4.69721e-01 5.48182e-17 5.20129e-04 
3228.29 1.18883e-05 4.71970e-01 5.49328e-17 5.00911e-04 
3230.00 1.18779e-05 4.72700e-01 5.49675e-17 5.01828e-04 
3239.16 1.34119e-05 4.76585e-01 5.51395e-17 5.74713e-04 
3244.43 1.49943e-05 4.78810e-01 5.52360e-17 6.47699e-04 
3250.00 1.67015e-05 4.81163e-01 5.53459e-17 7.27676e-04 
3255.32 1.80222e-05 4.83401e-01 5.54666e-17 7.91888e-04 
3260.65 1.89881e-05 4.85640e-01 5.56122e-17 8.41771e-04 
3270.00 1.98573e-05 4.89542e-01 5.59583e-17 8.95459e-04 
3271.48 1.99032e-05 4.90157e-01 5.60267e-17 9.00163e-04 
3276.95 1.98899e-05 4.92430e-01 5.63202e-17 9.09984e-04 
3287.66 1.93208e-05 4.96857e-01 5.71212e-17 9.07533e-04 
3290.00 1.91539e-05 4.97818e-01 5.73447e-17 9.05609e-04 
3293.34 1.89174e-05 4.99180e-01 5.76975e-17 9.03306e-04 
3303.84 1.82791e-05 5.03413e-01 5.91089e-17 9.04640e-04 
3309.80 1.80628e-05 5.05800e-01 6.01429e-17 9.15534e-04 
3310.00 1.80583e-05 5.05879e-01 6.01801e-17 9.16067e-04 
3320.04 1.80398e-05 5.09914e-01 6.23828e-17 9.59092e-04 
3326.35 1.81968e-05 5.12450e-01 6.40921e-17 1.00079e-03 
3330.00 1.83268e-05 5.13913e-01 6.52053e-17 1.02950e-03 
3336.25 1.85452e-05 5.16414e-01 6.73418e-17 1.08317e-03 
3342.98 1.84952e-05 5.19100e-01 6.99859e-17 1.13078e-03 
3350.00 1.77305e-05 5.21891e-01 7.31443e-17 1.14143e-03 
3352.47 1.72197e-05 5.22872e-01 7.43604e-17 1.12993e-03 
3359.70 1.53247e-05 5.25730e-01 7.82351e-17 1.06606e-03 
3368.70 1.34596e-05 5.29267e-01 8.37570e-17 1.01184e-03 
3370.00 1.33506e-05 5.29774e-01 8.46168e-17 1.01532e-03 
3376.50 1.35690e-05 5.32310e-01 8.91834e-17 1.09493e-03 
3384.95 1.48772e-05 5.35593e-01 9.57648e-17 1.30028e-03 
3390.00 1.56086e-05 5.37547e-01 1.00053e-16 1.43263e-03 
3393.38 1.58891e-05 5.38850e-01 1.03070e-16 1.50749e-03 
3401.20 1.60235e-05 5.41852e-01 1.10506e-16 1.64278e-03 
3410.00 1.59350e-05 5.45208e-01 1.19623e-16 1.78406e-03 
3410.35 1.59377e-05 5.45340e-01 1.19999e-16 1.79058e-03 
3417.47 1.61559e-05 5.48043e-01 1.27973e-16 1.94935e-03 
3427.40 1.67241e-05 5.51790e-01 1.39913e-16 2.22773e-03 
3430.00 1.68683e-05 5.52767e-01 1.43191e-16 2.30540e-03 
3433.74 1.70448e-05 5.54169e-01 1.48015e-16 2.41674e-03 
3444.54 1.73931e-05 5.58190e-01 1.62576e-16 2.73698e-03 
3450.00 1.75203e-05 5.60216e-01 1.70293e-16 2.90293e-03 
3450.03 1.75210e-05 5.60228e-01 1.70339e-16 2.90392e-03 
3461.76 1.78312e-05 5.64550e-01 1.87578e-16 3.29069e-03 
3466.33 1.80191e-05 5.66223e-01 1.94518e-16 3.46316e-03 
3470.00 1.82171e-05 5.67560e-01 2.00159e-16 3.61510e-03 
3479.07 1.89101e-05 5.70850e-01 2.14342e-16 4.05237e-03 
3482.64 1.92466e-05 5.72142e-01 2.20008e-16 4.24744e-03 
3490.00 2.00101e-05 5.74793e-01 2.31764e-16 4.68333e-03 
3496.46 2.06798e-05 5.77110e-01 2.42153e-16 5.08681e-03 
3498.96 2.08887e-05 5.78004e-01 2.46179e-16 5.23547e-03 
3510.00 2.09635e-05 5.81927e-01 2.63908e-16 5.68873e-03 
3513.95 2.05178e-05 5.83320e-01 2.70203e-16 5.72064e-03 
3515.30 2.03258e-05 5.83796e-01 2.72351e-16 5.71905e-03 
3530.00 1.91994e-05 5.88943e-01 2.95326e-16 5.93419e-03 
3531.51 1.93851e-05 5.89470e-01 2.97641e-16 6.04655e-03 
3531.64 1.94040e-05 5.89514e-01 2.97834e-16 6.05702e-03 
3548.00 2.25199e-05 5.95167e-01 3.21969e-16 7.70773e-03 
3549.17 2.25156e-05 5.95570e-01 3.23635e-16 7.75396e-03 
3550.00 2.24709e-05 5.95854e-01 3.24802e-16 7.77195e-03 
3564.36 1.80106e-05 6.00746e-01 3.44173e-16 6.68192e-03 
3566.92 1.70748e-05 6.01610e-01 3.47430e-16 6.40847e-03 
3570.00 1.61558e-05 6.02650e-01 3.51278e-16 6.14662e-03 
3580.74 1.52965e-05 6.06259e-01 3.63967e-16 6.08427e-03 
3584.75 1.56400e-05 6.07600e-01 3.68402e-16 6.31768e-03 
3590.00 1.63463e-05 6.09348e-01 3.73947e-16 6.73153e-03 
3597.13 1.74202e-05 6.11713e-01 3.81005e-16 7.35210e-03 
3602.68 1.82032e-05 6.13540e-01 3.86103e-16 7.82064e-03 
3610.00 1.90030e-05 6.15936e-01 3.92310e-16 8.34484e-03 
3613.53 1.92443e-05 6.17087e-01 3.95088e-16 8.53489e-03 
3620.69 1.94528e-05 6.19410e-01 4.00287e-16 8.79119e-03 
3629.94 1.92902e-05 6.22402e-01 4.06167e-16 8.91118e-03 
3630.00 1.92881e-05 6.22420e-01 4.06199e-16 8.91131e-03 
3638.79 1.93924e-05 6.25240e-01 4.10917e-16 9.12670e-03 
3640.00 1.95771e-05 6.25625e-01 4.11500e-16 9.23545e-03 
3646.37 2.13447e-05 6.27645e-01 4.14331e-16 1.01891e-02 
3650.00 2.24311e-05 6.28792e-01 4.15761e-16 1.07750e-02 
3656.99 2.35541e-05 6.30990e-01 4.18150e-16 1.14411e-02 
3662.80 2.36527e-05 6.32814e-01 4.19790e-16 1.15858e-02 
3670.00 2.31466e-05 6.35062e-01 4.21403e-16 1.14443e-02 
3675.27 2.26033e-05 6.36700e-01 4.22310e-16 1.12448e-02 
3679.25 2.22241e-05 6.37930e-01 4.22848e-16 1.11036e-02 
3690.00 2.19802e-05 6.41228e-01 4.23719e-16 1.10936e-02 
3693.65 2.23184e-05 6.42340e-01 4.23836e-16 1.12981e-02 
3695.71 2.25701e-05 6.42966e-01 4.23865e-16 1.14438e-02 
3710.00 2.30337e-05 6.47291e-01 4.23394e-16 1.17898e-02 
3712.12 2.25818e-05 6.47930e-01 4.23234e-16 1.15721e-02 
3712.18 2.25665e-05 6.47948e-01 4.23229e-16 1.15646e-02 
3728.66 1.69444e-05 6.52865e-01 4.21315e-16 8.74849e-03 
3730.00 1.66695e-05 6.53254e-01 4.21114e-16 8.61065e-03 
3730.68 1.65591e-05 6.53450e-01 4.21010e-16 8.55562e-03 
3745.15 1.76538e-05 6.57531e-01 4.18461e-16 9.15802e-03 
3749.33 1.86530e-05 6.58710e-01 4.17623e-16 9.68512e-03 
3750.00 1.88187e-05 6.58900e-01 4.17486e-16 9.77247e-03 
3761.65 2.14884e-05 6.62260e-01 4.14943e-16 1.11821e-02 
3768.08 2.25303e-05 6.64120e-01 4.13440e-16 1.17346e-02 
3770.00 2.27452e-05 6.64673e-01 4.12978e-16 1.18492e-02 
3778.17 2.31823e-05 6.67002e-01 4.10957e-16 1.20860e-02 
3786.92 2.33741e-05 6.69470e-01 4.08700e-16 1.21921e-02 
3790.00 2.35297e-05 6.70336e-01 4.07884e-16 1.22746e-02 
3794.70 2.39065e-05 6.71652e-01 4.06619e-16 1.24723e-02 
3805.85 2.38437e-05 6.74760e-01 4.03512e-16 1.24381e-02 
3810.00 2.27954e-05 6.75908e-01 4.02318e-16 1.18892e-02 
3811.23 2.23207e-05 6.76248e-01 4.01959e-16 1.16408e-02 
3824.88 1.51916e-05 6.79990e-01 3.97846e-16 7.91338e-03 
3827.78 1.41522e-05 6.80780e-01 3.96935e-16 7.36921e-03 
3830.00 1.36996e-05 6.81382e-01 3.96230e-16 7.13131e-03 
3844.01 1.66753e-05 6.85160e-01 3.91564e-16 8.65718e-03 
3844.34 1.67948e-05 6.85251e-01 3.91447e-16 8.71852e-03 
3850.00 1.84564e-05 6.86763e-01 3.89442e-16 9.56712e-03 
3860.92 1.87758e-05 6.89661e-01 3.85351e-16 9.69851e-03 
3863.23 1.85642e-05 6.90270e-01 3.84445e-16 9.58083e-03 
3870.00 1.80158e-05 6.92048e-01 3.81696e-16 9.27135e-03 
3877.50 1.82451e-05 6.94003e-01 3.78486e-16 9.35479e-03 
3882.54 1.90296e-05 6.95310e-01 3.76223e-16 9.72957e-03 
3890.00 2.11770e-05 6.97233e-01 3.72709e-16 1.07767e-02 
3894.10 2.28107e-05 6.98284e-01 3.70690e-16 1.15748e-02 
3901.96 2.54804e-05 7.00290e-01 3.66633e-16 1.28505e-02 
3910.00 2.50062e-05 7.02329e-01 3.62219e-16 1.25216e-02 
3910.70 2.47085e-05 7.02507e-01 3.61819e-16 1.23642e-02 
3921.46 1.70199e-05 7.05210e-01 3.55447e-16 8.42214e-03 
3927.32 1.36488e-05 7.06671e-01 3.51763e-16 6.70781e-03 
3930.00 1.31590e-05 7.07337e-01 3.50028e-16 6.44567e-03 
3941.07 1.83227e-05 7.10070e-01 3.42506e-16 8.84091e-03 
3943.95 2.01794e-05 7.10776e-01 3.40457e-16 9.69525e-03 
3950.00 2.23890e-05 7.12251e-01 3.36034e-16 1.06554e-02 
3960.59 1.84043e-05 7.14816e-01 3.27887e-16 8.60047e-03 
3960.78 1.83018e-05 7.14860e-01 3.27742e-16 8.54968e-03 
3970.00 1.54497e-05 7.17073e-01 3.20241e-16 7.09046e-03 
3977.25 1.92461e-05 7.18800e-01 3.14093e-16 8.69992e-03 
3980.58 2.22252e-05 7.19590e-01 3.11194e-16 9.97313e-03 
3990.00 3.04201e-05 7.21810e-01 3.02767e-16 1.33533e-02 
3993.91 3.22865e-05 7.22727e-01 2.99168e-16 1.40356e-02 
4000.48 3.32949e-05 7.24260e-01 2.93004e-16 1.42293e-02 
4010.00 3.25538e-05 7.26463e-01 2.83829e-16 1.35500e-02 
4010.59 3.25037e-05 7.26600e-01 2.83251e-16 1.35061e-02 
4020.49 3.21769e-05 7.28870e-01 2.73414e-16 1.29782e-02 
4027.28 3.22035e-05 7.30416e-01 2.66520e-16 1.27098e-02 
4030.00 3.21922e-05 7.31033e-01 2.63730e-16 1.25914e-02 
4040.59 3.17771e-05 7.33420e-01 2.52739e-16 1.19814e-02 
4043.98 3.15208e-05 7.34180e-01 2.49182e-16 1.17394e-02 
4050.00 3.09259e-05 7.35523e-01 2.42828e-16 1.12615e-02 
4060.69 2.97888e-05 7.37888e-01 2.31461e-16 1.04002e-02 
4060.79 2.97820e-05 7.37910e-01 2.31353e-16 1.03936e-02 
4070.00 2.99621e-05 7.39924e-01 2.21515e-16 1.00619e-02 
4077.41 3.15064e-05 7.41534e-01 2.13588e-16 1.02427e-02 
4081.10 3.24799e-05 7.42330e-01 2.09659e-16 1.03854e-02 
4090.00 3.42632e-05 7.44247e-01 2.00186e-16 1.05105e-02 
4094.15 3.44225e-05 7.45135e-01 1.95794e-16 1.03505e-02 
4101.50 3.38784e-05 7.46700e-01 1.88062e-16 9.82282e-03 
4110.00 3.30079e-05 7.48492e-01 1.79220e-16 9.16130e-03 
4110.90 3.29568e-05 7.48680e-01 1.78294e-16 9.10411e-03 
4122.01 3.30443e-05 7.51000e-01 1.66948e-16 8.59709e-03 
4127.66 3.32745e-05 7.52172e-01 1.61285e-16 8.38784e-03 
4130.00 3.33371e-05 7.52657e-01 1.58956e-16 8.29232e-03 
4142.62 3.32258e-05 7.55250e-01 1.46664e-16 7.67519e-03 
4144.43 3.31995e-05 7.55618e-01 1.44940e-16 7.58596e-03 
4150.00 3.32046e-05 7.56749e-01 1.39683e-16 7.33272e-03 
4161.21 3.36133e-05 7.59005e-01 1.29403e-16 6.91580e-03 
4163.33 3.36691e-05 7.59430e-01 1.27501e-16 6.83278e-03 
4170.00 3.35859e-05 7.60761e-01 1.21629e-16 6.52382e-03 
4178.00 3.28362e-05 7.62349e-01 1.14786e-16 6.04350e-03 
4184.15 3.21360e-05 7.63560e-01 1.09686e-16 5.66912e-03 
4190.00 3.17368e-05 7.64704e-01 1.04960e-16 5.37300e-03 
4194.81 3.17699e-05 7.65638e-01 1.01172e-16 5.19678e-03 
4205.07 3.23068e-05 7.67620e-01 9.33794e-17 4.90216e-03 
4210.00 3.23783e-05 7.68568e-01 8.97786e-17 4.73493e-03 
4211.63 3.23283e-05 7.68879e-01 8.86121e-17 4.66990e-03 
4226.10 3.11026e-05 7.71630e-01 7.86755e-17 4.01705e-03 
4228.45 3.09627e-05 7.72074e-01 7.71316e-17 3.92496e-03 
4230.00 3.09094e-05 7.72363e-01 7.61320e-17 3.87029e-03 
4245.30 3.14257e-05 7.75219e-01 6.67303e-17 3.47427e-03 
4247.23 3.14618e-05 7.75580e-01 6.56069e-17 3.42285e-03 
4250.00 3.14326e-05 7.76100e-01 6.40163e-17 3.34118e-03 
4262.15 3.02323e-05 7.78355e-01 5.73866e-17 2.89742e-03 
4268.46 2.94273e-05 7.79480e-01 5.41529e-17 2.66914e-03 
4270.00 2.92648e-05 7.79746e-01 5.33864e-17 2.61867e-03 
4279.01 2.85284e-05 7.81260e-01 4.90619e-17 2.35551e-03 
4289.80 2.66743e-05 7.83060e-01 4.42488e-17 1.99595e-03 
4290.00 2.66168e-05 7.83093e-01 4.41649e-17 1.98805e-03 
4295.89 2.45509e-05 7.84116e-01 4.17035e-17 1.73618e-03 
4310.00 2.21824e-05 7.86628e-01 3.62512e-17 1.37246e-03 
4311.25 2.25205e-05 7.86850e-01 3.57963e-17 1.37668e-03 
4312.78 2.30815e-05 7.87119e-01 3.52489e-17 1.39037e-03 
4329.68 3.22515e-05 7.90045e-01 2.96288e-17 1.64549e-03 
4330.00 3.23424e-05 7.90100e-01 2.95295e-17 1.64484e-03 
4332.81 3.28256e-05 7.90580e-01 2.86739e-17 1.62307e-03 
4346.59 3.10775e-05 7.92928e-01 2.47701e-17 1.33561e-03 
4350.00 3.08015e-05 7.93506e-01 2.38766e-17 1.27793e-03 
4354.47 3.11620e-05 7.94260e-01 2.27458e-17 1.23409e-03 
4363.51 3.31324e-05 7.95773e-01 2.05987e-17 1.19300e-03 
4370.00 3.40234e-05 7.96849e-01 1.91675e-17 1.14320e-03 
4376.25 3.34851e-05 7.97880e-01 1.78708e-17 1.05186e-03 
4380.45 3.26272e-05 7.98571e-01 1.70411e-17 9.79116e-04 
4390.00 3.08991e-05 8.00133e-01 1.52800e-17 8.34870e-04 
4397.40 3.10925e-05 8.01332e-01 1.40268e-17 7.73653e-04 
4398.13 3.11807e-05 8.01450e-01 1.39084e-17 7.69541e-04 
4410.00 3.33861e-05 8.03354e-01 1.20989e-17 7.20409e-04 
4414.36 3.41883e-05 8.04048e-01 1.14887e-17 7.01815e-04 
4420.12 3.50317e-05 8.04960e-01 1.07244e-17 6.72922e-04 
4430.00 3.57254e-05 8.06516e-01 9.51760e-18 6.11567e-04 
4431.33 3.57320e-05 8.06724e-01 9.36478e-18 6.02196e-04 
4442.22 3.53690e-05 8.08420e-01 8.19421e-18 5.23950e-04 
4448.31 3.52906e-05 8.09361e-01 7.59792e-18 4.85976e-04 
4450.00 3.53429e-05 8.09620e-01 7.44005e-18 4.76917e-04 
4464.43 3.68192e-05 8.11820e-01 6.20561e-18 4.16878e-04 
4465.31 3.69096e-05 8.11953e-01 6.13669e-18 4.13408e-04 
4470.00 3.72531e-05 8.12662e-01 5.78111e-18 3.93835e-04 
4482.32 3.72073e-05 8.14510e-01 4.93512e-18 3.37480e-04 
4486.75 3.73522e-05 8.15170e-01 4.65951e-18 3.20450e-04 
4490.00 3.76871e-05 8.15652e-01 4.46666e-18 3.10349e-04 
4499.34 3.96838e-05 8.17031e-01 3.95269e-18 2.90280e-04 
4509.19 4.12177e-05 8.18470e-01 3.47047e-18 2.65763e-04 
4510.00 4.12207e-05 8.18588e-01 3.43313e-18 2.63009e-04 
4516.37 4.04513e-05 8.19510e-01 3.15402e-18 2.37718e-04 
4530.00 3.73689e-05 8.21463e-01 2.62676e-18 1.83883e-04 
4531.73 3.71714e-05 8.21710e-01 2.56613e-18 1.78811e-04 
4533.41 3.70558e-05 8.21949e-01 2.50850e-18 1.74367e-04 
4550.00 3.86014e-05 8.24295e-01 2.00272e-18 1.45962e-04 
4550.47 3.86827e-05 8.24361e-01 1.98998e-18 1.45366e-04 
4554.39 3.93669e-05 8.24910e-01 1.88635e-18 1.40448e-04 
4567.54 4.08846e-05 8.26732e-01 1.57625e-18 1.22506e-04 
4570.00 4.08810e-05 8.27070e-01 1.52406e-18 1.18551e-04 
4577.16 4.02362e-05 8.28050e-01 1.38207e-18 1.06102e-04 
4584.62 3.91841e-05 8.29063e-01 1.24866e-18 9.36197e-05 
4590.00 3.86728e-05 8.29791e-01 1.16071e-18 8.60667e-05 
4600.05 3.89053e-05 8.31140e-01 1.01389e-18 7.59209e-05 
4601.71 3.90270e-05 8.31362e-01 9.91655e-19 7.45346e-05 
4610.00 3.95494e-05 8.32464e-01 8.88528e-19 6.78892e-05 
4618.81 3.94783e-05 8.33625e-01 7.92430e-19 6.06378e-05 
4623.05 3.92934e-05 8.34180e-01 7.50774e-19 5.72717e-05 
4630.00 3.90016e-05 8.35085e-01 6.88321e-19 5.22526e-05 
4635.93 3.89177e-05 8.35853e-01 6.40507e-19 4.86251e-05 
4646.16 3.91430e-05 8.37170e-01 5.68719e-19 4.35896e-05 
4650.00 3.93226e-05 8.37661e-01 5.45068e-19 4.20280e-05 
4653.06 3.94928e-05 8.38052e-01 5.27423e-19 4.08893e-05 
4669.39 4.02977e-05 8.40120e-01 4.49575e-19 3.57773e-05 
4670.00 4.03090e-05 8.40196e-01 4.47184e-19 3.56048e-05 
4670.20 4.03121e-05 8.40221e-01 4.46415e-19 3.55489e-05 
4687.35 3.97307e-05 8.42348e-01 3.92159e-19 3.09693e-05 
4690.00 3.95040e-05 8.42674e-01 3.85883e-19 3.03286e-05 
4692.74 3.92386e-05 8.43010e-01 3.79948e-19 2.96907e-05 
4704.51 3.81870e-05 8.44447e-01 3.60530e-19 2.75339e-05 
4710.00 3.80554e-05 8.45112e-01 3.54659e-19 2.70449e-05 
4716.20 3.83746e-05 8.45860e-01 3.50308e-19 2.69966e-05 
4721.69 3.89192e-05 8.46517e-01 3.48402e-19 2.72835e-05 
4730.00 3.97755e-05 8.47505e-01 3.48819e-19 2.79990e-05 
4738.88 4.02516e-05 8.48553e-01 3.53472e-19 2.88016e-05 
4739.79 4.02760e-05 8.48660e-01 3.54183e-19 2.88862e-05 
4750.00 4.03886e-05 8.49856e-01 3.65117e-19 2.99677e-05 
4756.08 4.04096e-05 8.50564e-01 3.74113e-19 3.07870e-05 
4763.48 4.04261e-05 8.51420e-01 3.87496e-19 3.19831e-05 
4770.00 4.04279e-05 8.52168e-01 4.01436e-19 3.32096e-05 
4773.29 4.04224e-05 8.52544e-01 4.09241e-19 3.38891e-05 
4787.30 4.02758e-05 8.54130e-01 4.48032e-19 3.71442e-05 
4790.00 4.02106e-05 8.54433e-01 4.56535e-19 3.78225e-05 
4790.52 4.01962e-05 8.54491e-01 4.58210e-19 3.79545e-05 
4807.76 3.97738e-05 8.56406e-01 5.20716e-19 4.29283e-05 
4810.00 3.97886e-05 8.56654e-01 5.29835e-19 4.37293e-05 
4811.24 3.98096e-05 8.56790e-01 5.34967e-19 4.41946e-05 
4825.01 4.02733e-05 8.58297e-01 5.96718e-19 5.01009e-05 
4830.00 4.03118e-05 8.58839e-01 6.21240e-19 5.22965e-05 
4835.29 4.01246e-05 8.59410e-01 6.48492e-19 5.44330e-05 
4842.27 3.94299e-05 8.60157e-01 6.86370e-19 5.67458e-05 
4850.00 3.79496e-05 8.60979e-01 7.30990e-19 5.83144e-05 
4859.47 3.53664e-05 8.61980e-01 7.89486e-19 5.88769e-05 
4859.54 3.53476e-05 8.61988e-01 7.89956e-19 5.88820e-05 
4870.00 3.38956e-05 8.63087e-01 8.59534e-19 6.16472e-05 
4876.83 3.49079e-05 8.63800e-01 9.07843e-19 6.72062e-05 
4883.77 3.68121e-05 8.64520e-01 9.59235e-19 7.50533e-05 
4890.00 3.83179e-05 8.65161e-01 1.00743e-18 8.22136e-05 
4894.13 3.88354e-05 8.65584e-01 1.04043e-18 8.61686e-05 
4908.19 3.84607e-05 8.67010e-01 1.15918e-18 9.55076e-05 
4910.00 3.83127e-05 8.67193e-01 1.17523e-18 9.65130e-05 
4911.44 3.81981e-05 8.67338e-01 1.18811e-18 9.73238e-05 
4928.77 3.74937e-05 8.69069e-01 1.35123e-18 1.09245e-04 
4930.00 3.75182e-05 8.69191e-01 1.36344e-18 1.10348e-04 
4932.73 3.76179e-05 8.69460e-01 1.39072e-18 1.12952e-04 
4946.10 3.86408e-05 8.70768e-01 1.53005e-18 1.28186e-04 
4950.00 3.89655e-05 8.71146e-01 1.57242e-18 1.33005e-04 
4957.39 3.94177e-05 8.71860e-01 1.65496e-18 1.41939e-04 
4963.45 3.95390e-05 8.72444e-01 1.72474e-18 1.48660e-04 
4970.00 3.93184e-05 8.73072e-01 1.80235e-18 1.54798e-04 
4980.81 3.81088e-05 8.74101e-01 1.93534e-18 1.61647e-04 
4982.18 3.79087e-05 8.74230e-01 1.95260e-18 1.62301e-04 
4990.00 3.67232e-05 8.74964e-01 2.05315e-18 1.65720e-04 
4998.18 3.56637e-05 8.75726e-01 2.16172e-18 1.69875e-04 
5007.09 3.51516e-05 8.76550e-01 2.28373e-18 1.77368e-04 
5010.00 3.52072e-05 8.76818e-01 2.32447e-18 1.80978e-04 
5015.57 3.56482e-05 8.77331e-01 2.40360e-18 1.89805e-04 
5030.00 3.72038e-05 8.78648e-01 2.61567e-18 2.16509e-04 
5032.12 3.72833e-05 8.78840e-01 2.64774e-18 2.19773e-04 
5032.97 3.72989e-05 8.78916e-01 2.66051e-18 2.20982e-04 
5050.00 3.71424e-05 8.80438e-01 2.92578e-18 2.43234e-04 
5050.38 3.71578e-05 8.80471e-01 2.93181e-18 2.43864e-04 
5057.29 3.76857e-05 8.81080e-01 3.04320e-18 2.57255e-04 
5067.80 3.85185e-05 8.82000e-01 3.21664e-18 2.78794e-04 
5070.00 3.85515e-05 8.82191e-01 3.25349e-18 2.82414e-04 
5082.57 3.76264e-05 8.83280e-01 3.46780e-18 2.94885e-04 
5085.24 3.73728e-05 8.83510e-01 3.51398e-18 2.97031e-04 
5090.00 3.70621e-05 8.83919e-01 3.59721e-18 3.01960e-04 
5102.68 3.73616e-05 8.85001e-01 3.82261e-18 3.24677e-04 
5107.98 3.75812e-05 8.85450e-01 3.91837e-18 3.35284e-04 
5110.00 3.76180e-05 8.85620e-01 3.95500e-18 3.38948e-04 
5120.14 3.73102e-05 8.86469e-01 4.14115e-18 3.53035e-04 
5130.00 3.67313e-05 8.87288e-01 4.32466e-18 3.63993e-04 
5133.52 3.65807e-05 8.87580e-01 4.39086e-18 3.68424e-04 
5137.62 3.64216e-05 8.87918e-01 4.46806e-18 3.73711e-04 
5150.00 3.54115e-05 8.88934e-01 4.70376e-18 3.83874e-04 
5155.10 3.45208e-05 8.89349e-01 4.80165e-18 3.82564e-04 
5159.19 3.36786e-05 8.89680e-01 4.88044e-18 3.79797e-04 
5170.00 3.17285e-05 8.90544e-01 5.08965e-18 3.74289e-04 
5172.60 3.14695e-05 8.90751e-01 5.14016e-18 3.75193e-04 
5184.99 3.16074e-05 8.91730e-01 5.38164e-18 3.95921e-04 
5190.00 3.22200e-05 8.92125e-01 5.47956e-18 4.11517e-04 
5190.11 3.22364e-05 8.92134e-01 5.48170e-18 4.11900e-04 
5207.63 3.52669e-05 8.93506e-01 5.82437e-18 4.81147e-04 
5210.00 3.55255e-05 8.93689e-01 5.87064e-18 4.88847e-04 
5210.91 3.56020e-05 8.93760e-01 5.88848e-18 4.91514e-04 
5225.17 3.59223e-05 8.94850e-01 6.16624e-18 5.21384e-04 
5230.00 3.61343e-05 8.95216e-01 6.26001e-18 5.33148e-04 
5236.97 3.68600e-05 8.95740e-01 6.39475e-18 5.56626e-04 
5242.72 3.74040e-05 8.96171e-01 6.50539e-18 5.75521e-04 
5250.00 3.72468e-05 8.96715e-01 6.64487e-18 5.86560e-04 
5260.28 3.48395e-05 8.97477e-01 6.83997e-18 5.66345e-04 
5263.15 3.40849e-05 8.97690e-01 6.89421e-18 5.58911e-04 
5270.00 3.30062e-05 8.98194e-01 7.02254e-18 5.52323e-04 
5277.85 3.37718e-05 8.98768e-01 7.16823e-18 5.78089e-04 
5289.47 3.67667e-05 8.99610e-01 7.38091e-18 6.50061e-04 
5290.00 3.68943e-05 8.99648e-01 7.39055e-18 6.53262e-04 
5295.43 3.79439e-05 9.00039e-01 7.48857e-18 6.81752e-04 
5310.00 3.80833e-05 9.01074e-01 7.74669e-18 7.10606e-04 
5313.03 3.75603e-05 9.01288e-01 7.79953e-18 7.06198e-04 
5315.92 3.69407e-05 9.01490e-01 7.84948e-18 6.99534e-04 
5330.00 3.44391e-05 9.02469e-01 8.08913e-18 6.74585e-04 
5330.64 3.44234e-05 9.02514e-01 8.09989e-18 6.75289e-04 
5342.50 3.57542e-05 9.03330e-01 8.29546e-18 7.20579e-04 
5348.27 3.66975e-05 9.03726e-01 8.38867e-18 7.49037e-04 
5350.00 3.69079e-05 9.03845e-01 8.41642e-18 7.56167e-04 
5365.90 3.69737e-05 9.04928e-01 8.66518e-18 7.83160e-04 
5369.21 3.68319e-05 9.05150e-01 8.71558e-18 7.85370e-04 
5370.00 3.68033e-05 9.05203e-01 8.72759e-18 7.86005e-04 
5383.55 3.65791e-05 9.06103e-01 8.92901e-18 8.02058e-04 
5390.00 3.63770e-05 9.06526e-01 9.02218e-18 8.07291e-04 
5396.05 3.59844e-05 9.06920e-01 9.10809e-18 8.07439e-04 
5401.21 3.55920e-05 9.07255e-01 9.18011e-18 8.06017e-04 
5410.00 3.51460e-05 9.07822e-01 9.30031e-18 8.08155e-04 
5418.89 3.53208e-05 9.08394e-01 9.41876e-18 8.24388e-04 
5423.03 3.55635e-05 9.08660e-01 9.47300e-18 8.35718e-04 
5430.00 3.60583e-05 9.09107e-01 9.56265e-18 8.56884e-04 
5436.57 3.64934e-05 9.09527e-01 9.64563e-18 8.76213e-04 
5450.00 3.69236e-05 9.10381e-01 9.81050e-18 9.04769e-04 
5450.15 3.69231e-05 9.10390e-01 9.81231e-18 9.04958e-04 
5454.27 3.68610e-05 9.10650e-01 9.86175e-18 9.08934e-04 
5470.00 3.62430e-05 9.11632e-01 1.00458e-17 9.13984e-04 
5471.99 3.61823e-05 9.11755e-01 1.00685e-17 9.14976e-04 
5477.40 3.60711e-05 9.12090e-01 1.01301e-17 9.18989e-04 
5489.71 3.59979e-05 9.12846e-01 1.02678e-17 9.32450e-04 
5490.00 3.59974e-05 9.12864e-01 1.02710e-17 9.32796e-04 
5504.79 3.59802e-05 9.13760e-01 1.04329e-17 9.50526e-04 
5507.45 3.59814e-05 9.13920e-01 1.04617e-17 9.53812e-04 
5510.00 3.59846e-05 9.14072e-01 1.04893e-17 9.57015e-04 
5525.20 3.61071e-05 9.14973e-01 1.06528e-17 9.78898e-04 
5530.00 3.62161e-05 9.15255e-01 1.07044e-17 9.87766e-04 
5532.31 3.62853e-05 9.15390e-01 1.07292e-17 9.92510e-04 
5542.96 3.66070e-05 9.16010e-01 1.08440e-17 1.01466e-03 
5550.00 3.66433e-05 9.16417e-01 1.09205e-17 1.02458e-03 
5559.97 3.62477e-05 9.16990e-01 1.10300e-17 1.02616e-03 
5560.74 3.62012e-05 9.17034e-01 1.10385e-17 1.02583e-03 
5570.00 3.55693e-05 9.17561e-01 1.11422e-17 1.01967e-03 
5578.53 3.50408e-05 9.18042e-01 1.12398e-17 1.01540e-03 
5587.77 3.47889e-05 9.18560e-01 1.13483e-17 1.02010e-03 
5590.00 3.48083e-05 9.18684e-01 1.13749e-17 1.02361e-03 
5596.33 3.50465e-05 9.19036e-01 1.14517e-17 1.03914e-03 
5610.00 3.58206e-05 9.19788e-01 1.16240e-17 1.08159e-03 
5614.14 3.59352e-05 9.20015e-01 1.16782e-17 1.09118e-03 
5615.71 3.59584e-05 9.20100e-01 1.16989e-17 1.09423e-03 
5630.00 3.59496e-05 9.20872e-01 1.18953e-17 1.11609e-03 
5631.97 3.59528e-05 9.20978e-01 1.19235e-17 1.11936e-03 
5643.79 3.59715e-05 9.21610e-01 1.20985e-17 1.13954e-03 
5649.81 3.58504e-05 9.21930e-01 1.21919e-17 1.14609e-03 
5650.00 3.58439e-05 9.21940e-01 1.21949e-17 1.14622e-03 
5667.66 3.50373e-05 9.22873e-01 1.24879e-17 1.15210e-03 
5670.00 3.50139e-05 9.22995e-01 1.25289e-17 1.15574e-03 
5672.01 3.50299e-05 9.23100e-01 1.25646e-17 1.16010e-03 
5685.53 3.54627e-05 9.23801e-01 1.28160e-17 1.20170e-03 
5690.00 3.54649e-05 9.24031e-01 1.29036e-17 1.21124e-03 
5700.37 3.49267e-05 9.24560e-01 1.31159e-17 1.21539e-03 
5703.41 3.47747e-05 9.24714e-01 1.31807e-17 1.21693e-03 
5710.00 3.47536e-05 9.25048e-01 1.33251e-17 1.23139e-03 
5721.30 3.59201e-05 9.25614e-01 1.35864e-17 1.30103e-03 
5728.87 3.66374e-05 9.25990e-01 1.37713e-17 1.34740e-03 
5730.00 3.66806e-05 9.26046e-01 1.37996e-17 1.35211e-03 
5739.21 3.63404e-05 9.26498e-01 1.40374e-17 1.36552e-03 
5750.00 3.55531e-05 9.27025e-01 1.43328e-17 1.36738e-03 
5757.13 3.55492e-05 9.27371e-01 1.45380e-17 1.38904e-03 
5757.52 3.55593e-05 9.27390e-01 1.45494e-17 1.39066e-03 
5770.00 3.58361e-05 9.27996e-01 1.49302e-17 1.44222e-03 
5775.06 3.56669e-05 9.28240e-01 1.50920e-17 1.45262e-03 
5786.30 3.49928e-05 9.28780e-01 1.54683e-17 1.46439e-03 
5790.00 3.48609e-05 9.28956e-01 1.55970e-17 1.47223e-03 
5793.00 3.48381e-05 9.29099e-01 1.57033e-17 1.48229e-03 
5810.00 3.55579e-05 9.29897e-01 1.63377e-17 1.58002e-03 
5810.96 3.56077e-05 9.29942e-01 1.63751e-17 1.58619e-03 
5815.23 3.58036e-05 9.30140e-01 1.65443e-17 1.61293e-03 
5828.93 3.59667e-05 9.30770e-01 1.71106e-17 1.68081e-03 
5830.00 3.59385e-05 9.30819e-01 1.71566e-17 1.68441e-03 
5844.31 3.52518e-05 9.31470e-01 1.77923e-17 1.71885e-03 
5846.91 3.51684e-05 9.31588e-01 1.79123e-17 1.72734e-03 
5850.00 3.51320e-05 9.31727e-01 1.80569e-17 1.74066e-03 
5864.91 3.54127e-05 9.32397e-01 1.87825e-17 1.83104e-03 
5870.00 3.51389e-05 9.32624e-01 1.90414e-17 1.84397e-03 
5873.53 3.46946e-05 9.32780e-01 1.92242e-17 1.83955e-03 
5882.91 3.31243e-05 9.33193e-01 1.97229e-17 1.80552e-03 
5890.00 3.24733e-05 9.33502e-01 2.01121e-17 1.80775e-03 
5900.94 3.34833e-05 9.33975e-01 2.07346e-17 1.92621e-03 
5902.90 3.37891e-05 9.34060e-01 2.08491e-17 1.95536e-03 
5910.00 3.47342e-05 9.34366e-01 2.12703e-17 2.05380e-03 
5918.97 3.50017e-05 9.34750e-01 2.18183e-17 2.12704e-03 
5930.00 3.46251e-05 9.35218e-01 2.25161e-17 2.17658e-03 
5932.41 3.45689e-05 9.35320e-01 2.26724e-17 2.18927e-03 
5937.02 3.45270e-05 9.35513e-01 2.29742e-17 2.21789e-03 
5950.00 3.46428e-05 9.36053e-01 2.38492e-17 2.31648e-03 
5955.08 3.46852e-05 9.36263e-01 2.42017e-17 2.35613e-03 
5962.08 3.47024e-05 9.36550e-01 2.46958e-17 2.40899e-03 
5970.00 3.46653e-05 9.36873e-01 2.52681e-17 2.46630e-03 
5973.16 3.46340e-05 9.37002e-01 2.54998e-17 2.48832e-03 
5990.00 3.43043e-05 9.37684e-01 2.67706e-17 2.59665e-03 
5991.24 3.42688e-05 9.37734e-01 2.68667e-17 2.60396e-03 
5991.89 3.42500e-05 9.37760e-01 2.69165e-17 2.60770e-03 
6009.34 3.37533e-05 9.38462e-01 2.83003e-17 2.71191e-03 
6010.00 3.37408e-05 9.38489e-01 2.83534e-17 2.71636e-03 
6021.85 3.36627e-05 9.38960e-01 2.93272e-17 2.81008e-03 
6027.46 3.37268e-05 9.39181e-01 2.97977e-17 2.86395e-03 
6030.00 3.37779e-05 9.39281e-01 3.00126e-17 2.89050e-03 
6045.59 3.42344e-05 9.39886e-01 3.13554e-17 3.07052e-03 
6050.00 3.43237e-05 9.40055e-01 3.17432e-17 3.11944e-03 
6051.96 3.43463e-05 9.40130e-01 3.19160e-17 3.13975e-03 
6063.73 3.42584e-05 9.40577e-01 3.29694e-17 3.24291e-03 
6070.00 3.40728e-05 9.40814e-01 3.35396e-17 3.28535e-03 
6081.88 3.35779e-05 9.41258e-01 3.46352e-17 3.35151e-03 
6082.21 3.35646e-05 9.41270e-01 3.46664e-17 3.35343e-03 
6090.00 3.33285e-05 9.41558e-01 3.53954e-17 3.40526e-03 
6100.05 3.32508e-05 9.41926e-01 3.63478e-17 3.49586e-03 
6110.00 3.30248e-05 9.42286e-01 3.73033e-17 3.57055e-03 
6112.63 3.28777e-05 9.42380e-01 3.75573e-17 3.58075e-03 
6118.23 3.24789e-05 9.42580e-01 3.81015e-17 3.59262e-03 
6130.00 3.18605e-05 9.42994e-01 3.92557e-17 3.63955e-03 
6136.42 3.19659e-05 9.43217e-01 3.98906e-17 3.71542e-03 
6143.19 3.22219e-05 9.43450e-01 4.05636e-17 3.81350e-03 
6150.00 3.22795e-05 9.43682e-01 4.12442e-17 3.88968e-03 
6154.63 3.20629e-05 9.43839e-01 4.17085e-17 3.91066e-03 
6170.00 3.11990e-05 9.44351e-01 4.32599e-17 3.95884e-03 
6172.85 3.12719e-05 9.44445e-01 4.35485e-17 3.99681e-03 
6173.91 3.13244e-05 9.44480e-01 4.36559e-17 4.01423e-03 
6190.00 3.27058e-05 9.45008e-01 4.52936e-17 4.36226e-03 
6191.08 3.27699e-05 9.45044e-01 4.54038e-17 4.38236e-03 
6204.77 3.28884e-05 9.45510e-01 4.68019e-17 4.54592e-03 
6209.33 3.27607e-05 9.45672e-01 4.72669e-17 4.57739e-03 
6210.00 3.27396e-05 9.45696e-01 4.73357e-17 4.58172e-03 
6227.59 3.20287e-05 9.46341e-01 4.91305e-17 4.66855e-03 
6230.00 3.18894e-05 9.46429e-01 4.93764e-17 4.67374e-03 
6235.80 3.15151e-05 9.46640e-01 4.99664e-17 4.67946e-03 
6245.86 3.10199e-05 9.46996e-01 5.09870e-17 4.70937e-03 
6250.00 3.09943e-05 9.47138e-01 5.14057e-17 4.74798e-03 
6264.15 3.17874e-05 9.47616e-01 5.28287e-17 5.01814e-03 
6266.98 3.19886e-05 9.47710e-01 5.31119e-17 5.07977e-03 
6270.00 3.21732e-05 9.47810e-01 5.34135e-17 5.14111e-03 
6282.45 3.24314e-05 9.48218e-01 5.46478e-17 5.31495e-03 
6290.00 3.22443e-05 9.48463e-01 5.53900e-17 5.36387e-03 
6298.31 3.18360e-05 9.48730e-01 5.61999e-17 5.38199e-03 
6300.76 3.17045e-05 9.48808e-01 5.64368e-17 5.38491e-03 
6310.00 3.13155e-05 9.49102e-01 5.73252e-17 5.41215e-03 
6319.09 3.12523e-05 9.49387e-01 5.81881e-17 5.49208e-03 
6329.80 3.13928e-05 9.49720e-01 5.91912e-17 5.62337e-03 
6330.00 3.13954e-05 9.49726e-01 5.92094e-17 5.62577e-03 
6337.43 3.14607e-05 9.49954e-01 5.98942e-17 5.71073e-03 
6350.00 3.14281e-05 9.50335e-01 6.10333e-17 5.82719e-03 
6355.78 3.13587e-05 9.50509e-01 6.15479e-17 5.86976e-03 
6361.45 3.12906e-05 9.50680e-01 6.20471e-17 5.91084e-03 
6370.00 3.12689e-05 9.50937e-01 6.27879e-17 5.98691e-03 
6374.15 3.13182e-05 9.51061e-01 6.31422e-17 6.03491e-03 
6390.00 3.14157e-05 9.51534e-01 6.44646e-17 6.19892e-03 
6392.53 3.13463e-05 9.51608e-01 6.46706e-17 6.20793e-03 
6393.26 3.13208e-05 9.51630e-01 6.47300e-17 6.20944e-03 
6410.00 3.06706e-05 9.52119e-01 6.60554e-17 6.22447e-03 
6410.92 3.06610e-05 9.52146e-01 6.61265e-17 6.23030e-03 
6425.23 3.08802e-05 9.52560e-01 6.72042e-17 6.39412e-03 
6429.33 3.09320e-05 9.52679e-01 6.75041e-17 6.43833e-03 
6430.00 3.09342e-05 9.52698e-01 6.75527e-17 6.44423e-03 
6447.75 3.05634e-05 9.53208e-01 6.87978e-17 6.50572e-03 
6450.00 3.05202e-05 9.53272e-01 6.89497e-17 6.51359e-03 
6457.35 3.04673e-05 9.53480e-01 6.94368e-17 6.55713e-03 
6466.18 3.04469e-05 9.53726e-01 7.00025e-17 6.61686e-03 
6470.00 3.03996e-05 9.53832e-01 7.02402e-17 6.63367e-03 
6484.63 3.00105e-05 9.54233e-01 7.11136e-17 6.64798e-03 
6489.64 2.99674e-05 9.54370e-01 7.13984e-17 6.67112e-03 
6490.00 2.99691e-05 9.54380e-01 7.14186e-17 6.67381e-03 
6503.09 3.03477e-05 9.54737e-01 7.21271e-17 6.84149e-03 
6510.00 3.05632e-05 9.54924e-01 7.24802e-17 6.93252e-03 
6521.57 3.05898e-05 9.55236e-01 7.30392e-17 7.00678e-03 
6522.09 3.05848e-05 9.55250e-01 7.30634e-17 7.00862e-03 
6530.00 3.05087e-05 9.55461e-01 7.34208e-17 7.03546e-03 
6540.06 3.03787e-05 9.55727e-01 7.38471e-17 7.05898e-03 
6550.00 2.95538e-05 9.55988e-01 7.42373e-17 6.91595e-03 
6554.70 2.87357e-05 9.56110e-01 7.44108e-17 6.74593e-03 
6558.56 2.79771e-05 9.56210e-01 7.45481e-17 6.58454e-03 
6570.00 2.66398e-05 9.56504e-01 7.49270e-17 6.31459e-03 
6577.08 2.73513e-05 9.56685e-01 7.51404e-17 6.50993e-03 
6587.47 2.93746e-05 9.56950e-01 7.54245e-17 7.03097e-03 
6590.00 2.97698e-05 9.57014e-01 7.54884e-17 7.13483e-03 
6595.61 3.02630e-05 9.57157e-01 7.56225e-17 7.27318e-03 
6610.00 3.01197e-05 9.57521e-01 7.59202e-17 7.28587e-03 
6614.15 3.00156e-05 9.57625e-01 7.59935e-17 7.27305e-03 
6620.41 2.99204e-05 9.57780e-01 7.60936e-17 7.26756e-03 
6630.00 2.98726e-05 9.58014e-01 7.62223e-17 7.28054e-03 
6632.71 2.98711e-05 9.58079e-01 7.62532e-17 7.28659e-03 
6650.00 2.97646e-05 9.58495e-01 7.63952e-17 7.29627e-03 
6651.28 2.97383e-05 9.58526e-01 7.64018e-17 7.29208e-03 
6653.51 2.96852e-05 9.58580e-01 7.64122e-17 7.28292e-03 
6669.86 2.93870e-05 9.58978e-01 7.64400e-17 7.23310e-03 
6670.00 2.93877e-05 9.58981e-01 7.64399e-17 7.23344e-03 
6686.78 2.97217e-05 9.59390e-01 7.63799e-17 7.33142e-03 
6688.46 2.97301e-05 9.59431e-01 7.63690e-17 7.33460e-03 
6690.00 2.97248e-05 9.59468e-01 7.63583e-17 7.33424e-03 
6707.07 2.91901e-05 9.59878e-01 7.61905e-17 7.20790e-03 
6710.00 2.91340e-05 9.59948e-01 7.61528e-17 7.19416e-03 
6720.21 2.92272e-05 9.60190e-01 7.60010e-17 7.21555e-03 
6725.70 2.93385e-05 9.60319e-01 7.59066e-17 7.24092e-03 
6730.00 2.93855e-05 9.60420e-01 7.58264e-17 7.25025e-03 
6744.33 2.91557e-05 9.60752e-01 7.55200e-17 7.18222e-03 
6750.00 2.90369e-05 9.60883e-01 7.53826e-17 7.14693e-03 
6753.81 2.89911e-05 9.60970e-01 7.52850e-17 7.13107e-03 
6762.99 2.89683e-05 9.61179e-01 7.50335e-17 7.11286e-03 
6770.00 2.89760e-05 9.61338e-01 7.48255e-17 7.10356e-03 
6781.65 2.89225e-05 9.61599e-01 7.44504e-17 7.06896e-03 
6787.58 2.88577e-05 9.61730e-01 7.42457e-17 7.04084e-03 
6790.00 2.88242e-05 9.61783e-01 7.41595e-17 7.02740e-03 
6800.33 2.86650e-05 9.62007e-01 7.37744e-17 6.96449e-03 
6810.00 2.86056e-05 9.62214e-01 7.33896e-17 6.92514e-03 
6819.03 2.86967e-05 9.62407e-01 7.30093e-17 6.92173e-03 
6821.52 2.87236e-05 9.62460e-01 7.29009e-17 6.92085e-03 
6830.00 2.87136e-05 9.62642e-01 7.25209e-17 6.89223e-03 
6837.74 2.84929e-05 9.62807e-01 7.21595e-17 6.81405e-03 
6850.00 2.81090e-05 9.63070e-01 7.15589e-17 6.68007e-03 
6855.63 2.80895e-05 9.63190e-01 7.12721e-17 6.65497e-03 
6856.46 2.80954e-05 9.63208e-01 7.12292e-17 6.65329e-03 
6870.00 2.83011e-05 9.63495e-01 7.05093e-17 6.64936e-03 
6875.19 2.83422e-05 9.63604e-01 7.02232e-17 6.63775e-03 
6889.91 2.82764e-05 9.63910e-01 6.93837e-17 6.55927e-03 
6890.00 2.82755e-05 9.63912e-01 6.93782e-17 6.55863e-03 
6893.94 2.82332e-05 9.63993e-01 6.91461e-17 6.53120e-03 
6910.00 2.80549e-05 9.64321e-01 6.81716e-17 6.41558e-03 
6912.71 2.80320e-05 9.64376e-01 6.80028e-17 6.39734e-03 
6924.36 2.79566e-05 9.64610e-01 6.72624e-17 6.32283e-03 
6930.00 2.79215e-05 9.64723e-01 6.68957e-17 6.28631e-03 
6931.49 2.79112e-05 9.64753e-01 6.67984e-17 6.27638e-03 
6950.00 2.77726e-05 9.65117e-01 6.55567e-17 6.14782e-03 
6950.28 2.77708e-05 9.65123e-01 6.55378e-17 6.14594e-03 
6958.98 2.77297e-05 9.65290e-01 6.49368e-17 6.08924e-03 
6969.08 2.77216e-05 9.65480e-01 6.42261e-17 6.03077e-03 
6970.00 2.77234e-05 9.65497e-01 6.41609e-17 6.02593e-03 
6987.90 2.76406e-05 9.65825e-01 6.28685e-17 5.90404e-03 
6990.00 2.75843e-05 9.65862e-01 6.27146e-17 5.87957e-03 
6993.77 2.74453e-05 9.65930e-01 6.24366e-17 5.82757e-03 
7006.73 2.69023e-05 9.66161e-01 6.14700e-17 5.63561e-03 
7010.00 2.68330e-05 9.66220e-01 6.12238e-17 5.60153e-03 
7025.58 2.70636e-05 9.66502e-01 6.00355e-17 5.55394e-03 
7028.74 2.71416e-05 9.66560e-01 5.97920e-17 5.55020e-03 
7030.00 2.71683e-05 9.66583e-01 5.96947e-17 5.54774e-03 
7044.44 2.72515e-05 9.66857e-01 5.85701e-17 5.47265e-03 
7050.00 2.72072e-05 9.66964e-01 5.81333e-17 5.42790e-03 
7063.32 2.70345e-05 9.67219e-01 5.70784e-17 5.30698e-03 
7063.88 2.70264e-05 9.67230e-01 5.70333e-17 5.30167e-03 
7070.00 2.69418e-05 9.67346e-01 5.65453e-17 5.24503e-03 
7082.21 2.68177e-05 9.67575e-01 5.55654e-17 5.14046e-03 
7090.00 2.67907e-05 9.67720e-01 5.49363e-17 5.08350e-03 
7099.20 2.68114e-05 9.67890e-01 5.41903e-17 5.02574e-03 
7101.11 2.68154e-05 9.67925e-01 5.40355e-17 5.01365e-03 
7110.00 2.67866e-05 9.68088e-01 5.33118e-17 4.94821e-03 
7120.03 2.66135e-05 9.68268e-01 5.24931e-17 4.84848e-03 
7130.00 2.63899e-05 9.68441e-01 5.16770e-17 4.74047e-03 
7134.70 2.63047e-05 9.68520e-01 5.12918e-17 4.69342e-03 
7138.96 2.62462e-05 9.68589e-01 5.09426e-17 4.65421e-03 
7150.00 2.61876e-05 9.68761e-01 5.00368e-17 4.56909e-03 
7157.90 2.62156e-05 9.68875e-01 4.93881e-17 4.52021e-03 
7170.00 2.61183e-05 9.69035e-01 4.83959e-17 4.42115e-03 
7170.37 2.61085e-05 9.69040e-01 4.83652e-17 4.41694e-03 
7176.86 2.58760e-05 9.69118e-01 4.78334e-17 4.33374e-03 
7190.00 2.54610e-05 9.69264e-01 4.67588e-17 4.17669e-03 
7195.84 2.54960e-05 9.69324e-01 4.62822e-17 4.14343e-03 
7206.23 2.57622e-05 9.69430e-01 4.54363e-17 4.11654e-03 
7210.00 2.58443e-05 9.69468e-01 4.51296e-17 4.10411e-03 
7214.83 2.58920e-05 9.69516e-01 4.47381e-17 4.07895e-03 
7230.00 2.58233e-05 9.69649e-01 4.35123e-17 3.96552e-03 
7233.83 2.58126e-05 9.69676e-01 4.32044e-17 3.93801e-03 
7242.26 2.58283e-05 9.69720e-01 4.25286e-17 3.88347e-03 
7250.00 2.58677e-05 9.69743e-01 4.19105e-17 3.83705e-03 
7252.84 2.58825e-05 9.69751e-01 4.16842e-17 3.82005e-03 
7270.00 2.57470e-05 9.69842e-01 4.03275e-17 3.68541e-03 
7271.87 2.56877e-05 9.69863e-01 4.01802e-17 3.66452e-03 
7278.47 2.54268e-05 9.69960e-01 3.96637e-17 3.58427e-03 
7290.00 2.50821e-05 9.70233e-01 3.87664e-17 3.46216e-03 
7290.92 2.50767e-05 9.70259e-01 3.86953e-17 3.45558e-03 
7309.98 2.54019e-05 9.70860e-01 3.72318e-17 3.37890e-03 
7310.00 2.54021e-05 9.70861e-01 3.72300e-17 3.37879e-03 
7314.86 2.54165e-05 9.71010e-01 3.68607e-17 3.34990e-03 
7329.05 2.52581e-05 9.71388e-01 3.57919e-17 3.24003e-03 
7330.00 2.52491e-05 9.71410e-01 3.57209e-17 3.23295e-03 
7348.14 2.52723e-05 9.71796e-01 3.43778e-17 3.12318e-03 
7350.00 2.52846e-05 9.71832e-01 3.42413e-17 3.11321e-03 
7351.43 2.52939e-05 9.71860e-01 3.41363e-17 3.10551e-03 
7367.24 2.52897e-05 9.72154e-01 3.29911e-17 3.00819e-03 
7370.00 2.52495e-05 9.72204e-01 3.27932e-17 2.98665e-03 
7386.36 2.47686e-05 9.72489e-01 3.16336e-17 2.83327e-03 
7388.19 2.47075e-05 9.72520e-01 3.15048e-17 2.81557e-03 
7390.00 2.46498e-05 9.72550e-01 3.13783e-17 2.79848e-03 
7405.49 2.43263e-05 9.72805e-01 3.03067e-17 2.67372e-03 
7410.00 2.43106e-05 9.72877e-01 2.99982e-17 2.64661e-03 
7424.63 2.44686e-05 9.73102e-01 2.90115e-17 2.58189e-03 
7425.13 2.44751e-05 9.73110e-01 2.89779e-17 2.57977e-03 
7430.00 2.45243e-05 9.73182e-01 2.86542e-17 2.55795e-03 
7443.79 2.45205e-05 9.73381e-01 2.77492e-17 2.48188e-03 
7450.00 2.45204e-05 9.73468e-01 2.73474e-17 2.44819e-03 
7462.26 2.46109e-05 9.73640e-01 2.65651e-17 2.39128e-03 
7462.96 2.46157e-05 9.73650e-01 2.65207e-17 2.38800e-03 
7470.00 2.46288e-05 9.73749e-01 2.60785e-17 2.35190e-03 
7482.15 2.44760e-05 9.73919e-01 2.53267e-17 2.27400e-03 
7490.00 2.43653e-05 9.74028e-01 2.48484e-17 2.22355e-03 
7499.57 2.43270e-05 9.74160e-01 2.42736e-17 2.17176e-03 
7501.35 2.43280e-05 9.74184e-01 2.41676e-17 2.16294e-03 
7510.00 2.43372e-05 9.74301e-01 2.36574e-17 2.12077e-03 
7520.57 2.43141e-05 9.74442e-01 2.30440e-17 2.06703e-03 
7530.00 2.42968e-05 9.74567e-01 2.25058e-17 2.02010e-03 
7537.07 2.43087e-05 9.74660e-01 2.21083e-17 1.98745e-03 
7539.80 2.43140e-05 9.74696e-01 2.19561e-17 1.97499e-03 
7550.00 2.42919e-05 9.74830e-01 2.13938e-17 1.92552e-03 
7559.04 2.41795e-05 9.74948e-01 2.09041e-17 1.87521e-03 
7570.00 2.40281e-05 9.75089e-01 2.03215e-17 1.81443e-03 
7574.75 2.39946e-05 9.75150e-01 2.00725e-17 1.79093e-03 
7578.30 2.39812e-05 9.75195e-01 1.98880e-17 1.77438e-03 
7590.00 2.39423e-05 9.75342e-01 1.92886e-17 1.72104e-03 
7597.58 2.38768e-05 9.75436e-01 1.89077e-17 1.68426e-03 
7610.00 2.37715e-05 9.75588e-01 1.82950e-17 1.62541e-03 
7612.63 2.37642e-05 9.75620e-01 1.81673e-17 1.61418e-03 
7616.86 2.37655e-05 9.75671e-01 1.79629e-17 1.59708e-03 
7630.00 2.38221e-05 9.75829e-01 1.73401e-17 1.54830e-03 
7636.17 2.38423e-05 9.75904e-01 1.70535e-17 1.52534e-03 
7650.00 2.36863e-05 9.76072e-01 1.64236e-17 1.46229e-03 
7650.69 2.36663e-05 9.76080e-01 1.63927e-17 1.45845e-03 
7655.48 2.34989e-05 9.76139e-01 1.61789e-17 1.43023e-03 
7670.00 2.30852e-05 9.76319e-01 1.55449e-17 1.35279e-03 
7674.82 2.31217e-05 9.76378e-01 1.53389e-17 1.33789e-03 
7688.94 2.34351e-05 9.76550e-01 1.47468e-17 1.30632e-03 
7690.00 2.34443e-05 9.76563e-01 1.47033e-17 1.30317e-03 
7694.16 2.34367e-05 9.76612e-01 1.45327e-17 1.28840e-03 
7710.00 2.31605e-05 9.76794e-01 1.38980e-17 1.22034e-03 
7713.52 2.31377e-05 9.76834e-01 1.37599e-17 1.20762e-03 
7727.39 2.31583e-05 9.76990e-01 1.32269e-17 1.16415e-03 
7730.00 2.31441e-05 9.77019e-01 1.31284e-17 1.15520e-03 
7732.90 2.31103e-05 9.77052e-01 1.30197e-17 1.14443e-03 
7750.00 2.28439e-05 9.77241e-01 1.23934e-17 1.07942e-03 
7752.29 2.28445e-05 9.77266e-01 1.23115e-17 1.07265e-03 
7766.03 2.30206e-05 9.77410e-01 1.18290e-17 1.04056e-03 
7770.00 2.30702e-05 9.77450e-01 1.16924e-17 1.03132e-03 
7771.69 2.30839e-05 9.77467e-01 1.16345e-17 1.02707e-03 
7790.00 2.30318e-05 9.77642e-01 1.10242e-17 9.73454e-04 
7791.11 2.30241e-05 9.77652e-01 1.09879e-17 9.70079e-04 
7804.86 2.29225e-05 9.77780e-01 1.05486e-17 9.28940e-04 
7810.00 2.28691e-05 9.77828e-01 1.03880e-17 9.13305e-04 
7810.55 2.28625e-05 9.77833e-01 1.03710e-17 9.11620e-04 
7830.00 2.26031e-05 9.78022e-01 9.78282e-18 8.52442e-04 
7830.00 2.26030e-05 9.78022e-01 9.78270e-18 8.52430e-04 
7843.88 2.25371e-05 9.78170e-01 9.38032e-18 8.16551e-04 
7849.46 2.25494e-05 9.78233e-01 9.22254e-18 8.03879e-04 
7850.00 2.25517e-05 9.78240e-01 9.20737e-18 8.02698e-04 
7868.94 2.26519e-05 9.78465e-01 8.68930e-18 7.62911e-04 
7870.00 2.26523e-05 9.78477e-01 8.66098e-18 7.60549e-04 
7883.10 2.25729e-05 9.78630e-01 8.31830e-18 7.29225e-04 
7888.43 2.25123e-05 9.78689e-01 8.18220e-18 7.15895e-04 
7890.00 2.24932e-05 9.78706e-01 8.14248e-18 7.11968e-04 
7907.94 2.22247e-05 9.78887e-01 7.70034e-18 6.66906e-04 
7910.00 2.21828e-05 9.78907e-01 7.65085e-18 6.61557e-04 
7922.51 2.18944e-05 9.79020e-01 7.35644e-18 6.28894e-04 
7927.46 2.17956e-05 9.79063e-01 7.24284e-18 6.16801e-04 
7930.00 2.17555e-05 9.79084e-01 7.18507e-18 6.10965e-04 
7947.00 2.17165e-05 9.79226e-01 6.80879e-18 5.79254e-04 
7950.00 2.17469e-05 9.79252e-01 6.74411e-18 5.74786e-04 
7962.13 2.19333e-05 9.79360e-01 6.48839e-18 5.58646e-04 
7966.55 2.19992e-05 9.79402e-01 6.39730e-18 5.52788e-04 
7970.00 2.20391e-05 9.79436e-01 6.32696e-18 5.47958e-04 
7986.11 2.20352e-05 9.79604e-01 6.00749e-18 5.21339e-04 
7990.00 2.19909e-05 9.79646e-01 5.93263e-18 5.14079e-04 
8001.94 2.17954e-05 9.79780e-01 5.70773e-18 4.90992e-04 
8005.70 2.17381e-05 9.79823e-01 5.63849e-18 4.84010e-04 
8010.00 2.16893e-05 9.79872e-01 5.56013e-18 4.76492e-04 
8025.29 2.16445e-05 9.80049e-01 5.28944e-18 4.53304e-04 
8030.00 2.16190e-05 9.80103e-01 5.20850e-18 4.46127e-04 
8041.95 2.14692e-05 9.80240e-01 5.00801e-18 4.26676e-04 
8044.90 2.14373e-05 9.80274e-01 4.95948e-18 4.22083e-04 
8050.00 2.14130e-05 9.80331e-01 4.87679e-18 4.14862e-04 
8064.53 2.15225e-05 9.80492e-01 4.64779e-18 3.98184e-04 
8070.00 2.15171e-05 9.80551e-01 4.56408e-18 3.91206e-04 
8082.16 2.12725e-05 9.80680e-01 4.38291e-18 3.72013e-04 
8084.17 2.12252e-05 9.80701e-01 4.35355e-18 3.68799e-04 
8090.00 2.11243e-05 9.80761e-01 4.26948e-18 3.60241e-04 
8103.83 2.11815e-05 9.80902e-01 4.07597e-18 3.45483e-04 
8110.00 2.12557e-05 9.80964e-01 3.99212e-18 3.39842e-04 
8122.57 2.13163e-05 9.81090e-01 3.82626e-18 3.27199e-04 
8123.50 2.13154e-05 9.81099e-01 3.81427e-18 3.26200e-04 
8130.00 2.12891e-05 9.81164e-01 3.73114e-18 3.18973e-04 
8143.18 2.11716e-05 9.81295e-01 3.56770e-18 3.03849e-04 
8150.00 2.11338e-05 9.81362e-01 3.48573e-18 2.96606e-04 
8162.88 2.11307e-05 9.81487e-01 3.33554e-18 2.84270e-04 
8163.18 2.11292e-05 9.81490e-01 3.33212e-18 2.83970e-04 
8170.00 2.10427e-05 9.81555e-01 3.25509e-18 2.76518e-04 
8182.60 2.06238e-05 9.81674e-01 3.11707e-18 2.59955e-04 
8190.00 2.04173e-05 9.81742e-01 3.03847e-18 2.51106e-04 
8202.33 2.04025e-05 9.81855e-01 2.91161e-18 2.40838e-04 
8204.00 2.04166e-05 9.81870e-01 2.89480e-18 2.39665e-04 
8210.00 2.04580e-05 9.81924e-01 2.83512e-18 2.35385e-04 
8222.07 2.04248e-05 9.82031e-01 2.71850e-18 2.25692e-04 
8230.00 2.03908e-05 9.82101e-01 2.64433e-18 2.19396e-04 
8241.83 2.04365e-05 9.82203e-01 2.53710e-18 2.11296e-04 
8245.02 2.04623e-05 9.82230e-01 2.50893e-18 2.09301e-04 
8250.00 2.05058e-05 9.82272e-01 2.46543e-18 2.06242e-04 
8261.61 2.05914e-05 9.82370e-01 2.36679e-18 1.99118e-04 
8270.00 2.06185e-05 9.82441e-01 2.29777e-18 1.93775e-04 
8281.40 2.05778e-05 9.82538e-01 2.20700e-18 1.86028e-04 
8286.24 2.05277e-05 9.82580e-01 2.16944e-18 1.82532e-04 
8290.00 2.04736e-05 9.82613e-01 2.14071e-18 1.79727e-04 
8301.20 2.02520e-05 9.82710e-01 2.05715e-18 1.71089e-04 
8310.00 2.00827e-05 9.82784e-01 1.99367e-18 1.64610e-04 
8321.02 1.99626e-05 9.82872e-01 1.91669e-18 1.57531e-04 
8327.67 1.99344e-05 9.82920e-01 1.87161e-18 1.53739e-04 
8330.00 1.99303e-05 9.82936e-01 1.85607e-18 1.52476e-04 
8340.86 1.99440e-05 9.83004e-01 1.78511e-18 1.46949e-04 
8350.00 1.99990e-05 9.83056e-01 1.72736e-18 1.42751e-04 
8360.71 2.00832e-05 9.83114e-01 1.66192e-18 1.38106e-04 
8369.31 2.00561e-05 9.83160e-01 1.61104e-18 1.33842e-04 
8370.00 2.00468e-05 9.83164e-01 1.60703e-18 1.33458e-04 
8380.58 1.98055e-05 9.83224e-01 1.54663e-18 1.27063e-04 
8390.00 1.96592e-05 9.83281e-01 1.49459e-18 1.22026e-04 
8400.46 1.97920e-05 9.83351e-01 1.43879e-18 1.18419e-04 
8410.00 1.99032e-05 9.83421e-01 1.38957e-18 1.15149e-04 
8411.16 1.98981e-05 9.83430e-01 1.38370e-18 1.14651e-04 
8420.35 1.97254e-05 9.83505e-01 1.33797e-18 1.10028e-04 
8430.00 1.95177e-05 9.83588e-01 1.29151e-18 1.05218e-04 
8440.26 1.95210e-05 9.83681e-01 1.24375e-18 1.01478e-04 
8450.00 1.95799e-05 9.83771e-01 1.20000e-18 9.83250e-05 
8453.21 1.95710e-05 9.83800e-01 1.18588e-18 9.71640e-05 
8460.19 1.95083e-05 9.83863e-01 1.15576e-18 9.44765e-05 
8470.00 1.94203e-05 9.83949e-01 1.11463e-18 9.08169e-05 
8480.13 1.94008e-05 9.84034e-01 1.07361e-18 8.74986e-05 
8490.00 1.91760e-05 9.84111e-01 1.03503e-18 8.34808e-05 
8495.48 1.88660e-05 9.84150e-01 1.01418e-18 8.05316e-05 
8500.09 1.85797e-05 9.84181e-01 9.96947e-19 7.80069e-05 
8510.00 1.83179e-05 9.84243e-01 9.60833e-19 7.42128e-05 
8520.06 1.88399e-05 9.84298e-01 9.25443e-19 7.36073e-05 
8530.00 1.88394e-05 9.84346e-01 8.91701e-19 7.10079e-05 
8537.96 1.76878e-05 9.84380e-01 8.65533e-19 6.47735e-05 
8540.05 1.73191e-05 9.84388e-01 8.58777e-19 6.29443e-05 
8550.00 1.62738e-05 9.84422e-01 8.27313e-19 5.70466e-05 
8560.05 1.75035e-05 9.84441e-01 7.96649e-19 5.91536e-05 
8570.00 1.92017e-05 9.84434e-01 7.67366e-19 6.25797e-05 
8580.07 1.93980e-05 9.84394e-01 7.38774e-19 6.09329e-05 
8580.65 1.93724e-05 9.84390e-01 7.37165e-19 6.07238e-05 
8590.00 1.88491e-05 9.84316e-01 7.11573e-19 5.70902e-05 
8600.10 1.86810e-05 9.84221e-01 6.84884e-19 5.45176e-05 
8610.00 1.87808e-05 9.84138e-01 6.59666e-19 5.28469e-05 
8620.15 1.88275e-05 9.84092e-01 6.34725e-19 5.10332e-05 
8623.55 1.88431e-05 9.84090e-01 6.26577e-19 5.04395e-05 
8630.00 1.89147e-05 9.84110e-01 6.11390e-19 4.94418e-05 
8640.22 1.90688e-05 9.84193e-01 5.88056e-19 4.80033e-05 
8650.00 1.86190e-05 9.84318e-01 5.66508e-19 4.52103e-05 
8660.29 1.71318e-05 9.84476e-01 5.44653e-19 4.00484e-05 
8666.67 1.63492e-05 9.84580e-01 5.31532e-19 3.73296e-05 
8670.00 1.61872e-05 9.84634e-01 5.24793e-19 3.65071e-05 
8680.39 1.69820e-05 9.84796e-01 5.04303e-19 3.68543e-05 
8690.00 1.81968e-05 9.84930e-01 4.86035e-19 3.81076e-05 
8700.50 1.85896e-05 9.85048e-01 4.66804e-19 3.74394e-05 
8710.00 1.84613e-05 9.85120e-01 4.50036e-19 3.58873e-05 
8710.00 1.84613e-05 9.85120e-01 4.50034e-19 3.58871e-05 
8720.63 1.84202e-05 9.85161e-01 4.31969e-19 3.44132e-05 
8730.00 1.83666e-05 9.85190e-01 4.16610e-19 3.31296e-05 
8740.77 1.81084e-05 9.85258e-01 3.99619e-19 3.13725e-05 
8750.00 1.79583e-05 9.85381e-01 3.85582e-19 3.00551e-05 
8753.55 1.79769e-05 9.85450e-01 3.80310e-19 2.96889e-05 
8760.92 1.81204e-05 9.85630e-01 3.69589e-19 2.91122e-05 
8770.00 1.83205e-05 9.85836e-01 3.56788e-19 2.84496e-05 
8781.09 1.83405e-05 9.85885e-01 3.41722e-19 2.73138e-05 
8790.00 1.81865e-05 9.85610e-01 3.30076e-19 2.61806e-05 
8797.32 1.79934e-05 9.85080e-01 3.20792e-19 2.51815e-05 
8801.28 1.78912e-05 9.84656e-01 3.15871e-19 2.46549e-05 
8810.00 1.77534e-05 9.83434e-01 3.05302e-19 2.36404e-05 
8821.49 1.78479e-05 9.81432e-01 2.91898e-19 2.27061e-05 
8830.00 1.79873e-05 9.79847e-01 2.82331e-19 2.21191e-05 
8841.31 1.80405e-05 9.77880e-01 2.70096e-19 2.12077e-05 
8841.70 1.80381e-05 9.77817e-01 2.69675e-19 2.11713e-05 
8850.00 1.79018e-05 9.76640e-01 2.61038e-19 2.03330e-05 
8861.94 1.74980e-05 9.75399e-01 2.49080e-19 1.89653e-05 
8870.00 1.73575e-05 9.74877e-01 2.41306e-19 1.82328e-05 
8882.19 1.76414e-05 9.74590e-01 2.30000e-19 1.76818e-05 
8885.51 1.77582e-05 9.74620e-01 2.27006e-19 1.75743e-05 
8890.00 1.78919e-05 9.74734e-01 2.23025e-19 1.74068e-05 
8902.45 1.79858e-05 9.75402e-01 2.12329e-19 1.66938e-05 
8910.00 1.78975e-05 9.75979e-01 2.06091e-19 1.61470e-05 
8922.73 1.76632e-05 9.77058e-01 1.95969e-19 1.51914e-05 
8929.94 1.75661e-05 9.77640e-01 1.90456e-19 1.47035e-05 
8930.00 1.75655e-05 9.77645e-01 1.90411e-19 1.46997e-05 
8943.03 1.75474e-05 9.78526e-01 1.80826e-19 1.39783e-05 
8950.00 1.75558e-05 9.78938e-01 1.75894e-19 1.36198e-05 
8963.34 1.75181e-05 9.79710e-01 1.66815e-19 1.29185e-05 
8970.00 1.75369e-05 9.80127e-01 1.62457e-19 1.26092e-05 
8974.59 1.75836e-05 9.80440e-01 1.59517e-19 1.24244e-05 
8983.67 1.76398e-05 9.81136e-01 1.53854e-19 1.20423e-05 
8990.00 1.75278e-05 9.81665e-01 1.50022e-19 1.16823e-05 
9004.01 1.67947e-05 9.82894e-01 1.41868e-19 1.06151e-05 
9010.00 1.65934e-05 9.83413e-01 1.38518e-19 1.02524e-05 
9019.46 1.67292e-05 9.84190e-01 1.33380e-19 9.97123e-06 
9024.37 1.69262e-05 9.84560e-01 1.30787e-19 9.90162e-06 
9030.00 1.71544e-05 9.84952e-01 1.27876e-19 9.82180e-06 
9044.75 1.74194e-05 9.85831e-01 1.20546e-19 9.42557e-06 
9050.00 1.74138e-05 9.86093e-01 1.18035e-19 9.23413e-06 
9064.56 1.72207e-05 9.86690e-01 1.11341e-19 8.63288e-06 
9065.14 1.72085e-05 9.86710e-01 1.11083e-19 8.60750e-06 
9070.00 1.70947e-05 9.86866e-01 1.08936e-19 8.39117e-06 
9085.54 1.67075e-05 9.87250e-01 1.02342e-19 7.72083e-06 
9090.00 1.66462e-05 9.87333e-01 1.00524e-19 7.56027e-06 
9105.97 1.67336e-05 9.87558e-01 9.42689e-20 7.14116e-06 
9109.88 1.67956e-05 9.87600e-01 9.27938e-20 7.05881e-06 
9110.00 1.67975e-05 9.87601e-01 9.27499e-20 7.05638e-06 
9126.40 1.70167e-05 9.87748e-01 8.68157e-20 6.70412e-06 
9130.00 1.70296e-05 9.87776e-01 8.55655e-20 6.61539e-06 
9146.86 1.68872e-05 9.87901e-01 7.99360e-20 6.14058e-06 
9150.00 1.68486e-05 9.87926e-01 7.89277e-20 6.05147e-06 
9155.43 1.67914e-05 9.87970e-01 7.72140e-20 5.90375e-06 
9167.33 1.67269e-05 9.88079e-01 7.35875e-20 5.61277e-06 
9170.00 1.67266e-05 9.88105e-01 7.27960e-20 5.55405e-06 
9187.81 1.67536e-05 9.88280e-01 6.77303e-20 5.18690e-06 
9190.00 1.67390e-05 9.88301e-01 6.71327e-20 5.13797e-06 
9201.21 1.65445e-05 9.88400e-01 6.41504e-20 4.85909e-06 
9208.31 1.63435e-05 9.88455e-01 6.23279e-20 4.66753e-06 
9210.00 1.62899e-05 9.88467e-01 6.19030e-20 4.62142e-06 
9228.83 1.57939e-05 9.88583e-01 5.73461e-20 4.15983e-06 
9230.00 1.57854e-05 9.88589e-01 5.70743e-20 4.13844e-06 
9247.21 1.60010e-05 9.88680e-01 5.32163e-20 3.91905e-06 
9249.36 1.60438e-05 9.88691e-01 5.27530e-20 3.89629e-06 
9250.00 1.60559e-05 9.88695e-01 5.26167e-20 3.88944e-06 
9269.91 1.62723e-05 9.88803e-01 4.85195e-20 3.64313e-06 
9270.00 1.62726e-05 9.88803e-01 4.85023e-20 3.64193e-06 
9290.00 1.62727e-05 9.88912e-01 4.47051e-20 3.36443e-06 
9290.48 1.62732e-05 9.88914e-01 4.46181e-20 3.35818e-06 
9293.45 1.62790e-05 9.88930e-01 4.40802e-20 3.32000e-06 
9310.00 1.63112e-05 9.89014e-01 4.12013e-20 3.11511e-06 
9311.06 1.63091e-05 9.89020e-01 4.10236e-20 3.10163e-06 
9330.00 1.61990e-05 9.89112e-01 3.79686e-20 2.85735e-06 
9331.66 1.61902e-05 9.89120e-01 3.77125e-20 2.83706e-06 
9339.92 1.61560e-05 9.89160e-01 3.64595e-20 2.73954e-06 
9350.00 1.61110e-05 9.89209e-01 3.49864e-20 2.62449e-06 
9352.27 1.60968e-05 9.89219e-01 3.46632e-20 2.59860e-06 
9370.00 1.60203e-05 9.89304e-01 3.22357e-20 2.40991e-06 
9372.90 1.60313e-05 9.89317e-01 3.18554e-20 2.38389e-06 
9386.62 1.60328e-05 9.89380e-01 3.01135e-20 2.25718e-06 
9390.00 1.59702e-05 9.89395e-01 2.96988e-20 2.21824e-06 
9393.54 1.58618e-05 9.89411e-01 2.92706e-20 2.17226e-06 
9410.00 1.53420e-05 9.89481e-01 2.73594e-20 1.96747e-06 
9414.20 1.53647e-05 9.89499e-01 2.68915e-20 1.93759e-06 
9430.00 1.57239e-05 9.89565e-01 2.52023e-20 1.86157e-06 
9433.55 1.57323e-05 9.89580e-01 2.48374e-20 1.83631e-06 
9434.88 1.57245e-05 9.89586e-01 2.47022e-20 1.82568e-06 
9450.00 1.55223e-05 9.89647e-01 2.32137e-20 1.69643e-06 
9455.57 1.55332e-05 9.89669e-01 2.26879e-20 1.66018e-06 
9470.00 1.57149e-05 9.89716e-01 2.13805e-20 1.58531e-06 
9476.28 1.57495e-05 9.89731e-01 2.08349e-20 1.54930e-06 
9480.72 1.57476e-05 9.89740e-01 2.04578e-20 1.52180e-06 
9490.00 1.56994e-05 9.89753e-01 1.96907e-20 1.46171e-06 
9497.01 1.56472e-05 9.89759e-01 1.91306e-20 1.41646e-06 
9510.00 1.55777e-05 9.89771e-01 1.81334e-20 1.33850e-06 
9517.75 1.55685e-05 9.89783e-01 1.75634e-20 1.29674e-06 
9528.12 1.54579e-05 9.89810e-01 1.68280e-20 1.23500e-06 
9530.00 1.54101e-05 9.89817e-01 1.66982e-20 1.22193e-06 
9538.50 1.50920e-05 9.89852e-01 1.61225e-20 1.15652e-06 
9550.00 1.47717e-05 9.89904e-01 1.53757e-20 1.08089e-06 
9559.28 1.49172e-05 9.89938e-01 1.47979e-20 1.05159e-06 
9570.00 1.52570e-05 9.89955e-01 1.41572e-20 1.03014e-06 
9575.76 1.53596e-05 9.89950e-01 1.38242e-20 1.01328e-06 
9580.07 1.53900e-05 9.89938e-01 1.35805e-20 9.97822e-07 
9590.00 1.53648e-05 9.89887e-01 1.30345e-20 9.57086e-07 
9600.87 1.52771e-05 9.89811e-01 1.24617e-20 9.10763e-07 
9610.00 1.51932e-05 9.89743e-01 1.20003e-20 8.72994e-07 
9621.70 1.51017e-05 9.89669e-01 1.14337e-20 8.27712e-07 
9623.64 1.50893e-05 9.89660e-01 1.13421e-20 8.20562e-07 
9630.00 1.50553e-05 9.89636e-01 1.10477e-20 7.97969e-07 
9642.54 1.50107e-05 9.89600e-01 1.04893e-20 7.56350e-07 
9650.00 1.49793e-05 9.89569e-01 1.01702e-20 7.32348e-07 
9663.39 1.49041e-05 9.89457e-01 9.62184e-21 6.90264e-07 
9670.00 1.48940e-05 9.89361e-01 9.36207e-21 6.71564e-07 
9671.76 1.48978e-05 9.89330e-01 9.29409e-21 6.66959e-07 
9684.26 1.49683e-05 9.89039e-01 8.82513e-21 6.36937e-07 
9690.00 1.49912e-05 9.88876e-01 8.61781e-21 6.23194e-07 
9705.15 1.49476e-05 9.88415e-01 8.09353e-21 5.84215e-07 
9710.00 1.49274e-05 9.88271e-01 7.93243e-21 5.72015e-07 
9720.12 1.49080e-05 9.88000e-01 7.60661e-21 5.48231e-07 
9726.05 1.48950e-05 9.87871e-01 7.42180e-21 5.34699e-07 
9730.00 1.48780e-05 9.87801e-01 7.30131e-21 5.25596e-07 
9746.97 1.47307e-05 9.87699e-01 6.80512e-21 4.85823e-07 
9750.00 1.47046e-05 9.87723e-01 6.72020e-21 4.79071e-07 
9767.91 1.46856e-05 9.88193e-01 6.23907e-21 4.45225e-07 
9768.72 1.46934e-05 9.88230e-01 6.21812e-21 4.44018e-07 
9770.00 1.47076e-05 9.88291e-01 6.18518e-21 4.42178e-07 
9788.86 1.52800e-05 9.89648e-01 5.71955e-21 4.26209e-07 
