##### EXOPHOT SPECTRAL OVERLAP FILE #####
# Date: 01/12/2021 13:15:01
# SED file: SED_g2v.txt
# atmosphere file: atm_g2v_hzo_os4.txt
# photopigment file: ChlB.txt
# Stellar radius (Rs in km): 6.963400e+05
# Exoplanet orbit semi-major axis (sma in km): 1.672066e+08
# Total absorption rate (gamma_t in s-1): 1.01334e+01
# B band absorption rate (gamma_B in s-1): 7.03192e+00
# Q band absorption rate (gamma_Q in s-1): 3.10146e+00
# B-Q bands cut-off (in nm): 500
# photosynthetic photon flux density [ppfd in micromol photon m-2 s-1]: 1.83542e+03
# Total Stellar Irradiance (S in W m-2): 1.07502e+03
# -------------------------------------------------
# Col 1: Wavelength (wl in Angstrom) 
# Col 2: Spectral Flux Density (F_l in J cm-2 s-1 A-1) 
# Col 3: Atmosphere transmitance (T, no units) 
# Col 4: Pigment absorption cross section (sigma_abs in cm-2) 
# Col 5: Spectral Absorption Rate (Gamma_lambda in A-1 s-1)
3000.00 4.04367e-06 7.44809e-01 1.38924e-16 6.31892e-04 
3010.00 4.73536e-06 7.47671e-01 1.10076e-16 5.90533e-04 
3010.56 4.76288e-06 7.47830e-01 1.09684e-16 5.92085e-04 
3020.00 5.09141e-06 7.50514e-01 1.10817e-16 6.43777e-04 
3025.61 5.19304e-06 7.52100e-01 1.11610e-16 6.63952e-04 
3030.00 5.24246e-06 7.53336e-01 1.11624e-16 6.72432e-04 
3040.00 5.31914e-06 7.56134e-01 1.12293e-16 6.91180e-04 
3040.74 5.32544e-06 7.56340e-01 1.12353e-16 6.92722e-04 
3050.00 5.45207e-06 7.58904e-01 1.12966e-16 7.17663e-04 
3055.94 5.59443e-06 7.60530e-01 1.13322e-16 7.41744e-04 
3060.00 5.69181e-06 7.61629e-01 1.13517e-16 7.58051e-04 
3070.00 5.76852e-06 7.64305e-01 1.13788e-16 7.75338e-04 
3071.22 5.75004e-06 7.64630e-01 1.13822e-16 7.73721e-04 
3080.00 5.49650e-06 7.66952e-01 1.14022e-16 7.45273e-04 
3086.58 5.34471e-06 7.68680e-01 1.13936e-16 7.27330e-04 
3090.00 5.34673e-06 7.69575e-01 1.13827e-16 7.28559e-04 
3100.00 5.73000e-06 7.72178e-01 1.13471e-16 7.83506e-04 
3102.01 5.83557e-06 7.72700e-01 1.13420e-16 7.98638e-04 
3110.00 6.15955e-06 7.74755e-01 1.13169e-16 8.45520e-04 
3117.52 6.16083e-06 7.76620e-01 1.12609e-16 8.45578e-04 
3120.00 6.10658e-06 7.77211e-01 1.12366e-16 8.37625e-04 
3130.00 5.77170e-06 7.79538e-01 1.11322e-16 7.89205e-04 
3133.11 5.66925e-06 7.80270e-01 1.11039e-16 7.74722e-04 
3140.00 5.50504e-06 7.81943e-01 1.10447e-16 7.51520e-04 
3148.77 5.50121e-06 7.84110e-01 1.09588e-16 7.49312e-04 
3150.00 5.52539e-06 7.84410e-01 1.09464e-16 7.52333e-04 
3160.00 5.87894e-06 7.86817e-01 1.08535e-16 7.98642e-04 
3164.52 6.01890e-06 7.87890e-01 1.08210e-16 8.17489e-04 
3170.00 6.05290e-06 7.89186e-01 1.07881e-16 8.22376e-04 
3180.00 5.65691e-06 7.91531e-01 1.07411e-16 7.69918e-04 
3180.34 5.63972e-06 7.91610e-01 1.07400e-16 7.67660e-04 
3190.00 5.34937e-06 7.93842e-01 1.07273e-16 7.31545e-04 
3196.24 5.52696e-06 7.95270e-01 1.07371e-16 7.59369e-04 
3200.00 5.70742e-06 7.96124e-01 1.07483e-16 7.86747e-04 
3210.00 5.93438e-06 7.98381e-01 1.08003e-16 8.26896e-04 
3212.22 5.85693e-06 7.98880e-01 1.08192e-16 8.18604e-04 
3220.00 5.31892e-06 8.00614e-01 1.08967e-16 7.52178e-04 
3228.29 4.86945e-06 8.02440e-01 1.09787e-16 6.97172e-04 
3230.00 4.86517e-06 8.02815e-01 1.09980e-16 6.98479e-04 
3240.00 5.58938e-06 8.04979e-01 1.11372e-16 8.17320e-04 
3244.43 6.14168e-06 8.05930e-01 1.12063e-16 9.05959e-04 
3250.00 6.84092e-06 8.07123e-01 1.12932e-16 1.02018e-03 
3260.00 7.73708e-06 8.09244e-01 1.14473e-16 1.17625e-03 
3260.65 7.77754e-06 8.09380e-01 1.14581e-16 1.18395e-03 
3270.00 8.13357e-06 8.11327e-01 1.16193e-16 1.26220e-03 
3276.95 8.14689e-06 8.12760e-01 1.17250e-16 1.28073e-03 
3280.00 8.10278e-06 8.13386e-01 1.17654e-16 1.28037e-03 
3290.00 7.84544e-06 8.15426e-01 1.18778e-16 1.25851e-03 
3293.34 7.74858e-06 8.16100e-01 1.19109e-16 1.24873e-03 
3300.00 7.57112e-06 8.17435e-01 1.19654e-16 1.23020e-03 
3309.80 7.39855e-06 8.19380e-01 1.20094e-16 1.21305e-03 
3310.00 7.39668e-06 8.19419e-01 1.20101e-16 1.21294e-03 
3320.00 7.38883e-06 8.21385e-01 1.20392e-16 1.22118e-03 
3326.35 7.45340e-06 8.22620e-01 1.20382e-16 1.23597e-03 
3330.00 7.50665e-06 8.23322e-01 1.20346e-16 1.24685e-03 
3340.00 7.60911e-06 8.25226e-01 1.20212e-16 1.26918e-03 
3342.98 7.57564e-06 8.25790e-01 1.20100e-16 1.26442e-03 
3350.00 7.26242e-06 8.27110e-01 1.19719e-16 1.21276e-03 
3359.70 6.27702e-06 8.28920e-01 1.19108e-16 1.04816e-03 
3360.00 6.24394e-06 8.28976e-01 1.19088e-16 1.04263e-03 
3370.00 5.46843e-06 8.30817e-01 1.18392e-16 9.12521e-04 
3376.50 5.55786e-06 8.32000e-01 1.17893e-16 9.26633e-04 
3380.00 5.75381e-06 8.32634e-01 1.17600e-16 9.58645e-04 
3390.00 6.39330e-06 8.34428e-01 1.16645e-16 1.06194e-03 
3393.38 6.50817e-06 8.35030e-01 1.16278e-16 1.07948e-03 
3400.00 6.56700e-06 8.36200e-01 1.15528e-16 1.08584e-03 
3410.00 6.52699e-06 8.37950e-01 1.14381e-16 1.07390e-03 
3410.35 6.52809e-06 8.38010e-01 1.14340e-16 1.07388e-03 
3420.00 6.67126e-06 8.39677e-01 1.13123e-16 1.09099e-03 
3427.40 6.85021e-06 8.40940e-01 1.12057e-16 1.11377e-03 
3430.00 6.90927e-06 8.41381e-01 1.11655e-16 1.12078e-03 
3440.00 7.07343e-06 8.43063e-01 1.10087e-16 1.13686e-03 
3444.54 7.12424e-06 8.43820e-01 1.09448e-16 1.14090e-03 
3450.00 7.17633e-06 8.44728e-01 1.08627e-16 1.14366e-03 
3460.00 7.27971e-06 8.46373e-01 1.06791e-16 1.14607e-03 
3461.76 7.30368e-06 8.46660e-01 1.06491e-16 1.14758e-03 
3470.00 7.46175e-06 8.47991e-01 1.05231e-16 1.16313e-03 
3479.07 7.74559e-06 8.49440e-01 1.03908e-16 1.19736e-03 
3480.00 7.78039e-06 8.49589e-01 1.03782e-16 1.20181e-03 
3490.00 8.19614e-06 8.51175e-01 1.02593e-16 1.25746e-03 
3496.46 8.47044e-06 8.52190e-01 1.01915e-16 1.29488e-03 
3500.00 8.58553e-06 8.52740e-01 1.01564e-16 1.31014e-03 
3510.00 8.58666e-06 8.54279e-01 1.00708e-16 1.30532e-03 
3513.95 8.40408e-06 8.54880e-01 1.00461e-16 1.27677e-03 
3520.00 8.04377e-06 8.55799e-01 1.00142e-16 1.22156e-03 
3530.00 7.86410e-06 8.57304e-01 9.97063e-17 1.19455e-03 
3531.51 7.94016e-06 8.57530e-01 9.96751e-17 1.20656e-03 
3540.00 8.71037e-06 8.58791e-01 9.95724e-17 1.32736e-03 
3549.17 9.22241e-06 8.60140e-01 9.92880e-17 1.40722e-03 
3550.00 9.20407e-06 8.60261e-01 9.92666e-17 1.40464e-03 
3560.00 8.08625e-06 8.61716e-01 9.91060e-17 1.23761e-03 
3566.92 6.99384e-06 8.62710e-01 9.88935e-17 1.07143e-03 
3570.00 6.61742e-06 8.63148e-01 9.88001e-17 1.01420e-03 
3580.00 6.25136e-06 8.64556e-01 9.85821e-17 9.60224e-04 
3584.75 6.40613e-06 8.65220e-01 9.83929e-17 9.84167e-04 
3590.00 6.69546e-06 8.65950e-01 9.80430e-17 1.02732e-03 
3600.00 7.30630e-06 8.67332e-01 9.68960e-17 1.11279e-03 
3602.68 7.45603e-06 8.67700e-01 9.64953e-17 1.13222e-03 
3610.00 7.78364e-06 8.68699e-01 9.52557e-17 1.17051e-03 
3620.00 7.96560e-06 8.70048e-01 9.33477e-17 1.17896e-03 
3620.69 7.96789e-06 8.70140e-01 9.32088e-17 1.17789e-03 
3630.00 7.90042e-06 8.71377e-01 9.13289e-17 1.14893e-03 
3638.79 7.94315e-06 8.72530e-01 8.98287e-17 1.14043e-03 
3640.00 8.01880e-06 8.72687e-01 8.96733e-17 1.14989e-03 
3650.00 9.18777e-06 8.73982e-01 8.90157e-17 1.31339e-03 
3656.99 9.64778e-06 8.74880e-01 8.90623e-17 1.38394e-03 
3660.00 9.69973e-06 8.75266e-01 8.90348e-17 1.39272e-03 
3670.00 9.48084e-06 8.76537e-01 8.83198e-17 1.35601e-03 
3675.27 9.25832e-06 8.77200e-01 8.78126e-17 1.31947e-03 
3680.00 9.07792e-06 8.77789e-01 8.72607e-17 1.28815e-03 
3690.00 9.00310e-06 8.79023e-01 8.57886e-17 1.26116e-03 
3693.65 9.14164e-06 8.79470e-01 8.53540e-17 1.27599e-03 
3700.00 9.45772e-06 8.80246e-01 8.47027e-17 1.31345e-03 
3710.00 9.43462e-06 8.81456e-01 8.35633e-17 1.29789e-03 
3712.12 9.24953e-06 8.81710e-01 8.33181e-17 1.26978e-03 
3720.00 8.13822e-06 8.82647e-01 8.25807e-17 1.11086e-03 
3730.00 6.82783e-06 8.83821e-01 8.21677e-17 9.31065e-04 
3730.68 6.78260e-06 8.83900e-01 8.21339e-17 9.24768e-04 
3740.00 6.83285e-06 8.84985e-01 8.15559e-17 9.28514e-04 
3749.33 7.64028e-06 8.86060e-01 8.12012e-17 1.03756e-03 
3750.00 7.70813e-06 8.86137e-01 8.11774e-17 1.04674e-03 
3760.00 8.66514e-06 8.87273e-01 8.07301e-17 1.17484e-03 
3768.08 9.22842e-06 8.88180e-01 8.02857e-17 1.24827e-03 
3770.00 9.31646e-06 8.88394e-01 8.01527e-17 1.25904e-03 
3780.00 9.51049e-06 8.89501e-01 7.90974e-17 1.27329e-03 
3786.92 9.57404e-06 8.90260e-01 7.79285e-17 1.26624e-03 
3790.00 9.63778e-06 8.90597e-01 7.73959e-17 1.26747e-03 
3800.00 9.91699e-06 8.91681e-01 7.57901e-17 1.28206e-03 
3805.85 9.76639e-06 8.92310e-01 7.45690e-17 1.24504e-03 
3810.00 9.33701e-06 8.92753e-01 7.35839e-17 1.17644e-03 
3820.00 7.24006e-06 8.93809e-01 7.09724e-17 8.83208e-04 
3824.88 6.22248e-06 8.94320e-01 6.95083e-17 7.44791e-04 
3830.00 5.61137e-06 8.94852e-01 6.78983e-17 6.57357e-04 
3840.00 6.24908e-06 8.95881e-01 6.47095e-17 7.00307e-04 
3844.01 6.83022e-06 8.96290e-01 6.33652e-17 7.50657e-04 
3850.00 7.55976e-06 8.96899e-01 6.13409e-17 8.06094e-04 
3860.00 7.72016e-06 8.97907e-01 5.81980e-17 7.83928e-04 
3863.23 7.60392e-06 8.98230e-01 5.72626e-17 7.60623e-04 
3870.00 7.37930e-06 8.98905e-01 5.53800e-17 7.15676e-04 
3880.00 7.60575e-06 8.99891e-01 5.28106e-17 7.06006e-04 
3882.54 7.79455e-06 9.00140e-01 5.22643e-17 7.16713e-04 
3890.00 8.67411e-06 9.00864e-01 5.09256e-17 7.79280e-04 
3900.00 1.02357e-05 9.01824e-01 4.95033e-17 8.97138e-04 
3901.96 1.04368e-05 9.02010e-01 4.92523e-17 9.10771e-04 
3910.00 1.02425e-05 9.02773e-01 4.84059e-17 8.81017e-04 
3920.00 7.43310e-06 9.03713e-01 4.79547e-17 6.35684e-04 
3921.46 6.97136e-06 9.03850e-01 4.79093e-17 5.95945e-04 
3930.00 5.38993e-06 9.04644e-01 4.78286e-17 4.61386e-04 
3940.00 7.20587e-06 9.05562e-01 4.84480e-17 6.27047e-04 
3941.07 7.50500e-06 9.05660e-01 4.85231e-17 6.54337e-04 
3950.00 9.17055e-06 9.06467e-01 4.91706e-17 8.12780e-04 
3960.00 7.67615e-06 9.07361e-01 5.03445e-17 6.99027e-04 
3960.78 7.49641e-06 9.07430e-01 5.04534e-17 6.84322e-04 
3970.00 6.32821e-06 9.08249e-01 5.17936e-17 5.94944e-04 
3980.00 8.87972e-06 9.09129e-01 5.31433e-17 8.59567e-04 
3980.58 9.10346e-06 9.09180e-01 5.32217e-17 8.82704e-04 
3990.00 1.24601e-05 9.09995e-01 5.45503e-17 1.24238e-03 
4000.00 1.36345e-05 9.10849e-01 5.61142e-17 1.40327e-03 
4000.48 1.36376e-05 9.10890e-01 5.61960e-17 1.40587e-03 
4010.00 1.33341e-05 9.11694e-01 5.77927e-17 1.41825e-03 
4020.00 1.31799e-05 9.12530e-01 5.90812e-17 1.43800e-03 
4020.49 1.31797e-05 9.12570e-01 5.91361e-17 1.43954e-03 
4030.00 1.31859e-05 9.13356e-01 6.02780e-17 1.47278e-03 
4040.00 1.30317e-05 9.14172e-01 6.17998e-17 1.49735e-03 
4040.59 1.30159e-05 9.14220e-01 6.18804e-17 1.49778e-03 
4050.00 1.26673e-05 9.14979e-01 6.30080e-17 1.48891e-03 
4060.00 1.22219e-05 9.15777e-01 6.44839e-17 1.47512e-03 
4060.79 1.21987e-05 9.15840e-01 6.46272e-17 1.47599e-03 
4070.00 1.22725e-05 9.16566e-01 6.64606e-17 1.53172e-03 
4080.00 1.31851e-05 9.17345e-01 6.85101e-17 1.70198e-03 
4081.10 1.33038e-05 9.17430e-01 6.87628e-17 1.72426e-03 
4090.00 1.40342e-05 9.18115e-01 7.11789e-17 1.88835e-03 
4100.00 1.39429e-05 9.18876e-01 7.45856e-17 1.97230e-03 
4101.50 1.38766e-05 9.18990e-01 7.51260e-17 1.97811e-03 
4110.00 1.35201e-05 9.19632e-01 7.84283e-17 2.01758e-03 
4120.00 1.35026e-05 9.20380e-01 8.33492e-17 2.14836e-03 
4122.01 1.35350e-05 9.20530e-01 8.44685e-17 2.18385e-03 
4130.00 1.36549e-05 9.21121e-01 8.92871e-17 2.33489e-03 
4140.00 1.36290e-05 9.21851e-01 9.61389e-17 2.51737e-03 
4142.62 1.36093e-05 9.22040e-01 9.81176e-17 2.56762e-03 
4150.00 1.36006e-05 9.22567e-01 1.04168e-16 2.73063e-03 
4160.00 1.37507e-05 9.23275e-01 1.13437e-16 3.01596e-03 
4163.33 1.37909e-05 9.23510e-01 1.16720e-16 3.11560e-03 
4170.00 1.37568e-05 9.23980e-01 1.23607e-16 3.29824e-03 
4180.00 1.33525e-05 9.24682e-01 1.34795e-16 3.50208e-03 
4184.15 1.31629e-05 9.24970e-01 1.39590e-16 3.57983e-03 
4190.00 1.29994e-05 9.25372e-01 1.46537e-16 3.71813e-03 
4200.00 1.31214e-05 9.26049e-01 1.58902e-16 4.08241e-03 
4205.07 1.32329e-05 9.26390e-01 1.65022e-16 4.28240e-03 
4210.00 1.32622e-05 9.26720e-01 1.70786e-16 4.44856e-03 
4220.00 1.29661e-05 9.27386e-01 1.81702e-16 4.64159e-03 
4226.10 1.27396e-05 9.27790e-01 1.87519e-16 4.71534e-03 
4230.00 1.26605e-05 9.28047e-01 1.90993e-16 4.77862e-03 
4240.00 1.27760e-05 9.28702e-01 1.99252e-16 5.04618e-03 
4247.23 1.28867e-05 9.29170e-01 2.04278e-16 5.22983e-03 
4250.00 1.28748e-05 9.29349e-01 2.05974e-16 5.27282e-03 
4260.00 1.25000e-05 9.29987e-01 2.10983e-16 5.25975e-03 
4268.46 1.20534e-05 9.30520e-01 2.13801e-16 5.15277e-03 
4270.00 1.19869e-05 9.30616e-01 2.14198e-16 5.13621e-03 
4280.00 1.16467e-05 9.31238e-01 2.16098e-16 5.04990e-03 
4289.80 1.09258e-05 9.31840e-01 2.16801e-16 4.76670e-03 
4290.00 1.09023e-05 9.31852e-01 2.16802e-16 4.75672e-03 
4300.00 9.46444e-06 9.32461e-01 2.16305e-16 4.13222e-03 
4310.00 9.08591e-06 9.33065e-01 2.15487e-16 3.96370e-03 
4311.25 9.22439e-06 9.33140e-01 2.15373e-16 4.02348e-03 
4320.00 1.11158e-05 9.33663e-01 2.14393e-16 4.83892e-03 
4330.00 1.32475e-05 9.34255e-01 2.12955e-16 5.74511e-03 
4332.81 1.34454e-05 9.34420e-01 2.12693e-16 5.82855e-03 
4340.00 1.32207e-05 9.34839e-01 2.12592e-16 5.74052e-03 
4350.00 1.26163e-05 9.35414e-01 2.13892e-16 5.52769e-03 
4354.47 1.27640e-05 9.35670e-01 2.14865e-16 5.62514e-03 
4360.00 1.32375e-05 9.35984e-01 2.16603e-16 5.89046e-03 
4370.00 1.39360e-05 9.36549e-01 2.22063e-16 6.37603e-03 
4376.25 1.37155e-05 9.36900e-01 2.27094e-16 6.42890e-03 
4380.00 1.34051e-05 9.37110e-01 2.30720e-16 6.39061e-03 
4390.00 1.26563e-05 9.37665e-01 2.42683e-16 6.36475e-03 
4398.13 1.27716e-05 9.38110e-01 2.55396e-16 6.77493e-03 
4400.00 1.28813e-05 9.38212e-01 2.58826e-16 6.92859e-03 
4410.00 1.36749e-05 9.38750e-01 2.79921e-16 7.97760e-03 
4420.00 1.43431e-05 9.39284e-01 3.03489e-16 9.09765e-03 
4420.12 1.43490e-05 9.39290e-01 3.03791e-16 9.11074e-03 
4430.00 1.46331e-05 9.39816e-01 3.31684e-16 1.01726e-02 
4440.00 1.45235e-05 9.40344e-01 3.63584e-16 1.10986e-02 
4442.22 1.44872e-05 9.40460e-01 3.71067e-16 1.13057e-02 
4450.00 1.44765e-05 9.40863e-01 3.98519e-16 1.21597e-02 
4460.00 1.48697e-05 9.41375e-01 4.35760e-16 1.36953e-02 
4464.43 1.50812e-05 9.41600e-01 4.51927e-16 1.44231e-02 
4470.00 1.52589e-05 9.41882e-01 4.72011e-16 1.52652e-02 
4480.00 1.52454e-05 9.42385e-01 5.07685e-16 1.64499e-02 
4486.75 1.52995e-05 9.42720e-01 5.29977e-16 1.72652e-02 
4490.00 1.54367e-05 9.42880e-01 5.40231e-16 1.77729e-02 
4500.00 1.63183e-05 9.43367e-01 5.69106e-16 1.98466e-02 
4509.19 1.68828e-05 9.43810e-01 5.88292e-16 2.12786e-02 
4510.00 1.68840e-05 9.43849e-01 5.89726e-16 2.13368e-02 
4520.00 1.62238e-05 9.44330e-01 6.03824e-16 2.10498e-02 
4530.00 1.53063e-05 9.44808e-01 6.08324e-16 2.00618e-02 
4531.73 1.52254e-05 9.44890e-01 6.08281e-16 1.99638e-02 
4540.00 1.52396e-05 9.45280e-01 6.04833e-16 1.99136e-02 
4550.00 1.58111e-05 9.45747e-01 5.92678e-16 2.02998e-02 
4554.39 1.61247e-05 9.45950e-01 5.85079e-16 2.04610e-02 
4560.00 1.64839e-05 9.46209e-01 5.73446e-16 2.05319e-02 
4570.00 1.67449e-05 9.46666e-01 5.47285e-16 1.99587e-02 
4577.16 1.64808e-05 9.46990e-01 5.25048e-16 1.88817e-02 
4580.00 1.63164e-05 9.47118e-01 5.15649e-16 1.83727e-02 
4590.00 1.58404e-05 9.47565e-01 4.81085e-16 1.66852e-02 
4600.00 1.59343e-05 9.48008e-01 4.45606e-16 1.55875e-02 
4600.05 1.59356e-05 9.48010e-01 4.45433e-16 1.55830e-02 
4610.00 1.61994e-05 9.48446e-01 4.08392e-16 1.45617e-02 
4620.00 1.61510e-05 9.48879e-01 3.70799e-16 1.32164e-02 
4623.05 1.60946e-05 9.49010e-01 3.59164e-16 1.27672e-02 
4630.00 1.59751e-05 9.49307e-01 3.32521e-16 1.17537e-02 
4640.00 1.59569e-05 9.49730e-01 2.95624e-16 1.04647e-02 
4646.16 1.60330e-05 9.49990e-01 2.74828e-16 9.79067e-03 
4650.00 1.61066e-05 9.50152e-01 2.62528e-16 9.40474e-03 
4660.00 1.63450e-05 9.50571e-01 2.32054e-16 8.45803e-03 
4669.39 1.65060e-05 9.50960e-01 2.04957e-16 7.56222e-03 
4670.00 1.65106e-05 9.50985e-01 2.03186e-16 7.50015e-03 
4680.00 1.64567e-05 9.51390e-01 1.74418e-16 6.43372e-03 
4690.00 1.61808e-05 9.51791e-01 1.50552e-16 5.47424e-03 
4692.74 1.60722e-05 9.51900e-01 1.44381e-16 5.21827e-03 
4700.00 1.57777e-05 9.52189e-01 1.28417e-16 4.56469e-03 
4710.00 1.55875e-05 9.52586e-01 1.08393e-16 3.81616e-03 
4716.20 1.57182e-05 9.52830e-01 9.73200e-17 3.46049e-03 
4720.00 1.58668e-05 9.52978e-01 9.10345e-17 3.27073e-03 
4730.00 1.62921e-05 9.53366e-01 7.63292e-17 2.82300e-03 
4739.79 1.64971e-05 9.53740e-01 6.47748e-17 2.43178e-03 
4740.00 1.64992e-05 9.53748e-01 6.45412e-17 2.42346e-03 
4750.00 1.65432e-05 9.54126e-01 5.43515e-17 2.05142e-03 
4760.00 1.65560e-05 9.54500e-01 4.60430e-17 1.74351e-03 
4763.48 1.65585e-05 9.54630e-01 4.35830e-17 1.65204e-03 
4770.00 1.65593e-05 9.54872e-01 3.94053e-17 1.49618e-03 
4780.00 1.65416e-05 9.55242e-01 3.37465e-17 1.28313e-03 
4787.30 1.64970e-05 9.55510e-01 3.03606e-17 1.15336e-03 
4790.00 1.64703e-05 9.55608e-01 2.92500e-17 1.11011e-03 
4800.00 1.63425e-05 9.55969e-01 2.56444e-17 9.68099e-04 
4810.00 1.62974e-05 9.56326e-01 2.28341e-17 8.61743e-04 
4811.24 1.63060e-05 9.56370e-01 2.25434e-17 8.51480e-04 
4820.00 1.64293e-05 9.56679e-01 2.07618e-17 7.91810e-04 
4830.00 1.65117e-05 9.57028e-01 1.90527e-17 7.32053e-04 
4835.29 1.64351e-05 9.57210e-01 1.82452e-17 6.98671e-04 
4840.00 1.62682e-05 9.57371e-01 1.75462e-17 6.65843e-04 
4850.00 1.55442e-05 9.57710e-01 1.59977e-17 5.81464e-04 
4859.47 1.44861e-05 9.58030e-01 1.49767e-17 5.08463e-04 
4860.00 1.44311e-05 9.58048e-01 1.49844e-17 5.06858e-04 
4870.00 1.38837e-05 9.58387e-01 1.58677e-17 5.17619e-04 
4880.00 1.46383e-05 9.58725e-01 1.50150e-17 5.17669e-04 
4883.77 1.50783e-05 9.58850e-01 1.46764e-17 5.21676e-04 
4890.00 1.56950e-05 9.59055e-01 1.43918e-17 5.33276e-04 
4900.00 1.59592e-05 9.59378e-01 1.42885e-17 5.39646e-04 
4908.19 1.57535e-05 9.59640e-01 1.41887e-17 5.29995e-04 
4910.00 1.56929e-05 9.59698e-01 1.41738e-17 5.27631e-04 
4920.00 1.54216e-05 9.60016e-01 1.41624e-17 5.19315e-04 
4930.00 1.53675e-05 9.60334e-01 1.40553e-17 5.14795e-04 
4932.73 1.54083e-05 9.60420e-01 1.40390e-17 5.15896e-04 
4940.00 1.56100e-05 9.60649e-01 1.40056e-17 5.22300e-04 
4950.00 1.59603e-05 9.60962e-01 1.38947e-17 5.31037e-04 
4957.39 1.61455e-05 9.61190e-01 1.39151e-17 5.38921e-04 
4960.00 1.61804e-05 9.61270e-01 1.39406e-17 5.41403e-04 
4970.00 1.61048e-05 9.61574e-01 1.41050e-17 5.46502e-04 
4980.00 1.56567e-05 9.61875e-01 1.42885e-17 5.39461e-04 
4982.18 1.55274e-05 9.61940e-01 1.42441e-17 5.33611e-04 
4990.00 1.50418e-05 9.62174e-01 1.40247e-17 5.09885e-04 
5000.00 1.45369e-05 9.62471e-01 1.42235e-17 5.00911e-04 
5007.09 1.43981e-05 9.62680e-01 1.42272e-17 4.97066e-04 
5010.00 1.44209e-05 9.62765e-01 1.42044e-17 4.97390e-04 
5020.00 1.48189e-05 9.63054e-01 1.42159e-17 5.12705e-04 
5030.00 1.52387e-05 9.63340e-01 1.42503e-17 5.29716e-04 
5032.12 1.52713e-05 9.63400e-01 1.42431e-17 5.30836e-04 
5040.00 1.52407e-05 9.63623e-01 1.42159e-17 5.29712e-04 
5050.00 1.52135e-05 9.63905e-01 1.42771e-17 5.32253e-04 
5057.29 1.54361e-05 9.64110e-01 1.42384e-17 5.39470e-04 
5060.00 1.55449e-05 9.64186e-01 1.42121e-17 5.42600e-04 
5070.00 1.57907e-05 9.64464e-01 1.41432e-17 5.49754e-04 
5080.00 1.55193e-05 9.64740e-01 1.41662e-17 5.42404e-04 
5082.57 1.54118e-05 9.64810e-01 1.41970e-17 5.40129e-04 
5090.00 1.51807e-05 9.65011e-01 1.42885e-17 5.36354e-04 
5100.00 1.52482e-05 9.65278e-01 1.43230e-17 5.41250e-04 
5107.98 1.53933e-05 9.65490e-01 1.44012e-17 5.50365e-04 
5110.00 1.54084e-05 9.65543e-01 1.43956e-17 5.50937e-04 
5120.00 1.52856e-05 9.65806e-01 1.42427e-17 5.41948e-04 
5130.00 1.50451e-05 9.66068e-01 1.44530e-17 5.42502e-04 
5133.52 1.49835e-05 9.66160e-01 1.45184e-17 5.43148e-04 
5140.00 1.48738e-05 9.66328e-01 1.46212e-17 5.43769e-04 
5150.00 1.45045e-05 9.66586e-01 1.48697e-17 5.40478e-04 
5159.19 1.37948e-05 9.66820e-01 1.49430e-17 5.17610e-04 
5160.00 1.37253e-05 9.66840e-01 1.49424e-17 5.15073e-04 
5170.00 1.29960e-05 9.67090e-01 1.49997e-17 4.90652e-04 
5180.00 1.28195e-05 9.67337e-01 1.53553e-17 4.96547e-04 
5184.99 1.29464e-05 9.67460e-01 1.54370e-17 5.04680e-04 
5190.00 1.31973e-05 9.67584e-01 1.54968e-17 5.17019e-04 
5200.00 1.39345e-05 9.67832e-01 1.57950e-17 5.57619e-04 
5210.00 1.45513e-05 9.68078e-01 1.61468e-17 5.96565e-04 
5210.91 1.45826e-05 9.68100e-01 1.61855e-17 5.99402e-04 
5220.00 1.46943e-05 9.68320e-01 1.65368e-17 6.18319e-04 
5230.00 1.48006e-05 9.68557e-01 1.67127e-17 6.30777e-04 
5236.97 1.50979e-05 9.68720e-01 1.71112e-17 6.59778e-04 
5240.00 1.52317e-05 9.68790e-01 1.72977e-17 6.73318e-04 
5250.00 1.52563e-05 9.69020e-01 1.76838e-17 6.90941e-04 
5260.00 1.43014e-05 9.69248e-01 1.80318e-17 6.61851e-04 
5263.15 1.39612e-05 9.69320e-01 1.81554e-17 6.50975e-04 
5270.00 1.35193e-05 9.69476e-01 1.84906e-17 6.42951e-04 
5280.00 1.40318e-05 9.69705e-01 1.91865e-17 6.93915e-04 
5289.47 1.50596e-05 9.69920e-01 1.98349e-17 7.71466e-04 
5290.00 1.51119e-05 9.69932e-01 1.98709e-17 7.75635e-04 
5300.00 1.57431e-05 9.70157e-01 2.05133e-17 8.35923e-04 
5310.00 1.55989e-05 9.70380e-01 2.10447e-17 8.51525e-04 
5315.92 1.51309e-05 9.70510e-01 2.14702e-17 8.43729e-04 
5320.00 1.47426e-05 9.70599e-01 2.17521e-17 8.33584e-04 
5330.00 1.41063e-05 9.70814e-01 2.23103e-17 8.19794e-04 
5340.00 1.44676e-05 9.71027e-01 2.30980e-17 8.72302e-04 
5342.50 1.46449e-05 9.71080e-01 2.32135e-17 8.87873e-04 
5350.00 1.51175e-05 9.71238e-01 2.35224e-17 9.30174e-04 
5360.00 1.52394e-05 9.71448e-01 2.43406e-17 9.72318e-04 
5369.21 1.50864e-05 9.71640e-01 2.45403e-17 9.72309e-04 
5370.00 1.50747e-05 9.71656e-01 2.45547e-17 9.72284e-04 
5380.00 1.50029e-05 9.71863e-01 2.49944e-17 9.87024e-04 
5390.00 1.49000e-05 9.72067e-01 2.55488e-17 1.00408e-03 
5396.05 1.47392e-05 9.72190e-01 2.57807e-17 1.00350e-03 
5400.00 1.46155e-05 9.72269e-01 2.59044e-17 1.00067e-03 
5410.00 1.43958e-05 9.72470e-01 2.61836e-17 9.98301e-04 
5420.00 1.44913e-05 9.72669e-01 2.63671e-17 1.01404e-03 
5423.03 1.45668e-05 9.72730e-01 2.64568e-17 1.02344e-03 
5430.00 1.47695e-05 9.72870e-01 2.66806e-17 1.04795e-03 
5440.00 1.50228e-05 9.73070e-01 2.68641e-17 1.07545e-03 
5450.00 1.51239e-05 9.73267e-01 2.70630e-17 1.09293e-03 
5450.15 1.51237e-05 9.73270e-01 2.70654e-17 1.09304e-03 
5460.00 1.50164e-05 9.73461e-01 2.71509e-17 1.09090e-03 
5470.00 1.48452e-05 9.73651e-01 2.71700e-17 1.08141e-03 
5477.40 1.47747e-05 9.73790e-01 2.71976e-17 1.07898e-03 
5480.00 1.47621e-05 9.73839e-01 2.72121e-17 1.07920e-03 
5490.00 1.47446e-05 9.74026e-01 2.72618e-17 1.08206e-03 
5500.00 1.47384e-05 9.74212e-01 2.72465e-17 1.08318e-03 
5504.79 1.47375e-05 9.74300e-01 2.72459e-17 1.08413e-03 
5510.00 1.47393e-05 9.74396e-01 2.72388e-17 1.08511e-03 
5520.00 1.47601e-05 9.74578e-01 2.71777e-17 1.08637e-03 
5530.00 1.48341e-05 9.74759e-01 2.72197e-17 1.09570e-03 
5532.31 1.48625e-05 9.74800e-01 2.72650e-17 1.10012e-03 
5540.00 1.49641e-05 9.74937e-01 2.74338e-17 1.11621e-03 
5550.00 1.50091e-05 9.75114e-01 2.75333e-17 1.12586e-03 
5559.97 1.48471e-05 9.75290e-01 2.77583e-17 1.12503e-03 
5560.00 1.48464e-05 9.75290e-01 2.77588e-17 1.12500e-03 
5570.00 1.45692e-05 9.75468e-01 2.78888e-17 1.11137e-03 
5580.00 1.43244e-05 9.75644e-01 2.81603e-17 1.10551e-03 
5587.77 1.42495e-05 9.75780e-01 2.84900e-17 1.11431e-03 
5590.00 1.42575e-05 9.75818e-01 2.85771e-17 1.11883e-03 
5600.00 1.44430e-05 9.75989e-01 2.88791e-17 1.14762e-03 
5610.00 1.46721e-05 9.76156e-01 2.92003e-17 1.18110e-03 
5615.71 1.47286e-05 9.76250e-01 2.93179e-17 1.19174e-03 
5620.00 1.47380e-05 9.76321e-01 2.93877e-17 1.19634e-03 
5630.00 1.47250e-05 9.76484e-01 2.95674e-17 1.20493e-03 
5640.00 1.47392e-05 9.76648e-01 2.97280e-17 1.21501e-03 
5643.79 1.47339e-05 9.76710e-01 2.97973e-17 1.21830e-03 
5650.00 1.46817e-05 9.76812e-01 2.99038e-17 1.21979e-03 
5660.00 1.44761e-05 9.76976e-01 2.99803e-17 1.20813e-03 
5670.00 1.43417e-05 9.77138e-01 2.99688e-17 1.19876e-03 
5672.01 1.43483e-05 9.77170e-01 2.99718e-17 1.19989e-03 
5680.00 1.44549e-05 9.77296e-01 2.99765e-17 1.21086e-03 
5690.00 1.45264e-05 9.77450e-01 2.98733e-17 1.21499e-03 
5700.00 1.43148e-05 9.77604e-01 2.97853e-17 1.19605e-03 
5700.37 1.43060e-05 9.77610e-01 2.97827e-17 1.19529e-03 
5710.00 1.42351e-05 9.77759e-01 2.97088e-17 1.18860e-03 
5720.00 1.46459e-05 9.77914e-01 2.96324e-17 1.22209e-03 
5728.87 1.50067e-05 9.78050e-01 2.96429e-17 1.25476e-03 
5730.00 1.50244e-05 9.78067e-01 2.96324e-17 1.25606e-03 
5740.00 1.48587e-05 9.78219e-01 2.94833e-17 1.23830e-03 
5750.00 1.45626e-05 9.78368e-01 2.96706e-17 1.22365e-03 
5757.52 1.45651e-05 9.78480e-01 2.96568e-17 1.22503e-03 
5760.00 1.45961e-05 9.78517e-01 2.96591e-17 1.22831e-03 
5770.00 1.46785e-05 9.78664e-01 2.98847e-17 1.24699e-03 
5780.00 1.44878e-05 9.78809e-01 3.02518e-17 1.24826e-03 
5786.30 1.43331e-05 9.78900e-01 3.07399e-17 1.25633e-03 
5790.00 1.42790e-05 9.78953e-01 3.10318e-17 1.26436e-03 
5800.00 1.43463e-05 9.79095e-01 3.16741e-17 1.29904e-03 
5810.00 1.45645e-05 9.79236e-01 3.26644e-17 1.36257e-03 
5815.23 1.46652e-05 9.79310e-01 3.30766e-17 1.39065e-03 
5820.00 1.47271e-05 9.79378e-01 3.34903e-17 1.41525e-03 
5830.00 1.47204e-05 9.79520e-01 3.48018e-17 1.47274e-03 
5840.00 1.45233e-05 9.79660e-01 3.59641e-17 1.50435e-03 
5844.31 1.44392e-05 9.79720e-01 3.63813e-17 1.51418e-03 
5850.00 1.43901e-05 9.79797e-01 3.69736e-17 1.53522e-03 
5860.00 1.44921e-05 9.79931e-01 3.82544e-17 1.60261e-03 
5870.00 1.43929e-05 9.80063e-01 3.92639e-17 1.63665e-03 
5873.53 1.42109e-05 9.80110e-01 3.95839e-17 1.63019e-03 
5880.00 1.37622e-05 9.80196e-01 4.01892e-17 1.60477e-03 
5890.00 1.33011e-05 9.80329e-01 4.11336e-17 1.59035e-03 
5900.00 1.36563e-05 9.80462e-01 4.17836e-17 1.66167e-03 
5902.90 1.38400e-05 9.80500e-01 4.19701e-17 1.69244e-03 
5910.00 1.42272e-05 9.80592e-01 4.24412e-17 1.76159e-03 
5920.00 1.43281e-05 9.80721e-01 4.29115e-17 1.79702e-03 
5930.00 1.41824e-05 9.80849e-01 4.29650e-17 1.78421e-03 
5932.41 1.41594e-05 9.80880e-01 4.30061e-17 1.78380e-03 
5940.00 1.41453e-05 9.80978e-01 4.31447e-17 1.79023e-03 
5950.00 1.41897e-05 9.81107e-01 4.29727e-17 1.79193e-03 
5960.00 1.42140e-05 9.81234e-01 4.27203e-17 1.78770e-03 
5962.08 1.42141e-05 9.81260e-01 4.26178e-17 1.78409e-03 
5970.00 1.41989e-05 9.81357e-01 4.20742e-17 1.76196e-03 
5980.00 1.41450e-05 9.81478e-01 4.12139e-17 1.72247e-03 
5990.00 1.40511e-05 9.81597e-01 4.00286e-17 1.66480e-03 
5991.89 1.40288e-05 9.81620e-01 3.98369e-17 1.65476e-03 
6000.00 1.39260e-05 9.81718e-01 3.90880e-17 1.61410e-03 
6010.00 1.38202e-05 9.81838e-01 3.79180e-17 1.55668e-03 
6020.00 1.37855e-05 9.81958e-01 3.67327e-17 1.50691e-03 
6021.85 1.37882e-05 9.81980e-01 3.65085e-17 1.49851e-03 
6030.00 1.38355e-05 9.82076e-01 3.55589e-17 1.46665e-03 
6040.00 1.39559e-05 9.82192e-01 3.46794e-17 1.44539e-03 
6050.00 1.40590e-05 9.82307e-01 3.39224e-17 1.42681e-03 
6051.96 1.40682e-05 9.82330e-01 3.37780e-17 1.42217e-03 
6060.00 1.40597e-05 9.82423e-01 3.33144e-17 1.40379e-03 
6070.00 1.39562e-05 9.82539e-01 3.31730e-17 1.39000e-03 
6080.00 1.37852e-05 9.82655e-01 3.29359e-17 1.36556e-03 
6082.21 1.37481e-05 9.82680e-01 3.28977e-17 1.36083e-03 
6090.00 1.36514e-05 9.82769e-01 3.28365e-17 1.35059e-03 
6100.00 1.36197e-05 9.82882e-01 3.28097e-17 1.34873e-03 
6110.00 1.35270e-05 9.82992e-01 3.28021e-17 1.34158e-03 
6112.63 1.34667e-05 9.83020e-01 3.27798e-17 1.33531e-03 
6120.00 1.32496e-05 9.83098e-01 3.26644e-17 1.31084e-03 
6130.00 1.30501e-05 9.83203e-01 3.24312e-17 1.28411e-03 
6140.00 1.31500e-05 9.83307e-01 3.21024e-17 1.28305e-03 
6143.19 1.31981e-05 9.83340e-01 3.19752e-17 1.28335e-03 
6150.00 1.32217e-05 9.83411e-01 3.17124e-17 1.27658e-03 
6160.00 1.29700e-05 9.83516e-01 3.14333e-17 1.24341e-03 
6170.00 1.27791e-05 9.83620e-01 3.11006e-17 1.21424e-03 
6173.91 1.28305e-05 9.83660e-01 3.09244e-17 1.21303e-03 
6180.00 1.30280e-05 9.83721e-01 3.07144e-17 1.22463e-03 
6190.00 1.33963e-05 9.83821e-01 3.07641e-17 1.26346e-03 
6200.00 1.35012e-05 9.83921e-01 3.09668e-17 1.28394e-03 
6204.77 1.34711e-05 9.83970e-01 3.12340e-17 1.29319e-03 
6210.00 1.34101e-05 9.84024e-01 3.16168e-17 1.30428e-03 
6220.00 1.32659e-05 9.84131e-01 3.24924e-17 1.32827e-03 
6230.00 1.30619e-05 9.84238e-01 3.39530e-17 1.36898e-03 
6235.80 1.29086e-05 9.84300e-01 3.50498e-17 1.39800e-03 
6240.00 1.28037e-05 9.84344e-01 3.59756e-17 1.42429e-03 
6250.00 1.26953e-05 9.84448e-01 3.86750e-17 1.52079e-03 
6260.00 1.28945e-05 9.84550e-01 4.20092e-17 1.68068e-03 
6266.98 1.31026e-05 9.84620e-01 4.48636e-17 1.82600e-03 
6270.00 1.31781e-05 9.84650e-01 4.62342e-17 1.89361e-03 
6280.00 1.32878e-05 9.84747e-01 5.13309e-17 2.12343e-03 
6290.00 1.32073e-05 9.84843e-01 5.74065e-17 2.36437e-03 
6298.31 1.30400e-05 9.84920e-01 6.31889e-17 2.57316e-03 
6300.00 1.30027e-05 9.84936e-01 6.44571e-17 2.61805e-03 
6310.00 1.28268e-05 9.85027e-01 7.28651e-17 2.92442e-03 
6320.00 1.28040e-05 9.85118e-01 8.30509e-17 3.33288e-03 
6329.80 1.28585e-05 9.85210e-01 9.42826e-17 3.80596e-03 
6330.00 1.28596e-05 9.85212e-01 9.45292e-17 3.81635e-03 
6340.00 1.28896e-05 9.85309e-01 1.08382e-16 4.39320e-03 
6350.00 1.28730e-05 9.85405e-01 1.23840e-16 5.02173e-03 
6360.00 1.28229e-05 9.85497e-01 1.40534e-16 5.68597e-03 
6361.45 1.28166e-05 9.85510e-01 1.43025e-16 5.78531e-03 
6370.00 1.28077e-05 9.85581e-01 1.57824e-16 6.38852e-03 
6380.00 1.28666e-05 9.85661e-01 1.74858e-16 7.12231e-03 
6390.00 1.28679e-05 9.85742e-01 1.90183e-16 7.76005e-03 
6393.26 1.28290e-05 9.85770e-01 1.94740e-16 7.92629e-03 
6400.00 1.27074e-05 9.85831e-01 2.03259e-16 8.20374e-03 
6410.00 1.25627e-05 9.85926e-01 2.12845e-16 8.50688e-03 
6420.00 1.26014e-05 9.86022e-01 2.17926e-16 8.75131e-03 
6425.23 1.26486e-05 9.86070e-01 2.18632e-16 8.82012e-03 
6430.00 1.26707e-05 9.86113e-01 2.18133e-16 8.82227e-03 
6440.00 1.26039e-05 9.86198e-01 2.13422e-16 8.60037e-03 
6450.00 1.25011e-05 9.86280e-01 2.03324e-16 8.13992e-03 
6457.35 1.24794e-05 9.86340e-01 1.93519e-16 7.74323e-03 
6460.00 1.24786e-05 9.86362e-01 1.89540e-16 7.58680e-03 
6470.00 1.24517e-05 9.86446e-01 1.72652e-16 6.90717e-03 
6480.00 1.23394e-05 9.86530e-01 1.54192e-16 6.12296e-03 
6489.64 1.22747e-05 9.86610e-01 1.35480e-16 5.36010e-03 
6490.00 1.22753e-05 9.86613e-01 1.34780e-16 5.33301e-03 
6500.00 1.23817e-05 9.86694e-01 1.15727e-16 4.62631e-03 
6510.00 1.25187e-05 9.86774e-01 9.76645e-17 3.95383e-03 
6520.00 1.25351e-05 9.86853e-01 8.15407e-17 3.31073e-03 
6522.09 1.25276e-05 9.86870e-01 7.84155e-17 3.18301e-03 
6530.00 1.24964e-05 9.86933e-01 6.75006e-17 2.73663e-03 
6540.00 1.24439e-05 9.87014e-01 5.57853e-17 2.25581e-03 
6550.00 1.21052e-05 9.87093e-01 4.42612e-17 1.74389e-03 
6554.70 1.17702e-05 9.87130e-01 3.92726e-17 1.50564e-03 
6560.00 1.13476e-05 9.87171e-01 3.53600e-17 1.30809e-03 
6570.00 1.09117e-05 9.87248e-01 3.31118e-17 1.17975e-03 
6580.00 1.14254e-05 9.87323e-01 2.72044e-17 1.01653e-03 
6587.47 1.20318e-05 9.87380e-01 2.34162e-17 9.22519e-04 
6590.00 1.21937e-05 9.87399e-01 2.24594e-17 8.97092e-04 
6600.00 1.24342e-05 9.87476e-01 1.94733e-17 7.94422e-04 
6610.00 1.23370e-05 9.87552e-01 1.67700e-17 6.79875e-04 
6620.00 1.22572e-05 9.87627e-01 1.48009e-17 5.97107e-04 
6620.41 1.22554e-05 9.87630e-01 1.47330e-17 5.94319e-04 
6630.00 1.22358e-05 9.87700e-01 1.32256e-17 5.33470e-04 
6640.00 1.22323e-05 9.87773e-01 1.16809e-17 4.71772e-04 
6650.00 1.21916e-05 9.87845e-01 1.04153e-17 4.19919e-04 
6653.51 1.21591e-05 9.87870e-01 9.99726e-18 4.02213e-04 
6660.00 1.20893e-05 9.87917e-01 9.31030e-18 3.72805e-04 
6670.00 1.20372e-05 9.87990e-01 8.59148e-18 3.43080e-04 
6680.00 1.21198e-05 9.88062e-01 7.89559e-18 3.17955e-04 
6686.78 1.21740e-05 9.88110e-01 7.45574e-18 3.01905e-04 
6690.00 1.21753e-05 9.88133e-01 7.25324e-18 2.93884e-04 
6700.00 1.20580e-05 9.88202e-01 6.68353e-18 2.68612e-04 
6710.00 1.19333e-05 9.88270e-01 6.33559e-18 2.52389e-04 
6720.00 1.19696e-05 9.88339e-01 5.91883e-18 2.36873e-04 
6720.21 1.19715e-05 9.88340e-01 5.91167e-18 2.36630e-04 
6730.00 1.20363e-05 9.88407e-01 5.68177e-18 2.29009e-04 
6740.00 1.19848e-05 9.88475e-01 5.41795e-18 2.17778e-04 
6750.00 1.18935e-05 9.88544e-01 5.18089e-18 2.06985e-04 
6753.81 1.18748e-05 9.88570e-01 5.14377e-18 2.05299e-04 
6760.00 1.18648e-05 9.88612e-01 5.08147e-18 2.02837e-04 
6770.00 1.18686e-05 9.88681e-01 4.84059e-18 1.93582e-04 
6780.00 1.18522e-05 9.88749e-01 4.69912e-18 1.87956e-04 
6787.58 1.18201e-05 9.88800e-01 4.51296e-18 1.80231e-04 
6790.00 1.18064e-05 9.88816e-01 4.44677e-18 1.77448e-04 
6800.00 1.17430e-05 9.88882e-01 4.20971e-18 1.67344e-04 
6810.00 1.17169e-05 9.88947e-01 3.98030e-18 1.58114e-04 
6820.00 1.17588e-05 9.89011e-01 3.75471e-18 1.49916e-04 
6821.52 1.17652e-05 9.89020e-01 3.72602e-18 1.48886e-04 
6830.00 1.17611e-05 9.89072e-01 3.56353e-18 1.42528e-04 
6840.00 1.16360e-05 9.89133e-01 3.29971e-18 1.30772e-04 
6850.00 1.15135e-05 9.89195e-01 3.10853e-18 1.22083e-04 
6855.63 1.15055e-05 9.89230e-01 3.00183e-18 1.17912e-04 
6860.00 1.15251e-05 9.89258e-01 2.91736e-18 1.14866e-04 
6870.00 1.15921e-05 9.89323e-01 2.73383e-18 1.08431e-04 
6880.00 1.16099e-05 9.89388e-01 2.56559e-18 1.02069e-04 
6889.91 1.15820e-05 9.89450e-01 2.49741e-18 9.92673e-05 
6890.00 1.15817e-05 9.89451e-01 2.49677e-18 9.92396e-05 
6900.00 1.15355e-05 9.89511e-01 2.37441e-18 9.41422e-05 
6910.00 1.14913e-05 9.89568e-01 2.20235e-18 8.71172e-05 
6920.00 1.14616e-05 9.89625e-01 2.17941e-18 8.61162e-05 
6924.36 1.14510e-05 9.89650e-01 2.12999e-18 8.41410e-05 
6930.00 1.14366e-05 9.89682e-01 2.05324e-18 8.10756e-05 
6940.00 1.14057e-05 9.89740e-01 2.00353e-18 7.90171e-05 
6950.00 1.13756e-05 9.89798e-01 1.91941e-18 7.56135e-05 
6958.98 1.13581e-05 9.89850e-01 1.91514e-18 7.54302e-05 
6960.00 1.13569e-05 9.89856e-01 1.91559e-18 7.54513e-05 
6970.00 1.13555e-05 9.89914e-01 1.89265e-18 7.46501e-05 
6980.00 1.13607e-05 9.89972e-01 1.84294e-18 7.28315e-05 
6990.00 1.12985e-05 9.90029e-01 1.75500e-18 6.90792e-05 
6993.77 1.12416e-05 9.90050e-01 1.74835e-18 6.85093e-05 
7000.00 1.11264e-05 9.90085e-01 1.75882e-18 6.82764e-05 
7010.00 1.09908e-05 9.90139e-01 1.75882e-18 6.75445e-05 
7020.00 1.10260e-05 9.90193e-01 1.75882e-18 6.78613e-05 
7028.74 1.11172e-05 9.90240e-01 1.71806e-18 6.69230e-05 
7030.00 1.11281e-05 9.90247e-01 1.71294e-18 6.68017e-05 
7040.00 1.11668e-05 9.90300e-01 1.68618e-18 6.60838e-05 
7050.00 1.11441e-05 9.90354e-01 1.64030e-18 6.42495e-05 
7060.00 1.10927e-05 9.90408e-01 1.69765e-18 6.62868e-05 
7063.88 1.10700e-05 9.90430e-01 1.71130e-18 6.67212e-05 
7070.00 1.10354e-05 9.90465e-01 1.70912e-18 6.64877e-05 
7080.00 1.09911e-05 9.90522e-01 1.68618e-18 6.54284e-05 
7090.00 1.09735e-05 9.90579e-01 1.69000e-18 6.55677e-05 
7099.20 1.09820e-05 9.90630e-01 1.69248e-18 6.58032e-05 
7100.00 1.09827e-05 9.90634e-01 1.69382e-18 6.58679e-05 
7110.00 1.09718e-05 9.90687e-01 1.72824e-18 6.72373e-05 
7120.00 1.09012e-05 9.90738e-01 1.76265e-18 6.82340e-05 
7130.00 1.08093e-05 9.90787e-01 1.81235e-18 6.96682e-05 
7134.70 1.07744e-05 9.90810e-01 1.80665e-18 6.92718e-05 
7140.00 1.07458e-05 9.90835e-01 1.78177e-18 6.81886e-05 
7150.00 1.07264e-05 9.90881e-01 1.72441e-18 6.59702e-05 
7160.00 1.07397e-05 9.90926e-01 1.65941e-18 6.36538e-05 
7170.00 1.06981e-05 9.90968e-01 1.64412e-18 6.29130e-05 
7170.37 1.06940e-05 9.90970e-01 1.64532e-18 6.29385e-05 
7180.00 1.05456e-05 9.91009e-01 1.67471e-18 6.32607e-05 
7190.00 1.04288e-05 9.91048e-01 1.59824e-18 5.97892e-05 
7200.00 1.04819e-05 9.91086e-01 1.56382e-18 5.88836e-05 
7206.23 1.05522e-05 9.91110e-01 1.55917e-18 5.91548e-05 
7210.00 1.05858e-05 9.91124e-01 1.54853e-18 5.89701e-05 
7220.00 1.06035e-05 9.91161e-01 1.48735e-18 5.68159e-05 
7230.00 1.05772e-05 9.91196e-01 1.47206e-18 5.61719e-05 
7240.00 1.05759e-05 9.91224e-01 1.47588e-18 5.63901e-05 
7242.26 1.05793e-05 9.91230e-01 1.47773e-18 5.64966e-05 
7250.00 1.05954e-05 9.91247e-01 1.46824e-18 5.62803e-05 
7260.00 1.06057e-05 9.91267e-01 1.38794e-18 5.33289e-05 
7270.00 1.05460e-05 9.91295e-01 1.33824e-18 5.12012e-05 
7278.47 1.04148e-05 9.91330e-01 1.39255e-18 5.26798e-05 
7280.00 1.03890e-05 9.91338e-01 1.39559e-18 5.26752e-05 
7290.00 1.02736e-05 9.91400e-01 1.31530e-18 4.91641e-05 
7300.00 1.03198e-05 9.91475e-01 1.25794e-18 4.72999e-05 
7310.00 1.04047e-05 9.91553e-01 1.24647e-18 4.73227e-05 
7314.86 1.04106e-05 9.91590e-01 1.23121e-18 4.68024e-05 
7320.00 1.03931e-05 9.91626e-01 1.21206e-18 4.60310e-05 
7330.00 1.03420e-05 9.91691e-01 1.20824e-18 4.57259e-05 
7340.00 1.03337e-05 9.91749e-01 1.21971e-18 4.61881e-05 
7350.00 1.03566e-05 9.91803e-01 1.07441e-18 4.08341e-05 
7351.43 1.03604e-05 9.91810e-01 1.06291e-18 4.04200e-05 
7360.00 1.03743e-05 9.91854e-01 1.05912e-18 4.03785e-05 
7370.00 1.03422e-05 9.91903e-01 1.02471e-18 3.90007e-05 
7380.00 1.02332e-05 9.91951e-01 9.67354e-19 3.64809e-05 
7388.19 1.01202e-05 9.91990e-01 9.74773e-19 3.63967e-05 
7390.00 1.00966e-05 9.91999e-01 9.75001e-19 3.63293e-05 
7400.00 9.99376e-06 9.92045e-01 9.52060e-19 3.51625e-05 
7410.00 9.95763e-06 9.92091e-01 9.86471e-19 3.63524e-05 
7420.00 9.99599e-06 9.92137e-01 9.86471e-19 3.65434e-05 
7425.13 1.00250e-05 9.92160e-01 9.90140e-19 3.68122e-05 
7430.00 1.00452e-05 9.92182e-01 9.97942e-19 3.72020e-05 
7440.00 1.00479e-05 9.92226e-01 1.00941e-18 3.76920e-05 
7450.00 1.00436e-05 9.92269e-01 1.01706e-18 3.80140e-05 
7460.00 1.00734e-05 9.92311e-01 1.06294e-18 3.99022e-05 
7462.26 1.00806e-05 9.92320e-01 1.08250e-18 4.06780e-05 
7470.00 1.00880e-05 9.92352e-01 1.11647e-18 4.20302e-05 
7480.00 1.00398e-05 9.92392e-01 1.00559e-18 3.77272e-05 
7490.00 9.98004e-06 9.92432e-01 1.02471e-18 3.82682e-05 
7499.57 9.96434e-06 9.92470e-01 1.10469e-18 4.12443e-05 
7500.00 9.96439e-06 9.92472e-01 1.10500e-18 4.12587e-05 
7510.00 9.96854e-06 9.92512e-01 1.03618e-18 3.87583e-05 
7520.00 9.95978e-06 9.92552e-01 1.01324e-18 3.79188e-05 
7530.00 9.95196e-06 9.92592e-01 9.78824e-19 3.66524e-05 
7537.07 9.95684e-06 9.92620e-01 9.45629e-19 3.54610e-05 
7540.00 9.95917e-06 9.92631e-01 9.32942e-19 3.50074e-05 
7550.00 9.94996e-06 9.92669e-01 9.17648e-19 3.44487e-05 
7560.00 9.89789e-06 9.92706e-01 9.48236e-19 3.54589e-05 
7570.00 9.84193e-06 9.92743e-01 8.87060e-19 3.30285e-05 
7574.75 9.82820e-06 9.92760e-01 8.75031e-19 3.25562e-05 
7580.00 9.82082e-06 9.92779e-01 8.71765e-19 3.24334e-05 
7590.00 9.80679e-06 9.92816e-01 8.41177e-19 3.12931e-05 
7600.00 9.76975e-06 9.92853e-01 8.18236e-19 3.03658e-05 
7610.00 9.73681e-06 9.92890e-01 7.99118e-19 2.95963e-05 
7612.63 9.73381e-06 9.92900e-01 7.79769e-19 2.88810e-05 
7620.00 9.73797e-06 9.92927e-01 7.41765e-19 2.75125e-05 
7630.00 9.75756e-06 9.92964e-01 8.10589e-19 3.01664e-05 
7640.00 9.76327e-06 9.93001e-01 7.57059e-19 2.82287e-05 
7650.00 9.70192e-06 9.93037e-01 7.60883e-19 2.82310e-05 
7650.69 9.69374e-06 9.93040e-01 7.62428e-19 2.82671e-05 
7660.00 9.55401e-06 9.93074e-01 7.53236e-19 2.75582e-05 
7670.00 9.45569e-06 9.93111e-01 7.07354e-19 2.56476e-05 
7680.00 9.51886e-06 9.93148e-01 8.18236e-19 2.99062e-05 
7688.94 9.59903e-06 9.93180e-01 7.97905e-19 2.94440e-05 
7690.00 9.60280e-06 9.93184e-01 7.87648e-19 2.90810e-05 
7700.00 9.56228e-06 9.93219e-01 7.07354e-19 2.60410e-05 
7710.00 9.48653e-06 9.93253e-01 7.53236e-19 2.75471e-05 
7720.00 9.48078e-06 9.93286e-01 7.03530e-19 2.57479e-05 
7727.39 9.48564e-06 9.93310e-01 7.07907e-19 2.59468e-05 
7730.00 9.47984e-06 9.93318e-01 7.07354e-19 2.59196e-05 
7740.00 9.41287e-06 9.93350e-01 6.65295e-19 2.42383e-05 
7750.00 9.35689e-06 9.93381e-01 7.03530e-19 2.55126e-05 
7760.00 9.39032e-06 9.93411e-01 6.84412e-19 2.49409e-05 
7766.03 9.42927e-06 9.93430e-01 6.32373e-19 2.31585e-05 
7770.00 9.44957e-06 9.93442e-01 6.04118e-19 2.21830e-05 
7780.00 9.45863e-06 9.93473e-01 6.04118e-19 2.22336e-05 
7790.00 9.43384e-06 9.93504e-01 6.11765e-19 2.24856e-05 
7800.00 9.40547e-06 9.93535e-01 5.73530e-19 2.10445e-05 
7804.86 9.38907e-06 9.93550e-01 5.81383e-19 2.13090e-05 
7810.00 9.36717e-06 9.93566e-01 6.00295e-19 2.19656e-05 
7820.00 9.31087e-06 9.93596e-01 6.07942e-19 2.21407e-05 
7830.00 9.25820e-06 9.93626e-01 5.77353e-19 2.09352e-05 
7840.00 9.23287e-06 9.93658e-01 5.23824e-19 1.89670e-05 
7843.88 9.23119e-06 9.93670e-01 5.35657e-19 1.94018e-05 
7850.00 9.23717e-06 9.93690e-01 5.73530e-19 2.08036e-05 
7860.00 9.26253e-06 9.93724e-01 5.96471e-19 2.17235e-05 
7870.00 9.27837e-06 9.93757e-01 6.04118e-19 2.20685e-05 
7880.00 9.25812e-06 9.93790e-01 5.81177e-19 2.12117e-05 
7883.10 9.24587e-06 9.93800e-01 5.82108e-19 2.12261e-05 
7890.00 9.21323e-06 9.93821e-01 5.88824e-19 2.14144e-05 
7900.00 9.15875e-06 9.93850e-01 5.69706e-19 2.06233e-05 
7910.00 9.08609e-06 9.93877e-01 5.69706e-19 2.04862e-05 
7920.00 8.99108e-06 9.93904e-01 5.58236e-19 1.98894e-05 
7922.51 8.96768e-06 9.93910e-01 5.61077e-19 1.99451e-05 
7930.00 8.91106e-06 9.93929e-01 5.96471e-19 2.10897e-05 
7940.00 8.88380e-06 9.93954e-01 6.42353e-19 2.26716e-05 
7950.00 8.90752e-06 9.93979e-01 5.27647e-19 1.86968e-05 
7960.00 8.96628e-06 9.94004e-01 5.42942e-19 1.93905e-05 
7962.13 8.98032e-06 9.94010e-01 5.48163e-19 1.96130e-05 
7970.00 9.02724e-06 9.94031e-01 5.46765e-19 1.96851e-05 
7980.00 9.05333e-06 9.94058e-01 5.31471e-19 1.92144e-05 
7990.00 9.00749e-06 9.94087e-01 4.89412e-19 1.76268e-05 
8000.00 8.85263e-06 9.94118e-01 5.23824e-19 1.85656e-05 
