##### EXOPHOT SPECTRAL OVERLAP FILE #####
# Date: 01/12/2021 13:14:53
# SED file: SED_g2v.txt
# atmosphere file: atm_g2v_hzi_os1.txt
# photopigment file: ChlB.txt
# Stellar radius (Rs in km): 6.963400e+05
# Exoplanet orbit semi-major axis (sma in km): 1.070123e+08
# Total absorption rate (gamma_t in s-1): 2.13467e+01
# B band absorption rate (gamma_B in s-1): 1.43858e+01
# Q band absorption rate (gamma_Q in s-1): 6.96092e+00
# B-Q bands cut-off (in nm): 500
# photosynthetic photon flux density [ppfd in micromol photon m-2 s-1]: 4.05263e+03
# Total Stellar Irradiance (S in W m-2): 2.62457e+03
# -------------------------------------------------
# Col 1: Wavelength (wl in Angstrom) 
# Col 2: Spectral Flux Density (F_l in J cm-2 s-1 A-1) 
# Col 3: Atmosphere transmitance (T, no units) 
# Col 4: Pigment absorption cross section (sigma_abs in cm-2) 
# Col 5: Spectral Absorption Rate (Gamma_lambda in A-1 s-1)
3000.00 9.87223e-06 2.58713e-02 1.38924e-16 5.35866e-05 
3010.00 1.15609e-05 4.35929e-02 1.10076e-16 8.40599e-05 
3010.56 1.16281e-05 4.45000e-02 1.09684e-16 8.60163e-05 
3020.00 1.24302e-05 5.92114e-02 1.10817e-16 1.24000e-04 
3025.61 1.26783e-05 6.78800e-02 1.11610e-16 1.46299e-04 
3030.00 1.27990e-05 7.49355e-02 1.11624e-16 1.63300e-04 
3040.00 1.29862e-05 9.29740e-02 1.12293e-16 2.07488e-04 
3040.74 1.30016e-05 9.44600e-02 1.12353e-16 2.11217e-04 
3050.00 1.33107e-05 1.14746e-01 1.12966e-16 2.64919e-04 
3055.94 1.36583e-05 1.28500e-01 1.13322e-16 3.05971e-04 
3060.00 1.38960e-05 1.37767e-01 1.13517e-16 3.34766e-04 
3070.00 1.40833e-05 1.59718e-01 1.13788e-16 3.95564e-04 
3071.22 1.40382e-05 1.62300e-01 1.13822e-16 4.00951e-04 
3080.00 1.34192e-05 1.80726e-01 1.14022e-16 4.28754e-04 
3086.58 1.30486e-05 1.95920e-01 1.13936e-16 4.52590e-04 
3090.00 1.30535e-05 2.04766e-01 1.13827e-16 4.73273e-04 
3100.00 1.39892e-05 2.31121e-01 1.13471e-16 5.72538e-04 
3102.01 1.42470e-05 2.35850e-01 1.13420e-16 5.95134e-04 
3110.00 1.50379e-05 2.51573e-01 1.13169e-16 6.70291e-04 
3117.52 1.50411e-05 2.64870e-01 1.12609e-16 7.04073e-04 
3120.00 1.49086e-05 2.69577e-01 1.12366e-16 7.09305e-04 
3130.00 1.40910e-05 2.90260e-01 1.11322e-16 7.17430e-04 
3133.11 1.38409e-05 2.96880e-01 1.11039e-16 7.19651e-04 
3140.00 1.34400e-05 3.11263e-01 1.10447e-16 7.30351e-04 
3148.77 1.34307e-05 3.28880e-01 1.09588e-16 7.67296e-04 
3150.00 1.34897e-05 3.31273e-01 1.09464e-16 7.75698e-04 
3160.00 1.43529e-05 3.49731e-01 1.08535e-16 8.66666e-04 
3164.52 1.46946e-05 3.57110e-01 1.08210e-16 9.04603e-04 
3170.00 1.47776e-05 3.65034e-01 1.07881e-16 9.28676e-04 
3180.00 1.38108e-05 3.77787e-01 1.07411e-16 8.97148e-04 
3180.34 1.37688e-05 3.78210e-01 1.07400e-16 8.95427e-04 
3190.00 1.30600e-05 3.90845e-01 1.07273e-16 8.79328e-04 
3196.24 1.34936e-05 4.00680e-01 1.07371e-16 9.34061e-04 
3200.00 1.39341e-05 4.07509e-01 1.07483e-16 9.83176e-04 
3210.00 1.44882e-05 4.23730e-01 1.08003e-16 1.07144e-03 
3212.22 1.42991e-05 4.25850e-01 1.08192e-16 1.06534e-03 
3220.00 1.29856e-05 4.28153e-01 1.08967e-16 9.82056e-04 
3228.29 1.18883e-05 4.31250e-01 1.09787e-16 9.14737e-04 
3230.00 1.18779e-05 4.33165e-01 1.09980e-16 9.20091e-04 
3240.00 1.36459e-05 4.50789e-01 1.11372e-16 1.11743e-03 
3244.43 1.49943e-05 4.58430e-01 1.12063e-16 1.25812e-03 
3250.00 1.67015e-05 4.64810e-01 1.12932e-16 1.43434e-03 
3260.00 1.88893e-05 4.70371e-01 1.14473e-16 1.66917e-03 
3260.65 1.89881e-05 4.70640e-01 1.14581e-16 1.68077e-03 
3270.00 1.98573e-05 4.75463e-01 1.16193e-16 1.80588e-03 
3276.95 1.98899e-05 4.81560e-01 1.17250e-16 1.85262e-03 
3280.00 1.97822e-05 4.85245e-01 1.17654e-16 1.86483e-03 
3290.00 1.91539e-05 4.97689e-01 1.18778e-16 1.87530e-03 
3293.34 1.89174e-05 5.00330e-01 1.19109e-16 1.86905e-03 
3300.00 1.84842e-05 5.01858e-01 1.19654e-16 1.84393e-03 
3309.80 1.80628e-05 5.03190e-01 1.20094e-16 1.81871e-03 
3310.00 1.80583e-05 5.03298e-01 1.20101e-16 1.81886e-03 
3320.00 1.80391e-05 5.13080e-01 1.20392e-16 1.86233e-03 
3326.35 1.81968e-05 5.19170e-01 1.20382e-16 1.90440e-03 
3330.00 1.83268e-05 5.20957e-01 1.20346e-16 1.92613e-03 
3340.00 1.85769e-05 5.22696e-01 1.20212e-16 1.96264e-03 
3342.98 1.84952e-05 5.23700e-01 1.20100e-16 1.95769e-03 
3350.00 1.77305e-05 5.28584e-01 1.19719e-16 1.89219e-03 
3359.70 1.53247e-05 5.35990e-01 1.19108e-16 1.65468e-03 
3360.00 1.52440e-05 5.36140e-01 1.19088e-16 1.64629e-03 
3370.00 1.33506e-05 5.38358e-01 1.18392e-16 1.44361e-03 
3376.50 1.35690e-05 5.39760e-01 1.17893e-16 1.46766e-03 
3380.00 1.40474e-05 5.41485e-01 1.17600e-16 1.52205e-03 
3390.00 1.56086e-05 5.48437e-01 1.16645e-16 1.70404e-03 
3393.38 1.58891e-05 5.50530e-01 1.16278e-16 1.73753e-03 
3400.00 1.60327e-05 5.53228e-01 1.15528e-16 1.75388e-03 
3410.00 1.59350e-05 5.56143e-01 1.14381e-16 1.74009e-03 
3410.35 1.59377e-05 5.56270e-01 1.14340e-16 1.74033e-03 
3420.00 1.62872e-05 5.60787e-01 1.13123e-16 1.77888e-03 
3427.40 1.67241e-05 5.64250e-01 1.12057e-16 1.82449e-03 
3430.00 1.68683e-05 5.65184e-01 1.11655e-16 1.83805e-03 
3440.00 1.72691e-05 5.68001e-01 1.10087e-16 1.86998e-03 
3444.54 1.73931e-05 5.69500e-01 1.09448e-16 1.87989e-03 
3450.00 1.75203e-05 5.71931e-01 1.08627e-16 1.89044e-03 
3460.00 1.77727e-05 5.77073e-01 1.06791e-16 1.90774e-03 
3461.76 1.78312e-05 5.77910e-01 1.06491e-16 1.91239e-03 
3470.00 1.82171e-05 5.81212e-01 1.05231e-16 1.94631e-03 
3479.07 1.89101e-05 5.84380e-01 1.03908e-16 2.01106e-03 
3480.00 1.89951e-05 5.84720e-01 1.03782e-16 2.01936e-03 
3490.00 2.00101e-05 5.88583e-01 1.02593e-16 2.12287e-03 
3496.46 2.06798e-05 5.91030e-01 1.01915e-16 2.19252e-03 
3500.00 2.09608e-05 5.92265e-01 1.01564e-16 2.22155e-03 
3510.00 2.09635e-05 5.95530e-01 1.00708e-16 2.22158e-03 
3513.95 2.05178e-05 5.96840e-01 1.00461e-16 2.17623e-03 
3520.00 1.96381e-05 5.98974e-01 1.00142e-16 2.08732e-03 
3530.00 1.91994e-05 6.02641e-01 9.97063e-17 2.05007e-03 
3531.51 1.93851e-05 6.03190e-01 9.96751e-17 2.07202e-03 
3540.00 2.12655e-05 6.06162e-01 9.95724e-17 2.28734e-03 
3549.17 2.25156e-05 6.09220e-01 9.92880e-17 2.43336e-03 
3550.00 2.24709e-05 6.09490e-01 9.92666e-17 2.42964e-03 
3560.00 1.97418e-05 6.12679e-01 9.91060e-17 2.14829e-03 
3566.92 1.70748e-05 6.14780e-01 9.88935e-17 1.86406e-03 
3570.00 1.61558e-05 6.15681e-01 9.88001e-17 1.76617e-03 
3580.00 1.52621e-05 6.18422e-01 9.85821e-17 1.67689e-03 
3584.75 1.56400e-05 6.19610e-01 9.83929e-17 1.72068e-03 
3590.00 1.63463e-05 6.20843e-01 9.80430e-17 1.79819e-03 
3600.00 1.78376e-05 6.23342e-01 9.68960e-17 1.95252e-03 
3602.68 1.82032e-05 6.24130e-01 9.64953e-17 1.98828e-03 
3610.00 1.90030e-05 6.26659e-01 9.52557e-17 2.06146e-03 
3620.00 1.94473e-05 6.30725e-01 9.33477e-17 2.08657e-03 
3620.69 1.94528e-05 6.31020e-01 9.32088e-17 2.08544e-03 
3630.00 1.92881e-05 6.35023e-01 9.13289e-17 2.04417e-03 
3638.79 1.93924e-05 6.38580e-01 8.98287e-17 2.03772e-03 
3640.00 1.95771e-05 6.39031e-01 8.96733e-17 2.05570e-03 
3650.00 2.24311e-05 6.42447e-01 8.90157e-17 2.35706e-03 
3656.99 2.35541e-05 6.44650e-01 8.90623e-17 2.48961e-03 
3660.00 2.36810e-05 6.45594e-01 8.90348e-17 2.50797e-03 
3670.00 2.31466e-05 6.48726e-01 8.83198e-17 2.45016e-03 
3675.27 2.26033e-05 6.50360e-01 8.78126e-17 2.38834e-03 
3680.00 2.21629e-05 6.51806e-01 8.72607e-17 2.33525e-03 
3690.00 2.19802e-05 6.54819e-01 8.57886e-17 2.29368e-03 
3693.65 2.23184e-05 6.55910e-01 8.53540e-17 2.32333e-03 
3700.00 2.30901e-05 6.57806e-01 8.47027e-17 2.39633e-03 
3710.00 2.30337e-05 6.60775e-01 8.35633e-17 2.37537e-03 
3712.12 2.25818e-05 6.61400e-01 8.33181e-17 2.32546e-03 
3720.00 1.98687e-05 6.63713e-01 8.25807e-17 2.03936e-03 
3730.00 1.66695e-05 6.66615e-01 8.21677e-17 1.71447e-03 
3730.68 1.65591e-05 6.66810e-01 8.21339e-17 1.70322e-03 
3740.00 1.66818e-05 6.69480e-01 8.15559e-17 1.71486e-03 
3749.33 1.86530e-05 6.72110e-01 8.12012e-17 1.92145e-03 
3750.00 1.88187e-05 6.72297e-01 8.11774e-17 1.93883e-03 
3760.00 2.11551e-05 6.75025e-01 8.07301e-17 2.18214e-03 
3768.08 2.25303e-05 6.77090e-01 8.02857e-17 2.32324e-03 
3770.00 2.27452e-05 6.77555e-01 8.01527e-17 2.34433e-03 
3780.00 2.32189e-05 6.79838e-01 7.90974e-17 2.37589e-03 
3786.92 2.33741e-05 6.81340e-01 7.79285e-17 2.36594e-03 
3790.00 2.35297e-05 6.82006e-01 7.73959e-17 2.36966e-03 
3800.00 2.42114e-05 6.84301e-01 7.57901e-17 2.40207e-03 
3805.85 2.38437e-05 6.85860e-01 7.45690e-17 2.33638e-03 
3810.00 2.27954e-05 6.87105e-01 7.35839e-17 2.21056e-03 
3820.00 1.76759e-05 6.90401e-01 7.09724e-17 1.66556e-03 
3824.88 1.51916e-05 6.92030e-01 6.95083e-17 1.40704e-03 
3830.00 1.36996e-05 6.93670e-01 6.78983e-17 1.24406e-03 
3840.00 1.52565e-05 6.96676e-01 6.47095e-17 1.32956e-03 
3844.01 1.66753e-05 6.97820e-01 6.33652e-17 1.42684e-03 
3850.00 1.84564e-05 6.99481e-01 6.13409e-17 1.53482e-03 
3860.00 1.88480e-05 7.02150e-01 5.81980e-17 1.49663e-03 
3863.23 1.85642e-05 7.02990e-01 5.72626e-17 1.45335e-03 
3870.00 1.80158e-05 7.04733e-01 5.53800e-17 1.36983e-03 
3880.00 1.85687e-05 7.07263e-01 5.28106e-17 1.35469e-03 
3882.54 1.90296e-05 7.07900e-01 5.22643e-17 1.37609e-03 
3890.00 2.11770e-05 7.09759e-01 5.09256e-17 1.49894e-03 
3900.00 2.49894e-05 7.12222e-01 4.95033e-17 1.72979e-03 
3901.96 2.54804e-05 7.12700e-01 4.92523e-17 1.75689e-03 
3910.00 2.50062e-05 7.14651e-01 4.84059e-17 1.70271e-03 
3920.00 1.81472e-05 7.17058e-01 4.79547e-17 1.23142e-03 
3921.46 1.70199e-05 7.17410e-01 4.79093e-17 1.15483e-03 
3930.00 1.31590e-05 7.19465e-01 4.78286e-17 8.95851e-04 
3940.00 1.75924e-05 7.21897e-01 4.84480e-17 1.22038e-03 
3941.07 1.83227e-05 7.22160e-01 4.85231e-17 1.27382e-03 
3950.00 2.23890e-05 7.24347e-01 4.91706e-17 1.58565e-03 
3960.00 1.87406e-05 7.26636e-01 5.03445e-17 1.36669e-03 
3960.78 1.83018e-05 7.26800e-01 5.04534e-17 1.33814e-03 
3970.00 1.54497e-05 7.28613e-01 5.17936e-17 1.16522e-03 
3980.00 2.16790e-05 7.30577e-01 5.31433e-17 1.68640e-03 
3980.58 2.22252e-05 7.30700e-01 5.32217e-17 1.73198e-03 
3990.00 3.04201e-05 7.32869e-01 5.45503e-17 2.44276e-03 
4000.00 3.32872e-05 7.35350e-01 5.61142e-17 2.76584e-03 
4000.48 3.32949e-05 7.35470e-01 5.61960e-17 2.77130e-03 
4010.00 3.25538e-05 7.37782e-01 5.77927e-17 2.80201e-03 
4020.00 3.21775e-05 7.40128e-01 5.90812e-17 2.84746e-03 
4020.49 3.21769e-05 7.40240e-01 5.91361e-17 2.85083e-03 
4030.00 3.21922e-05 7.42408e-01 6.02780e-17 2.92268e-03 
4040.00 3.18157e-05 7.44640e-01 6.17998e-17 2.97769e-03 
4040.59 3.17771e-05 7.44770e-01 6.18804e-17 2.97891e-03 
4050.00 3.09259e-05 7.46835e-01 6.30080e-17 2.96702e-03 
4060.00 2.98385e-05 7.48991e-01 6.44839e-17 2.94546e-03 
4060.79 2.97820e-05 7.49160e-01 6.46272e-17 2.94767e-03 
4070.00 2.99621e-05 7.51106e-01 6.64606e-17 3.06447e-03 
4080.00 3.21901e-05 7.53192e-01 6.85101e-17 3.41166e-03 
4081.10 3.24799e-05 7.53420e-01 6.87628e-17 3.45705e-03 
4090.00 3.42632e-05 7.55265e-01 7.11789e-17 3.79249e-03 
4100.00 3.40404e-05 7.57323e-01 7.45856e-17 3.96860e-03 
4101.50 3.38784e-05 7.57630e-01 7.51260e-17 3.98141e-03 
4110.00 3.30079e-05 7.59361e-01 7.84283e-17 4.06728e-03 
4120.00 3.29653e-05 7.61391e-01 8.33492e-17 4.33898e-03 
4122.01 3.30443e-05 7.61800e-01 8.44685e-17 4.41230e-03 
4130.00 3.33371e-05 7.63422e-01 8.92871e-17 4.72449e-03 
4140.00 3.32738e-05 7.65382e-01 9.61389e-17 5.10274e-03 
4142.62 3.32258e-05 7.65870e-01 9.81176e-17 5.20686e-03 
4150.00 3.32046e-05 7.67185e-01 1.04168e-16 5.54377e-03 
4160.00 3.35711e-05 7.68923e-01 1.13437e-16 6.13222e-03 
4163.33 3.36691e-05 7.69520e-01 1.16720e-16 6.33811e-03 
4170.00 3.35859e-05 7.70768e-01 1.23607e-16 6.71712e-03 
4180.00 3.25987e-05 7.72727e-01 1.34795e-16 7.14496e-03 
4184.15 3.21360e-05 7.73550e-01 1.39590e-16 7.30908e-03 
4190.00 3.17368e-05 7.74704e-01 1.46537e-16 7.59947e-03 
4200.00 3.20346e-05 7.76653e-01 1.58902e-16 8.35890e-03 
4205.07 3.23068e-05 7.77630e-01 1.65022e-16 8.77619e-03 
4210.00 3.23783e-05 7.78572e-01 1.70786e-16 9.12450e-03 
4220.00 3.16556e-05 7.80451e-01 1.81702e-16 9.53654e-03 
4226.10 3.11026e-05 7.81570e-01 1.87519e-16 9.69776e-03 
4230.00 3.09094e-05 7.82275e-01 1.90993e-16 9.83403e-03 
4240.00 3.11914e-05 7.84042e-01 1.99252e-16 1.04008e-02 
4247.23 3.14618e-05 7.85290e-01 2.04278e-16 1.07910e-02 
4250.00 3.14326e-05 7.85764e-01 2.05974e-16 1.08842e-02 
4260.00 3.05175e-05 7.87466e-01 2.10983e-16 1.08733e-02 
4268.46 2.94273e-05 7.88920e-01 2.13801e-16 1.06657e-02 
4270.00 2.92648e-05 7.89188e-01 2.14198e-16 1.06339e-02 
4280.00 2.84344e-05 7.90953e-01 2.16098e-16 1.04716e-02 
4289.80 2.66743e-05 7.92690e-01 2.16801e-16 9.89964e-03 
4290.00 2.66168e-05 7.92725e-01 2.16802e-16 9.87921e-03 
4300.00 2.31065e-05 7.94465e-01 2.16305e-16 8.59543e-03 
4310.00 2.21824e-05 7.96161e-01 2.15487e-16 8.25715e-03 
4311.25 2.25205e-05 7.96370e-01 2.15373e-16 8.38320e-03 
4320.00 2.71381e-05 7.97808e-01 2.14393e-16 1.00948e-02 
4330.00 3.23424e-05 7.99433e-01 2.12955e-16 1.20020e-02 
4332.81 3.28256e-05 7.99890e-01 2.12693e-16 1.21811e-02 
4340.00 3.22771e-05 8.01068e-01 2.12592e-16 1.20095e-02 
4350.00 3.08015e-05 8.02705e-01 2.13892e-16 1.15807e-02 
4354.47 3.11620e-05 8.03430e-01 2.14865e-16 1.17923e-02 
4360.00 3.23181e-05 8.04313e-01 2.16603e-16 1.23579e-02 
4370.00 3.40234e-05 8.05869e-01 2.22063e-16 1.33944e-02 
4376.25 3.34851e-05 8.06810e-01 2.27094e-16 1.35162e-02 
4380.00 3.27273e-05 8.07363e-01 2.30720e-16 1.34419e-02 
4390.00 3.08991e-05 8.08791e-01 2.42683e-16 1.34032e-02 
4398.13 3.11807e-05 8.09910e-01 2.55396e-16 1.42800e-02 
4400.00 3.14484e-05 8.10163e-01 2.58826e-16 1.46068e-02 
4410.00 3.33861e-05 8.11390e-01 2.79921e-16 1.68342e-02 
4420.00 3.50174e-05 8.12155e-01 3.03489e-16 1.92049e-02 
4420.12 3.50317e-05 8.12160e-01 3.03791e-16 1.92325e-02 
4430.00 3.57254e-05 8.12321e-01 3.31684e-16 2.14662e-02 
4440.00 3.54577e-05 8.12633e-01 3.63584e-16 2.34161e-02 
4442.22 3.53690e-05 8.12820e-01 3.71067e-16 2.38557e-02 
4450.00 3.53429e-05 8.13939e-01 3.98519e-16 2.56819e-02 
4460.00 3.63031e-05 8.16070e-01 4.35760e-16 2.89852e-02 
4464.43 3.68192e-05 8.17110e-01 4.51927e-16 3.05571e-02 
4470.00 3.72531e-05 8.18396e-01 4.72011e-16 3.23824e-02 
4480.00 3.72202e-05 8.20585e-01 5.07685e-16 3.49702e-02 
4486.75 3.73522e-05 8.21950e-01 5.29977e-16 3.67514e-02 
4490.00 3.76871e-05 8.22568e-01 5.40231e-16 3.78542e-02 
4500.00 3.98397e-05 8.24330e-01 5.69106e-16 4.23395e-02 
4509.19 4.12177e-05 8.25800e-01 5.88292e-16 4.54541e-02 
4510.00 4.12207e-05 8.25925e-01 5.89726e-16 4.55834e-02 
4520.00 3.96088e-05 8.27409e-01 6.03824e-16 4.50282e-02 
4530.00 3.73689e-05 8.28813e-01 6.08324e-16 4.29658e-02 
4531.73 3.71714e-05 8.29050e-01 6.08281e-16 4.27644e-02 
4540.00 3.72061e-05 8.30159e-01 6.04833e-16 4.26963e-02 
4550.00 3.86014e-05 8.31441e-01 5.92678e-16 4.35700e-02 
4554.39 3.93669e-05 8.31980e-01 5.85079e-16 4.39351e-02 
4560.00 4.02440e-05 8.32645e-01 5.73446e-16 4.41104e-02 
4570.00 4.08810e-05 8.33777e-01 5.47285e-16 4.29165e-02 
4577.16 4.02362e-05 8.34560e-01 5.25048e-16 4.06250e-02 
4580.00 3.98350e-05 8.34866e-01 5.15649e-16 3.95389e-02 
4590.00 3.86728e-05 8.35941e-01 4.81085e-16 3.59367e-02 
4600.00 3.89020e-05 8.37035e-01 4.45606e-16 3.36006e-02 
4600.05 3.89053e-05 8.37040e-01 4.45433e-16 3.35911e-02 
4610.00 3.95494e-05 8.38176e-01 4.08392e-16 3.14178e-02 
4620.00 3.94311e-05 8.39379e-01 3.70799e-16 2.85430e-02 
4623.05 3.92934e-05 8.39760e-01 3.59164e-16 2.75815e-02 
4630.00 3.90016e-05 8.40653e-01 3.32521e-16 2.54110e-02 
4640.00 3.89571e-05 8.41969e-01 2.95624e-16 2.26498e-02 
4646.16 3.91430e-05 8.42780e-01 2.74828e-16 2.12054e-02 
4650.00 3.93226e-05 8.43277e-01 2.62528e-16 2.03781e-02 
4660.00 3.99049e-05 8.44476e-01 2.32054e-16 1.83447e-02 
4669.39 4.02977e-05 8.45350e-01 2.04957e-16 1.64121e-02 
4670.00 4.03090e-05 8.45394e-01 2.03186e-16 1.62778e-02 
4680.00 4.01775e-05 8.45943e-01 1.74418e-16 1.39664e-02 
4690.00 3.95040e-05 8.46321e-01 1.50552e-16 1.18839e-02 
4692.74 3.92386e-05 8.46430e-01 1.44381e-16 1.13283e-02 
4700.00 3.85197e-05 8.46775e-01 1.28417e-16 9.91049e-03 
4710.00 3.80554e-05 8.47396e-01 1.08393e-16 8.28798e-03 
4716.20 3.83746e-05 8.47870e-01 9.73200e-17 7.51780e-03 
4720.00 3.87374e-05 8.48191e-01 9.10345e-17 7.10714e-03 
4730.00 3.97755e-05 8.48988e-01 7.63292e-17 6.13751e-03 
4739.79 4.02760e-05 8.49370e-01 6.47748e-17 5.28727e-03 
4740.00 4.02813e-05 8.49371e-01 6.45412e-17 5.26914e-03 
4750.00 4.03886e-05 8.49128e-01 5.43515e-17 4.45719e-03 
4760.00 4.04199e-05 8.48879e-01 4.60430e-17 3.78560e-03 
4763.48 4.04261e-05 8.48940e-01 4.35830e-17 3.58677e-03 
4770.00 4.04279e-05 8.49383e-01 3.94053e-17 3.24923e-03 
4780.00 4.03848e-05 8.50740e-01 3.37465e-17 2.78994e-03 
4787.30 4.02758e-05 8.52070e-01 3.03606e-17 2.51098e-03 
4790.00 4.02106e-05 8.52603e-01 2.92500e-17 2.41809e-03 
4800.00 3.98986e-05 8.54668e-01 2.56444e-17 2.11307e-03 
4810.00 3.97886e-05 8.56726e-01 2.28341e-17 1.88475e-03 
4811.24 3.98096e-05 8.56970e-01 2.25434e-17 1.86275e-03 
4820.00 4.01106e-05 8.58586e-01 2.07618e-17 1.73492e-03 
4830.00 4.03118e-05 8.60127e-01 1.90527e-17 1.60628e-03 
4835.29 4.01246e-05 8.60780e-01 1.82452e-17 1.53390e-03 
4840.00 3.97173e-05 8.61258e-01 1.75462e-17 1.46239e-03 
4850.00 3.79496e-05 8.62083e-01 1.59977e-17 1.27784e-03 
4859.47 3.53664e-05 8.62870e-01 1.49767e-17 1.11806e-03 
4860.00 3.52321e-05 8.62920e-01 1.49844e-17 1.11457e-03 
4870.00 3.38956e-05 8.63987e-01 1.58677e-17 1.13924e-03 
4880.00 3.57379e-05 8.65134e-01 1.50150e-17 1.14046e-03 
4883.77 3.68121e-05 8.65540e-01 1.46764e-17 1.14968e-03 
4890.00 3.83179e-05 8.66149e-01 1.43918e-17 1.17582e-03 
4900.00 3.89629e-05 8.67036e-01 1.42885e-17 1.19068e-03 
4908.19 3.84607e-05 8.67780e-01 1.41887e-17 1.17007e-03 
4910.00 3.83127e-05 8.67957e-01 1.41738e-17 1.16502e-03 
4920.00 3.76503e-05 8.69005e-01 1.41624e-17 1.14766e-03 
4930.00 3.75182e-05 8.70111e-01 1.40553e-17 1.13875e-03 
4932.73 3.76179e-05 8.70410e-01 1.40390e-17 1.14147e-03 
4940.00 3.81103e-05 8.71181e-01 1.40056e-17 1.15639e-03 
4950.00 3.89655e-05 8.72131e-01 1.38947e-17 1.17663e-03 
4957.39 3.94177e-05 8.72710e-01 1.39151e-17 1.19461e-03 
4960.00 3.95029e-05 8.72883e-01 1.39406e-17 1.20025e-03 
4970.00 3.93184e-05 8.73440e-01 1.41050e-17 1.21194e-03 
4980.00 3.82244e-05 8.73949e-01 1.42885e-17 1.19665e-03 
4982.18 3.79087e-05 8.74070e-01 1.42441e-17 1.18376e-03 
4990.00 3.67232e-05 8.74506e-01 1.40247e-17 1.13141e-03 
5000.00 3.54905e-05 8.74658e-01 1.42235e-17 1.11135e-03 
5007.09 3.51516e-05 8.74130e-01 1.42272e-17 1.10191e-03 
5010.00 3.52072e-05 8.73697e-01 1.42044e-17 1.10199e-03 
5020.00 3.61789e-05 8.71347e-01 1.42159e-17 1.13253e-03 
5030.00 3.72038e-05 8.68080e-01 1.42503e-17 1.16537e-03 
5032.12 3.72833e-05 8.67320e-01 1.42431e-17 1.16674e-03 
5040.00 3.72087e-05 8.64502e-01 1.42159e-17 1.16021e-03 
5050.00 3.71424e-05 8.61650e-01 1.42771e-17 1.16159e-03 
5057.29 3.76857e-05 8.60740e-01 1.42384e-17 1.17585e-03 
5060.00 3.79514e-05 8.60758e-01 1.42121e-17 1.18261e-03 
5070.00 3.85515e-05 8.62342e-01 1.41432e-17 1.20006e-03 
5080.00 3.78889e-05 8.65604e-01 1.41662e-17 1.18815e-03 
5082.57 3.76264e-05 8.66600e-01 1.41970e-17 1.18444e-03 
5090.00 3.70621e-05 8.69626e-01 1.42885e-17 1.18003e-03 
5100.00 3.72271e-05 8.73689e-01 1.43230e-17 1.19603e-03 
5107.98 3.75812e-05 8.76550e-01 1.44012e-17 1.21989e-03 
5110.00 3.76180e-05 8.77178e-01 1.43956e-17 1.22196e-03 
5120.00 3.73184e-05 8.79732e-01 1.42427e-17 1.20520e-03 
5130.00 3.67313e-05 8.81552e-01 1.44530e-17 1.20860e-03 
5133.52 3.65807e-05 8.82070e-01 1.45184e-17 1.21063e-03 
5140.00 3.63128e-05 8.82904e-01 1.46212e-17 1.21295e-03 
5150.00 3.54115e-05 8.83945e-01 1.48697e-17 1.20671e-03 
5159.19 3.36786e-05 8.84700e-01 1.49430e-17 1.15636e-03 
5160.00 3.35090e-05 8.84759e-01 1.49424e-17 1.15074e-03 
5170.00 3.17285e-05 8.85423e-01 1.49997e-17 1.09672e-03 
5180.00 3.12976e-05 8.86003e-01 1.53553e-17 1.11034e-03 
5184.99 3.16074e-05 8.86280e-01 1.54370e-17 1.12874e-03 
5190.00 3.22200e-05 8.86558e-01 1.54968e-17 1.15655e-03 
5200.00 3.40197e-05 8.87079e-01 1.57950e-17 1.24778e-03 
5210.00 3.55255e-05 8.87482e-01 1.61468e-17 1.33520e-03 
5210.91 3.56020e-05 8.87510e-01 1.61855e-17 1.34156e-03 
5220.00 3.58747e-05 8.87697e-01 1.65368e-17 1.38388e-03 
5230.00 3.61343e-05 8.87726e-01 1.67127e-17 1.41146e-03 
5236.97 3.68600e-05 8.87650e-01 1.71112e-17 1.47598e-03 
5240.00 3.71868e-05 8.87596e-01 1.72977e-17 1.50607e-03 
5250.00 3.72468e-05 8.87363e-01 1.76838e-17 1.54472e-03 
5260.00 3.49154e-05 8.87134e-01 1.80318e-17 1.47895e-03 
5263.15 3.40849e-05 8.87080e-01 1.81554e-17 1.45445e-03 
5270.00 3.30062e-05 8.87011e-01 1.84906e-17 1.43618e-03 
5280.00 3.42573e-05 8.87001e-01 1.91865e-17 1.54964e-03 
5289.47 3.67667e-05 8.87050e-01 1.98349e-17 1.72254e-03 
5290.00 3.68943e-05 8.87054e-01 1.98709e-17 1.73183e-03 
5300.00 3.84353e-05 8.87147e-01 2.05133e-17 1.86621e-03 
5310.00 3.80833e-05 8.87362e-01 2.10447e-17 1.90106e-03 
5315.92 3.69407e-05 8.87590e-01 2.14702e-17 1.88389e-03 
5320.00 3.59926e-05 8.87802e-01 2.17521e-17 1.86151e-03 
5330.00 3.44391e-05 8.88471e-01 2.23103e-17 1.83169e-03 
5340.00 3.53213e-05 8.89252e-01 2.30980e-17 1.95029e-03 
5342.50 3.57542e-05 8.89450e-01 2.32135e-17 1.98544e-03 
5350.00 3.69079e-05 8.90035e-01 2.35224e-17 2.08106e-03 
5360.00 3.72056e-05 8.90833e-01 2.43406e-17 2.17683e-03 
5369.21 3.68319e-05 8.91650e-01 2.45403e-17 2.17838e-03 
5370.00 3.68033e-05 8.91726e-01 2.45547e-17 2.17847e-03 
5380.00 3.66280e-05 8.92597e-01 2.49944e-17 2.21319e-03 
5390.00 3.63770e-05 8.92703e-01 2.55488e-17 2.25121e-03 
5396.05 3.59844e-05 8.92030e-01 2.57807e-17 2.24795e-03 
5400.00 3.56823e-05 8.91206e-01 2.59044e-17 2.23935e-03 
5410.00 3.51460e-05 8.88384e-01 2.61836e-17 2.22652e-03 
5420.00 3.53790e-05 8.85978e-01 2.63671e-17 2.25504e-03 
5423.03 3.55635e-05 8.85610e-01 2.64568e-17 2.27484e-03 
5430.00 3.60583e-05 8.85638e-01 2.66806e-17 2.32906e-03 
5440.00 3.66766e-05 8.87001e-01 2.68641e-17 2.39336e-03 
5450.00 3.69236e-05 8.88505e-01 2.70630e-17 2.43589e-03 
5450.15 3.69231e-05 8.88520e-01 2.70654e-17 2.43619e-03 
5460.00 3.66610e-05 8.88992e-01 2.71509e-17 2.43221e-03 
5470.00 3.62430e-05 8.89075e-01 2.71700e-17 2.41081e-03 
5477.40 3.60711e-05 8.89510e-01 2.71976e-17 2.40624e-03 
5480.00 3.60403e-05 8.89825e-01 2.72121e-17 2.40746e-03 
5490.00 3.59974e-05 8.91681e-01 2.72618e-17 2.41842e-03 
5500.00 3.59825e-05 8.93888e-01 2.72465e-17 2.42645e-03 
5504.79 3.59802e-05 8.94810e-01 2.72459e-17 2.43085e-03 
5510.00 3.59846e-05 8.95591e-01 2.72388e-17 2.43495e-03 
5520.00 3.60353e-05 8.96545e-01 2.71777e-17 2.43992e-03 
5530.00 3.62161e-05 8.97086e-01 2.72197e-17 2.46189e-03 
5532.31 3.62853e-05 8.97190e-01 2.72650e-17 2.47201e-03 
5540.00 3.65334e-05 8.97536e-01 2.74338e-17 2.50878e-03 
5550.00 3.66433e-05 8.97944e-01 2.75333e-17 2.53115e-03 
5559.97 3.62477e-05 8.98220e-01 2.77583e-17 2.52960e-03 
5560.00 3.62460e-05 8.98220e-01 2.77588e-17 2.52955e-03 
5570.00 3.55693e-05 8.98302e-01 2.78888e-17 2.49866e-03 
5580.00 3.49716e-05 8.98218e-01 2.81603e-17 2.48480e-03 
5587.77 3.47889e-05 8.98070e-01 2.84900e-17 2.50383e-03 
5590.00 3.48083e-05 8.98018e-01 2.85771e-17 2.51375e-03 
5600.00 3.52613e-05 8.97737e-01 2.88791e-17 2.57717e-03 
5610.00 3.58206e-05 8.97367e-01 2.92003e-17 2.65080e-03 
5615.71 3.59584e-05 8.97110e-01 2.93179e-17 2.67367e-03 
5620.00 3.59813e-05 8.96897e-01 2.93877e-17 2.68315e-03 
5630.00 3.59496e-05 8.96416e-01 2.95674e-17 2.70052e-03 
5640.00 3.59842e-05 8.96126e-01 2.97280e-17 2.72176e-03 
5643.79 3.59715e-05 8.96110e-01 2.97973e-17 2.72892e-03 
5650.00 3.58439e-05 8.96179e-01 2.99038e-17 2.73217e-03 
5660.00 3.53421e-05 8.95900e-01 2.99803e-17 2.70476e-03 
5670.00 3.50139e-05 8.94016e-01 2.99688e-17 2.67770e-03 
5672.01 3.50299e-05 8.93330e-01 2.99718e-17 2.67808e-03 
5680.00 3.52902e-05 8.89564e-01 2.99765e-17 2.69081e-03 
5690.00 3.54649e-05 8.83990e-01 2.98733e-17 2.68265e-03 
5700.00 3.49482e-05 8.79824e-01 2.97853e-17 2.62798e-03 
5700.37 3.49267e-05 8.79730e-01 2.97827e-17 2.62601e-03 
5710.00 3.47536e-05 8.78906e-01 2.97088e-17 2.60848e-03 
5720.00 3.57566e-05 8.79974e-01 2.96324e-17 2.68480e-03 
5728.87 3.66374e-05 8.80870e-01 2.96429e-17 2.75899e-03 
5730.00 3.66806e-05 8.80901e-01 2.96324e-17 2.76190e-03 
5740.00 3.62761e-05 8.80356e-01 2.94833e-17 2.72075e-03 
5750.00 3.55531e-05 8.79286e-01 2.96706e-17 2.68488e-03 
5757.52 3.55593e-05 8.78950e-01 2.96568e-17 2.68658e-03 
5760.00 3.56350e-05 8.79035e-01 2.96591e-17 2.69394e-03 
5770.00 3.58361e-05 8.80396e-01 2.98847e-17 2.73872e-03 
5780.00 3.53706e-05 8.83078e-01 3.02518e-17 2.74944e-03 
5786.30 3.49928e-05 8.85260e-01 3.07399e-17 2.77381e-03 
5790.00 3.48609e-05 8.86663e-01 3.10318e-17 2.79580e-03 
5800.00 3.50251e-05 8.90610e-01 3.16741e-17 2.88485e-03 
5810.00 3.55579e-05 8.94213e-01 3.26644e-17 3.03775e-03 
5815.23 3.58036e-05 8.95720e-01 3.30766e-17 3.10535e-03 
5820.00 3.59548e-05 8.96783e-01 3.34903e-17 3.16380e-03 
5830.00 3.59385e-05 8.98442e-01 3.48018e-17 3.29795e-03 
5840.00 3.54573e-05 9.00180e-01 3.59641e-17 3.37475e-03 
5844.31 3.52518e-05 9.01210e-01 3.63813e-17 3.40050e-03 
5850.00 3.51320e-05 9.02828e-01 3.69736e-17 3.45365e-03 
5860.00 3.53810e-05 9.03879e-01 3.82544e-17 3.60896e-03 
5870.00 3.51389e-05 8.98033e-01 3.92639e-17 3.66129e-03 
5873.53 3.46946e-05 8.93310e-01 3.95839e-17 3.62748e-03 
5880.00 3.35992e-05 8.80621e-01 4.01892e-17 3.51988e-03 
5890.00 3.24733e-05 8.55947e-01 4.11336e-17 3.39007e-03 
5900.00 3.33406e-05 8.34414e-01 4.17836e-17 3.45252e-03 
5902.90 3.37891e-05 8.30260e-01 4.19701e-17 3.49881e-03 
5910.00 3.47342e-05 8.25464e-01 4.24412e-17 3.62038e-03 
5920.00 3.49807e-05 8.27776e-01 4.29115e-17 3.70305e-03 
5930.00 3.46251e-05 8.33855e-01 4.29650e-17 3.70318e-03 
5932.41 3.45689e-05 8.35040e-01 4.30061e-17 3.70747e-03 
5940.00 3.45343e-05 8.36981e-01 4.31447e-17 3.72910e-03 
5950.00 3.46428e-05 8.37617e-01 4.29727e-17 3.73500e-03 
5960.00 3.47022e-05 8.39841e-01 4.27203e-17 3.73558e-03 
5962.08 3.47024e-05 8.40880e-01 4.26178e-17 3.73255e-03 
5970.00 3.46653e-05 8.47164e-01 4.20742e-17 3.71343e-03 
5980.00 3.45336e-05 8.58615e-01 4.12139e-17 3.67882e-03 
5990.00 3.43043e-05 8.71167e-01 4.00286e-17 3.60720e-03 
5991.89 3.42500e-05 8.73410e-01 3.98369e-17 3.59460e-03 
6000.00 3.39989e-05 8.82077e-01 3.90880e-17 3.54070e-03 
6010.00 3.37408e-05 8.90700e-01 3.79180e-17 3.44770e-03 
6020.00 3.36560e-05 8.97301e-01 3.67327e-17 3.36181e-03 
6021.85 3.36627e-05 8.98320e-01 3.65085e-17 3.34677e-03 
6030.00 3.37779e-05 9.02157e-01 3.55589e-17 3.28930e-03 
6040.00 3.40719e-05 9.05602e-01 3.46794e-17 3.25362e-03 
6050.00 3.43237e-05 9.07995e-01 3.39224e-17 3.21990e-03 
6051.96 3.43463e-05 9.08370e-01 3.37780e-17 3.21067e-03 
6060.00 3.43253e-05 9.09680e-01 3.33144e-17 3.17345e-03 
6070.00 3.40728e-05 9.10912e-01 3.31730e-17 3.14616e-03 
6080.00 3.36552e-05 9.11902e-01 3.29359e-17 3.09384e-03 
6082.21 3.35646e-05 9.12110e-01 3.28977e-17 3.08375e-03 
6090.00 3.33285e-05 9.12843e-01 3.28365e-17 3.06273e-03 
6100.00 3.32511e-05 9.13780e-01 3.28097e-17 3.06129e-03 
6110.00 3.30248e-05 9.14689e-01 3.28021e-17 3.04775e-03 
6112.63 3.28777e-05 9.14920e-01 3.27798e-17 3.03419e-03 
6120.00 3.23476e-05 9.15547e-01 3.26644e-17 2.98039e-03 
6130.00 3.18605e-05 9.16337e-01 3.24312e-17 2.92183e-03 
6140.00 3.21044e-05 9.17051e-01 3.21024e-17 2.92137e-03 
6143.19 3.22219e-05 9.17260e-01 3.19752e-17 2.92263e-03 
6150.00 3.22795e-05 9.17677e-01 3.17124e-17 2.90833e-03 
6160.00 3.16651e-05 9.18230e-01 3.14333e-17 2.83417e-03 
6170.00 3.11990e-05 9.18732e-01 3.11006e-17 2.76890e-03 
6173.91 3.13244e-05 9.18920e-01 3.09244e-17 2.76659e-03 
6180.00 3.18067e-05 9.19204e-01 3.07144e-17 2.79373e-03 
6190.00 3.27058e-05 9.19588e-01 3.07641e-17 2.88322e-03 
6200.00 3.29619e-05 9.19769e-01 3.09668e-17 2.93023e-03 
6204.77 3.28884e-05 9.19750e-01 3.12340e-17 2.95114e-03 
6210.00 3.27396e-05 9.19643e-01 3.16168e-17 2.97594e-03 
6220.00 3.23875e-05 9.19350e-01 3.24924e-17 3.02938e-03 
6230.00 3.18894e-05 9.19265e-01 3.39530e-17 3.12159e-03 
6235.80 3.15151e-05 9.19460e-01 3.50498e-17 3.18825e-03 
6240.00 3.12591e-05 9.19741e-01 3.59756e-17 3.24906e-03 
6250.00 3.09943e-05 9.20231e-01 3.86750e-17 3.47066e-03 
6260.00 3.14808e-05 9.19070e-01 4.20092e-17 3.83033e-03 
6266.98 3.19886e-05 9.16360e-01 4.48636e-17 4.14894e-03 
6270.00 3.21732e-05 9.14551e-01 4.62342e-17 4.29394e-03 
6280.00 3.24408e-05 9.06838e-01 5.13309e-17 4.77401e-03 
6290.00 3.22443e-05 8.99247e-01 5.74065e-17 5.27069e-03 
6298.31 3.18360e-05 8.95630e-01 6.31889e-17 5.71261e-03 
6300.00 3.17450e-05 8.95393e-01 6.44571e-17 5.81063e-03 
6310.00 3.13155e-05 8.97216e-01 7.28651e-17 6.50321e-03 
6320.00 3.12598e-05 9.02578e-01 8.30509e-17 7.45513e-03 
6329.80 3.13928e-05 9.08620e-01 9.42826e-17 8.56954e-03 
6330.00 3.13954e-05 9.08731e-01 9.45292e-17 8.59397e-03 
6340.00 3.14687e-05 9.13520e-01 1.08382e-16 9.94412e-03 
6350.00 3.14281e-05 9.17025e-01 1.23840e-16 1.14093e-02 
6360.00 3.13060e-05 9.19850e-01 1.40534e-16 1.29570e-02 
6361.45 3.12906e-05 9.20240e-01 1.43025e-16 1.31888e-02 
6370.00 3.12689e-05 9.22509e-01 1.57824e-16 1.45988e-02 
6380.00 3.14126e-05 9.24933e-01 1.74858e-16 1.63171e-02 
6390.00 3.14157e-05 9.26833e-01 1.90183e-16 1.78132e-02 
6393.26 3.13208e-05 9.27290e-01 1.94740e-16 1.82033e-02 
6400.00 3.10239e-05 9.27971e-01 2.03259e-16 1.88531e-02 
6410.00 3.06706e-05 9.28714e-01 2.12845e-16 1.95635e-02 
6420.00 3.07651e-05 9.29812e-01 2.17926e-16 2.01475e-02 
6425.23 3.08802e-05 9.30780e-01 2.18632e-16 2.03261e-02 
6430.00 3.09342e-05 9.31947e-01 2.18133e-16 2.03556e-02 
6440.00 3.07712e-05 9.33909e-01 2.13422e-16 1.98837e-02 
6450.00 3.05202e-05 9.32477e-01 2.03324e-16 1.87887e-02 
6457.35 3.04673e-05 9.27330e-01 1.93519e-16 1.77734e-02 
6460.00 3.04653e-05 9.24364e-01 1.89540e-16 1.73582e-02 
6470.00 3.03996e-05 9.09342e-01 1.72652e-16 1.55451e-02 
6480.00 3.01254e-05 8.92892e-01 1.54192e-16 1.35298e-02 
6489.64 2.99674e-05 8.81390e-01 1.35480e-16 1.16906e-02 
6490.00 2.99691e-05 8.81116e-01 1.34780e-16 1.16278e-02 
6500.00 3.02288e-05 8.78297e-01 1.15727e-16 1.00539e-02 
6510.00 3.05632e-05 8.82171e-01 9.76645e-17 8.62964e-03 
6520.00 3.06032e-05 8.89006e-01 8.15407e-17 7.28142e-03 
6522.09 3.05848e-05 8.90460e-01 7.84155e-17 7.01184e-03 
6530.00 3.05087e-05 8.95396e-01 6.75006e-17 6.06155e-03 
6540.00 3.03807e-05 9.00400e-01 5.57853e-17 5.02405e-03 
6550.00 2.95538e-05 9.04213e-01 4.42612e-17 3.90006e-03 
6554.70 2.87357e-05 9.05650e-01 3.92726e-17 3.37247e-03 
6560.00 2.77042e-05 9.07055e-01 3.53600e-17 2.93440e-03 
6570.00 2.66398e-05 9.09550e-01 3.31118e-17 2.65356e-03 
6580.00 2.78939e-05 9.12701e-01 2.72044e-17 2.29418e-03 
6587.47 2.93746e-05 9.16090e-01 2.34162e-17 2.08963e-03 
6590.00 2.97698e-05 9.17516e-01 2.24594e-17 2.03516e-03 
6600.00 3.03570e-05 9.24196e-01 1.94733e-17 1.81522e-03 
6610.00 3.01197e-05 9.31385e-01 1.67700e-17 1.56545e-03 
6620.00 2.99247e-05 9.37552e-01 1.48009e-17 1.38387e-03 
6620.41 2.99204e-05 9.37760e-01 1.47330e-17 1.37771e-03 
6630.00 2.98726e-05 9.41513e-01 1.32256e-17 1.24151e-03 
6640.00 2.98640e-05 9.43667e-01 1.16809e-17 1.10036e-03 
6650.00 2.97646e-05 9.44861e-01 1.04153e-17 9.80584e-04 
6653.51 2.96852e-05 9.45210e-01 9.99726e-18 9.39558e-04 
6660.00 2.95148e-05 9.45898e-01 9.31030e-18 8.71456e-04 
6670.00 2.93877e-05 9.47044e-01 8.59148e-18 8.02884e-04 
6680.00 2.95894e-05 9.48205e-01 7.89559e-18 7.44943e-04 
6686.78 2.97217e-05 9.48950e-01 7.45574e-18 7.07861e-04 
6690.00 2.97248e-05 9.49282e-01 7.25324e-18 6.89280e-04 
6700.00 2.94384e-05 9.50204e-01 6.68353e-18 6.30574e-04 
6710.00 2.91340e-05 9.50955e-01 6.33559e-18 5.92917e-04 
6720.00 2.92227e-05 9.51520e-01 5.91883e-18 5.56759e-04 
6720.21 2.92272e-05 9.51530e-01 5.91167e-18 5.56194e-04 
6730.00 2.93855e-05 9.51917e-01 5.68177e-18 5.38462e-04 
6740.00 2.92597e-05 9.52294e-01 5.41795e-18 5.12223e-04 
6750.00 2.90369e-05 9.52833e-01 5.18089e-18 4.87078e-04 
6753.81 2.89911e-05 9.53120e-01 5.14377e-18 4.83243e-04 
6760.00 2.89669e-05 9.53687e-01 5.08147e-18 4.77713e-04 
6770.00 2.89760e-05 9.54564e-01 4.84059e-18 4.56303e-04 
6780.00 2.89361e-05 9.54853e-01 4.69912e-18 4.43146e-04 
6787.58 2.88577e-05 9.54300e-01 4.51296e-18 4.24665e-04 
6790.00 2.88242e-05 9.53940e-01 4.44677e-18 4.17942e-04 
6800.00 2.86695e-05 9.52083e-01 4.20971e-18 3.93350e-04 
6810.00 2.86056e-05 9.51269e-01 3.98030e-18 3.71314e-04 
6820.00 2.87079e-05 9.53691e-01 3.75471e-18 3.52934e-04 
6821.52 2.87236e-05 9.54480e-01 3.72602e-18 3.50797e-04 
6830.00 2.87136e-05 9.60444e-01 3.56353e-18 3.37897e-04 
6840.00 2.84082e-05 9.65660e-01 3.29971e-18 3.11690e-04 
6850.00 2.81090e-05 9.60744e-01 3.10853e-18 2.89483e-04 
6855.63 2.80895e-05 9.50290e-01 3.00183e-18 2.76539e-04 
6860.00 2.81375e-05 9.37440e-01 2.91736e-18 2.65745e-04 
6870.00 2.83011e-05 8.98360e-01 2.73383e-18 2.40384e-04 
6880.00 2.83445e-05 8.58923e-01 2.56559e-18 2.16333e-04 
6889.91 2.82764e-05 8.35380e-01 2.49741e-18 2.04614e-04 
6890.00 2.82755e-05 8.35281e-01 2.49677e-18 2.04533e-04 
6900.00 2.81627e-05 8.38075e-01 2.37441e-18 1.94664e-04 
6910.00 2.80549e-05 8.56495e-01 2.20235e-18 1.84087e-04 
6920.00 2.79824e-05 8.74519e-01 2.17941e-18 1.85790e-04 
6924.36 2.79566e-05 8.78180e-01 2.12999e-18 1.82284e-04 
6930.00 2.79215e-05 8.77007e-01 2.05324e-18 1.75403e-04 
6940.00 2.78459e-05 8.64046e-01 2.00353e-18 1.68413e-04 
6950.00 2.77726e-05 8.48592e-01 1.91941e-18 1.58267e-04 
6958.98 2.77297e-05 8.43590e-01 1.91514e-18 1.56945e-04 
6960.00 2.77268e-05 8.44004e-01 1.91559e-18 1.57065e-04 
6970.00 2.77234e-05 8.57829e-01 1.89265e-18 1.57933e-04 
6980.00 2.77361e-05 8.80472e-01 1.84294e-18 1.58144e-04 
6990.00 2.75843e-05 8.99185e-01 1.75500e-18 1.53175e-04 
6993.77 2.74453e-05 9.02600e-01 1.74835e-18 1.52485e-04 
7000.00 2.71640e-05 9.02164e-01 1.75882e-18 1.51888e-04 
7010.00 2.68330e-05 8.90493e-01 1.75882e-18 1.48308e-04 
7020.00 2.69190e-05 8.74594e-01 1.75882e-18 1.46335e-04 
7028.74 2.71416e-05 8.65580e-01 1.71806e-18 1.42818e-04 
7030.00 2.71683e-05 8.65098e-01 1.71294e-18 1.42478e-04 
7040.00 2.72627e-05 8.68640e-01 1.68618e-18 1.41517e-04 
7050.00 2.72072e-05 8.80852e-01 1.64030e-18 1.39515e-04 
7060.00 2.70818e-05 8.95490e-01 1.69765e-18 1.46323e-04 
7063.88 2.70264e-05 9.00490e-01 1.71130e-18 1.48101e-04 
7070.00 2.69418e-05 9.06630e-01 1.70912e-18 1.48584e-04 
7080.00 2.68338e-05 9.12965e-01 1.68618e-18 1.47230e-04 
7090.00 2.67907e-05 9.16638e-01 1.69000e-18 1.48128e-04 
7099.20 2.68114e-05 9.19580e-01 1.69248e-18 1.49130e-04 
7100.00 2.68133e-05 9.19873e-01 1.69382e-18 1.49323e-04 
7110.00 2.67866e-05 9.24079e-01 1.72824e-18 1.53117e-04 
7120.00 2.66141e-05 9.28091e-01 1.76265e-18 1.56053e-04 
7130.00 2.63899e-05 9.30239e-01 1.81235e-18 1.59694e-04 
7134.70 2.63047e-05 9.30130e-01 1.80665e-18 1.58763e-04 
7140.00 2.62348e-05 9.28727e-01 1.78177e-18 1.56041e-04 
7150.00 2.61876e-05 9.19218e-01 1.72441e-18 1.49412e-04 
7160.00 2.62200e-05 8.95033e-01 1.65941e-18 1.40366e-04 
7170.00 2.61183e-05 8.49402e-01 1.64412e-18 1.31654e-04 
7170.37 2.61085e-05 8.47190e-01 1.64532e-18 1.31364e-04 
7180.00 2.57460e-05 7.80034e-01 1.67471e-18 1.21565e-04 
7190.00 2.54610e-05 7.04689e-01 1.59824e-18 1.03792e-04 
7200.00 2.55905e-05 6.46732e-01 1.56382e-18 9.38095e-05 
7206.23 2.57622e-05 6.29750e-01 1.55917e-18 9.17648e-05 
7210.00 2.58443e-05 6.29095e-01 1.54853e-18 9.13818e-05 
7220.00 2.58875e-05 6.55274e-01 1.48735e-18 9.17040e-05 
7230.00 2.58233e-05 7.01976e-01 1.47206e-18 9.71228e-05 
7240.00 2.58200e-05 7.43951e-01 1.47588e-18 1.03327e-04 
7242.26 2.58283e-05 7.50180e-01 1.47773e-18 1.04389e-04 
7250.00 2.58677e-05 7.58915e-01 1.46824e-18 1.05198e-04 
7260.00 2.58929e-05 7.48393e-01 1.38794e-18 9.82973e-05 
7270.00 2.57470e-05 7.25373e-01 1.33824e-18 9.14699e-05 
7278.47 2.54268e-05 7.05800e-01 1.39255e-18 9.15687e-05 
7280.00 2.53637e-05 7.02912e-01 1.39559e-18 9.11854e-05 
7290.00 2.50821e-05 6.91209e-01 1.31530e-18 8.36850e-05 
7300.00 2.51948e-05 6.93185e-01 1.25794e-18 8.07360e-05 
7310.00 2.54021e-05 7.10620e-01 1.24647e-18 8.27999e-05 
7314.86 2.54165e-05 7.25210e-01 1.23121e-18 8.35679e-05 
7320.00 2.53737e-05 7.44996e-01 1.21206e-18 8.44298e-05 
7330.00 2.52491e-05 7.91387e-01 1.20824e-18 8.90870e-05 
7340.00 2.52286e-05 8.38684e-01 1.21971e-18 9.53600e-05 
7350.00 2.52846e-05 8.75527e-01 1.07441e-18 8.80050e-05 
7351.43 2.52939e-05 8.79290e-01 1.06291e-18 8.74862e-05 
7360.00 2.53277e-05 8.92761e-01 1.05912e-18 8.87314e-05 
7370.00 2.52495e-05 8.94856e-01 1.02471e-18 8.59006e-05 
7380.00 2.49833e-05 8.91485e-01 9.67354e-19 8.00440e-05 
7388.19 2.47075e-05 8.91430e-01 9.74773e-19 7.98512e-05 
7390.00 2.46498e-05 8.92315e-01 9.75001e-19 7.97818e-05 
7400.00 2.43988e-05 9.02995e-01 9.52060e-19 7.81399e-05 
7410.00 2.43106e-05 9.19707e-01 9.86471e-19 8.22756e-05 
7420.00 2.44043e-05 9.37270e-01 9.86471e-19 8.42834e-05 
7425.13 2.44751e-05 9.44930e-01 9.90140e-19 8.55951e-05 
7430.00 2.45243e-05 9.50645e-01 9.97942e-19 8.70228e-05 
7440.00 2.45309e-05 9.58259e-01 1.00941e-18 8.88713e-05 
7450.00 2.45204e-05 9.62123e-01 1.01706e-18 8.99881e-05 
7460.00 2.45933e-05 9.64416e-01 1.06294e-18 9.46789e-05 
7462.26 2.46109e-05 9.64940e-01 1.08250e-18 9.65712e-05 
7470.00 2.46288e-05 9.67043e-01 1.11647e-18 9.99957e-05 
7480.00 2.45112e-05 9.69720e-01 1.00559e-18 9.00030e-05 
7490.00 2.43653e-05 9.71109e-01 1.02471e-18 9.14207e-05 
7499.57 2.43270e-05 9.69990e-01 1.10469e-18 9.84133e-05 
7500.00 2.43271e-05 9.69864e-01 1.10500e-18 9.84348e-05 
7510.00 2.43372e-05 9.65741e-01 1.03618e-18 9.20723e-05 
7520.00 2.43159e-05 9.62362e-01 1.01324e-18 8.97594e-05 
7530.00 2.42968e-05 9.64200e-01 9.78824e-19 8.69237e-05 
7537.07 2.43087e-05 9.71080e-01 9.45629e-19 8.46960e-05 
7540.00 2.43144e-05 9.75641e-01 9.32942e-19 8.40044e-05 
7550.00 2.42919e-05 9.93996e-01 9.17648e-19 8.42155e-05 
7560.00 2.41647e-05 1.00436e+00 9.48236e-19 8.75854e-05 
7570.00 2.40281e-05 9.90604e-01 8.87060e-19 8.04622e-05 
7574.75 2.39946e-05 9.70950e-01 8.75031e-19 7.77367e-05 
7580.00 2.39766e-05 9.37524e-01 8.71765e-19 7.47760e-05 
7590.00 2.39423e-05 8.48464e-01 8.41177e-19 6.52909e-05 
7600.00 2.38519e-05 7.44180e-01 8.18236e-19 5.55670e-05 
7610.00 2.37715e-05 6.46097e-01 7.99118e-19 4.70190e-05 
7612.63 2.37642e-05 6.24040e-01 7.79769e-19 4.43158e-05 
7620.00 2.37743e-05 5.74212e-01 7.41765e-19 3.88441e-05 
7630.00 2.38221e-05 5.35537e-01 8.10589e-19 3.97208e-05 
7640.00 2.38361e-05 5.30159e-01 7.57059e-19 3.67949e-05 
7650.00 2.36863e-05 5.58102e-01 7.60883e-19 3.87359e-05 
7650.69 2.36663e-05 5.61260e-01 7.62428e-19 3.90048e-05 
7660.00 2.33252e-05 6.17388e-01 7.53236e-19 4.18279e-05 
7670.00 2.30852e-05 6.96175e-01 7.07354e-19 4.38941e-05 
7680.00 2.32394e-05 7.79594e-01 8.18236e-19 5.73134e-05 
7688.94 2.34351e-05 8.45970e-01 7.97905e-19 6.12299e-05 
7690.00 2.34443e-05 8.52778e-01 7.87648e-19 6.09614e-05 
7700.00 2.33454e-05 9.05228e-01 7.07354e-19 5.79442e-05 
7710.00 2.31605e-05 9.39210e-01 7.53236e-19 6.35944e-05 
7720.00 2.31464e-05 9.59309e-01 7.03530e-19 6.07107e-05 
7727.39 2.31583e-05 9.67930e-01 7.07907e-19 6.17280e-05 
7730.00 2.31441e-05 9.70102e-01 7.07354e-19 6.18012e-05 
7740.00 2.29806e-05 9.75244e-01 6.65295e-19 5.80970e-05 
7750.00 2.28439e-05 9.76660e-01 7.03530e-19 6.12381e-05 
7760.00 2.29256e-05 9.76079e-01 6.84412e-19 5.98284e-05 
7766.03 2.30206e-05 9.75490e-01 6.32373e-19 5.55182e-05 
7770.00 2.30702e-05 9.75212e-01 6.04118e-19 5.31639e-05 
7780.00 2.30923e-05 9.74974e-01 6.04118e-19 5.32704e-05 
7790.00 2.30318e-05 9.75236e-01 6.11765e-19 5.38869e-05 
7800.00 2.29626e-05 9.75798e-01 5.73530e-19 5.04608e-05 
7804.86 2.29225e-05 9.76120e-01 5.81383e-19 5.11112e-05 
7810.00 2.28691e-05 9.76457e-01 6.00295e-19 5.27036e-05 
7820.00 2.27316e-05 9.76905e-01 6.07942e-19 5.31465e-05 
7830.00 2.26030e-05 9.76733e-01 5.77353e-19 5.02422e-05 
7840.00 2.25412e-05 9.75525e-01 5.23824e-19 4.54611e-05 
7843.88 2.25371e-05 9.74690e-01 5.35657e-19 4.64628e-05 
7850.00 2.25517e-05 9.72884e-01 5.73530e-19 4.97266e-05 
7860.00 2.26136e-05 9.68610e-01 5.96471e-19 5.16956e-05 
7870.00 2.26523e-05 9.62654e-01 6.04118e-19 5.21917e-05 
7880.00 2.26028e-05 9.54969e-01 5.81177e-19 4.97634e-05 
7883.10 2.25729e-05 9.52230e-01 5.82108e-19 4.96538e-05 
7890.00 2.24932e-05 9.45593e-01 5.88824e-19 4.97441e-05 
7900.00 2.23602e-05 9.35437e-01 5.69706e-19 4.73906e-05 
7910.00 2.21828e-05 9.25945e-01 5.69706e-19 4.65964e-05 
7920.00 2.19509e-05 9.18570e-01 5.58236e-19 4.48776e-05 
7922.51 2.18937e-05 9.17220e-01 5.61077e-19 4.49367e-05 
7930.00 2.17555e-05 9.14763e-01 5.96471e-19 4.73874e-05 
7940.00 2.16889e-05 9.15974e-01 6.42353e-19 5.10082e-05 
7950.00 2.17469e-05 9.23657e-01 5.27647e-19 4.24171e-05 
7960.00 2.18903e-05 9.39261e-01 5.42942e-19 4.47330e-05 
7962.13 2.19246e-05 9.43740e-01 5.48163e-19 4.54617e-05 
7970.00 2.20391e-05 9.64239e-01 5.46765e-19 4.66189e-05 
7980.00 2.21028e-05 1.00004e+00 5.31471e-19 4.71924e-05 
7990.00 2.19909e-05 1.04812e+00 4.89412e-19 4.53732e-05 
8000.00 2.16128e-05 1.10993e+00 5.23824e-19 5.06064e-05 
