##### EXOPHOT SPECTRAL OVERLAP FILE #####
# Date: 02/12/2021 11:19:11
# SED file: SED_a5v.txt
# atmosphere file: atm_a5v_hzm_os2.txt
# photopigment file: phot2s.txt
# Stellar radius (Rs in km): 1.183778e+06
# Exoplanet orbit semi-major axis (sma in km): 5.183426e+08
# Total absorption rate (gamma_t in s-1): 3.13325e+00
# B band absorption rate (gamma_B in s-1): 1.59637e+00
# Q band absorption rate (gamma_Q in s-1): 1.53688e+00
# B-Q bands cut-off (in nm): 500
# photosynthetic photon flux density [ppfd in micromol photon m-2 s-1]: 2.14682e+03
# Total Stellar Irradiance (S in W m-2): 1.37004e+03
# -------------------------------------------------
# Col 1: Wavelength (wl in Angstrom) 
# Col 2: Spectral Flux Density (F_l in J cm-2 s-1 A-1) 
# Col 3: Atmosphere transmitance (T, no units) 
# Col 4: Pigment absorption cross section (sigma_abs in cm-2) 
# Col 5: Spectral Absorption Rate (Gamma_lambda in A-1 s-1)
2505.65 5.50224e-06 3.80767e-02 5.68047e-19 1.50116e-07 
2513.00 1.06490e-05 3.88994e-02 5.54211e-19 2.90430e-07 
2515.76 1.09916e-05 3.92100e-02 5.47350e-19 2.98756e-07 
2516.83 1.09734e-05 3.93312e-02 5.44451e-19 2.97725e-07 
2518.00 1.08807e-05 3.94633e-02 5.41154e-19 2.94543e-07 
2525.00 9.68569e-06 4.02585e-02 5.18529e-19 2.57008e-07 
2528.02 9.37126e-06 4.06034e-02 5.07387e-19 2.45699e-07 
2528.34 9.34995e-06 4.06400e-02 5.06162e-19 2.44799e-07 
2535.00 9.07097e-06 4.14066e-02 4.78859e-19 2.29526e-07 
2539.21 8.78809e-06 4.18941e-02 4.60125e-19 2.16544e-07 
2540.98 8.69381e-06 4.21000e-02 4.51960e-19 2.11600e-07 
2545.00 8.74682e-06 4.25694e-02 4.32893e-19 2.06509e-07 
2550.40 9.55045e-06 4.32036e-02 4.06394e-19 2.15290e-07 
2553.68 1.00386e-05 4.35900e-02 3.89990e-19 2.19383e-07 
2555.00 1.01470e-05 4.37455e-02 3.83359e-19 2.18873e-07 
2561.61 9.94682e-06 4.45342e-02 3.49956e-19 1.99907e-07 
2565.00 9.93218e-06 4.49494e-02 3.32866e-19 1.91888e-07 
2566.45 1.00597e-05 4.51300e-02 3.25601e-19 1.90983e-07 
2572.81 1.11581e-05 4.59515e-02 2.94274e-19 1.95422e-07 
2575.00 1.14877e-05 4.62488e-02 2.83764e-19 1.95430e-07 
2579.28 1.17364e-05 4.68600e-02 2.63666e-19 1.88285e-07 
2584.03 1.16173e-05 4.75849e-02 2.42314e-19 1.74250e-07 
2585.00 1.15740e-05 4.77388e-02 2.38061e-19 1.71169e-07 
2592.18 1.12587e-05 4.89000e-02 2.08289e-19 1.49642e-07 
2595.00 1.11219e-05 4.93593e-02 1.97433e-19 1.41589e-07 
2595.24 1.11093e-05 4.93991e-02 1.96516e-19 1.40898e-07 
2605.00 1.03505e-05 5.09966e-02 1.63320e-19 1.13050e-07 
2605.14 1.03339e-05 5.10200e-02 1.62891e-19 1.12630e-07 
2606.47 1.01710e-05 5.12400e-02 1.58943e-19 1.08690e-07 
2615.00 9.76204e-06 5.26770e-02 1.37108e-19 9.28155e-08 
2617.70 1.02294e-05 5.31390e-02 1.31590e-19 9.42597e-08 
2618.17 1.03367e-05 5.32200e-02 1.30700e-19 9.47664e-08 
2625.00 1.18524e-05 5.44081e-02 1.20385e-19 1.02587e-07 
2628.93 1.20396e-05 5.50993e-02 1.16847e-19 1.02584e-07 
2631.26 1.20340e-05 5.55100e-02 1.15653e-19 1.02335e-07 
2635.00 1.22615e-05 5.61728e-02 1.15256e-19 1.05302e-07 
2640.17 1.35384e-05 5.70950e-02 1.18099e-19 1.21330e-07 
2644.41 1.48095e-05 5.78600e-02 1.23697e-19 1.41101e-07 
2645.00 1.49564e-05 5.79664e-02 1.24724e-19 1.43980e-07 
2651.42 1.56665e-05 5.91426e-02 1.40423e-19 1.73665e-07 
2655.00 1.52479e-05 5.98077e-02 1.53095e-19 1.86602e-07 
2657.64 1.45591e-05 6.03000e-02 1.64433e-19 1.93134e-07 
2662.67 1.30961e-05 6.12462e-02 1.91353e-19 2.05729e-07 
2665.00 1.27237e-05 6.16881e-02 2.06410e-19 2.17354e-07 
2670.92 1.32186e-05 6.28200e-02 2.52992e-19 2.82473e-07 
2673.92 1.37642e-05 6.33985e-02 2.81651e-19 3.30836e-07 
2675.00 1.39263e-05 6.36071e-02 2.92850e-19 3.49327e-07 
2684.28 1.39054e-05 6.54200e-02 4.11957e-19 5.06403e-07 
2685.00 1.38186e-05 6.55618e-02 4.23086e-19 5.18098e-07 
2685.18 1.37949e-05 6.55982e-02 4.25986e-19 5.21078e-07 
2695.00 1.27012e-05 6.75464e-02 6.10507e-19 7.10591e-07 
2696.45 1.27510e-05 6.78382e-02 6.43403e-19 7.55468e-07 
2697.70 1.28464e-05 6.80900e-02 6.72956e-19 7.99411e-07 
2705.00 1.34281e-05 6.95795e-02 8.71259e-19 1.10850e-06 
2707.72 1.32415e-05 7.01416e-02 9.57418e-19 1.21211e-06 
2711.19 1.27288e-05 7.08600e-02 1.07745e-18 1.32638e-06 
2715.00 1.21493e-05 7.16543e-02 1.22402e-18 1.45638e-06 
2719.00 1.18885e-05 7.24937e-02 1.39558e-18 1.64632e-06 
2724.74 1.23714e-05 7.37100e-02 1.67597e-18 2.09634e-06 
2725.00 1.24188e-05 7.37644e-02 1.68943e-18 2.12304e-06 
2730.29 1.35703e-05 7.48996e-02 1.98835e-18 2.77774e-06 
2735.00 1.37012e-05 7.59230e-02 2.28920e-18 3.27866e-06 
2738.37 1.26249e-05 7.66600e-02 2.52528e-18 3.36915e-06 
2741.58 1.11932e-05 7.73656e-02 2.76717e-18 3.30720e-06 
2745.00 1.00317e-05 7.81235e-02 3.04477e-18 3.29743e-06 
2752.06 1.03693e-05 7.97000e-02 3.68279e-18 4.21664e-06 
2752.87 1.05183e-05 7.98819e-02 3.76178e-18 4.38022e-06 
2755.00 1.08739e-05 8.03622e-02 3.97568e-18 4.81827e-06 
2764.17 1.15230e-05 8.24503e-02 4.99688e-18 6.60609e-06 
2765.00 1.16100e-05 8.26411e-02 5.09761e-18 6.80793e-06 
2765.82 1.17156e-05 8.28300e-02 5.19852e-18 7.02390e-06 
2775.00 1.33236e-05 8.49607e-02 6.42038e-18 1.01529e-05 
2775.47 1.33812e-05 8.50717e-02 6.48828e-18 1.03197e-05 
2779.65 1.35029e-05 8.60500e-02 7.10475e-18 1.15515e-05 
2785.00 1.20892e-05 8.73104e-02 7.94587e-18 1.17585e-05 
2786.79 1.10926e-05 8.77334e-02 8.23921e-18 1.12489e-05 
2793.55 6.75031e-06 8.93500e-02 9.40499e-18 7.97730e-06 
2795.00 6.13155e-06 8.97009e-02 9.66629e-18 7.48052e-06 
2798.10 5.61920e-06 9.04551e-02 1.02370e-17 7.32937e-06 
2805.00 7.73666e-06 9.21485e-02 1.15629e-17 1.16403e-05 
2807.52 9.28798e-06 9.27700e-02 1.20644e-17 1.46920e-05 
2809.42 1.05683e-05 9.32424e-02 1.24507e-17 1.73521e-05 
2815.00 1.38034e-05 9.46277e-02 1.36054e-17 2.51835e-05 
2820.75 1.49696e-05 9.60681e-02 1.48306e-17 3.02857e-05 
2821.55 1.49875e-05 9.62700e-02 1.50036e-17 3.07487e-05 
2825.00 1.48558e-05 9.71417e-02 1.57524e-17 3.23288e-05 
2832.08 1.42730e-05 9.89500e-02 1.73088e-17 3.48520e-05 
2835.00 1.40562e-05 9.96996e-02 1.79521e-17 3.59049e-05 
2835.66 1.40157e-05 9.98700e-02 1.80980e-17 3.61626e-05 
2843.42 1.35051e-05 1.01883e-01 1.98024e-17 3.90018e-05 
2845.00 1.33128e-05 1.02295e-01 2.01452e-17 3.92918e-05 
2849.84 1.25255e-05 1.03570e-01 2.11849e-17 3.94274e-05 
2854.77 1.21936e-05 1.04883e-01 2.22186e-17 4.08361e-05 
2855.00 1.22075e-05 1.04945e-01 2.22666e-17 4.09988e-05 
2864.09 1.39695e-05 1.07390e-01 2.40767e-17 5.20778e-05 
2865.00 1.40849e-05 1.07636e-01 2.42500e-17 5.30237e-05 
2866.12 1.41639e-05 1.07937e-01 2.44601e-17 5.39547e-05 
2875.00 1.36899e-05 1.10341e-01 2.60310e-17 5.69098e-05 
2877.47 1.37004e-05 1.11014e-01 2.64331e-17 5.82362e-05 
2878.41 1.37352e-05 1.11270e-01 2.65812e-17 5.88660e-05 
2885.00 1.39067e-05 1.13084e-01 2.75510e-17 6.29265e-05 
2888.83 1.35775e-05 1.14149e-01 2.80538e-17 6.32310e-05 
2892.80 1.31709e-05 1.15260e-01 2.85237e-17 6.30583e-05 
2895.00 1.30927e-05 1.15879e-01 2.87611e-17 6.35934e-05 
2900.20 1.35973e-05 1.17351e-01 2.92549e-17 6.81539e-05 
2907.27 1.49531e-05 1.19370e-01 2.97691e-17 7.77676e-05 
2910.00 1.53634e-05 1.20156e-01 2.99184e-17 8.09070e-05 
2911.57 1.55129e-05 1.20608e-01 2.99914e-17 8.22465e-05 
2921.80 1.52742e-05 1.23570e-01 3.02395e-17 8.39499e-05 
2922.95 1.51701e-05 1.23903e-01 3.02428e-17 8.36443e-05 
2930.00 1.45243e-05 1.25965e-01 3.01567e-17 8.13801e-05 
2934.33 1.42883e-05 1.27247e-01 3.00152e-17 8.06127e-05 
2936.41 1.42285e-05 1.27870e-01 2.99239e-17 8.04798e-05 
2945.72 1.42710e-05 1.30702e-01 2.93397e-17 8.11529e-05 
2950.00 1.43975e-05 1.32008e-01 2.89802e-17 8.17968e-05 
2951.09 1.44347e-05 1.32340e-01 2.88800e-17 8.19600e-05 
2957.11 1.46532e-05 1.34154e-01 2.82695e-17 8.27270e-05 
2965.85 1.49417e-05 1.36780e-01 2.72262e-17 8.30771e-05 
2968.51 1.50048e-05 1.37588e-01 2.68760e-17 8.29156e-05 
2970.00 1.50323e-05 1.38041e-01 2.66745e-17 8.27581e-05 
2979.92 1.50929e-05 1.41103e-01 2.52431e-17 8.06452e-05 
2980.68 1.50928e-05 1.41340e-01 2.51280e-17 8.04325e-05 
2990.00 1.51160e-05 1.44284e-01 2.36744e-17 7.77193e-05 
2991.33 1.51296e-05 1.44709e-01 2.34628e-17 7.73551e-05 
2995.58 1.51921e-05 1.46080e-01 2.27809e-17 7.62401e-05 
3002.74 1.53218e-05 1.48418e-01 2.16299e-17 7.43523e-05 
3010.00 1.54070e-05 1.50789e-01 2.04812e-17 7.20996e-05 
3010.56 1.54091e-05 1.50970e-01 2.03942e-17 7.19025e-05 
3014.16 1.54050e-05 1.52134e-01 1.98389e-17 7.05497e-05 
3025.59 1.52777e-05 1.55804e-01 1.81817e-17 6.59180e-05 
3025.61 1.52775e-05 1.55810e-01 1.81791e-17 6.59105e-05 
3030.00 1.52244e-05 1.57238e-01 1.75974e-17 6.42560e-05 
3037.02 1.51780e-05 1.59558e-01 1.67474e-17 6.20087e-05 
3040.74 1.51698e-05 1.60800e-01 1.63442e-17 6.10286e-05 
3048.46 1.51742e-05 1.63409e-01 1.56238e-17 5.94530e-05 
3050.00 1.51769e-05 1.63929e-01 1.55014e-17 5.92148e-05 
3055.94 1.51907e-05 1.65930e-01 1.50996e-17 5.85512e-05 
3059.91 1.52079e-05 1.67250e-01 1.48997e-17 5.83778e-05 
3070.00 1.53131e-05 1.70608e-01 1.46675e-17 5.92215e-05 
3071.22 1.53341e-05 1.71020e-01 1.46687e-17 5.94743e-05 
3071.36 1.53365e-05 1.71065e-01 1.46692e-17 5.95043e-05 
3082.81 1.55476e-05 1.74999e-01 1.50359e-17 6.34890e-05 
3086.58 1.55812e-05 1.76310e-01 1.53062e-17 6.53351e-05 
3090.00 1.55765e-05 1.77502e-01 1.56225e-17 6.71900e-05 
3094.27 1.55144e-05 1.78993e-01 1.61175e-17 6.97192e-05 
3102.01 1.53003e-05 1.81700e-01 1.73192e-17 7.51881e-05 
3105.74 1.51832e-05 1.83007e-01 1.80498e-17 7.84136e-05 
3110.00 1.50644e-05 1.84504e-01 1.90150e-17 8.27436e-05 
3117.21 1.49426e-05 1.87041e-01 2.09891e-17 9.20545e-05 
3117.52 1.49397e-05 1.87150e-01 2.10842e-17 9.25172e-05 
3128.69 1.49681e-05 1.91095e-01 2.51131e-17 1.13136e-04 
3130.00 1.49879e-05 1.91561e-01 2.56680e-17 1.16120e-04 
3133.11 1.50479e-05 1.92670e-01 2.70579e-17 1.23732e-04 
3140.17 1.52289e-05 1.95210e-01 3.06193e-17 1.43893e-04 
3148.77 1.54612e-05 1.98320e-01 3.57747e-17 1.73880e-04 
3150.00 1.54895e-05 1.98763e-01 3.65869e-17 1.78621e-04 
3151.66 1.55245e-05 1.99363e-01 3.77206e-17 1.85227e-04 
3163.16 1.55892e-05 2.03516e-01 4.66383e-17 2.35618e-04 
3164.52 1.55683e-05 2.04010e-01 4.78262e-17 2.41985e-04 
3170.00 1.54013e-05 2.06004e-01 5.28991e-17 2.67832e-04 
3174.66 1.51531e-05 2.07705e-01 5.75921e-17 2.89689e-04 
3180.34 1.48010e-05 2.09790e-01 6.38215e-17 3.17278e-04 
3186.16 1.45119e-05 2.11933e-01 7.07879e-17 3.49198e-04 
3190.00 1.44275e-05 2.13350e-01 7.57189e-17 3.74285e-04 
3196.24 1.45247e-05 2.15660e-01 8.43268e-17 4.25016e-04 
3197.67 1.45737e-05 2.16190e-01 8.64029e-17 4.38220e-04 
3209.19 1.49187e-05 2.20469e-01 1.04570e-16 5.55656e-04 
3210.00 1.49197e-05 2.20771e-01 1.05946e-16 5.63916e-04 
3212.22 1.48957e-05 2.21600e-01 1.09791e-16 5.86038e-04 
3220.71 1.45759e-05 2.24771e-01 1.25364e-16 6.65925e-04 
3228.29 1.42805e-05 2.27610e-01 1.40457e-16 7.41944e-04 
3230.00 1.42498e-05 2.28254e-01 1.44029e-16 7.61733e-04 
3232.24 1.42411e-05 2.29096e-01 1.48784e-16 7.89846e-04 
3243.78 1.45734e-05 2.33444e-01 1.74741e-16 9.70758e-04 
3244.43 1.46013e-05 2.33690e-01 1.76279e-16 9.82411e-04 
3250.00 1.48276e-05 2.35799e-01 1.89738e-16 1.08536e-03 
3255.32 1.49817e-05 2.37814e-01 2.03053e-16 1.18556e-03 
3260.65 1.50762e-05 2.39840e-01 2.16855e-16 1.28709e-03 
3266.86 1.51330e-05 2.42202e-01 2.33433e-16 1.40709e-03 
3270.00 1.51481e-05 2.43398e-01 2.42002e-16 1.46880e-03 
3276.95 1.51689e-05 2.46050e-01 2.61370e-16 1.60926e-03 
3278.41 1.51734e-05 2.46608e-01 2.65497e-16 1.63959e-03 
3289.97 1.52550e-05 2.51036e-01 2.98760e-16 1.89490e-03 
3290.00 1.52555e-05 2.51048e-01 2.98853e-16 1.89566e-03 
3293.34 1.53051e-05 2.52330e-01 3.08600e-16 1.97589e-03 
3301.53 1.54402e-05 2.55481e-01 3.32658e-16 2.18096e-03 
3309.80 1.54955e-05 2.58670e-01 3.56940e-16 2.38381e-03 
3310.00 1.54948e-05 2.58746e-01 3.57514e-16 2.38837e-03 
3313.10 1.54691e-05 2.59942e-01 3.66554e-16 2.45832e-03 
3324.67 1.52300e-05 2.64419e-01 3.99766e-16 2.69445e-03 
3326.35 1.51906e-05 2.65070e-01 4.04488e-16 2.72729e-03 
3330.00 1.51135e-05 2.66485e-01 4.14625e-16 2.79938e-03 
3336.25 1.50228e-05 2.68913e-01 4.31589e-16 2.92829e-03 
3342.98 1.49640e-05 2.71530e-01 4.49168e-16 3.07137e-03 
3347.84 1.49288e-05 2.73418e-01 4.61320e-16 3.17352e-03 
3350.00 1.49112e-05 2.74260e-01 4.66583e-16 3.21790e-03 
3359.43 1.48158e-05 2.77934e-01 4.88289e-16 3.40041e-03 
3359.70 1.48129e-05 2.78040e-01 4.88882e-16 3.40547e-03 
3370.00 1.47323e-05 2.82067e-01 5.09946e-16 3.59502e-03 
3371.02 1.47289e-05 2.82468e-01 5.11879e-16 3.61403e-03 
3376.50 1.47269e-05 2.84610e-01 5.21680e-16 3.71668e-03 
3382.63 1.47493e-05 2.87009e-01 5.31557e-16 3.83172e-03 
3390.00 1.47943e-05 2.89895e-01 5.41823e-16 3.96567e-03 
3393.38 1.48165e-05 2.91220e-01 5.45918e-16 4.02392e-03 
3394.23 1.48221e-05 2.91555e-01 5.46890e-16 4.03826e-03 
3405.85 1.48999e-05 2.96113e-01 5.57561e-16 4.21775e-03 
3410.00 1.49290e-05 2.97744e-01 5.60203e-16 4.27459e-03 
3410.35 1.49314e-05 2.97880e-01 5.60396e-16 4.27917e-03 
3417.47 1.49808e-05 3.00678e-01 5.63379e-16 4.36580e-03 
3427.40 1.50240e-05 3.04580e-01 5.64457e-16 4.45662e-03 
3429.09 1.50257e-05 3.05245e-01 5.64285e-16 4.46771e-03 
3430.00 1.50258e-05 3.05602e-01 5.64150e-16 4.47306e-03 
3440.72 1.49832e-05 3.09818e-01 5.60347e-16 4.50548e-03 
3444.54 1.49537e-05 3.11320e-01 5.58031e-16 4.50472e-03 
3450.00 1.49040e-05 3.13475e-01 5.53861e-16 4.49417e-03 
3452.36 1.48811e-05 3.14406e-01 5.51756e-16 4.48653e-03 
3461.76 1.47861e-05 3.18100e-01 5.41628e-16 4.43956e-03 
3464.00 1.47635e-05 3.18977e-01 5.38813e-16 4.42474e-03 
3470.00 1.47050e-05 3.21312e-01 5.30576e-16 4.37917e-03 
3475.65 1.46569e-05 3.23509e-01 5.21912e-16 4.32999e-03 
3479.07 1.46370e-05 3.24840e-01 5.16272e-16 4.29919e-03 
3487.30 1.46424e-05 3.28063e-01 5.01525e-16 4.22937e-03 
3490.00 1.46670e-05 3.29121e-01 4.96369e-16 4.20968e-03 
3496.46 1.47723e-05 3.31660e-01 4.83405e-16 4.16874e-03 
3498.96 1.48211e-05 3.32643e-01 4.78176e-16 4.15251e-03 
3510.00 1.49706e-05 3.36979e-01 4.53865e-16 4.04576e-03 
3510.63 1.49718e-05 3.37226e-01 4.52425e-16 4.03691e-03 
3513.95 1.49623e-05 3.38530e-01 4.44749e-16 3.98500e-03 
3522.30 1.48882e-05 3.41817e-01 4.24847e-16 3.83371e-03 
3530.00 1.48861e-05 3.44845e-01 4.05936e-16 3.70307e-03 
3531.51 1.49060e-05 3.45440e-01 4.02165e-16 3.68149e-03 
3533.98 1.49521e-05 3.46406e-01 3.96009e-16 3.64905e-03 
3545.66 1.52054e-05 3.50984e-01 3.66458e-16 3.49085e-03 
3549.17 1.52210e-05 3.52360e-01 3.57513e-16 3.42589e-03 
3550.00 1.52162e-05 3.52684e-01 3.55405e-16 3.40854e-03 
3557.35 1.50391e-05 3.55563e-01 3.36704e-16 3.22430e-03 
3566.92 1.46622e-05 3.59310e-01 3.12526e-16 2.95646e-03 
3569.04 1.45922e-05 3.60140e-01 3.07209e-16 2.90069e-03 
3570.00 1.45651e-05 3.60515e-01 3.04818e-16 2.87652e-03 
3580.74 1.44424e-05 3.64707e-01 2.78380e-16 2.64312e-03 
3584.75 1.44478e-05 3.66270e-01 2.68717e-16 2.56614e-03 
3590.00 1.44607e-05 3.68313e-01 2.56279e-16 2.46682e-03 
3592.45 1.44616e-05 3.69265e-01 2.50561e-16 2.41982e-03 
3602.68 1.44560e-05 3.73240e-01 2.27312e-16 2.22437e-03 
3604.16 1.44596e-05 3.73815e-01 2.24035e-16 2.19713e-03 
3610.00 1.45019e-05 3.76080e-01 2.11363e-16 2.09491e-03 
3615.88 1.45932e-05 3.78356e-01 1.99019e-16 2.00023e-03 
3620.69 1.46629e-05 3.80220e-01 1.89222e-16 1.92283e-03 
3627.60 1.46637e-05 3.82895e-01 1.75672e-16 1.80122e-03 
3630.00 1.46163e-05 3.83824e-01 1.71108e-16 1.75417e-03 
3638.79 1.44020e-05 3.87220e-01 1.55039e-16 1.58381e-03 
3639.33 1.44064e-05 3.87426e-01 1.54095e-16 1.57571e-03 
3640.00 1.44176e-05 3.87685e-01 1.52914e-16 1.56619e-03 
3650.00 1.50038e-05 3.91528e-01 1.36053e-16 1.46854e-03 
3651.06 1.50582e-05 3.91936e-01 1.34339e-16 1.45725e-03 
3656.99 1.52046e-05 3.94210e-01 1.25064e-16 1.38001e-03 
3662.80 1.51416e-05 3.96443e-01 1.16410e-16 1.28849e-03 
3670.00 1.48859e-05 3.99203e-01 1.06316e-16 1.16722e-03 
3674.55 1.46792e-05 4.00944e-01 1.00277e-16 1.09173e-03 
3675.27 1.46461e-05 4.01220e-01 9.93425e-17 1.08007e-03 
3686.30 1.42659e-05 4.05420e-01 8.58780e-17 9.21725e-04 
3690.00 1.42441e-05 4.06825e-01 8.16939e-17 8.79393e-04 
3693.65 1.42975e-05 4.08210e-01 7.77230e-17 8.43475e-04 
3698.06 1.44270e-05 4.09884e-01 7.31266e-17 8.05027e-04 
3709.82 1.47082e-05 4.14343e-01 6.19194e-17 7.04731e-04 
3710.00 1.47080e-05 4.14409e-01 6.17627e-17 7.03082e-04 
3712.12 1.46902e-05 4.15210e-01 5.99054e-17 6.82819e-04 
3721.59 1.45493e-05 4.18785e-01 5.21410e-17 5.95202e-04 
3730.00 1.49743e-05 4.21946e-01 4.59663e-17 5.45350e-04 
3730.68 1.50550e-05 4.22200e-01 4.54963e-17 5.43109e-04 
3733.37 1.54483e-05 4.23210e-01 4.36692e-17 5.36581e-04 
3745.15 1.77824e-05 4.27619e-01 3.63795e-17 5.21551e-04 
3749.33 1.84869e-05 4.29180e-01 3.40541e-17 5.09976e-04 
3750.00 1.85778e-05 4.29430e-01 3.36940e-17 5.07451e-04 
3756.94 1.91667e-05 4.32013e-01 3.01485e-17 4.72135e-04 
3768.08 1.97055e-05 4.36150e-01 2.51267e-17 4.09639e-04 
3768.73 1.97578e-05 4.36392e-01 2.48565e-17 4.06607e-04 
3770.00 1.98743e-05 4.36862e-01 2.43381e-17 4.01040e-04 
3780.53 2.16445e-05 4.40755e-01 2.03903e-17 3.70207e-04 
3786.92 2.33619e-05 4.43110e-01 1.82794e-17 3.60737e-04 
3790.00 2.43461e-05 4.44243e-01 1.73320e-17 3.57652e-04 
3792.33 2.51473e-05 4.45101e-01 1.66438e-17 3.55657e-04 
3804.14 2.84559e-05 4.49426e-01 1.35197e-17 3.31115e-04 
3805.85 2.86222e-05 4.50050e-01 1.31141e-17 3.23652e-04 
3810.00 2.84524e-05 4.51563e-01 1.21744e-17 3.00008e-04 
3815.96 2.67330e-05 4.53733e-01 1.09297e-17 2.54673e-04 
3824.88 2.33115e-05 4.56970e-01 9.28023e-18 1.90352e-04 
3827.78 2.26510e-05 4.58020e-01 8.79456e-18 1.75815e-04 
3830.00 2.24712e-05 4.58821e-01 8.43905e-18 1.67759e-04 
3839.61 2.52105e-05 4.62288e-01 7.04414e-18 1.58684e-04 
3844.01 2.77364e-05 4.63870e-01 6.47925e-18 1.61317e-04 
3850.00 3.16237e-05 4.66025e-01 5.77568e-18 1.64971e-04 
3851.45 3.25503e-05 4.66544e-01 5.61688e-18 1.65383e-04 
3863.23 3.74316e-05 4.70760e-01 4.46447e-18 1.52996e-04 
3863.29 3.74357e-05 4.70781e-01 4.45931e-18 1.52846e-04 
3870.00 3.58291e-05 4.73170e-01 3.90505e-18 1.28977e-04 
3875.13 3.16271e-05 4.74989e-01 3.52540e-18 1.03314e-04 
3882.54 2.41998e-05 4.77610e-01 3.03725e-18 6.86128e-05 
3886.98 2.11651e-05 4.79178e-01 2.77585e-18 5.50871e-05 
3890.00 2.05252e-05 4.80242e-01 2.61039e-18 5.03878e-05 
3898.84 2.59552e-05 4.83349e-01 2.17743e-18 5.36154e-05 
3901.96 2.91500e-05 4.84440e-01 2.04172e-18 5.66345e-05 
3910.00 3.57938e-05 4.87246e-01 1.72740e-18 5.92991e-05 
3910.70 3.60753e-05 4.87491e-01 1.70221e-18 5.89343e-05 
3921.46 3.48281e-05 4.91230e-01 1.35827e-18 4.58747e-05 
3922.57 3.44222e-05 4.91615e-01 1.32693e-18 4.43410e-05 
3930.00 3.26902e-05 4.94192e-01 1.13429e-18 3.62537e-05 
3934.45 3.34425e-05 4.95729e-01 1.03235e-18 3.38981e-05 
3941.07 3.57266e-05 4.98000e-01 8.97160e-19 3.16686e-05 
3946.33 3.65548e-05 4.99782e-01 8.02670e-19 2.91326e-05 
3950.00 3.56292e-05 5.01018e-01 7.42784e-19 2.63659e-05 
3958.22 2.83794e-05 5.03772e-01 6.25038e-19 1.78060e-05 
3960.78 2.55731e-05 5.04630e-01 5.92544e-19 1.52469e-05 
3970.00 1.90904e-05 5.07725e-01 4.90142e-19 9.49467e-06 
3970.11 1.90798e-05 5.07762e-01 4.89050e-19 9.46919e-06 
3980.58 2.53538e-05 5.11280e-01 3.97161e-19 1.03166e-05 
3982.01 2.68795e-05 5.11759e-01 3.86372e-19 1.06541e-05 
3990.00 3.51146e-05 5.14437e-01 3.32758e-19 1.20738e-05 
3993.91 3.77725e-05 5.15746e-01 3.10380e-19 1.21570e-05 
4000.48 4.00412e-05 5.17940e-01 2.77928e-19 1.16079e-05 
4005.82 4.05834e-05 5.19720e-01 2.55863e-19 1.08828e-05 
4010.00 4.06538e-05 5.21109e-01 2.41056e-19 1.03090e-05 
4017.74 4.07552e-05 5.23674e-01 2.18769e-19 9.44352e-06 
4020.49 4.07970e-05 5.24580e-01 2.12349e-19 9.19798e-06 
4029.66 4.08726e-05 5.27594e-01 1.95989e-19 8.57346e-06 
4030.00 4.08719e-05 5.27704e-01 1.95530e-19 8.55574e-06 
4040.59 4.06901e-05 5.31160e-01 1.85677e-19 8.16283e-06 
4041.59 4.06582e-05 5.31487e-01 1.85184e-19 8.14177e-06 
4050.00 4.03063e-05 5.34220e-01 1.83805e-19 8.06918e-06 
4053.53 4.01121e-05 5.35363e-01 1.84628e-19 8.09055e-06 
4060.79 3.94770e-05 5.37710e-01 1.88764e-19 8.19117e-06 
4065.47 3.87735e-05 5.39214e-01 1.93092e-19 8.26219e-06 
4070.00 3.77701e-05 5.40668e-01 1.98479e-19 8.30446e-06 
4077.41 3.53124e-05 5.43037e-01 2.09741e-19 8.25558e-06 
4081.10 3.37382e-05 5.44210e-01 2.16429e-19 8.16399e-06 
4089.37 2.94540e-05 5.46838e-01 2.34044e-19 7.76032e-06 
4090.00 2.90878e-05 5.47038e-01 2.35537e-19 7.71674e-06 
4101.33 2.29989e-05 5.50615e-01 2.65714e-19 6.94731e-06 
4101.50 2.29336e-05 5.50670e-01 2.66234e-19 6.94212e-06 
4110.00 2.21786e-05 5.53336e-01 2.93217e-19 7.44522e-06 
4113.29 2.34915e-05 5.54364e-01 3.04644e-19 8.21507e-06 
4122.01 2.98477e-05 5.57080e-01 3.37581e-19 1.16477e-05 
4125.26 3.24839e-05 5.58090e-01 3.50859e-19 1.32093e-05 
4130.00 3.57280e-05 5.59558e-01 3.71185e-19 1.54283e-05 
4137.24 3.82716e-05 5.61794e-01 4.04478e-19 1.81126e-05 
4142.62 3.87447e-05 5.63450e-01 4.31018e-19 1.96228e-05 
4149.22 3.86023e-05 5.65474e-01 4.65674e-19 2.12323e-05 
4150.00 3.85777e-05 5.65712e-01 4.69925e-19 2.14256e-05 
4161.21 3.85701e-05 5.69126e-01 5.34650e-19 2.45851e-05 
4163.33 3.86021e-05 5.69770e-01 5.47695e-19 2.52472e-05 
4170.00 3.86538e-05 5.71784e-01 5.90272e-19 2.73864e-05 
4173.20 3.86199e-05 5.72748e-01 6.11609e-19 2.84212e-05 
4184.15 3.83388e-05 5.76030e-01 6.88922e-19 3.20468e-05 
4185.20 3.83128e-05 5.76345e-01 6.96729e-19 3.24138e-05 
4190.00 3.82330e-05 5.77777e-01 7.33056e-19 3.41565e-05 
4197.21 3.82525e-05 5.79923e-01 7.90146e-19 3.70358e-05 
4205.07 3.82765e-05 5.82250e-01 8.55807e-19 4.03751e-05 
4209.22 3.81976e-05 5.83474e-01 8.91934e-19 4.21226e-05 
4210.00 3.81711e-05 5.83703e-01 8.98814e-19 4.24425e-05 
4221.24 3.74887e-05 5.86995e-01 1.00209e-18 4.68604e-05 
4226.10 3.71966e-05 5.88410e-01 1.04893e-18 4.88417e-05 
4230.00 3.70543e-05 5.89545e-01 1.08757e-18 5.05912e-05 
4233.27 3.70261e-05 5.90493e-01 1.12053e-18 5.22088e-05 
4245.30 3.71747e-05 5.93966e-01 1.24705e-18 5.88468e-05 
4247.23 3.71598e-05 5.94520e-01 1.26807e-18 5.98979e-05 
4250.00 3.70839e-05 5.95316e-01 1.29864e-18 6.13385e-05 
4257.33 3.65658e-05 5.97410e-01 1.38134e-18 6.46711e-05 
4268.46 3.56500e-05 6.00570e-01 1.51202e-18 6.95625e-05 
4269.37 3.56073e-05 6.00828e-01 1.52300e-18 7.00290e-05 
4270.00 3.55832e-05 6.01005e-01 1.53055e-18 7.03592e-05 
4281.42 3.56286e-05 6.04223e-01 1.67148e-18 7.75549e-05 
4289.80 3.55800e-05 6.06570e-01 1.77839e-18 8.28849e-05 
4290.00 3.55714e-05 6.06625e-01 1.78093e-18 8.29942e-05 
4293.48 3.53391e-05 6.07596e-01 1.82613e-18 8.47489e-05 
4305.54 3.33499e-05 6.10945e-01 1.98616e-18 8.77126e-05 
4310.00 3.21386e-05 6.12175e-01 2.04653e-18 8.73616e-05 
4311.25 3.17516e-05 6.12520e-01 2.06358e-18 8.71032e-05 
4317.61 2.95216e-05 6.14262e-01 2.15069e-18 8.47691e-05 
4329.68 2.45699e-05 6.17551e-01 2.31873e-18 7.66840e-05 
4330.00 2.44341e-05 6.17638e-01 2.32324e-18 7.64250e-05 
4332.81 2.32650e-05 6.18400e-01 2.36273e-18 7.41445e-05 
4341.76 2.04809e-05 6.20822e-01 2.48918e-18 6.91771e-05 
4350.00 2.08186e-05 6.23041e-01 2.60624e-18 7.40277e-05 
4353.84 2.23979e-05 6.24071e-01 2.66088e-18 8.15196e-05 
4354.47 2.27315e-05 6.24240e-01 2.66985e-18 8.30474e-05 
4365.93 3.00965e-05 6.27289e-01 2.83259e-18 1.17535e-04 
4370.00 3.22211e-05 6.28365e-01 2.89009e-18 1.28727e-04 
4376.25 3.38886e-05 6.30010e-01 2.97800e-18 1.40072e-04 
4378.03 3.40682e-05 6.30479e-01 3.00301e-18 1.42160e-04 
4390.00 3.36675e-05 6.33610e-01 3.16899e-18 1.49396e-04 
4390.13 3.36595e-05 6.33645e-01 3.17082e-18 1.49461e-04 
4398.13 3.34136e-05 6.35720e-01 3.27952e-18 1.54238e-04 
4402.24 3.33993e-05 6.36784e-01 3.33469e-18 1.57175e-04 
4410.00 3.33921e-05 6.38780e-01 3.43693e-18 1.62753e-04 
4414.36 3.33256e-05 6.39897e-01 3.49329e-18 1.65544e-04 
4420.12 3.31921e-05 6.41370e-01 3.56643e-18 1.68940e-04 
4426.48 3.30735e-05 6.42992e-01 3.64531e-18 1.72744e-04 
4430.00 3.30592e-05 6.43886e-01 3.68804e-18 1.75075e-04 
4438.61 3.32246e-05 6.46063e-01 3.78951e-18 1.81755e-04 
4442.22 3.33363e-05 6.46970e-01 3.83074e-18 1.84759e-04 
4450.00 3.35377e-05 6.48914e-01 3.91671e-18 1.90953e-04 
4450.74 3.35488e-05 6.49098e-01 3.92469e-18 1.91491e-04 
4462.88 3.34858e-05 6.52115e-01 4.04975e-18 1.98679e-04 
4464.43 3.34497e-05 6.52500e-01 4.06492e-18 1.99395e-04 
4470.00 3.32805e-05 6.53886e-01 4.11796e-18 2.01653e-04 
4475.03 3.30919e-05 6.55132e-01 4.16371e-18 2.03353e-04 
4486.75 3.27912e-05 6.57980e-01 4.26230e-18 2.07716e-04 
4487.18 3.27901e-05 6.58082e-01 4.26568e-18 2.07925e-04 
4490.00 3.28093e-05 6.58747e-01 4.28755e-18 2.09456e-04 
4499.34 3.31405e-05 6.60912e-01 4.35492e-18 2.16050e-04 
4509.19 3.34191e-05 6.63190e-01 4.41744e-18 2.22242e-04 
4510.00 3.34163e-05 6.63381e-01 4.42222e-18 2.22567e-04 
4511.50 3.33961e-05 6.63733e-01 4.43085e-18 2.23059e-04 
4523.67 3.27301e-05 6.66628e-01 4.49303e-18 2.23246e-04 
4530.00 3.22554e-05 6.68138e-01 4.51982e-18 2.22132e-04 
4531.73 3.21370e-05 6.68550e-01 4.52648e-18 2.21864e-04 
4535.85 3.18933e-05 6.69524e-01 4.54118e-18 2.21420e-04 
4548.03 3.16196e-05 6.72375e-01 4.57522e-18 2.22703e-04 
4550.00 3.16574e-05 6.72832e-01 4.57940e-18 2.23422e-04 
4554.39 3.18273e-05 6.73850e-01 4.58740e-18 2.25571e-04 
4560.22 3.21325e-05 6.75198e-01 4.59522e-18 2.28871e-04 
4570.00 3.23838e-05 6.77450e-01 4.60128e-18 2.32233e-04 
4572.41 3.23196e-05 6.78004e-01 4.60143e-18 2.32092e-04 
4577.16 3.20632e-05 6.79090e-01 4.60020e-18 2.30797e-04 
4584.62 3.15535e-05 6.80787e-01 4.59427e-18 2.27772e-04 
4590.00 3.13243e-05 6.82007e-01 4.58701e-18 2.26431e-04 
4596.82 3.13882e-05 6.83545e-01 4.57434e-18 2.27114e-04 
4600.05 3.14999e-05 6.84270e-01 4.56704e-18 2.27959e-04 
4609.04 3.17398e-05 6.86282e-01 4.54240e-18 2.29575e-04 
4610.00 3.17383e-05 6.86497e-01 4.53939e-18 2.29532e-04 
4621.26 3.12736e-05 6.88995e-01 4.49936e-18 2.25542e-04 
4623.05 3.11671e-05 6.89390e-01 4.49219e-18 2.24632e-04 
4630.00 3.08322e-05 6.90919e-01 4.46237e-18 2.21565e-04 
4633.48 3.07620e-05 6.91681e-01 4.44631e-18 2.20674e-04 
4645.71 3.08885e-05 6.94343e-01 4.38444e-18 2.19918e-04 
4646.16 3.08972e-05 6.94440e-01 4.38202e-18 2.19911e-04 
4650.00 3.09628e-05 6.95270e-01 4.36093e-18 2.19760e-04 
4657.95 3.09984e-05 6.96983e-01 4.31510e-18 2.18610e-04 
4669.39 3.07794e-05 6.99430e-01 4.24487e-18 2.14809e-04 
4670.00 3.07586e-05 6.99559e-01 4.24102e-18 2.14536e-04 
4670.20 3.07516e-05 6.99601e-01 4.23978e-18 2.14447e-04 
4682.45 3.01335e-05 7.02197e-01 4.16003e-18 2.07492e-04 
4690.00 2.95919e-05 7.03785e-01 4.10941e-18 2.02064e-04 
4692.74 2.93713e-05 7.04360e-01 4.09087e-18 1.99933e-04 
4694.70 2.92123e-05 7.04771e-01 4.07755e-18 1.98401e-04 
4706.97 2.85081e-05 7.07324e-01 3.99411e-18 1.90841e-04 
4710.00 2.84944e-05 7.07951e-01 3.97354e-18 1.90057e-04 
4716.20 2.87314e-05 7.09230e-01 3.93176e-18 1.90216e-04 
4719.24 2.89311e-05 7.09852e-01 3.91156e-18 1.90844e-04 
4730.00 2.96284e-05 7.12048e-01 3.84142e-18 1.92972e-04 
4731.51 2.96819e-05 7.12355e-01 3.83182e-18 1.92982e-04 
4739.79 2.97246e-05 7.14030e-01 3.78069e-18 1.91463e-04 
4743.79 2.96392e-05 7.14839e-01 3.75689e-18 1.90087e-04 
4750.00 2.94499e-05 7.16087e-01 3.72150e-18 1.87666e-04 
4756.08 2.92650e-05 7.17305e-01 3.68879e-18 1.85400e-04 
4763.48 2.90661e-05 7.18780e-01 3.65195e-18 1.82960e-04 
4768.37 2.89532e-05 7.19749e-01 3.62961e-18 1.81565e-04 
4770.00 2.89194e-05 7.20070e-01 3.62257e-18 1.81143e-04 
4780.67 2.87175e-05 7.22167e-01 3.58145e-18 1.78754e-04 
4787.30 2.85628e-05 7.23460e-01 3.56082e-18 1.77329e-04 
4790.00 2.84822e-05 7.23985e-01 3.55359e-18 1.76697e-04 
4792.98 2.83781e-05 7.24563e-01 3.54644e-18 1.75947e-04 
4805.29 2.78616e-05 7.26940e-01 3.52673e-18 1.72790e-04 
4810.00 2.76718e-05 7.27843e-01 3.52369e-18 1.71847e-04 
4811.24 2.76259e-05 7.28080e-01 3.52333e-18 1.71645e-04 
4817.61 2.73601e-05 7.29297e-01 3.52448e-18 1.70558e-04 
4829.94 2.60228e-05 7.31633e-01 3.54183e-18 1.63961e-04 
4830.00 2.60113e-05 7.31644e-01 3.54197e-18 1.63899e-04 
4835.29 2.48054e-05 7.32640e-01 3.55602e-18 1.57307e-04 
4842.27 2.26955e-05 7.33944e-01 3.58092e-18 1.45402e-04 
4850.00 1.99383e-05 7.35381e-01 3.61744e-18 1.29499e-04 
4854.61 1.82530e-05 7.36233e-01 3.64387e-18 1.19671e-04 
4859.47 1.67426e-05 7.37130e-01 3.67569e-18 1.10973e-04 
4866.95 1.57162e-05 7.38505e-01 3.73276e-18 1.06147e-04 
4870.00 1.59879e-05 7.39063e-01 3.75893e-18 1.08890e-04 
4879.30 1.93599e-05 7.40759e-01 3.84962e-18 1.35606e-04 
4883.77 2.15768e-05 7.41570e-01 3.89914e-18 1.53386e-04 
4890.00 2.42569e-05 7.42696e-01 3.97493e-18 1.76282e-04 
4891.66 2.47656e-05 7.42995e-01 3.99643e-18 1.81087e-04 
4904.02 2.60992e-05 7.45209e-01 4.17512e-18 2.00470e-04 
4908.19 2.60092e-05 7.45950e-01 4.24282e-18 2.03393e-04 
4910.00 2.59546e-05 7.46271e-01 4.27348e-18 2.04596e-04 
4916.39 2.58202e-05 7.47400e-01 4.38752e-18 2.09557e-04 
4928.77 2.58051e-05 7.49569e-01 4.63535e-18 2.22465e-04 
4930.00 2.58180e-05 7.49785e-01 4.66208e-18 2.23980e-04 
4932.73 2.58542e-05 7.50260e-01 4.72244e-18 2.27468e-04 
4941.15 2.60110e-05 7.51722e-01 4.92027e-18 2.39306e-04 
4950.00 2.61968e-05 7.53251e-01 5.14744e-18 2.53109e-04 
4953.54 2.62612e-05 7.53859e-01 5.24376e-18 2.58873e-04 
4957.39 2.63162e-05 7.54520e-01 5.35252e-18 2.65234e-04 
4965.93 2.63468e-05 7.55977e-01 5.60719e-18 2.79193e-04 
4970.00 2.62998e-05 7.56668e-01 5.73543e-18 2.85564e-04 
4978.33 2.60590e-05 7.58074e-01 6.01178e-18 2.97632e-04 
4982.18 2.58948e-05 7.58720e-01 6.14584e-18 3.02843e-04 
4990.00 2.54944e-05 7.60026e-01 6.43083e-18 3.13014e-04 
4990.74 2.54537e-05 7.60148e-01 6.45855e-18 3.13958e-04 
5003.15 2.48444e-05 7.62202e-01 6.94836e-18 3.31396e-04 
5007.09 2.47457e-05 7.62850e-01 7.11285e-18 3.38447e-04 
5010.00 2.47245e-05 7.63328e-01 7.23719e-18 3.44485e-04 
5015.57 2.48125e-05 7.64239e-01 7.48183e-18 3.58221e-04 
5028.00 2.51566e-05 7.66262e-01 8.05940e-18 3.93233e-04 
5030.00 2.51698e-05 7.66586e-01 8.15669e-18 3.98516e-04 
5032.12 2.51575e-05 7.66930e-01 8.26108e-18 4.03770e-04 
5040.43 2.49388e-05 7.68268e-01 8.68125e-18 4.22047e-04 
5050.00 2.46880e-05 7.69797e-01 9.18994e-18 4.44007e-04 
5052.87 2.46821e-05 7.70252e-01 9.34729e-18 4.52024e-04 
5057.29 2.47342e-05 7.70950e-01 9.59445e-18 4.65784e-04 
5065.31 2.48954e-05 7.72208e-01 1.00572e-17 4.93016e-04 
5070.00 2.49469e-05 7.72939e-01 1.03359e-17 5.08676e-04 
5077.76 2.48672e-05 7.74149e-01 1.08104e-17 5.31972e-04 
5082.57 2.47581e-05 7.74900e-01 1.11127e-17 5.45491e-04 
5090.00 2.46011e-05 7.76063e-01 1.15916e-17 5.67071e-04 
5090.22 2.45979e-05 7.76098e-01 1.16060e-17 5.67749e-04 
5102.68 2.45288e-05 7.78020e-01 1.24428e-17 6.09968e-04 
5107.98 2.45044e-05 7.78810e-01 1.28107e-17 6.28670e-04 
5110.00 2.44849e-05 7.79104e-01 1.29524e-17 6.35608e-04 
5115.15 2.44002e-05 7.79843e-01 1.33193e-17 6.52626e-04 
5127.63 2.40767e-05 7.81595e-01 1.42339e-17 6.91419e-04 
5130.00 2.40121e-05 7.81929e-01 1.44116e-17 6.98797e-04 
5133.52 2.39214e-05 7.82430e-01 1.46784e-17 7.09983e-04 
5140.11 2.37625e-05 7.83385e-01 1.51843e-17 7.31403e-04 
5150.00 2.35179e-05 7.84846e-01 1.59606e-17 7.63768e-04 
5152.60 2.34465e-05 7.85233e-01 1.61683e-17 7.72128e-04 
5159.19 2.32571e-05 7.86210e-01 1.66998e-17 7.93070e-04 
5165.10 2.30918e-05 7.87077e-01 1.71831e-17 8.12044e-04 
5170.00 2.29702e-05 7.87791e-01 1.75889e-17 8.28375e-04 
5177.60 2.28287e-05 7.88889e-01 1.82260e-17 8.55542e-04 
5184.99 2.27576e-05 7.89950e-01 1.88539e-17 8.84704e-04 
5190.00 2.27519e-05 7.90668e-01 1.92843e-17 9.06369e-04 
5190.11 2.27522e-05 7.90683e-01 1.92937e-17 9.06861e-04 
5202.62 2.28275e-05 7.92468e-01 2.03827e-17 9.65712e-04 
5210.00 2.27983e-05 7.93511e-01 2.10328e-17 9.97963e-04 
5210.91 2.27849e-05 7.93640e-01 2.11137e-17 1.00155e-03 
5215.15 2.26986e-05 7.94235e-01 2.14895e-17 1.01710e-03 
5227.67 2.24762e-05 7.95984e-01 2.26100e-17 1.06454e-03 
5230.00 2.24878e-05 7.96306e-01 2.28193e-17 1.07585e-03 
5236.97 2.26553e-05 7.97270e-01 2.34476e-17 1.11655e-03 
5240.21 2.27517e-05 7.97717e-01 2.37403e-17 1.13664e-03 
5250.00 2.27866e-05 7.99060e-01 2.46271e-17 1.18510e-03 
5252.75 2.26635e-05 7.99436e-01 2.48761e-17 1.19180e-03 
5263.15 2.19023e-05 8.00850e-01 2.58191e-17 1.19992e-03 
5265.29 2.17597e-05 8.01140e-01 2.60131e-17 1.20198e-03 
5270.00 2.15605e-05 8.01774e-01 2.64387e-17 1.21250e-03 
5277.85 2.16760e-05 8.02826e-01 2.71467e-17 1.25516e-03 
5289.47 2.22077e-05 8.04370e-01 2.81886e-17 1.34081e-03 
5290.00 2.22235e-05 8.04440e-01 2.82360e-17 1.34427e-03 
5290.41 2.22344e-05 8.04494e-01 2.82724e-17 1.34686e-03 
5302.97 2.21518e-05 8.06146e-01 2.93856e-17 1.40088e-03 
5310.00 2.18717e-05 8.07062e-01 3.00006e-17 1.41559e-03 
5315.55 2.16109e-05 8.07782e-01 3.04817e-17 1.42390e-03 
5315.92 2.15938e-05 8.07830e-01 3.05135e-17 1.42444e-03 
5328.13 2.12000e-05 8.09404e-01 3.15561e-17 1.45239e-03 
5330.00 2.11905e-05 8.09645e-01 3.17140e-17 1.45995e-03 
5340.71 2.14086e-05 8.11013e-01 3.26043e-17 1.52200e-03 
5342.50 2.14630e-05 8.11240e-01 3.27504e-17 1.53364e-03 
5350.00 2.16276e-05 8.12192e-01 3.33581e-17 1.57814e-03 
5353.30 2.16333e-05 8.12609e-01 3.36218e-17 1.59283e-03 
5365.90 2.13974e-05 8.14189e-01 3.46043e-17 1.62848e-03 
5369.21 2.13255e-05 8.14600e-01 3.48557e-17 1.63663e-03 
5370.00 2.13108e-05 8.14698e-01 3.49155e-17 1.63875e-03 
5378.51 2.12131e-05 8.15749e-01 3.55476e-17 1.66555e-03 
5390.00 2.10974e-05 8.17155e-01 3.63698e-17 1.70133e-03 
5391.12 2.10771e-05 8.17291e-01 3.64478e-17 1.70397e-03 
5396.05 2.09656e-05 8.17890e-01 3.67874e-17 1.71357e-03 
5403.74 2.07699e-05 8.18817e-01 3.73010e-17 1.72567e-03 
5410.00 2.06511e-05 8.19570e-01 3.77058e-17 1.73803e-03 
5416.36 2.06121e-05 8.20332e-01 3.81037e-17 1.75675e-03 
5423.03 2.06344e-05 8.21130e-01 3.85063e-17 1.78116e-03 
5428.99 2.06732e-05 8.21841e-01 3.88526e-17 1.80409e-03 
5430.00 2.06791e-05 8.21962e-01 3.89099e-17 1.80787e-03 
5441.63 2.07015e-05 8.23345e-01 3.95446e-17 1.84639e-03 
5450.00 2.06573e-05 8.24332e-01 3.99702e-17 1.86738e-03 
5450.15 2.06560e-05 8.24350e-01 3.99776e-17 1.86769e-03 
5454.27 2.06135e-05 8.24833e-01 4.01772e-17 1.87568e-03 
5466.92 2.04508e-05 8.26304e-01 4.07478e-17 1.89504e-03 
5470.00 2.04159e-05 8.26659e-01 4.08769e-17 1.89969e-03 
5477.40 2.03545e-05 8.27510e-01 4.11718e-17 1.91219e-03 
5479.58 2.03411e-05 8.27760e-01 4.12544e-17 1.91610e-03 
5490.00 2.02889e-05 8.28949e-01 4.16220e-17 1.93466e-03 
5492.24 2.02775e-05 8.29204e-01 4.16952e-17 1.93837e-03 
5504.79 2.01861e-05 8.30620e-01 4.20656e-17 1.95455e-03 
5504.91 2.01848e-05 8.30634e-01 4.20690e-17 1.95466e-03 
5510.00 2.01245e-05 8.31203e-01 4.21999e-17 1.95802e-03 
5517.59 2.00072e-05 8.32048e-01 4.23746e-17 1.95935e-03 
5530.00 1.98481e-05 8.33417e-01 4.26070e-17 1.96205e-03 
5530.27 1.98463e-05 8.33446e-01 4.26114e-17 1.96225e-03 
5532.31 1.98364e-05 8.33670e-01 4.26430e-17 1.96397e-03 
5542.96 1.98303e-05 8.34833e-01 4.27790e-17 1.97617e-03 
5550.00 1.98073e-05 8.35596e-01 4.28421e-17 1.98112e-03 
5555.66 1.97438e-05 8.36206e-01 4.28775e-17 1.97985e-03 
5559.97 1.96743e-05 8.36670e-01 4.28952e-17 1.97633e-03 
5568.36 1.95224e-05 8.37566e-01 4.29071e-17 1.96667e-03 
5570.00 1.94944e-05 8.37741e-01 4.29060e-17 1.96478e-03 
5581.07 1.93450e-05 8.38914e-01 4.28686e-17 1.95464e-03 
5587.77 1.92835e-05 8.39620e-01 4.28213e-17 1.95025e-03 
5590.00 1.92671e-05 8.39854e-01 4.28014e-17 1.94900e-03 
5593.79 1.92429e-05 8.40251e-01 4.27631e-17 1.94705e-03 
5606.51 1.91900e-05 8.41579e-01 4.25916e-17 1.94138e-03 
5610.00 1.91811e-05 8.41941e-01 4.25333e-17 1.93986e-03 
5615.71 1.91689e-05 8.42530e-01 4.24275e-17 1.93713e-03 
5619.24 1.91608e-05 8.42892e-01 4.23559e-17 1.93508e-03 
5630.00 1.91158e-05 8.43988e-01 4.21080e-17 1.92541e-03 
5631.97 1.91020e-05 8.44188e-01 4.20578e-17 1.92287e-03 
5643.79 1.89806e-05 8.45380e-01 4.17274e-17 1.90229e-03 
5644.71 1.89686e-05 8.45473e-01 4.16994e-17 1.90033e-03 
5650.00 1.88939e-05 8.46003e-01 4.15336e-17 1.88827e-03 
5657.46 1.87777e-05 8.46749e-01 4.12830e-17 1.86945e-03 
5670.00 1.86227e-05 8.47992e-01 4.08196e-17 1.83997e-03 
5670.22 1.86211e-05 8.48013e-01 4.08112e-17 1.83955e-03 
5672.01 1.86099e-05 8.48190e-01 4.07406e-17 1.83622e-03 
5682.98 1.85795e-05 8.49264e-01 4.02866e-17 1.81860e-03 
5690.00 1.85515e-05 8.49947e-01 3.99765e-17 1.80556e-03 
5695.75 1.85002e-05 8.50504e-01 3.97121e-17 1.79164e-03 
5700.37 1.84497e-05 8.50950e-01 3.94924e-17 1.77924e-03 
5708.52 1.83775e-05 8.51734e-01 3.90907e-17 1.75837e-03 
5710.00 1.83705e-05 8.51876e-01 3.90159e-17 1.75509e-03 
5721.30 1.83758e-05 8.52955e-01 3.84256e-17 1.73464e-03 
5728.87 1.83673e-05 8.53670e-01 3.80125e-17 1.71891e-03 
5730.00 1.83604e-05 8.53776e-01 3.79498e-17 1.71599e-03 
5734.09 1.83200e-05 8.54160e-01 3.77199e-17 1.70382e-03 
5746.88 1.81236e-05 8.55350e-01 3.69769e-17 1.65834e-03 
5750.00 1.80825e-05 8.55637e-01 3.67908e-17 1.64771e-03 
5757.52 1.80216e-05 8.56330e-01 3.63340e-17 1.62520e-03 
5759.69 1.80107e-05 8.56530e-01 3.62000e-17 1.61921e-03 
5770.00 1.79610e-05 8.57476e-01 3.55520e-17 1.59043e-03 
5772.49 1.79427e-05 8.57704e-01 3.53926e-17 1.58279e-03 
5785.31 1.78148e-05 8.58870e-01 3.45578e-17 1.53994e-03 
5786.30 1.78044e-05 8.58960e-01 3.44920e-17 1.53654e-03 
5790.00 1.77679e-05 8.59294e-01 3.42461e-17 1.52403e-03 
5798.13 1.77034e-05 8.60026e-01 3.36992e-17 1.49761e-03 
5810.00 1.76341e-05 8.61086e-01 3.28861e-17 1.46054e-03 
5810.96 1.76291e-05 8.61171e-01 3.28199e-17 1.45756e-03 
5815.23 1.76061e-05 8.61550e-01 3.25228e-17 1.44418e-03 
5823.79 1.75526e-05 8.62304e-01 3.19233e-17 1.41657e-03 
5830.00 1.75007e-05 8.62847e-01 3.14844e-17 1.39533e-03 
5836.63 1.74301e-05 8.63425e-01 3.10125e-17 1.37134e-03 
5844.31 1.73464e-05 8.64090e-01 3.04626e-17 1.34335e-03 
5849.48 1.73016e-05 8.64536e-01 3.00905e-17 1.32537e-03 
5850.00 1.72980e-05 8.64581e-01 3.00530e-17 1.32363e-03 
5862.33 1.72333e-05 8.65638e-01 2.91605e-17 1.28379e-03 
5870.00 1.71512e-05 8.66290e-01 2.86035e-17 1.25585e-03 
5873.53 1.70865e-05 8.66590e-01 2.83464e-17 1.24104e-03 
5875.19 1.70514e-05 8.66731e-01 2.82253e-17 1.23376e-03 
5888.06 1.67970e-05 8.67816e-01 2.72877e-17 1.17902e-03 
5890.00 1.67772e-05 8.67978e-01 2.71465e-17 1.17214e-03 
5900.94 1.67927e-05 8.68888e-01 2.63503e-17 1.14212e-03 
5902.90 1.68065e-05 8.69050e-01 2.62076e-17 1.13747e-03 
5910.00 1.68427e-05 8.69633e-01 2.56921e-17 1.11959e-03 
5913.82 1.68383e-05 8.69945e-01 2.54156e-17 1.10836e-03 
5926.71 1.67290e-05 8.70990e-01 2.44860e-17 1.06448e-03 
5930.00 1.66936e-05 8.71256e-01 2.42496e-17 1.05287e-03 
5932.41 1.66692e-05 8.71450e-01 2.40766e-17 1.04450e-03 
5939.60 1.66056e-05 8.72028e-01 2.35638e-17 1.02026e-03 
5950.00 1.65321e-05 8.72861e-01 2.28271e-17 9.86653e-04 
5952.50 1.65168e-05 8.73060e-01 2.26510e-17 9.78766e-04 
5962.08 1.64593e-05 8.73820e-01 2.19810e-17 9.48860e-04 
5965.41 1.64377e-05 8.74083e-01 2.17496e-17 9.38441e-04 
5970.00 1.64045e-05 8.74444e-01 2.14321e-17 9.23966e-04 
5978.32 1.63310e-05 8.75096e-01 2.08612e-17 8.97246e-04 
5990.00 1.62053e-05 8.76004e-01 2.00710e-17 8.59177e-04 
5991.24 1.61908e-05 8.76100e-01 1.99876e-17 8.55113e-04 
5991.89 1.61832e-05 8.76150e-01 1.99446e-17 8.53016e-04 
6004.17 1.60462e-05 8.77099e-01 1.91303e-17 8.13800e-04 
6010.00 1.59970e-05 8.77547e-01 1.87496e-17 7.96338e-04 
6017.11 1.59592e-05 8.78090e-01 1.82905e-17 7.76401e-04 
6021.85 1.59420e-05 8.78450e-01 1.79875e-17 7.63632e-04 
6030.00 1.59116e-05 8.79065e-01 1.74724e-17 7.41870e-04 
6030.05 1.59114e-05 8.79069e-01 1.74694e-17 7.41742e-04 
6043.00 1.58350e-05 8.80036e-01 1.66681e-17 7.06610e-04 
6050.00 1.57942e-05 8.80556e-01 1.62434e-17 6.88032e-04 
6051.96 1.57848e-05 8.80700e-01 1.61259e-17 6.82982e-04 
6055.95 1.57678e-05 8.80995e-01 1.58875e-17 6.72829e-04 
6068.91 1.57093e-05 8.81945e-01 1.51282e-17 6.40356e-04 
6070.00 1.57025e-05 8.82024e-01 1.50655e-17 6.37597e-04 
6081.88 1.56042e-05 8.82886e-01 1.43911e-17 6.07014e-04 
6082.21 1.56010e-05 8.82910e-01 1.43723e-17 6.06152e-04 
6090.00 1.55286e-05 8.83470e-01 1.39411e-17 5.86358e-04 
6094.85 1.54871e-05 8.83817e-01 1.36765e-17 5.74372e-04 
6107.84 1.53769e-05 8.84735e-01 1.29848e-17 5.43161e-04 
6110.00 1.53561e-05 8.84887e-01 1.28719e-17 5.37989e-04 
6112.63 1.53290e-05 8.85070e-01 1.27356e-17 5.31696e-04 
6120.83 1.52330e-05 8.85638e-01 1.23164e-17 5.11989e-04 
6130.00 1.51075e-05 8.86267e-01 1.18586e-17 4.89975e-04 
6133.82 1.50509e-05 8.86527e-01 1.16715e-17 4.80877e-04 
6143.19 1.49177e-05 8.87160e-01 1.12213e-17 4.59264e-04 
6146.82 1.48744e-05 8.87404e-01 1.10500e-17 4.51333e-04 
6150.00 1.48432e-05 8.87617e-01 1.09017e-17 4.44679e-04 
6159.83 1.47922e-05 8.88272e-01 1.04520e-17 4.25865e-04 
6170.00 1.48002e-05 8.88944e-01 1.00011e-17 4.08696e-04 
6172.85 1.48109e-05 8.89131e-01 9.87748e-18 4.04206e-04 
6173.91 1.48155e-05 8.89200e-01 9.83179e-18 4.02561e-04 
6185.87 1.48621e-05 8.89981e-01 9.32615e-18 3.84138e-04 
6190.00 1.48638e-05 8.90251e-01 9.15614e-18 3.77544e-04 
6198.90 1.48252e-05 8.90837e-01 8.79781e-18 3.62585e-04 
6204.77 1.47810e-05 8.91230e-01 8.56706e-18 3.52513e-04 
6210.00 1.47402e-05 8.91584e-01 8.36576e-18 3.43704e-04 
6211.93 1.47262e-05 8.91716e-01 8.29217e-18 3.40513e-04 
6224.98 1.46164e-05 8.92612e-01 7.80885e-18 3.19265e-04 
6230.00 1.45454e-05 8.92956e-01 7.62864e-18 3.10752e-04 
6235.80 1.44340e-05 8.93350e-01 7.42467e-18 3.00538e-04 
6238.03 1.43881e-05 8.93500e-01 7.34744e-18 2.96623e-04 
6250.00 1.42171e-05 8.94293e-01 6.94316e-18 2.77748e-04 
6251.08 1.42144e-05 8.94364e-01 6.90748e-18 2.76339e-04 
6264.15 1.43163e-05 8.95209e-01 6.48847e-18 2.62231e-04 
6266.98 1.43451e-05 8.95390e-01 6.40039e-18 2.59360e-04 
6270.00 1.43669e-05 8.95583e-01 6.30743e-18 2.56161e-04 
6277.22 1.43667e-05 8.96041e-01 6.08989e-18 2.47734e-04 
6290.00 1.42449e-05 8.96844e-01 5.71943e-18 2.31368e-04 
6290.29 1.42412e-05 8.96862e-01 5.71116e-18 2.30989e-04 
6298.31 1.41394e-05 8.97360e-01 5.48856e-18 2.20803e-04 
6303.38 1.40814e-05 8.97672e-01 5.35170e-18 2.14660e-04 
6310.00 1.40250e-05 8.98078e-01 5.17695e-18 2.07130e-04 
6316.47 1.39977e-05 8.98473e-01 5.01090e-18 2.00390e-04 
6329.56 1.39494e-05 8.99266e-01 4.68814e-18 1.87388e-04 
6329.80 1.39477e-05 8.99280e-01 4.68241e-18 1.87146e-04 
6330.00 1.39463e-05 8.99292e-01 4.67772e-18 1.86948e-04 
6342.67 1.38057e-05 9.00053e-01 4.38280e-18 1.73889e-04 
6350.00 1.37212e-05 9.00491e-01 4.21939e-18 1.66655e-04 
6355.78 1.36759e-05 9.00835e-01 4.09423e-18 1.61386e-04 
6361.45 1.36498e-05 9.01170e-01 3.97444e-18 1.56563e-04 
6368.90 1.36358e-05 9.01607e-01 3.82178e-18 1.50643e-04 
6370.00 1.36351e-05 9.01672e-01 3.79961e-18 1.49799e-04 
6382.02 1.36289e-05 9.02372e-01 3.56482e-18 1.40853e-04 
6390.00 1.35913e-05 9.02832e-01 3.41599e-18 1.34837e-04 
6393.26 1.35606e-05 9.03020e-01 3.35672e-18 1.32293e-04 
6395.15 1.35394e-05 9.03129e-01 3.32270e-18 1.30802e-04 
6408.29 1.33897e-05 9.03880e-01 3.09478e-18 1.20830e-04 
6410.00 1.33775e-05 9.03977e-01 3.06618e-18 1.19650e-04 
6421.44 1.33509e-05 9.04626e-01 2.88044e-18 1.12459e-04 
6425.23 1.33424e-05 9.04840e-01 2.82112e-18 1.10163e-04 
6430.00 1.33139e-05 9.05109e-01 2.74789e-18 1.07186e-04 
6434.59 1.32602e-05 9.05367e-01 2.67905e-18 1.04183e-04 
6447.75 1.30715e-05 9.06100e-01 2.49001e-18 9.57270e-05 
6450.00 1.30520e-05 9.06225e-01 2.45888e-18 9.44349e-05 
6457.35 1.30347e-05 9.06630e-01 2.35956e-18 9.06442e-05 
6460.92 1.30397e-05 9.06825e-01 2.31271e-18 8.89470e-05 
6470.00 1.30320e-05 9.07320e-01 2.19698e-18 8.46106e-05 
6474.09 1.29985e-05 9.07541e-01 2.14659e-18 8.25295e-05 
6487.27 1.28181e-05 9.08252e-01 1.99106e-18 7.57004e-05 
6489.64 1.27884e-05 9.08380e-01 1.96417e-18 7.45431e-05 
6490.00 1.27843e-05 9.08399e-01 1.96011e-18 7.43707e-05 
6500.46 1.27005e-05 9.08961e-01 1.84557e-18 6.97213e-05 
6510.00 1.26307e-05 9.09471e-01 1.74628e-18 6.57410e-05 
6513.65 1.25898e-05 9.09665e-01 1.70960e-18 6.42013e-05 
6522.09 1.24306e-05 9.10110e-01 1.62742e-18 6.04500e-05 
6526.85 1.22835e-05 9.10359e-01 1.58263e-18 5.81486e-05 
6530.00 1.21567e-05 9.10523e-01 1.55361e-18 5.65310e-05 
6540.06 1.15362e-05 9.11042e-01 1.46415e-18 5.06629e-05 
6550.00 1.04371e-05 9.11550e-01 1.38031e-18 4.33015e-05 
6553.27 9.94427e-06 9.11717e-01 1.35369e-18 4.04886e-05 
6554.70 9.72028e-06 9.11790e-01 1.34223e-18 3.92534e-05 
6566.49 8.34189e-06 9.12390e-01 1.25078e-18 3.14691e-05 
6570.00 8.33614e-06 9.12568e-01 1.22472e-18 3.08144e-05 
6579.72 9.59014e-06 9.13060e-01 1.15500e-18 3.34993e-05 
6587.47 1.10294e-05 9.13450e-01 1.10204e-18 3.68194e-05 
6590.00 1.14052e-05 9.13577e-01 1.08524e-18 3.75133e-05 
6592.96 1.17254e-05 9.13725e-01 1.06590e-18 3.79019e-05 
6606.20 1.20692e-05 9.14383e-01 9.83084e-19 3.60805e-05 
6610.00 1.20365e-05 9.14570e-01 9.60434e-19 3.51812e-05 
6619.45 1.20548e-05 9.15033e-01 9.06171e-19 3.33082e-05 
6620.41 1.20625e-05 9.15080e-01 9.00821e-19 3.31393e-05 
6630.00 1.21419e-05 9.15545e-01 8.48923e-19 3.14973e-05 
6632.71 1.21533e-05 9.15675e-01 8.34789e-19 3.10188e-05 
6645.97 1.21289e-05 9.16310e-01 7.68589e-19 2.85785e-05 
6650.00 1.21081e-05 9.16503e-01 7.49451e-19 2.78418e-05 
6653.51 1.20897e-05 9.16670e-01 7.33142e-19 2.72138e-05 
6659.24 1.20610e-05 9.16943e-01 7.07237e-19 2.62203e-05 
6670.00 1.20179e-05 9.17454e-01 6.60851e-19 2.44661e-05 
6672.52 1.20108e-05 9.17574e-01 6.50418e-19 2.40780e-05 
6685.80 1.19808e-05 9.18204e-01 5.97834e-19 2.21351e-05 
6686.78 1.19781e-05 9.18250e-01 5.94123e-19 2.19972e-05 
6690.00 1.19681e-05 9.18403e-01 5.82051e-19 2.15461e-05 
6699.09 1.19285e-05 9.18832e-01 5.49201e-19 2.02998e-05 
6710.00 1.18755e-05 9.19345e-01 5.12070e-19 1.88845e-05 
6712.39 1.18656e-05 9.19456e-01 5.04253e-19 1.85895e-05 
6720.21 1.18351e-05 9.19820e-01 4.79443e-19 1.76570e-05 
6725.70 1.18103e-05 9.20073e-01 4.62738e-19 1.70247e-05 
6730.00 1.17855e-05 9.20270e-01 4.50006e-19 1.65356e-05 
6739.01 1.17174e-05 9.20681e-01 4.24418e-19 1.55330e-05 
6750.00 1.16463e-05 9.21178e-01 3.95040e-19 1.44013e-05 
6752.33 1.16387e-05 9.21283e-01 3.89071e-19 1.41808e-05 
6753.81 1.16352e-05 9.21350e-01 3.85301e-19 1.40434e-05 
6765.65 1.16261e-05 9.21881e-01 3.56485e-19 1.30132e-05 
6770.00 1.16192e-05 9.22075e-01 3.46423e-19 1.26492e-05 
6778.99 1.15816e-05 9.22473e-01 3.26464e-19 1.19027e-05 
6787.58 1.15313e-05 9.22850e-01 3.08389e-19 1.12137e-05 
6790.00 1.15176e-05 9.22955e-01 3.03479e-19 1.10272e-05 
6792.33 1.15053e-05 9.23056e-01 2.98822e-19 1.08513e-05 
6805.67 1.14435e-05 9.23628e-01 2.73387e-19 9.89979e-06 
6810.00 1.14225e-05 9.23812e-01 2.65592e-19 9.60798e-06 
6819.03 1.13724e-05 9.24194e-01 2.49995e-19 9.01975e-06 
6821.52 1.13578e-05 9.24300e-01 2.45846e-19 8.86289e-06 
6830.00 1.13094e-05 9.24659e-01 2.32209e-19 8.34919e-06 
6832.39 1.12968e-05 9.24760e-01 2.28496e-19 8.21033e-06 
6845.76 1.12363e-05 9.25325e-01 2.08748e-19 7.47972e-06 
6850.00 1.12200e-05 9.25504e-01 2.02828e-19 7.26298e-06 
6855.63 1.11998e-05 9.25740e-01 1.95220e-19 6.98544e-06 
6859.13 1.11876e-05 9.25887e-01 1.90617e-19 6.81791e-06 
6870.00 1.11485e-05 9.26340e-01 1.77001e-19 6.32184e-06 
6872.52 1.11385e-05 9.26444e-01 1.73982e-19 6.21141e-06 
6885.91 1.10800e-05 9.26996e-01 1.58726e-19 5.65134e-06 
6889.91 1.10616e-05 9.27160e-01 1.54422e-19 5.49312e-06 
6890.00 1.10612e-05 9.27164e-01 1.54323e-19 5.48946e-06 
6899.30 1.10180e-05 9.27543e-01 1.44743e-19 5.13764e-06 
6910.00 1.09679e-05 9.27976e-01 1.34432e-19 4.75953e-06 
6912.71 1.09552e-05 9.28084e-01 1.31935e-19 4.66807e-06 
6924.36 1.08997e-05 9.28550e-01 1.21690e-19 4.29316e-06 
6926.12 1.08912e-05 9.28620e-01 1.20207e-19 4.23894e-06 
6930.00 1.08725e-05 9.28774e-01 1.17003e-19 4.12185e-06 
6939.54 1.08257e-05 9.29150e-01 1.09475e-19 3.84688e-06 
