##### EXOPHOT SPECTRAL OVERLAP FILE #####
# Date: 01/12/2021 13:14:54
# SED file: SED_g2v.txt
# atmosphere file: atm_g2v_hzi_os3.txt
# photopigment file: phot4.txt
# Stellar radius (Rs in km): 6.963400e+05
# Exoplanet orbit semi-major axis (sma in km): 1.070123e+08
# Total absorption rate (gamma_t in s-1): 7.42768e+00
# B band absorption rate (gamma_B in s-1): 7.09708e+00
# Q band absorption rate (gamma_Q in s-1): 3.30606e-01
# B-Q bands cut-off (in nm): 500
# photosynthetic photon flux density [ppfd in micromol photon m-2 s-1]: 4.15744e+03
# Total Stellar Irradiance (S in W m-2): 2.62457e+03
# -------------------------------------------------
# Col 1: Wavelength (wl in Angstrom) 
# Col 2: Spectral Flux Density (F_l in J cm-2 s-1 A-1) 
# Col 3: Atmosphere transmitance (T, no units) 
# Col 4: Pigment absorption cross section (sigma_abs in cm-2) 
# Col 5: Spectral Absorption Rate (Gamma_lambda in A-1 s-1)
2503.42 1.85952e-06 1.47485e-01 9.18144e-23 3.17334e-11 
2505.00 1.59193e-06 1.48081e-01 1.01415e-22 3.01478e-11 
2513.00 7.20367e-07 1.51121e-01 1.60154e-22 2.20564e-11 
2515.76 5.77301e-07 1.52180e-01 1.86508e-22 2.07515e-11 
2516.83 5.39677e-07 1.52593e-01 1.97896e-22 2.06483e-11 
2518.00 5.09218e-07 1.53044e-01 2.11089e-22 2.08529e-11 
2525.00 5.15282e-07 1.55764e-01 3.10568e-22 3.16849e-11 
2528.34 5.96546e-07 1.57070e-01 3.72636e-22 4.44406e-11 
2530.25 6.46691e-07 1.57824e-01 4.13317e-22 5.37328e-11 
2535.00 7.15489e-07 1.59696e-01 5.32120e-22 7.75904e-11 
2540.98 6.97929e-07 1.62070e-01 7.27891e-22 1.05318e-10 
2543.69 8.06547e-07 1.63150e-01 8.37163e-22 1.41063e-10 
2545.00 9.18208e-07 1.63675e-01 8.95467e-22 1.72418e-10 
2553.68 2.13503e-06 1.67150e-01 1.38790e-21 6.36735e-10 
2555.00 2.22178e-06 1.67677e-01 1.48180e-21 7.10033e-10 
2557.12 2.22750e-06 1.68528e-01 1.64576e-21 7.95298e-10 
2565.00 1.87982e-06 1.71693e-01 2.41169e-21 1.00508e-09 
2566.45 1.94933e-06 1.72280e-01 2.58518e-21 1.12167e-09 
2570.57 2.39523e-06 1.73957e-01 3.14260e-21 1.69445e-09 
2575.00 2.84961e-06 1.75773e-01 3.86345e-21 2.50849e-09 
2579.28 2.85795e-06 1.77540e-01 4.70505e-21 3.09982e-09 
2584.03 2.58676e-06 1.79505e-01 5.83323e-21 3.52340e-09 
2585.00 2.53231e-06 1.79909e-01 6.09350e-21 3.61261e-09 
2592.18 2.30527e-06 1.82900e-01 8.36990e-21 4.60515e-09 
2595.00 2.22019e-06 1.84078e-01 9.46211e-21 5.05174e-09 
2597.49 2.11014e-06 1.85120e-01 1.05328e-20 5.38006e-09 
2605.00 1.72809e-06 1.88280e-01 1.44720e-20 6.17492e-09 
2605.14 1.72250e-06 1.88340e-01 1.45576e-20 6.19364e-09 
2610.96 1.58310e-06 1.90807e-01 1.85144e-20 7.35082e-09 
2615.00 1.56465e-06 1.92528e-01 2.18126e-20 8.64995e-09 
2618.17 1.59738e-06 1.93880e-01 2.47632e-20 1.01081e-08 
2624.44 2.18796e-06 1.96561e-01 3.17034e-20 1.80136e-08 
2625.00 2.29914e-06 1.96802e-01 3.24056e-20 1.93762e-08 
2631.26 4.04533e-06 1.99490e-01 4.12098e-20 4.40516e-08 
2635.00 5.01118e-06 2.01105e-01 4.74597e-20 6.34442e-08 
2637.92 5.46725e-06 2.02370e-01 5.29206e-20 7.77545e-08 
2644.41 6.63110e-06 2.05190e-01 6.71120e-20 1.21561e-07 
2645.00 6.82365e-06 2.05445e-01 6.85478e-20 1.27954e-07 
2651.42 9.49814e-06 2.08245e-01 8.61697e-20 2.27493e-07 
2655.00 9.98980e-06 2.09813e-01 9.76731e-20 2.73623e-07 
2657.64 9.25030e-06 2.10970e-01 1.06988e-19 2.79338e-07 
2664.92 5.66203e-06 2.14176e-01 1.36953e-19 2.22804e-07 
2665.00 5.63700e-06 2.14212e-01 1.37330e-19 2.22473e-07 
2670.92 5.56603e-06 2.16830e-01 1.67006e-19 2.71007e-07 
2675.00 6.66834e-06 2.18635e-01 1.90572e-19 3.74148e-07 
2678.43 7.64197e-06 2.20156e-01 2.12593e-19 4.82268e-07 
2684.28 8.24709e-06 2.22760e-01 2.55339e-19 6.33879e-07 
2685.00 8.15790e-06 2.23082e-01 2.61092e-19 6.42249e-07 
2691.94 6.01846e-06 2.26187e-01 3.22514e-19 5.94963e-07 
2695.00 5.44566e-06 2.27557e-01 3.53255e-19 5.93898e-07 
2697.70 5.66222e-06 2.28770e-01 3.82487e-19 6.72853e-07 
2705.00 7.12513e-06 2.32056e-01 4.72106e-19 1.06296e-06 
2705.47 7.13005e-06 2.32267e-01 4.78437e-19 1.07912e-06 
2711.19 5.95769e-06 2.34850e-01 5.61505e-19 1.07227e-06 
2715.00 4.65830e-06 2.36575e-01 6.23377e-19 9.38945e-07 
2719.00 3.61390e-06 2.38390e-01 6.94428e-19 8.18887e-07 
2724.74 3.19232e-06 2.41000e-01 8.08072e-19 8.52751e-07 
2725.00 3.20982e-06 2.41116e-01 8.13462e-19 8.63643e-07 
2732.54 4.32524e-06 2.44557e-01 9.86732e-19 1.43575e-06 
2735.00 4.37698e-06 2.45679e-01 1.04930e-18 1.55354e-06 
2738.37 3.79720e-06 2.47220e-01 1.14032e-18 1.47566e-06 
2745.00 2.24190e-06 2.50257e-01 1.33823e-18 1.03753e-06 
2746.09 2.16742e-06 2.50758e-01 1.37333e-18 1.03184e-06 
2752.06 2.80122e-06 2.53500e-01 1.57834e-18 1.55277e-06 
2755.00 3.38661e-06 2.54854e-01 1.68787e-18 2.02041e-06 
2759.65 4.15309e-06 2.56998e-01 1.87321e-18 2.77757e-06 
2765.00 4.77991e-06 2.59471e-01 2.10579e-18 3.63531e-06 
2765.82 4.85781e-06 2.59850e-01 2.14334e-18 3.76706e-06 
2773.21 5.05151e-06 2.63269e-01 2.50526e-18 4.65136e-06 
2775.00 4.86362e-06 2.64096e-01 2.59928e-18 4.66402e-06 
2779.65 3.86739e-06 2.66250e-01 2.85639e-18 4.11565e-06 
2785.00 2.44368e-06 2.68733e-01 3.17502e-18 2.92322e-06 
2786.79 2.05561e-06 2.69563e-01 3.28696e-18 2.55518e-06 
2793.55 1.11886e-06 2.72710e-01 3.73673e-18 1.60343e-06 
2795.00 1.00457e-06 2.73387e-01 3.83874e-18 1.48337e-06 
2800.37 8.48356e-07 2.75890e-01 4.23274e-18 1.39661e-06 
2805.00 1.26785e-06 2.78054e-01 4.59476e-18 2.28727e-06 
2807.52 1.79018e-06 2.79230e-01 4.79985e-18 3.39103e-06 
2813.95 3.77068e-06 2.82242e-01 5.35231e-18 8.06907e-06 
2815.00 4.13152e-06 2.82732e-01 5.44575e-18 9.01455e-06 
2821.55 6.16294e-06 2.85800e-01 6.05535e-18 1.51496e-05 
2825.00 6.76852e-06 2.87414e-01 6.39234e-18 1.76849e-05 
2827.55 6.87979e-06 2.88609e-01 6.64894e-18 1.87919e-05 
2835.00 5.89106e-06 2.92100e-01 7.43278e-18 1.82538e-05 
2835.66 5.73846e-06 2.92410e-01 7.50477e-18 1.79764e-05 
2841.16 4.25796e-06 2.94988e-01 8.11805e-18 1.45840e-05 
2845.00 3.11641e-06 2.96795e-01 8.56272e-18 1.13430e-05 
2849.84 1.84949e-06 2.99070e-01 9.13970e-18 7.25272e-06 
2854.77 1.44976e-06 3.01389e-01 9.74604e-18 6.11994e-06 
2855.00 1.46711e-06 3.01499e-01 9.77512e-18 6.21440e-06 
2864.09 4.38465e-06 3.05780e-01 1.09404e-17 2.11488e-05 
2865.00 4.81315e-06 3.06210e-01 1.10602e-17 2.35103e-05 
2868.39 6.38825e-06 3.07806e-01 1.15098e-17 3.26804e-05 
2875.00 8.30347e-06 3.10919e-01 1.24053e-17 4.63528e-05 
2878.41 8.16613e-06 3.12520e-01 1.28749e-17 4.76119e-05 
2882.02 7.63696e-06 3.14210e-01 1.33767e-17 4.65704e-05 
2885.00 7.41674e-06 3.15606e-01 1.37953e-17 4.68985e-05 
2892.80 9.07888e-06 3.19250e-01 1.48997e-17 6.28903e-05 
2895.00 9.82772e-06 3.20277e-01 1.52128e-17 6.97847e-05 
2895.65 1.00475e-05 3.20581e-01 1.53057e-17 7.18648e-05 
2907.27 1.30436e-05 3.26020e-01 1.69604e-17 1.05557e-04 
2909.30 1.32916e-05 3.26975e-01 1.72483e-17 1.09786e-04 
2910.00 1.33517e-05 3.27306e-01 1.73480e-17 1.11059e-04 
2921.80 1.27845e-05 3.32870e-01 1.89944e-17 1.18894e-04 
2922.95 1.26366e-05 3.33410e-01 1.91513e-17 1.18727e-04 
2930.00 1.17404e-05 3.36732e-01 2.01002e-17 1.17208e-04 
2936.41 1.12533e-05 3.39750e-01 2.09340e-17 1.18313e-04 
2936.61 1.12440e-05 3.39843e-01 2.09591e-17 1.18397e-04 
2950.00 1.11598e-05 3.46147e-01 2.25853e-17 1.29565e-04 
2950.28 1.11660e-05 3.46276e-01 2.26168e-17 1.29879e-04 
2951.09 1.11854e-05 3.46660e-01 2.27100e-17 1.30822e-04 
2963.95 1.15894e-05 3.52692e-01 2.40732e-17 1.46820e-04 
2965.85 1.16452e-05 3.53580e-01 2.42566e-17 1.49120e-04 
2970.00 1.17424e-05 3.55524e-01 2.46410e-17 1.53803e-04 
2977.64 1.18047e-05 3.59097e-01 2.52835e-17 1.60657e-04 
2980.68 1.17921e-05 3.60520e-01 2.55153e-17 1.62764e-04 
2990.00 1.16569e-05 3.64881e-01 2.61352e-17 1.67322e-04 
2991.33 1.16289e-05 3.65501e-01 2.62121e-17 1.67771e-04 
2995.58 1.15381e-05 3.67490e-01 2.64389e-17 1.69054e-04 
3005.03 1.14540e-05 3.71903e-01 2.68342e-17 1.72921e-04 
3010.00 1.15609e-05 3.74220e-01 2.69813e-17 1.76877e-04 
3010.56 1.15824e-05 3.74480e-01 2.69951e-17 1.77452e-04 
3018.74 1.20666e-05 3.78276e-01 2.71374e-17 1.88240e-04 
3025.61 1.25520e-05 3.81460e-01 2.71690e-17 1.98140e-04 
3030.00 1.27990e-05 3.83490e-01 2.71479e-17 2.03250e-04 
3032.45 1.28945e-05 3.84623e-01 2.71223e-17 2.05345e-04 
3040.74 1.30711e-05 3.88450e-01 2.69641e-17 2.09573e-04 
3046.18 1.31791e-05 3.90956e-01 2.68023e-17 2.11771e-04 
3050.00 1.33107e-05 3.92717e-01 2.66621e-17 2.13993e-04 
3055.94 1.36381e-05 3.95450e-01 2.64029e-17 2.19061e-04 
3059.91 1.38714e-05 3.97270e-01 2.62034e-17 2.22431e-04 
3070.00 1.40833e-05 4.01891e-01 2.56069e-17 2.23991e-04 
3071.22 1.40400e-05 4.02450e-01 2.55266e-17 2.23001e-04 
3073.65 1.39087e-05 4.03558e-01 2.53627e-17 2.20274e-04 
3086.58 1.30504e-05 4.09450e-01 2.43934e-17 2.02534e-04 
3087.40 1.30348e-05 4.09822e-01 2.43274e-17 2.01981e-04 
3090.00 1.30535e-05 4.11006e-01 2.41139e-17 2.01245e-04 
3101.15 1.41359e-05 4.16062e-01 2.31536e-17 2.12592e-04 
3102.01 1.42458e-05 4.16450e-01 2.30771e-17 2.13795e-04 
3110.00 1.50379e-05 4.20051e-01 2.23550e-17 2.21079e-04 
3114.92 1.51195e-05 4.22260e-01 2.19046e-17 2.19291e-04 
3117.52 1.50415e-05 4.23430e-01 2.16654e-17 2.16557e-04 
3128.69 1.42043e-05 4.28435e-01 2.06503e-17 1.97932e-04 
3130.00 1.40910e-05 4.29021e-01 2.05334e-17 1.95591e-04 
3133.11 1.38409e-05 4.30410e-01 2.02590e-17 1.90354e-04 
3142.47 1.33695e-05 4.34580e-01 1.94663e-17 1.78921e-04 
3148.77 1.34307e-05 4.37380e-01 1.89701e-17 1.76641e-04 
3150.00 1.34897e-05 4.37923e-01 1.88781e-17 1.76845e-04 
3156.26 1.39958e-05 4.40696e-01 1.84335e-17 1.80652e-04 
3164.52 1.46946e-05 4.44340e-01 1.79231e-17 1.86430e-04 
3170.00 1.47776e-05 4.46746e-01 1.76410e-17 1.85853e-04 
3170.06 1.47758e-05 4.46771e-01 1.76384e-17 1.85816e-04 
3180.34 1.37688e-05 4.51270e-01 1.72550e-17 1.71651e-04 
3183.86 1.33723e-05 4.52807e-01 1.71731e-17 1.66665e-04 
3190.00 1.30600e-05 4.55486e-01 1.70976e-17 1.63330e-04 
3196.24 1.34936e-05 4.58200e-01 1.71169e-17 1.70283e-04 
3197.67 1.36572e-05 4.58820e-01 1.71360e-17 1.72851e-04 
3210.00 1.44882e-05 4.64134e-01 1.75500e-17 1.90705e-04 
3211.49 1.43757e-05 4.64776e-01 1.76328e-17 1.90469e-04 
3212.22 1.42991e-05 4.65090e-01 1.76759e-17 1.90089e-04 
3225.32 1.21243e-05 4.70706e-01 1.87762e-17 1.73985e-04 
3228.29 1.18883e-05 4.71970e-01 1.91165e-17 1.74316e-04 
3230.00 1.18779e-05 4.72700e-01 1.93299e-17 1.76474e-04 
3239.16 1.34119e-05 4.76585e-01 2.06868e-17 2.15616e-04 
3244.43 1.49943e-05 4.78810e-01 2.16414e-17 2.53768e-04 
3250.00 1.67015e-05 4.81163e-01 2.28006e-17 2.99777e-04 
3253.01 1.74934e-05 4.82430e-01 2.34924e-17 3.24672e-04 
3260.65 1.89881e-05 4.85640e-01 2.54720e-17 3.85555e-04 
3266.86 1.96788e-05 4.88235e-01 2.73270e-17 4.31791e-04 
3270.00 1.98573e-05 4.89542e-01 2.83529e-17 4.53711e-04 
3276.95 1.98899e-05 4.92430e-01 3.08454e-17 4.98379e-04 
3280.72 1.97485e-05 4.93994e-01 3.23291e-17 5.20885e-04 
3290.00 1.91539e-05 4.97818e-01 3.63967e-17 5.74789e-04 
3293.34 1.89174e-05 4.99180e-01 3.80104e-17 5.95087e-04 
3294.59 1.88306e-05 4.99690e-01 3.86388e-17 6.02995e-04 
3308.47 1.80985e-05 5.05266e-01 4.63945e-17 7.06609e-04 
3309.80 1.80628e-05 5.05800e-01 4.72202e-17 7.18817e-04 
3310.00 1.80583e-05 5.05879e-01 4.73430e-17 7.20660e-04 
3322.36 1.80854e-05 5.10845e-01 5.57281e-17 8.61115e-04 
3326.35 1.81968e-05 5.12450e-01 5.87222e-17 9.16938e-04 
3330.00 1.83268e-05 5.13913e-01 6.15799e-17 9.72258e-04 
3336.25 1.85452e-05 5.16414e-01 6.67599e-17 1.07381e-03 
3342.98 1.84952e-05 5.19100e-01 7.27449e-17 1.17536e-03 
3350.00 1.77305e-05 5.21891e-01 7.94398e-17 1.23967e-03 
3350.15 1.77023e-05 5.21952e-01 7.95927e-17 1.24028e-03 
3359.70 1.53247e-05 5.25730e-01 8.94826e-17 1.21932e-03 
3364.07 1.42371e-05 5.27448e-01 9.43057e-17 1.19930e-03 
3370.00 1.33506e-05 5.29774e-01 1.01165e-16 1.21388e-03 
3376.50 1.35690e-05 5.32310e-01 1.09078e-16 1.33918e-03 
3377.98 1.37518e-05 5.32889e-01 1.10948e-16 1.38261e-03 
3390.00 1.56086e-05 5.37547e-01 1.26869e-16 1.81660e-03 
3391.91 1.57893e-05 5.38285e-01 1.29535e-16 1.87987e-03 
3393.38 1.58891e-05 5.38850e-01 1.31605e-16 1.92485e-03 
3405.85 1.59575e-05 5.43626e-01 1.50037e-16 2.23158e-03 
3410.00 1.59350e-05 5.45208e-01 1.56504e-16 2.33409e-03 
3410.35 1.59377e-05 5.45340e-01 1.57052e-16 2.34347e-03 
3419.79 1.62758e-05 5.48922e-01 1.72383e-16 2.65137e-03 
3427.40 1.67241e-05 5.51790e-01 1.85304e-16 2.95047e-03 
3430.00 1.68683e-05 5.52767e-01 1.89834e-16 3.05637e-03 
3433.74 1.70448e-05 5.54169e-01 1.96453e-16 3.20763e-03 
3444.54 1.73931e-05 5.58190e-01 2.16135e-16 3.63864e-03 
3447.70 1.74685e-05 5.59366e-01 2.22075e-16 3.76622e-03 
3450.00 1.75203e-05 5.60216e-01 2.26421e-16 3.85972e-03 
3461.67 1.78283e-05 5.64519e-01 2.49031e-16 4.36768e-03 
3461.76 1.78312e-05 5.64550e-01 2.49199e-16 4.37171e-03 
3470.00 1.82171e-05 5.67560e-01 2.65618e-16 4.79736e-03 
3475.65 1.86184e-05 5.69613e-01 2.77054e-16 5.14099e-03 
3479.07 1.89101e-05 5.70850e-01 2.84031e-16 5.36992e-03 
3489.64 1.99707e-05 5.74662e-01 3.05835e-16 6.16590e-03 
3490.00 2.00101e-05 5.74793e-01 3.06591e-16 6.19539e-03 
3496.46 2.06798e-05 5.77110e-01 3.20050e-16 6.72317e-03 
3503.63 2.11254e-05 5.79666e-01 3.35026e-16 7.23606e-03 
3510.00 2.09635e-05 5.81927e-01 3.48344e-16 7.50881e-03 
3513.95 2.05178e-05 5.83320e-01 3.56577e-16 7.54933e-03 
3517.63 1.99786e-05 5.84617e-01 3.64250e-16 7.53374e-03 
3530.00 1.91994e-05 5.88943e-01 3.89763e-16 7.83177e-03 
3531.51 1.93851e-05 5.89470e-01 3.92853e-16 7.98077e-03 
3531.64 1.94040e-05 5.89514e-01 3.93110e-16 7.99465e-03 
3545.66 2.23491e-05 5.94363e-01 4.21198e-16 9.98660e-03 
3549.17 2.25156e-05 5.95570e-01 4.28064e-16 1.02560e-02 
3550.00 2.24709e-05 5.95854e-01 4.29670e-16 1.02813e-02 
3559.69 1.98645e-05 5.99159e-01 4.48102e-16 9.55725e-03 
3566.92 1.70748e-05 6.01610e-01 4.61375e-16 8.51022e-03 
3570.00 1.61558e-05 6.02650e-01 4.66888e-16 8.16955e-03 
3573.72 1.54793e-05 6.03904e-01 4.73425e-16 7.96185e-03 
3584.75 1.56400e-05 6.07600e-01 4.91960e-16 8.43657e-03 
3587.76 1.60238e-05 6.08604e-01 4.96786e-16 8.75019e-03 
3590.00 1.63463e-05 6.09348e-01 5.00299e-16 9.00603e-03 
3601.82 1.80889e-05 6.13257e-01 5.17838e-16 1.04158e-02 
3602.68 1.82032e-05 6.13540e-01 5.19044e-16 1.05134e-02 
3610.00 1.90030e-05 6.15936e-01 5.28904e-16 1.12503e-02 
3615.88 1.93512e-05 6.17849e-01 5.36270e-16 1.16711e-02 
3620.69 1.94528e-05 6.19410e-01 5.41927e-16 1.19019e-02 
3629.94 1.92902e-05 6.22402e-01 5.51820e-16 1.21068e-02 
3630.00 1.92881e-05 6.22420e-01 5.51875e-16 1.21072e-02 
3638.79 1.93924e-05 6.25240e-01 5.60025e-16 1.24385e-02 
3640.00 1.95771e-05 6.25625e-01 5.61046e-16 1.25918e-02 
3644.02 2.05990e-05 6.26902e-01 5.64280e-16 1.33673e-02 
3650.00 2.24311e-05 6.28792e-01 5.68595e-16 1.47359e-02 
3656.99 2.35541e-05 6.30990e-01 5.72885e-16 1.56749e-02 
3658.11 2.36225e-05 6.31341e-01 5.73496e-16 1.57507e-02 
3670.00 2.31466e-05 6.35062e-01 5.78680e-16 1.57156e-02 
3672.20 2.29240e-05 6.35747e-01 5.79376e-16 1.56093e-02 
3675.27 2.26033e-05 6.36700e-01 5.80211e-16 1.54492e-02 
3686.30 2.18766e-05 6.40097e-01 5.81890e-16 1.51210e-02 
3690.00 2.19802e-05 6.41228e-01 5.81993e-16 1.52374e-02 
3693.65 2.23184e-05 6.42340e-01 5.81872e-16 1.55108e-02 
3700.41 2.31328e-05 6.44393e-01 5.81063e-16 1.61352e-02 
3710.00 2.30337e-05 6.47291e-01 5.78636e-16 1.61126e-02 
3712.12 2.25818e-05 6.47930e-01 5.77902e-16 1.58011e-02 
3714.53 2.18805e-05 6.48659e-01 5.76979e-16 1.53130e-02 
3728.66 1.69444e-05 6.52865e-01 5.69774e-16 1.18312e-02 
3730.00 1.66695e-05 6.53254e-01 5.68934e-16 1.16332e-02 
3730.68 1.65591e-05 6.53450e-01 5.68500e-16 1.15529e-02 
3742.79 1.71580e-05 6.56870e-01 5.59631e-16 1.18841e-02 
3749.33 1.86530e-05 6.58710e-01 5.54008e-16 1.28480e-02 
3750.00 1.88187e-05 6.58900e-01 5.53401e-16 1.29540e-02 
3756.94 2.04864e-05 6.60893e-01 5.46771e-16 1.40010e-02 
3768.08 2.25303e-05 6.64120e-01 5.34902e-16 1.51821e-02 
3770.00 2.27452e-05 6.64673e-01 5.32710e-16 1.52846e-02 
3771.09 2.28441e-05 6.64985e-01 5.31450e-16 1.53263e-02 
3785.25 2.33210e-05 6.69001e-01 5.13949e-16 1.52796e-02 
3786.92 2.33741e-05 6.69470e-01 5.11758e-16 1.52665e-02 
3790.00 2.35297e-05 6.70336e-01 5.07644e-16 1.52767e-02 
3799.42 2.41981e-05 6.72971e-01 4.94565e-16 1.54043e-02 
3805.85 2.38437e-05 6.74760e-01 4.85230e-16 1.49570e-02 
3810.00 2.27954e-05 6.75908e-01 4.79055e-16 1.41569e-02 
3813.60 2.12291e-05 6.76899e-01 4.73607e-16 1.30657e-02 
3824.88 1.51916e-05 6.79990e-01 4.56017e-16 9.07043e-03 
3827.78 1.41522e-05 6.80780e-01 4.51386e-16 8.38010e-03 
3830.00 1.36996e-05 6.81382e-01 4.47821e-16 8.05983e-03 
3841.98 1.59477e-05 6.84615e-01 4.28211e-16 9.04235e-03 
3844.01 1.66753e-05 6.85160e-01 4.24839e-16 9.39287e-03 
3850.00 1.84564e-05 6.86763e-01 4.14810e-16 1.01903e-02 
3856.18 1.90111e-05 6.88408e-01 4.04379e-16 1.02736e-02 
3863.23 1.85642e-05 6.90270e-01 3.92406e-16 9.77925e-03 
3870.00 1.80158e-05 6.92048e-01 3.80844e-16 9.25065e-03 
3870.39 1.80011e-05 6.92150e-01 3.80174e-16 9.22912e-03 
3882.54 1.90296e-05 6.95310e-01 3.59395e-16 9.29438e-03 
3884.61 1.95050e-05 6.95845e-01 3.55861e-16 9.44514e-03 
3890.00 2.11770e-05 6.97233e-01 3.46674e-16 1.00239e-02 
3898.84 2.46267e-05 6.99497e-01 3.31681e-16 1.12143e-02 
3901.96 2.54804e-05 7.00290e-01 3.26430e-16 1.14414e-02 
3910.00 2.50062e-05 7.02329e-01 3.12963e-16 1.08188e-02 
3913.08 2.33995e-05 7.03105e-01 3.07854e-16 9.97730e-03 
3921.46 1.70199e-05 7.05210e-01 2.94065e-16 6.96773e-03 
3927.32 1.36488e-05 7.06671e-01 2.84570e-16 5.42649e-03 
3930.00 1.31590e-05 7.07337e-01 2.80269e-16 5.16108e-03 
3941.07 1.83227e-05 7.10070e-01 2.62779e-16 6.78296e-03 
3941.58 1.86629e-05 7.10194e-01 2.61994e-16 6.89035e-03 
3950.00 2.23890e-05 7.12251e-01 2.49049e-16 7.89720e-03 
3955.84 2.09726e-05 7.13668e-01 2.40264e-16 7.16141e-03 
3960.78 1.83018e-05 7.14860e-01 2.32961e-16 6.07717e-03 
3970.00 1.54497e-05 7.17073e-01 2.19648e-16 4.86323e-03 
3970.11 1.54647e-05 7.17099e-01 2.19492e-16 4.86480e-03 
3980.58 2.22252e-05 7.19590e-01 2.04917e-16 6.56716e-03 
3984.39 2.58592e-05 7.20490e-01 1.99762e-16 7.46519e-03 
3990.00 3.04201e-05 7.21810e-01 1.92313e-16 8.48183e-03 
3998.68 3.32216e-05 7.23839e-01 1.81138e-16 8.76824e-03 
4000.48 3.32949e-05 7.24260e-01 1.78865e-16 8.68625e-03 
4010.00 3.25538e-05 7.26463e-01 1.67199e-16 7.98210e-03 
4012.97 3.23449e-05 7.27148e-01 1.63660e-16 7.77607e-03 
4020.49 3.21769e-05 7.28870e-01 1.54945e-16 7.35485e-03 
4027.28 3.22035e-05 7.30416e-01 1.47347e-16 7.02667e-03 
4030.00 3.21922e-05 7.31033e-01 1.44378e-16 6.89313e-03 
4040.59 3.17771e-05 7.33420e-01 1.33226e-16 6.31577e-03 
4041.59 3.17073e-05 7.33645e-01 1.32203e-16 6.25693e-03 
4050.00 3.09259e-05 7.35523e-01 1.23852e-16 5.74382e-03 
4055.92 3.02317e-05 7.36835e-01 1.18215e-16 5.37673e-03 
4060.79 2.97820e-05 7.37910e-01 1.13714e-16 5.10863e-03 
4070.00 2.99621e-05 7.39924e-01 1.05570e-16 4.79531e-03 
4070.25 2.99947e-05 7.39978e-01 1.05358e-16 4.79156e-03 
4081.10 3.24799e-05 7.42330e-01 9.63597e-17 4.77318e-03 
4084.59 3.33439e-05 7.43083e-01 9.35966e-17 4.76854e-03 
4090.00 3.42632e-05 7.44247e-01 8.94329e-17 4.69558e-03 
4098.93 3.41447e-05 7.46155e-01 8.28849e-17 4.35735e-03 
4101.50 3.38784e-05 7.46700e-01 8.10753e-17 4.23472e-03 
4110.00 3.30079e-05 7.48492e-01 7.53121e-17 3.84978e-03 
4113.29 3.28763e-05 7.49182e-01 7.31719e-17 3.73187e-03 
4122.01 3.30443e-05 7.51000e-01 6.77395e-17 3.48828e-03 
4127.66 3.32745e-05 7.52172e-01 6.44015e-17 3.34928e-03 
4130.00 3.33371e-05 7.52657e-01 6.30561e-17 3.28947e-03 
4142.03 3.32359e-05 7.55130e-01 5.65144e-17 2.95750e-03 
4142.62 3.32258e-05 7.55250e-01 5.62089e-17 2.94150e-03 
4150.00 3.32046e-05 7.56749e-01 5.25010e-17 2.75606e-03 
4156.41 3.34230e-05 7.58042e-01 4.94494e-17 2.62145e-03 
4163.33 3.36691e-05 7.59430e-01 4.63261e-17 2.48262e-03 
4170.00 3.35859e-05 7.60761e-01 4.34776e-17 2.33201e-03 
4170.80 3.35391e-05 7.60921e-01 4.31448e-17 2.31186e-03 
4184.15 3.21360e-05 7.63560e-01 3.79273e-17 1.96028e-03 
4185.20 3.20353e-05 7.63767e-01 3.75395e-17 1.93516e-03 
4190.00 3.17368e-05 7.64704e-01 3.58178e-17 1.83355e-03 
4199.61 3.20115e-05 7.66568e-01 3.25737e-17 1.68988e-03 
4205.07 3.23068e-05 7.67620e-01 3.08483e-17 1.61945e-03 
4210.00 3.23783e-05 7.68568e-01 2.93592e-17 1.54841e-03 
4214.03 3.21912e-05 7.69339e-01 2.81897e-17 1.48104e-03 
4226.10 3.11026e-05 7.71630e-01 2.49293e-17 1.27285e-03 
4228.45 3.09627e-05 7.72074e-01 2.43323e-17 1.23819e-03 
4230.00 3.09094e-05 7.72363e-01 2.39482e-17 1.21744e-03 
4242.89 3.13358e-05 7.74769e-01 2.09494e-17 1.08635e-03 
4247.23 3.14618e-05 7.75580e-01 2.00186e-17 1.04441e-03 
4250.00 3.14326e-05 7.76100e-01 1.94428e-17 1.01477e-03 
4257.33 3.08484e-05 7.77470e-01 1.79919e-17 9.24812e-04 
4268.46 2.94273e-05 7.79480e-01 1.59753e-17 7.87409e-04 
4270.00 2.92648e-05 7.79746e-01 1.57133e-17 7.70756e-04 
4271.78 2.91021e-05 7.80051e-01 1.54143e-17 7.52495e-04 
4286.24 2.75391e-05 7.82459e-01 1.31746e-17 6.12558e-04 
4289.80 2.66743e-05 7.83060e-01 1.26707e-17 5.71546e-04 
4290.00 2.66168e-05 7.83093e-01 1.26435e-17 5.69139e-04 
4300.71 2.28894e-05 7.84971e-01 1.12341e-17 4.37008e-04 
4310.00 2.21824e-05 7.86628e-01 1.01304e-17 3.83533e-04 
4311.25 2.25205e-05 7.86850e-01 9.98931e-18 3.84177e-04 
4315.19 2.42399e-05 7.87543e-01 9.55758e-18 3.96347e-04 
4329.68 3.22515e-05 7.90045e-01 8.11318e-18 4.50580e-04 
4330.00 3.23424e-05 7.90100e-01 8.08354e-18 4.50265e-04 
4332.81 3.28256e-05 7.90580e-01 7.82878e-18 4.43144e-04 
4344.17 3.14762e-05 7.92518e-01 6.87209e-18 3.74896e-04 
4350.00 3.08015e-05 7.93506e-01 6.42479e-18 3.43869e-04 
4354.47 3.11620e-05 7.94260e-01 6.09988e-18 3.30954e-04 
4358.68 3.20071e-05 7.94965e-01 5.80847e-18 3.24291e-04 
4370.00 3.40234e-05 7.96849e-01 5.08696e-18 3.03401e-04 
4373.19 3.39041e-05 7.97376e-01 4.89926e-18 2.91586e-04 
4376.25 3.34851e-05 7.97880e-01 4.72565e-18 2.78148e-04 
4387.71 3.11619e-05 7.99760e-01 4.12397e-18 2.27018e-04 
4390.00 3.08991e-05 8.00133e-01 4.01288e-18 2.19256e-04 
4398.13 3.11807e-05 8.01450e-01 3.64047e-18 2.01424e-04 
4402.24 3.18320e-05 8.02113e-01 3.46448e-18 1.96035e-04 
4410.00 3.33861e-05 8.03354e-01 3.15435e-18 1.87821e-04 
4416.78 3.45765e-05 8.04432e-01 2.90481e-18 1.79646e-04 
4420.12 3.50317e-05 8.04960e-01 2.78903e-18 1.75003e-04 
4430.00 3.57254e-05 8.06516e-01 2.47103e-18 1.58779e-04 
4431.33 3.57320e-05 8.06724e-01 2.43094e-18 1.56320e-04 
4442.22 3.53690e-05 8.08420e-01 2.12517e-18 1.35886e-04 
4445.89 3.52803e-05 8.08987e-01 2.03061e-18 1.29713e-04 
4450.00 3.53429e-05 8.09620e-01 1.92936e-18 1.23674e-04 
4460.45 3.63582e-05 8.11217e-01 1.69316e-18 1.12135e-04 
4464.43 3.68192e-05 8.11820e-01 1.61074e-18 1.08205e-04 
4470.00 3.72531e-05 8.12662e-01 1.50167e-18 1.02301e-04 
4475.03 3.73049e-05 8.13418e-01 1.40932e-18 9.63406e-05 
4486.75 3.73522e-05 8.15170e-01 1.21451e-18 8.35262e-05 
4489.61 3.76339e-05 8.15595e-01 1.17107e-18 8.12398e-05 
4490.00 3.76871e-05 8.15652e-01 1.16526e-18 8.09639e-05 
4504.20 4.07082e-05 8.17744e-01 9.71501e-19 7.33303e-05 
4509.19 4.12177e-05 8.18470e-01 9.11142e-19 6.97740e-05 
4510.00 4.12207e-05 8.18588e-01 9.01620e-19 6.90724e-05 
4518.80 3.99040e-05 8.19860e-01 8.04668e-19 5.98852e-05 
4530.00 3.73689e-05 8.21463e-01 6.95751e-19 4.87050e-05 
4531.73 3.71714e-05 8.21710e-01 6.80236e-19 4.73996e-05 
4533.41 3.70558e-05 8.21949e-01 6.65483e-19 4.62581e-05 
4548.03 3.82664e-05 8.24019e-01 5.49596e-19 3.96776e-05 
4550.00 3.86014e-05 8.24295e-01 5.35563e-19 3.90329e-05 
4554.39 3.93669e-05 8.24910e-01 5.05516e-19 3.76380e-05 
4562.66 4.05624e-05 8.26059e-01 4.53300e-19 3.48869e-05 
4570.00 4.08810e-05 8.27070e-01 4.11360e-19 3.19981e-05 
4577.16 4.02362e-05 8.28050e-01 3.74106e-19 2.87203e-05 
4577.29 4.02184e-05 8.28068e-01 3.73447e-19 2.86584e-05 
4590.00 3.86728e-05 8.29791e-01 3.15412e-19 2.33877e-05 
4591.94 3.86095e-05 8.30052e-01 3.07370e-19 2.27709e-05 
4600.05 3.89053e-05 8.31140e-01 2.75885e-19 2.06584e-05 
4606.59 3.93809e-05 8.32012e-01 2.52814e-19 1.92097e-05 
4610.00 3.95494e-05 8.32464e-01 2.41577e-19 1.84580e-05 
4621.26 3.93764e-05 8.33946e-01 2.07882e-19 1.58809e-05 
4623.05 3.92934e-05 8.34180e-01 2.02973e-19 1.54835e-05 
4630.00 3.90016e-05 8.35085e-01 1.85009e-19 1.40446e-05 
4635.93 3.89177e-05 8.35853e-01 1.70977e-19 1.29800e-05 
4646.16 3.91430e-05 8.37170e-01 1.49274e-19 1.14411e-05 
4650.00 3.93226e-05 8.37661e-01 1.41896e-19 1.09410e-05 
4650.61 3.93549e-05 8.37739e-01 1.40762e-19 1.08649e-05 
4665.30 4.01694e-05 8.39605e-01 1.16120e-19 9.19772e-06 
4669.39 4.02977e-05 8.40120e-01 1.10115e-19 8.76300e-06 
4670.00 4.03090e-05 8.40196e-01 1.09256e-19 8.69895e-06 
4680.00 4.01776e-05 8.41441e-01 9.61217e-20 7.65593e-06 
4690.00 3.95040e-05 8.42674e-01 8.47716e-20 6.66265e-06 
4692.74 3.92386e-05 8.43010e-01 8.19471e-20 6.40368e-06 
4694.70 3.90385e-05 8.43250e-01 7.99947e-20 6.22361e-06 
4709.42 3.80508e-05 8.45042e-01 6.71005e-20 5.11515e-06 
4710.00 3.80554e-05 8.45112e-01 6.66511e-20 5.08255e-06 
4716.20 3.83746e-05 8.45860e-01 6.20979e-20 4.78559e-06 
4724.15 3.91900e-05 8.46810e-01 5.69136e-20 4.49183e-06 
4730.00 3.97755e-05 8.47505e-01 5.35182e-20 4.29580e-06 
4738.88 4.02516e-05 8.48553e-01 4.90032e-20 3.99287e-06 
4739.79 4.02760e-05 8.48660e-01 4.85830e-20 3.96229e-06 
4750.00 4.03886e-05 8.49856e-01 4.43266e-20 3.63819e-06 
4753.62 4.04017e-05 8.50278e-01 4.30186e-20 3.53643e-06 
4763.48 4.04261e-05 8.51420e-01 3.99484e-20 3.29726e-06 
4768.37 4.04288e-05 8.51982e-01 3.86762e-20 3.19785e-06 
4770.00 4.04279e-05 8.52168e-01 3.82881e-20 3.16746e-06 
4783.14 4.03486e-05 8.53661e-01 3.57490e-20 2.96493e-06 
4787.30 4.02758e-05 8.54130e-01 3.51533e-20 2.91439e-06 
4790.00 4.02106e-05 8.54433e-01 3.48183e-20 2.88459e-06 
4797.91 3.99615e-05 8.55315e-01 3.40573e-20 2.81160e-06 
4810.00 3.97886e-05 8.56654e-01 3.34931e-20 2.76431e-06 
4811.24 3.98096e-05 8.56790e-01 3.34743e-20 2.76537e-06 
4812.68 3.98445e-05 8.56949e-01 3.34611e-20 2.76805e-06 
4827.47 4.03135e-05 8.58565e-01 3.38539e-20 2.84758e-06 
4830.00 4.03118e-05 8.58839e-01 3.40138e-20 2.86331e-06 
4835.29 4.01246e-05 8.59410e-01 3.44334e-20 2.89027e-06 
4842.27 3.94299e-05 8.60157e-01 3.51573e-20 2.90663e-06 
4850.00 3.79496e-05 8.60979e-01 3.61806e-20 2.88629e-06 
4857.08 3.60113e-05 8.61727e-01 3.73164e-20 2.83144e-06 
4859.47 3.53664e-05 8.61980e-01 3.77434e-20 2.81476e-06 
4870.00 3.38956e-05 8.63087e-01 3.98713e-20 2.85964e-06 
4871.89 3.40254e-05 8.63285e-01 4.02965e-20 2.90299e-06 
4883.77 3.68121e-05 8.64520e-01 4.32640e-20 3.38509e-06 
4886.71 3.76041e-05 8.64824e-01 4.40792e-20 3.52644e-06 
4890.00 3.83179e-05 8.65161e-01 4.50251e-20 3.67439e-06 
4901.55 3.89100e-05 8.66339e-01 4.86605e-20 4.04745e-06 
4908.19 3.84607e-05 8.67010e-01 5.09703e-20 4.19955e-06 
4910.00 3.83127e-05 8.67193e-01 5.16291e-20 4.23992e-06 
4916.39 3.78469e-05 8.67835e-01 5.40480e-20 4.39357e-06 
4930.00 3.75182e-05 8.69191e-01 5.97084e-20 4.83240e-06 
4931.24 3.75561e-05 8.69313e-01 6.02597e-20 4.88386e-06 
4932.73 3.76179e-05 8.69460e-01 6.09276e-20 4.94845e-06 
4946.10 3.86408e-05 8.70768e-01 6.73214e-20 5.64011e-06 
4950.00 3.89655e-05 8.71146e-01 6.93179e-20 5.86334e-06 
4957.39 3.94177e-05 8.71860e-01 7.32717e-20 6.28422e-06 
4960.97 3.95224e-05 8.72205e-01 7.52664e-20 6.47967e-06 
4970.00 3.93184e-05 8.73072e-01 8.05354e-20 6.91691e-06 
4975.85 3.87665e-05 8.73630e-01 8.41336e-20 7.13747e-06 
4982.18 3.79087e-05 8.74230e-01 8.81939e-20 7.33071e-06 
4990.00 3.67232e-05 8.74964e-01 9.34564e-20 7.54334e-06 
4990.74 3.66149e-05 8.75033e-01 9.39663e-20 7.56385e-06 
5005.63 3.51704e-05 8.76416e-01 1.04812e-19 8.14106e-06 
5007.09 3.51516e-05 8.76550e-01 1.05928e-19 8.22699e-06 
5010.00 3.52072e-05 8.76818e-01 1.08189e-19 8.42336e-06 
5020.54 3.62470e-05 8.77786e-01 1.16721e-19 9.38607e-06 
5030.00 3.72038e-05 8.78648e-01 1.24851e-19 1.03344e-05 
5032.12 3.72833e-05 8.78840e-01 1.26740e-19 1.05199e-05 
5035.45 3.73027e-05 8.79140e-01 1.29745e-19 1.07858e-05 
5050.00 3.71424e-05 8.80438e-01 1.43565e-19 1.19352e-05 
5050.38 3.71578e-05 8.80471e-01 1.43939e-19 1.19727e-05 
5057.29 3.76857e-05 8.81080e-01 1.50916e-19 1.27576e-05 
5065.31 3.83973e-05 8.81783e-01 1.59355e-19 1.37581e-05 
5070.00 3.85515e-05 8.82191e-01 1.64455e-19 1.42752e-05 
5080.25 3.78631e-05 8.83080e-01 1.76049e-19 1.50543e-05 
5082.57 3.76264e-05 8.83280e-01 1.78757e-19 1.52006e-05 
5090.00 3.70621e-05 8.83919e-01 1.87647e-19 1.57516e-05 
5095.20 3.70431e-05 8.84365e-01 1.94074e-19 1.63076e-05 
5107.98 3.75812e-05 8.85450e-01 2.10566e-19 1.80176e-05 
5110.00 3.76180e-05 8.85620e-01 2.13260e-19 1.82767e-05 
5110.17 3.76193e-05 8.85634e-01 2.13482e-19 1.82972e-05 
5125.13 3.70066e-05 8.86885e-01 2.34322e-19 1.98422e-05 
5130.00 3.67313e-05 8.87288e-01 2.41409e-19 2.03187e-05 
5133.52 3.65807e-05 8.87580e-01 2.46641e-19 2.06950e-05 
5140.11 3.63071e-05 8.88124e-01 2.56643e-19 2.14137e-05 
5150.00 3.54115e-05 8.88934e-01 2.72200e-19 2.22143e-05 
5155.10 3.45208e-05 8.89349e-01 2.80489e-19 2.23476e-05 
5159.19 3.36786e-05 8.89680e-01 2.87265e-19 2.23551e-05 
5170.00 3.17285e-05 8.90544e-01 3.05728e-19 2.24830e-05 
5170.10 3.17167e-05 8.90552e-01 3.05900e-19 2.24879e-05 
5184.99 3.16074e-05 8.91730e-01 3.32697e-19 2.44761e-05 
5185.11 3.16184e-05 8.91739e-01 3.32913e-19 2.45014e-05 
5190.00 3.22200e-05 8.92125e-01 3.42073e-19 2.56898e-05 
5200.12 3.40424e-05 8.92920e-01 3.61560e-19 2.87706e-05 
5210.00 3.55255e-05 8.93689e-01 3.81300e-19 3.17508e-05 
5210.91 3.56020e-05 8.93760e-01 3.83161e-19 3.19826e-05 
5215.15 3.58122e-05 8.94086e-01 3.91865e-19 3.29410e-05 
5230.00 3.61343e-05 8.95216e-01 4.23458e-19 3.60647e-05 
5230.18 3.61477e-05 8.95229e-01 4.23850e-19 3.61133e-05 
5236.97 3.68600e-05 8.95740e-01 4.38840e-19 3.81985e-05 
5245.22 3.74971e-05 8.96358e-01 4.57529e-19 4.06056e-05 
5250.00 3.72468e-05 8.96715e-01 4.68575e-19 4.13623e-05 
5260.28 3.48395e-05 8.97477e-01 4.92908e-19 4.08125e-05 
5263.15 3.40849e-05 8.97690e-01 4.99862e-19 4.05237e-05 
5270.00 3.30062e-05 8.98194e-01 5.16658e-19 4.06352e-05 
5275.34 3.33250e-05 8.98585e-01 5.29989e-19 4.21472e-05 
5289.47 3.67667e-05 8.99610e-01 5.66298e-19 4.98757e-05 
5290.00 3.68943e-05 8.99648e-01 5.67692e-19 5.01792e-05 
5290.41 3.69894e-05 8.99678e-01 5.68764e-19 5.04091e-05 
5305.49 3.85005e-05 9.00755e-01 6.09218e-19 5.64280e-05 
5310.00 3.80833e-05 9.01074e-01 6.21639e-19 5.70231e-05 
5315.92 3.69407e-05 9.01490e-01 6.38146e-19 5.68706e-05 
5320.58 3.58613e-05 9.01816e-01 6.51329e-19 5.64191e-05 
5330.00 3.44391e-05 9.02469e-01 6.78436e-19 5.65775e-05 
5335.68 3.46989e-05 9.02861e-01 6.95065e-19 5.84891e-05 
5342.50 3.57542e-05 9.03330e-01 7.15330e-19 6.21366e-05 
5350.00 3.69079e-05 9.03845e-01 7.37996e-19 6.63048e-05 
5350.78 3.69852e-05 9.03899e-01 7.40388e-19 6.66727e-05 
5365.90 3.69737e-05 9.04928e-01 7.87250e-19 7.11518e-05 
5369.21 3.68319e-05 9.05150e-01 7.97693e-19 7.18810e-05 
5370.00 3.68033e-05 9.05203e-01 8.00205e-19 7.20663e-05 
5381.03 3.66161e-05 9.05937e-01 8.35595e-19 7.50851e-05 
5390.00 3.63770e-05 9.06526e-01 8.64927e-19 7.73923e-05 
5396.05 3.59844e-05 9.06920e-01 8.84990e-19 7.84550e-05 
5396.17 3.59760e-05 9.06927e-01 8.85360e-19 7.84718e-05 
5410.00 3.51460e-05 9.07822e-01 9.31999e-19 8.09866e-05 
5411.31 3.51314e-05 9.07907e-01 9.36471e-19 8.13686e-05 
5423.03 3.55635e-05 9.08660e-01 9.76888e-19 8.61821e-05 
5426.47 3.58021e-05 9.08880e-01 9.88850e-19 8.78994e-05 
5430.00 3.60583e-05 9.09107e-01 1.00124e-18 8.97181e-05 
5441.63 3.67491e-05 9.09850e-01 1.04241e-18 9.54785e-05 
5450.00 3.69236e-05 9.10381e-01 1.07243e-18 9.89041e-05 
5450.15 3.69231e-05 9.10390e-01 1.07297e-18 9.89563e-05 
5456.80 3.67847e-05 9.10809e-01 1.09705e-18 1.00967e-04 
5470.00 3.62430e-05 9.11632e-01 1.14535e-18 1.04206e-04 
5471.99 3.61823e-05 9.11755e-01 1.15267e-18 1.04748e-04 
5477.40 3.60711e-05 9.12090e-01 1.17271e-18 1.06387e-04 
5487.18 3.60028e-05 9.12691e-01 1.20916e-18 1.09753e-04 
5490.00 3.59974e-05 9.12864e-01 1.21974e-18 1.10775e-04 
5502.38 3.59807e-05 9.13615e-01 1.26641e-18 1.15314e-04 
5504.79 3.59802e-05 9.13760e-01 1.27553e-18 1.16212e-04 
5510.00 3.59846e-05 9.14072e-01 1.29534e-18 1.18183e-04 
5517.59 3.60147e-05 9.14524e-01 1.32429e-18 1.21152e-04 
5530.00 3.62161e-05 9.15255e-01 1.37186e-18 1.26591e-04 
5532.31 3.62853e-05 9.15390e-01 1.38075e-18 1.27727e-04 
5532.81 3.63013e-05 9.15419e-01 1.38267e-18 1.27977e-04 
5548.04 3.66585e-05 9.16304e-01 1.44143e-18 1.35230e-04 
5550.00 3.66433e-05 9.16417e-01 1.44902e-18 1.35949e-04 
5559.97 3.62477e-05 9.16990e-01 1.48762e-18 1.38399e-04 
5563.28 3.60374e-05 9.17179e-01 1.50043e-18 1.38892e-04 
5570.00 3.55693e-05 9.17561e-01 1.52648e-18 1.39695e-04 
5578.53 3.50408e-05 9.18042e-01 1.55953e-18 1.40888e-04 
5587.77 3.47889e-05 9.18560e-01 1.59533e-18 1.43404e-04 
5590.00 3.48083e-05 9.18684e-01 1.60395e-18 1.44336e-04 
5593.79 3.49239e-05 9.18895e-01 1.61859e-18 1.46269e-04 
5609.05 3.57817e-05 9.19737e-01 1.67745e-18 1.55879e-04 
5610.00 3.58206e-05 9.19788e-01 1.68110e-18 1.56423e-04 
5615.71 3.59584e-05 9.20100e-01 1.70302e-18 1.59288e-04 
5624.33 3.59687e-05 9.20567e-01 1.73599e-18 1.62750e-04 
5630.00 3.59496e-05 9.20872e-01 1.75759e-18 1.64908e-04 
5639.62 3.59838e-05 9.21387e-01 1.79404e-18 1.68871e-04 
5643.79 3.59715e-05 9.21610e-01 1.80979e-18 1.70462e-04 
5650.00 3.58439e-05 9.21940e-01 1.83311e-18 1.72297e-04 
5654.91 3.56207e-05 9.22201e-01 1.85147e-18 1.73139e-04 
5670.00 3.50139e-05 9.22995e-01 1.90733e-18 1.75943e-04 
5670.22 3.50141e-05 9.23006e-01 1.90813e-18 1.76026e-04 
5672.01 3.50299e-05 9.23100e-01 1.91470e-18 1.76786e-04 
5685.53 3.54627e-05 9.23801e-01 1.96386e-18 1.84143e-04 
5690.00 3.54649e-05 9.24031e-01 1.97993e-18 1.85853e-04 
5700.37 3.49267e-05 9.24560e-01 2.01682e-18 1.86890e-04 
5700.86 3.48990e-05 9.24585e-01 2.01854e-18 1.86922e-04 
5710.00 3.47536e-05 9.25048e-01 2.05059e-18 1.89497e-04 
5716.19 3.52851e-05 9.25359e-01 2.07202e-18 1.94682e-04 
5728.87 3.66374e-05 9.25990e-01 2.11522e-18 2.06957e-04 
5730.00 3.66806e-05 9.26046e-01 2.11902e-18 2.07626e-04 
5731.53 3.67022e-05 9.26121e-01 2.12416e-18 2.08325e-04 
5746.88 3.57174e-05 9.26873e-01 2.17484e-18 2.08297e-04 
5750.00 3.55531e-05 9.27025e-01 2.18493e-18 2.08448e-04 
5757.52 3.55593e-05 9.27390e-01 2.20898e-18 2.11138e-04 
5762.25 3.57103e-05 9.27620e-01 2.22392e-18 2.13696e-04 
5770.00 3.58361e-05 9.27996e-01 2.24803e-18 2.17154e-04 
5777.62 3.55220e-05 9.28363e-01 2.27128e-18 2.17850e-04 
5786.30 3.49928e-05 9.28780e-01 2.29722e-18 2.17479e-04 
5790.00 3.48609e-05 9.28956e-01 2.30807e-18 2.17864e-04 
5793.00 3.48381e-05 9.29099e-01 2.31680e-18 2.18691e-04 
5808.39 3.54705e-05 9.29822e-01 2.36038e-18 2.27630e-04 
5810.00 3.55579e-05 9.29897e-01 2.36482e-18 2.28701e-04 
5815.23 3.58036e-05 9.30140e-01 2.37910e-18 2.31941e-04 
5823.79 3.60091e-05 9.30535e-01 2.40191e-18 2.35956e-04 
5830.00 3.59385e-05 9.30819e-01 2.41805e-18 2.37401e-04 
5839.20 3.55005e-05 9.31238e-01 2.44130e-18 2.37242e-04 
5844.31 3.52518e-05 9.31470e-01 2.45386e-18 2.37059e-04 
5850.00 3.51320e-05 9.31727e-01 2.46755e-18 2.37869e-04 
5854.62 3.52166e-05 9.31936e-01 2.47844e-18 2.39737e-04 
5870.00 3.51389e-05 9.32624e-01 2.51317e-18 2.43375e-04 
5870.05 3.51340e-05 9.32626e-01 2.51328e-18 2.43355e-04 
5873.53 3.46946e-05 9.32780e-01 2.52081e-18 2.41214e-04 
5885.49 3.27804e-05 9.33305e-01 2.54571e-18 2.30756e-04 
5890.00 3.24733e-05 9.33502e-01 2.55473e-18 2.29628e-04 
5900.94 3.34833e-05 9.33975e-01 2.57570e-18 2.39278e-04 
5902.90 3.37891e-05 9.34060e-01 2.57933e-18 2.41906e-04 
5910.00 3.47342e-05 9.34366e-01 2.59211e-18 2.50288e-04 
5916.39 3.50187e-05 9.34640e-01 2.60317e-18 2.53762e-04 
5930.00 3.46251e-05 9.35218e-01 2.62521e-18 2.53773e-04 
5931.86 3.45794e-05 9.35297e-01 2.62807e-18 2.53816e-04 
5932.41 3.45689e-05 9.35320e-01 2.62891e-18 2.53850e-04 
5947.34 3.46113e-05 9.35943e-01 2.65038e-18 2.57052e-04 
5950.00 3.46428e-05 9.36053e-01 2.65395e-18 2.57778e-04 
5962.08 3.47024e-05 9.36550e-01 2.66915e-18 2.60366e-04 
5962.83 3.47014e-05 9.36581e-01 2.67005e-18 2.60487e-04 
5970.00 3.46653e-05 9.36873e-01 2.67825e-18 2.61412e-04 
5978.32 3.45624e-05 9.37211e-01 2.68706e-18 2.61952e-04 
5990.00 3.43043e-05 9.37684e-01 2.69811e-18 2.61707e-04 
5991.89 3.42500e-05 9.37760e-01 2.69975e-18 2.61554e-04 
5993.83 3.41913e-05 9.37838e-01 2.70140e-18 2.61372e-04 
6009.34 3.37533e-05 9.38462e-01 2.71306e-18 2.59982e-04 
6010.00 3.37408e-05 9.38489e-01 2.71349e-18 2.59962e-04 
6021.85 3.36627e-05 9.38960e-01 2.72050e-18 2.60674e-04 
6024.87 3.36889e-05 9.39079e-01 2.72204e-18 2.61189e-04 
6030.00 3.37779e-05 9.39281e-01 2.72442e-18 2.62388e-04 
6040.41 3.40847e-05 9.39686e-01 2.72836e-18 2.65725e-04 
6050.00 3.43237e-05 9.40055e-01 2.73093e-18 2.68372e-04 
6051.96 3.43463e-05 9.40130e-01 2.73133e-18 2.68696e-04 
6055.95 3.43579e-05 9.40282e-01 2.73203e-18 2.69077e-04 
6070.00 3.40728e-05 9.40814e-01 2.73308e-18 2.67717e-04 
6071.50 3.40159e-05 9.40870e-01 2.73307e-18 2.67351e-04 
6082.21 3.35646e-05 9.41270e-01 2.73228e-18 2.64305e-04 
6087.07 3.33973e-05 9.41450e-01 2.73152e-18 2.63175e-04 
6090.00 3.33285e-05 9.41558e-01 2.73094e-18 2.62734e-04 
6102.64 3.32278e-05 9.42020e-01 2.72742e-18 2.62274e-04 
6110.00 3.30248e-05 9.42286e-01 2.72460e-18 2.60790e-04 
6112.63 3.28777e-05 9.42380e-01 2.72347e-18 2.59657e-04 
6118.23 3.24789e-05 9.42580e-01 2.72081e-18 2.56547e-04 
6130.00 3.18605e-05 9.42994e-01 2.71418e-18 2.51643e-04 
6133.82 3.18895e-05 9.43127e-01 2.71174e-18 2.51837e-04 
6143.19 3.22219e-05 9.43450e-01 2.70514e-18 2.54318e-04 
6149.42 3.22912e-05 9.43663e-01 2.70028e-18 2.54722e-04 
6150.00 3.22795e-05 9.43682e-01 2.69981e-18 2.54615e-04 
6165.04 3.13271e-05 9.44187e-01 2.68648e-18 2.46615e-04 
6170.00 3.11990e-05 9.44351e-01 2.68161e-18 2.45402e-04 
6173.91 3.13244e-05 9.44480e-01 2.67763e-18 2.46212e-04 
6180.66 3.18702e-05 9.44701e-01 2.67041e-18 2.50159e-04 
6190.00 3.27058e-05 9.45008e-01 2.65976e-18 2.56163e-04 
6196.29 3.29461e-05 9.45218e-01 2.65215e-18 2.57626e-04 
6204.77 3.28884e-05 9.45510e-01 2.64136e-18 2.56558e-04 
6210.00 3.27396e-05 9.45696e-01 2.63441e-18 2.54989e-04 
6211.93 3.26778e-05 9.45766e-01 2.63177e-18 2.54352e-04 
6227.59 3.20287e-05 9.46341e-01 2.60936e-18 2.47950e-04 
6230.00 3.18894e-05 9.46429e-01 2.60573e-18 2.46647e-04 
6235.80 3.15151e-05 9.46640e-01 2.59682e-18 2.43198e-04 
6243.25 3.11030e-05 9.46904e-01 2.58500e-18 2.39278e-04 
6250.00 3.09943e-05 9.47138e-01 2.57392e-18 2.37735e-04 
6258.92 3.14045e-05 9.47441e-01 2.55876e-18 2.39882e-04 
6266.98 3.19886e-05 9.47710e-01 2.54459e-18 2.43372e-04 
6270.00 3.21732e-05 9.47810e-01 2.53915e-18 2.44396e-04 
6274.60 3.23609e-05 9.47962e-01 2.53076e-18 2.45228e-04 
6290.00 3.22443e-05 9.48463e-01 2.50163e-18 2.42254e-04 
6290.29 3.22326e-05 9.48472e-01 2.50106e-18 2.42125e-04 
6298.31 3.18360e-05 9.48730e-01 2.48528e-18 2.38003e-04 
6305.99 3.14519e-05 9.48975e-01 2.46978e-18 2.34011e-04 
6310.00 3.13155e-05 9.49102e-01 2.46156e-18 2.32399e-04 
6321.71 3.12777e-05 9.49469e-01 2.43700e-18 2.30319e-04 
6329.80 3.13928e-05 9.49720e-01 2.41956e-18 2.29866e-04 
6330.00 3.13954e-05 9.49726e-01 2.41913e-18 2.29853e-04 
6337.43 3.14607e-05 9.49954e-01 2.40282e-18 2.29101e-04 
6350.00 3.14281e-05 9.50335e-01 2.37455e-18 2.26712e-04 
6353.16 3.13925e-05 9.50430e-01 2.36733e-18 2.25901e-04 
6361.45 3.12906e-05 9.50680e-01 2.34813e-18 2.23691e-04 
6368.90 3.12626e-05 9.50904e-01 2.33063e-18 2.22138e-04 
6370.00 3.12689e-05 9.50937e-01 2.32802e-18 2.21979e-04 
6384.65 3.14574e-05 9.51375e-01 2.29282e-18 2.20548e-04 
6390.00 3.14157e-05 9.51534e-01 2.27974e-18 2.19220e-04 
6393.26 3.13208e-05 9.51630e-01 2.27171e-18 2.17922e-04 
6400.41 3.10046e-05 9.51840e-01 2.25398e-18 2.14324e-04 
6410.00 3.06706e-05 9.52119e-01 2.22991e-18 2.10127e-04 
6416.18 3.06893e-05 9.52298e-01 2.21423e-18 2.09017e-04 
6425.23 3.08802e-05 9.52560e-01 2.19105e-18 2.08467e-04 
6430.00 3.09342e-05 9.52698e-01 2.17872e-18 2.07840e-04 
6431.96 3.09284e-05 9.52755e-01 2.17364e-18 2.07393e-04 
6447.75 3.05634e-05 9.53208e-01 2.13232e-18 2.01638e-04 
6450.00 3.05202e-05 9.53272e-01 2.12638e-18 2.00876e-04 
6457.35 3.04673e-05 9.53480e-01 2.10688e-18 1.98959e-04 
6463.55 3.04602e-05 9.53653e-01 2.09035e-18 1.97577e-04 
6470.00 3.03996e-05 9.53832e-01 2.07305e-18 1.95785e-04 
6479.36 3.01442e-05 9.54089e-01 2.04781e-18 1.92105e-04 
6489.64 2.99674e-05 9.54370e-01 2.01992e-18 1.88731e-04 
6490.00 2.99691e-05 9.54380e-01 2.01893e-18 1.88662e-04 
6495.18 3.00634e-05 9.54521e-01 2.00481e-18 1.88110e-04 
6510.00 3.05632e-05 9.54924e-01 1.96419e-18 1.87870e-04 
6511.01 3.05818e-05 9.54951e-01 1.96142e-18 1.87752e-04 
6522.09 3.05848e-05 9.55250e-01 1.93088e-18 1.85220e-04 
6526.85 3.05353e-05 9.55377e-01 1.91772e-18 1.83818e-04 
6530.00 3.05087e-05 9.55461e-01 1.90900e-18 1.82928e-04 
6542.70 3.02620e-05 9.55797e-01 1.87379e-18 1.78511e-04 
6550.00 2.95538e-05 9.55988e-01 1.85351e-18 1.72673e-04 
6554.70 2.87357e-05 9.56110e-01 1.84045e-18 1.66852e-04 
6558.56 2.79771e-05 9.56210e-01 1.82971e-18 1.61611e-04 
6570.00 2.66398e-05 9.56504e-01 1.79789e-18 1.51520e-04 
6574.43 2.69583e-05 9.56617e-01 1.78556e-18 1.52401e-04 
6587.47 2.93746e-05 9.56950e-01 1.74929e-18 1.63066e-04 
6590.00 2.97698e-05 9.57014e-01 1.74226e-18 1.64671e-04 
6590.31 2.98109e-05 9.57022e-01 1.74140e-18 1.64826e-04 
6606.20 3.02397e-05 9.57426e-01 1.69731e-18 1.63425e-04 
6610.00 3.01197e-05 9.57521e-01 1.68678e-18 1.61876e-04 
6620.41 2.99204e-05 9.57780e-01 1.65800e-18 1.58353e-04 
6622.10 2.99049e-05 9.57822e-01 1.65334e-18 1.57873e-04 
6630.00 2.98726e-05 9.58014e-01 1.63157e-18 1.55843e-04 
6638.01 2.98683e-05 9.58207e-01 1.60956e-18 1.53935e-04 
6650.00 2.97646e-05 9.58495e-01 1.57674e-18 1.50590e-04 
6653.51 2.96852e-05 9.58580e-01 1.56717e-18 1.49368e-04 
6653.93 2.96746e-05 9.58590e-01 1.56603e-18 1.49217e-04 
6669.86 2.93870e-05 9.58978e-01 1.52280e-18 1.44094e-04 
6670.00 2.93877e-05 9.58981e-01 1.52242e-18 1.44065e-04 
6685.80 2.97110e-05 9.59366e-01 1.47992e-18 1.41977e-04 
6686.78 2.97217e-05 9.59390e-01 1.47730e-18 1.41801e-04 
6690.00 2.97248e-05 9.59468e-01 1.46870e-18 1.41069e-04 
6701.75 2.93696e-05 9.59751e-01 1.43745e-18 1.36698e-04 
6710.00 2.91340e-05 9.59948e-01 1.41567e-18 1.33738e-04 
6717.71 2.91778e-05 9.60131e-01 1.39543e-18 1.32201e-04 
6720.21 2.92272e-05 9.60190e-01 1.38889e-18 1.31862e-04 
6730.00 2.93855e-05 9.60420e-01 1.36343e-18 1.30366e-04 
6733.68 2.93714e-05 9.60505e-01 1.35390e-18 1.29475e-04 
6749.66 2.90425e-05 9.60875e-01 1.31291e-18 1.24491e-04 
6750.00 2.90369e-05 9.60883e-01 1.31205e-18 1.24393e-04 
6753.81 2.89911e-05 9.60970e-01 1.30235e-18 1.23360e-04 
6765.65 2.89722e-05 9.61240e-01 1.27248e-18 1.20697e-04 
6770.00 2.89760e-05 9.61338e-01 1.26159e-18 1.19769e-04 
6781.65 2.89225e-05 9.61599e-01 1.23265e-18 1.17039e-04 
6787.58 2.88577e-05 9.61730e-01 1.21806e-18 1.15511e-04 
6790.00 2.88242e-05 9.61783e-01 1.21214e-18 1.14863e-04 
6797.66 2.87034e-05 9.61949e-01 1.19346e-18 1.12765e-04 
6810.00 2.86056e-05 9.62214e-01 1.16373e-18 1.09811e-04 
6813.69 2.86326e-05 9.62293e-01 1.15492e-18 1.09151e-04 
6821.52 2.87236e-05 9.62460e-01 1.13634e-18 1.07878e-04 
6829.72 2.87179e-05 9.62635e-01 1.11708e-18 1.06175e-04 
6830.00 2.87136e-05 9.62642e-01 1.11642e-18 1.06102e-04 
6845.76 2.82063e-05 9.62979e-01 1.07994e-18 1.01089e-04 
6850.00 2.81090e-05 9.63070e-01 1.07024e-18 9.99077e-05 
6855.63 2.80895e-05 9.63190e-01 1.05746e-18 9.87392e-05 
6861.81 2.81665e-05 9.63321e-01 1.04352e-18 9.78065e-05 
6870.00 2.83011e-05 9.63495e-01 1.02524e-18 9.66848e-05 
6877.87 2.83472e-05 9.63660e-01 1.00785e-18 9.53254e-05 
6889.91 2.82764e-05 9.63910e-01 9.81640e-19 9.28004e-05 
6890.00 2.82755e-05 9.63912e-01 9.81437e-19 9.27796e-05 
6893.94 2.82332e-05 9.63993e-01 9.72943e-19 9.18994e-05 
6910.00 2.80549e-05 9.64321e-01 9.38859e-19 8.83553e-05 
6910.03 2.80547e-05 9.64321e-01 9.38803e-19 8.83497e-05 
6924.36 2.79566e-05 9.64610e-01 9.09060e-19 8.54539e-05 
6926.12 2.79461e-05 9.64645e-01 9.05445e-19 8.51068e-05 
6930.00 2.79215e-05 9.64723e-01 8.97520e-19 8.43416e-05 
6942.22 2.78284e-05 9.64965e-01 8.72876e-19 8.19170e-05 
6950.00 2.77726e-05 9.65117e-01 8.57434e-19 8.04091e-05 
6958.33 2.77318e-05 9.65278e-01 8.41101e-19 7.88691e-05 
6958.98 2.77297e-05 9.65290e-01 8.39850e-19 7.87542e-05 
6970.00 2.77234e-05 9.65497e-01 8.18608e-19 7.68828e-05 
6974.46 2.77354e-05 9.65580e-01 8.10126e-19 7.61743e-05 
6990.00 2.75843e-05 9.65862e-01 7.81043e-19 7.32237e-05 
6990.59 2.75655e-05 9.65873e-01 7.79952e-19 7.30786e-05 
6993.77 2.74453e-05 9.65930e-01 7.74099e-19 7.22511e-05 
7006.73 2.69023e-05 9.66161e-01 7.50580e-19 6.88137e-05 
7010.00 2.68330e-05 9.66220e-01 7.44738e-19 6.81382e-05 
7022.89 2.69918e-05 9.66452e-01 7.22009e-19 6.65877e-05 
7028.74 2.71416e-05 9.66560e-01 7.11858e-19 6.60783e-05 
7030.00 2.71683e-05 9.66583e-01 7.09689e-19 6.59551e-05 
7039.05 2.72615e-05 9.66754e-01 6.94235e-19 6.48351e-05 
7050.00 2.72072e-05 9.66964e-01 6.75886e-19 6.31074e-05 
7055.23 2.71465e-05 9.67064e-01 6.67255e-19 6.22150e-05 
7063.88 2.70264e-05 9.67230e-01 6.53144e-19 6.07147e-05 
7070.00 2.69418e-05 9.67346e-01 6.43317e-19 5.96728e-05 
7071.41 2.69238e-05 9.67373e-01 6.41064e-19 5.94375e-05 
7087.61 2.67935e-05 9.67676e-01 6.15655e-19 5.69534e-05 
7090.00 2.67907e-05 9.67720e-01 6.11967e-19 5.66279e-05 
7099.20 2.68114e-05 9.67890e-01 5.97944e-19 5.54548e-05 
7103.81 2.68167e-05 9.67975e-01 5.91020e-19 5.48639e-05 
7110.00 2.67866e-05 9.68088e-01 5.81819e-19 5.40024e-05 
7120.03 2.66135e-05 9.68268e-01 5.67150e-19 5.23842e-05 
7130.00 2.63899e-05 9.68441e-01 5.52853e-19 5.07147e-05 
7134.70 2.63047e-05 9.68520e-01 5.46215e-19 4.99810e-05 
7136.25 2.62812e-05 9.68546e-01 5.44035e-19 4.97493e-05 
7150.00 2.61876e-05 9.68761e-01 5.25048e-19 4.79446e-05 
7152.49 2.61940e-05 9.68798e-01 5.21666e-19 4.76658e-05 
7168.74 2.61475e-05 9.69019e-01 5.00030e-19 4.57219e-05 
7170.00 2.61183e-05 9.69035e-01 4.98379e-19 4.55288e-05 
7170.37 2.61085e-05 9.69040e-01 4.97891e-19 4.54697e-05 
7184.99 2.55626e-05 9.69210e-01 4.79116e-19 4.29352e-05 
7190.00 2.54610e-05 9.69264e-01 4.72822e-19 4.22344e-05 
7201.26 2.56248e-05 9.69380e-01 4.58910e-19 4.13252e-05 
7206.23 2.57622e-05 9.69430e-01 4.52885e-19 4.10316e-05 
7210.00 2.58443e-05 9.69468e-01 4.48349e-19 4.07731e-05 
7217.54 2.58951e-05 9.69542e-01 4.39400e-19 4.00826e-05 
7230.00 2.58233e-05 9.69649e-01 4.24934e-19 3.87266e-05 
7233.83 2.58126e-05 9.69676e-01 4.20571e-19 3.83344e-05 
7242.26 2.58283e-05 9.69720e-01 4.11094e-19 3.75388e-05 
7250.00 2.58677e-05 9.69743e-01 4.02548e-19 3.68547e-05 
7250.13 2.58684e-05 9.69744e-01 4.02410e-19 3.68437e-05 
7266.44 2.58292e-05 9.69811e-01 3.84901e-19 3.52688e-05 
7270.00 2.57470e-05 9.69842e-01 3.81161e-19 3.48332e-05 
7278.47 2.54268e-05 9.69960e-01 3.72400e-19 3.36525e-05 
7282.76 2.52572e-05 9.70048e-01 3.68030e-19 3.30584e-05 
7290.00 2.50821e-05 9.70233e-01 3.60744e-19 3.22174e-05 
7299.09 2.51738e-05 9.70509e-01 3.51782e-19 3.15802e-05 
7310.00 2.54021e-05 9.70861e-01 3.41267e-19 3.09715e-05 
7314.86 2.54165e-05 9.71010e-01 3.36672e-19 3.05968e-05 
7315.43 2.54141e-05 9.71027e-01 3.36142e-19 3.05486e-05 
7330.00 2.52491e-05 9.71410e-01 3.22699e-19 2.92061e-05 
7331.78 2.52361e-05 9.71452e-01 3.21093e-19 2.90541e-05 
7348.14 2.52723e-05 9.71796e-01 3.06620e-19 2.78561e-05 
7350.00 2.52846e-05 9.71832e-01 3.05010e-19 2.77314e-05 
7351.43 2.52939e-05 9.71860e-01 3.03773e-19 2.76354e-05 
7364.51 2.53143e-05 9.72105e-01 2.92709e-19 2.67043e-05 
7370.00 2.52495e-05 9.72204e-01 2.88168e-19 2.62450e-05 
7380.89 2.49538e-05 9.72395e-01 2.79342e-19 2.51854e-05 
7388.19 2.47075e-05 9.72520e-01 2.73560e-19 2.44479e-05 
7390.00 2.46498e-05 9.72550e-01 2.72144e-19 2.42712e-05 
7397.28 2.44535e-05 9.72672e-01 2.66505e-19 2.36052e-05 
7410.00 2.43106e-05 9.72877e-01 2.56907e-19 2.26658e-05 
7413.69 2.43295e-05 9.72935e-01 2.54181e-19 2.24552e-05 
7425.13 2.44751e-05 9.73110e-01 2.45884e-19 2.18899e-05 
7430.00 2.45243e-05 9.73182e-01 2.42428e-19 2.16415e-05 
7430.10 2.45250e-05 9.73184e-01 2.42356e-19 2.16360e-05 
7446.53 2.45163e-05 9.73419e-01 2.31014e-19 2.06667e-05 
7450.00 2.45204e-05 9.73468e-01 2.28677e-19 2.04716e-05 
7462.26 2.46109e-05 9.73640e-01 2.20595e-19 1.98571e-05 
7462.96 2.46157e-05 9.73650e-01 2.20140e-19 1.98220e-05 
7470.00 2.46288e-05 9.73749e-01 2.15624e-19 1.94460e-05 
7479.41 2.45208e-05 9.73880e-01 2.09718e-19 1.88568e-05 
7490.00 2.43653e-05 9.74028e-01 2.03241e-19 1.81869e-05 
7495.86 2.43309e-05 9.74109e-01 1.99734e-19 1.78633e-05 
7499.57 2.43270e-05 9.74160e-01 1.97545e-19 1.76743e-05 
7510.00 2.43372e-05 9.74301e-01 1.91500e-19 1.71671e-05 
7512.33 2.43353e-05 9.74333e-01 1.90173e-19 1.70527e-05 
7528.81 2.42969e-05 9.74551e-01 1.81022e-19 1.62456e-05 
7530.00 2.42968e-05 9.74567e-01 1.80374e-19 1.61902e-05 
7537.07 2.43087e-05 9.74660e-01 1.76585e-19 1.58742e-05 
7545.29 2.43141e-05 9.74768e-01 1.72264e-19 1.55079e-05 
7550.00 2.42919e-05 9.74830e-01 1.69836e-19 1.52859e-05 
7561.79 2.41370e-05 9.74983e-01 1.63888e-19 1.46817e-05 
7570.00 2.40281e-05 9.75089e-01 1.59860e-19 1.42733e-05 
7574.75 2.39946e-05 9.75150e-01 1.57569e-19 1.40588e-05 
7578.30 2.39812e-05 9.75195e-01 1.55879e-19 1.39073e-05 
7590.00 2.39423e-05 9.75342e-01 1.50421e-19 1.34214e-05 
7594.82 2.39039e-05 9.75402e-01 1.48223e-19 1.32132e-05 
7610.00 2.37715e-05 9.75588e-01 1.41494e-19 1.25709e-05 
7611.35 2.37668e-05 9.75605e-01 1.40908e-19 1.25189e-05 
7612.63 2.37642e-05 9.75620e-01 1.40358e-19 1.24709e-05 
7627.89 2.38116e-05 9.75804e-01 1.33921e-19 1.19489e-05 
7630.00 2.38221e-05 9.75829e-01 1.33054e-19 1.18804e-05 
7644.44 2.37982e-05 9.76004e-01 1.27250e-19 1.13743e-05 
7650.00 2.36863e-05 9.76072e-01 1.25080e-19 1.11366e-05 
7650.69 2.36663e-05 9.76080e-01 1.24813e-19 1.11045e-05 
7661.01 2.32885e-05 9.76207e-01 1.20882e-19 1.05988e-05 
7670.00 2.30852e-05 9.76319e-01 1.17549e-19 1.02297e-05 
7677.58 2.31785e-05 9.76412e-01 1.14806e-19 1.00423e-05 
7688.94 2.34351e-05 9.76550e-01 1.10804e-19 9.81541e-06 
7690.00 2.34443e-05 9.76563e-01 1.10439e-19 9.78835e-06 
7694.16 2.34367e-05 9.76612e-01 1.09010e-19 9.66432e-06 
7710.00 2.31605e-05 9.76794e-01 1.03730e-19 9.10816e-06 
7710.76 2.31531e-05 9.76803e-01 1.03483e-19 9.08461e-06 
7727.36 2.31584e-05 9.76990e-01 9.82146e-20 8.64427e-06 
7727.39 2.31583e-05 9.76990e-01 9.82063e-20 8.64355e-06 
7730.00 2.31441e-05 9.77019e-01 9.74008e-20 8.57055e-06 
7743.98 2.29075e-05 9.77175e-01 9.31935e-20 8.13249e-06 
7750.00 2.28439e-05 9.77241e-01 9.14334e-20 7.96348e-06 
7760.60 2.29349e-05 9.77354e-01 8.84099e-20 7.74228e-06 
7766.03 2.30206e-05 9.77410e-01 8.69004e-20 7.64430e-06 
7770.00 2.30702e-05 9.77450e-01 8.58090e-20 7.56874e-06 
7777.24 2.30986e-05 9.77521e-01 8.38538e-20 7.41282e-06 
7790.00 2.30318e-05 9.77642e-01 8.05099e-20 7.10915e-06 
7793.89 2.30053e-05 9.77678e-01 7.95159e-20 7.01707e-06 
7804.86 2.29225e-05 9.77780e-01 7.67743e-20 6.76095e-06 
7810.00 2.28691e-05 9.77828e-01 7.55190e-20 6.63959e-06 
7810.55 2.28625e-05 9.77833e-01 7.53866e-20 6.62655e-06 
7827.22 2.26338e-05 9.77994e-01 7.14573e-20 6.23263e-06 
7830.00 2.26030e-05 9.78022e-01 7.08203e-20 6.17103e-06 
7843.88 2.25371e-05 9.78170e-01 6.77229e-20 5.89524e-06 
7843.90 2.25371e-05 9.78170e-01 6.77191e-20 5.89492e-06 
7850.00 2.25517e-05 9.78240e-01 6.63981e-20 5.78858e-06 
7860.59 2.26173e-05 9.78365e-01 6.41638e-20 5.61838e-06 
7870.00 2.26523e-05 9.78477e-01 6.22375e-20 5.46528e-06 
7877.29 2.26243e-05 9.78563e-01 6.07834e-20 5.33642e-06 
7883.10 2.25729e-05 9.78630e-01 5.96476e-20 5.22902e-06 
7890.00 2.24932e-05 9.78706e-01 5.83245e-20 5.09983e-06 
7894.00 2.24430e-05 9.78748e-01 5.75700e-20 5.02538e-06 
7910.00 2.21828e-05 9.78907e-01 5.46455e-20 4.72511e-06 
7910.73 2.21673e-05 9.78914e-01 5.45163e-20 4.71111e-06 
7922.51 2.18944e-05 9.79020e-01 5.24567e-20 4.48447e-06 
7927.46 2.17956e-05 9.79063e-01 5.16150e-20 4.39554e-06 
7930.00 2.17555e-05 9.79084e-01 5.11876e-20 4.35261e-06 
7944.20 2.16975e-05 9.79203e-01 4.88592e-20 4.15148e-06 
7950.00 2.17469e-05 9.79252e-01 4.79385e-20 4.08569e-06 
7960.96 2.19143e-05 9.79349e-01 4.62422e-20 3.97735e-06 
7962.13 2.19333e-05 9.79360e-01 4.60651e-20 3.96617e-06 
7970.00 2.20391e-05 9.79436e-01 4.48865e-20 3.88748e-06 
7977.73 2.20754e-05 9.79515e-01 4.37577e-20 3.79994e-06 
7990.00 2.19909e-05 9.79646e-01 4.20205e-20 3.64119e-06 
7994.50 2.19224e-05 9.79696e-01 4.13995e-20 3.57841e-06 
8001.94 2.17954e-05 9.79780e-01 4.03941e-20 3.47479e-06 
8010.00 2.16893e-05 9.79872e-01 3.93299e-20 3.37050e-06 
8011.29 2.16795e-05 9.79887e-01 3.91617e-20 3.35515e-06 
8028.09 2.16324e-05 9.80081e-01 3.70387e-20 3.17364e-06 
8030.00 2.16190e-05 9.80103e-01 3.68048e-20 3.15247e-06 
8041.95 2.14692e-05 9.80240e-01 3.53713e-20 3.01359e-06 
8044.90 2.14373e-05 9.80274e-01 3.50250e-20 2.98085e-06 
8050.00 2.14130e-05 9.80331e-01 3.44355e-20 2.92938e-06 
8061.72 2.15028e-05 9.80461e-01 3.31154e-20 2.83339e-06 
8070.00 2.15171e-05 9.80551e-01 3.22131e-20 2.76111e-06 
8078.56 2.13612e-05 9.80642e-01 3.13050e-20 2.66691e-06 
8082.16 2.12725e-05 9.80680e-01 3.09302e-20 2.62531e-06 
8090.00 2.11243e-05 9.80762e-01 3.01289e-20 2.54215e-06 
8095.40 2.11070e-05 9.80817e-01 2.95889e-20 2.49635e-06 
8110.00 2.12557e-05 9.80964e-01 2.81749e-20 2.39848e-06 
8112.25 2.12769e-05 9.80987e-01 2.79625e-20 2.38349e-06 
8122.57 2.13163e-05 9.81090e-01 2.70101e-20 2.30975e-06 
8129.12 2.12947e-05 9.81155e-01 2.64216e-20 2.25909e-06 
8130.00 2.12891e-05 9.81164e-01 2.63434e-20 2.25208e-06 
8145.99 2.11510e-05 9.81323e-01 2.49619e-20 2.12465e-06 
8150.00 2.11338e-05 9.81362e-01 2.46270e-20 2.09555e-06 
8162.88 2.11307e-05 9.81487e-01 2.35794e-20 2.00954e-06 
8163.18 2.11292e-05 9.81490e-01 2.35555e-20 2.00745e-06 
8170.00 2.10427e-05 9.81555e-01 2.30190e-20 1.95545e-06 
8179.78 2.07265e-05 9.81648e-01 2.22702e-20 1.86582e-06 
8190.00 2.04173e-05 9.81742e-01 2.15128e-20 1.77787e-06 
8196.69 2.03711e-05 9.81804e-01 2.10308e-20 1.73562e-06 
8204.00 2.04166e-05 9.81870e-01 2.05160e-20 1.69855e-06 
8210.00 2.04580e-05 9.81924e-01 2.01023e-20 1.66899e-06 
8213.61 2.04619e-05 9.81956e-01 1.98576e-20 1.64976e-06 
8230.00 2.03908e-05 9.82100e-01 1.87817e-20 1.55828e-06 
8230.54 2.03902e-05 9.82105e-01 1.87473e-20 1.55550e-06 
8245.02 2.04618e-05 9.82230e-01 1.78459e-20 1.48871e-06 
8247.48 2.04833e-05 9.82251e-01 1.76967e-20 1.47829e-06 
8250.00 2.05058e-05 9.82273e-01 1.75455e-20 1.46774e-06 
8264.43 2.06068e-05 9.82396e-01 1.67028e-20 1.40677e-06 
8270.00 2.06185e-05 9.82443e-01 1.63885e-20 1.38208e-06 
8281.40 2.05702e-05 9.82539e-01 1.57627e-20 1.32815e-06 
8286.24 2.05217e-05 9.82580e-01 1.55039e-20 1.30408e-06 
8290.00 2.04736e-05 9.82612e-01 1.53059e-20 1.28503e-06 
8298.37 2.03359e-05 9.82682e-01 1.48737e-20 1.24168e-06 
8310.00 2.00827e-05 9.82781e-01 1.42931e-20 1.18013e-06 
8315.36 1.99451e-05 9.82826e-01 1.40330e-20 1.15151e-06 
