##### EXOPHOT SPECTRAL OVERLAP FILE #####
# Date: 01/12/2021 13:14:54
# SED file: SED_g2v.txt
# atmosphere file: atm_g2v_hzi_os3.txt
# photopigment file: phot2f.txt
# Stellar radius (Rs in km): 6.963400e+05
# Exoplanet orbit semi-major axis (sma in km): 1.070123e+08
# Total absorption rate (gamma_t in s-1): 1.67752e+01
# B band absorption rate (gamma_B in s-1): 2.08420e+00
# Q band absorption rate (gamma_Q in s-1): 1.46910e+01
# B-Q bands cut-off (in nm): 500
# photosynthetic photon flux density [ppfd in micromol photon m-2 s-1]: 4.15744e+03
# Total Stellar Irradiance (S in W m-2): 2.62457e+03
# -------------------------------------------------
# Col 1: Wavelength (wl in Angstrom) 
# Col 2: Spectral Flux Density (F_l in J cm-2 s-1 A-1) 
# Col 3: Atmosphere transmitance (T, no units) 
# Col 4: Pigment absorption cross section (sigma_abs in cm-2) 
# Col 5: Spectral Absorption Rate (Gamma_lambda in A-1 s-1)
2507.89 1.18990e-06 1.49173e-01 4.09003e-27 9.16557e-16 
2513.00 7.20367e-07 1.51121e-01 1.09992e-26 1.51480e-15 
2515.76 5.77312e-07 1.52180e-01 1.32518e-26 1.47446e-15 
2518.00 5.09218e-07 1.53044e-01 1.50183e-26 1.48362e-15 
2523.54 4.91536e-07 1.55195e-01 2.19287e-26 2.12510e-15 
2525.00 5.15282e-07 1.55764e-01 2.49277e-26 2.54319e-15 
2528.34 5.96549e-07 1.57070e-01 3.46583e-26 4.13337e-15 
2535.00 7.15489e-07 1.59696e-01 7.07216e-26 1.03122e-14 
2539.21 6.86872e-07 1.61365e-01 1.08906e-25 1.54297e-14 
2540.98 6.97928e-07 1.62070e-01 1.29494e-25 1.87365e-14 
2545.00 9.18208e-07 1.63675e-01 1.91703e-25 3.69117e-14 
2553.68 2.13503e-06 1.67150e-01 4.48395e-25 2.05713e-13 
2554.88 2.21681e-06 1.67631e-01 5.02171e-25 2.40009e-13 
2555.00 2.22178e-06 1.67677e-01 5.07625e-25 2.43238e-13 
2565.00 1.87982e-06 1.71693e-01 1.29123e-24 5.38125e-13 
2566.45 1.94933e-06 1.72280e-01 1.47875e-24 6.41610e-13 
2570.57 2.39523e-06 1.73957e-01 2.15475e-24 1.16182e-12 
2575.00 2.84961e-06 1.75773e-01 3.18911e-24 2.07065e-12 
2579.28 2.85795e-06 1.77540e-01 4.67141e-24 3.07766e-12 
2585.00 2.53231e-06 1.79909e-01 7.73259e-24 4.58437e-12 
2586.27 2.47352e-06 1.80437e-01 8.62225e-24 5.01023e-12 
2592.18 2.30527e-06 1.82900e-01 1.41998e-23 7.81277e-12 
2595.00 2.22019e-06 1.84078e-01 1.80291e-23 9.62561e-12 
2601.98 1.87087e-06 1.87006e-01 3.22431e-23 1.47762e-11 
2605.00 1.72809e-06 1.88280e-01 4.11128e-23 1.75420e-11 
2605.14 1.72250e-06 1.88340e-01 4.15804e-23 1.76907e-11 
2615.00 1.56465e-06 1.92528e-01 9.14863e-23 3.62795e-11 
2617.70 1.58657e-06 1.93679e-01 1.12909e-22 4.57205e-11 
2618.17 1.59738e-06 1.93880e-01 1.17070e-22 4.77867e-11 
2625.00 2.29914e-06 1.96802e-01 1.97055e-22 1.17824e-10 
2631.26 4.04533e-06 1.99490e-01 3.16072e-22 3.37868e-10 
2633.43 4.65074e-06 2.00425e-01 3.70974e-22 4.58418e-10 
2635.00 5.01118e-06 2.01105e-01 4.16021e-22 5.56137e-10 
2644.41 6.63110e-06 2.05190e-01 8.19569e-22 1.48450e-09 
2645.00 6.82365e-06 2.05445e-01 8.54537e-22 1.59512e-09 
2649.17 8.61164e-06 2.07262e-01 1.14580e-21 2.72740e-09 
2655.00 9.98980e-06 2.09813e-01 1.70964e-21 4.78941e-09 
2657.64 9.25030e-06 2.10970e-01 2.04583e-21 5.34152e-09 
2664.92 5.66203e-06 2.14176e-01 3.33295e-21 5.42224e-09 
2665.00 5.63700e-06 2.14212e-01 3.35099e-21 5.42858e-09 
2670.92 5.56603e-06 2.16830e-01 4.92180e-21 7.98682e-09 
2675.00 6.66834e-06 2.18635e-01 6.39341e-21 1.25521e-08 
2680.68 8.10216e-06 2.21157e-01 9.14685e-21 2.21178e-08 
2684.28 8.24709e-06 2.22760e-01 1.14146e-20 2.83366e-08 
2685.00 8.15790e-06 2.23082e-01 1.19286e-20 2.93427e-08 
2695.00 5.44566e-06 2.27557e-01 2.17825e-20 3.66210e-08 
2696.45 5.48611e-06 2.28209e-01 2.37240e-20 4.03183e-08 
2697.70 5.66222e-06 2.28770e-01 2.55164e-20 4.48872e-08 
2705.00 7.12513e-06 2.32056e-01 3.88172e-20 8.73976e-08 
2711.19 5.95769e-06 2.34850e-01 5.49769e-20 1.04986e-07 
2712.24 5.60202e-06 2.35323e-01 5.82511e-20 1.04849e-07 
2715.00 4.65830e-06 2.36575e-01 6.77713e-20 1.02079e-07 
2724.74 3.19232e-06 2.41000e-01 1.14239e-19 1.20555e-07 
2725.00 3.20982e-06 2.41116e-01 1.15783e-19 1.22926e-07 
2728.03 3.61850e-06 2.42496e-01 1.35619e-19 1.63429e-07 
2735.00 4.37698e-06 2.45679e-01 1.93564e-19 2.86582e-07 
2738.37 3.79720e-06 2.47220e-01 2.29153e-19 2.96544e-07 
2743.83 2.41111e-06 2.49723e-01 2.99864e-19 2.49390e-07 
2745.00 2.24190e-06 2.50257e-01 3.17286e-19 2.45991e-07 
2752.06 2.80122e-06 2.53500e-01 4.44014e-19 4.36820e-07 
2755.00 3.38661e-06 2.54854e-01 5.09355e-19 6.09707e-07 
2759.65 4.15309e-06 2.56998e-01 6.30622e-19 9.35079e-07 
2765.00 4.77991e-06 2.59471e-01 8.01740e-19 1.38408e-06 
2765.82 4.85781e-06 2.59850e-01 8.31415e-19 1.46126e-06 
2775.00 4.86362e-06 2.64096e-01 1.23808e-18 2.22154e-06 
2775.47 4.79230e-06 2.64316e-01 1.26328e-18 2.23576e-06 
2779.65 3.86739e-06 2.66250e-01 1.50508e-18 2.16860e-06 
2785.00 2.44368e-06 2.68733e-01 1.87508e-18 1.72637e-06 
2791.31 1.34772e-06 2.71669e-01 2.41397e-18 1.24195e-06 
2793.55 1.11886e-06 2.72710e-01 2.63509e-18 1.13071e-06 
2795.00 1.00457e-06 2.73387e-01 2.78800e-18 1.07735e-06 
2805.00 1.26785e-06 2.78054e-01 4.07016e-18 2.02613e-06 
2807.16 1.70443e-06 2.79063e-01 4.40629e-18 2.96174e-06 
2807.52 1.79018e-06 2.79230e-01 4.46397e-18 3.15374e-06 
2815.00 4.13152e-06 2.82732e-01 5.83588e-18 9.66034e-06 
2821.55 6.16294e-06 2.85800e-01 7.32066e-18 1.83152e-05 
2823.02 6.47785e-06 2.86486e-01 7.69319e-18 2.02898e-05 
2825.00 6.76852e-06 2.87414e-01 8.22270e-18 2.27488e-05 
2835.00 5.89106e-06 2.92100e-01 1.13871e-17 2.79650e-05 
2835.66 5.73846e-06 2.92410e-01 1.16279e-17 2.78527e-05 
2838.89 4.90553e-06 2.93924e-01 1.28647e-17 2.65089e-05 
2845.00 3.11641e-06 2.96795e-01 1.55057e-17 2.05404e-05 
2849.84 1.84949e-06 2.99070e-01 1.78972e-17 1.42021e-05 
2854.77 1.44976e-06 3.01389e-01 2.06304e-17 1.29547e-05 
2855.00 1.46711e-06 3.01499e-01 2.07674e-17 1.32026e-05 
2864.09 4.38465e-06 3.05780e-01 2.67051e-17 5.16235e-05 
2865.00 4.81315e-06 3.06210e-01 2.73671e-17 5.81734e-05 
2870.66 7.30276e-06 3.08876e-01 3.17666e-17 1.03549e-04 
2875.00 8.30347e-06 3.10919e-01 3.54957e-17 1.32631e-04 
2878.41 8.16613e-06 3.12520e-01 3.86480e-17 1.42921e-04 
2885.00 7.41674e-06 3.15606e-01 4.53264e-17 1.54091e-04 
2886.56 7.51676e-06 3.16335e-01 4.70233e-17 1.62478e-04 
2892.80 9.07888e-06 3.19250e-01 5.42730e-17 2.29081e-04 
2895.00 9.82772e-06 3.20277e-01 5.70051e-17 2.61495e-04 
2902.47 1.20783e-05 3.23772e-01 6.69967e-17 3.82814e-04 
2907.27 1.30436e-05 3.26020e-01 7.39893e-17 4.60488e-04 
2910.00 1.33517e-05 3.27306e-01 7.81842e-17 5.00525e-04 
2918.40 1.31693e-05 3.31264e-01 9.19817e-17 5.89529e-04 
2921.80 1.27845e-05 3.32870e-01 9.79697e-17 6.13230e-04 
2930.00 1.17404e-05 3.36732e-01 1.13271e-16 6.60505e-04 
2934.33 1.13710e-05 3.38771e-01 1.21832e-16 6.93260e-04 
2936.41 1.12533e-05 3.39750e-01 1.26057e-16 7.12440e-04 
2950.00 1.11598e-05 3.46147e-01 1.55245e-16 8.90594e-04 
2950.28 1.11660e-05 3.46276e-01 1.55861e-16 8.95044e-04 
2951.09 1.11854e-05 3.46660e-01 1.57697e-16 9.08418e-04 
2965.85 1.16452e-05 3.53580e-01 1.91907e-16 1.17976e-03 
2966.23 1.16557e-05 3.53760e-01 1.92816e-16 1.18718e-03 
2970.00 1.17424e-05 3.55524e-01 2.01785e-16 1.25949e-03 
2980.68 1.17921e-05 3.60520e-01 2.27313e-16 1.45005e-03 
2982.20 1.17791e-05 3.61232e-01 2.30938e-16 1.47521e-03 
2990.00 1.16569e-05 3.64881e-01 2.49355e-16 1.59641e-03 
2995.58 1.15381e-05 3.67490e-01 2.62245e-16 1.67684e-03 
2998.18 1.14910e-05 3.68703e-01 2.68129e-16 1.71459e-03 
3010.00 1.15609e-05 3.74220e-01 2.93734e-16 1.92559e-03 
3010.56 1.15824e-05 3.74480e-01 2.94886e-16 1.93843e-03 
3014.16 1.17638e-05 3.76156e-01 3.02181e-16 2.02896e-03 
3025.61 1.25520e-05 3.81460e-01 3.23468e-16 2.35901e-03 
3030.00 1.27990e-05 3.83490e-01 3.30787e-16 2.47653e-03 
3030.16 1.28064e-05 3.83566e-01 3.31052e-16 2.48057e-03 
3040.74 1.30711e-05 3.88450e-01 3.46472e-16 2.69289e-03 
3046.18 1.31791e-05 3.90956e-01 3.53133e-16 2.79017e-03 
3050.00 1.33107e-05 3.92717e-01 3.57277e-16 2.86754e-03 
3055.94 1.36381e-05 3.95450e-01 3.62815e-16 3.01023e-03 
3062.20 1.39848e-05 3.98320e-01 3.67449e-16 3.15530e-03 
3070.00 1.40833e-05 4.01891e-01 3.71509e-16 3.24971e-03 
3071.22 1.40400e-05 4.02450e-01 3.71975e-16 3.24958e-03 
3078.23 1.35649e-05 4.05648e-01 3.73776e-16 3.18715e-03 
3086.58 1.30504e-05 4.09450e-01 3.74052e-16 3.10569e-03 
3090.00 1.30535e-05 4.11006e-01 3.73611e-16 3.11801e-03 
3094.27 1.33269e-05 4.12946e-01 3.72635e-16 3.19439e-03 
3102.01 1.42458e-05 4.16450e-01 3.69741e-16 3.42542e-03 
3110.00 1.50379e-05 4.20051e-01 3.65396e-16 3.61358e-03 
3110.33 1.50544e-05 4.20198e-01 3.65192e-16 3.61715e-03 
3117.52 1.50415e-05 4.23430e-01 3.60231e-16 3.60070e-03 
3126.39 1.44065e-05 4.27407e-01 3.53064e-16 3.42154e-03 
3130.00 1.40910e-05 4.29021e-01 3.49885e-16 3.33284e-03 
3133.11 1.38409e-05 4.30410e-01 3.47046e-16 3.26086e-03 
3142.47 1.33695e-05 4.34580e-01 3.38092e-16 3.10752e-03 
3148.77 1.34307e-05 4.37380e-01 3.31850e-16 3.09003e-03 
3150.00 1.34897e-05 4.37923e-01 3.30628e-16 3.09723e-03 
3158.56 1.42179e-05 4.41712e-01 3.22102e-16 3.21648e-03 
3164.52 1.46946e-05 4.44340e-01 3.16255e-16 3.28959e-03 
3170.00 1.47776e-05 4.46746e-01 3.11016e-16 3.27665e-03 
3174.66 1.44436e-05 4.48785e-01 3.06706e-16 3.17728e-03 
3180.34 1.37688e-05 4.51270e-01 3.01661e-16 3.00088e-03 
3190.00 1.30600e-05 4.55486e-01 2.93742e-16 2.80606e-03 
3190.77 1.30751e-05 4.55820e-01 2.93153e-16 2.80641e-03 
3196.24 1.34936e-05 4.58200e-01 2.89125e-16 2.87628e-03 
3206.89 1.45180e-05 4.62795e-01 2.82254e-16 3.06156e-03 
3210.00 1.44882e-05 4.64134e-01 2.80494e-16 3.04796e-03 
3212.22 1.42991e-05 4.65090e-01 2.79306e-16 3.00370e-03 
3223.02 1.24497e-05 4.69721e-01 2.74367e-16 2.60326e-03 
3228.29 1.18883e-05 4.71970e-01 2.72446e-16 2.48433e-03 
3230.00 1.18779e-05 4.72700e-01 2.71887e-16 2.48221e-03 
3239.16 1.34119e-05 4.76585e-01 2.69434e-16 2.80828e-03 
3244.43 1.49943e-05 4.78810e-01 2.68407e-16 3.14736e-03 
3250.00 1.67015e-05 4.81163e-01 2.67597e-16 3.51831e-03 
3255.32 1.80222e-05 4.83401e-01 2.67065e-16 3.81284e-03 
3260.65 1.89881e-05 4.85640e-01 2.66743e-16 4.03753e-03 
3270.00 1.98573e-05 4.89542e-01 2.66605e-16 4.26629e-03 
3271.48 1.99032e-05 4.90157e-01 2.66625e-16 4.28378e-03 
3276.95 1.98899e-05 4.92430e-01 2.66779e-16 4.31043e-03 
3287.66 1.93208e-05 4.96857e-01 2.67340e-16 4.24745e-03 
3290.00 1.91539e-05 4.97818e-01 2.67490e-16 4.22429e-03 
3293.34 1.89174e-05 4.99180e-01 2.67710e-16 4.19125e-03 
3303.84 1.82791e-05 5.03413e-01 2.68382e-16 4.10749e-03 
3309.80 1.80628e-05 5.05800e-01 2.68687e-16 4.09013e-03 
3310.00 1.80583e-05 5.05879e-01 2.68696e-16 4.09011e-03 
3320.04 1.80398e-05 5.09914e-01 2.68955e-16 4.13499e-03 
3326.35 1.81968e-05 5.12450e-01 2.68893e-16 4.19873e-03 
3330.00 1.83268e-05 5.13913e-01 2.68762e-16 4.24336e-03 
3336.25 1.85452e-05 5.16414e-01 2.68349e-16 4.31629e-03 
3342.98 1.84952e-05 5.19100e-01 2.67609e-16 4.32383e-03 
3350.00 1.77305e-05 5.21891e-01 2.66481e-16 4.15848e-03 
3352.47 1.72197e-05 5.22872e-01 2.65990e-16 4.04179e-03 
3359.70 1.53247e-05 5.25730e-01 2.64260e-16 3.60090e-03 
3368.70 1.34596e-05 5.29267e-01 2.61465e-16 3.15869e-03 
3370.00 1.33506e-05 5.29774e-01 2.61003e-16 3.13178e-03 
3376.50 1.35690e-05 5.32310e-01 2.58449e-16 3.17304e-03 
3384.95 1.48772e-05 5.35593e-01 2.54539e-16 3.45609e-03 
3390.00 1.56086e-05 5.37547e-01 2.51882e-16 3.60663e-03 
3393.38 1.58891e-05 5.38850e-01 2.49972e-16 3.65606e-03 
3401.20 1.60235e-05 5.41852e-01 2.45151e-16 3.64441e-03 
3410.00 1.59350e-05 5.45208e-01 2.39077e-16 3.56558e-03 
3410.35 1.59377e-05 5.45340e-01 2.38824e-16 3.56363e-03 
3417.47 1.61559e-05 5.48043e-01 2.33407e-16 3.55538e-03 
3427.40 1.67241e-05 5.51790e-01 2.25182e-16 3.58542e-03 
3430.00 1.68683e-05 5.52767e-01 2.22909e-16 3.58887e-03 
3433.74 1.70448e-05 5.54169e-01 2.19554e-16 3.58481e-03 
3444.54 1.73931e-05 5.58190e-01 2.09387e-16 3.52503e-03 
3450.00 1.75203e-05 5.60216e-01 2.03988e-16 3.47733e-03 
3450.03 1.75210e-05 5.60228e-01 2.03956e-16 3.47702e-03 
3461.76 1.78312e-05 5.64550e-01 1.91901e-16 3.36652e-03 
3466.33 1.80191e-05 5.66223e-01 1.87058e-16 3.33035e-03 
3470.00 1.82171e-05 5.67560e-01 1.83126e-16 3.30747e-03 
3479.07 1.89101e-05 5.70850e-01 1.73272e-16 3.27589e-03 
3482.64 1.92466e-05 5.72142e-01 1.69347e-16 3.26940e-03 
3490.00 2.00101e-05 5.74793e-01 1.61229e-16 3.25801e-03 
3496.46 2.06798e-05 5.77110e-01 1.54083e-16 3.23676e-03 
3498.96 2.08887e-05 5.78004e-01 1.51320e-16 3.21811e-03 
3510.00 2.09635e-05 5.81927e-01 1.39200e-16 3.00055e-03 
3513.95 2.05178e-05 5.83320e-01 1.34911e-16 2.85630e-03 
3515.30 2.03258e-05 5.83796e-01 1.33449e-16 2.80228e-03 
3530.00 1.91994e-05 5.88943e-01 1.17856e-16 2.36816e-03 
3531.51 1.93851e-05 5.89470e-01 1.16287e-16 2.36237e-03 
3531.64 1.94040e-05 5.89514e-01 1.16157e-16 2.36228e-03 
3548.00 2.25199e-05 5.95167e-01 9.97954e-17 2.38904e-03 
3549.17 2.25156e-05 5.95570e-01 9.86634e-17 2.36387e-03 
3550.00 2.24709e-05 5.95854e-01 9.78703e-17 2.34187e-03 
3564.36 1.80106e-05 6.00746e-01 8.46361e-17 1.64316e-03 
3566.92 1.70748e-05 6.01610e-01 8.23927e-17 1.51976e-03 
3570.00 1.61558e-05 6.02650e-01 7.97327e-17 1.39515e-03 
3580.74 1.52965e-05 6.06259e-01 7.08661e-17 1.18464e-03 
3584.75 1.56400e-05 6.07600e-01 6.77208e-17 1.16134e-03 
3590.00 1.63463e-05 6.09348e-01 6.37438e-17 1.14747e-03 
3597.13 1.74202e-05 6.11713e-01 5.85906e-17 1.13060e-03 
3602.68 1.82032e-05 6.13540e-01 5.47851e-17 1.10969e-03 
3610.00 1.90030e-05 6.15936e-01 5.00276e-17 1.06414e-03 
3613.53 1.92443e-05 6.17087e-01 4.78412e-17 1.03349e-03 
3620.69 1.94528e-05 6.19410e-01 4.36247e-17 9.58093e-04 
3629.94 1.92902e-05 6.22402e-01 3.85875e-17 8.46597e-04 
3630.00 1.92881e-05 6.22420e-01 3.85588e-17 8.45914e-04 
3638.79 1.93924e-05 6.25240e-01 3.41951e-17 7.59493e-04 
3640.00 1.95771e-05 6.25625e-01 3.36273e-17 7.54710e-04 
3646.37 2.13447e-05 6.27645e-01 3.07505e-17 7.56208e-04 
3650.00 2.24311e-05 6.28792e-01 2.91988e-17 7.56724e-04 
3656.99 2.35541e-05 6.30990e-01 2.63877e-17 7.22002e-04 
3662.80 2.36527e-05 6.32814e-01 2.42169e-17 6.68363e-04 
3670.00 2.31466e-05 6.35062e-01 2.17333e-17 5.90226e-04 
3675.27 2.26033e-05 6.36700e-01 2.00493e-17 5.33850e-04 
3679.25 2.22241e-05 6.37930e-01 1.88513e-17 4.95019e-04 
3690.00 2.19802e-05 6.41228e-01 1.59078e-17 4.16489e-04 
3693.65 2.23184e-05 6.42340e-01 1.50009e-17 3.99876e-04 
3695.71 2.25701e-05 6.42966e-01 1.45087e-17 3.91714e-04 
3710.00 2.30337e-05 6.47291e-01 1.14556e-17 3.18992e-04 
3712.12 2.25818e-05 6.47930e-01 1.10540e-17 3.02241e-04 
3712.18 2.25665e-05 6.47948e-01 1.10428e-17 3.01743e-04 
3728.66 1.69444e-05 6.52865e-01 8.31388e-18 1.72635e-04 
3730.00 1.66695e-05 6.53254e-01 8.12014e-18 1.66035e-04 
3730.68 1.65591e-05 6.53450e-01 8.02384e-18 1.63058e-04 
3745.15 1.76538e-05 6.57531e-01 6.19308e-18 1.35536e-04 
3749.33 1.86530e-05 6.58710e-01 5.73819e-18 1.33075e-04 
3750.00 1.88187e-05 6.58900e-01 5.66822e-18 1.32681e-04 
3761.65 2.14884e-05 6.62260e-01 4.56558e-18 1.23035e-04 
3768.08 2.25303e-05 6.64120e-01 4.04371e-18 1.14772e-04 
3770.00 2.27452e-05 6.64673e-01 3.89833e-18 1.11852e-04 
3778.17 2.31823e-05 6.67002e-01 3.33179e-18 9.79862e-05 
3786.92 2.33741e-05 6.69470e-01 2.80853e-18 8.37826e-05 
3790.00 2.35297e-05 6.70336e-01 2.64282e-18 7.95315e-05 
3794.70 2.39065e-05 6.71652e-01 2.40745e-18 7.38444e-05 
3805.85 2.38437e-05 6.74760e-01 1.92290e-18 5.92729e-05 
3810.00 2.27954e-05 6.75908e-01 1.76692e-18 5.22155e-05 
3811.23 2.23207e-05 6.76248e-01 1.72282e-18 4.98933e-05 
3824.88 1.51916e-05 6.79990e-01 1.29808e-18 2.58196e-05 
3827.78 1.41522e-05 6.80780e-01 1.22133e-18 2.26742e-05 
3830.00 1.36996e-05 6.81382e-01 1.16551e-18 2.09768e-05 
3844.01 1.66753e-05 6.85160e-01 8.64171e-19 1.91062e-05 
3844.34 1.67948e-05 6.85251e-01 8.57894e-19 1.91075e-05 
3850.00 1.84564e-05 6.86763e-01 7.58866e-19 1.86425e-05 
3860.92 1.87758e-05 6.89661e-01 5.97237e-19 1.50313e-05 
3863.23 1.85642e-05 6.90270e-01 5.67453e-19 1.41416e-05 
3870.00 1.80158e-05 6.92048e-01 4.87932e-19 1.18518e-05 
3877.50 1.82451e-05 6.94003e-01 4.12166e-19 1.01872e-05 
3882.54 1.90296e-05 6.95310e-01 3.67605e-19 9.50671e-06 
3890.00 2.11770e-05 6.97233e-01 3.09952e-19 8.96210e-06 
3894.10 2.28107e-05 6.98284e-01 2.82038e-19 8.80660e-06 
3901.96 2.54804e-05 7.00290e-01 2.34990e-19 8.23642e-06 
3910.00 2.50062e-05 7.02329e-01 1.94604e-19 6.72726e-06 
3910.70 2.47085e-05 7.02507e-01 1.91403e-19 6.54071e-06 
3921.46 1.70199e-05 7.05210e-01 1.48261e-19 3.51298e-06 
3927.32 1.36488e-05 7.06671e-01 1.28852e-19 2.45710e-06 
3930.00 1.31590e-05 7.07337e-01 1.20806e-19 2.22461e-06 
3941.07 1.83227e-05 7.10070e-01 9.23441e-20 2.38363e-06 
3943.95 2.01794e-05 7.10776e-01 8.60654e-20 2.45090e-06 
3950.00 2.23890e-05 7.12251e-01 7.41799e-20 2.35220e-06 
3960.59 1.84043e-05 7.14816e-01 5.70494e-20 1.49641e-06 
3960.78 1.83018e-05 7.14860e-01 5.67902e-20 1.48146e-06 
3970.00 1.54497e-05 7.17073e-01 4.50741e-20 9.97988e-07 
3977.25 1.92461e-05 7.18800e-01 3.75360e-20 1.03969e-06 
3980.58 2.22252e-05 7.19590e-01 3.44898e-20 1.10533e-06 
3990.00 3.04201e-05 7.21810e-01 2.71136e-20 1.19583e-06 
3993.91 3.22865e-05 7.22727e-01 2.45192e-20 1.15033e-06 
4000.48 3.32949e-05 7.24260e-01 2.06898e-20 1.00477e-06 
4010.00 3.25538e-05 7.26463e-01 1.61517e-20 7.71085e-07 
4010.59 3.25037e-05 7.26600e-01 1.59042e-20 7.58355e-07 
4020.49 3.21769e-05 7.28870e-01 1.22625e-20 5.82069e-07 
4027.28 3.22035e-05 7.30416e-01 1.02459e-20 4.88608e-07 
4030.00 3.21922e-05 7.31033e-01 9.53121e-21 4.55055e-07 
4040.59 3.17771e-05 7.33420e-01 7.18213e-21 3.40478e-07 
4043.98 3.15208e-05 7.34180e-01 6.55696e-21 3.08911e-07 
4050.00 3.09259e-05 7.35523e-01 5.57354e-21 2.58480e-07 
4060.69 2.97888e-05 7.37888e-01 4.16916e-21 1.87333e-07 
4060.79 2.97820e-05 7.37910e-01 4.15769e-21 1.86786e-07 
4070.00 2.99621e-05 7.39924e-01 3.23102e-21 1.46763e-07 
4077.41 3.15064e-05 7.41534e-01 2.63430e-21 1.26329e-07 
4081.10 3.24799e-05 7.42330e-01 2.37915e-21 1.17851e-07 
4090.00 3.42632e-05 7.44247e-01 1.85752e-21 9.75268e-08 
4094.15 3.44225e-05 7.45135e-01 1.65437e-21 8.74574e-08 
4101.50 3.38784e-05 7.46700e-01 1.34607e-21 7.03076e-08 
4110.00 3.30079e-05 7.48492e-01 1.05935e-21 5.41514e-08 
4110.90 3.29568e-05 7.48680e-01 1.03282e-21 5.27382e-08 
4122.01 3.30443e-05 7.51000e-01 7.53200e-22 3.87864e-08 
4127.66 3.32745e-05 7.52172e-01 6.41083e-22 3.33403e-08 
4130.00 3.33371e-05 7.52657e-01 5.99449e-22 3.12717e-08 
4142.62 3.32258e-05 7.55250e-01 4.16918e-22 2.18180e-08 
4144.43 3.31995e-05 7.55618e-01 3.95713e-22 2.07110e-08 
4150.00 3.32046e-05 7.56749e-01 3.36677e-22 1.76740e-08 
4161.21 3.36133e-05 7.59005e-01 2.42944e-22 1.29839e-08 
4163.33 3.36691e-05 7.59430e-01 2.28315e-22 1.22354e-08 
4170.00 3.35859e-05 7.60761e-01 1.87764e-22 1.00711e-08 
4178.00 3.28362e-05 7.62349e-01 1.48388e-22 7.81265e-09 
4184.15 3.21360e-05 7.63560e-01 1.23737e-22 6.39538e-09 
4190.00 3.17368e-05 7.64704e-01 1.04043e-22 5.32607e-09 
4194.81 3.17699e-05 7.65638e-01 9.02082e-23 4.63363e-09 
4205.07 3.23068e-05 7.67620e-01 6.64386e-23 3.48784e-09 
4210.00 3.23783e-05 7.68568e-01 5.73494e-23 3.02461e-09 
4211.63 3.23283e-05 7.68879e-01 5.46323e-23 2.87915e-09 
4226.10 3.11026e-05 7.71630e-01 3.54485e-23 1.80995e-09 
4228.45 3.09627e-05 7.72074e-01 3.30405e-23 1.68131e-09 
4230.00 3.09094e-05 7.72363e-01 3.15528e-23 1.60404e-09 
4245.30 3.14257e-05 7.75219e-01 2.00825e-23 1.04558e-09 
4247.23 3.14618e-05 7.75580e-01 1.89862e-23 9.90550e-10 
4250.00 3.14326e-05 7.76100e-01 1.75229e-23 9.14565e-10 
4262.15 3.02323e-05 7.78355e-01 1.24776e-23 6.29987e-10 
4268.46 2.94273e-05 7.79480e-01 1.05747e-23 5.21218e-10 
4270.00 2.92648e-05 7.79746e-01 1.01737e-23 4.99033e-10 
4279.01 2.85284e-05 7.81260e-01 8.25685e-24 3.96419e-10 
4289.80 2.66743e-05 7.83060e-01 6.78604e-24 3.06102e-10 
4290.00 2.66168e-05 7.83093e-01 6.76665e-24 3.04596e-10 
4295.89 2.45509e-05 7.84116e-01 6.29471e-24 2.62059e-10 
4310.00 2.21824e-05 7.86628e-01 5.96685e-24 2.25904e-10 
4311.25 2.25205e-05 7.86850e-01 5.99000e-24 2.30368e-10 
4312.78 2.30815e-05 7.87119e-01 6.02932e-24 2.37822e-10 
4329.68 3.22515e-05 7.90045e-01 7.30973e-24 4.05959e-10 
4330.00 3.23424e-05 7.90100e-01 7.34979e-24 4.09393e-10 
4332.81 3.28256e-05 7.90580e-01 7.72624e-24 4.37340e-10 
4346.59 3.10775e-05 7.92928e-01 1.03318e-23 5.57092e-10 
4350.00 3.08015e-05 7.93506e-01 1.11929e-23 5.99067e-10 
4354.47 3.11620e-05 7.94260e-01 1.24722e-23 6.76688e-10 
4363.51 3.31324e-05 7.95773e-01 1.56424e-23 9.05954e-10 
4370.00 3.40234e-05 7.96849e-01 1.84678e-23 1.10147e-09 
4376.25 3.34851e-05 7.97880e-01 2.17036e-23 1.27745e-09 
4380.45 3.26272e-05 7.98571e-01 2.42041e-23 1.39067e-09 
4390.00 3.08991e-05 8.00133e-01 3.09974e-23 1.69364e-09 
4397.40 3.10925e-05 8.01332e-01 3.75193e-23 2.06939e-09 
4398.13 3.11807e-05 8.01450e-01 3.82284e-23 2.11514e-09 
4410.00 3.33861e-05 8.03354e-01 5.17795e-23 3.08313e-09 
4414.36 3.41883e-05 8.04048e-01 5.78241e-23 3.53231e-09 
4420.12 3.50317e-05 8.04960e-01 6.68402e-23 4.19402e-09 
4430.00 3.57254e-05 8.06516e-01 8.55048e-23 5.49423e-09 
4431.33 3.57320e-05 8.06724e-01 8.83643e-23 5.68221e-09 
4442.22 3.53690e-05 8.08420e-01 1.15400e-22 7.37888e-09 
4448.31 3.52906e-05 8.09361e-01 1.33774e-22 8.55644e-09 
4450.00 3.53429e-05 8.09620e-01 1.39320e-22 8.93060e-09 
4464.43 3.68192e-05 8.11820e-01 1.96469e-22 1.31983e-08 
4465.31 3.69096e-05 8.11953e-01 2.00587e-22 1.35129e-08 
4470.00 3.72531e-05 8.12662e-01 2.23916e-22 1.52542e-08 
4482.32 3.72073e-05 8.14510e-01 2.97905e-22 2.03717e-08 
4486.75 3.73522e-05 8.15170e-01 3.29725e-22 2.26763e-08 
4490.00 3.76871e-05 8.15652e-01 3.55032e-22 2.46680e-08 
4499.34 3.96838e-05 8.17031e-01 4.38277e-22 3.21864e-08 
4509.19 4.12177e-05 8.18470e-01 5.45572e-22 4.17791e-08 
4510.00 4.12207e-05 8.18588e-01 5.55472e-22 4.25543e-08 
4516.37 4.04513e-05 8.19510e-01 6.38820e-22 4.81479e-08 
4530.00 3.73689e-05 8.21463e-01 8.57805e-22 6.00494e-08 
4531.73 3.71714e-05 8.21710e-01 8.90150e-22 6.20266e-08 
4533.41 3.70558e-05 8.21949e-01 9.22647e-22 6.41336e-08 
4550.00 3.86014e-05 8.24295e-01 1.30787e-21 9.53201e-08 
4550.47 3.86827e-05 8.24361e-01 1.32065e-21 9.64720e-08 
4554.39 3.93669e-05 8.24910e-01 1.43229e-21 1.06641e-07 
4567.54 4.08846e-05 8.26732e-01 1.87371e-21 1.45623e-07 
4570.00 4.08810e-05 8.27070e-01 1.96928e-21 1.53183e-07 
4577.16 4.02362e-05 8.28050e-01 2.27329e-21 1.74521e-07 
4584.62 3.91841e-05 8.29063e-01 2.63539e-21 1.97592e-07 
4590.00 3.86728e-05 8.29791e-01 2.92918e-21 2.17198e-07 
4600.05 3.89053e-05 8.31140e-01 3.55973e-21 2.66554e-07 
4601.71 3.90270e-05 8.31362e-01 3.67523e-21 2.76237e-07 
4610.00 3.95494e-05 8.32464e-01 4.30527e-21 3.28950e-07 
4618.81 3.94783e-05 8.33625e-01 5.08256e-21 3.88924e-07 
4623.05 3.92934e-05 8.34180e-01 5.50018e-21 4.19573e-07 
4630.00 3.90016e-05 8.35085e-01 6.25440e-21 4.74791e-07 
4635.93 3.89177e-05 8.35853e-01 6.97112e-21 5.29224e-07 
4646.16 3.91430e-05 8.37170e-01 8.38732e-21 6.42849e-07 
4650.00 3.93226e-05 8.37661e-01 8.98278e-21 6.92625e-07 
4653.06 3.94928e-05 8.38052e-01 9.48435e-21 7.35289e-07 
4669.39 4.02977e-05 8.40120e-01 1.26251e-20 1.00471e-06 
4670.00 4.03090e-05 8.40196e-01 1.27580e-20 1.01580e-06 
4670.20 4.03121e-05 8.40221e-01 1.28014e-20 1.01940e-06 
4687.35 3.97307e-05 8.42348e-01 1.71440e-20 1.35388e-06 
4690.00 3.95040e-05 8.42674e-01 1.79230e-20 1.40866e-06 
4692.74 3.92386e-05 8.43010e-01 1.87618e-20 1.46613e-06 
4704.51 3.81870e-05 8.44447e-01 2.27841e-20 1.74003e-06 
4710.00 3.80554e-05 8.45112e-01 2.49113e-20 1.89964e-06 
4716.20 3.83746e-05 8.45860e-01 2.75314e-20 2.12171e-06 
4721.69 3.89192e-05 8.46517e-01 3.00518e-20 2.35337e-06 
4730.00 3.97755e-05 8.47505e-01 3.42646e-20 2.75035e-06 
4738.88 4.02516e-05 8.48553e-01 3.93448e-20 3.20589e-06 
4739.79 4.02760e-05 8.48660e-01 3.98992e-20 3.25406e-06 
4750.00 4.03886e-05 8.49856e-01 4.66505e-20 3.82894e-06 
4756.08 4.04096e-05 8.50564e-01 5.11372e-20 4.20824e-06 
4763.48 4.04261e-05 8.51420e-01 5.71152e-20 4.71417e-06 
4770.00 4.04279e-05 8.52168e-01 6.28819e-20 5.20203e-06 
4773.29 4.04224e-05 8.52544e-01 6.59892e-20 5.46454e-06 
4787.30 4.02758e-05 8.54130e-01 8.07736e-20 6.69655e-06 
4790.00 4.02106e-05 8.54433e-01 8.39356e-20 6.95381e-06 
4790.52 4.01962e-05 8.54491e-01 8.45568e-20 7.00401e-06 
4807.76 3.97738e-05 8.56406e-01 1.07601e-19 8.87074e-06 
4810.00 3.97886e-05 8.56654e-01 1.10971e-19 9.15888e-06 
4811.24 3.98096e-05 8.56790e-01 1.12871e-19 9.32451e-06 
4825.01 4.02733e-05 8.58297e-01 1.35997e-19 1.14184e-05 
4830.00 4.03118e-05 8.58839e-01 1.45348e-19 1.22355e-05 
4835.29 4.01246e-05 8.59410e-01 1.55871e-19 1.30835e-05 
4842.27 3.94299e-05 8.60157e-01 1.70740e-19 1.41160e-05 
4850.00 3.79496e-05 8.60979e-01 1.88639e-19 1.50486e-05 
4859.47 3.53664e-05 8.61980e-01 2.12757e-19 1.58666e-05 
4859.54 3.53476e-05 8.61988e-01 2.12954e-19 1.58732e-05 
4870.00 3.38956e-05 8.63087e-01 2.42639e-19 1.74025e-05 
4876.83 3.49079e-05 8.63800e-01 2.63893e-19 1.95356e-05 
4883.77 3.68121e-05 8.64520e-01 2.87084e-19 2.24622e-05 
4890.00 3.83179e-05 8.65161e-01 3.09375e-19 2.52473e-05 
4894.13 3.88354e-05 8.65584e-01 3.24945e-19 2.69120e-05 
4908.19 3.84607e-05 8.67010e-01 3.83007e-19 3.15567e-05 
4910.00 3.83127e-05 8.67193e-01 3.91095e-19 3.21178e-05 
4911.44 3.81981e-05 8.67338e-01 3.97630e-19 3.25718e-05 
4928.77 3.74937e-05 8.69069e-01 4.83593e-19 3.90979e-05 
4930.00 3.75182e-05 8.69191e-01 4.90269e-19 3.96791e-05 
4932.73 3.76179e-05 8.69460e-01 5.05294e-19 4.10393e-05 
4946.10 3.86408e-05 8.70768e-01 5.84601e-19 4.89772e-05 
4950.00 3.89655e-05 8.71146e-01 6.09564e-19 5.15607e-05 
4957.39 3.94177e-05 8.71860e-01 6.59309e-19 5.65463e-05 
4963.45 3.95390e-05 8.72444e-01 7.02523e-19 6.05523e-05 
4970.00 3.93184e-05 8.73072e-01 7.51819e-19 6.45712e-05 
4980.81 3.81088e-05 8.74101e-01 8.39319e-19 7.01031e-05 
4982.18 3.79087e-05 8.74230e-01 8.50953e-19 7.07316e-05 
4990.00 3.67232e-05 8.74964e-01 9.20008e-19 7.42585e-05 
4998.18 3.56637e-05 8.75726e-01 9.97016e-19 7.83488e-05 
5007.09 3.51516e-05 8.76550e-01 1.08657e-18 8.43897e-05 
5010.00 3.52072e-05 8.76818e-01 1.11719e-18 8.69819e-05 
5015.57 3.56482e-05 8.77331e-01 1.17768e-18 9.29975e-05 
5030.00 3.72038e-05 8.78648e-01 1.34645e-18 1.11451e-04 
5032.12 3.72833e-05 8.78840e-01 1.37282e-18 1.13950e-04 
5032.97 3.72989e-05 8.78916e-01 1.38339e-18 1.14904e-04 
5050.00 3.71424e-05 8.80438e-01 1.61083e-18 1.33916e-04 
5050.38 3.71578e-05 8.80471e-01 1.61619e-18 1.34433e-04 
5057.29 3.76857e-05 8.81080e-01 1.71645e-18 1.45099e-04 
5067.80 3.85185e-05 8.82000e-01 1.87807e-18 1.62777e-04 
5070.00 3.85515e-05 8.82191e-01 1.91328e-18 1.66079e-04 
5082.57 3.76264e-05 8.83280e-01 2.12411e-18 1.80624e-04 
5085.24 3.73728e-05 8.83510e-01 2.17092e-18 1.83504e-04 
5090.00 3.70621e-05 8.83919e-01 2.25651e-18 1.89418e-04 
5102.68 3.73616e-05 8.85001e-01 2.49645e-18 2.12038e-04 
5107.98 3.75812e-05 8.85450e-01 2.60202e-18 2.22648e-04 
5110.00 3.76180e-05 8.85620e-01 2.64298e-18 2.26507e-04 
5120.14 3.73102e-05 8.86469e-01 2.85620e-18 2.43493e-04 
5130.00 3.67313e-05 8.87288e-01 3.07477e-18 2.58794e-04 
5133.52 3.65807e-05 8.87580e-01 3.15569e-18 2.64785e-04 
5137.62 3.64216e-05 8.87918e-01 3.25147e-18 2.71955e-04 
5150.00 3.54115e-05 8.88934e-01 3.55348e-18 2.90000e-04 
5155.10 3.45208e-05 8.89349e-01 3.68324e-18 2.93457e-04 
5159.19 3.36786e-05 8.89680e-01 3.78956e-18 2.94905e-04 
5170.00 3.17285e-05 8.90544e-01 4.08018e-18 3.00054e-04 
5172.60 3.14695e-05 8.90751e-01 4.15219e-18 3.03079e-04 
5184.99 3.16074e-05 8.91730e-01 4.50665e-18 3.31549e-04 
5190.00 3.22200e-05 8.92125e-01 4.65531e-18 3.49616e-04 
5190.11 3.22364e-05 8.92134e-01 4.65859e-18 3.50051e-04 
5207.63 3.52669e-05 8.93506e-01 5.20233e-18 4.29761e-04 
5210.00 3.55255e-05 8.93689e-01 5.27862e-18 4.39550e-04 
5210.91 3.56020e-05 8.93760e-01 5.30822e-18 4.43079e-04 
5225.17 3.59223e-05 8.94850e-01 5.78283e-18 4.88965e-04 
5230.00 3.61343e-05 8.95216e-01 5.94908e-18 5.06667e-04 
5236.97 3.68600e-05 8.95740e-01 6.19344e-18 5.39103e-04 
5242.72 3.74040e-05 8.96171e-01 6.39907e-18 5.66115e-04 
5250.00 3.72468e-05 8.96715e-01 6.66491e-18 5.88329e-04 
5260.28 3.48395e-05 8.97477e-01 7.04950e-18 5.83693e-04 
5263.15 3.40849e-05 8.97690e-01 7.15916e-18 5.80390e-04 
5270.00 3.30062e-05 8.98194e-01 7.42348e-18 5.83857e-04 
5277.85 3.37718e-05 8.98768e-01 7.73210e-18 6.23563e-04 
5289.47 3.67667e-05 8.99610e-01 8.19966e-18 7.22171e-04 
5290.00 3.68943e-05 8.99648e-01 8.22134e-18 7.26697e-04 
5295.43 3.79439e-05 9.00039e-01 8.44436e-18 7.68767e-04 
5310.00 3.80833e-05 9.01074e-01 9.05425e-18 8.30548e-04 
5313.03 3.75603e-05 9.01288e-01 9.18327e-18 8.31487e-04 
5315.92 3.69407e-05 9.01490e-01 9.30661e-18 8.29391e-04 
5330.00 3.44391e-05 9.02469e-01 9.91717e-18 8.27033e-04 
5330.64 3.44234e-05 9.02514e-01 9.94534e-18 8.29145e-04 
5342.50 3.57542e-05 9.03330e-01 1.04690e-17 9.09383e-04 
5348.27 3.66975e-05 9.03726e-01 1.07267e-17 9.57798e-04 
5350.00 3.69079e-05 9.03845e-01 1.08044e-17 9.70711e-04 
5365.90 3.69737e-05 9.04928e-01 1.15229e-17 1.04144e-03 
5369.21 3.68319e-05 9.05150e-01 1.16733e-17 1.05190e-03 
5370.00 3.68033e-05 9.05203e-01 1.17094e-17 1.05455e-03 
5383.55 3.65791e-05 9.06103e-01 1.23293e-17 1.10749e-03 
5390.00 3.63770e-05 9.06526e-01 1.26254e-17 1.12970e-03 
5396.05 3.59844e-05 9.06920e-01 1.29037e-17 1.14392e-03 
5401.21 3.55920e-05 9.07255e-01 1.31410e-17 1.15378e-03 
5410.00 3.51460e-05 9.07822e-01 1.35449e-17 1.17699e-03 
5418.89 3.53208e-05 9.08394e-01 1.39526e-17 1.22122e-03 
5423.03 3.55635e-05 9.08660e-01 1.41424e-17 1.24766e-03 
5430.00 3.60583e-05 9.09107e-01 1.44602e-17 1.29574e-03 
5436.57 3.64934e-05 9.09527e-01 1.47588e-17 1.34069e-03 
5450.00 3.69236e-05 9.10381e-01 1.53634e-17 1.41688e-03 
5450.15 3.69231e-05 9.10390e-01 1.53700e-17 1.41753e-03 
5454.27 3.68610e-05 9.10650e-01 1.55540e-17 1.43357e-03 
5470.00 3.62430e-05 9.11632e-01 1.62464e-17 1.47813e-03 
5471.99 3.61823e-05 9.11755e-01 1.63326e-17 1.48422e-03 
5477.40 3.60711e-05 9.12090e-01 1.65664e-17 1.50288e-03 
5489.71 3.59979e-05 9.12846e-01 1.70892e-17 1.55192e-03 
5490.00 3.59974e-05 9.12864e-01 1.71014e-17 1.55312e-03 
5504.79 3.59802e-05 9.13760e-01 1.77110e-17 1.61362e-03 
5507.45 3.59814e-05 9.13920e-01 1.78184e-17 1.62453e-03 
5510.00 3.59846e-05 9.14072e-01 1.79206e-17 1.63503e-03 
5525.20 3.61071e-05 9.14973e-01 1.85148e-17 1.70134e-03 
5530.00 3.62161e-05 9.15255e-01 1.86968e-17 1.72529e-03 
5532.31 3.62853e-05 9.15390e-01 1.87834e-17 1.73757e-03 
5542.96 3.66070e-05 9.16010e-01 1.91737e-17 1.79405e-03 
5550.00 3.66433e-05 9.16417e-01 1.94231e-17 1.82232e-03 
5559.97 3.62477e-05 9.16990e-01 1.97647e-17 1.83878e-03 
5560.74 3.62012e-05 9.17034e-01 1.97903e-17 1.83915e-03 
5570.00 3.55693e-05 9.17561e-01 2.00933e-17 1.83882e-03 
5578.53 3.50408e-05 9.18042e-01 2.03606e-17 1.83937e-03 
5587.77 3.47889e-05 9.18560e-01 2.06372e-17 1.85507e-03 
5590.00 3.48083e-05 9.18684e-01 2.07018e-17 1.86291e-03 
5596.33 3.50465e-05 9.19036e-01 2.08807e-17 1.89474e-03 
5610.00 3.58206e-05 9.19788e-01 2.12439e-17 1.97670e-03 
5614.14 3.59352e-05 9.20015e-01 2.13475e-17 1.99466e-03 
5615.71 3.59584e-05 9.20100e-01 2.13859e-17 2.00028e-03 
5630.00 3.59496e-05 9.20872e-01 2.17158e-17 2.03751e-03 
5631.97 3.59528e-05 9.20978e-01 2.17584e-17 2.04264e-03 
5643.79 3.59715e-05 9.21610e-01 2.19987e-17 2.07203e-03 
5649.81 3.58504e-05 9.21930e-01 2.21112e-17 2.07855e-03 
5650.00 3.58439e-05 9.21940e-01 2.21146e-17 2.07859e-03 
5667.66 3.50373e-05 9.22873e-01 2.24045e-17 2.06698e-03 
5670.00 3.50139e-05 9.22995e-01 2.24384e-17 2.06985e-03 
5672.01 3.50299e-05 9.23100e-01 2.24668e-17 2.07438e-03 
5685.53 3.54627e-05 9.23801e-01 2.26377e-17 2.12264e-03 
5690.00 3.54649e-05 9.24031e-01 2.26865e-17 2.12955e-03 
5700.37 3.49267e-05 9.24560e-01 2.27853e-17 2.11141e-03 
5703.41 3.47747e-05 9.24714e-01 2.28105e-17 2.10602e-03 
5710.00 3.47536e-05 9.25048e-01 2.28590e-17 2.11242e-03 
5721.30 3.59201e-05 9.25614e-01 2.29234e-17 2.19515e-03 
5728.87 3.66374e-05 9.25990e-01 2.29534e-17 2.24580e-03 
5730.00 3.66806e-05 9.26046e-01 2.29570e-17 2.24938e-03 
5739.21 3.63404e-05 9.26498e-01 2.29777e-17 2.23520e-03 
5750.00 3.55531e-05 9.27025e-01 2.29829e-17 2.19263e-03 
5757.13 3.55492e-05 9.27371e-01 2.29753e-17 2.19520e-03 
5757.52 3.55593e-05 9.27390e-01 2.29746e-17 2.19595e-03 
5770.00 3.58361e-05 9.27996e-01 2.29398e-17 2.21592e-03 
5775.06 3.56669e-05 9.28240e-01 2.29184e-17 2.20592e-03 
5786.30 3.49928e-05 9.28780e-01 2.28564e-17 2.16383e-03 
5790.00 3.48609e-05 9.28956e-01 2.28317e-17 2.15514e-03 
5793.00 3.48381e-05 9.29099e-01 2.28102e-17 2.15314e-03 
5810.00 3.55579e-05 9.29897e-01 2.26638e-17 2.19181e-03 
5810.96 3.56077e-05 9.29942e-01 2.26543e-17 2.19443e-03 
5815.23 3.58036e-05 9.30140e-01 2.26106e-17 2.20434e-03 
5828.93 3.59667e-05 9.30770e-01 2.24548e-17 2.20579e-03 
5830.00 3.59385e-05 9.30819e-01 2.24416e-17 2.20329e-03 
5844.31 3.52518e-05 9.31470e-01 2.22530e-17 2.14979e-03 
5846.91 3.51684e-05 9.31588e-01 2.22163e-17 2.14239e-03 
5850.00 3.51320e-05 9.31727e-01 2.21718e-17 2.13733e-03 
5864.91 3.54127e-05 9.32397e-01 2.19438e-17 2.13922e-03 
5870.00 3.51389e-05 9.32624e-01 2.18613e-17 2.11705e-03 
5873.53 3.46946e-05 9.32780e-01 2.18028e-17 2.08630e-03 
5882.91 3.31243e-05 9.33193e-01 2.16428e-17 1.98128e-03 
5890.00 3.24733e-05 9.33502e-01 2.15178e-17 1.93410e-03 
5900.94 3.34833e-05 9.33975e-01 2.13190e-17 1.98050e-03 
5902.90 3.37891e-05 9.34060e-01 2.12826e-17 1.99602e-03 
5910.00 3.47342e-05 9.34366e-01 2.11495e-17 2.04214e-03 
5918.97 3.50017e-05 9.34750e-01 2.09785e-17 2.04517e-03 
5930.00 3.46251e-05 9.35218e-01 2.07649e-17 2.00729e-03 
5932.41 3.45689e-05 9.35320e-01 2.07178e-17 2.00052e-03 
5937.02 3.45270e-05 9.35513e-01 2.06276e-17 1.99136e-03 
5950.00 3.46428e-05 9.36053e-01 2.03726e-17 1.97879e-03 
5955.08 3.46852e-05 9.36263e-01 2.02728e-17 1.97364e-03 
5962.08 3.47024e-05 9.36550e-01 2.01358e-17 1.96418e-03 
5970.00 3.46653e-05 9.36873e-01 1.99817e-17 1.95032e-03 
5973.16 3.46340e-05 9.37002e-01 1.99207e-17 1.94391e-03 
5990.00 3.43043e-05 9.37684e-01 1.96013e-17 1.90125e-03 
5991.24 3.42688e-05 9.37734e-01 1.95782e-17 1.89754e-03 
5991.89 3.42500e-05 9.37760e-01 1.95662e-17 1.89560e-03 
6009.34 3.37533e-05 9.38462e-01 1.92518e-17 1.84483e-03 
6010.00 3.37408e-05 9.38489e-01 1.92404e-17 1.84330e-03 
6021.85 3.36627e-05 9.38960e-01 1.90396e-17 1.82434e-03 
6027.46 3.37268e-05 9.39181e-01 1.89485e-17 1.82120e-03 
6030.00 3.37779e-05 9.39281e-01 1.89082e-17 1.82104e-03 
6045.59 3.42344e-05 9.39886e-01 1.86750e-17 1.82877e-03 
6050.00 3.43237e-05 9.40055e-01 1.86137e-17 1.82919e-03 
6051.96 3.43463e-05 9.40130e-01 1.85872e-17 1.82853e-03 
6063.73 3.42584e-05 9.40577e-01 1.84379e-17 1.81357e-03 
6070.00 3.40728e-05 9.40814e-01 1.83656e-17 1.79899e-03 
6081.88 3.35779e-05 9.41258e-01 1.82437e-17 1.76537e-03 
6082.21 3.35646e-05 9.41270e-01 1.82406e-17 1.76449e-03 
6090.00 3.33285e-05 9.41558e-01 1.81725e-17 1.74830e-03 
6100.05 3.32508e-05 9.41926e-01 1.80988e-17 1.74071e-03 
6110.00 3.30248e-05 9.42286e-01 1.80426e-17 1.72697e-03 
6112.63 3.28777e-05 9.42380e-01 1.80306e-17 1.71905e-03 
6118.23 3.24789e-05 9.42580e-01 1.80093e-17 1.69811e-03 
6130.00 3.18605e-05 9.42994e-01 1.79838e-17 1.66734e-03 
6136.42 3.19659e-05 9.43217e-01 1.79812e-17 1.67477e-03 
6143.19 3.22219e-05 9.43450e-01 1.79875e-17 1.69106e-03 
6150.00 3.22795e-05 9.43682e-01 1.80035e-17 1.69789e-03 
6154.63 3.20629e-05 9.43839e-01 1.80200e-17 1.68959e-03 
6170.00 3.11990e-05 9.44351e-01 1.81089e-17 1.65719e-03 
6172.85 3.12719e-05 9.44445e-01 1.81312e-17 1.66405e-03 
6173.91 3.13244e-05 9.44480e-01 1.81400e-17 1.66800e-03 
6190.00 3.27058e-05 9.45008e-01 1.83062e-17 1.76308e-03 
6191.08 3.27699e-05 9.45044e-01 1.83196e-17 1.76820e-03 
6204.77 3.28884e-05 9.45510e-01 1.85146e-17 1.79834e-03 
6209.33 3.27607e-05 9.45672e-01 1.85899e-17 1.80027e-03 
6210.00 3.27396e-05 9.45696e-01 1.86015e-17 1.80048e-03 
6227.59 3.20287e-05 9.46341e-01 1.89464e-17 1.80035e-03 
6230.00 3.18894e-05 9.46429e-01 1.90001e-17 1.79846e-03 
6235.80 3.15151e-05 9.46640e-01 1.91357e-17 1.79210e-03 
6245.86 3.10199e-05 9.46996e-01 1.93927e-17 1.79119e-03 
6250.00 3.09943e-05 9.47138e-01 1.95067e-17 1.80169e-03 
6264.15 3.17874e-05 9.47616e-01 1.99324e-17 1.89336e-03 
6266.98 3.19886e-05 9.47710e-01 2.00245e-17 1.91520e-03 
6270.00 3.21732e-05 9.47810e-01 2.01253e-17 1.93708e-03 
6282.45 3.24314e-05 9.48218e-01 2.05683e-17 2.00043e-03 
6290.00 3.22443e-05 9.48463e-01 2.08592e-17 2.01997e-03 
6298.31 3.18360e-05 9.48730e-01 2.11988e-17 2.03011e-03 
6300.76 3.17045e-05 9.48808e-01 2.13027e-17 2.03260e-03 
6310.00 3.13155e-05 9.49102e-01 2.17111e-17 2.04978e-03 
6319.09 3.12523e-05 9.49387e-01 2.21377e-17 2.08946e-03 
6329.80 3.13928e-05 9.49720e-01 2.26728e-17 2.15399e-03 
6330.00 3.13954e-05 9.49726e-01 2.26829e-17 2.15521e-03 
6337.43 3.14607e-05 9.49954e-01 2.30745e-17 2.20008e-03 
6350.00 3.14281e-05 9.50335e-01 2.37756e-17 2.26999e-03 
6355.78 3.13587e-05 9.50509e-01 2.41140e-17 2.29973e-03 
6361.45 3.12906e-05 9.50680e-01 2.44560e-17 2.32977e-03 
6370.00 3.12689e-05 9.50937e-01 2.49897e-17 2.38280e-03 
6374.15 3.13182e-05 9.51061e-01 2.52566e-17 2.41393e-03 
6390.00 3.14157e-05 9.51534e-01 2.63246e-17 2.53138e-03 
6392.53 3.13463e-05 9.51608e-01 2.65019e-17 2.54400e-03 
6393.26 3.13208e-05 9.51630e-01 2.65536e-17 2.54724e-03 
6410.00 3.06706e-05 9.52119e-01 2.77792e-17 2.61766e-03 
6410.92 3.06610e-05 9.52146e-01 2.78490e-17 2.62388e-03 
6425.23 3.08802e-05 9.52560e-01 2.89655e-17 2.75592e-03 
6429.33 3.09320e-05 9.52679e-01 2.92967e-17 2.79422e-03 
6430.00 3.09342e-05 9.52698e-01 2.93513e-17 2.79998e-03 
6447.75 3.05634e-05 9.53208e-01 3.08428e-17 2.91659e-03 
6450.00 3.05202e-05 9.53272e-01 3.10382e-17 2.93214e-03 
6457.35 3.04673e-05 9.53480e-01 3.16866e-17 2.99226e-03 
6466.18 3.04469e-05 9.53726e-01 3.24849e-17 3.07057e-03 
6470.00 3.03996e-05 9.53832e-01 3.28363e-17 3.10115e-03 
6484.63 3.00105e-05 9.54233e-01 3.42198e-17 3.19900e-03 
6489.64 2.99674e-05 9.54370e-01 3.47060e-17 3.24276e-03 
6490.00 2.99691e-05 9.54380e-01 3.47412e-17 3.24644e-03 
6503.09 3.03477e-05 9.54737e-01 3.60438e-17 3.41888e-03 
6510.00 3.05632e-05 9.54924e-01 3.67479e-17 3.51483e-03 
6521.57 3.05898e-05 9.55236e-01 3.79528e-17 3.64088e-03 
6522.09 3.05848e-05 9.55250e-01 3.80075e-17 3.64588e-03 
6530.00 3.05087e-05 9.55461e-01 3.88503e-17 3.72279e-03 
6540.06 3.03787e-05 9.55727e-01 3.99419e-17 3.81801e-03 
6550.00 2.95538e-05 9.55988e-01 4.10422e-17 3.82350e-03 
6554.70 2.87357e-05 9.56110e-01 4.15693e-17 3.76859e-03 
6558.56 2.79771e-05 9.56210e-01 4.20059e-17 3.71021e-03 
6570.00 2.66398e-05 9.56504e-01 4.33162e-17 3.65054e-03 
6577.08 2.73513e-05 9.56685e-01 4.41390e-17 3.82407e-03 
6587.47 2.93746e-05 9.56950e-01 4.53640e-17 4.22877e-03 
6590.00 2.97698e-05 9.57014e-01 4.56647e-17 4.31603e-03 
6595.61 3.02630e-05 9.57157e-01 4.63352e-17 4.45640e-03 
6610.00 3.01197e-05 9.57521e-01 4.80793e-17 4.61405e-03 
6614.15 3.00156e-05 9.57625e-01 4.85876e-17 4.65014e-03 
6620.41 2.99204e-05 9.57780e-01 4.93592e-17 4.71420e-03 
6630.00 2.98726e-05 9.58014e-01 5.05511e-17 4.82849e-03 
6632.71 2.98711e-05 9.58079e-01 5.08894e-17 4.86288e-03 
6650.00 2.97646e-05 9.58495e-01 5.30708e-17 5.06863e-03 
6651.28 2.97383e-05 9.58526e-01 5.32330e-17 5.08076e-03 
6653.51 2.96852e-05 9.58580e-01 5.35174e-17 5.10080e-03 
6669.86 2.93870e-05 9.58978e-01 5.56109e-17 5.26216e-03 
6670.00 2.93877e-05 9.58981e-01 5.56289e-17 5.26411e-03 
6686.78 2.97217e-05 9.59390e-01 5.77971e-17 5.54773e-03 
6688.46 2.97301e-05 9.59431e-01 5.80150e-17 5.57186e-03 
6690.00 2.97248e-05 9.59468e-01 5.82152e-17 5.59158e-03 
6707.07 2.91901e-05 9.59878e-01 6.04372e-17 5.71758e-03 
6710.00 2.91340e-05 9.59948e-01 6.08194e-17 5.74562e-03 
6720.21 2.92272e-05 9.60190e-01 6.21528e-17 5.90080e-03 
6725.70 2.93385e-05 9.60319e-01 6.28690e-17 5.99723e-03 
6730.00 2.93855e-05 9.60420e-01 6.34312e-17 6.06507e-03 
6744.33 2.91557e-05 9.60752e-01 6.53019e-17 6.21044e-03 
6750.00 2.90369e-05 9.60883e-01 6.60399e-17 6.26116e-03 
6753.81 2.89911e-05 9.60970e-01 6.65361e-17 6.30237e-03 
6762.99 2.89683e-05 9.61179e-01 6.77272e-17 6.42026e-03 
6770.00 2.89760e-05 9.61338e-01 6.86349e-17 6.51585e-03 
6781.65 2.89225e-05 9.61599e-01 7.01364e-17 6.65936e-03 
6787.58 2.88577e-05 9.61730e-01 7.08965e-17 6.72323e-03 
6790.00 2.88242e-05 9.61783e-01 7.12055e-17 6.74748e-03 
6800.33 2.86650e-05 9.62007e-01 7.25208e-17 6.84615e-03 
6810.00 2.86056e-05 9.62214e-01 7.37413e-17 6.95832e-03 
6819.03 2.86967e-05 9.62407e-01 7.48718e-17 7.09830e-03 
6821.52 2.87236e-05 9.62460e-01 7.51820e-17 7.13741e-03 
6830.00 2.87136e-05 9.62642e-01 7.62318e-17 7.24490e-03 
6837.74 2.84929e-05 9.62807e-01 7.71809e-17 7.28822e-03 
6850.00 2.81090e-05 9.63070e-01 7.86668e-17 7.34360e-03 
6855.63 2.80895e-05 9.63190e-01 7.93407e-17 7.40837e-03 
6856.46 2.80954e-05 9.63208e-01 7.94397e-17 7.42020e-03 
6870.00 2.83011e-05 9.63495e-01 8.10366e-17 7.64213e-03 
6875.19 2.83422e-05 9.63604e-01 8.16403e-17 7.71694e-03 
6889.91 2.82764e-05 9.63910e-01 8.33210e-17 7.87685e-03 
6890.00 2.82755e-05 9.63912e-01 8.33316e-17 7.87771e-03 
6893.94 2.82332e-05 9.63993e-01 8.37746e-17 7.91294e-03 
6910.00 2.80549e-05 9.64321e-01 8.55427e-17 8.05036e-03 
6912.71 2.80320e-05 9.64376e-01 8.58352e-17 8.07491e-03 
6924.36 2.79566e-05 9.64610e-01 8.70733e-17 8.18510e-03 
6930.00 2.79215e-05 9.64723e-01 8.76613e-17 8.23769e-03 
6931.49 2.79112e-05 9.64753e-01 8.78147e-17 8.25109e-03 
6950.00 2.77726e-05 9.65117e-01 8.96792e-17 8.41000e-03 
6950.28 2.77708e-05 9.65123e-01 8.97064e-17 8.41240e-03 
6958.98 2.77297e-05 9.65290e-01 9.05503e-17 8.49106e-03 
6969.08 2.77216e-05 9.65480e-01 9.15037e-17 8.59211e-03 
6970.00 2.77234e-05 9.65497e-01 9.15889e-17 8.60194e-03 
6987.90 2.76406e-05 9.65825e-01 9.32007e-17 8.75257e-03 
6990.00 2.75843e-05 9.65862e-01 9.33835e-17 8.75481e-03 
6993.77 2.74453e-05 9.65930e-01 9.37085e-17 8.74636e-03 
7006.73 2.69023e-05 9.66161e-01 9.47918e-17 8.69057e-03 
7010.00 2.68330e-05 9.66220e-01 9.50564e-17 8.69697e-03 
7025.58 2.70636e-05 9.66502e-01 9.62719e-17 8.90620e-03 
7028.74 2.71416e-05 9.66560e-01 9.65088e-17 8.95844e-03 
7030.00 2.71683e-05 9.66583e-01 9.66022e-17 8.97774e-03 
7044.44 2.72515e-05 9.66857e-01 9.76365e-17 9.12292e-03 
7050.00 2.72072e-05 9.66964e-01 9.80157e-17 9.15172e-03 
7063.32 2.70345e-05 9.67219e-01 9.88815e-17 9.19370e-03 
7063.88 2.70264e-05 9.67230e-01 9.89170e-17 9.19508e-03 
7070.00 2.69418e-05 9.67346e-01 9.92927e-17 9.21020e-03 
7082.21 2.68177e-05 9.67575e-01 1.00003e-16 9.25151e-03 
7090.00 2.67907e-05 9.67720e-01 1.00430e-16 9.29319e-03 
7099.20 2.68114e-05 9.67890e-01 1.00905e-16 9.35816e-03 
7101.11 2.68154e-05 9.67925e-01 1.01000e-16 9.37119e-03 
7110.00 2.67866e-05 9.68088e-01 1.01423e-16 9.41376e-03 
7120.03 2.66135e-05 9.68268e-01 1.01867e-16 9.40887e-03 
7130.00 2.63899e-05 9.68441e-01 1.02272e-16 9.38169e-03 
7134.70 2.63047e-05 9.68520e-01 1.02450e-16 9.37464e-03 
7138.96 2.62462e-05 9.68589e-01 1.02605e-16 9.37416e-03 
7150.00 2.61876e-05 9.68761e-01 1.02974e-16 9.40305e-03 
7157.90 2.62156e-05 9.68875e-01 1.03211e-16 9.44631e-03 
7170.00 2.61183e-05 9.69035e-01 1.03529e-16 9.45774e-03 
7170.37 2.61085e-05 9.69040e-01 1.03538e-16 9.45554e-03 
7176.86 2.58760e-05 9.69118e-01 1.03685e-16 9.39394e-03 
7190.00 2.54610e-05 9.69264e-01 1.03936e-16 9.28396e-03 
7195.84 2.54960e-05 9.69324e-01 1.04027e-16 9.31301e-03 
7206.23 2.57622e-05 9.69430e-01 1.04158e-16 9.43674e-03 
7210.00 2.58443e-05 9.69468e-01 1.04196e-16 9.47561e-03 
7214.83 2.58920e-05 9.69516e-01 1.04237e-16 9.50364e-03 
7230.00 2.58233e-05 9.69649e-01 1.04310e-16 9.50636e-03 
7233.83 2.58126e-05 9.69676e-01 1.04315e-16 9.50818e-03 
7242.26 2.58283e-05 9.69720e-01 1.04309e-16 9.52488e-03 
7250.00 2.58677e-05 9.69743e-01 1.04280e-16 9.54723e-03 
7252.84 2.58825e-05 9.69751e-01 1.04265e-16 9.55508e-03 
7270.00 2.57470e-05 9.69842e-01 1.04109e-16 9.51423e-03 
7271.87 2.56877e-05 9.69863e-01 1.04086e-16 9.49283e-03 
7278.47 2.54268e-05 9.69960e-01 1.03995e-16 9.39764e-03 
7290.00 2.50821e-05 9.70233e-01 1.03799e-16 9.27011e-03 
7290.92 2.50767e-05 9.70259e-01 1.03782e-16 9.26794e-03 
7309.98 2.54019e-05 9.70860e-01 1.03355e-16 9.37975e-03 
7310.00 2.54021e-05 9.70861e-01 1.03354e-16 9.37982e-03 
7314.86 2.54165e-05 9.71010e-01 1.03226e-16 9.38117e-03 
7329.05 2.52581e-05 9.71388e-01 1.02808e-16 9.30657e-03 
7330.00 2.52491e-05 9.71410e-01 1.02778e-16 9.30196e-03 
7348.14 2.52723e-05 9.71796e-01 1.02145e-16 9.27975e-03 
7350.00 2.52846e-05 9.71832e-01 1.02074e-16 9.28056e-03 
7351.43 2.52939e-05 9.71860e-01 1.02019e-16 9.28104e-03 
7367.24 2.52897e-05 9.72154e-01 1.01370e-16 9.24306e-03 
7370.00 2.52495e-05 9.72204e-01 1.01249e-16 9.22126e-03 
7386.36 2.47686e-05 9.72489e-01 1.00486e-16 9.00006e-03 
7388.19 2.47075e-05 9.72520e-01 1.00396e-16 8.97232e-03 
7390.00 2.46498e-05 9.72550e-01 1.00306e-16 8.94580e-03 
7405.49 2.43263e-05 9.72805e-01 9.94989e-17 8.77801e-03 
7410.00 2.43106e-05 9.72877e-01 9.92514e-17 8.75652e-03 
7424.63 2.44686e-05 9.73102e-01 9.84125e-17 8.75824e-03 
7425.13 2.44751e-05 9.73110e-01 9.83827e-17 8.75857e-03 
7430.00 2.45243e-05 9.73182e-01 9.80908e-17 8.75653e-03 
7443.79 2.45205e-05 9.73381e-01 9.72319e-17 8.69639e-03 
7450.00 2.45204e-05 9.73468e-01 9.68299e-17 8.66841e-03 
7462.26 2.46109e-05 9.73640e-01 9.60102e-17 8.64245e-03 
7462.96 2.46157e-05 9.73650e-01 9.59622e-17 8.64069e-03 
7470.00 2.46288e-05 9.73749e-01 9.54749e-17 8.61041e-03 
7482.15 2.44760e-05 9.73919e-01 9.46085e-17 8.49459e-03 
7490.00 2.43653e-05 9.74028e-01 9.40319e-17 8.41441e-03 
7499.57 2.43270e-05 9.74160e-01 9.33122e-17 8.34865e-03 
7501.35 2.43280e-05 9.74184e-01 9.31762e-17 8.33904e-03 
7510.00 2.43372e-05 9.74301e-01 9.25072e-17 8.29284e-03 
7520.57 2.43141e-05 9.74442e-01 9.16709e-17 8.22280e-03 
7530.00 2.42968e-05 9.74567e-01 9.09072e-17 8.15975e-03 
7537.07 2.43087e-05 9.74660e-01 9.03250e-17 8.11985e-03 
7539.80 2.43140e-05 9.74696e-01 9.00979e-17 8.10446e-03 
7550.00 2.42919e-05 9.74830e-01 8.92383e-17 8.03177e-03 
7559.04 2.41795e-05 9.74948e-01 8.84629e-17 7.93559e-03 
7570.00 2.40281e-05 9.75089e-01 8.75069e-17 7.81314e-03 
7574.75 2.39946e-05 9.75150e-01 8.70869e-17 7.77015e-03 
7578.30 2.39812e-05 9.75195e-01 8.67713e-17 7.74164e-03 
7590.00 2.39423e-05 9.75342e-01 8.57193e-17 7.64834e-03 
7597.58 2.38768e-05 9.75436e-01 8.50288e-17 7.57423e-03 
7610.00 2.37715e-05 9.75588e-01 8.38818e-17 7.45244e-03 
7612.63 2.37642e-05 9.75620e-01 8.36371e-17 7.43122e-03 
7616.86 2.37655e-05 9.75671e-01 8.32408e-17 7.40092e-03 
7630.00 2.38221e-05 9.75829e-01 8.20006e-17 7.32183e-03 
7636.17 2.38423e-05 9.75904e-01 8.14127e-17 7.28193e-03 
7650.00 2.36863e-05 9.76072e-01 8.00819e-17 7.13014e-03 
7650.69 2.36663e-05 9.76080e-01 8.00151e-17 7.11889e-03 
7655.48 2.34989e-05 9.76139e-01 7.95499e-17 7.03226e-03 
7670.00 2.30852e-05 9.76319e-01 7.81315e-17 6.79938e-03 
7674.82 2.31217e-05 9.76378e-01 7.76577e-17 6.77350e-03 
7688.94 2.34351e-05 9.76550e-01 7.62601e-17 6.75537e-03 
7690.00 2.34443e-05 9.76563e-01 7.61552e-17 6.74973e-03 
7694.16 2.34367e-05 9.76612e-01 7.57411e-17 6.71484e-03 
7710.00 2.31605e-05 9.76794e-01 7.41586e-17 6.51162e-03 
7713.52 2.31377e-05 9.76834e-01 7.38051e-17 6.47744e-03 
7727.39 2.31583e-05 9.76990e-01 7.24104e-17 6.37314e-03 
7730.00 2.31441e-05 9.77019e-01 7.21471e-17 6.34841e-03 
7732.90 2.31103e-05 9.77052e-01 7.18546e-17 6.31601e-03 
7750.00 2.28439e-05 9.77241e-01 7.01259e-17 6.10768e-03 
7752.29 2.28445e-05 9.77266e-01 6.98942e-17 6.08958e-03 
7766.03 2.30206e-05 9.77410e-01 6.85027e-17 6.02593e-03 
7770.00 2.30702e-05 9.77450e-01 6.80999e-17 6.00672e-03 
7771.69 2.30839e-05 9.77467e-01 6.79283e-17 5.99654e-03 
7790.00 2.30318e-05 9.77642e-01 6.60739e-17 5.83444e-03 
7791.11 2.30241e-05 9.77652e-01 6.59613e-17 5.82344e-03 
7804.86 2.29225e-05 9.77780e-01 6.45718e-17 5.68636e-03 
7810.00 2.28691e-05 9.77828e-01 6.40524e-17 5.63145e-03 
7810.55 2.28625e-05 9.77833e-01 6.39972e-17 5.62541e-03 
7830.00 2.26031e-05 9.78022e-01 6.20399e-17 5.40595e-03 
7830.00 2.26030e-05 9.78022e-01 6.20395e-17 5.40591e-03 
7843.88 2.25371e-05 9.78170e-01 6.06498e-17 5.27953e-03 
7849.46 2.25494e-05 9.78233e-01 6.00932e-17 5.23799e-03 
7850.00 2.25517e-05 9.78240e-01 6.00393e-17 5.23422e-03 
7868.94 2.26519e-05 9.78465e-01 5.81604e-17 5.10642e-03 
7870.00 2.26523e-05 9.78477e-01 5.80555e-17 5.09804e-03 
7883.10 2.25729e-05 9.78630e-01 5.67667e-17 4.97646e-03 
7888.43 2.25123e-05 9.78689e-01 5.62448e-17 4.92110e-03 
7890.00 2.24932e-05 9.78706e-01 5.60914e-17 4.90457e-03 
7907.94 2.22247e-05 9.78887e-01 5.43495e-17 4.70707e-03 
7910.00 2.21828e-05 9.78907e-01 5.41505e-17 4.68231e-03 
7922.51 2.18944e-05 9.79020e-01 5.29490e-17 4.52656e-03 
7927.46 2.17956e-05 9.79063e-01 5.24772e-17 4.46897e-03 
7930.00 2.17555e-05 9.79084e-01 5.22355e-17 4.44172e-03 
7947.00 2.17165e-05 9.79226e-01 5.06306e-17 4.30738e-03 
7950.00 2.17469e-05 9.79252e-01 5.03493e-17 4.29116e-03 
7962.13 2.19333e-05 9.79360e-01 4.92206e-17 4.23786e-03 
7966.55 2.19992e-05 9.79402e-01 4.88121e-17 4.21783e-03 
7970.00 2.20391e-05 9.79436e-01 4.84942e-17 4.19993e-03 
7986.11 2.20352e-05 9.79604e-01 4.70238e-17 4.08079e-03 
7990.00 2.19909e-05 9.79646e-01 4.66726e-17 4.04431e-03 
8001.94 2.17954e-05 9.79780e-01 4.56020e-17 3.92279e-03 
8005.70 2.17381e-05 9.79823e-01 4.52676e-17 3.88578e-03 
8010.00 2.16893e-05 9.79872e-01 4.48863e-17 3.84667e-03 
8025.29 2.16445e-05 9.80049e-01 4.35455e-17 3.73184e-03 
8030.00 2.16190e-05 9.80103e-01 4.31372e-17 3.69486e-03 
8041.95 2.14692e-05 9.80240e-01 4.21106e-17 3.58778e-03 
8044.90 2.14373e-05 9.80274e-01 4.18589e-17 3.56245e-03 
8050.00 2.14130e-05 9.80331e-01 4.14267e-17 3.52412e-03 
8064.53 2.15225e-05 9.80492e-01 4.02092e-17 3.44479e-03 
8070.00 2.15171e-05 9.80551e-01 3.97563e-17 3.40767e-03 
8082.16 2.12725e-05 9.80680e-01 3.87609e-17 3.28996e-03 
8084.17 2.12252e-05 9.80701e-01 3.85976e-17 3.26969e-03 
8090.00 2.11243e-05 9.80761e-01 3.81269e-17 3.21699e-03 
8103.83 2.11815e-05 9.80902e-01 3.70252e-17 3.13829e-03 
8110.00 2.12557e-05 9.80964e-01 3.65397e-17 3.11056e-03 
8122.57 2.13163e-05 9.81090e-01 3.55641e-17 3.04124e-03 
8123.50 2.13154e-05 9.81099e-01 3.54928e-17 3.03538e-03 
8130.00 2.12891e-05 9.81164e-01 3.49953e-17 2.99173e-03 
8143.18 2.11716e-05 9.81295e-01 3.40011e-17 2.89576e-03 
8150.00 2.11338e-05 9.81362e-01 3.34942e-17 2.85008e-03 
8162.88 2.11307e-05 9.81487e-01 3.25507e-17 2.77412e-03 
8163.18 2.11292e-05 9.81490e-01 3.25289e-17 2.77219e-03 
8170.00 2.10427e-05 9.81555e-01 3.20370e-17 2.72153e-03 
8182.60 2.06238e-05 9.81674e-01 3.11418e-17 2.59714e-03 
8190.00 2.04173e-05 9.81742e-01 3.06239e-17 2.53083e-03 
8202.33 2.04025e-05 9.81855e-01 2.97749e-17 2.46287e-03 
8204.00 2.04166e-05 9.81870e-01 2.96612e-17 2.45570e-03 
8210.00 2.04580e-05 9.81924e-01 2.92549e-17 2.42889e-03 
8222.07 2.04248e-05 9.82031e-01 2.84500e-17 2.36194e-03 
8230.00 2.03908e-05 9.82101e-01 2.79301e-17 2.31731e-03 
8241.83 2.04365e-05 9.82203e-01 2.71671e-17 2.26254e-03 
8245.02 2.04623e-05 9.82230e-01 2.69644e-17 2.24943e-03 
8250.00 2.05058e-05 9.82272e-01 2.66493e-17 2.22931e-03 
8261.61 2.05914e-05 9.82370e-01 2.59261e-17 2.18115e-03 
8270.00 2.06185e-05 9.82441e-01 2.54123e-17 2.14307e-03 
8281.40 2.05778e-05 9.82538e-01 2.47268e-17 2.08422e-03 
8286.24 2.05277e-05 9.82580e-01 2.44397e-17 2.05630e-03 
8290.00 2.04736e-05 9.82613e-01 2.42187e-17 2.03332e-03 
8301.20 2.02520e-05 9.82710e-01 2.35689e-17 1.96018e-03 
8310.00 2.00827e-05 9.82784e-01 2.30681e-17 1.90465e-03 
8321.02 1.99626e-05 9.82872e-01 2.24520e-17 1.84531e-03 
8327.67 1.99344e-05 9.82920e-01 2.20866e-17 1.81425e-03 
8330.00 1.99303e-05 9.82936e-01 2.19598e-17 1.80400e-03 
8340.86 1.99440e-05 9.83004e-01 2.13756e-17 1.75962e-03 
8350.00 1.99990e-05 9.83056e-01 2.08933e-17 1.72665e-03 
8360.71 2.00832e-05 9.83114e-01 2.03391e-17 1.69019e-03 
8369.31 2.00561e-05 9.83160e-01 1.99025e-17 1.65345e-03 
8370.00 2.00468e-05 9.83164e-01 1.98679e-17 1.64995e-03 
8380.58 1.98055e-05 9.83224e-01 1.93420e-17 1.58904e-03 
8390.00 1.96592e-05 9.83281e-01 1.88828e-17 1.54168e-03 
8400.46 1.97920e-05 9.83351e-01 1.83835e-17 1.51305e-03 
8410.00 1.99032e-05 9.83421e-01 1.79371e-17 1.48640e-03 
8411.16 1.98981e-05 9.83430e-01 1.78836e-17 1.48180e-03 
8420.35 1.97254e-05 9.83505e-01 1.74629e-17 1.43606e-03 
8430.00 1.95177e-05 9.83588e-01 1.70302e-17 1.38743e-03 
8440.26 1.95210e-05 9.83681e-01 1.65794e-17 1.35271e-03 
8450.00 1.95799e-05 9.83771e-01 1.61609e-17 1.32419e-03 
8453.21 1.95710e-05 9.83800e-01 1.60247e-17 1.31297e-03 
8460.19 1.95083e-05 9.83863e-01 1.57322e-17 1.28602e-03 
8470.00 1.94203e-05 9.83949e-01 1.53285e-17 1.24892e-03 
8480.13 1.94008e-05 9.84034e-01 1.49205e-17 1.21601e-03 
8490.00 1.91760e-05 9.84111e-01 1.45319e-17 1.17207e-03 
8495.48 1.88660e-05 9.84150e-01 1.43197e-17 1.13707e-03 
8500.09 1.85797e-05 9.84181e-01 1.41433e-17 1.10665e-03 
8510.00 1.83179e-05 9.84243e-01 1.37701e-17 1.06357e-03 
8520.06 1.88399e-05 9.84298e-01 1.33997e-17 1.06578e-03 
8530.00 1.88394e-05 9.84346e-01 1.30421e-17 1.03857e-03 
8537.96 1.76878e-05 9.84380e-01 1.27617e-17 9.55039e-04 
8540.05 1.73191e-05 9.84388e-01 1.26888e-17 9.30030e-04 
8550.00 1.62738e-05 9.84422e-01 1.23470e-17 8.51373e-04 
8560.05 1.75035e-05 9.84441e-01 1.20097e-17 8.91753e-04 
8570.00 1.92017e-05 9.84434e-01 1.16836e-17 9.52812e-04 
8580.07 1.93980e-05 9.84394e-01 1.13613e-17 9.37060e-04 
8580.65 1.93724e-05 9.84390e-01 1.13430e-17 9.34380e-04 
8590.00 1.88491e-05 9.84316e-01 1.10509e-17 8.86627e-04 
8600.10 1.86810e-05 9.84221e-01 1.07427e-17 8.55135e-04 
8610.00 1.87808e-05 9.84138e-01 1.04480e-17 8.37007e-04 
8620.15 1.88275e-05 9.84092e-01 1.01530e-17 8.16323e-04 
8623.55 1.88431e-05 9.84090e-01 1.00559e-17 8.09497e-04 
8630.00 1.89147e-05 9.84110e-01 9.87374e-18 7.98468e-04 
8640.22 1.90688e-05 9.84193e-01 9.59116e-18 7.82931e-04 
8650.00 1.86190e-05 9.84318e-01 9.32712e-18 7.44353e-04 
8660.29 1.71318e-05 9.84476e-01 9.05620e-18 6.65903e-04 
8666.67 1.63492e-05 9.84580e-01 8.89196e-18 6.24483e-04 
8670.00 1.61872e-05 9.84634e-01 8.80713e-18 6.12666e-04 
8680.39 1.69820e-05 9.84796e-01 8.54719e-18 6.24625e-04 
8690.00 1.81968e-05 9.84930e-01 8.31276e-18 6.51762e-04 
8700.50 1.85896e-05 9.85048e-01 8.06315e-18 6.46694e-04 
8710.00 1.84613e-05 9.85120e-01 7.84303e-18 6.25428e-04 
8710.00 1.84613e-05 9.85120e-01 7.84300e-18 6.25426e-04 
8720.63 1.84202e-05 9.85161e-01 7.60316e-18 6.05712e-04 
8730.00 1.83666e-05 9.85190e-01 7.39695e-18 5.88220e-04 
8740.77 1.81084e-05 9.85258e-01 7.16628e-18 5.62596e-04 
8750.00 1.79583e-05 9.85381e-01 6.97357e-18 5.43572e-04 
8753.55 1.79769e-05 9.85450e-01 6.90070e-18 5.38703e-04 
8760.92 1.81204e-05 9.85630e-01 6.75159e-18 5.31816e-04 
8770.00 1.83205e-05 9.85836e-01 6.57195e-18 5.24035e-04 
8781.09 1.83405e-05 9.85885e-01 6.35821e-18 5.08210e-04 
8790.00 1.81865e-05 9.85610e-01 6.19118e-18 4.91066e-04 
8797.32 1.79934e-05 9.85080e-01 6.05687e-18 4.75451e-04 
8801.28 1.78912e-05 9.84656e-01 5.98524e-18 4.67171e-04 
8810.00 1.77534e-05 9.83434e-01 5.83036e-18 4.51462e-04 
8821.49 1.78479e-05 9.81432e-01 5.63183e-18 4.38088e-04 
8830.00 1.79873e-05 9.79847e-01 5.48861e-18 4.30003e-04 
8841.31 1.80405e-05 9.77880e-01 5.30355e-18 4.16429e-04 
8841.70 1.80381e-05 9.77817e-01 5.29713e-18 4.15860e-04 
8850.00 1.79018e-05 9.76640e-01 5.16509e-18 4.02324e-04 
8861.94 1.74980e-05 9.75399e-01 4.98034e-18 3.79211e-04 
8870.00 1.73575e-05 9.74877e-01 4.85898e-18 3.67138e-04 
8882.19 1.76414e-05 9.74590e-01 4.68064e-18 3.59836e-04 
8885.51 1.77582e-05 9.74620e-01 4.63304e-18 3.58679e-04 
8890.00 1.78919e-05 9.74734e-01 4.56948e-18 3.56643e-04 
8902.45 1.79858e-05 9.75402e-01 4.39727e-18 3.45724e-04 
8910.00 1.78975e-05 9.75979e-01 4.29581e-18 3.36572e-04 
8922.73 1.76632e-05 9.77058e-01 4.12948e-18 3.20116e-04 
8929.94 1.75661e-05 9.77640e-01 4.03799e-18 3.11738e-04 
8930.00 1.75655e-05 9.77645e-01 4.03723e-18 3.11674e-04 
8943.03 1.75474e-05 9.78526e-01 3.87653e-18 2.99665e-04 
8950.00 1.75558e-05 9.78938e-01 3.79301e-18 2.93701e-04 
8963.34 1.75181e-05 9.79710e-01 3.63772e-18 2.81714e-04 
8970.00 1.75369e-05 9.80127e-01 3.56245e-18 2.76502e-04 
8974.59 1.75836e-05 9.80440e-01 3.51140e-18 2.73494e-04 
8983.67 1.76398e-05 9.81136e-01 3.41238e-18 2.67090e-04 
8990.00 1.75278e-05 9.81665e-01 3.34489e-18 2.60469e-04 
9004.01 1.67947e-05 9.82894e-01 3.19985e-18 2.39424e-04 
9010.00 1.65934e-05 9.83413e-01 3.13968e-18 2.32382e-04 
9019.46 1.67292e-05 9.84190e-01 3.04671e-18 2.27767e-04 
9024.37 1.69262e-05 9.84560e-01 2.99948e-18 2.27085e-04 
9030.00 1.71544e-05 9.84952e-01 2.94619e-18 2.26288e-04 
9044.75 1.74194e-05 9.85831e-01 2.81068e-18 2.19769e-04 
9050.00 1.74138e-05 9.86093e-01 2.76383e-18 2.16220e-04 
9064.56 1.72207e-05 9.86690e-01 2.63775e-18 2.04520e-04 
9065.14 1.72085e-05 9.86710e-01 2.63286e-18 2.04013e-04 
9070.00 1.70947e-05 9.86866e-01 2.59203e-18 1.99660e-04 
9085.54 1.67075e-05 9.87250e-01 2.46544e-18 1.85998e-04 
9090.00 1.66462e-05 9.87333e-01 2.43024e-18 1.82774e-04 
9105.97 1.67336e-05 9.87558e-01 2.30791e-18 1.74831e-04 
9109.88 1.67956e-05 9.87600e-01 2.27880e-18 1.73348e-04 
9110.00 1.67975e-05 9.87601e-01 2.27793e-18 1.73304e-04 
9126.40 1.70167e-05 9.87748e-01 2.15973e-18 1.66779e-04 
9130.00 1.70296e-05 9.87776e-01 2.13460e-18 1.65034e-04 
9146.86 1.68872e-05 9.87901e-01 2.02040e-18 1.55205e-04 
9150.00 1.68486e-05 9.87926e-01 1.99976e-18 1.53324e-04 
9155.43 1.67914e-05 9.87970e-01 1.96455e-18 1.50209e-04 
9167.33 1.67269e-05 9.88079e-01 1.88947e-18 1.44116e-04 
9170.00 1.67266e-05 9.88105e-01 1.87297e-18 1.42900e-04 
9187.81 1.67536e-05 9.88280e-01 1.76646e-18 1.35278e-04 
9190.00 1.67390e-05 9.88301e-01 1.75378e-18 1.34225e-04 
9201.21 1.65445e-05 9.88400e-01 1.69015e-18 1.28021e-04 
9208.31 1.63435e-05 9.88455e-01 1.65095e-18 1.23634e-04 
9210.00 1.62899e-05 9.88467e-01 1.64177e-18 1.22568e-04 
9228.83 1.57939e-05 9.88583e-01 1.54252e-18 1.11893e-04 
9230.00 1.57854e-05 9.88589e-01 1.53655e-18 1.11415e-04 
9247.21 1.60010e-05 9.88680e-01 1.45113e-18 1.06867e-04 
9249.36 1.60438e-05 9.88691e-01 1.44078e-18 1.06415e-04 
9250.00 1.60559e-05 9.88695e-01 1.43774e-18 1.06278e-04 
9269.91 1.62723e-05 9.88803e-01 1.34536e-18 1.01018e-04 
9270.00 1.62726e-05 9.88803e-01 1.34497e-18 1.00991e-04 
9290.00 1.62727e-05 9.88912e-01 1.25790e-18 9.46676e-05 
9290.48 1.62732e-05 9.88914e-01 1.25589e-18 9.45246e-05 
9293.45 1.62790e-05 9.88930e-01 1.24343e-18 9.36517e-05 
9310.00 1.63112e-05 9.89014e-01 1.17621e-18 8.89300e-05 
9311.06 1.63091e-05 9.89020e-01 1.17203e-18 8.86129e-05 
9330.00 1.61990e-05 9.89112e-01 1.09959e-18 8.27505e-05 
9331.66 1.61902e-05 9.89120e-01 1.09347e-18 8.22602e-05 
9339.92 1.61560e-05 9.89160e-01 1.06338e-18 7.99016e-05 
9350.00 1.61110e-05 9.89209e-01 1.02775e-18 7.70960e-05 
9352.27 1.60968e-05 9.89219e-01 1.01989e-18 7.64582e-05 
9370.00 1.60203e-05 9.89304e-01 9.60396e-19 7.17984e-05 
9372.90 1.60313e-05 9.89317e-01 9.50999e-19 7.11676e-05 
9386.62 1.60328e-05 9.89380e-01 9.07666e-19 6.80347e-05 
9390.00 1.59702e-05 9.89395e-01 8.97279e-19 6.70190e-05 
9393.54 1.58618e-05 9.89411e-01 8.86525e-19 6.57918e-05 
9410.00 1.53420e-05 9.89481e-01 8.38145e-19 6.02729e-05 
9414.20 1.53647e-05 9.89499e-01 8.26204e-19 5.95298e-05 
9430.00 1.57239e-05 9.89565e-01 7.82756e-19 5.78183e-05 
9433.55 1.57323e-05 9.89580e-01 7.73297e-19 5.71724e-05 
9434.88 1.57245e-05 9.89586e-01 7.69787e-19 5.68932e-05 
9450.00 1.55223e-05 9.89647e-01 7.30890e-19 5.34126e-05 
9455.57 1.55332e-05 9.89669e-01 7.17039e-19 5.24691e-05 
9470.00 1.57149e-05 9.89716e-01 6.82335e-19 5.05934e-05 
9476.28 1.57495e-05 9.89731e-01 6.67737e-19 4.96536e-05 
9480.72 1.57476e-05 9.89740e-01 6.57605e-19 4.89175e-05 
9490.00 1.56994e-05 9.89753e-01 6.36891e-19 4.72785e-05 
9497.01 1.56472e-05 9.89759e-01 6.21672e-19 4.60296e-05 
9510.00 1.55777e-05 9.89771e-01 5.94368e-19 4.38730e-05 
9517.75 1.55685e-05 9.89783e-01 5.78643e-19 4.27224e-05 
9528.12 1.54579e-05 9.89810e-01 5.58212e-19 4.09669e-05 
9530.00 1.54101e-05 9.89817e-01 5.54589e-19 4.05835e-05 
9538.50 1.50920e-05 9.89852e-01 5.38463e-19 3.86257e-05 
9550.00 1.47717e-05 9.89904e-01 5.17386e-19 3.63717e-05 
9559.28 1.49172e-05 9.89938e-01 5.00956e-19 3.55996e-05 
9570.00 1.52570e-05 9.89955e-01 4.82599e-19 3.51161e-05 
9575.76 1.53596e-05 9.89950e-01 4.73002e-19 3.46698e-05 
9580.07 1.53900e-05 9.89938e-01 4.65953e-19 3.42357e-05 
9590.00 1.53648e-05 9.89887e-01 4.50078e-19 3.30479e-05 
9600.87 1.52771e-05 9.89811e-01 4.33297e-19 3.16675e-05 
9610.00 1.51932e-05 9.89743e-01 4.19683e-19 3.05309e-05 
9621.70 1.51017e-05 9.89669e-01 4.02839e-19 2.91624e-05 
9623.64 1.50893e-05 9.89660e-01 4.00102e-19 2.89460e-05 
9630.00 1.50553e-05 9.89636e-01 3.91281e-19 2.82621e-05 
9642.54 1.50107e-05 9.89600e-01 3.74440e-19 2.69996e-05 
9650.00 1.49793e-05 9.89569e-01 3.64747e-19 2.62651e-05 
9663.39 1.49041e-05 9.89457e-01 3.47967e-19 2.49629e-05 
9670.00 1.48940e-05 9.89361e-01 3.39963e-19 2.43864e-05 
9671.76 1.48978e-05 9.89330e-01 3.37862e-19 2.42455e-05 
9684.26 1.49683e-05 9.89039e-01 3.23297e-19 2.33334e-05 
9690.00 1.49912e-05 9.88876e-01 3.16818e-19 2.29106e-05 
9705.15 1.49476e-05 9.88415e-01 3.00314e-19 2.16775e-05 
9710.00 1.49274e-05 9.88271e-01 2.95207e-19 2.12877e-05 
9720.12 1.49080e-05 9.88000e-01 2.84827e-19 2.05283e-05 
9726.05 1.48950e-05 9.87871e-01 2.78907e-19 2.00937e-05 
9730.00 1.48780e-05 9.87801e-01 2.75034e-19 1.97987e-05 
9746.97 1.47307e-05 9.87699e-01 2.58973e-19 1.84883e-05 
9750.00 1.47046e-05 9.87723e-01 2.56205e-19 1.82644e-05 
9767.91 1.46856e-05 9.88193e-01 2.40416e-19 1.71563e-05 
9768.72 1.46934e-05 9.88230e-01 2.39724e-19 1.71180e-05 
9770.00 1.47076e-05 9.88291e-01 2.38636e-19 1.70601e-05 
9788.86 1.52800e-05 9.89648e-01 2.23145e-19 1.66283e-05 
