##### EXOPHOT SPECTRAL OVERLAP FILE #####
# Date: 01/12/2021 13:15:01
# SED file: SED_g2v.txt
# atmosphere file: atm_g2v_hzo_os3.txt
# photopigment file: phot0.txt
# Stellar radius (Rs in km): 6.963400e+05
# Exoplanet orbit semi-major axis (sma in km): 1.672066e+08
# Total absorption rate (gamma_t in s-1): 5.62210e+00
# B band absorption rate (gamma_B in s-1): 1.04058e+00
# Q band absorption rate (gamma_Q in s-1): 4.58152e+00
# B-Q bands cut-off (in nm): 500
# photosynthetic photon flux density [ppfd in micromol photon m-2 s-1]: 1.70413e+03
# Total Stellar Irradiance (S in W m-2): 1.07502e+03
# -------------------------------------------------
# Col 1: Wavelength (wl in Angstrom) 
# Col 2: Spectral Flux Density (F_l in J cm-2 s-1 A-1) 
# Col 3: Atmosphere transmitance (T, no units) 
# Col 4: Pigment absorption cross section (sigma_abs in cm-2) 
# Col 5: Spectral Absorption Rate (Gamma_lambda in A-1 s-1)
2507.89 4.87385e-07 1.50497e-01 2.67405e-19 2.47629e-08 
2513.00 2.95063e-07 1.52454e-01 3.01454e-19 1.71550e-08 
2515.76 2.36467e-07 1.53520e-01 3.20881e-19 1.47527e-08 
2518.00 2.08576e-07 1.54391e-01 3.37186e-19 1.37637e-08 
2523.54 2.01333e-07 1.56560e-01 3.79301e-19 1.51884e-08 
2525.00 2.11060e-07 1.57133e-01 3.90776e-19 1.64735e-08 
2528.34 2.44347e-07 1.58450e-01 4.17606e-19 2.05790e-08 
2535.00 2.93065e-07 1.61092e-01 4.73286e-19 2.85143e-08 
2539.21 2.81343e-07 1.62766e-01 5.09672e-19 2.98339e-08 
2540.98 2.85872e-07 1.63470e-01 5.25216e-19 3.13958e-08 
2545.00 3.76098e-07 1.65071e-01 5.60936e-19 4.46166e-08 
2553.68 8.74510e-07 1.68550e-01 6.39107e-19 1.21104e-07 
2554.88 9.08005e-07 1.69036e-01 6.49943e-19 1.28303e-07 
2555.00 9.10043e-07 1.69082e-01 6.50985e-19 1.28838e-07 
2565.00 7.69975e-07 1.73164e-01 7.40072e-19 1.27414e-07 
2566.45 7.98445e-07 1.73760e-01 7.52709e-19 1.34921e-07 
2570.57 9.81085e-07 1.75455e-01 7.87946e-19 1.75518e-07 
2575.00 1.16720e-06 1.77283e-01 8.24551e-19 2.21173e-07 
2579.28 1.17062e-06 1.79060e-01 8.58422e-19 2.33634e-07 
2585.00 1.03724e-06 1.81445e-01 9.00771e-19 2.20608e-07 
2586.27 1.01315e-06 1.81977e-01 9.09674e-19 2.18360e-07 
2592.18 9.44239e-07 1.84460e-01 9.48439e-19 2.15567e-07 
2595.00 9.09391e-07 1.85648e-01 9.65255e-19 2.12885e-07 
2601.98 7.66310e-07 1.88598e-01 1.00173e-18 1.89636e-07 
2605.00 7.07825e-07 1.89880e-01 1.01509e-18 1.78913e-07 
2605.14 7.05535e-07 1.89940e-01 1.01568e-18 1.78503e-07 
2615.00 6.40879e-07 1.94143e-01 1.04804e-18 1.71661e-07 
2617.70 6.49858e-07 1.95298e-01 1.05385e-18 1.76253e-07 
2618.17 6.54289e-07 1.95500e-01 1.05472e-18 1.77818e-07 
2625.00 9.41729e-07 1.98441e-01 1.06277e-18 2.62452e-07 
2631.26 1.65697e-06 2.01150e-01 1.06254e-18 4.69102e-07 
2633.43 1.90494e-06 2.02092e-01 1.06078e-18 5.41380e-07 
2635.00 2.05258e-06 2.02777e-01 1.05896e-18 5.84660e-07 
2644.41 2.71610e-06 2.06890e-01 1.03892e-18 7.77178e-07 
2645.00 2.79497e-06 2.07147e-01 1.03717e-18 7.99568e-07 
2649.17 3.52733e-06 2.08973e-01 1.02314e-18 1.00578e-06 
2655.00 4.09183e-06 2.11538e-01 9.98934e-19 1.15566e-06 
2657.64 3.78893e-06 2.12700e-01 9.86374e-19 1.06352e-06 
2664.92 2.31917e-06 2.15922e-01 9.46934e-19 6.36146e-07 
2665.00 2.30892e-06 2.15959e-01 9.46451e-19 6.33137e-07 
2670.92 2.27985e-06 2.18590e-01 9.09734e-19 6.09587e-07 
2675.00 2.73135e-06 2.20404e-01 8.82451e-19 7.15376e-07 
2680.68 3.31865e-06 2.22938e-01 8.42133e-19 8.40803e-07 
2684.28 3.37801e-06 2.24550e-01 8.15429e-19 8.35817e-07 
2685.00 3.34148e-06 2.24874e-01 8.09988e-19 8.22666e-07 
2695.00 2.23054e-06 2.29380e-01 7.32164e-19 5.08225e-07 
2696.45 2.24711e-06 2.30036e-01 7.20601e-19 5.05628e-07 
2697.70 2.31925e-06 2.30600e-01 7.10627e-19 5.16137e-07 
2705.00 2.91845e-06 2.33903e-01 6.51990e-19 6.06065e-07 
2711.19 2.44027e-06 2.36710e-01 6.02378e-19 4.74905e-07 
2712.24 2.29459e-06 2.37186e-01 5.94046e-19 4.41432e-07 
2715.00 1.90804e-06 2.38444e-01 5.72150e-19 3.55776e-07 
2724.74 1.30758e-06 2.42890e-01 4.96881e-19 2.16460e-07 
2725.00 1.31474e-06 2.43007e-01 4.94959e-19 2.16929e-07 
2728.03 1.48214e-06 2.44391e-01 4.72386e-19 2.34987e-07 
2735.00 1.79281e-06 2.47583e-01 4.22241e-19 2.58046e-07 
2738.37 1.55533e-06 2.49130e-01 3.98997e-19 2.13125e-07 
2743.83 9.87592e-07 2.51648e-01 3.62784e-19 1.24538e-07 
2745.00 9.18283e-07 2.52187e-01 3.55308e-19 1.13702e-07 
2752.06 1.14738e-06 2.55450e-01 3.12031e-19 1.26704e-07 
2755.00 1.38716e-06 2.56810e-01 2.95028e-19 1.45762e-07 
2759.65 1.70111e-06 2.58961e-01 2.69389e-19 1.64863e-07 
2765.00 1.95785e-06 2.61439e-01 2.41795e-19 1.72273e-07 
2765.82 1.98976e-06 2.61820e-01 2.37744e-19 1.72449e-07 
2775.00 1.99214e-06 2.66085e-01 1.95655e-19 1.44883e-07 
2775.47 1.96293e-06 2.66306e-01 1.93637e-19 1.41427e-07 
2779.65 1.58408e-06 2.68250e-01 1.76559e-19 1.04984e-07 
2785.00 1.00093e-06 2.70746e-01 1.56366e-19 5.94098e-08 
2791.31 5.52027e-07 2.73694e-01 1.34887e-19 2.86370e-08 
2793.55 4.58287e-07 2.74740e-01 1.27862e-19 2.26401e-08 
2795.00 4.11472e-07 2.75419e-01 1.23458e-19 1.96860e-08 
2805.00 5.19314e-07 2.80101e-01 9.63381e-20 1.97878e-08 
2807.16 6.98136e-07 2.81113e-01 9.11764e-20 2.52868e-08 
2807.52 7.33258e-07 2.81280e-01 9.03475e-20 2.63365e-08 
2815.00 1.69227e-06 2.84791e-01 7.43330e-20 5.07669e-08 
2821.55 2.52434e-06 2.87870e-01 6.23586e-20 6.43654e-08 
2823.02 2.65333e-06 2.88559e-01 5.99230e-20 6.52012e-08 
2825.00 2.77239e-06 2.89491e-01 5.67593e-20 6.47840e-08 
2835.00 2.41298e-06 2.94199e-01 4.29577e-20 4.35223e-08 
2835.66 2.35048e-06 2.94510e-01 4.21636e-20 4.16649e-08 
2838.89 2.00931e-06 2.96029e-01 3.84814e-20 3.27117e-08 
2845.00 1.27648e-06 2.98908e-01 3.23342e-20 1.76693e-08 
2849.84 7.57552e-07 3.01190e-01 2.81825e-20 9.22520e-09 
2854.77 5.93824e-07 3.03517e-01 2.45493e-20 6.35878e-09 
2855.00 6.00929e-07 3.03627e-01 2.43917e-20 6.39638e-09 
2864.09 1.79595e-06 3.07920e-01 1.91675e-20 1.52830e-08 
2865.00 1.97147e-06 3.08350e-01 1.87406e-20 1.64311e-08 
2870.66 2.99121e-06 3.11021e-01 1.64668e-20 2.21387e-08 
2875.00 3.40111e-06 3.13070e-01 1.51503e-20 2.33477e-08 
2878.41 3.34485e-06 3.14680e-01 1.43802e-20 2.19324e-08 
2885.00 3.03790e-06 3.17796e-01 1.35689e-20 1.90254e-08 
2886.56 3.07887e-06 3.18533e-01 1.35107e-20 1.92543e-08 
2892.80 3.71871e-06 3.21480e-01 1.38259e-20 2.40703e-08 
2895.00 4.02544e-06 3.22516e-01 1.41648e-20 2.68007e-08 
2902.47 4.94726e-06 3.26026e-01 1.63244e-20 3.84720e-08 
2907.27 5.34266e-06 3.28270e-01 1.86335e-20 4.78290e-08 
2910.00 5.46886e-06 3.29548e-01 2.03365e-20 5.36918e-08 
2918.40 5.39415e-06 3.33473e-01 2.76705e-20 7.31253e-08 
2921.80 5.23653e-06 3.35070e-01 3.17006e-20 8.18125e-08 
2930.00 4.80888e-06 3.38937e-01 4.46542e-20 1.07353e-07 
2934.33 4.65755e-06 3.40986e-01 5.37497e-20 1.26096e-07 
2936.41 4.60936e-06 3.41970e-01 5.87669e-20 1.36931e-07 
2950.00 4.57106e-06 3.48386e-01 1.05152e-19 2.48680e-07 
2950.28 4.57360e-06 3.48515e-01 1.06385e-19 2.51853e-07 
2951.09 4.58156e-06 3.48900e-01 1.10127e-19 2.61525e-07 
2965.85 4.76986e-06 3.55830e-01 2.03235e-19 5.15014e-07 
2966.23 4.77418e-06 3.56010e-01 2.06427e-19 5.23910e-07 
2970.00 4.80971e-06 3.57777e-01 2.40344e-19 6.18363e-07 
2980.68 4.83004e-06 3.62780e-01 3.66490e-19 9.63594e-07 
2982.20 4.82473e-06 3.63493e-01 3.88732e-19 1.02348e-06 
2990.00 4.77466e-06 3.67147e-01 5.23339e-19 1.38089e-06 
2995.58 4.72600e-06 3.69760e-01 6.44459e-19 1.69830e-06 
2998.18 4.70672e-06 3.70975e-01 7.09004e-19 1.86850e-06 
3010.00 4.73536e-06 3.76500e-01 1.08326e-18 2.92645e-06 
3010.56 4.74414e-06 3.76760e-01 1.10471e-18 2.99254e-06 
3014.16 4.81848e-06 3.78439e-01 1.25259e-18 3.46579e-06 
3025.61 5.14132e-06 3.83750e-01 1.84622e-18 5.54806e-06 
3030.00 5.24246e-06 3.85783e-01 2.13341e-18 6.58140e-06 
3030.16 5.24550e-06 3.85859e-01 2.14491e-18 6.62237e-06 
3040.74 5.35393e-06 3.90750e-01 3.00901e-18 9.63603e-06 
3046.18 5.39818e-06 3.93261e-01 3.56281e-18 1.15984e-05 
3050.00 5.45207e-06 3.95025e-01 4.00395e-18 1.32403e-05 
3055.94 5.58617e-06 3.97760e-01 4.78425e-18 1.63538e-05 
3062.20 5.72816e-06 4.00629e-01 5.74519e-18 2.03245e-05 
3070.00 5.76852e-06 4.04201e-01 7.17386e-18 2.58510e-05 
3071.22 5.75078e-06 4.04760e-01 7.42333e-18 2.67151e-05 
3078.23 5.55621e-06 4.07962e-01 9.00094e-18 3.16163e-05 
3086.58 5.34547e-06 4.11770e-01 1.12441e-17 3.84560e-05 
3090.00 5.34673e-06 4.13326e-01 1.22906e-17 4.22509e-05 
3094.27 5.45871e-06 4.15266e-01 1.37112e-17 4.84143e-05 
3102.01 5.83509e-06 4.18770e-01 1.66316e-17 6.34636e-05 
3110.00 6.15955e-06 4.22376e-01 2.01661e-17 8.21397e-05 
3110.33 6.16627e-06 4.22523e-01 2.03232e-17 8.29076e-05 
3117.52 6.16099e-06 4.25760e-01 2.40313e-17 9.89294e-05 
3126.39 5.90092e-06 4.29738e-01 2.93327e-17 1.17069e-04 
3130.00 5.77170e-06 4.31351e-01 3.17366e-17 1.24498e-04 
3133.11 5.66922e-06 4.32740e-01 3.39307e-17 1.31293e-04 
3142.47 5.47615e-06 4.36910e-01 4.12539e-17 1.56144e-04 
3148.77 5.50121e-06 4.39710e-01 4.68301e-17 1.79562e-04 
3150.00 5.52539e-06 4.40253e-01 4.79764e-17 1.85066e-04 
3158.56 5.82367e-06 4.44042e-01 5.65753e-17 2.32627e-04 
3164.52 6.01891e-06 4.46670e-01 6.31994e-17 2.70675e-04 
3170.00 6.05290e-06 4.49077e-01 6.97642e-17 3.02622e-04 
3174.66 5.91610e-06 4.51116e-01 7.57058e-17 3.22904e-04 
3180.34 5.63972e-06 4.53600e-01 8.34247e-17 3.41682e-04 
3190.00 5.34937e-06 4.57810e-01 9.77163e-17 3.84298e-04 
3190.77 5.35557e-06 4.58143e-01 9.89130e-17 3.89833e-04 
3196.24 5.52697e-06 4.60520e-01 1.07748e-16 4.41271e-04 
3206.89 5.94657e-06 4.65116e-01 1.26262e-16 5.63779e-04 
3210.00 5.93438e-06 4.66455e-01 1.32009e-16 5.90495e-04 
3212.22 5.85693e-06 4.67410e-01 1.36203e-16 6.02953e-04 
3223.02 5.09942e-06 4.72032e-01 1.57565e-16 6.15371e-04 
3228.29 4.86945e-06 4.74280e-01 1.68564e-16 6.32667e-04 
3230.00 4.86517e-06 4.75011e-01 1.72221e-16 6.47162e-04 
3239.16 5.49354e-06 4.78904e-01 1.92338e-16 8.25130e-04 
3244.43 6.14168e-06 4.81130e-01 2.04304e-16 9.86026e-04 
3250.00 6.84092e-06 4.83475e-01 2.17241e-16 1.17554e-03 
3255.32 7.38190e-06 4.85704e-01 2.29799e-16 1.35022e-03 
3260.65 7.77754e-06 4.87940e-01 2.42578e-16 1.51108e-03 
3270.00 8.13357e-06 4.91852e-01 2.65266e-16 1.74690e-03 
3271.48 8.15236e-06 4.92467e-01 2.68876e-16 1.77779e-03 
3276.95 8.14689e-06 4.94720e-01 2.82239e-16 1.87656e-03 
3287.66 7.91379e-06 4.99035e-01 3.08260e-16 2.01485e-03 
3290.00 7.84544e-06 4.99976e-01 3.13903e-16 2.03930e-03 
3293.34 7.74858e-06 5.01320e-01 3.21886e-16 2.07300e-03 
3303.84 7.48714e-06 5.05603e-01 3.46477e-16 2.18144e-03 
3309.80 7.39855e-06 5.08040e-01 3.59942e-16 2.25425e-03 
3310.00 7.39668e-06 5.08120e-01 3.60379e-16 2.25690e-03 
3320.04 7.38911e-06 5.12190e-01 3.81990e-16 2.41625e-03 
3326.35 7.45340e-06 5.14730e-01 3.94760e-16 2.53606e-03 
3330.00 7.50665e-06 5.16194e-01 4.01816e-16 2.61008e-03 
3336.25 7.59611e-06 5.18696e-01 4.13304e-16 2.73499e-03 
3342.98 7.57564e-06 5.21380e-01 4.24744e-16 2.82331e-03 
3350.00 7.26242e-06 5.24164e-01 4.35554e-16 2.79614e-03 
3352.47 7.05318e-06 5.25141e-01 4.39077e-16 2.74467e-03 
3359.70 6.27702e-06 5.27990e-01 4.48474e-16 2.51385e-03 
3368.70 5.51304e-06 5.31521e-01 4.58222e-16 2.27705e-03 
3370.00 5.46843e-06 5.32027e-01 4.59438e-16 2.26765e-03 
3376.50 5.55786e-06 5.34560e-01 4.64817e-16 2.34734e-03 
3384.95 6.09370e-06 5.37838e-01 4.69977e-16 2.62473e-03 
3390.00 6.39330e-06 5.39789e-01 4.72055e-16 2.78013e-03 
3393.38 6.50817e-06 5.41090e-01 4.73022e-16 2.84554e-03 
3401.20 6.56322e-06 5.44088e-01 4.73960e-16 2.89790e-03 
3410.00 6.52699e-06 5.47438e-01 4.72862e-16 2.90042e-03 
3410.35 6.52809e-06 5.47570e-01 4.72773e-16 2.90135e-03 
3417.47 6.61746e-06 5.50264e-01 4.70180e-16 2.94547e-03 
3427.40 6.85021e-06 5.54000e-01 4.64208e-16 3.03958e-03 
3430.00 6.90927e-06 5.54975e-01 4.62207e-16 3.06027e-03 
3433.74 6.98157e-06 5.56375e-01 4.59020e-16 3.08208e-03 
3444.54 7.12424e-06 5.60390e-01 4.47895e-16 3.10069e-03 
3450.00 7.17633e-06 5.62411e-01 4.41231e-16 3.09289e-03 
3450.03 7.17662e-06 5.62423e-01 4.41190e-16 3.09282e-03 
3461.76 7.30368e-06 5.66730e-01 4.24772e-16 3.06404e-03 
3466.33 7.38063e-06 5.68399e-01 4.17662e-16 3.05749e-03 
3470.00 7.46175e-06 5.69734e-01 4.11699e-16 3.05735e-03 
3479.07 7.74559e-06 5.73020e-01 3.96064e-16 3.07876e-03 
3482.64 7.88341e-06 5.74311e-01 3.89586e-16 3.09241e-03 
3490.00 8.19614e-06 5.76959e-01 3.75769e-16 3.12194e-03 
3496.46 8.47044e-06 5.79270e-01 3.63174e-16 3.13656e-03 
3498.96 8.55601e-06 5.80160e-01 3.58203e-16 3.13192e-03 
3510.00 8.58666e-06 5.84062e-01 3.35756e-16 2.97534e-03 
3513.95 8.40408e-06 5.85450e-01 3.27578e-16 2.85110e-03 
3515.30 8.32547e-06 5.85925e-01 3.24762e-16 2.80351e-03 
3530.00 7.86410e-06 5.91064e-01 2.93904e-16 2.42766e-03 
3531.51 7.94016e-06 5.91590e-01 2.90718e-16 2.42776e-03 
3531.64 7.94789e-06 5.91634e-01 2.90452e-16 2.42817e-03 
3548.00 9.22417e-06 5.97268e-01 2.56337e-16 2.52241e-03 
3549.17 9.22241e-06 5.97670e-01 2.53919e-16 2.50064e-03 
3550.00 9.20407e-06 5.97953e-01 2.52220e-16 2.48072e-03 
3564.36 7.37715e-06 6.02837e-01 2.23321e-16 1.78206e-03 
3566.92 6.99384e-06 6.03700e-01 2.18318e-16 1.65517e-03 
3570.00 6.61742e-06 6.04738e-01 2.12346e-16 1.52718e-03 
3580.74 6.26545e-06 6.08334e-01 1.92121e-16 1.31997e-03 
3584.75 6.40613e-06 6.09670e-01 1.84825e-16 1.30267e-03 
3590.00 6.69546e-06 6.11412e-01 1.75505e-16 1.29844e-03 
3597.13 7.13533e-06 6.13769e-01 1.63265e-16 1.29476e-03 
3602.68 7.45603e-06 6.15590e-01 1.54103e-16 1.28280e-03 
3610.00 7.78364e-06 6.17979e-01 1.42492e-16 1.24560e-03 
3613.53 7.88247e-06 6.19125e-01 1.37095e-16 1.21708e-03 
3620.69 7.96789e-06 6.21440e-01 1.26573e-16 1.14235e-03 
3629.94 7.90127e-06 6.24420e-01 1.13790e-16 1.02589e-03 
3630.00 7.90042e-06 6.24438e-01 1.13717e-16 1.02516e-03 
3638.79 7.94315e-06 6.27250e-01 1.02437e-16 9.34909e-04 
3640.00 8.01880e-06 6.27634e-01 1.00954e-16 9.31029e-04 
3646.37 8.74280e-06 6.29652e-01 9.33834e-17 9.43637e-04 
3650.00 9.18777e-06 6.30797e-01 8.92583e-17 9.50528e-04 
3656.99 9.64778e-06 6.32990e-01 8.17055e-17 9.18591e-04 
3662.80 9.68817e-06 6.34805e-01 7.57965e-17 8.59545e-04 
3670.00 9.48084e-06 6.37040e-01 6.89472e-17 7.69342e-04 
3675.27 9.25832e-06 6.38670e-01 6.42434e-17 7.02830e-04 
3679.25 9.10301e-06 6.39896e-01 6.08653e-17 6.56670e-04 
3690.00 9.00310e-06 6.43190e-01 5.24411e-17 5.64095e-04 
3693.65 9.14164e-06 6.44300e-01 4.98063e-17 5.45476e-04 
3695.71 9.24471e-06 6.44925e-01 4.83677e-17 5.36511e-04 
3710.00 9.43462e-06 6.49227e-01 3.92962e-17 4.49541e-04 
3712.12 9.24953e-06 6.49860e-01 3.80817e-17 4.27760e-04 
3712.18 9.24326e-06 6.49878e-01 3.80476e-17 4.27107e-04 
3728.66 6.94044e-06 6.54773e-01 2.96348e-17 2.52788e-04 
3730.00 6.82783e-06 6.55170e-01 2.90256e-17 2.43809e-04 
3730.68 6.78260e-06 6.55370e-01 2.87222e-17 2.39779e-04 
3745.15 7.23100e-06 6.59610e-01 2.28610e-17 2.05576e-04 
3749.33 7.64028e-06 6.60810e-01 2.13739e-17 2.03679e-04 
3750.00 7.70813e-06 6.61000e-01 2.11439e-17 2.03372e-04 
3761.65 8.80164e-06 6.64267e-01 1.74710e-17 1.93431e-04 
3768.08 9.22842e-06 6.66050e-01 1.56966e-17 1.83014e-04 
3770.00 9.31646e-06 6.66585e-01 1.51976e-17 1.79121e-04 
3778.17 9.49547e-06 6.68863e-01 1.32306e-17 1.59822e-04 
3786.92 9.57404e-06 6.71310e-01 1.13783e-17 1.39414e-04 
3790.00 9.63778e-06 6.72171e-01 1.07835e-17 1.33284e-04 
3794.70 9.79211e-06 6.73482e-01 9.93082e-18 1.25109e-04 
3805.85 9.76639e-06 6.76580e-01 8.14313e-18 1.03091e-04 
3810.00 9.33701e-06 6.77724e-01 7.55677e-18 9.17160e-05 
3811.23 9.14255e-06 6.78063e-01 7.38994e-18 8.78956e-05 
3824.88 6.22248e-06 6.81790e-01 5.75488e-18 4.70101e-05 
3827.78 5.79674e-06 6.82577e-01 5.45314e-18 4.15770e-05 
3830.00 5.61137e-06 6.83176e-01 5.23237e-18 3.86743e-05 
3844.01 6.83022e-06 6.86940e-01 4.01698e-18 3.64721e-05 
3844.34 6.87916e-06 6.87030e-01 3.99118e-18 3.65055e-05 
3850.00 7.55976e-06 6.88537e-01 3.58122e-18 3.61285e-05 
3860.92 7.69059e-06 6.91423e-01 2.89802e-18 2.99515e-05 
3863.23 7.60392e-06 6.92030e-01 2.76992e-18 2.83467e-05 
3870.00 7.37930e-06 6.93801e-01 2.42392e-18 2.41770e-05 
3877.50 7.47321e-06 6.95748e-01 2.08805e-18 2.11922e-05 
3882.54 7.79455e-06 6.97050e-01 1.88722e-18 2.00409e-05 
3890.00 8.67411e-06 6.98965e-01 1.62308e-18 1.92705e-05 
3894.10 9.34327e-06 7.00012e-01 1.49317e-18 1.91445e-05 
3901.96 1.04368e-05 7.02010e-01 1.27075e-18 1.82883e-05 
3910.00 1.02425e-05 7.04042e-01 1.07563e-18 1.52676e-05 
3910.70 1.01206e-05 7.04219e-01 1.05998e-18 1.48728e-05 
3921.46 6.97136e-06 7.06910e-01 8.45788e-19 8.22839e-06 
3927.32 5.59054e-06 7.08362e-01 7.47128e-19 5.84957e-06 
3930.00 5.38993e-06 7.09023e-01 7.05741e-19 5.33586e-06 
3941.07 7.50500e-06 7.11740e-01 5.56565e-19 5.89828e-06 
3943.95 8.26550e-06 7.12444e-01 5.22978e-19 6.11446e-06 
3950.00 9.17055e-06 7.13916e-01 4.58608e-19 5.97042e-06 
3960.59 7.53843e-06 7.16476e-01 3.63619e-19 3.91573e-06 
3960.78 7.49641e-06 7.16520e-01 3.62159e-19 3.87869e-06 
3970.00 6.32821e-06 7.18725e-01 2.95270e-19 2.68396e-06 
3977.25 7.88322e-06 7.20444e-01 2.51169e-19 2.85612e-06 
3980.58 9.10346e-06 7.21230e-01 2.33068e-19 3.06643e-06 
3990.00 1.24601e-05 7.23440e-01 1.88421e-19 3.41154e-06 
3993.91 1.32245e-05 7.24354e-01 1.72394e-19 3.32028e-06 
4000.48 1.36376e-05 7.25880e-01 1.48372e-19 2.95796e-06 
4010.00 1.33341e-05 7.28075e-01 1.19210e-19 2.33626e-06 
4010.59 1.33135e-05 7.28211e-01 1.17595e-19 2.30181e-06 
4020.49 1.31797e-05 7.30470e-01 9.34545e-20 1.82099e-06 
4027.28 1.31906e-05 7.32007e-01 7.97338e-20 1.56083e-06 
4030.00 1.31859e-05 7.32619e-01 7.47989e-20 1.46593e-06 
4040.59 1.30159e-05 7.34990e-01 5.82518e-20 1.13353e-06 
4043.98 1.29109e-05 7.35745e-01 5.37474e-20 1.03938e-06 
4050.00 1.26673e-05 7.37081e-01 4.65598e-20 8.86312e-07 
4060.69 1.22015e-05 7.39438e-01 3.60251e-20 6.64420e-07 
4060.79 1.21987e-05 7.39460e-01 3.59375e-20 6.62692e-07 
4070.00 1.22725e-05 7.41471e-01 2.87612e-20 5.36230e-07 
4077.41 1.29051e-05 7.43077e-01 2.40135e-20 4.72669e-07 
4081.10 1.33038e-05 7.43870e-01 2.19468e-20 4.46215e-07 
4090.00 1.40342e-05 7.45775e-01 1.76368e-20 3.80069e-07 
4094.15 1.40995e-05 7.46657e-01 1.59212e-20 3.45451e-07 
4101.50 1.38766e-05 7.48210e-01 1.32699e-20 2.84473e-07 
4110.00 1.35201e-05 7.49992e-01 1.07390e-20 2.25302e-07 
4110.90 1.34991e-05 7.50180e-01 1.05011e-20 2.20072e-07 
4122.01 1.35350e-05 7.52490e-01 7.94572e-21 1.67928e-07 
4127.66 1.36293e-05 7.53657e-01 6.89119e-21 1.47084e-07 
4130.00 1.36549e-05 7.54140e-01 6.49438e-21 1.39044e-07 
4142.62 1.36093e-05 7.56720e-01 4.71247e-21 1.01209e-07 
4144.43 1.35985e-05 7.57086e-01 4.50009e-21 9.66597e-08 
4150.00 1.36006e-05 7.58212e-01 3.90170e-21 8.40570e-08 
4161.21 1.37680e-05 7.60457e-01 2.92466e-21 6.41451e-08 
4163.33 1.37909e-05 7.60880e-01 2.76853e-21 6.08867e-08 
4170.00 1.37568e-05 7.62204e-01 2.32941e-21 5.12735e-08 
4178.00 1.34497e-05 7.63784e-01 1.89199e-21 4.08784e-08 
4184.15 1.31629e-05 7.64990e-01 1.61138e-21 3.41772e-08 
4190.00 1.29994e-05 7.66130e-01 1.38240e-21 2.90402e-08 
4194.81 1.30130e-05 7.67062e-01 1.21845e-21 2.56833e-08 
4205.07 1.32329e-05 7.69040e-01 9.29410e-22 2.00219e-08 
4210.00 1.32622e-05 7.69985e-01 8.15687e-22 1.76533e-08 
4211.63 1.32417e-05 7.70296e-01 7.81275e-22 1.68958e-08 
4226.10 1.27396e-05 7.73030e-01 5.31331e-22 1.11322e-08 
4228.45 1.26823e-05 7.73469e-01 4.98839e-22 1.04162e-08 
4230.00 1.26605e-05 7.73755e-01 4.78611e-22 9.98392e-09 
4245.30 1.28720e-05 7.76528e-01 3.17201e-22 6.77592e-09 
4247.23 1.28867e-05 7.76870e-01 3.01090e-22 6.44490e-09 
4250.00 1.28748e-05 7.77359e-01 2.79319e-22 5.98100e-09 
4262.15 1.23832e-05 7.79481e-01 2.00899e-22 4.16071e-09 
4268.46 1.20534e-05 7.80590e-01 1.69138e-22 3.41955e-09 
4270.00 1.19869e-05 7.80862e-01 1.62180e-22 3.26308e-09 
4279.01 1.16853e-05 7.82474e-01 1.26749e-22 2.49643e-09 
4289.80 1.09258e-05 7.84410e-01 9.42170e-23 1.74376e-09 
4290.00 1.09023e-05 7.84445e-01 9.37098e-23 1.73079e-09 
4295.89 1.00560e-05 7.85491e-01 7.96682e-23 1.36091e-09 
4310.00 9.08591e-06 7.87962e-01 5.38962e-23 8.37206e-10 
4311.25 9.22439e-06 7.88180e-01 5.20538e-23 8.21376e-10 
4312.78 9.45417e-06 7.88445e-01 4.98941e-23 8.07466e-10 
4329.68 1.32102e-05 7.91355e-01 3.11376e-23 7.09490e-10 
4330.00 1.32475e-05 7.91410e-01 3.08587e-23 7.05219e-10 
4332.81 1.34454e-05 7.91890e-01 2.85229e-23 6.62406e-10 
4346.59 1.27294e-05 7.94227e-01 1.93661e-23 4.28417e-10 
4350.00 1.26163e-05 7.94801e-01 1.75912e-23 3.86276e-10 
4354.47 1.27640e-05 7.95550e-01 1.55033e-23 3.45092e-10 
4363.51 1.35711e-05 7.97054e-01 1.20051e-23 2.85252e-10 
4370.00 1.39360e-05 7.98124e-01 9.98650e-24 2.44358e-10 
4376.25 1.37155e-05 7.99150e-01 8.36160e-24 2.01908e-10 
4380.45 1.33641e-05 7.99838e-01 7.41832e-24 1.74860e-10 
4390.00 1.26563e-05 8.01390e-01 5.64731e-24 1.26584e-10 
4397.40 1.27355e-05 8.02583e-01 4.56986e-24 1.03402e-10 
4398.13 1.27716e-05 8.02700e-01 4.47545e-24 1.01585e-10 
4410.00 1.36749e-05 8.04593e-01 3.18183e-24 7.77213e-11 
4414.36 1.40035e-05 8.05283e-01 2.80679e-24 7.03374e-11 
4420.12 1.43490e-05 8.06190e-01 2.37703e-24 6.11860e-11 
4430.00 1.46331e-05 8.07737e-01 1.78649e-24 4.70906e-11 
4431.33 1.46358e-05 8.07945e-01 1.71903e-24 4.53461e-11 
4442.22 1.44872e-05 8.09630e-01 1.25342e-24 3.28767e-11 
4448.31 1.44551e-05 8.10564e-01 1.05005e-24 2.75510e-11 
4450.00 1.44765e-05 8.10822e-01 9.99790e-25 2.62894e-11 
4464.43 1.50812e-05 8.13010e-01 6.56627e-25 1.80942e-11 
4465.31 1.51182e-05 8.13143e-01 6.39983e-25 1.76852e-11 
4470.00 1.52589e-05 8.13850e-01 5.58074e-25 1.55952e-11 
4482.32 1.52401e-05 8.15693e-01 3.89549e-25 1.09271e-11 
4486.75 1.52995e-05 8.16350e-01 3.42266e-25 9.65544e-12 
4490.00 1.54367e-05 8.16829e-01 3.11328e-25 8.87303e-12 
4499.34 1.62545e-05 8.18193e-01 2.37393e-25 7.15105e-12 
4509.19 1.68828e-05 8.19620e-01 1.78743e-25 5.61445e-12 
4510.00 1.68840e-05 8.19738e-01 1.74630e-25 5.48743e-12 
4516.37 1.65689e-05 8.20656e-01 1.45796e-25 4.50726e-12 
4530.00 1.53063e-05 8.22605e-01 1.00345e-25 2.88124e-12 
4531.73 1.52254e-05 8.22850e-01 9.58861e-26 2.74052e-12 
4533.41 1.51781e-05 8.23088e-01 9.17942e-26 2.61714e-12 
4550.00 1.58111e-05 8.25411e-01 6.22682e-26 1.86137e-12 
4550.47 1.58445e-05 8.25476e-01 6.16824e-26 1.84809e-12 
4554.39 1.61247e-05 8.26020e-01 5.72272e-26 1.74758e-12 
4567.54 1.67463e-05 8.27835e-01 4.76795e-26 1.51985e-12 
4570.00 1.67449e-05 8.28173e-01 4.67225e-26 1.49062e-12 
4577.16 1.64808e-05 8.29150e-01 4.53170e-26 1.42689e-12 
4584.62 1.60498e-05 8.30158e-01 4.59768e-26 1.41383e-12 
4590.00 1.58404e-05 8.30880e-01 4.77749e-26 1.45291e-12 
4600.05 1.59356e-05 8.32220e-01 5.42351e-26 1.66561e-12 
4601.71 1.59855e-05 8.32441e-01 5.57104e-26 1.71734e-12 
4610.00 1.61994e-05 8.33539e-01 6.49505e-26 2.03532e-12 
4618.81 1.61703e-05 8.34697e-01 7.85900e-26 2.46643e-12 
4623.05 1.60946e-05 8.35250e-01 8.67244e-26 2.71324e-12 
4630.00 1.59751e-05 8.36151e-01 1.02638e-25 3.19550e-12 
4635.93 1.59407e-05 8.36913e-01 1.19051e-25 3.70663e-12 
4646.16 1.60330e-05 8.38220e-01 1.54671e-25 4.86182e-12 
4650.00 1.61066e-05 8.38708e-01 1.70816e-25 5.40154e-12 
4653.06 1.61763e-05 8.39095e-01 1.84908e-25 5.87903e-12 
4669.39 1.65060e-05 8.41150e-01 2.82619e-25 9.22358e-12 
4670.00 1.65106e-05 8.41226e-01 2.87094e-25 9.37430e-12 
4670.20 1.65119e-05 8.41250e-01 2.88560e-25 9.42356e-12 
4687.35 1.62737e-05 8.43371e-01 4.48879e-25 1.45374e-11 
4690.00 1.61808e-05 8.43695e-01 4.80333e-25 1.54820e-11 
4692.74 1.60722e-05 8.44030e-01 5.15081e-25 1.65066e-11 
4704.51 1.56414e-05 8.45457e-01 6.94002e-25 2.17353e-11 
4710.00 1.55875e-05 8.46117e-01 7.96427e-25 2.49056e-11 
4716.20 1.57182e-05 8.46860e-01 9.29782e-25 2.93841e-11 
4721.69 1.59413e-05 8.47514e-01 1.06532e-24 3.42115e-11 
4730.00 1.62921e-05 8.48499e-01 1.30702e-24 4.30225e-11 
4738.88 1.64871e-05 8.49544e-01 1.62314e-24 5.42354e-11 
4739.79 1.64971e-05 8.49650e-01 1.65919e-24 5.54914e-11 
4750.00 1.65432e-05 8.50839e-01 2.12247e-24 7.14375e-11 
4756.08 1.65518e-05 8.51541e-01 2.45452e-24 8.28306e-11 
4763.48 1.65585e-05 8.52390e-01 2.92561e-24 9.90205e-11 
4770.00 1.65593e-05 8.53132e-01 3.41070e-24 1.15702e-10 
4773.29 1.65570e-05 8.53505e-01 3.68420e-24 1.25105e-10 
4787.30 1.64970e-05 8.55080e-01 5.09820e-24 1.73317e-10 
4790.00 1.64703e-05 8.55381e-01 5.42436e-24 1.84275e-10 
4790.52 1.64644e-05 8.55439e-01 5.48939e-24 1.86451e-10 
4807.76 1.62913e-05 8.57348e-01 8.12000e-24 2.74496e-10 
4810.00 1.62974e-05 8.57594e-01 8.53953e-24 2.89004e-10 
4811.24 1.63060e-05 8.57730e-01 8.77990e-24 2.97419e-10 
4825.01 1.64960e-05 8.59225e-01 1.19258e-23 4.10576e-10 
4830.00 1.65117e-05 8.59763e-01 1.33105e-23 4.59449e-10 
4835.29 1.64351e-05 8.60330e-01 1.49456e-23 5.14393e-10 
4842.27 1.61505e-05 8.61074e-01 1.73928e-23 5.89613e-10 
4850.00 1.55442e-05 8.61893e-01 2.05460e-23 6.72068e-10 
4859.47 1.44861e-05 8.62890e-01 2.51518e-23 7.69108e-10 
4859.54 1.44784e-05 8.62898e-01 2.51910e-23 7.69916e-10 
4870.00 1.38837e-05 8.63989e-01 3.14133e-23 9.23799e-10 
4876.83 1.42983e-05 8.64697e-01 3.62382e-23 1.09996e-09 
4883.77 1.50783e-05 8.65410e-01 4.18480e-23 1.34254e-09 
4890.00 1.56950e-05 8.66046e-01 4.75810e-23 1.59209e-09 
4894.13 1.59070e-05 8.66466e-01 5.17818e-23 1.75839e-09 
4908.19 1.57535e-05 8.67880e-01 6.88559e-23 2.32607e-09 
4910.00 1.56929e-05 8.68061e-01 7.14109e-23 2.40449e-09 
4911.44 1.56460e-05 8.68205e-01 7.35063e-23 2.46877e-09 
4928.77 1.53574e-05 8.69920e-01 1.03670e-22 3.43646e-09 
4930.00 1.53675e-05 8.70042e-01 1.06214e-22 3.52447e-09 
4932.73 1.54083e-05 8.70310e-01 1.12046e-22 3.73110e-09 
4946.10 1.58273e-05 8.71618e-01 1.45280e-22 4.99027e-09 
4950.00 1.59603e-05 8.71997e-01 1.56590e-22 5.43060e-09 
4957.39 1.61455e-05 8.72710e-01 1.80349e-22 6.34181e-09 
4963.45 1.61952e-05 8.73290e-01 2.02315e-22 7.14955e-09 
4970.00 1.61048e-05 8.73912e-01 2.28872e-22 8.05926e-09 
4980.81 1.56094e-05 8.74932e-01 2.80001e-22 9.58834e-09 
4982.18 1.55274e-05 8.75060e-01 2.87184e-22 9.78680e-09 
4990.00 1.50418e-05 8.75791e-01 3.31696e-22 1.09766e-08 
4998.18 1.46079e-05 8.76551e-01 3.85164e-22 1.24093e-08 
5007.09 1.43981e-05 8.77370e-01 4.52456e-22 1.44070e-08 
5010.00 1.44209e-05 8.77635e-01 4.76741e-22 1.52177e-08 
5015.57 1.46015e-05 8.78141e-01 5.26654e-22 1.70503e-08 
5030.00 1.52387e-05 8.79439e-01 6.79650e-22 2.30638e-08 
5032.12 1.52713e-05 8.79630e-01 7.05414e-22 2.40046e-08 
5032.97 1.52776e-05 8.79706e-01 7.15880e-22 2.43770e-08 
5050.00 1.52135e-05 8.81226e-01 9.61207e-22 3.27604e-08 
5050.38 1.52199e-05 8.81260e-01 9.67450e-22 3.29906e-08 
5057.29 1.54361e-05 8.81870e-01 1.08842e-21 3.77208e-08 
5067.80 1.57772e-05 8.82788e-01 1.29996e-21 4.61912e-08 
5070.00 1.57907e-05 8.82979e-01 1.34879e-21 4.79984e-08 
5082.57 1.54118e-05 8.84060e-01 1.66233e-21 5.79507e-08 
5085.24 1.53079e-05 8.84287e-01 1.73694e-21 6.01905e-08 
5090.00 1.51807e-05 8.84693e-01 1.87816e-21 6.46333e-08 
5102.68 1.53033e-05 8.85765e-01 2.30795e-21 8.03624e-08 
5107.98 1.53933e-05 8.86210e-01 2.51328e-21 8.81620e-08 
5110.00 1.54084e-05 8.86379e-01 2.59568e-21 9.11951e-08 
5120.14 1.52823e-05 8.87225e-01 3.04998e-21 1.06592e-07 
5130.00 1.50451e-05 8.88040e-01 3.56093e-21 1.22867e-07 
5133.52 1.49835e-05 8.88330e-01 3.76217e-21 1.29409e-07 
5137.62 1.49183e-05 8.88665e-01 4.00893e-21 1.37458e-07 
5150.00 1.45045e-05 8.89671e-01 4.84988e-21 1.62254e-07 
5155.10 1.41397e-05 8.90082e-01 5.24154e-21 1.71195e-07 
5159.19 1.37948e-05 8.90410e-01 5.57645e-21 1.77896e-07 
5170.00 1.29960e-05 8.91270e-01 6.55861e-21 1.97717e-07 
5172.60 1.28899e-05 8.91476e-01 6.81748e-21 2.03993e-07 
5184.99 1.29464e-05 8.92450e-01 8.18572e-21 2.46866e-07 
5190.00 1.31973e-05 8.92842e-01 8.80775e-21 2.71154e-07 
5190.11 1.32041e-05 8.92850e-01 8.82180e-21 2.71733e-07 
5207.63 1.44453e-05 8.94208e-01 1.13578e-20 3.84612e-07 
5210.00 1.45513e-05 8.94390e-01 1.17476e-20 4.00993e-07 
5210.91 1.45826e-05 8.94460e-01 1.19012e-20 4.07215e-07 
5225.17 1.47138e-05 8.95544e-01 1.45500e-20 5.04311e-07 
5230.00 1.48006e-05 8.95908e-01 1.55640e-20 5.43362e-07 
5236.97 1.50979e-05 8.96430e-01 1.71400e-20 6.11570e-07 
5242.72 1.53207e-05 8.96859e-01 1.85483e-20 6.72646e-07 
5250.00 1.52563e-05 8.97400e-01 2.04850e-20 7.41232e-07 
5260.28 1.42703e-05 8.98159e-01 2.35313e-20 7.98662e-07 
5263.15 1.39612e-05 8.98370e-01 2.44554e-20 8.12683e-07 
5270.00 1.35193e-05 8.98871e-01 2.67886e-20 8.63649e-07 
5277.85 1.38330e-05 8.99442e-01 2.97112e-20 9.82176e-07 
5289.47 1.50596e-05 9.00280e-01 3.45723e-20 1.24812e-06 
5290.00 1.51119e-05 9.00318e-01 3.48110e-20 1.26128e-06 
5295.43 1.55418e-05 9.00706e-01 3.73387e-20 1.39338e-06 
5310.00 1.55989e-05 9.01736e-01 4.49559e-20 1.69036e-06 
5313.03 1.53847e-05 9.01949e-01 4.67082e-20 1.73352e-06 
5315.92 1.51309e-05 9.02150e-01 4.84318e-20 1.76920e-06 
5330.00 1.41063e-05 9.03125e-01 5.77046e-20 1.97252e-06 
5330.64 1.40999e-05 9.03169e-01 5.81637e-20 1.98764e-06 
5342.50 1.46449e-05 9.03980e-01 6.72401e-20 2.39410e-06 
5348.27 1.50313e-05 9.04372e-01 7.21050e-20 2.63904e-06 
5350.00 1.51175e-05 9.04490e-01 7.36271e-20 2.71143e-06 
5365.90 1.51444e-05 9.05560e-01 8.89944e-20 3.29685e-06 
5369.21 1.50864e-05 9.05780e-01 9.25285e-20 3.41756e-06 
5370.00 1.50747e-05 9.05833e-01 9.33937e-20 3.44755e-06 
5383.55 1.49828e-05 9.06726e-01 1.09364e-19 4.02657e-06 
5390.00 1.49000e-05 9.07147e-01 1.17788e-19 4.31992e-06 
5396.05 1.47392e-05 9.07540e-01 1.26218e-19 4.58627e-06 
5401.21 1.45785e-05 9.07873e-01 1.33821e-19 4.81590e-06 
5410.00 1.43958e-05 9.08438e-01 1.47716e-19 5.26115e-06 
5418.89 1.44674e-05 9.09006e-01 1.63059e-19 5.84974e-06 
5423.03 1.45668e-05 9.09270e-01 1.70692e-19 6.17216e-06 
5430.00 1.47695e-05 9.09713e-01 1.84227e-19 6.76622e-06 
5436.57 1.49477e-05 9.10131e-01 1.97862e-19 7.36698e-06 
5450.00 1.51239e-05 9.10981e-01 2.28515e-19 8.63788e-06 
5450.15 1.51237e-05 9.10990e-01 2.28878e-19 8.65184e-06 
5454.27 1.50983e-05 9.11250e-01 2.39112e-19 9.03289e-06 
5470.00 1.48452e-05 9.12234e-01 2.81942e-19 1.05138e-05 
5471.99 1.48203e-05 9.12356e-01 2.87801e-19 1.07197e-05 
5477.40 1.47747e-05 9.12690e-01 3.04328e-19 1.13157e-05 
5489.71 1.47448e-05 9.13438e-01 3.45030e-19 1.28424e-05 
5490.00 1.47446e-05 9.13456e-01 3.46043e-19 1.28809e-05 
5504.79 1.47375e-05 9.14340e-01 4.01304e-19 1.49854e-05 
5507.45 1.47380e-05 9.14498e-01 4.12025e-19 1.53964e-05 
5510.00 1.47393e-05 9.14649e-01 4.22540e-19 1.58006e-05 
5525.20 1.47895e-05 9.15545e-01 4.90136e-19 1.84595e-05 
5530.00 1.48341e-05 9.15825e-01 5.13353e-19 1.94151e-05 
5532.31 1.48625e-05 9.15960e-01 5.24863e-19 1.98996e-05 
5542.96 1.49943e-05 9.16577e-01 5.80846e-19 2.22751e-05 
5550.00 1.50091e-05 9.16981e-01 6.20602e-19 2.38641e-05 
5559.97 1.48471e-05 9.17550e-01 6.80940e-19 2.59642e-05 
5560.74 1.48280e-05 9.17593e-01 6.85773e-19 2.61198e-05 
5570.00 1.45692e-05 9.18117e-01 7.46622e-19 2.80035e-05 
5578.53 1.43527e-05 9.18595e-01 8.06678e-19 2.98677e-05 
5587.77 1.42495e-05 9.19110e-01 8.76409e-19 3.22877e-05 
5590.00 1.42575e-05 9.19233e-01 8.93957e-19 3.29702e-05 
5596.33 1.43551e-05 9.19583e-01 9.45460e-19 3.51614e-05 
5610.00 1.46721e-05 9.20330e-01 1.06537e-18 4.06277e-05 
5614.14 1.47191e-05 9.20555e-01 1.10416e-18 4.22833e-05 
5615.71 1.47286e-05 9.20640e-01 1.11915e-18 4.29007e-05 
5630.00 1.47250e-05 9.21407e-01 1.26382e-18 4.85985e-05 
5631.97 1.47263e-05 9.21512e-01 1.28496e-18 4.94389e-05 
5643.79 1.47339e-05 9.22140e-01 1.41806e-18 5.47398e-05 
5649.81 1.46843e-05 9.22458e-01 1.49019e-18 5.74116e-05 
5650.00 1.46817e-05 9.22468e-01 1.49249e-18 5.74925e-05 
5667.66 1.43513e-05 9.23394e-01 1.72229e-18 6.51196e-05 
5670.00 1.43417e-05 9.23516e-01 1.75475e-18 6.63388e-05 
5672.01 1.43483e-05 9.23620e-01 1.78309e-18 6.74723e-05 
5685.53 1.45255e-05 9.24316e-01 1.98384e-18 7.62348e-05 
5690.00 1.45264e-05 9.24544e-01 2.05414e-18 7.90229e-05 
5700.37 1.43060e-05 9.25070e-01 2.22520e-18 8.45059e-05 
5703.41 1.42437e-05 9.25223e-01 2.27753e-18 8.61770e-05 
5710.00 1.42351e-05 9.25554e-01 2.39437e-18 9.06803e-05 
5721.30 1.47129e-05 9.26117e-01 2.60615e-18 1.02278e-04 
5728.87 1.50067e-05 9.26490e-01 2.75629e-18 1.10521e-04 
5730.00 1.50244e-05 9.26545e-01 2.77928e-18 1.11603e-04 
5739.21 1.48851e-05 9.26995e-01 2.97258e-18 1.18505e-04 
5750.00 1.45626e-05 9.27517e-01 3.21282e-18 1.25614e-04 
5757.13 1.45610e-05 9.27861e-01 3.37978e-18 1.32340e-04 
5757.52 1.45651e-05 9.27880e-01 3.38911e-18 1.32755e-04 
5770.00 1.46785e-05 9.28482e-01 3.69901e-18 1.46433e-04 
5775.06 1.46092e-05 9.28724e-01 3.83073e-18 1.51103e-04 
5786.30 1.43331e-05 9.29260e-01 4.13708e-18 1.60507e-04 
5790.00 1.42790e-05 9.29435e-01 4.24190e-18 1.64089e-04 
5793.00 1.42697e-05 9.29576e-01 4.32848e-18 1.67441e-04 
5810.00 1.45645e-05 9.30368e-01 4.84557e-18 1.92042e-04 
5810.96 1.45849e-05 9.30412e-01 4.87604e-18 1.93561e-04 
5815.23 1.46652e-05 9.30610e-01 5.01409e-18 2.00326e-04 
5828.93 1.47320e-05 9.31240e-01 5.47643e-18 2.20461e-04 
5830.00 1.47204e-05 9.31289e-01 5.51401e-18 2.21853e-04 
5844.31 1.44392e-05 9.31940e-01 6.03423e-18 2.38896e-04 
5846.91 1.44050e-05 9.32057e-01 6.13260e-18 2.42354e-04 
5850.00 1.43901e-05 9.32196e-01 6.25114e-18 2.46950e-04 
5864.91 1.45051e-05 9.32860e-01 6.84743e-18 2.73557e-04 
5870.00 1.43929e-05 9.33085e-01 7.06073e-18 2.80208e-04 
5873.53 1.42109e-05 9.33240e-01 7.21149e-18 2.82789e-04 
5882.91 1.35677e-05 9.33649e-01 7.62368e-18 2.86003e-04 
5890.00 1.33011e-05 9.33956e-01 7.94632e-18 2.92697e-04 
5900.94 1.37148e-05 9.34426e-01 8.46395e-18 3.22219e-04 
5902.90 1.38400e-05 9.34510e-01 8.55940e-18 3.28968e-04 
5910.00 1.42272e-05 9.34813e-01 8.91124e-18 3.52608e-04 
5918.97 1.43367e-05 9.35195e-01 9.37068e-18 3.74363e-04 
5930.00 1.41824e-05 9.35659e-01 9.95848e-18 3.94493e-04 
5932.41 1.41594e-05 9.35760e-01 1.00906e-17 3.99283e-04 
5937.02 1.41423e-05 9.35952e-01 1.03461e-17 4.09299e-04 
5950.00 1.41897e-05 9.36486e-01 1.10907e-17 4.41441e-04 
5955.08 1.42071e-05 9.36694e-01 1.13922e-17 4.54485e-04 
5962.08 1.42141e-05 9.36980e-01 1.18164e-17 4.72341e-04 
5970.00 1.41989e-05 9.37303e-01 1.23100e-17 4.92371e-04 
5973.16 1.41861e-05 9.37432e-01 1.25106e-17 5.00273e-04 
5990.00 1.40511e-05 9.38114e-01 1.36183e-17 5.41302e-04 
5991.24 1.40365e-05 9.38164e-01 1.37027e-17 5.44233e-04 
5991.89 1.40288e-05 9.38190e-01 1.37464e-17 5.45742e-04 
6009.34 1.38254e-05 9.38887e-01 1.49696e-17 5.87827e-04 
6010.00 1.38202e-05 9.38913e-01 1.50168e-17 5.89544e-04 
6021.85 1.37882e-05 9.39380e-01 1.58879e-17 6.23836e-04 
6027.46 1.38145e-05 9.39599e-01 1.63118e-17 6.42448e-04 
6030.00 1.38355e-05 9.39698e-01 1.65061e-17 6.51428e-04 
6045.59 1.40224e-05 9.40298e-01 1.77297e-17 7.11463e-04 
6050.00 1.40590e-05 9.40466e-01 1.80863e-17 7.28326e-04 
6051.96 1.40682e-05 9.40540e-01 1.82456e-17 7.35521e-04 
6063.73 1.40322e-05 9.40983e-01 1.92231e-17 7.74812e-04 
6070.00 1.39562e-05 9.41217e-01 1.97568e-17 7.93026e-04 
6081.88 1.37535e-05 9.41658e-01 2.07914e-17 8.24426e-04 
6082.21 1.37481e-05 9.41670e-01 2.08210e-17 8.25330e-04 
6090.00 1.36514e-05 9.41957e-01 2.15165e-17 8.48241e-04 
6100.05 1.36196e-05 9.42326e-01 2.24335e-17 8.84132e-04 
6110.00 1.35270e-05 9.42686e-01 2.33633e-17 9.16361e-04 
6112.63 1.34667e-05 9.42780e-01 2.36122e-17 9.22485e-04 
6118.23 1.33034e-05 9.42979e-01 2.41477e-17 9.33017e-04 
6130.00 1.30501e-05 9.43390e-01 2.52948e-17 9.60988e-04 
6136.42 1.30933e-05 9.43610e-01 2.59322e-17 9.89732e-04 
6143.19 1.31981e-05 9.43840e-01 2.66132e-17 1.02524e-03 
6150.00 1.32217e-05 9.44069e-01 2.73075e-17 1.05529e-03 
6154.63 1.31330e-05 9.44224e-01 2.77842e-17 1.06749e-03 
6170.00 1.27791e-05 9.44732e-01 2.93974e-17 1.10237e-03 
6172.85 1.28090e-05 9.44825e-01 2.97009e-17 1.11698e-03 
6173.91 1.28305e-05 9.44860e-01 2.98141e-17 1.12335e-03 
6190.00 1.33963e-05 9.45389e-01 3.15598e-17 1.24550e-03 
6191.08 1.34226e-05 9.45425e-01 3.16786e-17 1.25290e-03 
6204.77 1.34711e-05 9.45890e-01 3.32008e-17 1.32142e-03 
6209.33 1.34188e-05 9.46050e-01 3.37133e-17 1.33782e-03 
6210.00 1.34101e-05 9.46073e-01 3.37894e-17 1.34015e-03 
6227.59 1.31190e-05 9.46705e-01 3.58006e-17 1.39395e-03 
6230.00 1.30619e-05 9.46792e-01 3.60800e-17 1.39939e-03 
6235.80 1.29086e-05 9.47000e-01 3.67546e-17 1.41044e-03 
6245.86 1.27058e-05 9.47354e-01 3.79354e-17 1.43573e-03 
6250.00 1.26953e-05 9.47497e-01 3.84250e-17 1.45424e-03 
6264.15 1.30201e-05 9.47976e-01 4.01125e-17 1.56127e-03 
6266.98 1.31026e-05 9.48070e-01 4.04528e-17 1.58536e-03 
6270.00 1.31781e-05 9.48170e-01 4.08170e-17 1.60980e-03 
6282.45 1.32839e-05 9.48575e-01 4.23259e-17 1.68677e-03 
6290.00 1.32073e-05 9.48816e-01 4.32484e-17 1.71609e-03 
6298.31 1.30400e-05 9.49080e-01 4.42685e-17 1.73709e-03 
6300.76 1.29862e-05 9.49157e-01 4.45697e-17 1.74251e-03 
6310.00 1.28268e-05 9.49447e-01 4.57107e-17 1.76832e-03 
6319.09 1.28010e-05 9.49730e-01 4.68372e-17 1.81139e-03 
6329.80 1.28585e-05 9.50060e-01 4.81708e-17 1.87516e-03 
6330.00 1.28596e-05 9.50066e-01 4.81953e-17 1.87634e-03 
6337.43 1.28863e-05 9.50293e-01 4.91217e-17 1.91909e-03 
6350.00 1.28730e-05 9.50674e-01 5.06931e-17 1.98315e-03 
6355.78 1.28446e-05 9.50849e-01 5.14161e-17 2.00919e-03 
6361.45 1.28166e-05 9.51020e-01 5.21258e-17 2.03468e-03 
6370.00 1.28077e-05 9.51278e-01 5.31947e-17 2.07831e-03 
6374.15 1.28280e-05 9.51402e-01 5.37130e-17 2.10352e-03 
6390.00 1.28679e-05 9.51874e-01 5.56906e-17 2.19428e-03 
6392.53 1.28395e-05 9.51948e-01 5.60051e-17 2.20284e-03 
6393.26 1.28290e-05 9.51970e-01 5.60962e-17 2.20493e-03 
6410.00 1.25627e-05 9.52455e-01 5.81709e-17 2.24602e-03 
6410.92 1.25588e-05 9.52481e-01 5.82847e-17 2.25010e-03 
6425.23 1.26486e-05 9.52890e-01 6.00429e-17 2.34076e-03 
6429.33 1.26698e-05 9.53007e-01 6.05441e-17 2.36605e-03 
6430.00 1.26707e-05 9.53026e-01 6.06260e-17 2.36972e-03 
6447.75 1.25188e-05 9.53530e-01 6.27757e-17 2.43231e-03 
6450.00 1.25011e-05 9.53593e-01 6.30459e-17 2.44035e-03 
6457.35 1.24794e-05 9.53800e-01 6.39248e-17 2.47343e-03 
6466.18 1.24711e-05 9.54046e-01 6.49717e-17 2.51633e-03 
6470.00 1.24517e-05 9.54152e-01 6.54209e-17 2.53157e-03 
6484.63 1.22923e-05 9.54554e-01 6.71246e-17 2.57113e-03 
6489.64 1.22747e-05 9.54690e-01 6.77003e-17 2.59183e-03 
6490.00 1.22753e-05 9.54700e-01 6.77416e-17 2.59372e-03 
6503.09 1.24304e-05 9.55054e-01 6.92269e-17 2.69049e-03 
6510.00 1.25187e-05 9.55239e-01 6.99984e-17 2.74324e-03 
6521.57 1.25296e-05 9.55546e-01 7.12711e-17 2.80141e-03 
6522.09 1.25276e-05 9.55560e-01 7.13276e-17 2.80344e-03 
6530.00 1.24964e-05 9.55768e-01 7.21823e-17 2.83403e-03 
6540.06 1.24431e-05 9.56031e-01 7.32503e-17 2.86890e-03 
6550.00 1.21052e-05 9.56289e-01 7.42847e-17 2.83548e-03 
6554.70 1.17702e-05 9.56410e-01 7.47658e-17 2.77719e-03 
6558.56 1.14594e-05 9.56510e-01 7.51575e-17 2.71993e-03 
6570.00 1.09117e-05 9.56804e-01 7.62972e-17 2.63458e-03 
6577.08 1.12031e-05 9.56985e-01 7.69862e-17 2.73283e-03 
6587.47 1.20318e-05 9.57250e-01 7.79756e-17 2.97823e-03 
6590.00 1.21937e-05 9.57314e-01 7.82121e-17 3.02882e-03 
6595.61 1.23958e-05 9.57456e-01 7.87302e-17 3.10249e-03 
6610.00 1.23370e-05 9.57815e-01 8.00220e-17 3.14649e-03 
6614.15 1.22944e-05 9.57917e-01 8.03836e-17 3.15211e-03 
6620.41 1.22554e-05 9.58070e-01 8.09202e-17 3.16657e-03 
6630.00 1.22358e-05 9.58300e-01 8.17202e-17 3.19817e-03 
6632.71 1.22352e-05 9.58365e-01 8.19411e-17 3.20817e-03 
6650.00 1.21916e-05 9.58776e-01 8.33008e-17 3.25965e-03 
6651.28 1.21808e-05 9.58806e-01 8.33975e-17 3.26128e-03 
6653.51 1.21591e-05 9.58860e-01 8.35656e-17 3.26331e-03 
6669.86 1.20369e-05 9.59257e-01 8.47483e-17 3.28565e-03 
6670.00 1.20372e-05 9.59260e-01 8.47581e-17 3.28619e-03 
6686.78 1.21740e-05 9.59670e-01 8.58822e-17 3.37753e-03 
6688.46 1.21775e-05 9.59711e-01 8.59896e-17 3.38371e-03 
6690.00 1.21753e-05 9.59748e-01 8.60875e-17 3.38786e-03 
6707.07 1.19563e-05 9.60160e-01 8.71178e-17 3.37678e-03 
6710.00 1.19333e-05 9.60229e-01 8.72848e-17 3.37847e-03 
6720.21 1.19715e-05 9.60470e-01 8.78441e-17 3.41704e-03 
6725.70 1.20171e-05 9.60597e-01 8.81297e-17 3.44447e-03 
6730.00 1.20363e-05 9.60697e-01 8.83467e-17 3.46106e-03 
6744.33 1.19422e-05 9.61024e-01 8.90230e-17 3.46882e-03 
6750.00 1.18935e-05 9.61153e-01 8.92705e-17 3.46768e-03 
6753.81 1.18748e-05 9.61240e-01 8.94309e-17 3.47069e-03 
6762.99 1.18654e-05 9.61449e-01 8.97956e-17 3.48760e-03 
6770.00 1.18686e-05 9.61608e-01 9.00544e-17 3.50278e-03 
6781.65 1.18467e-05 9.61870e-01 9.04460e-17 3.51853e-03 
6787.58 1.18201e-05 9.62000e-01 9.06268e-17 3.52121e-03 
6790.00 1.18064e-05 9.62052e-01 9.06970e-17 3.52129e-03 
6800.33 1.17412e-05 9.62273e-01 9.09734e-17 3.51867e-03 
6810.00 1.17169e-05 9.62477e-01 9.11977e-17 3.52579e-03 
6819.03 1.17542e-05 9.62667e-01 9.13774e-17 3.54938e-03 
6821.52 1.17652e-05 9.62720e-01 9.14219e-17 3.55594e-03 
6830.00 1.17611e-05 9.62901e-01 9.15569e-17 3.56504e-03 
6837.74 1.16707e-05 9.63067e-01 9.16580e-17 3.54617e-03 
6850.00 1.15135e-05 9.63330e-01 9.17753e-17 3.51011e-03 
6855.63 1.15055e-05 9.63450e-01 9.18115e-17 3.51238e-03 
6856.46 1.15079e-05 9.63468e-01 9.18159e-17 3.51377e-03 
6870.00 1.15921e-05 9.63751e-01 9.18542e-17 3.54901e-03 
6875.19 1.16090e-05 9.63858e-01 9.18522e-17 3.55717e-03 
6889.91 1.15820e-05 9.64160e-01 9.17965e-17 3.55547e-03 
6890.00 1.15817e-05 9.64162e-01 9.17959e-17 3.55538e-03 
6893.94 1.15643e-05 9.64243e-01 9.17684e-17 3.55133e-03 
6910.00 1.14913e-05 9.64571e-01 9.16029e-17 3.53195e-03 
6912.71 1.14819e-05 9.64626e-01 9.15666e-17 3.52925e-03 
6924.36 1.14510e-05 9.64860e-01 9.13831e-17 3.51947e-03 
6930.00 1.14366e-05 9.64972e-01 9.12784e-17 3.51429e-03 
6931.49 1.14324e-05 9.65001e-01 9.12491e-17 3.51273e-03 
6950.00 1.13756e-05 9.65359e-01 9.08260e-17 3.48966e-03 
6950.28 1.13749e-05 9.65365e-01 9.08189e-17 3.48933e-03 
6958.98 1.13581e-05 9.65530e-01 9.05825e-17 3.48004e-03 
6969.08 1.13548e-05 9.65720e-01 9.02790e-17 3.47309e-03 
6970.00 1.13555e-05 9.65737e-01 9.02499e-17 3.47271e-03 
6987.90 1.13216e-05 9.66065e-01 8.96331e-17 3.44868e-03 
6990.00 1.12985e-05 9.66103e-01 8.95547e-17 3.43981e-03 
6993.77 1.12416e-05 9.66170e-01 8.94106e-17 3.41905e-03 
7006.73 1.10192e-05 9.66398e-01 8.88850e-17 3.33867e-03 
7010.00 1.09908e-05 9.66455e-01 8.87453e-17 3.32658e-03 
7025.58 1.10852e-05 9.66732e-01 8.80388e-17 3.33681e-03 
7028.74 1.11172e-05 9.66790e-01 8.78878e-17 3.34239e-03 
7030.00 1.11281e-05 9.66813e-01 8.78268e-17 3.34404e-03 
7044.44 1.11622e-05 9.67087e-01 8.70990e-17 3.33425e-03 
7050.00 1.11441e-05 9.67194e-01 8.68050e-17 3.32059e-03 
7063.32 1.10733e-05 9.67449e-01 8.60699e-17 3.27861e-03 
7063.88 1.10700e-05 9.67460e-01 8.60377e-17 3.27670e-03 
7070.00 1.10354e-05 9.67575e-01 8.56854e-17 3.25628e-03 
7082.21 1.09845e-05 9.67800e-01 8.49566e-17 3.22000e-03 
7090.00 1.09735e-05 9.67942e-01 8.44741e-17 3.20248e-03 
7099.20 1.09820e-05 9.68110e-01 8.38876e-17 3.18739e-03 
7101.11 1.09836e-05 9.68145e-01 8.37639e-17 3.18413e-03 
7110.00 1.09718e-05 9.68307e-01 8.31773e-17 3.16292e-03 
7120.03 1.09009e-05 9.68488e-01 8.24968e-17 3.12176e-03 
7130.00 1.08093e-05 9.68662e-01 8.18011e-17 3.07427e-03 
7134.70 1.07744e-05 9.68740e-01 8.14669e-17 3.05409e-03 
7138.96 1.07505e-05 9.68809e-01 8.11606e-17 3.03787e-03 
7150.00 1.07264e-05 9.68977e-01 8.03519e-17 3.00604e-03 
7157.90 1.07379e-05 9.69089e-01 7.97604e-17 2.99075e-03 
7170.00 1.06981e-05 9.69245e-01 7.88361e-17 2.95057e-03 
7170.37 1.06940e-05 9.69250e-01 7.88071e-17 2.94855e-03 
7176.86 1.05988e-05 9.69327e-01 7.83016e-17 2.90641e-03 
7190.00 1.04288e-05 9.69473e-01 7.72599e-17 2.82733e-03 
7195.84 1.04432e-05 9.69534e-01 7.67893e-17 2.81644e-03 
7206.23 1.05522e-05 9.69640e-01 7.59411e-17 2.81878e-03 
7210.00 1.05858e-05 9.69678e-01 7.56296e-17 2.81776e-03 
7214.83 1.06054e-05 9.69726e-01 7.52289e-17 2.81002e-03 
7230.00 1.05772e-05 9.69859e-01 7.39516e-17 2.76115e-03 
7233.83 1.05728e-05 9.69885e-01 7.36255e-17 2.74936e-03 
7242.26 1.05793e-05 9.69930e-01 7.29022e-17 2.72731e-03 
7250.00 1.05954e-05 9.69954e-01 7.22319e-17 2.70931e-03 
7252.84 1.06015e-05 9.69961e-01 7.19843e-17 2.70265e-03 
7270.00 1.05460e-05 9.70053e-01 7.04766e-17 2.63867e-03 
7271.87 1.05217e-05 9.70074e-01 7.03105e-17 2.62712e-03 
7278.47 1.04148e-05 9.70170e-01 6.97241e-17 2.58134e-03 
7290.00 1.02736e-05 9.70440e-01 6.86915e-17 2.51332e-03 
7290.92 1.02714e-05 9.70466e-01 6.86089e-17 2.51013e-03 
7309.98 1.04046e-05 9.71061e-01 6.68844e-17 2.48678e-03 
7310.00 1.04047e-05 9.71062e-01 6.68824e-17 2.48673e-03 
7314.86 1.04106e-05 9.71210e-01 6.64397e-17 2.47369e-03 
7329.05 1.03457e-05 9.71586e-01 6.51418e-17 2.41586e-03 
7330.00 1.03420e-05 9.71609e-01 6.50547e-17 2.41215e-03 
7348.14 1.03515e-05 9.71996e-01 6.33855e-17 2.35917e-03 
7350.00 1.03566e-05 9.72032e-01 6.32137e-17 2.35461e-03 
7351.43 1.03604e-05 9.72060e-01 6.30812e-17 2.35107e-03 
7367.24 1.03587e-05 9.72355e-01 6.16201e-17 2.30187e-03 
7370.00 1.03422e-05 9.72405e-01 6.13645e-17 2.28965e-03 
7386.36 1.01452e-05 9.72689e-01 5.98497e-17 2.19609e-03 
7388.19 1.01202e-05 9.72720e-01 5.96795e-17 2.18506e-03 
7390.00 1.00966e-05 9.72750e-01 5.95120e-17 2.17444e-03 
7405.49 9.96404e-06 9.73001e-01 5.80783e-17 2.09913e-03 
7410.00 9.95763e-06 9.73072e-01 5.76607e-17 2.08412e-03 
7424.63 1.00224e-05 9.73293e-01 5.63099e-17 2.05303e-03 
7425.13 1.00250e-05 9.73300e-01 5.62634e-17 2.05204e-03 
7430.00 1.00452e-05 9.73371e-01 5.58150e-17 2.04126e-03 
7443.79 1.00436e-05 9.73565e-01 5.45480e-17 1.99872e-03 
7450.00 1.00436e-05 9.73651e-01 5.39790e-17 1.97969e-03 
7462.26 1.00806e-05 9.73820e-01 5.28601e-17 1.94934e-03 
7462.96 1.00826e-05 9.73830e-01 5.27961e-17 1.94756e-03 
7470.00 1.00880e-05 9.73928e-01 5.21565e-17 1.92701e-03 
7482.15 1.00254e-05 9.74098e-01 5.10575e-17 1.87807e-03 
7490.00 9.98004e-06 9.74208e-01 5.03510e-17 1.84585e-03 
7499.57 9.96434e-06 9.74340e-01 4.94940e-17 1.81414e-03 
7501.35 9.96477e-06 9.74364e-01 4.93352e-17 1.80887e-03 
7510.00 9.96854e-06 9.74482e-01 4.85658e-17 1.78361e-03 
7520.57 9.95907e-06 9.74623e-01 4.76319e-17 1.75036e-03 
7530.00 9.95196e-06 9.74748e-01 4.68041e-17 1.72109e-03 
7537.07 9.95684e-06 9.74840e-01 4.61876e-17 1.70101e-03 
7539.80 9.95904e-06 9.74875e-01 4.59504e-17 1.69332e-03 
7550.00 9.94996e-06 9.75007e-01 4.50685e-17 1.66178e-03 
7559.04 9.90392e-06 9.75122e-01 4.42931e-17 1.62777e-03 
7570.00 9.84193e-06 9.75260e-01 4.33616e-17 1.58608e-03 
7574.75 9.82820e-06 9.75320e-01 4.29604e-17 1.57029e-03 
7578.30 9.82269e-06 9.75365e-01 4.26620e-17 1.55932e-03 
7590.00 9.80679e-06 9.75511e-01 4.16856e-17 1.52374e-03 
7597.58 9.77993e-06 9.75605e-01 4.10593e-17 1.49837e-03 
7610.00 9.73681e-06 9.75758e-01 4.00427e-17 1.45744e-03 
7612.63 9.73381e-06 9.75790e-01 3.98294e-17 1.44978e-03 
7616.86 9.73435e-06 9.75842e-01 3.94868e-17 1.43826e-03 
7630.00 9.75756e-06 9.76001e-01 3.84345e-17 1.40592e-03 
7636.17 9.76582e-06 9.76075e-01 3.79459e-17 1.39045e-03 
7650.00 9.70192e-06 9.76242e-01 3.68627e-17 1.34458e-03 
7650.69 9.69374e-06 9.76250e-01 3.68091e-17 1.34163e-03 
7655.48 9.62515e-06 9.76308e-01 3.64382e-17 1.31962e-03 
7670.00 9.45569e-06 9.76484e-01 3.53286e-17 1.25951e-03 
7674.82 9.47064e-06 9.76542e-01 3.49649e-17 1.24938e-03 
7688.94 9.59903e-06 9.76710e-01 3.39113e-17 1.23063e-03 
7690.00 9.60280e-06 9.76722e-01 3.38333e-17 1.22847e-03 
7694.16 9.59970e-06 9.76771e-01 3.35271e-17 1.21767e-03 
7710.00 9.48653e-06 9.76953e-01 3.23778e-17 1.16468e-03 
7713.52 9.47720e-06 9.76993e-01 3.21256e-17 1.15505e-03 
7727.39 9.48564e-06 9.77150e-01 3.11454e-17 1.12299e-03 
7730.00 9.47984e-06 9.77180e-01 3.09629e-17 1.11614e-03 
7732.90 9.46598e-06 9.77212e-01 3.07612e-17 1.10770e-03 
7750.00 9.35689e-06 9.77402e-01 2.95891e-17 1.05575e-03 
7752.29 9.35710e-06 9.77427e-01 2.94345e-17 1.05060e-03 
7766.03 9.42927e-06 9.77570e-01 2.85183e-17 1.02771e-03 
7770.00 9.44957e-06 9.77609e-01 2.82569e-17 1.02105e-03 
7771.69 9.45518e-06 9.77626e-01 2.81460e-17 1.01788e-03 
7790.00 9.43384e-06 9.77795e-01 2.69664e-17 9.75484e-04 
7791.11 9.43069e-06 9.77806e-01 2.68958e-17 9.72755e-04 
7804.86 9.38907e-06 9.77930e-01 2.60350e-17 9.39239e-04 
7810.00 9.36717e-06 9.77977e-01 2.57178e-17 9.26288e-04 
7810.55 9.36448e-06 9.77983e-01 2.56842e-17 9.24883e-04 
7830.00 9.25822e-06 9.78172e-01 2.45114e-17 8.74973e-04 
7830.00 9.25820e-06 9.78172e-01 2.45111e-17 8.74963e-04 
7843.88 9.23119e-06 9.78320e-01 2.36982e-17 8.45100e-04 
7849.46 9.23623e-06 9.78383e-01 2.33770e-17 8.34750e-04 
7850.00 9.23717e-06 9.78390e-01 2.33461e-17 8.33792e-04 
7868.94 9.27822e-06 9.78615e-01 2.22812e-17 8.01409e-04 
7870.00 9.27837e-06 9.78627e-01 2.22225e-17 7.99430e-04 
7883.10 9.24588e-06 9.78780e-01 2.15089e-17 7.72453e-04 
7888.43 9.22106e-06 9.78839e-01 2.12235e-17 7.60717e-04 
7890.00 9.21323e-06 9.78856e-01 2.11400e-17 7.57244e-04 
7907.94 9.10324e-06 9.79038e-01 2.02036e-17 7.16823e-04 
7910.00 9.08609e-06 9.79058e-01 2.00980e-17 7.11932e-04 
7922.51 8.96793e-06 9.79170e-01 1.94665e-17 6.81748e-04 
7927.46 8.92749e-06 9.79212e-01 1.92212e-17 6.70569e-04 
7930.00 8.91106e-06 9.79232e-01 1.90961e-17 6.65207e-04 
7947.00 8.89509e-06 9.79370e-01 1.82756e-17 6.36936e-04 
7950.00 8.90752e-06 9.79394e-01 1.81336e-17 6.33123e-04 
7962.13 8.98390e-06 9.79500e-01 1.75688e-17 6.19675e-04 
7966.55 9.01089e-06 9.79542e-01 1.73664e-17 6.14744e-04 
7970.00 9.02724e-06 9.79575e-01 1.72097e-17 6.10587e-04 
7986.11 9.02564e-06 9.79744e-01 1.64929e-17 5.86336e-04 
7990.00 9.00749e-06 9.79787e-01 1.63237e-17 5.79461e-04 
8001.94 8.92739e-06 9.79920e-01 1.58126e-17 5.57234e-04 
8005.70 8.90392e-06 9.79962e-01 1.56544e-17 5.50491e-04 
8010.00 8.88395e-06 9.80011e-01 1.54748e-17 5.43274e-04 
8025.29 8.86561e-06 9.80183e-01 1.48502e-17 5.21355e-04 
8030.00 8.85516e-06 9.80236e-01 1.46622e-17 5.14474e-04 
8041.95 8.79380e-06 9.80370e-01 1.41936e-17 4.95386e-04 
8044.90 8.78074e-06 9.80403e-01 1.40796e-17 4.90874e-04 
8050.00 8.77078e-06 9.80460e-01 1.38848e-17 4.83868e-04 
8064.53 8.81561e-06 9.80621e-01 1.33417e-17 4.68237e-04 
8070.00 8.81343e-06 9.80680e-01 1.31418e-17 4.61449e-04 
8082.16 8.71322e-06 9.80810e-01 1.27065e-17 4.41816e-04 
8084.17 8.69384e-06 9.80831e-01 1.26357e-17 4.38493e-04 
8090.00 8.65252e-06 9.80892e-01 1.24322e-17 4.29717e-04 
8103.83 8.67595e-06 9.81033e-01 1.19607e-17 4.15308e-04 
8110.00 8.70635e-06 9.81095e-01 1.17550e-17 4.09934e-04 
8122.57 8.73118e-06 9.81220e-01 1.13456e-17 3.97451e-04 
8123.50 8.73080e-06 9.81229e-01 1.13159e-17 3.96441e-04 
8130.00 8.72002e-06 9.81294e-01 1.11092e-17 3.89058e-04 
8143.18 8.67188e-06 9.81424e-01 1.07003e-17 3.73323e-04 
8150.00 8.65640e-06 9.81492e-01 1.04939e-17 3.65798e-04 
8162.88 8.65514e-06 9.81617e-01 1.01132e-17 3.53078e-04 
8163.18 8.65455e-06 9.81620e-01 1.01045e-17 3.52764e-04 
8170.00 8.61908e-06 9.81686e-01 9.90791e-18 3.44795e-04 
8182.60 8.44753e-06 9.81805e-01 9.55347e-18 3.26385e-04 
8190.00 8.36293e-06 9.81873e-01 9.35031e-18 3.16554e-04 
8202.33 8.35688e-06 9.81985e-01 9.02033e-18 3.05655e-04 
8204.00 8.36264e-06 9.82000e-01 8.97642e-18 3.04444e-04 
8210.00 8.37962e-06 9.82053e-01 8.82007e-18 2.99984e-04 
8222.07 8.36600e-06 9.82157e-01 8.51283e-18 2.89519e-04 
8230.00 8.35206e-06 9.82224e-01 8.31618e-18 2.82651e-04 
8241.83 8.37078e-06 9.82323e-01 8.03006e-18 2.73960e-04 
8245.02 8.38135e-06 9.82350e-01 7.95455e-18 2.71838e-04 
8250.00 8.39916e-06 9.82392e-01 7.83763e-18 2.68586e-04 
8261.61 8.43425e-06 9.82489e-01 7.57113e-18 2.60929e-04 
8270.00 8.44533e-06 9.82561e-01 7.38344e-18 2.55073e-04 
8281.40 8.42869e-06 9.82658e-01 7.13513e-18 2.46372e-04 
8286.24 8.40817e-06 9.82700e-01 7.03186e-18 2.42367e-04 
8290.00 8.38600e-06 9.82733e-01 6.95264e-18 2.39121e-04 
8301.20 8.29522e-06 9.82830e-01 6.72118e-18 2.28990e-04 
8310.00 8.22589e-06 9.82904e-01 6.54427e-18 2.21350e-04 
8321.02 8.17670e-06 9.82992e-01 6.32842e-18 2.13070e-04 
8327.67 8.16514e-06 9.83040e-01 6.20132e-18 2.08673e-04 
8330.00 8.16347e-06 9.83056e-01 6.15738e-18 2.07213e-04 
8340.86 8.16906e-06 9.83125e-01 5.95598e-18 2.00848e-04 
8350.00 8.19160e-06 9.83177e-01 5.79106e-18 1.96050e-04 
8360.71 8.22610e-06 9.83235e-01 5.60304e-18 1.90740e-04 
8369.31 8.21499e-06 9.83280e-01 5.45602e-18 1.85683e-04 
8370.00 8.21116e-06 9.83284e-01 5.44440e-18 1.85218e-04 
8380.58 8.11232e-06 9.83341e-01 5.26875e-18 1.77318e-04 
8390.00 8.05242e-06 9.83395e-01 5.11654e-18 1.71126e-04 
8400.46 8.10683e-06 9.83462e-01 4.95232e-18 1.66972e-04 
8410.00 8.15237e-06 9.83531e-01 4.80663e-18 1.63167e-04 
8411.16 8.15027e-06 9.83540e-01 4.78922e-18 1.62558e-04 
8420.35 8.07954e-06 9.83616e-01 4.65297e-18 1.56746e-04 
8430.00 7.99447e-06 9.83703e-01 4.51382e-18 1.50643e-04 
8440.26 7.99583e-06 9.83799e-01 4.36993e-18 1.46058e-04 
8450.00 8.01991e-06 9.83890e-01 4.23732e-18 1.42229e-04 
8453.21 8.01630e-06 9.83920e-01 4.19437e-18 1.40781e-04 
8460.19 7.99059e-06 9.83983e-01 4.10246e-18 1.37377e-04 
8470.00 7.95456e-06 9.84067e-01 3.97636e-18 1.32719e-04 
8480.13 7.94657e-06 9.84148e-01 3.84984e-18 1.28531e-04 
8490.00 7.85451e-06 9.84222e-01 3.73018e-18 1.23246e-04 
8495.48 7.72752e-06 9.84260e-01 3.66521e-18 1.19223e-04 
8500.09 7.61026e-06 9.84291e-01 3.61137e-18 1.15755e-04 
8510.00 7.50303e-06 9.84351e-01 3.49805e-18 1.10679e-04 
8520.06 7.71683e-06 9.84407e-01 3.38637e-18 1.10335e-04 
8530.00 7.71663e-06 9.84455e-01 3.27928e-18 1.06973e-04 
8537.96 7.24492e-06 9.84490e-01 3.19581e-18 9.79723e-05 
8540.05 7.09392e-06 9.84498e-01 3.17419e-18 9.53056e-05 
8550.00 6.66575e-06 9.84533e-01 3.07319e-18 8.68078e-05 
8560.05 7.16944e-06 9.84551e-01 2.97421e-18 9.04678e-05 
8570.00 7.86504e-06 9.84544e-01 2.87914e-18 9.61840e-05 
8580.07 7.94543e-06 9.84504e-01 2.78580e-18 9.41236e-05 
8580.65 7.93495e-06 9.84500e-01 2.78053e-18 9.38276e-05 
8590.00 7.72060e-06 9.84426e-01 2.69650e-18 8.86239e-05 
8600.10 7.65175e-06 9.84330e-01 2.60839e-18 8.50551e-05 
8610.00 7.69261e-06 9.84247e-01 2.52467e-18 8.28531e-05 
8620.15 7.71177e-06 9.84201e-01 2.44141e-18 8.04112e-05 
8623.55 7.71813e-06 9.84200e-01 2.41411e-18 7.96089e-05 
8630.00 7.74745e-06 9.84221e-01 2.36308e-18 7.82824e-05 
8640.22 7.81060e-06 9.84306e-01 2.28432e-18 7.63871e-05 
8650.00 7.62636e-06 9.84431e-01 2.21119e-18 7.22883e-05 
8660.29 7.01720e-06 9.84588e-01 2.13661e-18 6.43577e-05 
8666.67 6.69665e-06 9.84690e-01 2.09163e-18 6.01752e-05 
8670.00 6.63029e-06 9.84742e-01 2.06847e-18 5.89449e-05 
8680.39 6.95582e-06 9.84897e-01 1.99778e-18 5.98066e-05 
8690.00 7.45342e-06 9.85022e-01 1.93441e-18 6.21290e-05 
8700.50 7.61429e-06 9.85129e-01 1.86735e-18 6.13500e-05 
8710.00 7.56177e-06 9.85190e-01 1.80855e-18 5.90766e-05 
8710.00 7.56176e-06 9.85190e-01 1.80854e-18 5.90764e-05 
8720.63 7.54492e-06 9.85220e-01 1.74486e-18 5.69402e-05 
8730.00 7.52297e-06 9.85242e-01 1.69042e-18 5.50637e-05 
8740.77 7.41721e-06 9.85311e-01 1.62988e-18 5.24135e-05 
8750.00 7.35575e-06 9.85444e-01 1.57959e-18 5.04354e-05 
8753.55 7.36334e-06 9.85520e-01 1.56065e-18 4.99060e-05 
8760.92 7.42212e-06 9.85719e-01 1.52200e-18 4.91099e-05 
8770.00 7.50410e-06 9.85952e-01 1.47565e-18 4.82016e-05 
8781.09 7.51226e-06 9.86019e-01 1.42082e-18 4.65227e-05 
8790.00 7.44919e-06 9.85734e-01 1.37820e-18 4.47810e-05 
8797.32 7.37010e-06 9.85170e-01 1.34409e-18 4.32201e-05 
8801.28 7.32826e-06 9.84716e-01 1.32595e-18 4.23945e-05 
8810.00 7.27180e-06 9.83405e-01 1.28687e-18 4.08140e-05 
8821.49 7.31050e-06 9.81250e-01 1.23705e-18 3.94075e-05 
8830.00 7.36761e-06 9.79542e-01 1.20130e-18 3.85377e-05 
8841.31 7.38940e-06 9.77420e-01 1.15535e-18 3.71403e-05 
8841.70 7.38840e-06 9.77352e-01 1.15377e-18 3.70833e-05 
8850.00 7.33259e-06 9.76081e-01 1.12116e-18 3.57501e-05 
8861.94 7.16717e-06 9.74742e-01 1.07578e-18 3.35283e-05 
8870.00 7.10964e-06 9.74179e-01 1.04612e-18 3.23531e-05 
8882.19 7.22593e-06 9.73875e-01 1.00277e-18 3.15531e-05 
8885.51 7.27376e-06 9.73910e-01 9.91247e-19 3.14098e-05 
8890.00 7.32852e-06 9.74037e-01 9.75889e-19 3.11758e-05 
8902.45 7.36700e-06 9.74774e-01 9.34457e-19 3.00737e-05 
8910.00 7.33081e-06 9.75404e-01 9.10170e-19 2.91917e-05 
8922.73 7.23487e-06 9.76575e-01 8.70555e-19 2.76283e-05 
8929.94 7.19506e-06 9.77200e-01 8.48873e-19 2.68308e-05 
8930.00 7.19485e-06 9.77205e-01 8.48694e-19 2.68246e-05 
8943.03 7.18742e-06 9.78135e-01 8.10802e-19 2.56622e-05 
8950.00 7.19086e-06 9.78560e-01 7.91204e-19 2.50844e-05 
8963.34 7.17543e-06 9.79347e-01 7.54948e-19 2.39384e-05 
8970.00 7.18311e-06 9.79771e-01 7.37458e-19 2.34363e-05 
8974.59 7.20225e-06 9.80090e-01 7.25628e-19 2.31412e-05 
8983.67 7.22529e-06 9.80803e-01 7.02757e-19 2.25226e-05 
8990.00 7.17940e-06 9.81349e-01 6.87225e-19 2.19126e-05 
9004.01 6.87913e-06 9.82626e-01 6.54004e-19 2.00383e-05 
9010.00 6.79664e-06 9.83170e-01 6.40288e-19 1.94065e-05 
9019.46 6.85231e-06 9.83990e-01 6.19171e-19 1.89558e-05 
9024.37 6.93297e-06 9.84384e-01 6.08479e-19 1.88656e-05 
9030.00 7.02643e-06 9.84805e-01 5.96443e-19 1.87614e-05 
9044.75 7.13500e-06 9.85759e-01 5.65981e-19 1.81253e-05 
9050.00 7.13271e-06 9.86046e-01 5.55498e-19 1.77994e-05 
9064.56 7.05360e-06 9.86700e-01 5.27409e-19 1.67499e-05 
9065.14 7.04860e-06 9.86722e-01 5.26322e-19 1.67050e-05 
9070.00 7.00201e-06 9.86891e-01 5.17269e-19 1.63207e-05 
9085.54 6.84339e-06 9.87301e-01 4.89323e-19 1.51214e-05 
9090.00 6.81829e-06 9.87388e-01 4.81586e-19 1.48362e-05 
9105.97 6.85407e-06 9.87618e-01 4.54818e-19 1.41132e-05 
9109.88 6.87948e-06 9.87660e-01 4.48476e-19 1.39746e-05 
9110.00 6.88027e-06 9.87661e-01 4.48286e-19 1.39705e-05 
9126.40 6.97003e-06 9.87807e-01 4.22647e-19 1.33693e-05 
9130.00 6.97533e-06 9.87834e-01 4.17219e-19 1.32132e-05 
9146.86 6.91701e-06 9.87960e-01 3.92661e-19 1.23558e-05 
9150.00 6.90117e-06 9.87984e-01 3.88242e-19 1.21933e-05 
9155.43 6.87776e-06 9.88030e-01 3.80715e-19 1.19239e-05 
9167.33 6.85134e-06 9.88143e-01 3.64721e-19 1.13952e-05 
9170.00 6.85121e-06 9.88170e-01 3.61219e-19 1.12892e-05 
9187.81 6.86230e-06 9.88355e-01 3.38694e-19 1.06249e-05 
9190.00 6.85631e-06 9.88376e-01 3.36024e-19 1.05347e-05 
9201.21 6.77665e-06 9.88480e-01 3.22659e-19 1.00114e-05 
9208.31 6.69429e-06 9.88536e-01 3.14456e-19 9.64631e-06 
9210.00 6.67236e-06 9.88548e-01 3.12540e-19 9.55797e-06 
9228.83 6.46918e-06 9.88665e-01 2.91891e-19 8.67338e-06 
9230.00 6.46570e-06 9.88671e-01 2.90654e-19 8.63312e-06 
9247.21 6.55401e-06 9.88760e-01 2.73015e-19 8.23605e-06 
9249.36 6.57155e-06 9.88771e-01 2.70888e-19 8.19573e-06 
9250.00 6.57652e-06 9.88775e-01 2.70261e-19 8.18356e-06 
9269.91 6.66515e-06 9.88882e-01 2.51344e-19 7.73076e-06 
9270.00 6.66527e-06 9.88883e-01 2.51264e-19 7.72852e-06 
9290.00 6.66529e-06 9.88992e-01 2.33571e-19 7.20061e-06 
9290.48 6.66552e-06 9.88994e-01 2.33164e-19 7.18869e-06 
9293.45 6.66789e-06 9.89010e-01 2.30643e-19 7.11591e-06 
9310.00 6.68109e-06 9.89094e-01 2.17095e-19 6.72368e-06 
9311.06 6.68021e-06 9.89100e-01 2.16255e-19 6.69759e-06 
9330.00 6.63512e-06 9.89192e-01 2.01755e-19 6.21954e-06 
9331.66 6.63152e-06 9.89200e-01 2.00534e-19 6.17969e-06 
9339.92 6.61749e-06 9.89240e-01 1.94545e-19 5.98800e-06 
9350.00 6.59909e-06 9.89289e-01 1.87475e-19 5.76084e-06 
9352.27 6.59324e-06 9.89300e-01 1.85920e-19 5.70944e-06 
9370.00 6.56194e-06 9.89385e-01 1.74185e-19 5.33423e-06 
9372.90 6.56644e-06 9.89398e-01 1.72339e-19 5.28301e-06 
9386.62 6.56704e-06 9.89460e-01 1.63848e-19 5.03084e-06 
9390.00 6.54142e-06 9.89475e-01 1.61819e-19 4.95101e-06 
9393.54 6.49698e-06 9.89490e-01 1.59720e-19 4.85551e-06 
9410.00 6.28409e-06 9.89556e-01 1.50313e-19 4.42783e-06 
9414.20 6.29340e-06 9.89573e-01 1.47999e-19 4.36816e-06 
9430.00 6.44050e-06 9.89636e-01 1.39609e-19 4.22419e-06 
9433.55 6.44394e-06 9.89650e-01 1.37788e-19 4.17296e-06 
9434.88 6.44077e-06 9.89655e-01 1.37114e-19 4.15108e-06 
9450.00 6.35794e-06 9.89716e-01 1.29654e-19 3.88122e-06 
9455.57 6.36239e-06 9.89737e-01 1.27007e-19 3.80696e-06 
9470.00 6.43684e-06 9.89785e-01 1.20396e-19 3.65678e-06 
9476.28 6.45100e-06 9.89801e-01 1.17625e-19 3.58291e-06 
9480.72 6.45020e-06 9.89810e-01 1.15705e-19 3.52567e-06 
9490.00 6.43047e-06 9.89823e-01 1.11788e-19 3.39927e-06 
9497.01 6.40910e-06 9.89830e-01 1.08918e-19 3.30344e-06 
9510.00 6.38063e-06 9.89842e-01 1.03785e-19 3.13812e-06 
9517.75 6.37687e-06 9.89854e-01 1.00839e-19 3.04975e-06 
9528.12 6.33158e-06 9.89880e-01 9.70218e-20 2.91672e-06 
9530.00 6.31200e-06 9.89886e-01 9.63464e-20 2.88804e-06 
9538.50 6.18168e-06 9.89921e-01 9.33443e-20 2.74283e-06 
9550.00 6.05048e-06 9.89972e-01 8.94325e-20 2.57534e-06 
9559.28 6.11011e-06 9.90006e-01 8.63930e-20 2.51486e-06 
9570.00 6.24928e-06 9.90024e-01 8.30074e-20 2.47416e-06 
9575.76 6.29129e-06 9.90020e-01 8.12419e-20 2.43927e-06 
9580.07 6.30373e-06 9.90009e-01 7.99471e-20 2.40620e-06 
9590.00 6.29344e-06 9.89962e-01 7.70373e-20 2.31713e-06 
9600.87 6.25752e-06 9.89891e-01 7.39709e-20 2.21454e-06 
9610.00 6.22313e-06 9.89827e-01 7.14908e-20 2.13042e-06 
9621.70 6.18567e-06 9.89759e-01 6.84314e-20 2.02930e-06 
9623.64 6.18058e-06 9.89750e-01 6.79353e-20 2.01332e-06 
9630.00 6.16666e-06 9.89729e-01 6.63383e-20 1.96282e-06 
9642.54 6.14840e-06 9.89696e-01 6.32975e-20 1.86967e-06 
9650.00 6.13551e-06 9.89668e-01 6.15525e-20 1.81567e-06 
9663.39 6.10474e-06 9.89562e-01 5.85405e-20 1.72036e-06 
9670.00 6.10058e-06 9.89470e-01 5.71078e-20 1.67810e-06 
9671.76 6.10215e-06 9.89440e-01 5.67321e-20 1.66775e-06 
9684.26 6.13101e-06 9.89158e-01 5.41335e-20 1.60049e-06 
9690.00 6.14042e-06 9.89001e-01 5.29802e-20 1.56948e-06 
9705.15 6.12252e-06 9.88553e-01 5.00514e-20 1.48004e-06 
9710.00 6.11425e-06 9.88413e-01 4.91477e-20 1.45187e-06 
9720.12 6.10634e-06 9.88150e-01 4.73144e-20 1.39699e-06 
9726.05 6.10099e-06 9.88024e-01 4.62710e-20 1.36564e-06 
9730.00 6.09404e-06 9.87956e-01 4.55894e-20 1.34445e-06 
9746.97 6.03371e-06 9.87856e-01 4.27705e-20 1.25088e-06 
9750.00 6.02302e-06 9.87879e-01 4.22861e-20 1.23493e-06 
9767.91 6.01524e-06 9.88335e-01 3.95299e-20 1.15560e-06 
9768.72 6.01841e-06 9.88370e-01 3.94094e-20 1.15282e-06 
9770.00 6.02425e-06 9.88429e-01 3.92198e-20 1.14861e-06 
9788.86 6.25870e-06 9.89746e-01 3.65302e-20 1.11510e-06 
