##### EXOPHOT SPECTRAL OVERLAP FILE #####
# Date: 01/12/2021 13:14:54
# SED file: SED_g2v.txt
# atmosphere file: atm_g2v_hzi_os3.txt
# photopigment file: phot2s.txt
# Stellar radius (Rs in km): 6.963400e+05
# Exoplanet orbit semi-major axis (sma in km): 1.070123e+08
# Total absorption rate (gamma_t in s-1): 6.45375e+00
# B band absorption rate (gamma_B in s-1): 3.33128e+00
# Q band absorption rate (gamma_Q in s-1): 3.12246e+00
# B-Q bands cut-off (in nm): 500
# photosynthetic photon flux density [ppfd in micromol photon m-2 s-1]: 4.15744e+03
# Total Stellar Irradiance (S in W m-2): 2.62457e+03
# -------------------------------------------------
# Col 1: Wavelength (wl in Angstrom) 
# Col 2: Spectral Flux Density (F_l in J cm-2 s-1 A-1) 
# Col 3: Atmosphere transmitance (T, no units) 
# Col 4: Pigment absorption cross section (sigma_abs in cm-2) 
# Col 5: Spectral Absorption Rate (Gamma_lambda in A-1 s-1)
2505.65 1.49133e-06 1.48327e-01 5.68047e-19 1.58498e-07 
2513.00 7.20367e-07 1.51121e-01 5.54211e-19 7.63257e-08 
2515.76 5.77312e-07 1.52180e-01 5.47350e-19 6.09012e-08 
2516.83 5.39684e-07 1.52593e-01 5.44451e-19 5.68082e-08 
2518.00 5.09218e-07 1.53044e-01 5.41154e-19 5.34591e-08 
2525.00 5.15282e-07 1.55764e-01 5.18529e-19 5.29016e-08 
2528.02 5.87984e-07 1.56945e-01 5.07387e-19 5.95874e-08 
2528.34 5.96549e-07 1.57070e-01 5.06162e-19 6.03652e-08 
2535.00 7.15489e-07 1.59696e-01 4.78859e-19 6.98243e-08 
2539.21 6.86872e-07 1.61365e-01 4.60125e-19 6.51905e-08 
2540.98 6.97928e-07 1.62070e-01 4.51960e-19 6.53940e-08 
2545.00 9.18208e-07 1.63675e-01 4.32893e-19 8.33517e-08 
2550.40 1.71174e-06 1.65837e-01 4.06394e-19 1.48115e-07 
2553.68 2.13503e-06 1.67150e-01 3.89990e-19 1.78918e-07 
2555.00 2.22178e-06 1.67677e-01 3.83359e-19 1.83694e-07 
2561.61 1.96833e-06 1.70325e-01 3.49956e-19 1.51295e-07 
2565.00 1.87982e-06 1.71693e-01 3.32866e-19 1.38723e-07 
2566.45 1.94933e-06 1.72280e-01 3.25601e-19 1.41274e-07 
2572.81 2.66431e-06 1.74875e-01 2.94274e-19 1.77580e-07 
2575.00 2.84961e-06 1.75773e-01 2.83764e-19 1.84245e-07 
2579.28 2.85795e-06 1.77540e-01 2.63666e-19 1.73711e-07 
2584.03 2.58676e-06 1.79505e-01 2.42314e-19 1.46363e-07 
2585.00 2.53231e-06 1.79909e-01 2.38061e-19 1.41138e-07 
2592.18 2.30527e-06 1.82900e-01 2.08289e-19 1.14602e-07 
2595.00 2.22019e-06 1.84078e-01 1.97433e-19 1.05408e-07 
2595.24 2.21088e-06 1.84180e-01 1.96516e-19 1.04546e-07 
2605.00 1.72809e-06 1.88280e-01 1.63320e-19 6.96852e-08 
2605.14 1.72250e-06 1.88340e-01 1.62891e-19 6.93032e-08 
2606.47 1.67565e-06 1.88901e-01 1.58943e-19 6.60139e-08 
2615.00 1.56465e-06 1.92528e-01 1.37108e-19 5.43713e-08 
2617.70 1.58657e-06 1.93679e-01 1.31590e-19 5.32850e-08 
2618.17 1.59738e-06 1.93880e-01 1.30700e-19 5.33505e-08 
2625.00 2.29914e-06 1.96802e-01 1.20385e-19 7.19813e-08 
2628.93 3.34085e-06 1.98489e-01 1.16847e-19 1.02545e-07 
2631.26 4.04533e-06 1.99490e-01 1.15653e-19 1.23628e-07 
2635.00 5.01118e-06 2.01105e-01 1.15256e-19 1.54074e-07 
2640.17 5.75491e-06 2.03345e-01 1.18099e-19 1.83686e-07 
2644.41 6.63110e-06 2.05190e-01 1.23697e-19 2.24055e-07 
2645.00 6.82365e-06 2.05445e-01 1.24724e-19 2.32815e-07 
2651.42 9.49814e-06 2.08245e-01 1.40423e-19 3.70726e-07 
2655.00 9.98980e-06 2.09813e-01 1.53095e-19 4.28883e-07 
2657.64 9.25030e-06 2.10970e-01 1.64433e-19 4.29322e-07 
2662.67 6.60569e-06 2.13183e-01 1.91353e-19 3.61200e-07 
2665.00 5.63700e-06 2.14212e-01 2.06410e-19 3.34382e-07 
2670.92 5.56603e-06 2.16830e-01 2.52992e-19 4.10541e-07 
2673.92 6.34436e-06 2.18158e-01 2.81651e-19 5.24738e-07 
2675.00 6.66834e-06 2.18635e-01 2.92850e-19 5.74949e-07 
2684.28 8.24709e-06 2.22760e-01 4.11957e-19 1.02268e-06 
2685.00 8.15790e-06 2.23082e-01 4.23086e-19 1.04073e-06 
2685.18 8.12758e-06 2.23164e-01 4.25986e-19 1.04443e-06 
2695.00 5.44566e-06 2.27557e-01 6.10507e-19 1.02639e-06 
2696.45 5.48611e-06 2.28209e-01 6.43403e-19 1.09344e-06 
2697.70 5.66222e-06 2.28770e-01 6.72956e-19 1.18383e-06 
2705.00 7.12513e-06 2.32056e-01 8.71259e-19 1.96165e-06 
2707.72 6.89604e-06 2.33285e-01 9.57418e-19 2.09950e-06 
2711.19 5.95769e-06 2.34850e-01 1.07745e-18 2.05753e-06 
2715.00 4.65830e-06 2.36575e-01 1.22402e-18 1.84364e-06 
2719.00 3.61390e-06 2.38390e-01 1.39558e-18 1.64570e-06 
2724.74 3.19232e-06 2.41000e-01 1.67597e-18 1.76864e-06 
2725.00 3.20982e-06 2.41116e-01 1.68943e-18 1.79365e-06 
2730.29 4.01731e-06 2.43526e-01 1.98835e-18 2.67365e-06 
2735.00 4.37698e-06 2.45679e-01 2.28920e-18 3.38928e-06 
2738.37 3.79720e-06 2.47220e-01 2.52528e-18 3.26792e-06 
2741.58 2.92885e-06 2.48688e-01 2.76717e-18 2.78170e-06 
2745.00 2.24190e-06 2.50257e-01 3.04477e-18 2.36061e-06 
2752.06 2.80122e-06 2.53500e-01 3.68279e-18 3.62312e-06 
2752.87 2.96105e-06 2.53872e-01 3.76178e-18 3.91890e-06 
2755.00 3.38661e-06 2.54854e-01 3.97568e-18 4.75896e-06 
2764.17 4.69657e-06 2.59087e-01 4.99688e-18 8.46082e-06 
2765.00 4.77991e-06 2.59471e-01 5.09761e-18 8.80021e-06 
2765.82 4.85781e-06 2.59850e-01 5.19852e-18 9.13672e-06 
2775.00 4.86362e-06 2.64096e-01 6.42038e-18 1.15204e-05 
2775.47 4.79230e-06 2.64316e-01 6.48828e-18 1.14830e-05 
2779.65 3.86739e-06 2.66250e-01 7.10475e-18 1.02369e-05 
2785.00 2.44368e-06 2.68733e-01 7.94587e-18 7.31569e-06 
2786.79 2.05561e-06 2.69563e-01 8.23921e-18 6.40491e-06 
2793.55 1.11886e-06 2.72710e-01 9.40499e-18 4.03567e-06 
2795.00 1.00457e-06 2.73387e-01 9.66629e-18 3.73527e-06 
2798.10 8.50874e-07 2.74833e-01 1.02370e-17 3.37204e-06 
2805.00 1.26785e-06 2.78054e-01 1.15629e-17 5.75600e-06 
2807.52 1.79018e-06 2.79230e-01 1.20644e-17 8.52334e-06 
2809.42 2.30420e-06 2.80123e-01 1.24507e-17 1.13659e-05 
2815.00 4.13152e-06 2.82732e-01 1.36054e-17 2.25215e-05 
2820.75 5.96076e-06 2.85425e-01 1.48306e-17 3.58294e-05 
2821.55 6.16294e-06 2.85800e-01 1.50036e-17 3.75367e-05 
2825.00 6.76852e-06 2.87414e-01 1.57524e-17 4.35802e-05 
2832.08 6.46236e-06 2.90733e-01 1.73088e-17 4.63640e-05 
2835.00 5.89106e-06 2.92100e-01 1.79521e-17 4.40877e-05 
2835.66 5.73846e-06 2.92410e-01 1.80980e-17 4.33507e-05 
2843.42 3.58578e-06 2.96054e-01 1.98024e-17 3.00910e-05 
2845.00 3.11641e-06 2.96795e-01 2.01452e-17 2.66862e-05 
2849.84 1.84949e-06 2.99070e-01 2.11849e-17 1.68110e-05 
2854.77 1.44976e-06 3.01389e-01 2.22186e-17 1.39519e-05 
2855.00 1.46711e-06 3.01499e-01 2.22666e-17 1.41557e-05 
2864.09 4.38465e-06 3.05780e-01 2.40767e-17 4.65426e-05 
2865.00 4.81315e-06 3.06210e-01 2.42500e-17 5.15476e-05 
2866.12 5.34303e-06 3.06736e-01 2.44601e-17 5.78399e-05 
2875.00 8.30347e-06 3.10919e-01 2.60310e-17 9.72656e-05 
2877.47 8.26666e-06 3.12080e-01 2.64331e-17 9.87822e-05 
2878.41 8.16613e-06 3.12520e-01 2.65812e-17 9.82980e-05 
2885.00 7.41674e-06 3.15606e-01 2.75510e-17 9.36624e-05 
2888.83 7.91585e-06 3.17397e-01 2.80538e-17 1.02503e-04 
2892.80 9.07888e-06 3.19250e-01 2.85237e-17 1.20396e-04 
2895.00 9.82772e-06 3.20277e-01 2.87611e-17 1.31934e-04 
2900.20 1.14692e-05 3.22707e-01 2.92549e-17 1.58085e-04 
2907.27 1.30436e-05 3.26020e-01 2.97691e-17 1.85274e-04 
2910.00 1.33517e-05 3.27306e-01 2.99184e-17 1.91534e-04 
2911.57 1.34361e-05 3.28046e-01 2.99914e-17 1.93755e-04 
2921.80 1.27845e-05 3.32870e-01 3.02395e-17 1.89281e-04 
2922.95 1.26366e-05 3.33410e-01 3.02428e-17 1.87489e-04 
2930.00 1.17404e-05 3.36732e-01 3.01567e-17 1.75850e-04 
2934.33 1.13710e-05 3.38771e-01 3.00152e-17 1.70795e-04 
2936.41 1.12533e-05 3.39750e-01 2.99239e-17 1.69121e-04 
2945.72 1.10928e-05 3.44133e-01 2.93397e-17 1.66088e-04 
2950.00 1.11598e-05 3.46147e-01 2.89802e-17 1.66251e-04 
2951.09 1.11854e-05 3.46660e-01 2.88800e-17 1.66364e-04 
2957.11 1.13642e-05 3.49486e-01 2.82695e-17 1.67139e-04 
2965.85 1.16452e-05 3.53580e-01 2.72262e-17 1.67376e-04 
2968.51 1.17123e-05 3.54827e-01 2.68760e-17 1.66911e-04 
2970.00 1.17424e-05 3.55524e-01 2.66745e-17 1.66496e-04 
2979.92 1.17970e-05 3.60164e-01 2.52431e-17 1.60895e-04 
2980.68 1.17921e-05 3.60520e-01 2.51280e-17 1.60293e-04 
2990.00 1.16569e-05 3.64881e-01 2.36744e-17 1.51567e-04 
2991.33 1.16289e-05 3.65501e-01 2.34628e-17 1.50174e-04 
2995.58 1.15381e-05 3.67490e-01 2.27809e-17 1.45665e-04 
3002.74 1.14475e-05 3.70837e-01 2.16299e-17 1.38800e-04 
3010.00 1.15609e-05 3.74220e-01 2.04812e-17 1.34265e-04 
3010.56 1.15824e-05 3.74480e-01 2.03942e-17 1.34061e-04 
3014.16 1.17638e-05 3.76156e-01 1.98389e-17 1.33207e-04 
3025.59 1.25508e-05 3.81451e-01 1.81817e-17 1.32580e-04 
3025.61 1.25520e-05 3.81460e-01 1.81791e-17 1.32578e-04 
3030.00 1.27990e-05 3.83490e-01 1.75974e-17 1.31748e-04 
3037.02 1.30086e-05 3.86736e-01 1.67474e-17 1.28814e-04 
3040.74 1.30711e-05 3.88450e-01 1.63442e-17 1.27032e-04 
3048.46 1.32498e-05 3.92010e-01 1.56238e-17 1.24536e-04 
3050.00 1.33107e-05 3.92717e-01 1.55014e-17 1.24415e-04 
3055.94 1.36381e-05 3.95450e-01 1.50996e-17 1.25279e-04 
3059.91 1.38714e-05 3.97270e-01 1.48997e-17 1.26478e-04 
3070.00 1.40833e-05 4.01891e-01 1.46675e-17 1.28301e-04 
3071.22 1.40400e-05 4.02450e-01 1.46687e-17 1.28145e-04 
3071.36 1.40342e-05 4.02511e-01 1.46692e-17 1.28122e-04 
3082.81 1.32233e-05 4.07736e-01 1.50359e-17 1.25811e-04 
3086.58 1.30504e-05 4.09450e-01 1.53062e-17 1.27085e-04 
3090.00 1.30535e-05 4.11006e-01 1.56225e-17 1.30379e-04 
3094.27 1.33269e-05 4.12946e-01 1.61175e-17 1.38166e-04 
3102.01 1.42458e-05 4.16450e-01 1.73192e-17 1.60452e-04 
3105.74 1.46881e-05 4.18132e-01 1.80498e-17 1.73316e-04 
3110.00 1.50379e-05 4.20051e-01 1.90150e-17 1.88048e-04 
3117.21 1.50544e-05 4.23291e-01 2.09891e-17 2.09887e-04 
3117.52 1.50415e-05 4.23430e-01 2.10842e-17 2.10747e-04 
3128.69 1.42043e-05 4.28435e-01 2.51131e-17 2.40708e-04 
3130.00 1.40910e-05 4.29021e-01 2.56680e-17 2.44502e-04 
3133.11 1.38409e-05 4.30410e-01 2.70579e-17 2.54237e-04 
3140.17 1.34335e-05 4.33558e-01 3.06193e-17 2.81909e-04 
3148.77 1.34307e-05 4.37380e-01 3.57747e-17 3.33118e-04 
3150.00 1.34897e-05 4.37923e-01 3.65869e-17 3.42736e-04 
3151.66 1.35960e-05 4.38660e-01 3.77206e-17 3.56928e-04 
3163.16 1.46097e-05 4.43740e-01 4.66383e-17 4.81457e-04 
3164.52 1.46946e-05 4.44340e-01 4.78262e-17 4.97474e-04 
3170.00 1.47776e-05 4.46746e-01 5.28991e-17 5.57308e-04 
3174.66 1.44436e-05 4.48785e-01 5.75921e-17 5.96618e-04 
3180.34 1.37688e-05 4.51270e-01 6.38215e-17 6.34888e-04 
3186.16 1.31794e-05 4.53812e-01 7.07879e-17 6.79084e-04 
3190.00 1.30600e-05 4.55486e-01 7.57189e-17 7.23328e-04 
3196.24 1.34936e-05 4.58200e-01 8.43268e-17 8.38900e-04 
3197.67 1.36572e-05 4.58820e-01 8.64029e-17 8.71544e-04 
3209.19 1.45215e-05 4.63786e-01 1.04570e-16 1.13778e-03 
3210.00 1.44882e-05 4.64134e-01 1.05946e-16 1.15125e-03 
3212.22 1.42991e-05 4.65090e-01 1.09791e-16 1.18070e-03 
3220.71 1.28522e-05 4.68734e-01 1.25364e-16 1.22449e-03 
3228.29 1.18883e-05 4.71970e-01 1.40457e-16 1.28077e-03 
3230.00 1.18779e-05 4.72700e-01 1.44029e-16 1.31492e-03 
3232.24 1.20281e-05 4.73653e-01 1.48784e-16 1.37924e-03 
3243.78 1.47888e-05 4.78535e-01 1.74741e-16 2.01937e-03 
3244.43 1.49943e-05 4.78810e-01 1.76279e-16 2.06706e-03 
3250.00 1.67015e-05 4.81163e-01 1.89738e-16 2.49464e-03 
3255.32 1.80222e-05 4.83401e-01 2.03053e-16 2.89895e-03 
3260.65 1.89881e-05 4.85640e-01 2.16855e-16 3.28240e-03 
3266.86 1.96788e-05 4.88235e-01 2.33433e-16 3.68846e-03 
3270.00 1.98573e-05 4.89542e-01 2.42002e-16 3.87258e-03 
3276.95 1.98899e-05 4.92430e-01 2.61370e-16 4.22304e-03 
3278.41 1.98457e-05 4.93035e-01 2.65497e-16 4.28737e-03 
3289.97 1.91562e-05 4.97805e-01 2.98760e-16 4.71852e-03 
3290.00 1.91539e-05 4.97818e-01 2.98853e-16 4.71960e-03 
3293.34 1.89174e-05 4.99180e-01 3.08600e-16 4.83142e-03 
3301.53 1.83975e-05 5.02486e-01 3.32658e-16 5.11115e-03 
3309.80 1.80628e-05 5.05800e-01 3.56940e-16 5.43358e-03 
3310.00 1.80583e-05 5.05879e-01 3.57514e-16 5.44211e-03 
3313.10 1.80096e-05 5.07122e-01 3.66554e-16 5.58356e-03 
3324.67 1.81454e-05 5.11775e-01 3.99766e-16 6.21333e-03 
3326.35 1.81968e-05 5.12450e-01 4.04488e-16 6.31601e-03 
3330.00 1.83268e-05 5.13913e-01 4.14625e-16 6.54634e-03 
3336.25 1.85452e-05 5.16414e-01 4.31589e-16 6.94195e-03 
3342.98 1.84952e-05 5.19100e-01 4.49168e-16 7.25731e-03 
3347.84 1.80689e-05 5.21031e-01 4.61320e-16 7.31958e-03 
3350.00 1.77305e-05 5.21891e-01 4.66583e-16 7.28112e-03 
3359.43 1.53981e-05 5.25623e-01 4.88289e-16 6.68355e-03 
3359.70 1.53247e-05 5.25730e-01 4.88882e-16 6.66168e-03 
3370.00 1.33506e-05 5.29774e-01 5.09946e-16 6.11886e-03 
3371.02 1.33050e-05 5.30175e-01 5.11879e-16 6.12756e-03 
3376.50 1.35690e-05 5.32310e-01 5.21680e-16 6.40480e-03 
3382.63 1.44820e-05 5.34693e-01 5.31557e-16 7.00905e-03 
3390.00 1.56086e-05 5.37547e-01 5.41823e-16 7.75822e-03 
3393.38 1.58891e-05 5.38850e-01 5.45918e-16 7.98453e-03 
3394.23 1.59334e-05 5.39179e-01 5.46890e-16 8.02795e-03 
3405.85 1.59575e-05 5.43626e-01 5.57561e-16 8.29288e-03 
3410.00 1.59350e-05 5.45208e-01 5.60203e-16 8.35483e-03 
3410.35 1.59377e-05 5.45340e-01 5.60396e-16 8.36199e-03 
3417.47 1.61559e-05 5.48043e-01 5.63379e-16 8.58170e-03 
3427.40 1.67241e-05 5.51790e-01 5.64457e-16 8.98744e-03 
3429.09 1.68198e-05 5.52426e-01 5.64285e-16 9.05098e-03 
3430.00 1.68683e-05 5.52767e-01 5.64150e-16 9.08292e-03 
3440.72 1.72906e-05 5.56772e-01 5.60347e-16 9.34368e-03 
3444.54 1.73931e-05 5.58190e-01 5.58031e-16 9.39448e-03 
3450.00 1.75203e-05 5.60216e-01 5.53861e-16 9.44149e-03 
3452.36 1.75732e-05 5.61089e-01 5.51756e-16 9.45518e-03 
3461.76 1.78312e-05 5.64550e-01 5.41628e-16 9.50178e-03 
3464.00 1.79163e-05 5.65372e-01 5.38813e-16 9.51746e-03 
3470.00 1.82171e-05 5.67560e-01 5.30576e-16 9.58280e-03 
3475.65 1.86184e-05 5.69613e-01 5.21912e-16 9.68455e-03 
3479.07 1.89101e-05 5.70850e-01 5.16272e-16 9.76070e-03 
3487.30 1.97220e-05 5.73823e-01 5.01525e-16 9.96401e-03 
3490.00 2.00101e-05 5.74793e-01 4.96369e-16 1.00303e-02 
3496.46 2.06798e-05 5.77110e-01 4.83405e-16 1.01547e-02 
3498.96 2.08887e-05 5.78004e-01 4.78176e-16 1.01693e-02 
3510.00 2.09635e-05 5.81927e-01 4.53865e-16 9.78340e-03 
3510.63 2.09085e-05 5.82149e-01 4.52425e-16 9.73223e-03 
3513.95 2.05178e-05 5.83320e-01 4.44749e-16 9.41608e-03 
3522.30 1.93547e-05 5.86255e-01 4.24847e-16 8.54781e-03 
3530.00 1.91994e-05 5.88943e-01 4.05936e-16 8.15675e-03 
3531.51 1.93851e-05 5.89470e-01 4.02165e-16 8.16995e-03 
3533.98 1.98292e-05 5.90325e-01 3.96009e-16 8.24687e-03 
3545.66 2.23491e-05 5.94363e-01 3.66458e-16 8.68872e-03 
3549.17 2.25156e-05 5.95570e-01 3.57513e-16 8.56564e-03 
3550.00 2.24709e-05 5.95854e-01 3.55405e-16 8.50422e-03 
3557.35 2.07387e-05 5.98364e-01 3.36704e-16 7.48247e-03 
3566.92 1.70748e-05 6.01610e-01 3.12526e-16 5.76466e-03 
3569.04 1.64096e-05 6.02327e-01 3.07209e-16 5.45555e-03 
3570.00 1.61558e-05 6.02650e-01 3.04818e-16 5.33367e-03 
3580.74 1.52965e-05 6.06259e-01 2.78380e-16 4.65356e-03 
3584.75 1.56400e-05 6.07600e-01 2.68717e-16 4.60820e-03 
3590.00 1.63463e-05 6.09348e-01 2.56279e-16 4.61335e-03 
3592.45 1.67132e-05 6.10162e-01 2.50561e-16 4.62095e-03 
3602.68 1.82032e-05 6.13540e-01 2.27312e-16 4.60428e-03 
3604.16 1.83919e-05 6.14027e-01 2.24035e-16 4.59047e-03 
3610.00 1.90030e-05 6.15936e-01 2.11363e-16 4.49592e-03 
3615.88 1.93512e-05 6.17849e-01 1.99019e-16 4.33133e-03 
3620.69 1.94528e-05 6.19410e-01 1.89222e-16 4.15573e-03 
3627.60 1.93682e-05 6.21645e-01 1.75672e-16 3.86256e-03 
3630.00 1.92881e-05 6.22420e-01 1.71108e-16 3.75382e-03 
3638.79 1.93924e-05 6.25240e-01 1.55039e-16 3.44351e-03 
3639.33 1.94664e-05 6.25411e-01 1.54095e-16 3.43703e-03 
3640.00 1.95771e-05 6.25625e-01 1.52914e-16 3.43191e-03 
3650.00 2.24311e-05 6.28792e-01 1.36053e-16 3.52598e-03 
3651.06 2.26894e-05 6.29127e-01 1.34339e-16 3.52456e-03 
3656.99 2.35541e-05 6.30990e-01 1.25064e-16 3.42190e-03 
3662.80 2.36527e-05 6.32814e-01 1.16410e-16 3.21281e-03 
3670.00 2.31466e-05 6.35062e-01 1.06316e-16 2.88728e-03 
3674.55 2.26782e-05 6.36476e-01 1.00277e-16 2.67744e-03 
3675.27 2.26033e-05 6.36700e-01 9.93425e-17 2.64517e-03 
3686.30 2.18766e-05 6.40097e-01 8.58780e-17 2.23163e-03 
3690.00 2.19802e-05 6.41228e-01 8.16939e-17 2.13886e-03 
3693.65 2.23184e-05 6.42340e-01 7.77230e-17 2.07185e-03 
3698.06 2.28665e-05 6.43680e-01 7.31266e-17 2.00375e-03 
3709.82 2.30631e-05 6.47238e-01 6.19194e-17 1.72617e-03 
3710.00 2.30337e-05 6.47291e-01 6.17627e-17 1.71983e-03 
3712.12 2.25818e-05 6.47930e-01 5.99054e-17 1.63794e-03 
3721.59 1.92492e-05 6.50781e-01 5.21410e-17 1.22371e-03 
3730.00 1.66695e-05 6.53254e-01 4.59663e-17 9.39888e-04 
3730.68 1.65591e-05 6.53450e-01 4.54963e-17 9.24561e-04 
3733.37 1.63019e-05 6.54220e-01 4.36692e-17 8.75312e-04 
3745.15 1.76538e-05 6.57531e-01 3.63795e-17 7.96166e-04 
3749.33 1.86530e-05 6.58710e-01 3.40541e-17 7.89751e-04 
3750.00 1.88187e-05 6.58900e-01 3.36940e-17 7.88707e-04 
3756.94 2.04864e-05 6.60893e-01 3.01485e-17 7.72002e-04 
3768.08 2.25303e-05 6.64120e-01 2.51267e-17 7.13169e-04 
3768.73 2.26089e-05 6.64308e-01 2.48565e-17 7.08286e-04 
3770.00 2.27452e-05 6.64673e-01 2.43381e-17 6.98311e-04 
3780.53 2.32282e-05 6.67670e-01 2.03903e-17 6.01833e-04 
3786.92 2.33741e-05 6.69470e-01 1.82794e-17 5.45302e-04 
3790.00 2.35297e-05 6.70336e-01 1.73320e-17 5.21579e-04 
3792.33 2.37069e-05 6.70990e-01 1.66438e-17 5.05444e-04 
3804.14 2.40633e-05 6.74286e-01 1.35197e-17 4.20094e-04 
3805.85 2.38437e-05 6.74760e-01 1.31141e-17 4.04238e-04 
3810.00 2.27954e-05 6.75908e-01 1.21744e-17 3.59775e-04 
3815.96 1.99702e-05 6.77549e-01 1.09297e-17 2.84091e-04 
3824.88 1.51916e-05 6.79990e-01 9.28023e-18 1.84589e-04 
3827.78 1.41522e-05 6.80780e-01 8.79456e-18 1.63273e-04 
3830.00 1.36996e-05 6.81382e-01 8.43905e-18 1.51885e-04 
3839.61 1.51267e-05 6.83979e-01 7.04414e-18 1.40872e-04 
3844.01 1.66753e-05 6.85160e-01 6.47925e-18 1.43251e-04 
3850.00 1.84564e-05 6.86763e-01 5.77568e-18 1.41887e-04 
3851.45 1.87069e-05 6.87149e-01 5.61688e-18 1.39990e-04 
3863.23 1.85642e-05 6.90270e-01 4.46447e-18 1.11260e-04 
3863.29 1.85585e-05 6.90285e-01 4.45931e-18 1.11102e-04 
3870.00 1.80158e-05 6.92048e-01 3.90505e-18 9.48531e-05 
3875.13 1.80543e-05 6.93387e-01 3.52540e-18 8.60941e-05 
3882.54 1.90296e-05 6.95310e-01 3.03725e-18 7.85468e-05 
3886.98 2.01624e-05 6.96456e-01 2.77585e-18 7.62725e-05 
3890.00 2.11770e-05 6.97233e-01 2.61039e-18 7.54782e-05 
3898.84 2.46267e-05 6.99497e-01 2.17743e-18 7.36198e-05 
3901.96 2.54804e-05 7.00290e-01 2.04172e-18 7.15625e-05 
3910.00 2.50062e-05 7.02329e-01 1.72740e-18 5.97144e-05 
3910.70 2.47085e-05 7.02507e-01 1.70221e-18 5.81687e-05 
3921.46 1.70199e-05 7.05210e-01 1.35827e-18 3.21836e-05 
3922.57 1.62163e-05 7.05487e-01 1.32693e-18 2.99766e-05 
3930.00 1.31590e-05 7.07337e-01 1.13429e-18 2.08876e-05 
3934.45 1.42407e-05 7.08438e-01 1.03235e-18 2.06284e-05 
3941.07 1.83227e-05 7.10070e-01 8.97160e-19 2.31579e-05 
3946.33 2.14216e-05 7.11357e-01 8.02670e-19 2.42993e-05 
3950.00 2.23890e-05 7.12251e-01 7.42784e-19 2.35533e-05 
3958.22 1.97450e-05 7.14242e-01 6.25038e-19 1.75643e-05 
3960.78 1.83018e-05 7.14860e-01 5.92544e-19 1.54575e-05 
3970.00 1.54497e-05 7.17073e-01 4.90142e-19 1.08523e-05 
3970.11 1.54647e-05 7.17099e-01 4.89050e-19 1.08393e-05 
3980.58 2.22252e-05 7.19590e-01 3.97161e-19 1.27282e-05 
3982.01 2.35884e-05 7.19928e-01 3.86372e-19 1.31528e-05 
3990.00 3.04201e-05 7.21810e-01 3.32758e-19 1.46760e-05 
3993.91 3.22865e-05 7.22727e-01 3.10380e-19 1.45617e-05 
4000.48 3.32949e-05 7.24260e-01 2.77928e-19 1.34971e-05 
4005.82 3.29811e-05 7.25499e-01 2.55863e-19 1.23460e-05 
4010.00 3.25538e-05 7.26463e-01 2.41056e-19 1.15081e-05 
4017.74 3.21945e-05 7.28242e-01 2.18769e-19 1.03740e-05 
4020.49 3.21769e-05 7.28870e-01 2.12349e-19 1.00797e-05 
4029.66 3.21955e-05 7.30957e-01 1.95989e-19 9.35644e-06 
4030.00 3.21922e-05 7.31033e-01 1.95530e-19 9.33535e-06 
4040.59 3.17771e-05 7.33420e-01 1.85677e-19 8.80225e-06 
4041.59 3.17073e-05 7.33645e-01 1.85184e-19 8.76442e-06 
4050.00 3.09259e-05 7.35523e-01 1.83805e-19 8.52422e-06 
4053.53 3.05095e-05 7.36306e-01 1.84628e-19 8.46344e-06 
4060.79 2.97820e-05 7.37910e-01 1.88764e-19 8.48030e-06 
4065.47 2.96486e-05 7.38935e-01 1.93092e-19 8.65784e-06 
4070.00 2.99621e-05 7.39924e-01 1.98479e-19 9.01555e-06 
4077.41 3.15064e-05 7.41534e-01 2.09741e-19 1.00582e-05 
4081.10 3.24799e-05 7.42330e-01 2.16429e-19 1.07208e-05 
4089.37 3.41949e-05 7.44111e-01 2.34044e-19 1.22596e-05 
4090.00 3.42632e-05 7.44247e-01 2.35537e-19 1.23666e-05 
4101.33 3.38981e-05 7.46663e-01 2.65714e-19 1.38855e-05 
4101.50 3.38784e-05 7.46700e-01 2.66234e-19 1.39059e-05 
4110.00 3.30079e-05 7.48492e-01 2.93217e-19 1.49885e-05 
4113.29 3.28763e-05 7.49182e-01 3.04644e-19 1.55373e-05 
4122.01 3.30443e-05 7.51000e-01 3.37581e-19 1.73839e-05 
4125.26 3.31834e-05 7.51675e-01 3.50859e-19 1.81743e-05 
4130.00 3.33371e-05 7.52657e-01 3.71185e-19 1.93637e-05 
4137.24 3.33237e-05 7.54148e-01 4.04478e-19 2.11709e-05 
4142.62 3.32258e-05 7.55250e-01 4.31018e-19 2.25559e-05 
4149.22 3.31929e-05 7.56591e-01 4.65674e-19 2.44275e-05 
4150.00 3.32046e-05 7.56749e-01 4.69925e-19 2.46689e-05 
4161.21 3.36133e-05 7.59005e-01 5.34650e-19 2.85738e-05 
4163.33 3.36691e-05 7.59430e-01 5.47695e-19 2.93510e-05 
4170.00 3.35859e-05 7.60761e-01 5.90272e-19 3.16604e-05 
4173.20 3.33519e-05 7.61398e-01 6.11609e-19 3.26286e-05 
4184.15 3.21360e-05 7.63560e-01 6.88922e-19 3.56070e-05 
4185.20 3.20353e-05 7.63767e-01 6.96729e-19 3.59164e-05 
4190.00 3.17368e-05 7.64704e-01 7.33056e-19 3.75259e-05 
4197.21 3.18761e-05 7.66103e-01 7.90146e-19 4.07703e-05 
4205.07 3.23068e-05 7.67620e-01 8.55807e-19 4.49274e-05 
4209.22 3.23878e-05 7.68418e-01 8.91934e-19 4.70368e-05 
4210.00 3.23783e-05 7.68568e-01 8.98814e-19 4.74035e-05 
4221.24 3.15321e-05 7.70713e-01 1.00209e-18 5.17507e-05 
4226.10 3.11026e-05 7.71630e-01 1.04893e-18 5.35566e-05 
4230.00 3.09094e-05 7.72363e-01 1.08757e-18 5.52881e-05 
4233.27 3.09079e-05 7.72974e-01 1.12053e-18 5.70500e-05 
4245.30 3.14257e-05 7.75219e-01 1.24705e-18 6.49267e-05 
4247.23 3.14618e-05 7.75580e-01 1.26807e-18 6.61578e-05 
4250.00 3.14326e-05 7.76100e-01 1.29864e-18 6.77794e-05 
4257.33 3.08484e-05 7.77470e-01 1.38134e-18 7.10034e-05 
4268.46 2.94273e-05 7.79480e-01 1.51202e-18 7.45259e-05 
4269.37 2.93284e-05 7.79638e-01 1.52300e-18 7.48461e-05 
4270.00 2.92648e-05 7.79746e-01 1.53055e-18 7.50752e-05 
4281.42 2.82813e-05 7.81658e-01 1.67148e-18 7.96397e-05 
4289.80 2.66743e-05 7.83060e-01 1.77839e-18 8.02190e-05 
4290.00 2.66168e-05 7.83093e-01 1.78093e-18 8.01672e-05 
4293.48 2.54477e-05 7.83694e-01 1.82613e-18 7.87152e-05 
4305.54 2.19216e-05 7.85833e-01 1.98616e-18 7.41596e-05 
4310.00 2.21824e-05 7.86628e-01 2.04653e-18 7.74810e-05 
4311.25 2.25205e-05 7.86850e-01 2.06358e-18 7.93629e-05 
4317.61 2.56331e-05 7.87964e-01 2.15069e-18 9.44177e-05 
4329.68 3.22515e-05 7.90045e-01 2.31873e-18 1.28775e-04 
4330.00 3.23424e-05 7.90100e-01 2.32324e-18 1.29408e-04 
4332.81 3.28256e-05 7.90580e-01 2.36273e-18 1.33741e-04 
4341.76 3.19438e-05 7.92107e-01 2.48918e-18 1.37663e-04 
4350.00 3.08015e-05 7.93506e-01 2.60624e-18 1.39492e-04 
4353.84 3.10685e-05 7.94154e-01 2.66088e-18 1.43895e-04 
4354.47 3.11620e-05 7.94260e-01 2.66985e-18 1.44855e-04 
4365.93 3.36023e-05 7.96175e-01 2.83259e-18 1.66556e-04 
4370.00 3.40234e-05 7.96849e-01 2.89009e-18 1.72374e-04 
4376.25 3.34851e-05 7.97880e-01 2.97800e-18 1.75282e-04 
4378.03 3.31472e-05 7.98174e-01 3.00301e-18 1.75107e-04 
4390.00 3.08991e-05 8.00133e-01 3.16899e-18 1.73147e-04 
4390.13 3.08887e-05 8.00154e-01 3.17082e-18 1.73199e-04 
4398.13 3.11807e-05 8.01450e-01 3.27952e-18 1.81453e-04 
4402.24 3.18320e-05 8.02113e-01 3.33469e-18 1.88692e-04 
4410.00 3.33861e-05 8.03354e-01 3.43693e-18 2.04647e-04 
4414.36 3.41883e-05 8.04048e-01 3.49329e-18 2.13395e-04 
4420.12 3.50317e-05 8.04960e-01 3.56643e-18 2.23782e-04 
4426.48 3.56032e-05 8.05963e-01 3.64531e-18 2.33089e-04 
4430.00 3.57254e-05 8.06516e-01 3.68804e-18 2.36980e-04 
4438.61 3.55182e-05 8.07860e-01 3.78951e-18 2.42963e-04 
4442.22 3.53690e-05 8.08420e-01 3.83074e-18 2.44943e-04 
4450.00 3.53429e-05 8.09620e-01 3.91671e-18 2.51066e-04 
4450.74 3.53795e-05 8.09734e-01 3.92469e-18 2.51915e-04 
4462.88 3.66477e-05 8.11585e-01 4.04975e-18 2.70612e-04 
4464.43 3.68192e-05 8.11820e-01 4.06492e-18 2.73071e-04 
4470.00 3.72531e-05 8.12662e-01 4.11796e-18 2.80534e-04 
4475.03 3.73049e-05 8.13418e-01 4.16371e-18 2.84629e-04 
4486.75 3.73522e-05 8.15170e-01 4.26230e-18 2.93133e-04 
4487.18 3.73832e-05 8.15234e-01 4.26568e-18 2.93659e-04 
4490.00 3.76871e-05 8.15652e-01 4.28755e-18 2.97904e-04 
4499.34 3.96838e-05 8.17031e-01 4.35492e-18 3.19819e-04 
4509.19 4.12177e-05 8.18470e-01 4.41744e-18 3.38282e-04 
4510.00 4.12207e-05 8.18588e-01 4.42222e-18 3.38782e-04 
4511.50 4.11569e-05 8.18806e-01 4.43085e-18 3.39122e-04 
4523.67 3.86734e-05 8.20559e-01 4.49303e-18 3.24695e-04 
4530.00 3.73689e-05 8.21463e-01 4.51982e-18 3.16403e-04 
4531.73 3.71714e-05 8.21710e-01 4.52648e-18 3.15410e-04 
4535.85 3.70086e-05 8.22296e-01 4.54118e-18 3.15560e-04 
4548.03 3.82664e-05 8.24019e-01 4.57522e-18 3.30304e-04 
4550.00 3.86014e-05 8.24295e-01 4.57940e-18 3.33756e-04 
4554.39 3.93669e-05 8.24910e-01 4.58740e-18 3.41553e-04 
4560.22 4.02733e-05 8.25721e-01 4.59522e-18 3.50805e-04 
4570.00 4.08810e-05 8.27070e-01 4.60128e-18 3.57916e-04 
4572.41 4.07533e-05 8.27401e-01 4.60143e-18 3.57141e-04 
4577.16 4.02362e-05 8.28050e-01 4.60020e-18 3.53159e-04 
4584.62 3.91841e-05 8.29063e-01 4.59427e-18 3.44461e-04 
4590.00 3.86728e-05 8.29791e-01 4.58701e-18 3.40126e-04 
4596.82 3.87080e-05 8.30708e-01 4.57434e-18 3.40376e-04 
4600.05 3.89053e-05 8.31140e-01 4.56704e-18 3.41982e-04 
4609.04 3.95128e-05 8.32336e-01 4.54240e-18 3.46621e-04 
4610.00 3.95494e-05 8.32464e-01 4.53939e-18 3.46838e-04 
4621.26 3.93764e-05 8.33946e-01 4.49936e-18 3.43723e-04 
4623.05 3.92934e-05 8.34180e-01 4.49219e-18 3.42680e-04 
4630.00 3.90016e-05 8.35085e-01 4.46237e-18 3.38753e-04 
4633.48 3.89307e-05 8.35537e-01 4.44631e-18 3.37355e-04 
4645.71 3.91249e-05 8.37112e-01 4.38444e-18 3.35836e-04 
4646.16 3.91430e-05 8.37170e-01 4.38202e-18 3.35861e-04 
4650.00 3.93226e-05 8.37661e-01 4.36093e-18 3.36253e-04 
4657.95 3.97856e-05 8.38675e-01 4.31510e-18 3.37621e-04 
4669.39 4.02977e-05 8.40120e-01 4.24487e-18 3.37808e-04 
4670.00 4.03090e-05 8.40196e-01 4.24102e-18 3.37670e-04 
4670.20 4.03121e-05 8.40221e-01 4.23978e-18 3.37622e-04 
4682.45 4.00596e-05 8.41744e-01 4.16003e-18 3.30658e-04 
4690.00 3.95040e-05 8.42674e-01 4.10941e-18 3.22980e-04 
4692.74 3.92386e-05 8.43010e-01 4.09087e-18 3.19677e-04 
4694.70 3.90385e-05 8.43250e-01 4.07755e-18 3.17235e-04 
4706.97 3.80827e-05 8.44745e-01 3.99411e-18 3.04465e-04 
4710.00 3.80554e-05 8.45112e-01 3.97354e-18 3.03007e-04 
4716.20 3.83746e-05 8.45860e-01 3.93176e-18 3.03002e-04 
4719.24 3.86582e-05 8.46224e-01 3.91156e-18 3.03998e-04 
4730.00 3.97755e-05 8.47505e-01 3.84142e-18 3.08343e-04 
4731.51 3.98929e-05 8.47684e-01 3.83182e-18 3.08645e-04 
4739.79 4.02760e-05 8.48660e-01 3.78069e-18 3.08342e-04 
4743.79 4.03478e-05 8.49130e-01 3.75689e-18 3.07377e-04 
4750.00 4.03886e-05 8.49856e-01 3.72150e-18 3.05450e-04 
4756.08 4.04096e-05 8.50564e-01 3.68879e-18 3.03563e-04 
4763.48 4.04261e-05 8.51420e-01 3.65195e-18 3.01424e-04 
4768.37 4.04288e-05 8.51982e-01 3.62961e-18 3.00106e-04 
4770.00 4.04279e-05 8.52168e-01 3.62257e-18 2.99684e-04 
4780.67 4.03782e-05 8.53383e-01 3.58145e-18 2.97003e-04 
4787.30 4.02758e-05 8.54130e-01 3.56082e-18 2.95211e-04 
4790.00 4.02106e-05 8.54433e-01 3.55359e-18 2.94405e-04 
4792.98 4.01217e-05 8.54766e-01 3.54644e-18 2.93460e-04 
4805.29 3.97882e-05 8.56134e-01 3.52673e-18 2.90611e-04 
4810.00 3.97886e-05 8.56654e-01 3.52369e-18 2.90824e-04 
4811.24 3.98096e-05 8.56790e-01 3.52333e-18 2.91069e-04 
4817.61 4.00167e-05 8.57490e-01 3.52448e-18 2.93305e-04 
4829.94 4.03124e-05 8.58832e-01 3.54183e-18 2.98153e-04 
4830.00 4.03118e-05 8.58839e-01 3.54197e-18 2.98166e-04 
4835.29 4.01246e-05 8.59410e-01 3.55602e-18 2.98484e-04 
4842.27 3.94299e-05 8.60157e-01 3.58092e-18 2.96054e-04 
4850.00 3.79496e-05 8.60979e-01 3.61744e-18 2.88580e-04 
4854.61 3.67081e-05 8.61467e-01 3.64387e-18 2.81605e-04 
4859.47 3.53664e-05 8.61980e-01 3.67569e-18 2.74119e-04 
4866.95 3.39856e-05 8.62767e-01 3.73276e-18 2.68163e-04 
4870.00 3.38956e-05 8.63087e-01 3.75893e-18 2.69597e-04 
4879.30 3.55448e-05 8.64057e-01 3.84962e-18 2.90413e-04 
4883.77 3.68121e-05 8.64520e-01 3.89914e-18 3.05079e-04 
4890.00 3.83179e-05 8.65161e-01 3.97493e-18 3.24384e-04 
4891.66 3.85765e-05 8.65331e-01 3.99643e-18 3.28517e-04 
4904.02 3.87747e-05 8.66589e-01 4.17512e-18 3.46343e-04 
4908.19 3.84607e-05 8.67010e-01 4.24282e-18 3.49574e-04 
4910.00 3.83127e-05 8.67193e-01 4.27348e-18 3.50950e-04 
4916.39 3.78469e-05 8.67835e-01 4.38752e-18 3.56662e-04 
4928.77 3.74937e-05 8.69069e-01 4.63535e-18 3.74763e-04 
4930.00 3.75182e-05 8.69191e-01 4.66208e-18 3.77317e-04 
4932.73 3.76179e-05 8.69460e-01 4.72244e-18 3.83550e-04 
4941.15 3.82069e-05 8.70285e-01 4.92027e-18 4.06952e-04 
4950.00 3.89655e-05 8.71146e-01 5.14744e-18 4.35403e-04 
4953.54 3.92154e-05 8.71488e-01 5.24376e-18 4.46888e-04 
4957.39 3.94177e-05 8.71860e-01 5.35252e-18 4.59064e-04 
4965.93 3.95037e-05 8.72682e-01 5.60719e-18 4.83240e-04 
4970.00 3.93184e-05 8.73072e-01 5.73543e-18 4.92596e-04 
4978.33 3.84537e-05 8.73866e-01 6.01178e-18 5.06282e-04 
4982.18 3.79087e-05 8.74230e-01 6.14584e-18 5.10844e-04 
4990.00 3.67232e-05 8.74964e-01 6.43083e-18 5.19065e-04 
4990.74 3.66149e-05 8.75033e-01 6.45855e-18 5.19883e-04 
5003.15 3.52665e-05 8.76186e-01 6.94836e-18 5.40764e-04 
5007.09 3.51516e-05 8.76550e-01 7.11285e-18 5.52426e-04 
5010.00 3.52072e-05 8.76818e-01 7.23719e-18 5.63472e-04 
5015.57 3.56482e-05 8.77331e-01 7.48183e-18 5.90816e-04 
5028.00 3.70700e-05 8.78466e-01 8.05940e-18 6.64307e-04 
5030.00 3.72038e-05 8.78648e-01 8.15669e-18 6.75162e-04 
5032.12 3.72833e-05 8.78840e-01 8.26108e-18 6.85703e-04 
5040.43 3.71970e-05 8.79586e-01 8.68125e-18 7.20707e-04 
5050.00 3.71424e-05 8.80438e-01 9.18994e-18 7.64004e-04 
5052.87 3.73027e-05 8.80691e-01 9.34729e-18 7.81107e-04 
5057.29 3.76857e-05 8.81080e-01 9.59445e-18 8.11060e-04 
5065.31 3.83973e-05 8.81783e-01 1.00572e-17 8.68300e-04 
5070.00 3.85515e-05 8.82191e-01 1.03359e-17 8.97187e-04 
5077.76 3.81095e-05 8.82865e-01 1.08104e-17 9.29748e-04 
5082.57 3.76264e-05 8.83280e-01 1.11127e-17 9.44968e-04 
5090.00 3.70621e-05 8.83919e-01 1.15916e-17 9.73032e-04 
5090.22 3.70545e-05 8.83938e-01 1.16060e-17 9.74103e-04 
5102.68 3.73616e-05 8.85001e-01 1.24428e-17 1.05684e-03 
5107.98 3.75812e-05 8.85450e-01 1.28107e-17 1.09618e-03 
5110.00 3.76180e-05 8.85620e-01 1.29524e-17 1.11004e-03 
5115.15 3.75448e-05 8.86053e-01 1.33193e-17 1.14097e-03 
5127.63 3.68574e-05 8.87092e-01 1.42339e-17 1.20131e-03 
5130.00 3.67313e-05 8.87288e-01 1.44116e-17 1.21298e-03 
5133.52 3.65807e-05 8.87580e-01 1.46784e-17 1.23162e-03 
5140.11 3.63071e-05 8.88124e-01 1.51843e-17 1.26694e-03 
5150.00 3.54115e-05 8.88934e-01 1.59606e-17 1.30255e-03 
5152.60 3.49901e-05 8.89146e-01 1.61683e-17 1.30476e-03 
5159.19 3.36786e-05 8.89680e-01 1.66998e-17 1.29959e-03 
5165.10 3.24895e-05 8.90154e-01 1.71831e-17 1.29215e-03 
5170.00 3.17285e-05 8.90544e-01 1.75889e-17 1.29347e-03 
5177.60 3.12662e-05 8.91147e-01 1.82260e-17 1.32363e-03 
5184.99 3.16074e-05 8.91730e-01 1.88539e-17 1.38706e-03 
5190.00 3.22200e-05 8.92125e-01 1.92843e-17 1.44825e-03 
5190.11 3.22364e-05 8.92134e-01 1.92937e-17 1.44975e-03 
5202.62 3.44981e-05 8.93116e-01 2.03827e-17 1.64479e-03 
5210.00 3.55255e-05 8.93689e-01 2.10328e-17 1.75140e-03 
5210.91 3.56020e-05 8.93760e-01 2.11137e-17 1.76237e-03 
5215.15 3.58122e-05 8.94086e-01 2.14895e-17 1.80645e-03 
5227.67 3.60005e-05 8.95040e-01 2.26100e-17 1.91727e-03 
5230.00 3.61343e-05 8.95216e-01 2.28193e-17 1.94346e-03 
5236.97 3.68600e-05 8.95740e-01 2.34476e-17 2.04098e-03 
5240.21 3.72066e-05 8.95983e-01 2.37403e-17 2.08775e-03 
5250.00 3.72468e-05 8.96715e-01 2.46271e-17 2.17389e-03 
5252.75 3.67856e-05 8.96919e-01 2.48761e-17 2.17032e-03 
5263.15 3.40849e-05 8.97690e-01 2.58191e-17 2.09315e-03 
5265.29 3.36063e-05 8.97848e-01 2.60131e-17 2.08047e-03 
5270.00 3.30062e-05 8.98194e-01 2.64387e-17 2.07940e-03 
5277.85 3.37718e-05 8.98768e-01 2.71467e-17 2.18927e-03 
5289.47 3.67667e-05 8.99610e-01 2.81886e-17 2.48266e-03 
5290.00 3.68943e-05 8.99648e-01 2.82360e-17 2.49582e-03 
5290.41 3.69894e-05 8.99678e-01 2.82724e-17 2.50576e-03 
5302.97 3.85454e-05 9.00577e-01 2.93856e-17 2.72314e-03 
5310.00 3.80833e-05 9.01074e-01 3.00006e-17 2.75196e-03 
5315.55 3.70242e-05 9.01464e-01 3.04817e-17 2.72235e-03 
5315.92 3.69407e-05 9.01490e-01 3.05135e-17 2.71932e-03 
5328.13 3.45602e-05 9.02340e-01 3.15561e-17 2.63954e-03 
5330.00 3.44391e-05 9.02469e-01 3.17140e-17 2.64476e-03 
5340.71 3.54421e-05 9.03207e-01 3.26043e-17 2.80611e-03 
5342.50 3.57542e-05 9.03330e-01 3.27504e-17 2.84484e-03 
5350.00 3.69079e-05 9.03845e-01 3.33581e-17 2.99704e-03 
5353.30 3.71597e-05 9.04071e-01 3.36218e-17 3.04398e-03 
5365.90 3.69737e-05 9.04928e-01 3.46043e-17 3.12754e-03 
5369.21 3.68319e-05 9.05150e-01 3.48557e-17 3.14089e-03 
5370.00 3.68033e-05 9.05203e-01 3.49155e-17 3.14448e-03 
5378.51 3.66442e-05 9.05770e-01 3.55476e-17 3.19462e-03 
5390.00 3.63770e-05 9.06526e-01 3.63698e-17 3.25431e-03 
5391.12 3.63178e-05 9.06599e-01 3.64478e-17 3.25693e-03 
5396.05 3.59844e-05 9.06920e-01 3.67874e-17 3.26123e-03 
5403.74 3.54181e-05 9.07418e-01 3.73010e-17 3.26115e-03 
5410.00 3.51460e-05 9.07822e-01 3.77058e-17 3.27647e-03 
5416.36 3.52133e-05 9.08231e-01 3.81037e-17 3.32278e-03 
5423.03 3.55635e-05 9.08660e-01 3.85063e-17 3.39706e-03 
5428.99 3.59856e-05 9.09042e-01 3.88526e-17 3.47356e-03 
5430.00 3.60583e-05 9.09107e-01 3.89099e-17 3.48661e-03 
5441.63 3.67491e-05 9.09850e-01 3.95446e-17 3.62206e-03 
5450.00 3.69236e-05 9.10381e-01 3.99702e-17 3.68624e-03 
5450.15 3.69231e-05 9.10390e-01 3.99776e-17 3.68701e-03 
5454.27 3.68610e-05 9.10650e-01 4.01772e-17 3.70303e-03 
5466.92 3.63595e-05 9.11441e-01 4.07478e-17 3.71635e-03 
5470.00 3.62430e-05 9.11632e-01 4.08769e-17 3.71906e-03 
5477.40 3.60711e-05 9.12090e-01 4.11718e-17 3.73503e-03 
5479.58 3.60445e-05 9.12224e-01 4.12544e-17 3.74181e-03 
5490.00 3.59974e-05 9.12864e-01 4.16220e-17 3.78004e-03 
5492.24 3.59936e-05 9.13001e-01 4.16952e-17 3.78840e-03 
5504.79 3.59802e-05 9.13760e-01 4.20656e-17 3.83254e-03 
5504.91 3.59802e-05 9.13768e-01 4.20690e-17 3.83297e-03 
5510.00 3.59846e-05 9.14072e-01 4.21999e-17 3.85020e-03 
5517.59 3.60147e-05 9.14524e-01 4.23746e-17 3.87662e-03 
5530.00 3.62161e-05 9.15255e-01 4.26070e-17 3.93164e-03 
5530.27 3.62238e-05 9.15271e-01 4.26114e-17 3.93313e-03 
5532.31 3.62853e-05 9.15390e-01 4.26430e-17 3.94470e-03 
5542.96 3.66070e-05 9.16010e-01 4.27790e-17 4.00277e-03 
5550.00 3.66433e-05 9.16417e-01 4.28421e-17 4.01953e-03 
5555.66 3.64740e-05 9.16743e-01 4.28775e-17 4.00976e-03 
5559.97 3.62477e-05 9.16990e-01 4.28952e-17 3.99070e-03 
5568.36 3.56843e-05 9.17468e-01 4.29071e-17 3.93775e-03 
5570.00 3.55693e-05 9.17561e-01 4.29060e-17 3.92650e-03 
5581.07 3.49271e-05 9.18185e-01 4.28686e-17 3.86254e-03 
5587.77 3.47889e-05 9.18560e-01 4.28213e-17 3.84919e-03 
5590.00 3.48083e-05 9.18684e-01 4.28014e-17 3.85162e-03 
5593.79 3.49239e-05 9.18895e-01 4.27631e-17 3.86443e-03 
5606.51 3.56559e-05 9.19597e-01 4.25916e-17 3.94156e-03 
5610.00 3.58206e-05 9.19788e-01 4.25333e-17 3.95764e-03 
5615.71 3.59584e-05 9.20100e-01 4.24275e-17 3.96836e-03 
5619.24 3.59807e-05 9.20291e-01 4.23559e-17 3.96743e-03 
5630.00 3.59496e-05 9.20872e-01 4.21080e-17 3.95083e-03 
5631.97 3.59528e-05 9.20978e-01 4.20578e-17 3.94832e-03 
5643.79 3.59715e-05 9.21610e-01 4.17274e-17 3.93025e-03 
5644.71 3.59623e-05 9.21659e-01 4.16994e-17 3.92747e-03 
5650.00 3.58439e-05 9.21940e-01 4.15336e-17 3.90381e-03 
5657.46 3.54814e-05 9.22336e-01 4.12830e-17 3.84774e-03 
5670.00 3.50139e-05 9.22995e-01 4.08196e-17 3.76544e-03 
5670.22 3.50141e-05 9.23006e-01 4.08112e-17 3.76486e-03 
5672.01 3.50299e-05 9.23100e-01 4.07406e-17 3.76162e-03 
5682.98 3.53976e-05 9.23669e-01 4.02866e-17 3.76834e-03 
5690.00 3.54649e-05 9.24031e-01 3.99765e-17 3.75254e-03 
5695.75 3.52108e-05 9.24325e-01 3.97121e-17 3.70592e-03 
5700.37 3.49267e-05 9.24560e-01 3.94924e-17 3.65959e-03 
5708.52 3.47071e-05 9.24973e-01 3.90907e-17 3.60634e-03 
5710.00 3.47536e-05 9.25048e-01 3.90159e-17 3.60549e-03 
5721.30 3.59201e-05 9.25614e-01 3.84256e-17 3.67964e-03 
5728.87 3.66374e-05 9.25990e-01 3.80125e-17 3.71921e-03 
5730.00 3.66806e-05 9.26046e-01 3.79498e-17 3.71840e-03 
5734.09 3.66546e-05 9.26247e-01 3.77199e-17 3.69669e-03 
5746.88 3.57174e-05 9.26873e-01 3.69769e-17 3.54150e-03 
5750.00 3.55531e-05 9.27025e-01 3.67908e-17 3.50994e-03 
5757.52 3.55593e-05 9.27390e-01 3.63340e-17 3.47286e-03 
5759.69 3.56247e-05 9.27495e-01 3.62000e-17 3.46812e-03 
5770.00 3.58361e-05 9.27996e-01 3.55520e-17 3.43423e-03 
5772.49 3.57774e-05 9.28116e-01 3.53926e-17 3.41515e-03 
5785.31 3.50437e-05 9.28732e-01 3.45578e-17 3.27564e-03 
5786.30 3.49928e-05 9.28780e-01 3.44920e-17 3.26539e-03 
5790.00 3.48609e-05 9.28956e-01 3.42461e-17 3.23256e-03 
5798.13 3.49495e-05 9.29341e-01 3.36992e-17 3.19482e-03 
5810.00 3.55579e-05 9.29897e-01 3.28861e-17 3.18041e-03 
5810.96 3.56077e-05 9.29942e-01 3.28199e-17 3.17913e-03 
5815.23 3.58036e-05 9.30140e-01 3.25228e-17 3.17069e-03 
5823.79 3.60091e-05 9.30535e-01 3.19233e-17 3.13604e-03 
5830.00 3.59385e-05 9.30819e-01 3.14844e-17 3.09110e-03 
5836.63 3.56413e-05 9.31121e-01 3.10125e-17 3.02399e-03 
5844.31 3.52518e-05 9.31470e-01 3.04626e-17 2.94289e-03 
5849.48 3.51325e-05 9.31704e-01 3.00905e-17 2.90040e-03 
5850.00 3.51320e-05 9.31727e-01 3.00530e-17 2.89707e-03 
5862.33 3.54212e-05 9.32282e-01 2.91605e-17 2.84184e-03 
5870.00 3.51389e-05 9.32624e-01 2.86035e-17 2.76996e-03 
5873.53 3.46946e-05 9.32780e-01 2.83464e-17 2.71245e-03 
5875.19 3.44316e-05 9.32853e-01 2.82253e-17 2.68136e-03 
5888.06 3.25491e-05 9.33417e-01 2.72877e-17 2.45740e-03 
5890.00 3.24733e-05 9.33502e-01 2.71465e-17 2.44002e-03 
5900.94 3.34833e-05 9.33975e-01 2.63503e-17 2.44790e-03 
5902.90 3.37891e-05 9.34060e-01 2.62076e-17 2.45792e-03 
5910.00 3.47342e-05 9.34366e-01 2.56921e-17 2.48077e-03 
5913.82 3.49694e-05 9.34529e-01 2.54156e-17 2.47271e-03 
5926.71 3.47411e-05 9.35079e-01 2.44860e-17 2.37327e-03 
5930.00 3.46251e-05 9.35218e-01 2.42496e-17 2.34415e-03 
5932.41 3.45689e-05 9.35320e-01 2.40766e-17 2.32486e-03 
5939.60 3.45321e-05 9.35621e-01 2.35638e-17 2.27640e-03 
5950.00 3.46428e-05 9.36053e-01 2.28271e-17 2.21720e-03 
5952.50 3.46668e-05 9.36157e-01 2.26510e-17 2.20279e-03 
5962.08 3.47024e-05 9.36550e-01 2.19810e-17 2.14417e-03 
5965.41 3.46940e-05 9.36686e-01 2.17496e-17 2.12257e-03 
5970.00 3.46653e-05 9.36873e-01 2.14321e-17 2.09188e-03 
5978.32 3.45624e-05 9.37211e-01 2.08612e-17 2.03369e-03 
5990.00 3.43043e-05 9.37684e-01 2.00710e-17 1.94682e-03 
5991.24 3.42688e-05 9.37734e-01 1.99876e-17 1.93723e-03 
5991.89 3.42500e-05 9.37760e-01 1.99446e-17 1.93226e-03 
6004.17 3.38769e-05 9.38255e-01 1.91303e-17 1.83790e-03 
6010.00 3.37408e-05 9.38489e-01 1.87496e-17 1.79628e-03 
6017.11 3.36598e-05 9.38772e-01 1.82905e-17 1.75068e-03 
6021.85 3.36627e-05 9.38960e-01 1.79875e-17 1.72353e-03 
6030.00 3.37779e-05 9.39281e-01 1.74724e-17 1.68276e-03 
6030.05 3.37790e-05 9.39283e-01 1.74694e-17 1.68254e-03 
6043.00 3.41636e-05 9.39786e-01 1.66681e-17 1.62800e-03 
6050.00 3.43237e-05 9.40055e-01 1.62434e-17 1.59626e-03 
6051.96 3.43463e-05 9.40130e-01 1.61259e-17 1.58639e-03 
6055.95 3.43579e-05 9.40282e-01 1.58875e-17 1.56475e-03 
6068.91 3.41112e-05 9.40773e-01 1.51282e-17 1.48321e-03 
6070.00 3.40728e-05 9.40814e-01 1.50655e-17 1.47573e-03 
6081.88 3.35779e-05 9.41258e-01 1.43911e-17 1.39257e-03 
6082.21 3.35646e-05 9.41270e-01 1.43723e-17 1.39030e-03 
6090.00 3.33285e-05 9.41558e-01 1.39411e-17 1.34123e-03 
6094.85 3.32757e-05 9.41736e-01 1.36765e-17 1.31497e-03 
6107.84 3.31135e-05 9.42208e-01 1.29848e-17 1.24566e-03 
6110.00 3.30248e-05 9.42286e-01 1.28719e-17 1.23205e-03 
6112.63 3.28777e-05 9.42380e-01 1.27356e-17 1.21422e-03 
6120.83 3.22883e-05 9.42672e-01 1.23164e-17 1.15511e-03 
6130.00 3.18605e-05 9.42994e-01 1.18586e-17 1.09946e-03 
6133.82 3.18895e-05 9.43127e-01 1.16715e-17 1.08392e-03 
6143.19 3.22219e-05 9.43450e-01 1.12213e-17 1.05494e-03 
6146.82 3.23003e-05 9.43574e-01 1.10500e-17 1.04212e-03 
6150.00 3.22795e-05 9.43682e-01 1.09017e-17 1.02813e-03 
6159.83 3.16780e-05 9.44013e-01 1.04520e-17 9.69235e-04 
6170.00 3.11990e-05 9.44351e-01 1.00011e-17 9.15233e-04 
6172.85 3.12719e-05 9.44445e-01 9.87748e-18 9.06538e-04 
6173.91 3.13244e-05 9.44480e-01 9.83179e-18 9.04048e-04 
6185.87 3.23766e-05 9.44872e-01 9.32615e-18 8.88446e-04 
6190.00 3.27058e-05 9.45008e-01 9.15614e-18 8.81834e-04 
6198.90 3.29651e-05 9.45307e-01 8.79781e-18 8.55538e-04 
6204.77 3.28884e-05 9.45510e-01 8.56706e-18 8.32127e-04 
6210.00 3.27396e-05 9.45696e-01 8.36576e-18 8.09738e-04 
6211.93 3.26778e-05 9.45766e-01 8.29217e-18 8.01410e-04 
6224.98 3.21645e-05 9.46245e-01 7.80885e-18 7.44780e-04 
6230.00 3.18894e-05 9.46429e-01 7.62864e-18 7.22093e-04 
6235.80 3.15151e-05 9.46640e-01 7.42467e-18 6.95337e-04 
6238.03 3.13741e-05 9.46720e-01 7.34744e-18 6.85329e-04 
6250.00 3.09943e-05 9.47138e-01 6.94316e-18 6.41291e-04 
6251.08 3.10133e-05 9.47176e-01 6.90748e-18 6.38523e-04 
6264.15 3.17874e-05 9.47616e-01 6.48847e-18 6.16333e-04 
6266.98 3.19886e-05 9.47710e-01 6.40039e-18 6.12152e-04 
6270.00 3.21732e-05 9.47810e-01 6.30743e-18 6.07098e-04 
6277.22 3.24175e-05 9.48047e-01 6.08989e-18 5.91439e-04 
6290.00 3.22443e-05 9.48463e-01 5.71943e-18 5.53860e-04 
6290.29 3.22326e-05 9.48472e-01 5.71116e-18 5.52890e-04 
6298.31 3.18360e-05 9.48730e-01 5.48856e-18 5.25614e-04 
6303.38 3.15709e-05 9.48892e-01 5.35170e-18 5.08735e-04 
6310.00 3.13155e-05 9.49102e-01 5.17695e-18 4.88763e-04 
6316.47 3.12419e-05 9.49305e-01 5.01090e-18 4.72560e-04 
6329.56 3.13896e-05 9.49713e-01 4.68814e-18 4.45324e-04 
6329.80 3.13928e-05 9.49720e-01 4.68241e-18 4.44845e-04 
6330.00 3.13954e-05 9.49726e-01 4.67772e-18 4.44452e-04 
6342.67 3.14691e-05 9.50113e-01 4.38280e-18 4.18414e-04 
6350.00 3.14281e-05 9.50335e-01 4.21939e-18 4.02849e-04 
6355.78 3.13587e-05 9.50509e-01 4.09423e-18 3.90462e-04 
6361.45 3.12906e-05 9.50680e-01 3.97444e-18 3.78620e-04 
6368.90 3.12626e-05 9.50904e-01 3.82178e-18 3.64263e-04 
6370.00 3.12689e-05 9.50937e-01 3.79961e-18 3.62297e-04 
6382.02 3.14384e-05 9.51297e-01 3.56482e-18 3.42527e-04 
6390.00 3.14157e-05 9.51534e-01 3.41599e-18 3.28481e-04 
6393.26 3.13208e-05 9.51630e-01 3.35672e-18 3.22004e-04 
6395.15 3.12463e-05 9.51686e-01 3.32270e-18 3.18095e-04 
6408.29 3.07020e-05 9.52070e-01 3.09478e-18 2.91831e-04 
6410.00 3.06706e-05 9.52119e-01 3.06618e-18 2.88930e-04 
6421.44 3.07982e-05 9.52450e-01 2.88044e-18 2.73138e-04 
6425.23 3.08802e-05 9.52560e-01 2.82112e-18 2.68414e-04 
6430.00 3.09342e-05 9.52698e-01 2.74789e-18 2.62137e-04 
6434.59 3.08962e-05 9.52830e-01 2.67905e-18 2.55474e-04 
6447.75 3.05634e-05 9.53208e-01 2.49001e-18 2.35463e-04 
6450.00 3.05202e-05 9.53272e-01 2.45888e-18 2.32287e-04 
6457.35 3.04673e-05 9.53480e-01 2.35956e-18 2.22820e-04 
6460.92 3.04647e-05 9.53580e-01 2.31271e-18 2.18521e-04 
6470.00 3.03996e-05 9.53832e-01 2.19698e-18 2.07489e-04 
6474.09 3.03026e-05 9.53945e-01 2.14659e-18 2.02233e-04 
6487.27 2.99739e-05 9.54305e-01 1.99106e-18 1.85994e-04 
6489.64 2.99674e-05 9.54370e-01 1.96417e-18 1.83523e-04 
6490.00 2.99691e-05 9.54380e-01 1.96011e-18 1.83165e-04 
6500.46 3.02463e-05 9.54665e-01 1.84557e-18 1.74390e-04 
6510.00 3.05632e-05 9.54924e-01 1.74628e-18 1.67027e-04 
6513.65 3.06118e-05 9.55023e-01 1.70960e-18 1.63887e-04 
6522.09 3.05848e-05 9.55250e-01 1.62742e-18 1.56111e-04 
6526.85 3.05353e-05 9.55377e-01 1.58263e-18 1.51699e-04 
6530.00 3.05087e-05 9.55461e-01 1.55361e-18 1.48873e-04 
6540.06 3.03787e-05 9.55727e-01 1.46415e-18 1.39957e-04 
6550.00 2.95538e-05 9.55988e-01 1.38031e-18 1.28590e-04 
6553.27 2.90058e-05 9.56073e-01 1.35369e-18 1.23844e-04 
6554.70 2.87357e-05 9.56110e-01 1.34223e-18 1.21684e-04 
6566.49 2.67771e-05 9.56414e-01 1.25078e-18 1.05889e-04 
6570.00 2.66398e-05 9.56504e-01 1.22472e-18 1.03215e-04 
6579.72 2.78391e-05 9.56752e-01 1.15500e-18 1.01898e-04 
6587.47 2.93746e-05 9.56950e-01 1.10204e-18 1.02730e-04 
6590.00 2.97698e-05 9.57014e-01 1.08524e-18 1.02573e-04 
6592.96 3.00920e-05 9.57090e-01 1.06590e-18 1.01888e-04 
6606.20 3.02397e-05 9.57426e-01 9.83084e-19 9.46560e-05 
6610.00 3.01197e-05 9.57521e-01 9.60434e-19 9.21704e-05 
6619.45 2.99309e-05 9.57756e-01 9.06171e-19 8.65625e-05 
6620.41 2.99204e-05 9.57780e-01 9.00821e-19 8.60358e-05 
6630.00 2.98726e-05 9.58014e-01 8.48923e-19 8.10867e-05 
6632.71 2.98711e-05 9.58079e-01 8.34789e-19 7.97706e-05 
6645.97 2.98247e-05 9.58398e-01 7.68589e-19 7.35018e-05 
6650.00 2.97646e-05 9.58495e-01 7.49451e-19 7.15777e-05 
6653.51 2.96852e-05 9.58580e-01 7.33142e-19 6.98764e-05 
6659.24 2.95340e-05 9.58719e-01 7.07237e-19 6.71315e-05 
6670.00 2.93877e-05 9.58981e-01 6.60851e-19 6.25357e-05 
6672.52 2.94148e-05 9.59042e-01 6.50418e-19 6.16324e-05 
6685.80 2.97110e-05 9.59366e-01 5.97834e-19 5.73533e-05 
6686.78 2.97217e-05 9.59390e-01 5.94123e-19 5.70277e-05 
6690.00 2.97248e-05 9.59468e-01 5.82051e-19 5.59062e-05 
6699.09 2.94741e-05 9.59687e-01 5.49201e-19 5.23891e-05 
6710.00 2.91340e-05 9.59948e-01 5.12070e-19 4.83753e-05 
6712.39 2.91217e-05 9.60005e-01 5.04253e-19 4.76365e-05 
6720.21 2.92272e-05 9.60190e-01 4.79443e-19 4.55184e-05 
6725.70 2.93385e-05 9.60319e-01 4.62738e-19 4.41418e-05 
6730.00 2.93855e-05 9.60420e-01 4.50006e-19 4.30280e-05 
6739.01 2.92819e-05 9.60629e-01 4.24418e-19 4.05013e-05 
6750.00 2.90369e-05 9.60883e-01 3.95040e-19 3.74532e-05 
6752.33 2.90055e-05 9.60936e-01 3.89071e-19 3.68620e-05 
6753.81 2.89911e-05 9.60970e-01 3.85301e-19 3.64961e-05 
6765.65 2.89722e-05 9.61240e-01 3.56485e-19 3.38133e-05 
6770.00 2.89760e-05 9.61338e-01 3.46423e-19 3.28877e-05 
6778.99 2.89435e-05 9.61540e-01 3.26464e-19 3.10057e-05 
6787.58 2.88577e-05 9.61730e-01 3.08389e-19 2.92450e-05 
6790.00 2.88242e-05 9.61783e-01 3.03479e-19 2.87578e-05 
6792.33 2.87885e-05 9.61834e-01 2.98822e-19 2.82926e-05 
6805.67 2.86119e-05 9.62121e-01 2.73387e-19 2.57838e-05 
6810.00 2.86056e-05 9.62214e-01 2.65592e-19 2.50616e-05 
6819.03 2.86967e-05 9.62407e-01 2.49995e-19 2.37011e-05 
6821.52 2.87237e-05 9.62460e-01 2.45846e-19 2.33394e-05 
6830.00 2.87136e-05 9.62642e-01 2.32209e-19 2.20686e-05 
6832.39 2.86641e-05 9.62693e-01 2.28496e-19 2.16870e-05 
6845.76 2.82062e-05 9.62979e-01 2.08748e-19 1.95402e-05 
6850.00 2.81090e-05 9.63070e-01 2.02828e-19 1.89342e-05 
6855.63 2.80897e-05 9.63190e-01 1.95220e-19 1.82286e-05 
6859.13 2.81254e-05 9.63265e-01 1.90617e-19 1.78320e-05 
6870.00 2.83011e-05 9.63494e-01 1.77001e-19 1.66920e-05 
6872.52 2.83263e-05 9.63547e-01 1.73982e-19 1.64288e-05 
6885.91 2.83115e-05 9.63827e-01 1.58726e-19 1.50139e-05 
6889.91 2.82764e-05 9.63910e-01 1.54422e-19 1.45985e-05 
6890.00 2.82755e-05 9.63912e-01 1.54323e-19 1.45888e-05 
6899.30 2.81756e-05 9.64104e-01 1.44743e-19 1.36560e-05 
6910.00 2.80549e-05 9.64322e-01 1.34432e-19 1.26513e-05 
6912.71 2.80270e-05 9.64376e-01 1.31935e-19 1.24095e-05 
6924.36 2.79379e-05 9.64610e-01 1.21690e-19 1.14315e-05 
6926.12 2.79305e-05 9.64645e-01 1.20207e-19 1.12925e-05 
6930.00 2.79215e-05 9.64722e-01 1.17003e-19 1.09950e-05 
6939.54 2.79505e-05 9.64909e-01 1.09475e-19 1.03144e-05 
