##### EXOPHOT SPECTRAL OVERLAP FILE #####
# Date: 02/12/2021 11:22:11
# SED file: SED_a5v.txt
# atmosphere file: atm_a5v_hzm_os1.txt
# photopigment file: phot4.txt
# Stellar radius (Rs in km): 1.183778e+06
# Exoplanet orbit semi-major axis (sma in km): 5.183426e+08
# Total absorption rate (gamma_t in s-1): 7.50713e+00
# B band absorption rate (gamma_B in s-1): 7.36150e+00
# Q band absorption rate (gamma_Q in s-1): 1.45625e-01
# B-Q bands cut-off (in nm): 500
# photosynthetic photon flux density [ppfd in micromol photon m-2 s-1]: 2.40048e+03
# Total Stellar Irradiance (S in W m-2): 1.37004e+03
# -------------------------------------------------
# Col 1: Wavelength (wl in Angstrom) 
# Col 2: Spectral Flux Density (F_l in J cm-2 s-1 A-1) 
# Col 3: Atmosphere transmitance (T, no units) 
# Col 4: Pigment absorption cross section (sigma_abs in cm-2) 
# Col 5: Spectral Absorption Rate (Gamma_lambda in A-1 s-1)
2503.42 1.47989e-05 -2.12047e-19 9.18144e-23 -3.63101e-28 
2505.00 1.31147e-05 -1.65779e-19 1.01415e-22 -2.78049e-28 
2513.00 1.06490e-05 -2.17194e-20 1.60154e-22 -4.68608e-29 
2515.76 1.08430e-05 0.00000e+00 1.86508e-22 0.00000e+00 
2516.83 1.08914e-05 5.47381e-21 1.97896e-22 1.49482e-29 
2518.00 1.08807e-05 9.77434e-21 2.11089e-22 2.84570e-29 
2525.00 9.68569e-06 9.04354e-21 3.10568e-22 3.45788e-29 
2528.34 9.31834e-06 0.00000e+00 3.72636e-22 0.00000e+00 
2530.25 9.22417e-06 -5.47278e-21 4.13317e-22 -2.65770e-29 
2535.00 9.07097e-06 -1.40686e-20 5.32120e-22 -8.66594e-29 
2540.98 8.70062e-06 0.00000e+00 7.27891e-22 0.00000e+00 
2543.69 8.67623e-06 1.91329e-20 8.37163e-22 1.77954e-28 
2545.00 8.74682e-06 2.88573e-20 8.95467e-22 2.89578e-28 
2553.68 1.00380e-05 0.00000e+00 1.38790e-21 0.00000e+00 
2555.00 1.01470e-05 -3.10591e-20 1.48180e-21 -6.00662e-28 
2557.12 1.01742e-05 -8.95100e-20 1.64576e-21 -1.92935e-27 
2565.00 9.93218e-06 -9.01847e-20 2.41169e-21 -2.78940e-27 
2566.45 1.00596e-05 0.00000e+00 2.58518e-21 0.00000e+00 
2570.57 1.07397e-05 4.01990e-19 3.14260e-21 1.75570e-26 
2575.00 1.14877e-05 6.16434e-19 3.86345e-21 3.54646e-26 
2579.28 1.17365e-05 0.00000e+00 4.70505e-21 0.00000e+00 
2584.03 1.16173e-05 -1.72164e-18 5.83323e-21 -1.51767e-25 
2585.00 1.15740e-05 -2.01573e-18 6.09350e-21 -1.84997e-25 
2592.18 1.12587e-05 0.00000e+00 8.36990e-21 0.00000e+00 
2595.00 1.11219e-05 3.76788e-18 9.46211e-21 5.17995e-25 
2597.49 1.09845e-05 7.11744e-18 1.05328e-20 1.07678e-24 
2605.00 1.03505e-05 5.54569e-19 1.44720e-20 1.08937e-25 
2605.14 1.03339e-05 0.00000e+00 1.45576e-20 0.00000e+00 
2610.96 9.70005e-06 -2.86613e-17 1.85144e-20 -6.76555e-24 
2615.00 9.76204e-06 -2.94997e-17 2.18126e-20 -8.26916e-24 
2618.17 1.03367e-05 0.00000e+00 2.47632e-20 0.00000e+00 
2624.44 1.17741e-05 1.13154e-16 3.17034e-20 5.58039e-23 
2625.00 1.18524e-05 1.18906e-16 3.24056e-20 6.03507e-23 
2631.26 1.20340e-05 0.00000e+00 4.12098e-20 0.00000e+00 
2635.00 1.22615e-05 -2.67015e-16 4.74597e-20 -2.06115e-22 
2637.92 1.28795e-05 -4.40113e-16 5.29206e-20 -3.98358e-22 
2644.41 1.48095e-05 0.00000e+00 6.71120e-20 0.00000e+00 
2645.00 1.49564e-05 1.31646e-16 6.85478e-20 1.79712e-22 
2651.42 1.56665e-05 1.69289e-15 8.61697e-20 3.05039e-21 
2655.00 1.52479e-05 1.41342e-15 9.76731e-20 2.81347e-21 
2657.64 1.45591e-05 0.00000e+00 1.06988e-19 0.00000e+00 
2664.92 1.27306e-05 -6.45914e-15 1.36953e-19 -1.51079e-20 
2665.00 1.27237e-05 -6.48633e-15 1.37330e-19 -1.52055e-20 
2670.92 1.32186e-05 0.00000e+00 1.67006e-19 0.00000e+00 
2675.00 1.39263e-05 1.52611e-14 1.90572e-19 5.45414e-20 
2678.43 1.41933e-05 2.45039e-14 2.12593e-19 9.96944e-20 
2684.28 1.39054e-05 0.00000e+00 2.55339e-19 0.00000e+00 
2685.00 1.38186e-05 -8.59412e-15 2.61092e-19 -4.19109e-20 
2691.94 1.28600e-05 -9.25953e-14 3.22514e-19 -5.20435e-19 
2695.00 1.27012e-05 -7.55347e-14 3.53255e-19 -4.59793e-19 
2697.70 1.28464e-05 0.00000e+00 3.82487e-19 0.00000e+00 
2705.00 1.34281e-05 3.41651e-13 4.72106e-19 2.94936e-18 
2705.47 1.34170e-05 3.48951e-13 4.78437e-19 3.05077e-18 
2711.19 1.27288e-05 0.00000e+00 5.61505e-19 0.00000e+00 
2715.00 1.21493e-05 -7.45491e-13 6.23377e-19 -7.71683e-18 
2719.00 1.18885e-05 -1.31233e-12 6.94428e-19 -1.48296e-17 
2724.74 1.23714e-05 0.00000e+00 8.08072e-19 0.00000e+00 
2725.00 1.24188e-05 1.51399e-13 8.13462e-19 2.09812e-18 
2732.54 1.38396e-05 4.92554e-12 9.86732e-19 9.25263e-17 
2735.00 1.37012e-05 4.46615e-12 1.04930e-18 8.84037e-17 
2738.37 1.26249e-05 0.00000e+00 1.14032e-18 0.00000e+00 
2745.00 1.00317e-05 -1.71225e-11 1.33823e-18 -3.17643e-16 
2746.09 9.86876e-06 -1.84412e-11 1.37333e-18 -3.45515e-16 
2752.06 1.03693e-05 0.00000e+00 1.57834e-18 0.00000e+00 
2755.00 1.08739e-05 2.94998e-11 1.68787e-18 7.50906e-16 
2759.65 1.12546e-05 6.88040e-11 1.87321e-18 2.01514e-15 
2765.00 1.16100e-05 2.22203e-11 2.10579e-18 7.56166e-16 
2765.82 1.17156e-05 0.00000e+00 2.14334e-18 0.00000e+00 
2773.21 1.30554e-05 -2.55431e-10 2.50526e-18 -1.16633e-14 
2775.00 1.33236e-05 -2.62035e-10 2.59928e-18 -1.26772e-14 
2779.65 1.35029e-05 0.00000e+00 2.85639e-18 0.00000e+00 
2785.00 1.20892e-05 7.61920e-10 3.17502e-18 4.10016e-14 
2786.79 1.10926e-05 9.41713e-10 3.28696e-18 4.81697e-14 
2793.55 6.75031e-06 0.00000e+00 3.73673e-18 0.00000e+00 
2795.00 6.13155e-06 -7.04667e-10 3.83874e-18 -2.33371e-14 
2800.37 5.87919e-06 -3.43944e-09 4.23274e-18 -1.20660e-13 
2805.00 7.73666e-06 -2.82336e-09 4.59476e-18 -1.41722e-13 
2807.52 9.28798e-06 0.00000e+00 4.79985e-18 0.00000e+00 
2813.95 1.33284e-05 1.24077e-08 5.35231e-18 1.25386e-12 
2815.00 1.38034e-05 1.35628e-08 5.44575e-18 1.44475e-12 
2821.55 1.49875e-05 0.00000e+00 6.05535e-18 0.00000e+00 
2825.00 1.48558e-05 -2.56593e-08 6.39234e-18 -3.46533e-12 
2827.55 1.46612e-05 -4.40497e-08 6.64894e-18 -6.11220e-12 
2835.00 1.40562e-05 -1.34308e-08 7.43278e-18 -2.00260e-12 
2835.66 1.40157e-05 0.00000e+00 7.50477e-18 0.00000e+00 
2841.16 1.37031e-05 1.53189e-07 8.11805e-18 2.43733e-11 
2845.00 1.33128e-05 1.97414e-07 8.56272e-18 3.22304e-11 
2849.84 1.25255e-05 0.00000e+00 9.13970e-18 0.00000e+00 
2854.77 1.21936e-05 -5.18636e-07 9.74604e-18 -8.85758e-11 
2855.00 1.22075e-05 -5.41742e-07 9.77512e-18 -9.29117e-11 
2864.09 1.39695e-05 0.00000e+00 1.09404e-17 0.00000e+00 
2865.00 1.40849e-05 3.12289e-07 1.10602e-17 7.01650e-11 
2868.39 1.41521e-05 1.96499e-06 1.15098e-17 4.62178e-10 
2875.00 1.36899e-05 6.90266e-06 1.24053e-17 1.69662e-09 
2878.41 1.37352e-05 1.00000e-05 1.28749e-17 2.56246e-09 
2882.02 1.38995e-05 1.35505e-05 1.33767e-17 3.65530e-09 
2885.00 1.39067e-05 1.69621e-05 1.37953e-17 4.72615e-09 
2892.80 1.31709e-05 3.00000e-05 1.48997e-17 8.57349e-09 
2895.00 1.30927e-05 3.53024e-05 1.52128e-17 1.02475e-08 
2895.65 1.31056e-05 3.70895e-05 1.53057e-17 1.08450e-08 
2907.27 1.49531e-05 1.00000e-04 1.69604e-17 3.71172e-08 
2909.30 1.52742e-05 1.19914e-04 1.72483e-17 4.62683e-08 
2910.00 1.53634e-05 1.27742e-04 1.73480e-17 4.98754e-08 
2921.80 1.52742e-05 3.70000e-04 1.89944e-17 1.57892e-07 
2922.95 1.51701e-05 4.08536e-04 1.91513e-17 1.74646e-07 
2930.00 1.45243e-05 7.19424e-04 2.01002e-17 3.09792e-07 
2936.41 1.42285e-05 1.12000e-03 2.09340e-17 4.93139e-07 
2936.61 1.42244e-05 1.13420e-03 2.09591e-17 4.99879e-07 
2950.00 1.43975e-05 2.64423e-03 2.25853e-17 1.27690e-06 
2950.28 1.44068e-05 2.69219e-03 2.26168e-17 1.30284e-06 
2951.09 1.44347e-05 2.84000e-03 2.27100e-17 1.38309e-06 
2963.95 1.48877e-05 6.34153e-03 2.40732e-17 3.39116e-06 
2965.85 1.49417e-05 7.06000e-03 2.42566e-17 3.82038e-06 
2970.00 1.50323e-05 8.83134e-03 2.46410e-17 4.89091e-06 
2977.64 1.50914e-05 1.28613e-02 2.52835e-17 7.35606e-06 
2980.68 1.50928e-05 1.47700e-02 2.55153e-17 8.53473e-06 
2990.00 1.51160e-05 2.18187e-02 2.61352e-17 1.29743e-05 
2991.33 1.51296e-05 2.29803e-02 2.62121e-17 1.37237e-05 
2995.58 1.51921e-05 2.69900e-02 2.64389e-17 1.63481e-05 
3005.03 1.53579e-05 3.75656e-02 2.68342e-17 2.34197e-05 
3010.00 1.54070e-05 4.41279e-02 2.69813e-17 2.77961e-05 
3010.56 1.54091e-05 4.49100e-02 2.69951e-17 2.83123e-05 
3018.74 1.53670e-05 5.72513e-02 2.71374e-17 3.62819e-05 
3025.61 1.52775e-05 6.83900e-02 2.71690e-17 4.32368e-05 
3030.00 1.52244e-05 7.56218e-02 2.71479e-17 4.76749e-05 
3032.45 1.52028e-05 7.97666e-02 2.71223e-17 5.02096e-05 
3040.74 1.51698e-05 9.50800e-02 2.69641e-17 5.95330e-05 
3046.18 1.51710e-05 1.06677e-01 2.68023e-17 6.65175e-05 
3050.00 1.51769e-05 1.15375e-01 2.66621e-17 7.16821e-05 
3055.94 1.51907e-05 1.29180e-01 2.64029e-17 7.97064e-05 
3059.91 1.52079e-05 1.38263e-01 2.62034e-17 8.48724e-05 
3070.00 1.53131e-05 1.60455e-01 2.56069e-17 9.72376e-05 
3071.22 1.53341e-05 1.63040e-01 2.55266e-17 9.86688e-05 
3073.65 1.53801e-05 1.68107e-01 2.53627e-17 1.01465e-04 
3086.58 1.55812e-05 1.96700e-01 2.43934e-17 1.16166e-04 
3087.40 1.55835e-05 1.98759e-01 2.43274e-17 1.17113e-04 
3090.00 1.55765e-05 2.05553e-01 2.41139e-17 1.20100e-04 
3101.15 1.53273e-05 2.34672e-01 2.31536e-17 1.30015e-04 
3102.01 1.53003e-05 2.36650e-01 2.30771e-17 1.30483e-04 
3110.00 1.50644e-05 2.52375e-01 2.23550e-17 1.33062e-04 
3114.92 1.49697e-05 2.60980e-01 2.19046e-17 1.34191e-04 
3117.52 1.49397e-05 2.65670e-01 2.16654e-17 1.34954e-04 
3128.69 1.49681e-05 2.88259e-01 2.06503e-17 1.40333e-04 
3130.00 1.49879e-05 2.91051e-01 2.05334e-17 1.41136e-04 
3133.11 1.50479e-05 2.97670e-01 2.02590e-17 1.43129e-04 
3142.47 1.52935e-05 3.17098e-01 1.94663e-17 1.49341e-04 
3148.77 1.54612e-05 3.29680e-01 1.89701e-17 1.53274e-04 
3150.00 1.54895e-05 3.32073e-01 1.88781e-17 1.53980e-04 
3156.26 1.55939e-05 3.43907e-01 1.84335e-17 1.57072e-04 
3164.52 1.55683e-05 3.57910e-01 1.79231e-17 1.59096e-04 
3170.00 1.54013e-05 3.65832e-01 1.76410e-17 1.58615e-04 
3170.06 1.53989e-05 3.65907e-01 1.76384e-17 1.58602e-04 
3180.34 1.48010e-05 3.79000e-01 1.72550e-17 1.54968e-04 
3183.86 1.46088e-05 3.83398e-01 1.71731e-17 1.54166e-04 
3190.00 1.44275e-05 3.91624e-01 1.70976e-17 1.55135e-04 
3196.24 1.45247e-05 4.01450e-01 1.71169e-17 1.60593e-04 
3197.67 1.45737e-05 4.03991e-01 1.71360e-17 1.62409e-04 
3210.00 1.49197e-05 4.24482e-01 1.75500e-17 1.79608e-04 
3211.49 1.49077e-05 4.25996e-01 1.76328e-17 1.81037e-04 
3212.22 1.48957e-05 4.26600e-01 1.76759e-17 1.81633e-04 
3225.32 1.43734e-05 4.29977e-01 1.87762e-17 1.88413e-04 
3228.29 1.42805e-05 4.31990e-01 1.91165e-17 1.91655e-04 
3230.00 1.42498e-05 4.33902e-01 1.93299e-17 1.94338e-04 
3239.16 1.43894e-05 4.49905e-01 2.06868e-17 2.18380e-04 
3244.43 1.46013e-05 4.59140e-01 2.16414e-17 2.36964e-04 
3250.00 1.48276e-05 4.65515e-01 2.28006e-17 2.57488e-04 
3253.01 1.49231e-05 4.67707e-01 2.34924e-17 2.68516e-04 
3260.65 1.50762e-05 4.71340e-01 2.54720e-17 2.97110e-04 
3266.86 1.51330e-05 4.74246e-01 2.73270e-17 3.22534e-04 
3270.00 1.51481e-05 4.76153e-01 2.83529e-17 3.36645e-04 
3276.95 1.51689e-05 4.82240e-01 3.08454e-17 3.72222e-04 
3280.72 1.51818e-05 4.86856e-01 3.23291e-17 3.94649e-04 
3290.00 1.52555e-05 4.98351e-01 3.63967e-17 4.58291e-04 
3293.34 1.53051e-05 5.00990e-01 3.80104e-17 4.83201e-04 
3294.59 1.53261e-05 5.01609e-01 3.86388e-17 4.92659e-04 
3308.47 1.54972e-05 5.03249e-01 4.63945e-17 6.02635e-04 
3309.80 1.54955e-05 5.03850e-01 4.72202e-17 6.14269e-04 
3310.00 1.54948e-05 5.03958e-01 4.73430e-17 6.16008e-04 
3322.36 1.52857e-05 5.16290e-01 5.57281e-17 7.35567e-04 
3326.35 1.51906e-05 5.19800e-01 5.87222e-17 7.76433e-04 
3330.00 1.51135e-05 5.21584e-01 6.15799e-17 8.13761e-04 
3336.25 1.50228e-05 5.22718e-01 6.67599e-17 8.80473e-04 
3342.98 1.49640e-05 5.24330e-01 7.27449e-17 9.60537e-04 
3350.00 1.49112e-05 5.29210e-01 7.94398e-17 1.05718e-03 
3350.15 1.49099e-05 5.29341e-01 7.95927e-17 1.05943e-03 
3359.70 1.48129e-05 5.36610e-01 8.94826e-17 1.20299e-03 
3364.07 1.47709e-05 5.38143e-01 9.43057e-17 1.26949e-03 
3370.00 1.47323e-05 5.38979e-01 1.01165e-16 1.36278e-03 
3376.50 1.47269e-05 5.40380e-01 1.09078e-16 1.47550e-03 
3377.98 1.47304e-05 5.41022e-01 1.10948e-16 1.50360e-03 
3390.00 1.47943e-05 5.49040e-01 1.26869e-16 1.75863e-03 
3391.91 1.48068e-05 5.50279e-01 1.29535e-16 1.80218e-03 
3393.38 1.48165e-05 5.51130e-01 1.31605e-16 1.83581e-03 
3405.85 1.48999e-05 5.55452e-01 1.50037e-16 2.12900e-03 
3410.00 1.49290e-05 5.56743e-01 1.56504e-16 2.23299e-03 
3410.35 1.49314e-05 5.56870e-01 1.57052e-16 2.24192e-03 
3419.79 1.49948e-05 5.61275e-01 1.72383e-16 2.49766e-03 
3427.40 1.50240e-05 5.64840e-01 1.85304e-16 2.71321e-03 
3430.00 1.50258e-05 5.65773e-01 1.89834e-16 2.78658e-03 
3433.74 1.50193e-05 5.66890e-01 1.96453e-16 2.89132e-03 
3444.54 1.49537e-05 5.70090e-01 2.16135e-16 3.19500e-03 
3447.70 1.49257e-05 5.71424e-01 2.22075e-16 3.28735e-03 
3450.00 1.49040e-05 5.72515e-01 2.26421e-16 3.35543e-03 
3461.67 1.47870e-05 5.78441e-01 2.49031e-16 3.71195e-03 
3461.76 1.47861e-05 5.78480e-01 2.49199e-16 3.71458e-03 
3470.00 1.47050e-05 5.81781e-01 2.65618e-16 3.96950e-03 
3475.65 1.46569e-05 5.83747e-01 2.77054e-16 4.14755e-03 
3479.07 1.46370e-05 5.84950e-01 2.84031e-16 4.25915e-03 
3489.64 1.46629e-05 5.89005e-01 3.05835e-16 4.64011e-03 
3490.00 1.46670e-05 5.89147e-01 3.06591e-16 4.65450e-03 
3496.46 1.47723e-05 5.91590e-01 3.20050e-16 4.92311e-03 
3503.63 1.49060e-05 5.94029e-01 3.35026e-16 5.23225e-03 
3510.00 1.49706e-05 5.96091e-01 3.48344e-16 5.49277e-03 
3513.95 1.49623e-05 5.97400e-01 3.56577e-16 5.63812e-03 
3517.63 1.49319e-05 5.98682e-01 3.64250e-16 5.76614e-03 
3530.00 1.48861e-05 6.03192e-01 3.89763e-16 6.21922e-03 
3531.51 1.49060e-05 6.03740e-01 3.92853e-16 6.28530e-03 
3531.64 1.49080e-05 6.03785e-01 3.93110e-16 6.29096e-03 
3545.66 1.52054e-05 6.08613e-01 4.21198e-16 6.95739e-03 
3549.17 1.52210e-05 6.09770e-01 4.28064e-16 7.09854e-03 
3550.00 1.52162e-05 6.10040e-01 4.29670e-16 7.12775e-03 
3559.69 1.49498e-05 6.13133e-01 4.48102e-16 7.36041e-03 
3566.92 1.46622e-05 6.15330e-01 4.61375e-16 7.47443e-03 
3570.00 1.45651e-05 6.16229e-01 4.66888e-16 7.53111e-03 
3573.72 1.44892e-05 6.17281e-01 4.73425e-16 7.61765e-03 
3584.75 1.44478e-05 6.20150e-01 4.91960e-16 7.95446e-03 
3587.76 1.44562e-05 6.20864e-01 4.96786e-16 8.05315e-03 
3590.00 1.44607e-05 6.21385e-01 5.00299e-16 8.12451e-03 
3601.82 1.44549e-05 6.24418e-01 5.17838e-16 8.47477e-03 
3602.68 1.44560e-05 6.24680e-01 5.19044e-16 8.50077e-03 
3610.00 1.45019e-05 6.27208e-01 5.28904e-16 8.74266e-03 
3615.88 1.45932e-05 6.29535e-01 5.36270e-16 8.96787e-03 
3620.69 1.46629e-05 6.31560e-01 5.41927e-16 9.14721e-03 
3629.94 1.46178e-05 6.35529e-01 5.51820e-16 9.36780e-03 
3630.00 1.46163e-05 6.35553e-01 5.51875e-16 9.36830e-03 
3638.79 1.44020e-05 6.39100e-01 5.60025e-16 9.44233e-03 
3640.00 1.44176e-05 6.39550e-01 5.61046e-16 9.47962e-03 
3644.02 1.46031e-05 6.40980e-01 5.64280e-16 9.68920e-03 
3650.00 1.50038e-05 6.42959e-01 5.68595e-16 1.00787e-02 
3656.99 1.52046e-05 6.45160e-01 5.72885e-16 1.03456e-02 
3658.11 1.52062e-05 6.45510e-01 5.73496e-16 1.03666e-02 
3670.00 1.48859e-05 6.49237e-01 5.78680e-16 1.03325e-02 
3672.20 1.47873e-05 6.49921e-01 5.79376e-16 1.02934e-02 
3675.27 1.46461e-05 6.50870e-01 5.80211e-16 1.02333e-02 
3686.30 1.42659e-05 6.54213e-01 5.81890e-16 1.00780e-02 
3690.00 1.42441e-05 6.55320e-01 5.81993e-16 1.00915e-02 
3693.65 1.42975e-05 6.56410e-01 5.81872e-16 1.01541e-02 
3700.41 1.45071e-05 6.58428e-01 5.81063e-16 1.03391e-02 
3710.00 1.47080e-05 6.61276e-01 5.78636e-16 1.05109e-02 
3712.12 1.46902e-05 6.61900e-01 5.77902e-16 1.05007e-02 
3714.53 1.46475e-05 6.62610e-01 5.76979e-16 1.04715e-02 
3728.66 1.48387e-05 6.66718e-01 5.69774e-16 1.05808e-02 
3730.00 1.49743e-05 6.67105e-01 5.68934e-16 1.06717e-02 
3730.68 1.50550e-05 6.67300e-01 5.68500e-16 1.07262e-02 
3742.79 1.73142e-05 6.70763e-01 5.59631e-16 1.22460e-02 
3749.33 1.84869e-05 6.72600e-01 5.54008e-16 1.30021e-02 
3750.00 1.85778e-05 6.72786e-01 5.53401e-16 1.30577e-02 
3756.94 1.91667e-05 6.74691e-01 5.46771e-16 1.33726e-02 
3768.08 1.97055e-05 6.77570e-01 5.34902e-16 1.35475e-02 
3770.00 1.98743e-05 6.78035e-01 5.32710e-16 1.36238e-02 
3771.09 1.99913e-05 6.78293e-01 5.31450e-16 1.36808e-02 
3785.25 2.28704e-05 6.81460e-01 5.13949e-16 1.52634e-02 
3786.92 2.33619e-05 6.81820e-01 5.11758e-16 1.55400e-02 
3790.00 2.43461e-05 6.82486e-01 5.07644e-16 1.60933e-02 
3799.42 2.74619e-05 6.84640e-01 4.94565e-16 1.77851e-02 
3805.85 2.86222e-05 6.86340e-01 4.85230e-16 1.82627e-02 
3810.00 2.84524e-05 6.87582e-01 4.79055e-16 1.79753e-02 
3813.60 2.75748e-05 6.88733e-01 4.73607e-16 1.72679e-02 
3824.88 2.33115e-05 6.92490e-01 4.56017e-16 1.41744e-02 
3827.78 2.26510e-05 6.93427e-01 4.51386e-16 1.36618e-02 
3830.00 2.24712e-05 6.94127e-01 4.47821e-16 1.34677e-02 
3841.98 2.65102e-05 6.97695e-01 4.28211e-16 1.53184e-02 
3844.01 2.77364e-05 6.98270e-01 4.24839e-16 1.59223e-02 
3850.00 3.16237e-05 6.99928e-01 4.14810e-16 1.77950e-02 
3856.18 3.52695e-05 7.01586e-01 4.04379e-16 1.94245e-02 
3863.23 3.74316e-05 7.03430e-01 3.92406e-16 2.00941e-02 
3870.00 3.58291e-05 7.05172e-01 3.80844e-16 1.87462e-02 
3870.39 3.55905e-05 7.05272e-01 3.80174e-16 1.85931e-02 
3882.54 2.41998e-05 7.08340e-01 3.59395e-16 1.20411e-02 
3884.61 2.25400e-05 7.08857e-01 3.55861e-16 1.11189e-02 
3890.00 2.05252e-05 7.10198e-01 3.46674e-16 9.89602e-03 
3898.84 2.59552e-05 7.12378e-01 3.31681e-16 1.20369e-02 
3901.96 2.91500e-05 7.13140e-01 3.26430e-16 1.33293e-02 
3910.00 3.57938e-05 7.15096e-01 3.12963e-16 1.57676e-02 
3913.08 3.65796e-05 7.15840e-01 3.07854e-16 1.58796e-02 
3921.46 3.48281e-05 7.17860e-01 2.94065e-16 1.45139e-02 
3927.32 3.29747e-05 7.19268e-01 2.84570e-16 1.33438e-02 
3930.00 3.26902e-05 7.19912e-01 2.80269e-16 1.30493e-02 
3941.07 3.57266e-05 7.22590e-01 2.62779e-16 1.34590e-02 
3941.58 3.58769e-05 7.22713e-01 2.61994e-16 1.34793e-02 
3950.00 3.56292e-05 7.24758e-01 2.49049e-16 1.27880e-02 
3955.84 3.09348e-05 7.26127e-01 2.40264e-16 1.07476e-02 
3960.78 2.55731e-05 7.27220e-01 2.32961e-16 8.63847e-03 
3970.00 1.90904e-05 7.29090e-01 2.19648e-16 6.10994e-03 
3970.11 1.90798e-05 7.29112e-01 2.19492e-16 6.10255e-03 
3980.58 2.53538e-05 7.31240e-01 2.04917e-16 7.61290e-03 
3984.39 2.94984e-05 7.32087e-01 1.99762e-16 8.65287e-03 
3990.00 3.51146e-05 7.33406e-01 1.92313e-16 9.94805e-03 
3998.68 3.96377e-05 7.35520e-01 1.81138e-16 1.06305e-02 
4000.48 4.00412e-05 7.35960e-01 1.78865e-16 1.06150e-02 
4010.00 4.06538e-05 7.38226e-01 1.67199e-16 1.01296e-02 
4012.97 4.06855e-05 7.38920e-01 1.63660e-16 9.93958e-03 
4020.49 4.07970e-05 7.40650e-01 1.54945e-16 9.47594e-03 
4027.28 4.08687e-05 7.42195e-01 1.47347e-16 9.06118e-03 
4030.00 4.08719e-05 7.42808e-01 1.44378e-16 8.89262e-03 
4040.59 4.06901e-05 7.45170e-01 1.33226e-16 8.21680e-03 
4041.59 4.06582e-05 7.45391e-01 1.32203e-16 8.15172e-03 
4050.00 4.03063e-05 7.47230e-01 1.23852e-16 7.60519e-03 
4055.92 3.99485e-05 7.48507e-01 1.18215e-16 7.21742e-03 
4060.79 3.94770e-05 7.49550e-01 1.13714e-16 6.87847e-03 
4070.00 3.77701e-05 7.51495e-01 1.05570e-16 6.13948e-03 
4070.25 3.77049e-05 7.51547e-01 1.05358e-16 6.11741e-03 
4081.10 3.37382e-05 7.53810e-01 9.63597e-17 5.03476e-03 
4084.59 3.20500e-05 7.54533e-01 9.35966e-17 4.65412e-03 
4090.00 2.90878e-05 7.55652e-01 8.94329e-17 4.04740e-03 
4098.93 2.40262e-05 7.57486e-01 8.28849e-17 3.11265e-03 
4101.50 2.29336e-05 7.58010e-01 8.10753e-17 2.91005e-03 
4110.00 2.21786e-05 7.59737e-01 7.53121e-17 2.62560e-03 
4113.29 2.34915e-05 7.60404e-01 7.31719e-17 2.70653e-03 
4122.01 2.98477e-05 7.62170e-01 6.77395e-17 3.19769e-03 
4127.66 3.42547e-05 7.63315e-01 6.44015e-17 3.49903e-03 
4130.00 3.57280e-05 7.63787e-01 6.30561e-17 3.57751e-03 
4142.03 3.87311e-05 7.66130e-01 5.65144e-17 3.49669e-03 
4142.62 3.87447e-05 7.66240e-01 5.62089e-17 3.48001e-03 
4150.00 3.85777e-05 7.67572e-01 5.25010e-17 3.24784e-03 
4156.41 3.85156e-05 7.68700e-01 4.94494e-17 3.06335e-03 
4163.33 3.86021e-05 7.69940e-01 4.63261e-17 2.88574e-03 
4170.00 3.86538e-05 7.71193e-01 4.34776e-17 2.72069e-03 
4170.80 3.86493e-05 7.71347e-01 4.31448e-17 2.70061e-03 
4184.15 3.83388e-05 7.73960e-01 3.79273e-17 2.37050e-03 
4185.20 3.83128e-05 7.74167e-01 3.75395e-17 2.34589e-03 
4190.00 3.82330e-05 7.75104e-01 3.58178e-17 2.23890e-03 
4199.61 3.82717e-05 7.76959e-01 3.25737e-17 2.04775e-03 
4205.07 3.82765e-05 7.78000e-01 3.08483e-17 1.94464e-03 
4210.00 3.81711e-05 7.78932e-01 2.93592e-17 1.85005e-03 
4214.03 3.79724e-05 7.79688e-01 2.81897e-17 1.77052e-03 
4226.10 3.71966e-05 7.81910e-01 2.49293e-17 1.54253e-03 
4228.45 3.70973e-05 7.82337e-01 2.43323e-17 1.50322e-03 
4230.00 3.70543e-05 7.82614e-01 2.39482e-17 1.47885e-03 
4242.89 3.71619e-05 7.84890e-01 2.09494e-17 1.30516e-03 
4247.23 3.71598e-05 7.85640e-01 2.00186e-17 1.24957e-03 
4250.00 3.70839e-05 7.86116e-01 1.94428e-17 1.21267e-03 
4257.33 3.65658e-05 7.87368e-01 1.79919e-17 1.11017e-03 
4268.46 3.56500e-05 7.89280e-01 1.59753e-17 9.65908e-04 
4270.00 3.55832e-05 7.89548e-01 1.57133e-17 9.48946e-04 
4271.78 3.55374e-05 7.89860e-01 1.54143e-17 9.30448e-04 
4286.24 3.56643e-05 7.92414e-01 1.31746e-17 8.03381e-04 
4289.80 3.55800e-05 7.93040e-01 1.26707e-17 7.72083e-04 
4290.00 3.55714e-05 7.93074e-01 1.26435e-17 7.70305e-04 
4300.71 3.43688e-05 7.94926e-01 1.12341e-17 6.64494e-04 
4310.00 3.21386e-05 7.96492e-01 1.01304e-17 5.62644e-04 
4311.25 3.17516e-05 7.96700e-01 9.98931e-18 5.48432e-04 
4315.19 3.04158e-05 7.97350e-01 9.55758e-18 5.03523e-04 
4329.68 2.45699e-05 7.99710e-01 8.11318e-18 3.47461e-04 
4330.00 2.44341e-05 7.99763e-01 8.08354e-18 3.44326e-04 
4332.81 2.32650e-05 8.00220e-01 7.82878e-18 3.17906e-04 
4344.17 2.01992e-05 8.02078e-01 6.87209e-18 2.43484e-04 
4350.00 2.08186e-05 8.03027e-01 6.42479e-18 2.35208e-04 
4354.47 2.27315e-05 8.03750e-01 6.09988e-18 2.44303e-04 
4358.68 2.53032e-05 8.04422e-01 5.80847e-18 2.59417e-04 
4370.00 3.22211e-05 8.06189e-01 5.08696e-18 2.90696e-04 
4373.19 3.33009e-05 8.06673e-01 4.89926e-18 2.89738e-04 
4376.25 3.38886e-05 8.07130e-01 4.72565e-18 2.84763e-04 
4387.71 3.38207e-05 8.08787e-01 4.12397e-18 2.49169e-04 
4390.00 3.36675e-05 8.09107e-01 4.01288e-18 2.41580e-04 
4398.13 3.34136e-05 8.10220e-01 3.64047e-18 2.18210e-04 
4402.24 3.33993e-05 8.10766e-01 3.46448e-18 2.07907e-04 
4410.00 3.33921e-05 8.11705e-01 3.15435e-18 1.89807e-04 
4416.78 3.32719e-05 8.12345e-01 2.90481e-18 1.74568e-04 
4420.12 3.31921e-05 8.12570e-01 2.78903e-18 1.67381e-04 
4430.00 3.30592e-05 8.12944e-01 2.47103e-18 1.48101e-04 
4431.33 3.30681e-05 8.12988e-01 2.43094e-18 1.45789e-04 
4442.22 3.33363e-05 8.13660e-01 2.12517e-18 1.28907e-04 
4445.89 3.34456e-05 8.14115e-01 2.03061e-18 1.23747e-04 
4450.00 3.35377e-05 8.14767e-01 1.92936e-18 1.18103e-04 
4460.45 3.35311e-05 8.16850e-01 1.69316e-18 1.04134e-04 
4464.43 3.34497e-05 8.17710e-01 1.61074e-18 9.90163e-05 
4470.00 3.32805e-05 8.18897e-01 1.50167e-18 9.20926e-05 
4475.03 3.30919e-05 8.19939e-01 1.40932e-18 8.61456e-05 
4486.75 3.27912e-05 8.22240e-01 1.21451e-18 7.39629e-05 
4489.61 3.28037e-05 8.22769e-01 1.17107e-18 7.14358e-05 
4490.00 3.28093e-05 8.22840e-01 1.16526e-18 7.11059e-05 
4504.20 3.33321e-05 8.25278e-01 9.71501e-19 6.05964e-05 
4509.19 3.34191e-05 8.26070e-01 9.11142e-19 5.70979e-05 
4510.00 3.34163e-05 8.26197e-01 9.01620e-19 5.65153e-05 
4518.80 3.30737e-05 8.27519e-01 8.04668e-19 5.00984e-05 
4530.00 3.22554e-05 8.29103e-01 6.95751e-19 4.24313e-05 
4531.73 3.21370e-05 8.29340e-01 6.80236e-19 4.13604e-05 
4533.41 3.20305e-05 8.29569e-01 6.65483e-19 4.03554e-05 
4548.03 3.16196e-05 8.31485e-01 5.49596e-19 3.30827e-05 
4550.00 3.16574e-05 8.31731e-01 5.35563e-19 3.23000e-05 
4554.39 3.18273e-05 8.32270e-01 5.05516e-19 3.07010e-05 
4562.66 3.22482e-05 8.33243e-01 4.53300e-19 2.79772e-05 
4570.00 3.23838e-05 8.34069e-01 4.11360e-19 2.55618e-05 
4577.16 3.20632e-05 8.34850e-01 3.74106e-19 2.30744e-05 
4577.29 3.20544e-05 8.34864e-01 3.73447e-19 2.30285e-05 
4590.00 3.13243e-05 8.36220e-01 3.15412e-19 1.90905e-05 
4591.94 3.13059e-05 8.36428e-01 3.07370e-19 1.86053e-05 
4600.05 3.14999e-05 8.37310e-01 2.75885e-19 1.68503e-05 
4606.59 3.17109e-05 8.38048e-01 2.52814e-19 1.55805e-05 
4610.00 3.17383e-05 8.38443e-01 2.41577e-19 1.49189e-05 
4621.26 3.12736e-05 8.39805e-01 2.07882e-19 1.27015e-05 
4623.05 3.11671e-05 8.40030e-01 2.02973e-19 1.23675e-05 
4630.00 3.08322e-05 8.40925e-01 1.85009e-19 1.11804e-05 
4635.93 3.07517e-05 8.41705e-01 1.70977e-19 1.03282e-05 
4646.16 3.08972e-05 8.43050e-01 1.49274e-19 9.09439e-06 
4650.00 3.09628e-05 8.43544e-01 1.41896e-19 8.67550e-06 
4650.61 3.09708e-05 8.43621e-01 1.40762e-19 8.61027e-06 
4665.30 3.08955e-05 8.45270e-01 1.16120e-19 7.12197e-06 
4669.39 3.07794e-05 8.45620e-01 1.10115e-19 6.73699e-06 
4670.00 3.07586e-05 8.45666e-01 1.09256e-19 6.68112e-06 
4680.00 3.02846e-05 8.46264e-01 9.61217e-20 5.80387e-06 
4690.00 2.95919e-05 8.46712e-01 8.47716e-20 5.01481e-06 
4692.74 2.93713e-05 8.46840e-01 8.19471e-20 4.81513e-06 
4694.70 2.92123e-05 8.46938e-01 7.99947e-20 4.67746e-06 
4709.42 2.84899e-05 8.47852e-01 6.71005e-20 3.84262e-06 
4710.00 2.84944e-05 8.47894e-01 6.66511e-20 3.81815e-06 
4716.20 2.87314e-05 8.48370e-01 6.20979e-20 3.59365e-06 
4724.15 2.92865e-05 8.49014e-01 5.69136e-20 3.36547e-06 
4730.00 2.96284e-05 8.49421e-01 5.35182e-20 3.20713e-06 
4738.88 2.97365e-05 8.49737e-01 4.90032e-20 2.95391e-06 
4739.79 2.97246e-05 8.49740e-01 4.85830e-20 2.92798e-06 
4750.00 2.94499e-05 8.49455e-01 4.43266e-20 2.65158e-06 
4753.62 2.93376e-05 8.49313e-01 4.30186e-20 2.56506e-06 
4763.48 2.90661e-05 8.49240e-01 3.99484e-20 2.36464e-06 
4768.37 2.89532e-05 8.49529e-01 3.86762e-20 2.28356e-06 
4770.00 2.89194e-05 8.49675e-01 3.82881e-20 2.25916e-06 
4783.14 2.86657e-05 8.51568e-01 3.57490e-20 2.10127e-06 
4787.30 2.85628e-05 8.52350e-01 3.51533e-20 2.06253e-06 
4790.00 2.84822e-05 8.52882e-01 3.48183e-20 2.03952e-06 
4797.91 2.81802e-05 8.54505e-01 3.40573e-20 1.98082e-06 
4810.00 2.76718e-05 8.56988e-01 3.34931e-20 1.92325e-06 
4811.24 2.76259e-05 8.57230e-01 3.34743e-20 1.92002e-06 
4812.68 2.75729e-05 8.57508e-01 3.34611e-20 1.91677e-06 
4827.47 2.64357e-05 8.60001e-01 3.38539e-20 1.87043e-06 
4830.00 2.60113e-05 8.60355e-01 3.40138e-20 1.85082e-06 
4835.29 2.48054e-05 8.61020e-01 3.44334e-20 1.79013e-06 
4842.27 2.26955e-05 8.61741e-01 3.51573e-20 1.67611e-06 
4850.00 1.99383e-05 8.62425e-01 3.61806e-20 1.51897e-06 
4857.08 1.74317e-05 8.63051e-01 3.73164e-20 1.37270e-06 
4859.47 1.67426e-05 8.63280e-01 3.77434e-20 1.33453e-06 
4870.00 1.59879e-05 8.64426e-01 3.98713e-20 1.35093e-06 
4871.89 1.64047e-05 8.64644e-01 4.02965e-20 1.40183e-06 
4883.77 2.15768e-05 8.65960e-01 4.32640e-20 1.98742e-06 
4886.71 2.29611e-05 8.66248e-01 4.40792e-20 2.15680e-06 
4890.00 2.42569e-05 8.66550e-01 4.50251e-20 2.32978e-06 
4901.55 2.60807e-05 8.67530e-01 4.86605e-20 2.71667e-06 
4908.19 2.60092e-05 8.68110e-01 5.09703e-20 2.84356e-06 
4910.00 2.59546e-05 8.68279e-01 5.16291e-20 2.87589e-06 
4916.39 2.58202e-05 8.68910e-01 5.40480e-20 3.00113e-06 
4930.00 2.58180e-05 8.70357e-01 5.97084e-20 3.32987e-06 
4931.24 2.58333e-05 8.70491e-01 6.02597e-20 3.36396e-06 
4932.73 2.58542e-05 8.70650e-01 6.09276e-20 3.40564e-06 
4946.10 2.61168e-05 8.72003e-01 6.73214e-20 3.81748e-06 
4950.00 2.61968e-05 8.72353e-01 6.93179e-20 3.94743e-06 
4957.39 2.63162e-05 8.72930e-01 7.32717e-20 4.20064e-06 
4960.97 2.63470e-05 8.73162e-01 7.52664e-20 4.32432e-06 
4970.00 2.62998e-05 8.73653e-01 8.05354e-20 4.62976e-06 
4975.85 2.61489e-05 8.73944e-01 8.41336e-20 4.81612e-06 
4982.18 2.58948e-05 8.74280e-01 8.81939e-20 5.00776e-06 
4990.00 2.54944e-05 8.74721e-01 9.34564e-20 5.23537e-06 
4990.74 2.54537e-05 8.74755e-01 9.39663e-20 5.25651e-06 
5005.63 2.47737e-05 8.74550e-01 1.04812e-19 5.72228e-06 
5007.09 2.47457e-05 8.74390e-01 1.05928e-19 5.77729e-06 
5010.00 2.47245e-05 8.73972e-01 1.08189e-19 5.89617e-06 
5020.54 2.49671e-05 8.71600e-01 1.16721e-19 6.41960e-06 
5030.00 2.51698e-05 8.68838e-01 1.24851e-19 6.91356e-06 
5032.12 2.51575e-05 8.68200e-01 1.26740e-19 7.01251e-06 
5035.45 2.50935e-05 8.67219e-01 1.29745e-19 7.15720e-06 
5050.00 2.46880e-05 8.63871e-01 1.43565e-19 7.78390e-06 
5050.38 2.46849e-05 8.63818e-01 1.43939e-19 7.80331e-06 
5057.29 2.47342e-05 8.63280e-01 1.50916e-19 8.20400e-06 
5065.31 2.48954e-05 8.63820e-01 1.59355e-19 8.73854e-06 
5070.00 2.49469e-05 8.64642e-01 1.64455e-19 9.05382e-06 
5080.25 2.48131e-05 8.67388e-01 1.76049e-19 9.69030e-06 
5082.57 2.47581e-05 8.68140e-01 1.78757e-19 9.83052e-06 
5090.00 2.46011e-05 8.70729e-01 1.87647e-19 1.02996e-05 
5095.20 2.45502e-05 8.72612e-01 1.94074e-19 1.06642e-05 
5107.98 2.45044e-05 8.76910e-01 2.10566e-19 1.16349e-05 
5110.00 2.44849e-05 8.77488e-01 2.13260e-19 1.17867e-05 
5110.17 2.44830e-05 8.77534e-01 2.13482e-19 1.17991e-05 
5125.13 2.41463e-05 8.80868e-01 2.34322e-19 1.28589e-05 
5130.00 2.40121e-05 8.81670e-01 2.41409e-19 1.31987e-05 
5133.52 2.39214e-05 8.82190e-01 2.46641e-19 1.34510e-05 
5140.11 2.37625e-05 8.83052e-01 2.56643e-19 1.39349e-05 
5150.00 2.35179e-05 8.84115e-01 2.72200e-19 1.46732e-05 
5155.10 2.33754e-05 8.84571e-01 2.80489e-19 1.50511e-05 
5159.19 2.32571e-05 8.84900e-01 2.87265e-19 1.53546e-05 
5170.00 2.29702e-05 8.85641e-01 3.05728e-19 1.61872e-05 
5170.10 2.29679e-05 8.85647e-01 3.05900e-19 1.61951e-05 
5184.99 2.27576e-05 8.86500e-01 3.32697e-19 1.75197e-05 
5185.11 2.27571e-05 8.86506e-01 3.32913e-19 1.75312e-05 
5190.00 2.27519e-05 8.86777e-01 3.42073e-19 1.80319e-05 
5200.12 2.28154e-05 8.87300e-01 3.61560e-19 1.91609e-05 
5210.00 2.27983e-05 8.87693e-01 3.81300e-19 2.02392e-05 
5210.91 2.27849e-05 8.87720e-01 3.83161e-19 2.03302e-05 
5215.15 2.26986e-05 8.87825e-01 3.91865e-19 2.07326e-05 
5230.00 2.24878e-05 8.87940e-01 4.23458e-19 2.22621e-05 
5230.18 2.24898e-05 8.87940e-01 4.23850e-19 2.22855e-05 
5236.97 2.26553e-05 8.87890e-01 4.38840e-19 2.32723e-05 
5245.22 2.28431e-05 8.87774e-01 4.57529e-19 2.44999e-05 
5250.00 2.27866e-05 8.87694e-01 4.68575e-19 2.50498e-05 
5260.28 2.21206e-05 8.87527e-01 4.92908e-19 2.56257e-05 
5263.15 2.19023e-05 8.87490e-01 4.99862e-19 2.57439e-05 
5270.00 2.15605e-05 8.87429e-01 5.16658e-19 2.62258e-05 
5275.34 2.15901e-05 8.87405e-01 5.29989e-19 2.69661e-05 
5289.47 2.22077e-05 8.87410e-01 5.66298e-19 2.97172e-05 
5290.00 2.22235e-05 8.87411e-01 5.67692e-19 2.98146e-05 
5290.41 2.22344e-05 8.87413e-01 5.68764e-19 2.98880e-05 
5305.49 2.20634e-05 8.87551e-01 6.09218e-19 3.18630e-05 
5310.00 2.18717e-05 8.87658e-01 6.21639e-19 3.22615e-05 
5315.92 2.15938e-05 8.87870e-01 6.38146e-19 3.27416e-05 
5320.58 2.13940e-05 8.88104e-01 6.51329e-19 3.31466e-05 
5330.00 2.11905e-05 8.88720e-01 6.78436e-19 3.42820e-05 
5335.68 2.12660e-05 8.89151e-01 6.95065e-19 3.53020e-05 
5342.50 2.14630e-05 8.89690e-01 7.15330e-19 3.67370e-05 
5350.00 2.16276e-05 8.90281e-01 7.37996e-19 3.82707e-05 
5350.78 2.16332e-05 8.90343e-01 7.40388e-19 3.84130e-05 
5365.90 2.13974e-05 8.91579e-01 7.87250e-19 4.05696e-05 
5369.21 2.13255e-05 8.91870e-01 7.97693e-19 4.10082e-05 
5370.00 2.13108e-05 8.91941e-01 8.00205e-19 4.11182e-05 
5381.03 2.11946e-05 8.92800e-01 8.35595e-19 4.28317e-05 
5390.00 2.10974e-05 8.92869e-01 8.64927e-19 4.42088e-05 
5396.05 2.09656e-05 8.92310e-01 8.84990e-19 4.49740e-05 
5396.17 2.09628e-05 8.92294e-01 8.85360e-19 4.49869e-05 
5410.00 2.06511e-05 8.89240e-01 9.31999e-19 4.66120e-05 
5411.31 2.06363e-05 8.88922e-01 9.36471e-19 4.67967e-05 
5423.03 2.06344e-05 8.86940e-01 9.76888e-19 4.88087e-05 
5426.47 2.06568e-05 8.86860e-01 9.88850e-19 4.94867e-05 
5430.00 2.06791e-05 8.87018e-01 1.00124e-18 5.02024e-05 
5441.63 2.07015e-05 8.88510e-01 1.04241e-18 5.25235e-05 
5450.00 2.06573e-05 8.89596e-01 1.07243e-18 5.40697e-05 
5450.15 2.06560e-05 8.89610e-01 1.07297e-18 5.40958e-05 
5456.80 2.05827e-05 8.89965e-01 1.09705e-18 5.52030e-05 
5470.00 2.04159e-05 8.90062e-01 1.14535e-18 5.73108e-05 
5471.99 2.03965e-05 8.90113e-01 1.15267e-18 5.76465e-05 
5477.40 2.03545e-05 8.90430e-01 1.17271e-18 5.86070e-05 
5487.18 2.03024e-05 8.91807e-01 1.20916e-18 6.04749e-05 
5490.00 2.02889e-05 8.92334e-01 1.21974e-18 6.10307e-05 
5502.38 2.02089e-05 8.94722e-01 1.26641e-18 6.34276e-05 
5504.79 2.01861e-05 8.95120e-01 1.27553e-18 6.38689e-05 
5510.00 2.01245e-05 8.95829e-01 1.29534e-18 6.47751e-05 
5517.59 2.00072e-05 8.96552e-01 1.32429e-18 6.59806e-05 
5530.00 1.98481e-05 8.97263e-01 1.37186e-18 6.80139e-05 
5532.31 1.98364e-05 8.97370e-01 1.38075e-18 6.84510e-05 
5532.81 1.98347e-05 8.97393e-01 1.38267e-18 6.85483e-05 
5548.04 1.98192e-05 8.98066e-01 1.44143e-18 7.16558e-05 
5550.00 1.98073e-05 8.98139e-01 1.44902e-18 7.20210e-05 
5559.97 1.96743e-05 8.98420e-01 1.48762e-18 7.35984e-05 
5563.28 1.96148e-05 8.98469e-01 1.50043e-18 7.40556e-05 
5570.00 1.94944e-05 8.98504e-01 1.52648e-18 7.49720e-05 
5578.53 1.93735e-05 8.98442e-01 1.55953e-18 7.62318e-05 
5587.77 1.92835e-05 8.98280e-01 1.59533e-18 7.77342e-05 
5590.00 1.92671e-05 8.98231e-01 1.60395e-18 7.81142e-05 
5593.79 1.92429e-05 8.98139e-01 1.61859e-18 7.87733e-05 
5609.05 1.91834e-05 8.97652e-01 1.67745e-18 8.15636e-05 
5610.00 1.91811e-05 8.97615e-01 1.68110e-18 8.17415e-05 
5615.71 1.91689e-05 8.97370e-01 1.70302e-18 8.28166e-05 
5624.33 1.91446e-05 8.96954e-01 1.73599e-18 8.44029e-05 
5630.00 1.91158e-05 8.96696e-01 1.75759e-18 8.53860e-05 
5639.62 1.90306e-05 8.96403e-01 1.79404e-18 8.68883e-05 
5643.79 1.89806e-05 8.96370e-01 1.80979e-18 8.74819e-05 
5650.00 1.88939e-05 8.96412e-01 1.83311e-18 8.83059e-05 
5654.91 1.88176e-05 8.96380e-01 1.85147e-18 8.89042e-05 
5670.00 1.86227e-05 8.94350e-01 1.90733e-18 9.06740e-05 
5670.22 1.86211e-05 8.94286e-01 1.90813e-18 9.07011e-05 
5672.01 1.86099e-05 8.93710e-01 1.91470e-18 9.09287e-05 
5685.53 1.85728e-05 8.87340e-01 1.96386e-18 9.26343e-05 
5690.00 1.85515e-05 8.85066e-01 1.97993e-18 9.31192e-05 
5700.37 1.84497e-05 8.81190e-01 2.01682e-18 9.40922e-05 
5700.86 1.84444e-05 8.81088e-01 2.01854e-18 9.41425e-05 
5710.00 1.83705e-05 8.80543e-01 2.05059e-18 9.53479e-05 
5716.19 1.83664e-05 8.81137e-01 2.07202e-18 9.64918e-05 
5728.87 1.83673e-05 8.82490e-01 2.11522e-18 9.88788e-05 
5730.00 1.83604e-05 8.82513e-01 2.11902e-18 9.90415e-05 
5731.53 1.83479e-05 8.82506e-01 2.12416e-18 9.92400e-05 
5746.88 1.81236e-05 8.81030e-01 2.17484e-18 1.00465e-04 
5750.00 1.80825e-05 8.80673e-01 2.18493e-18 1.00717e-04 
5757.52 1.80216e-05 8.80190e-01 2.20898e-18 1.01559e-04 
5762.25 1.79994e-05 8.80328e-01 2.22392e-18 1.02220e-04 
5770.00 1.79610e-05 8.81306e-01 2.24803e-18 1.03361e-04 
5777.62 1.78957e-05 8.83042e-01 2.27128e-18 1.04393e-04 
5786.30 1.78044e-05 8.85760e-01 2.29722e-18 1.05529e-04 
5790.00 1.77679e-05 8.87100e-01 2.30807e-18 1.06038e-04 
5793.00 1.77417e-05 8.88238e-01 2.31680e-18 1.06473e-04 
5808.39 1.76427e-05 8.93977e-01 2.36038e-18 1.08856e-04 
5810.00 1.76341e-05 8.94498e-01 2.36482e-18 1.09102e-04 
5815.23 1.76061e-05 8.95990e-01 2.37910e-18 1.09867e-04 
5823.79 1.75526e-05 8.97713e-01 2.40191e-18 1.10959e-04 
5830.00 1.75007e-05 8.98670e-01 2.41805e-18 1.11612e-04 
5839.20 1.74011e-05 9.00226e-01 2.44130e-18 1.12415e-04 
5844.31 1.73464e-05 9.01420e-01 2.45386e-18 1.12887e-04 
5850.00 1.72980e-05 9.03044e-01 2.46755e-18 1.13514e-04 
5854.62 1.72726e-05 9.04058e-01 2.47844e-18 1.14066e-04 
5870.00 1.71512e-05 8.98397e-01 2.51317e-18 1.14431e-04 
5870.05 1.71504e-05 8.98342e-01 2.51328e-18 1.14425e-04 
5873.53 1.70865e-05 8.93730e-01 2.52081e-18 1.13820e-04 
5885.49 1.68348e-05 8.68022e-01 2.54571e-18 1.10218e-04 
5890.00 1.67772e-05 8.56801e-01 2.55473e-18 1.08889e-04 
5900.94 1.67927e-05 8.34291e-01 2.57570e-18 1.07196e-04 
5902.90 1.68065e-05 8.31730e-01 2.57933e-18 1.07141e-04 
5910.00 1.68427e-05 8.27389e-01 2.59211e-18 1.07470e-04 
5916.39 1.68256e-05 8.28452e-01 2.60317e-18 1.08074e-04 
5930.00 1.66936e-05 8.36745e-01 2.62521e-18 1.09467e-04 
5931.86 1.66746e-05 8.37695e-01 2.62807e-18 1.09621e-04 
5932.41 1.66692e-05 8.37940e-01 2.62891e-18 1.09663e-04 
5947.34 1.65493e-05 8.39783e-01 2.65038e-18 1.10281e-04 
5950.00 1.65321e-05 8.39759e-01 2.65395e-18 1.10361e-04 
5962.08 1.64593e-05 8.42160e-01 2.66915e-18 1.11045e-04 
5962.83 1.64546e-05 8.42553e-01 2.67005e-18 1.11116e-04 
5970.00 1.64045e-05 8.47972e-01 2.67825e-18 1.11968e-04 
5978.32 1.63310e-05 8.56946e-01 2.68706e-18 1.13174e-04 
5990.00 1.62053e-05 8.71140e-01 2.69811e-18 1.14856e-04 
5991.89 1.61832e-05 8.73320e-01 2.69975e-18 1.15093e-04 
5993.83 1.61604e-05 8.75477e-01 2.70140e-18 1.15322e-04 
6009.34 1.60016e-05 8.89646e-01 2.71306e-18 1.16840e-04 
6010.00 1.59970e-05 8.90135e-01 2.71349e-18 1.16901e-04 
6021.85 1.59420e-05 8.97670e-01 2.72050e-18 1.18022e-04 
6024.87 1.59318e-05 8.99235e-01 2.72204e-18 1.18278e-04 
6030.00 1.59116e-05 9.01596e-01 2.72442e-18 1.18643e-04 
6040.41 1.58515e-05 9.05379e-01 2.72836e-18 1.19067e-04 
6050.00 1.57942e-05 9.07876e-01 2.73093e-18 1.19265e-04 
6051.96 1.57848e-05 9.08290e-01 2.73133e-18 1.19304e-04 
6055.95 1.57678e-05 9.09050e-01 2.73203e-18 1.19385e-04 
6070.00 1.57025e-05 9.11027e-01 2.73308e-18 1.19472e-04 
6071.50 1.56923e-05 9.11193e-01 2.73307e-18 1.19445e-04 
6082.21 1.56010e-05 9.12260e-01 2.73228e-18 1.19064e-04 
6087.07 1.55553e-05 9.12725e-01 2.73152e-18 1.18838e-04 
6090.00 1.55286e-05 9.13005e-01 2.73094e-18 1.18702e-04 
6102.64 1.54229e-05 9.14200e-01 2.72742e-18 1.18141e-04 
6110.00 1.53561e-05 9.14869e-01 2.72460e-18 1.17735e-04 
6112.63 1.53290e-05 9.15100e-01 2.72347e-18 1.17559e-04 
6118.23 1.52652e-05 9.15578e-01 2.72081e-18 1.17124e-04 
6130.00 1.51075e-05 9.16511e-01 2.71418e-18 1.15972e-04 
6133.82 1.50509e-05 9.16791e-01 2.71174e-18 1.15541e-04 
6143.19 1.49177e-05 9.17430e-01 2.70514e-18 1.14494e-04 
6149.42 1.48483e-05 9.17816e-01 2.70028e-18 1.13919e-04 
6150.00 1.48432e-05 9.17850e-01 2.69981e-18 1.13875e-04 
6165.04 1.47897e-05 9.18671e-01 2.68648e-18 1.13282e-04 
6170.00 1.48002e-05 9.18920e-01 2.68161e-18 1.13279e-04 
6173.91 1.48155e-05 9.19110e-01 2.67763e-18 1.13323e-04 
6180.66 1.48459e-05 9.19425e-01 2.67041e-18 1.13412e-04 
6190.00 1.48638e-05 9.19782e-01 2.65976e-18 1.13310e-04 
6196.29 1.48413e-05 9.19928e-01 2.65215e-18 1.12948e-04 
6204.77 1.47810e-05 9.19950e-01 2.64136e-18 1.12188e-04 
6210.00 1.47402e-05 9.19848e-01 2.63441e-18 1.11665e-04 
6211.93 1.47262e-05 9.19795e-01 2.63177e-18 1.11475e-04 
6227.59 1.45827e-05 9.19460e-01 2.60936e-18 1.09685e-04 
6230.00 1.45454e-05 9.19476e-01 2.60573e-18 1.09297e-04 
6235.80 1.44340e-05 9.19660e-01 2.59682e-18 1.08211e-04 
6243.25 1.42899e-05 9.20148e-01 2.58500e-18 1.06826e-04 
6250.00 1.42171e-05 9.20377e-01 2.57392e-18 1.05968e-04 
6258.92 1.42583e-05 9.19460e-01 2.55876e-18 1.05695e-04 
6266.98 1.43451e-05 9.16520e-01 2.54459e-18 1.05546e-04 
6270.00 1.43669e-05 9.14736e-01 2.53915e-18 1.05327e-04 
6274.60 1.43747e-05 9.11454e-01 2.53076e-18 1.04736e-04 
6290.00 1.42449e-05 8.99740e-01 2.50163e-18 1.01525e-04 
6290.29 1.42412e-05 8.99561e-01 2.50106e-18 1.01461e-04 
6298.31 1.41394e-05 8.96280e-01 2.48528e-18 9.98615e-05 
6305.99 1.40558e-05 8.96693e-01 2.46978e-18 9.88174e-05 
6310.00 1.40250e-05 8.98066e-01 2.46156e-18 9.84858e-05 
6321.71 1.39842e-05 9.04647e-01 2.43700e-18 9.81139e-05 
6329.80 1.39477e-05 9.09680e-01 2.41956e-18 9.78230e-05 
6330.00 1.39463e-05 9.09792e-01 2.41913e-18 9.78108e-05 
6337.43 1.38713e-05 9.13511e-01 2.40282e-18 9.71376e-05 
6350.00 1.37212e-05 9.18039e-01 2.37455e-18 9.56160e-05 
6353.16 1.36939e-05 9.18943e-01 2.36733e-18 9.52766e-05 
6361.45 1.36498e-05 9.21100e-01 2.34813e-18 9.45439e-05 
6368.90 1.36358e-05 9.22935e-01 2.33063e-18 9.40396e-05 
6370.00 1.36351e-05 9.23198e-01 2.32802e-18 9.39729e-05 
6384.65 1.36216e-05 9.26282e-01 2.29282e-18 9.29822e-05 
6390.00 1.35913e-05 9.27131e-01 2.27974e-18 9.24083e-05 
6393.26 1.35606e-05 9.27550e-01 2.27171e-18 9.19634e-05 
6400.41 1.34747e-05 9.28222e-01 2.25398e-18 9.08351e-05 
6410.00 1.33775e-05 9.28940e-01 2.22991e-18 8.94193e-05 
6416.18 1.33566e-05 9.29555e-01 2.21423e-18 8.87960e-05 
6425.23 1.33424e-05 9.31070e-01 2.19105e-18 8.80399e-05 
6430.00 1.33139e-05 9.32246e-01 2.17872e-18 8.75330e-05 
6431.96 1.32938e-05 9.32742e-01 2.17364e-18 8.72702e-05 
6447.75 1.30715e-05 9.33516e-01 2.13232e-18 8.44561e-05 
6450.00 1.30520e-05 9.32712e-01 2.12638e-18 8.40516e-05 
6457.35 1.30347e-05 9.27500e-01 2.10688e-18 8.28003e-05 
6463.55 1.30433e-05 9.19680e-01 2.09035e-18 8.15897e-05 
6470.00 1.30320e-05 9.09380e-01 2.07305e-18 8.00191e-05 
6479.36 1.29318e-05 8.93874e-01 2.04781e-18 7.72112e-05 
6489.64 1.27884e-05 8.81520e-01 2.01992e-18 7.43919e-05 
6490.00 1.27843e-05 8.81255e-01 2.01893e-18 7.43136e-05 
6495.18 1.27362e-05 8.78883e-01 2.00481e-18 7.33769e-05 
6510.00 1.26307e-05 8.83043e-01 1.96419e-18 7.17958e-05 
6511.01 1.26206e-05 8.83698e-01 1.96142e-18 7.17011e-05 
6522.09 1.24306e-05 8.91650e-01 1.93088e-18 7.02671e-05 
6526.85 1.22835e-05 8.94748e-01 1.91772e-18 6.92522e-05 
6530.00 1.21567e-05 8.96580e-01 1.90900e-18 6.83988e-05 
6542.70 1.13000e-05 9.02419e-01 1.87379e-18 6.29343e-05 
6550.00 1.04371e-05 9.04826e-01 1.85351e-18 5.77172e-05 
6554.70 9.72028e-06 9.06080e-01 1.84045e-18 5.34867e-05 
6558.56 9.13229e-06 9.06971e-01 1.82971e-18 5.00366e-05 
6570.00 8.33614e-06 9.09431e-01 1.79789e-18 4.50802e-05 
6574.43 8.72653e-06 9.10556e-01 1.78556e-18 4.69574e-05 
6587.47 1.10294e-05 9.15590e-01 1.74929e-18 5.85813e-05 
6590.00 1.14052e-05 9.16995e-01 1.74226e-18 6.04496e-05 
6590.31 1.14449e-05 9.17177e-01 1.74140e-18 6.06450e-05 
6606.20 1.20692e-05 9.28221e-01 1.69731e-18 6.32361e-05 
6610.00 1.20365e-05 9.30961e-01 1.68678e-18 6.28950e-05 
6620.41 1.20625e-05 9.37490e-01 1.65800e-18 6.24882e-05 
6622.10 1.20772e-05 9.38332e-01 1.65334e-18 6.24604e-05 
6630.00 1.21419e-05 9.41392e-01 1.63157e-18 6.22444e-05 
6638.01 1.21563e-05 9.43332e-01 1.60956e-18 6.16786e-05 
6650.00 1.21081e-05 9.44972e-01 1.57674e-18 6.03949e-05 
6653.51 1.20897e-05 9.45340e-01 1.56717e-18 5.99917e-05 
6653.93 1.20875e-05 9.45384e-01 1.56603e-18 5.99438e-05 
6669.86 1.20183e-05 9.47158e-01 1.52280e-18 5.82034e-05 
6670.00 1.20179e-05 9.47174e-01 1.52242e-18 5.81891e-05 
6685.80 1.19808e-05 9.48919e-01 1.47992e-18 5.66278e-05 
6686.78 1.19781e-05 9.49020e-01 1.47730e-18 5.65295e-05 
6690.00 1.19681e-05 9.49344e-01 1.46870e-18 5.61992e-05 
6701.75 1.19152e-05 9.50402e-01 1.43745e-18 5.49178e-05 
6710.00 1.18755e-05 9.51014e-01 1.41567e-18 5.40067e-05 
6717.71 1.18449e-05 9.51475e-01 1.39543e-18 5.31842e-05 
6720.21 1.18351e-05 9.51600e-01 1.38889e-18 5.29174e-05 
6730.00 1.17855e-05 9.51995e-01 1.36343e-18 5.18266e-05 
6733.68 1.17593e-05 9.52128e-01 1.35390e-18 5.13856e-05 
6749.66 1.16477e-05 9.52898e-01 1.31291e-18 4.95138e-05 
6750.00 1.16463e-05 9.52921e-01 1.31205e-18 4.94792e-05 
6753.81 1.16352e-05 9.53210e-01 1.30235e-18 4.91094e-05 
6765.65 1.16261e-05 9.54317e-01 1.27248e-18 4.80850e-05 
6770.00 1.16192e-05 9.54666e-01 1.26159e-18 4.76936e-05 
6781.65 1.15665e-05 9.54910e-01 1.23265e-18 4.64797e-05 
6787.58 1.15313e-05 9.54410e-01 1.21806e-18 4.58060e-05 
6790.00 1.15176e-05 9.54050e-01 1.21214e-18 4.55280e-05 
6797.66 1.14796e-05 9.52613e-01 1.19346e-18 4.46617e-05 
6810.00 1.14225e-05 9.51386e-01 1.16373e-18 4.33552e-05 
6813.69 1.14029e-05 9.51793e-01 1.15492e-18 4.29951e-05 
6821.52 1.13578e-05 9.54630e-01 1.13634e-18 4.23099e-05 
6829.72 1.13109e-05 9.60428e-01 1.11708e-18 4.17227e-05 
6830.00 1.13094e-05 9.60640e-01 1.11642e-18 4.17033e-05 
6845.76 1.12363e-05 9.64898e-01 1.07994e-18 4.03505e-05 
6850.00 1.12200e-05 9.61034e-01 1.07024e-18 3.97950e-05 
6855.63 1.11998e-05 9.50580e-01 1.05746e-18 3.88539e-05 
6861.81 1.11784e-05 9.31386e-01 1.04352e-18 3.75295e-05 
6870.00 1.11485e-05 8.98590e-01 1.02524e-18 3.55209e-05 
6877.87 1.11160e-05 8.66752e-01 1.00785e-18 3.36214e-05 
6889.91 1.10616e-05 8.35690e-01 9.81640e-19 3.14739e-05 
6890.00 1.10612e-05 8.35593e-01 9.81437e-19 3.14630e-05 
6893.94 1.10431e-05 8.33880e-01 9.72943e-19 3.10937e-05 
6910.00 1.09679e-05 8.56831e-01 9.38859e-19 3.06918e-05 
6910.03 1.09678e-05 8.56885e-01 9.38803e-19 3.06917e-05 
6924.36 1.08980e-05 8.76740e-01 9.09060e-19 3.02771e-05 
6926.12 1.08898e-05 8.76657e-01 9.05445e-19 3.01388e-05 
6930.00 1.08725e-05 8.74138e-01 8.97520e-19 2.97583e-05 
6942.22 1.08226e-05 8.53828e-01 8.72876e-19 2.81888e-05 
6950.00 1.07892e-05 8.40187e-01 8.57434e-19 2.71941e-05 
6958.33 1.07485e-05 8.34249e-01 8.41101e-19 2.64191e-05 
6958.98 1.07453e-05 8.34400e-01 8.39850e-19 2.63792e-05 
6970.00 1.06966e-05 8.50395e-01 8.18608e-19 2.61276e-05 
6974.46 1.06825e-05 8.61427e-01 8.10126e-19 2.61744e-05 
6990.00 1.06218e-05 8.97573e-01 7.81043e-19 2.62026e-05 
6990.59 1.06180e-05 8.98409e-01 7.79952e-19 2.61833e-05 
6993.77 1.05950e-05 9.01690e-01 7.74099e-19 2.60370e-05 
7006.73 1.04889e-05 8.94722e-01 7.50580e-19 2.48459e-05 
7010.00 1.04681e-05 8.89654e-01 7.44738e-19 2.44757e-05 
7022.89 1.04308e-05 8.68302e-01 7.22009e-19 2.31189e-05 
7028.74 1.04230e-05 8.62540e-01 7.11858e-19 2.26447e-05 
7030.00 1.04210e-05 8.61961e-01 7.09689e-19 2.25602e-05 
7039.05 1.03982e-05 8.64380e-01 6.94235e-19 2.21109e-05 
7050.00 1.03564e-05 8.77673e-01 6.75886e-19 2.18036e-05 
7055.23 1.03335e-05 8.85694e-01 6.67255e-19 2.16899e-05 
7063.88 1.02984e-05 8.98100e-01 6.53144e-19 2.14817e-05 
7070.00 1.02810e-05 9.04564e-01 6.43317e-19 2.12933e-05 
7071.41 1.02783e-05 9.05772e-01 6.41064e-19 2.12457e-05 
7087.61 1.02236e-05 9.14569e-01 6.15655e-19 2.05391e-05 
7090.00 1.02012e-05 9.15417e-01 6.11967e-19 2.03971e-05 
7099.20 1.00723e-05 9.18720e-01 5.97944e-19 1.97746e-05 
7103.81 1.00052e-05 9.20721e-01 5.91020e-19 1.94703e-05 
7110.00 9.94334e-06 9.23628e-01 5.81819e-19 1.91254e-05 
7120.03 9.94572e-06 9.27772e-01 5.67150e-19 1.87577e-05 
7130.00 9.98616e-06 9.29498e-01 5.52853e-19 1.84192e-05 
7134.70 9.98606e-06 9.28930e-01 5.46215e-19 1.81987e-05 
7136.25 9.98278e-06 9.28493e-01 5.44035e-19 1.81155e-05 
7150.00 9.92117e-06 9.14984e-01 5.25048e-19 1.71556e-05 
7152.49 9.91000e-06 9.09851e-01 5.21666e-19 1.69362e-05 
7168.74 9.84962e-06 8.44683e-01 5.00030e-19 1.50133e-05 
7170.00 9.84450e-06 8.36803e-01 4.98379e-19 1.48190e-05 
7170.37 9.84294e-06 8.34380e-01 4.97891e-19 1.47601e-05 
7184.99 9.77480e-06 7.19771e-01 4.79116e-19 1.21925e-05 
7190.00 9.75370e-06 6.79839e-01 4.72822e-19 1.13481e-05 
7201.26 9.71889e-06 6.12384e-01 4.58910e-19 9.90148e-06 
7206.23 9.70589e-06 5.99640e-01 4.52885e-19 9.56193e-06 
7210.00 9.69549e-06 5.99195e-01 4.48349e-19 9.45394e-06 
7217.54 9.67106e-06 6.17970e-01 4.39400e-19 9.54144e-06 
7230.00 9.61752e-06 6.79343e-01 4.24934e-19 1.01050e-05 
7233.83 9.59755e-06 6.98990e-01 4.20571e-19 1.02745e-05 
7242.26 9.55397e-06 7.31890e-01 4.11094e-19 1.04802e-05 
7250.00 9.52489e-06 7.41315e-01 4.02548e-19 1.03739e-05 
7250.13 9.52457e-06 7.41311e-01 4.02410e-19 1.03701e-05 
7266.44 9.50095e-06 7.13936e-01 3.84901e-19 9.55037e-06 
7270.00 9.49005e-06 7.04191e-01 3.81161e-19 9.32235e-06 
7278.47 9.44382e-06 6.82480e-01 3.72400e-19 8.79449e-06 
7282.76 9.41550e-06 6.74219e-01 3.68030e-19 8.56539e-06 
7290.00 9.37296e-06 6.65949e-01 3.60744e-19 8.26358e-06 
7299.09 9.34290e-06 6.66715e-01 3.51782e-19 8.05170e-06 
7310.00 9.31918e-06 6.86027e-01 3.41267e-19 8.02887e-06 
7314.86 9.30401e-06 7.01730e-01 3.36672e-19 8.09425e-06 
7315.43 9.30202e-06 7.03855e-01 3.36142e-19 8.10487e-06 
7330.00 9.24825e-06 7.73516e-01 3.22699e-19 8.51832e-06 
7331.78 9.24284e-06 7.82945e-01 3.21093e-19 8.57629e-06 
7348.14 9.20483e-06 8.59349e-01 3.06620e-19 8.97195e-06 
7350.00 9.20053e-06 8.65451e-01 3.05010e-19 8.98627e-06 
7351.43 9.19704e-06 8.69600e-01 3.03773e-19 8.99110e-06 
7364.51 9.15684e-06 8.87289e-01 2.92709e-19 8.81685e-06 
7370.00 9.13476e-06 8.87390e-01 2.88168e-19 8.66659e-06 
7380.89 9.08193e-06 8.83876e-01 2.79342e-19 8.33179e-06 
7388.19 9.04295e-06 8.84210e-01 2.73560e-19 8.13540e-06 
7390.00 9.03321e-06 8.85182e-01 2.72144e-19 8.09545e-06 
7397.28 8.99444e-06 8.92705e-01 2.66505e-19 7.96862e-06 
7410.00 8.92869e-06 9.14624e-01 2.56907e-19 7.82616e-06 
7413.69 8.91018e-06 9.21762e-01 2.54181e-19 7.79125e-06 
7425.13 8.86056e-06 9.41740e-01 2.45884e-19 7.66918e-06 
7430.00 8.84618e-06 9.47937e-01 2.42428e-19 7.60379e-06 
7430.10 8.84594e-06 9.48050e-01 2.42356e-19 7.60234e-06 
7446.53 8.81631e-06 9.59463e-01 2.31014e-19 7.32539e-06 
7450.00 8.80477e-06 9.60669e-01 2.28677e-19 7.25426e-06 
7462.26 8.73734e-06 9.63900e-01 2.20595e-19 6.97912e-06 
7462.96 8.73313e-06 9.64093e-01 2.20140e-19 6.96340e-06 
7470.00 8.69602e-06 9.66212e-01 2.15624e-19 6.81292e-06 
7479.41 8.66992e-06 9.68975e-01 2.09718e-19 6.63367e-06 
7490.00 8.65774e-06 9.70710e-01 2.03241e-19 6.44036e-06 
7495.86 8.65016e-06 9.70486e-01 1.99734e-19 6.32718e-06 
7499.57 8.64412e-06 9.69750e-01 1.97545e-19 6.25180e-06 
7510.00 8.62175e-06 9.65644e-01 1.91500e-19 6.02761e-06 
7512.33 8.61566e-06 9.64653e-01 1.90173e-19 5.97733e-06 
7528.81 8.57107e-06 9.63615e-01 1.81022e-19 5.66654e-06 
7530.00 8.56839e-06 9.64260e-01 1.80374e-19 5.64920e-06 
7537.07 8.55488e-06 9.71150e-01 1.76585e-19 5.56646e-06 
7545.29 8.53906e-06 9.85421e-01 1.72264e-19 5.50588e-06 
7550.00 8.52688e-06 9.94028e-01 1.69836e-19 5.47129e-06 
7561.79 8.48284e-06 1.00413e+00 1.63888e-19 5.31407e-06 
7570.00 8.45068e-06 9.90631e-01 1.59860e-19 5.09992e-06 
7574.75 8.43516e-06 9.71020e-01 1.57569e-19 4.92136e-06 
7578.30 8.42491e-06 9.49717e-01 1.55879e-19 4.75818e-06 
7590.00 8.39289e-06 8.48815e-01 1.50421e-19 4.09447e-06 
7594.82 8.37801e-06 7.99223e-01 1.48223e-19 3.79459e-06 
7610.00 8.32743e-06 6.46816e-01 1.41494e-19 2.91969e-06 
7611.35 8.32312e-06 6.35218e-01 1.40908e-19 2.85450e-06 
7612.63 8.31911e-06 6.24780e-01 1.40358e-19 2.79575e-06 
7627.89 8.27318e-06 5.41616e-01 1.33921e-19 2.30431e-06 
7630.00 8.26667e-06 5.36214e-01 1.33054e-19 2.26540e-06 
7644.44 8.21569e-06 5.39009e-01 1.27250e-19 2.16854e-06 
7650.00 8.19125e-06 5.58632e-01 1.25080e-19 2.20419e-06 
7650.69 8.18796e-06 5.61790e-01 1.24813e-19 2.21123e-06 
7661.01 8.13602e-06 6.25269e-01 1.20882e-19 2.37165e-06 
7670.00 8.09784e-06 6.96869e-01 1.17549e-19 2.56128e-06 
7677.58 8.07880e-06 7.60552e-01 1.14806e-19 2.72640e-06 
7688.94 8.05789e-06 8.46810e-01 1.10804e-19 2.92654e-06 
7690.00 8.05544e-06 8.53616e-01 1.10439e-19 2.93984e-06 
7694.16 8.04408e-06 8.77967e-01 1.09010e-19 2.98199e-06 
7710.00 7.99285e-06 9.39816e-01 1.03730e-19 3.02430e-06 
7710.76 7.99076e-06 9.41752e-01 1.03483e-19 3.02284e-06 
7727.36 7.96104e-06 9.68206e-01 9.82146e-20 2.94488e-06 
7727.39 7.96101e-06 9.68230e-01 9.82063e-20 2.94471e-06 
7730.00 7.95848e-06 9.70365e-01 9.74008e-20 2.92705e-06 
7743.98 7.92855e-06 9.76285e-01 9.31935e-20 2.81218e-06 
7750.00 7.88473e-06 9.76757e-01 9.14334e-20 2.74728e-06 
7760.60 7.75378e-06 9.76095e-01 8.84099e-20 2.61412e-06 
7766.03 7.69734e-06 9.75570e-01 8.69004e-20 2.55119e-06 
7770.00 7.67720e-06 9.75299e-01 8.58090e-20 2.51315e-06 
7777.24 7.69922e-06 9.75085e-01 8.38538e-20 2.46468e-06 
7790.00 7.79132e-06 9.75356e-01 8.05099e-20 2.39930e-06 
7793.89 7.79761e-06 9.75546e-01 7.95159e-20 2.37323e-06 
7804.86 7.75589e-06 9.76180e-01 7.67743e-20 2.28384e-06 
7810.00 7.72539e-06 9.76464e-01 7.55190e-20 2.23979e-06 
7810.55 7.72234e-06 9.76491e-01 7.53866e-20 2.23520e-06 
7827.22 7.65063e-06 9.76656e-01 7.14573e-20 2.10386e-06 
7830.00 7.64012e-06 9.76495e-01 7.08203e-20 2.08263e-06 
7843.88 7.58590e-06 9.74440e-01 6.77229e-20 1.97675e-06 
7843.90 7.58583e-06 9.74436e-01 6.77191e-20 1.97662e-06 
7850.00 7.56491e-06 9.72704e-01 6.63981e-20 1.93078e-06 
7860.59 7.53665e-06 9.68161e-01 6.41638e-20 1.85265e-06 
7870.00 7.51192e-06 9.62163e-01 6.22375e-20 1.78217e-06 
7877.29 7.48799e-06 9.56034e-01 6.07834e-20 1.72553e-06 
7883.10 7.46761e-06 9.50110e-01 5.96476e-20 1.67946e-06 
7890.00 7.44516e-06 9.41955e-01 5.83245e-20 1.62463e-06 
7894.00 7.43417e-06 9.36984e-01 5.75700e-20 1.59361e-06 
7910.00 7.39748e-06 9.19849e-01 5.46455e-20 1.48066e-06 
7910.73 7.39574e-06 9.19308e-01 5.45163e-20 1.47607e-06 
7922.51 7.36217e-06 9.15580e-01 5.24567e-20 1.41023e-06 
7927.46 7.34445e-06 9.17454e-01 5.16150e-20 1.38796e-06 
7930.00 7.33432e-06 9.19117e-01 5.11876e-20 1.37750e-06 
7944.20 7.27911e-06 9.32894e-01 4.88592e-20 1.32688e-06 
7950.00 7.27101e-06 9.38531e-01 4.79385e-20 1.30923e-06 
7960.96 7.28713e-06 9.44505e-01 4.62422e-20 1.27552e-06 
7962.13 7.28889e-06 9.44570e-01 4.60651e-20 1.27122e-06 
7970.00 7.28498e-06 9.41686e-01 4.48865e-20 1.23547e-06 
7977.73 7.24300e-06 9.34565e-01 4.37577e-20 1.18956e-06 
7990.00 7.16518e-06 9.19122e-01 4.20205e-20 1.11309e-06 
7994.50 7.15552e-06 9.13429e-01 4.13995e-20 1.08899e-06 
8001.94 7.15844e-06 9.05450e-01 4.03941e-20 1.05468e-06 
8010.00 7.16252e-06 9.00031e-01 3.93299e-20 1.02236e-06 
8011.29 7.16122e-06 8.99477e-01 3.91617e-20 1.01734e-06 
8028.09 7.10706e-06 8.98885e-01 3.70387e-20 9.56281e-07 
8030.00 7.10066e-06 8.99473e-01 3.68048e-20 9.50233e-07 
8041.95 7.07417e-06 9.05350e-01 3.53713e-20 9.17123e-07 
8044.90 7.06931e-06 9.07263e-01 3.50250e-20 9.09772e-07 
8050.00 7.06024e-06 9.10848e-01 3.44355e-20 8.97410e-07 
8061.72 7.03131e-06 9.19754e-01 3.31154e-20 8.69140e-07 
8070.00 7.00689e-06 9.25842e-01 3.22131e-20 8.48967e-07 
8078.56 6.98171e-06 9.31219e-01 3.13050e-20 8.27721e-07 
8082.16 6.97183e-06 9.33040e-01 3.09302e-20 8.18618e-07 
8090.00 6.95311e-06 9.35512e-01 3.01289e-20 7.98148e-07 
8095.40 6.94304e-06 9.35184e-01 2.95889e-20 7.82955e-07 
8110.00 6.92031e-06 9.20051e-01 2.81749e-20 7.32392e-07 
8112.25 6.91640e-06 9.15243e-01 2.79625e-20 7.22866e-07 
8122.57 6.89517e-06 8.82220e-01 2.70101e-20 6.71839e-07 
8129.12 6.87886e-06 8.51038e-01 2.64216e-20 6.32982e-07 
8130.00 6.87650e-06 8.46345e-01 2.63434e-20 6.27480e-07 
8145.99 6.83358e-06 7.52504e-01 2.49619e-20 5.26383e-07 
8150.00 6.82564e-06 7.29531e-01 2.46270e-20 5.03129e-07 
8162.88 6.80417e-06 6.70382e-01 2.35794e-20 4.41973e-07 
8163.18 6.80339e-06 6.69400e-01 2.35555e-20 4.40846e-07 
8170.00 6.77667e-06 6.52773e-01 2.30190e-20 4.18803e-07 
8179.78 6.70730e-06 6.45277e-01 2.22702e-20 3.96902e-07 
8190.00 6.63991e-06 6.52413e-01 2.15128e-20 3.84229e-07 
8196.69 6.62265e-06 6.62272e-01 2.10308e-20 3.80614e-07 
8204.00 6.62004e-06 6.75200e-01 2.05160e-20 3.78734e-07 
8210.00 6.61837e-06 6.86065e-01 2.01023e-20 3.77250e-07 
8213.61 6.61359e-06 6.92514e-01 1.98576e-20 3.76054e-07 
8230.00 6.56799e-06 7.20191e-01 1.87817e-20 3.68076e-07 
8230.54 6.56637e-06 7.21037e-01 1.87473e-20 3.67767e-07 
8245.02 6.53624e-06 7.41550e-01 1.78459e-20 3.59023e-07 
8247.48 6.53498e-06 7.44544e-01 1.76967e-20 3.57496e-07 
8250.00 6.53529e-06 7.47429e-01 1.75455e-20 3.55941e-07 
8264.43 6.55557e-06 7.60089e-01 1.67028e-20 3.46259e-07 
8270.00 6.55892e-06 7.62956e-01 1.63885e-20 3.41429e-07 
8281.40 6.53811e-06 7.64717e-01 1.57627e-20 3.28557e-07 
8286.24 6.52177e-06 7.63620e-01 1.55039e-20 3.22080e-07 
8290.00 6.50785e-06 7.61946e-01 1.53059e-20 3.16737e-07 
8298.37 6.47793e-06 7.55457e-01 1.48737e-20 3.04074e-07 
8310.00 6.45466e-06 7.39573e-01 1.42931e-20 2.85433e-07 
8315.36 6.45770e-06 7.29328e-01 1.40330e-20 2.76666e-07 
