##### EXOPHOT SPECTRAL OVERLAP FILE #####
# Date: 01/12/2021 13:14:58
# SED file: SED_g2v.txt
# atmosphere file: atm_g2v_hzm_os3.txt
# photopigment file: phot2s.txt
# Stellar radius (Rs in km): 6.963400e+05
# Exoplanet orbit semi-major axis (sma in km): 1.481139e+08
# Total absorption rate (gamma_t in s-1): 3.36143e+00
# B band absorption rate (gamma_B in s-1): 1.73242e+00
# Q band absorption rate (gamma_Q in s-1): 1.62901e+00
# B-Q bands cut-off (in nm): 500
# photosynthetic photon flux density [ppfd in micromol photon m-2 s-1]: 2.16868e+03
# Total Stellar Irradiance (S in W m-2): 1.37004e+03
# -------------------------------------------------
# Col 1: Wavelength (wl in Angstrom) 
# Col 2: Spectral Flux Density (F_l in J cm-2 s-1 A-1) 
# Col 3: Atmosphere transmitance (T, no units) 
# Col 4: Pigment absorption cross section (sigma_abs in cm-2) 
# Col 5: Spectral Absorption Rate (Gamma_lambda in A-1 s-1)
2505.65 7.78485e-07 1.46525e-01 5.68047e-19 8.17314e-08 
2513.00 3.76036e-07 1.49324e-01 5.54211e-19 3.93686e-08 
2515.76 3.01361e-07 1.50380e-01 5.47350e-19 3.14148e-08 
2516.83 2.81718e-07 1.50792e-01 5.44451e-19 2.93042e-08 
2518.00 2.65815e-07 1.51241e-01 5.41154e-19 2.75771e-08 
2525.00 2.68980e-07 1.53944e-01 5.18529e-19 2.72923e-08 
2528.02 3.06931e-07 1.55116e-01 5.07387e-19 3.07425e-08 
2528.34 3.11402e-07 1.55240e-01 5.06162e-19 3.11439e-08 
2535.00 3.73490e-07 1.57844e-01 4.78859e-19 3.60261e-08 
2539.21 3.58551e-07 1.59501e-01 4.60125e-19 3.36365e-08 
2540.98 3.64323e-07 1.60200e-01 4.51960e-19 3.37422e-08 
2545.00 4.79310e-07 1.61794e-01 4.32893e-19 4.30102e-08 
2550.40 8.93540e-07 1.63944e-01 4.06394e-19 7.64347e-08 
2553.68 1.11450e-06 1.65250e-01 3.89990e-19 9.23348e-08 
2555.00 1.15978e-06 1.65774e-01 3.83359e-19 9.48011e-08 
2561.61 1.02748e-06 1.68406e-01 3.49956e-19 7.80875e-08 
2565.00 9.81278e-07 1.69766e-01 3.32866e-19 7.16016e-08 
2566.45 1.01756e-06 1.70350e-01 3.25601e-19 7.29197e-08 
2572.81 1.39079e-06 1.72930e-01 2.94274e-19 9.16672e-08 
2575.00 1.48751e-06 1.73823e-01 2.83764e-19 9.51102e-08 
2579.28 1.49187e-06 1.75580e-01 2.63666e-19 8.96771e-08 
2584.03 1.35031e-06 1.77533e-01 2.42314e-19 7.55631e-08 
2585.00 1.32188e-06 1.77935e-01 2.38061e-19 7.28663e-08 
2592.18 1.20336e-06 1.80910e-01 2.08289e-19 5.91718e-08 
2595.00 1.15895e-06 1.82083e-01 1.97433e-19 5.44272e-08 
2595.24 1.15409e-06 1.82185e-01 1.96516e-19 5.39827e-08 
2605.00 9.02072e-07 1.86271e-01 1.63320e-19 3.59878e-08 
2605.14 8.99153e-07 1.86330e-01 1.62891e-19 3.57906e-08 
2606.47 8.74699e-07 1.86889e-01 1.58943e-19 3.40926e-08 
2615.00 8.16755e-07 1.90496e-01 1.37108e-19 2.80826e-08 
2617.70 8.28197e-07 1.91640e-01 1.31590e-19 2.75223e-08 
2618.17 8.33844e-07 1.91840e-01 1.30700e-19 2.75563e-08 
2625.00 1.20017e-06 1.94745e-01 1.20385e-19 3.71820e-08 
2628.93 1.74395e-06 1.96423e-01 1.16847e-19 5.29719e-08 
2631.26 2.11169e-06 1.97420e-01 1.15653e-19 6.38650e-08 
2635.00 2.61587e-06 1.99029e-01 1.15256e-19 7.95976e-08 
2640.17 3.00410e-06 2.01262e-01 1.18099e-19 9.49029e-08 
2644.41 3.46147e-06 2.03100e-01 1.23697e-19 1.15767e-07 
2645.00 3.56199e-06 2.03354e-01 1.24724e-19 1.20294e-07 
2651.42 4.95809e-06 2.06139e-01 1.40423e-19 1.91564e-07 
2655.00 5.21474e-06 2.07699e-01 1.53095e-19 2.21624e-07 
2657.64 4.82872e-06 2.08850e-01 1.64433e-19 2.21857e-07 
2662.67 3.44821e-06 2.11054e-01 1.91353e-19 1.86666e-07 
2665.00 2.94255e-06 2.12080e-01 2.06410e-19 1.72812e-07 
2670.92 2.90550e-06 2.14690e-01 2.52992e-19 2.12190e-07 
2673.92 3.31180e-06 2.16014e-01 2.81651e-19 2.71225e-07 
2675.00 3.48091e-06 2.16490e-01 2.92850e-19 2.97182e-07 
2684.28 4.30503e-06 2.20600e-01 4.11957e-19 5.28670e-07 
2685.00 4.25848e-06 2.20920e-01 4.23086e-19 5.38004e-07 
2685.18 4.24265e-06 2.21002e-01 4.25986e-19 5.39916e-07 
2695.00 2.84267e-06 2.25373e-01 6.10507e-19 5.30640e-07 
2696.45 2.86379e-06 2.26022e-01 6.43403e-19 5.65314e-07 
2697.70 2.95571e-06 2.26580e-01 6.72956e-19 6.12051e-07 
2705.00 3.71936e-06 2.29854e-01 8.71259e-19 1.01428e-06 
2707.72 3.59978e-06 2.31079e-01 9.57418e-19 1.08559e-06 
2711.19 3.10995e-06 2.32640e-01 1.07745e-18 1.06394e-06 
2715.00 2.43166e-06 2.34360e-01 1.22402e-18 9.53381e-07 
2719.00 1.88648e-06 2.36169e-01 1.39558e-18 8.51063e-07 
2724.74 1.66641e-06 2.38770e-01 1.67597e-18 9.14699e-07 
2725.00 1.67555e-06 2.38886e-01 1.68943e-18 9.27635e-07 
2730.29 2.09706e-06 2.41288e-01 1.98835e-18 1.38283e-06 
2735.00 2.28481e-06 2.43434e-01 2.28920e-18 1.75306e-06 
2738.37 1.98216e-06 2.44970e-01 2.52528e-18 1.69035e-06 
2741.58 1.52888e-06 2.46433e-01 2.76717e-18 1.43890e-06 
2745.00 1.17029e-06 2.47998e-01 3.04477e-18 1.22113e-06 
2752.06 1.46225e-06 2.51230e-01 3.68279e-18 1.87436e-06 
2752.87 1.54569e-06 2.51601e-01 3.76178e-18 2.02739e-06 
2755.00 1.76783e-06 2.52579e-01 3.97568e-18 2.46203e-06 
2764.17 2.45164e-06 2.56799e-01 4.99688e-18 4.37760e-06 
2765.00 2.49514e-06 2.57182e-01 5.09761e-18 4.55324e-06 
2765.82 2.53581e-06 2.57560e-01 5.19852e-18 4.72739e-06 
2775.00 2.53884e-06 2.61799e-01 6.42038e-18 5.96144e-06 
2775.47 2.50161e-06 2.62019e-01 6.48828e-18 5.94214e-06 
2779.65 2.01880e-06 2.63950e-01 7.10475e-18 5.29757e-06 
2785.00 1.27562e-06 2.66426e-01 7.94587e-18 3.78606e-06 
2786.79 1.07304e-06 2.67254e-01 8.23921e-18 3.31476e-06 
2793.55 5.84054e-07 2.70390e-01 9.40499e-18 2.08872e-06 
2795.00 5.24392e-07 2.71064e-01 9.66629e-18 1.93327e-06 
2798.10 4.44161e-07 2.72507e-01 1.02370e-17 1.74533e-06 
2805.00 6.61828e-07 2.75718e-01 1.15629e-17 2.97942e-06 
2807.52 9.34485e-07 2.76890e-01 1.20644e-17 4.41195e-06 
2809.42 1.20281e-06 2.77780e-01 1.24507e-17 5.88344e-06 
2815.00 2.15668e-06 2.80380e-01 1.36054e-17 1.16586e-05 
2820.75 3.11155e-06 2.83066e-01 1.48306e-17 1.85486e-05 
2821.55 3.21709e-06 2.83440e-01 1.50036e-17 1.94326e-05 
2825.00 3.53321e-06 2.85051e-01 1.57524e-17 2.25621e-05 
2832.08 3.37339e-06 2.88365e-01 1.73088e-17 2.40052e-05 
2835.00 3.07517e-06 2.89730e-01 1.79521e-17 2.28274e-05 
2835.66 2.99551e-06 2.90040e-01 1.80980e-17 2.24459e-05 
2843.42 1.87180e-06 2.93678e-01 1.98024e-17 1.55817e-05 
2845.00 1.62679e-06 2.94418e-01 2.01452e-17 1.38188e-05 
2849.84 9.65446e-07 2.96690e-01 2.11849e-17 8.70563e-06 
2854.77 7.56786e-07 2.99006e-01 2.22186e-17 7.22543e-06 
2855.00 7.65840e-07 2.99116e-01 2.22666e-17 7.33097e-06 
2864.09 2.28881e-06 3.03390e-01 2.40767e-17 2.41056e-05 
2865.00 2.51249e-06 3.03818e-01 2.42500e-17 2.66980e-05 
2866.12 2.78909e-06 3.04343e-01 2.44601e-17 2.99573e-05 
2875.00 4.33447e-06 3.08517e-01 2.60310e-17 5.03810e-05 
2877.47 4.31525e-06 3.09679e-01 2.64331e-17 5.11682e-05 
2878.41 4.26277e-06 3.10120e-01 2.65812e-17 5.09181e-05 
2885.00 3.87158e-06 3.13221e-01 2.75510e-17 4.85230e-05 
2888.83 4.13212e-06 3.15025e-01 2.80538e-17 5.31073e-05 
2892.80 4.73923e-06 3.16890e-01 2.85237e-17 6.23826e-05 
2895.00 5.13013e-06 3.17922e-01 2.87611e-17 6.83638e-05 
2900.20 5.98699e-06 3.20358e-01 2.92549e-17 8.19208e-05 
2907.27 6.80884e-06 3.23660e-01 2.97691e-17 9.60142e-05 
2910.00 6.96967e-06 3.24935e-01 2.99184e-17 9.92574e-05 
2911.57 7.01372e-06 3.25667e-01 2.99914e-17 1.00408e-04 
2921.80 6.67358e-06 3.30440e-01 3.02395e-17 9.80844e-05 
2922.95 6.59638e-06 3.30977e-01 3.02428e-17 9.71560e-05 
2930.00 6.12857e-06 3.34290e-01 3.01567e-17 9.11291e-05 
2934.33 5.93571e-06 3.36330e-01 3.00152e-17 8.85139e-05 
2936.41 5.87430e-06 3.37310e-01 2.99239e-17 8.76483e-05 
2945.72 5.79053e-06 3.41694e-01 2.93397e-17 8.60847e-05 
2950.00 5.82549e-06 3.43707e-01 2.89802e-17 8.61723e-05 
2951.09 5.83887e-06 3.44220e-01 2.88800e-17 8.62320e-05 
2957.11 5.93219e-06 3.47042e-01 2.82695e-17 8.66375e-05 
2965.85 6.07885e-06 3.51130e-01 2.72262e-17 8.67657e-05 
2968.51 6.11388e-06 3.52376e-01 2.68760e-17 8.65266e-05 
2970.00 6.12963e-06 3.53073e-01 2.66745e-17 8.63126e-05 
2979.92 6.15809e-06 3.57714e-01 2.52431e-17 8.34166e-05 
2980.68 6.15554e-06 3.58070e-01 2.51280e-17 8.31056e-05 
2990.00 6.08496e-06 3.62432e-01 2.36744e-17 7.85881e-05 
2991.33 6.07037e-06 3.63052e-01 2.34628e-17 7.78668e-05 
2995.58 6.02295e-06 3.65040e-01 2.27809e-17 7.55309e-05 
3002.74 5.97566e-06 3.68382e-01 2.16299e-17 7.19750e-05 
3010.00 6.03487e-06 3.71760e-01 2.04812e-17 6.96267e-05 
3010.56 6.04607e-06 3.72020e-01 2.03942e-17 6.95210e-05 
3014.16 6.14080e-06 3.73695e-01 1.98389e-17 6.90797e-05 
3025.59 6.55159e-06 3.78991e-01 1.81817e-17 6.87612e-05 
3025.61 6.55224e-06 3.79000e-01 1.81791e-17 6.87602e-05 
3030.00 6.68114e-06 3.81029e-01 1.75974e-17 6.83320e-05 
3037.02 6.79055e-06 3.84275e-01 1.67474e-17 6.68139e-05 
3040.74 6.82320e-06 3.85990e-01 1.63442e-17 6.58917e-05 
3048.46 6.91645e-06 3.89555e-01 1.56238e-17 6.46017e-05 
3050.00 6.94828e-06 3.90264e-01 1.55014e-17 6.45399e-05 
3055.94 7.11917e-06 3.93000e-01 1.50996e-17 6.49913e-05 
3059.91 7.24096e-06 3.94821e-01 1.48997e-17 6.56155e-05 
3070.00 7.35157e-06 3.99441e-01 1.46675e-17 6.65655e-05 
3071.22 7.32896e-06 4.00000e-01 1.46687e-17 6.64855e-05 
3071.36 7.32593e-06 4.00061e-01 1.46692e-17 6.64736e-05 
3082.81 6.90264e-06 4.05286e-01 1.50359e-17 6.52794e-05 
3086.58 6.81241e-06 4.07000e-01 1.53062e-17 6.59424e-05 
3090.00 6.81402e-06 4.08555e-01 1.56225e-17 6.76527e-05 
3094.27 6.95673e-06 4.10494e-01 1.61175e-17 7.16954e-05 
3102.01 7.43640e-06 4.14000e-01 1.73192e-17 8.32640e-05 
3105.74 7.66727e-06 4.15686e-01 1.80498e-17 8.99429e-05 
3110.00 7.84990e-06 4.17611e-01 1.90150e-17 9.75923e-05 
3117.21 7.85847e-06 4.20861e-01 2.09891e-17 1.08933e-04 
3117.52 7.85174e-06 4.21000e-01 2.10842e-17 1.09380e-04 
3128.69 7.41473e-06 4.26005e-01 2.51131e-17 1.24938e-04 
3130.00 7.35561e-06 4.26591e-01 2.56680e-17 1.26908e-04 
3133.11 7.22502e-06 4.27980e-01 2.70579e-17 1.31964e-04 
3140.17 7.01239e-06 4.31132e-01 3.06193e-17 1.46335e-04 
3148.77 7.01089e-06 4.34960e-01 3.57747e-17 1.72927e-04 
3150.00 7.04171e-06 4.35504e-01 3.65869e-17 1.77922e-04 
3151.66 7.09721e-06 4.36241e-01 3.77206e-17 1.85291e-04 
3163.16 7.62637e-06 4.41320e-01 4.66383e-17 2.49952e-04 
3164.52 7.67067e-06 4.41920e-01 4.78262e-17 2.58270e-04 
3170.00 7.71399e-06 4.44330e-01 5.28991e-17 2.89345e-04 
3174.66 7.53965e-06 4.46372e-01 5.75921e-17 3.09764e-04 
3180.34 7.18741e-06 4.48860e-01 6.38215e-17 3.29646e-04 
3186.16 6.87975e-06 4.51402e-01 7.07879e-17 3.52603e-04 
3190.00 6.81738e-06 4.53075e-01 7.57189e-17 3.75583e-04 
3196.24 7.04372e-06 4.55790e-01 8.43268e-17 4.35608e-04 
3197.67 7.12914e-06 4.56411e-01 8.64029e-17 4.52563e-04 
3209.19 7.58032e-06 4.61393e-01 1.04570e-16 5.90862e-04 
3210.00 7.56294e-06 4.61742e-01 1.05946e-16 5.97864e-04 
3212.22 7.46423e-06 4.62700e-01 1.09791e-16 6.13167e-04 
3220.71 6.70894e-06 4.66344e-01 1.25364e-16 6.35930e-04 
3228.29 6.20576e-06 4.69580e-01 1.40457e-16 6.65184e-04 
3230.00 6.20031e-06 4.70311e-01 1.44029e-16 6.82926e-04 
3232.24 6.27873e-06 4.71266e-01 1.48784e-16 7.16341e-04 
3243.78 7.71986e-06 4.76164e-01 1.74741e-16 1.04890e-03 
3244.43 7.82713e-06 4.76440e-01 1.76279e-16 1.07368e-03 
3250.00 8.71826e-06 4.78798e-01 1.89738e-16 1.29582e-03 
3255.32 9.40771e-06 4.81039e-01 2.03053e-16 1.50588e-03 
3260.65 9.91191e-06 4.83280e-01 2.16855e-16 1.70511e-03 
3266.86 1.02725e-05 4.85877e-01 2.33433e-16 1.91610e-03 
3270.00 1.03656e-05 4.87186e-01 2.42002e-16 2.01178e-03 
3276.95 1.03826e-05 4.90080e-01 2.61370e-16 2.19393e-03 
3278.41 1.03596e-05 4.90687e-01 2.65497e-16 2.22737e-03 
3289.97 9.99964e-06 4.95472e-01 2.98760e-16 2.45155e-03 
3290.00 9.99845e-06 4.95485e-01 2.98853e-16 2.45211e-03 
3293.34 9.87501e-06 4.96850e-01 3.08600e-16 2.51026e-03 
3301.53 9.60361e-06 5.00162e-01 3.32658e-16 2.65571e-03 
3309.80 9.42891e-06 5.03480e-01 3.56940e-16 2.82335e-03 
3310.00 9.42653e-06 5.03559e-01 3.57514e-16 2.82779e-03 
3313.10 9.40110e-06 5.04804e-01 3.66554e-16 2.90133e-03 
3324.67 9.47202e-06 5.09464e-01 3.99766e-16 3.22875e-03 
3326.35 9.49883e-06 5.10140e-01 4.04488e-16 3.28214e-03 
3330.00 9.56669e-06 5.11607e-01 4.14625e-16 3.40190e-03 
3336.25 9.68070e-06 5.14116e-01 4.31589e-16 3.60762e-03 
3342.98 9.65460e-06 5.16810e-01 4.49168e-16 3.77165e-03 
3347.84 9.43208e-06 5.18746e-01 4.61320e-16 3.80410e-03 
3350.00 9.25543e-06 5.19606e-01 4.66583e-16 3.78415e-03 
3359.43 8.03791e-06 5.23343e-01 4.88289e-16 3.47372e-03 
3359.70 7.99961e-06 5.23450e-01 4.88882e-16 3.46236e-03 
3370.00 6.96912e-06 5.27499e-01 5.09946e-16 3.18037e-03 
3371.02 6.94531e-06 5.27900e-01 5.11879e-16 3.18490e-03 
3376.50 7.08309e-06 5.30040e-01 5.21680e-16 3.32909e-03 
3382.63 7.55968e-06 5.32429e-01 5.31557e-16 3.64328e-03 
3390.00 8.14781e-06 5.35293e-01 5.41823e-16 4.03286e-03 
3393.38 8.29419e-06 5.36600e-01 5.45918e-16 4.15057e-03 
3394.23 8.31731e-06 5.36930e-01 5.46890e-16 4.17316e-03 
3405.85 8.32990e-06 5.41391e-01 5.57561e-16 4.31114e-03 
3410.00 8.31818e-06 5.42978e-01 5.60203e-16 4.34343e-03 
3410.35 8.31958e-06 5.43110e-01 5.60396e-16 4.34716e-03 
3417.47 8.43347e-06 5.45821e-01 5.63379e-16 4.46154e-03 
3427.40 8.73010e-06 5.49580e-01 5.64457e-16 4.67271e-03 
3429.09 8.78004e-06 5.50218e-01 5.64285e-16 4.70578e-03 
3430.00 8.80537e-06 5.50560e-01 5.64150e-16 4.72241e-03 
3440.72 9.02581e-06 5.54579e-01 5.60347e-16 4.85824e-03 
3444.54 9.07933e-06 5.56000e-01 5.58031e-16 4.88474e-03 
3450.00 9.14571e-06 5.58030e-01 5.53861e-16 4.90928e-03 
3452.36 9.17333e-06 5.58904e-01 5.51756e-16 4.91644e-03 
3461.76 9.30802e-06 5.62370e-01 5.41628e-16 4.94084e-03 
3464.00 9.35241e-06 5.63194e-01 5.38813e-16 4.94904e-03 
3470.00 9.50946e-06 5.65388e-01 5.30576e-16 4.98314e-03 
3475.65 9.71893e-06 5.67448e-01 5.21912e-16 5.03618e-03 
3479.07 9.87120e-06 5.68690e-01 5.16272e-16 5.07587e-03 
3487.30 1.02950e-05 5.71674e-01 5.01525e-16 5.18180e-03 
3490.00 1.04454e-05 5.72647e-01 4.96369e-16 5.21633e-03 
3496.46 1.07950e-05 5.74970e-01 4.83405e-16 5.28116e-03 
3498.96 1.09040e-05 5.75865e-01 4.78176e-16 5.28881e-03 
3510.00 1.09431e-05 5.79793e-01 4.53865e-16 5.08827e-03 
3510.63 1.09144e-05 5.80016e-01 4.52425e-16 5.06167e-03 
3513.95 1.07104e-05 5.81190e-01 4.44749e-16 4.89730e-03 
3522.30 1.01033e-05 5.84140e-01 4.24847e-16 4.44591e-03 
3530.00 1.00222e-05 5.86841e-01 4.05936e-16 4.24268e-03 
3531.51 1.01192e-05 5.87370e-01 4.02165e-16 4.24957e-03 
3533.98 1.03510e-05 5.88228e-01 3.96009e-16 4.28962e-03 
3545.66 1.16664e-05 5.92271e-01 3.66458e-16 4.51960e-03 
3549.17 1.17533e-05 5.93480e-01 3.57513e-16 4.45563e-03 
3550.00 1.17299e-05 5.93765e-01 3.55405e-16 4.42369e-03 
3557.35 1.08257e-05 5.96287e-01 3.36704e-16 3.89234e-03 
3566.92 8.91315e-06 5.99550e-01 3.12526e-16 2.99889e-03 
3569.04 8.56589e-06 6.00270e-01 3.07209e-16 2.83810e-03 
3570.00 8.43342e-06 6.00594e-01 3.04818e-16 2.77471e-03 
3580.74 7.98487e-06 6.04208e-01 2.78380e-16 2.42097e-03 
3584.75 8.16415e-06 6.05550e-01 2.68717e-16 2.39739e-03 
3590.00 8.53289e-06 6.07302e-01 2.56279e-16 2.40011e-03 
3592.45 8.72438e-06 6.08118e-01 2.50561e-16 2.40408e-03 
3602.68 9.50218e-06 6.11510e-01 2.27312e-16 2.39551e-03 
3604.16 9.60070e-06 6.11999e-01 2.24035e-16 2.38834e-03 
3610.00 9.91970e-06 6.13920e-01 2.11363e-16 2.33921e-03 
3615.88 1.01015e-05 6.15842e-01 1.99019e-16 2.25364e-03 
3620.69 1.01545e-05 6.17410e-01 1.89222e-16 2.16231e-03 
3627.60 1.01103e-05 6.19649e-01 1.75672e-16 2.00981e-03 
3630.00 1.00685e-05 6.20424e-01 1.71108e-16 1.95324e-03 
3638.79 1.01230e-05 6.23250e-01 1.55039e-16 1.79181e-03 
3639.33 1.01616e-05 6.23421e-01 1.54095e-16 1.78844e-03 
3640.00 1.02194e-05 6.23636e-01 1.52914e-16 1.78578e-03 
3650.00 1.17092e-05 6.26821e-01 1.36053e-16 1.83481e-03 
3651.06 1.18440e-05 6.27158e-01 1.34339e-16 1.83408e-03 
3656.99 1.22954e-05 6.29030e-01 1.25064e-16 1.78070e-03 
3662.80 1.23469e-05 6.30859e-01 1.16410e-16 1.67192e-03 
3670.00 1.20827e-05 6.33109e-01 1.06316e-16 1.50254e-03 
3674.55 1.18381e-05 6.34526e-01 1.00277e-16 1.39336e-03 
3675.27 1.17991e-05 6.34750e-01 9.93425e-17 1.37657e-03 
3686.30 1.14197e-05 6.38163e-01 8.58780e-17 1.16140e-03 
3690.00 1.14738e-05 6.39301e-01 8.16939e-17 1.11314e-03 
3693.65 1.16504e-05 6.40420e-01 7.77230e-17 1.07828e-03 
3698.06 1.19365e-05 6.41769e-01 7.31266e-17 1.04286e-03 
3709.82 1.20391e-05 6.45339e-01 6.19194e-17 8.98431e-04 
3710.00 1.20237e-05 6.45392e-01 6.17627e-17 8.95132e-04 
3712.12 1.17879e-05 6.46030e-01 5.99054e-17 8.52509e-04 
3721.59 1.00482e-05 6.48867e-01 5.21410e-17 6.36906e-04 
3730.00 8.70158e-06 6.51369e-01 4.59663e-17 4.89211e-04 
3730.68 8.64394e-06 6.51570e-01 4.54963e-17 4.81238e-04 
3733.37 8.50972e-06 6.52369e-01 4.36692e-17 4.55625e-04 
3745.15 9.21539e-06 6.55840e-01 3.63795e-17 4.14535e-04 
3749.33 9.73699e-06 6.57050e-01 3.40541e-17 4.11216e-04 
3750.00 9.82346e-06 6.57242e-01 3.36940e-17 4.10674e-04 
3756.94 1.06940e-05 6.59214e-01 3.01485e-17 4.01966e-04 
3768.08 1.17610e-05 6.62340e-01 2.51267e-17 3.71281e-04 
3768.73 1.18020e-05 6.62523e-01 2.48565e-17 3.68737e-04 
3770.00 1.18732e-05 6.62879e-01 2.43381e-17 3.63539e-04 
3780.53 1.21253e-05 6.65841e-01 2.03903e-17 3.13300e-04 
3786.92 1.22014e-05 6.67640e-01 1.82794e-17 2.83873e-04 
3790.00 1.22827e-05 6.68507e-01 1.73320e-17 2.71525e-04 
3792.33 1.23751e-05 6.69163e-01 1.66438e-17 2.63126e-04 
3804.14 1.25612e-05 6.72473e-01 1.35197e-17 2.18702e-04 
3805.85 1.24466e-05 6.72950e-01 1.31141e-17 2.10449e-04 
3810.00 1.18994e-05 6.74105e-01 1.21744e-17 1.87304e-04 
3815.96 1.04246e-05 6.75757e-01 1.09297e-17 1.47905e-04 
3824.88 7.93010e-06 6.78210e-01 9.28023e-18 9.61043e-05 
3827.78 7.38753e-06 6.79002e-01 8.79456e-18 8.50071e-05 
3830.00 7.15129e-06 6.79606e-01 8.43905e-18 7.90783e-05 
3839.61 7.89623e-06 6.82207e-01 7.04414e-18 7.33457e-05 
3844.01 8.70462e-06 6.83390e-01 6.47925e-18 7.45849e-05 
3850.00 9.63437e-06 6.84998e-01 5.77568e-18 7.38754e-05 
3851.45 9.76513e-06 6.85385e-01 5.61688e-18 7.28879e-05 
3863.23 9.69065e-06 6.88520e-01 4.46447e-18 5.79312e-05 
3863.29 9.68767e-06 6.88536e-01 4.45931e-18 5.78487e-05 
3870.00 9.40439e-06 6.90305e-01 3.90505e-18 4.93892e-05 
3875.13 9.42444e-06 6.91648e-01 3.52540e-18 4.48290e-05 
3882.54 9.93359e-06 6.93580e-01 3.03725e-18 4.08999e-05 
3886.98 1.05249e-05 6.94733e-01 2.77585e-18 3.97162e-05 
3890.00 1.10545e-05 6.95514e-01 2.61039e-18 3.93030e-05 
3898.84 1.28553e-05 6.97792e-01 2.17743e-18 3.83364e-05 
3901.96 1.33009e-05 6.98590e-01 2.04172e-18 3.72654e-05 
3910.00 1.30534e-05 7.00638e-01 1.72740e-18 3.10963e-05 
3910.70 1.28980e-05 7.00817e-01 1.70221e-18 3.02914e-05 
3921.46 8.88450e-06 7.03530e-01 1.35827e-18 1.67600e-05 
3922.57 8.46500e-06 7.03808e-01 1.32693e-18 1.56108e-05 
3930.00 6.86908e-06 7.05665e-01 1.13429e-18 1.08777e-05 
3934.45 7.43374e-06 7.06772e-01 1.03235e-18 1.07428e-05 
3941.07 9.56458e-06 7.08410e-01 8.97160e-19 1.20603e-05 
3946.33 1.11822e-05 7.09702e-01 8.02670e-19 1.26549e-05 
3950.00 1.16872e-05 7.10600e-01 7.42784e-19 1.22664e-05 
3958.22 1.03070e-05 7.12599e-01 6.25038e-19 9.14759e-06 
3960.78 9.55364e-06 7.13220e-01 5.92544e-19 8.05039e-06 
3970.00 8.06486e-06 7.15447e-01 4.90142e-19 5.65210e-06 
3970.11 8.07268e-06 7.15473e-01 4.89050e-19 5.64534e-06 
3980.58 1.16017e-05 7.17980e-01 3.97161e-19 6.62934e-06 
3982.01 1.23133e-05 7.18320e-01 3.86372e-19 6.85051e-06 
3990.00 1.58795e-05 7.20211e-01 3.32758e-19 7.64401e-06 
3993.91 1.68537e-05 7.21132e-01 3.10380e-19 7.58450e-06 
4000.48 1.73801e-05 7.22670e-01 2.77928e-19 7.03009e-06 
4005.82 1.72163e-05 7.23914e-01 2.55863e-19 6.43059e-06 
4010.00 1.69933e-05 7.24883e-01 2.41056e-19 5.99421e-06 
4017.74 1.68057e-05 7.26669e-01 2.18769e-19 5.40362e-06 
4020.49 1.67965e-05 7.27300e-01 2.12349e-19 5.25031e-06 
4029.66 1.68062e-05 7.29396e-01 1.95989e-19 4.87369e-06 
4030.00 1.68045e-05 7.29473e-01 1.95530e-19 4.86271e-06 
4040.59 1.65879e-05 7.31870e-01 1.85677e-19 4.58512e-06 
4041.59 1.65514e-05 7.32096e-01 1.85184e-19 4.56542e-06 
4050.00 1.61435e-05 7.33982e-01 1.83805e-19 4.44038e-06 
4053.53 1.59261e-05 7.34769e-01 1.84628e-19 4.40874e-06 
4060.79 1.55464e-05 7.36380e-01 1.88764e-19 4.41759e-06 
4065.47 1.54767e-05 7.37410e-01 1.93092e-19 4.51012e-06 
4070.00 1.56404e-05 7.38404e-01 1.98479e-19 4.69650e-06 
4077.41 1.64466e-05 7.40021e-01 2.09741e-19 5.23974e-06 
4081.10 1.69547e-05 7.40820e-01 2.16429e-19 5.58494e-06 
4089.37 1.78500e-05 7.42608e-01 2.34044e-19 6.38666e-06 
4090.00 1.78856e-05 7.42744e-01 2.35537e-19 6.44241e-06 
4101.33 1.76950e-05 7.45173e-01 2.65714e-19 7.23386e-06 
4101.50 1.76848e-05 7.45210e-01 2.66234e-19 7.24448e-06 
4110.00 1.72304e-05 7.47015e-01 2.93217e-19 7.80868e-06 
4113.29 1.71616e-05 7.47710e-01 3.04644e-19 8.09464e-06 
4122.01 1.72494e-05 7.49540e-01 3.37581e-19 9.05687e-06 
4125.26 1.73219e-05 7.50218e-01 3.50859e-19 9.46873e-06 
4130.00 1.74022e-05 7.51202e-01 3.71185e-19 1.00884e-05 
4137.24 1.73952e-05 7.52695e-01 4.04478e-19 1.10300e-05 
4142.62 1.73441e-05 7.53800e-01 4.31018e-19 1.17517e-05 
4149.22 1.73269e-05 7.55149e-01 4.65674e-19 1.27270e-05 
4150.00 1.73330e-05 7.55308e-01 4.69925e-19 1.28528e-05 
4161.21 1.75463e-05 7.57582e-01 5.34650e-19 1.48877e-05 
4163.33 1.75755e-05 7.58010e-01 5.47695e-19 1.52927e-05 
4170.00 1.75320e-05 7.59349e-01 5.90272e-19 1.64963e-05 
4173.20 1.74099e-05 7.59989e-01 6.11609e-19 1.70008e-05 
4184.15 1.67752e-05 7.62160e-01 6.88922e-19 1.85530e-05 
4185.20 1.67226e-05 7.62368e-01 6.96729e-19 1.87142e-05 
4190.00 1.65668e-05 7.63309e-01 7.33056e-19 1.95530e-05 
4197.21 1.66395e-05 7.64716e-01 7.90146e-19 2.12438e-05 
4205.07 1.68643e-05 7.66240e-01 8.55807e-19 2.34102e-05 
4209.22 1.69067e-05 7.67042e-01 8.91934e-19 2.45095e-05 
4210.00 1.69017e-05 7.67192e-01 8.98814e-19 2.47007e-05 
4221.24 1.64599e-05 7.69348e-01 1.00209e-18 2.69664e-05 
4226.10 1.62357e-05 7.70270e-01 1.04893e-18 2.79076e-05 
4230.00 1.61349e-05 7.71007e-01 1.08757e-18 2.88101e-05 
4233.27 1.61341e-05 7.71622e-01 1.12053e-18 2.97283e-05 
4245.30 1.64044e-05 7.73878e-01 1.24705e-18 3.38335e-05 
4247.23 1.64232e-05 7.74240e-01 1.26807e-18 3.44751e-05 
4250.00 1.64080e-05 7.74762e-01 1.29864e-18 3.53203e-05 
4257.33 1.61031e-05 7.76134e-01 1.38134e-18 3.70005e-05 
4268.46 1.53612e-05 7.78150e-01 1.51202e-18 3.88366e-05 
4269.37 1.53096e-05 7.78309e-01 1.52300e-18 3.90035e-05 
4270.00 1.52764e-05 7.78418e-01 1.53055e-18 3.91230e-05 
4281.42 1.47630e-05 7.80346e-01 1.67148e-18 4.15026e-05 
4289.80 1.39242e-05 7.81760e-01 1.77839e-18 4.18053e-05 
4290.00 1.38941e-05 7.81794e-01 1.78093e-18 4.17783e-05 
4293.48 1.32839e-05 7.82398e-01 1.82613e-18 4.10219e-05 
4305.54 1.14432e-05 7.84548e-01 1.98616e-18 3.86485e-05 
4310.00 1.15793e-05 7.85347e-01 2.04653e-18 4.03797e-05 
4311.25 1.17558e-05 7.85570e-01 2.06358e-18 4.13606e-05 
4317.61 1.33807e-05 7.86690e-01 2.15069e-18 4.92069e-05 
4329.68 1.68355e-05 7.88782e-01 2.31873e-18 6.71137e-05 
4330.00 1.68830e-05 7.88837e-01 2.32324e-18 6.74437e-05 
4332.81 1.71352e-05 7.89320e-01 2.36273e-18 6.97025e-05 
4341.76 1.66749e-05 7.90855e-01 2.48918e-18 7.17471e-05 
4350.00 1.60786e-05 7.92262e-01 2.60624e-18 7.27014e-05 
4353.84 1.62180e-05 7.92913e-01 2.66088e-18 7.49969e-05 
4354.47 1.62667e-05 7.93020e-01 2.66985e-18 7.54973e-05 
4365.93 1.75406e-05 7.94945e-01 2.83259e-18 8.68091e-05 
4370.00 1.77604e-05 7.95623e-01 2.89009e-18 8.98417e-05 
4376.25 1.74794e-05 7.96660e-01 2.97800e-18 9.13586e-05 
4378.03 1.73030e-05 7.96956e-01 3.00301e-18 9.12672e-05 
4390.00 1.61295e-05 7.98926e-01 3.16899e-18 9.02477e-05 
4390.13 1.61241e-05 7.98948e-01 3.17082e-18 9.02748e-05 
4398.13 1.62765e-05 8.00250e-01 3.27952e-18 9.45777e-05 
4402.24 1.66165e-05 8.00915e-01 3.33469e-18 9.83511e-05 
4410.00 1.74277e-05 8.02159e-01 3.43693e-18 1.06668e-04 
4414.36 1.78465e-05 8.02855e-01 3.49329e-18 1.11228e-04 
4420.12 1.82868e-05 8.03770e-01 3.56643e-18 1.16643e-04 
4426.48 1.85851e-05 8.04778e-01 3.64531e-18 1.21495e-04 
4430.00 1.86489e-05 8.05334e-01 3.68804e-18 1.23524e-04 
4438.61 1.85407e-05 8.06686e-01 3.78951e-18 1.26644e-04 
4442.22 1.84628e-05 8.07250e-01 3.83074e-18 1.27677e-04 
4450.00 1.84492e-05 8.08457e-01 3.91671e-18 1.30870e-04 
4450.74 1.84683e-05 8.08571e-01 3.92469e-18 1.31313e-04 
4462.88 1.91303e-05 8.10434e-01 4.04975e-18 1.41061e-04 
4464.43 1.92199e-05 8.10670e-01 4.06492e-18 1.42343e-04 
4470.00 1.94464e-05 8.11518e-01 4.11796e-18 1.46234e-04 
4475.03 1.94734e-05 8.12279e-01 4.16371e-18 1.48370e-04 
4486.75 1.94981e-05 8.14040e-01 4.26230e-18 1.52805e-04 
4487.18 1.95143e-05 8.14104e-01 4.26568e-18 1.53079e-04 
4490.00 1.96729e-05 8.14524e-01 4.28755e-18 1.55293e-04 
4499.34 2.07152e-05 8.15905e-01 4.35492e-18 1.66717e-04 
4509.19 2.15159e-05 8.17350e-01 4.41744e-18 1.76343e-04 
4510.00 2.15175e-05 8.17469e-01 4.42222e-18 1.76605e-04 
4511.50 2.14842e-05 8.17689e-01 4.43085e-18 1.76782e-04 
4523.67 2.01878e-05 8.19459e-01 4.49303e-18 1.69266e-04 
4530.00 1.95068e-05 8.20372e-01 4.51982e-18 1.64945e-04 
4531.73 1.94037e-05 8.20620e-01 4.52648e-18 1.64428e-04 
4535.85 1.93187e-05 8.21209e-01 4.54118e-18 1.64507e-04 
4548.03 1.99753e-05 8.22936e-01 4.57522e-18 1.72194e-04 
4550.00 2.01502e-05 8.23213e-01 4.57940e-18 1.73994e-04 
4554.39 2.05498e-05 8.23830e-01 4.58740e-18 1.78059e-04 
4560.22 2.10229e-05 8.24646e-01 4.59522e-18 1.82884e-04 
4570.00 2.13401e-05 8.26005e-01 4.60128e-18 1.86594e-04 
4572.41 2.12735e-05 8.26338e-01 4.60143e-18 1.86190e-04 
4577.16 2.10036e-05 8.26990e-01 4.60020e-18 1.84115e-04 
4584.62 2.04544e-05 8.28006e-01 4.59427e-18 1.79582e-04 
4590.00 2.01874e-05 8.28736e-01 4.58701e-18 1.77322e-04 
4596.82 2.02058e-05 8.29656e-01 4.57434e-18 1.77453e-04 
4600.05 2.03088e-05 8.30090e-01 4.56704e-18 1.78291e-04 
4609.04 2.06259e-05 8.31297e-01 4.54240e-18 1.80713e-04 
4610.00 2.06450e-05 8.31426e-01 4.53939e-18 1.80826e-04 
4621.26 2.05547e-05 8.32924e-01 4.49936e-18 1.79206e-04 
4623.05 2.05114e-05 8.33160e-01 4.49219e-18 1.78662e-04 
4630.00 2.03591e-05 8.34070e-01 4.46237e-18 1.76616e-04 
4633.48 2.03220e-05 8.34523e-01 4.44631e-18 1.75888e-04 
4645.71 2.04235e-05 8.36102e-01 4.38444e-18 1.75097e-04 
4646.16 2.04329e-05 8.36160e-01 4.38202e-18 1.75110e-04 
4650.00 2.05267e-05 8.36654e-01 4.36093e-18 1.75315e-04 
4657.95 2.07683e-05 8.37674e-01 4.31510e-18 1.76030e-04 
4669.39 2.10357e-05 8.39130e-01 4.24487e-18 1.76130e-04 
4670.00 2.10415e-05 8.39207e-01 4.24102e-18 1.76059e-04 
4670.20 2.10432e-05 8.39231e-01 4.23978e-18 1.76033e-04 
4682.45 2.09114e-05 8.40766e-01 4.16003e-18 1.72405e-04 
4690.00 2.06213e-05 8.41702e-01 4.10941e-18 1.68403e-04 
4692.74 2.04828e-05 8.42040e-01 4.09087e-18 1.66682e-04 
4694.70 2.03784e-05 8.42281e-01 4.07755e-18 1.65408e-04 
4706.97 1.98794e-05 8.43781e-01 3.99411e-18 1.58751e-04 
4710.00 1.98651e-05 8.44149e-01 3.97354e-18 1.57991e-04 
4716.20 2.00318e-05 8.44900e-01 3.93176e-18 1.57989e-04 
4719.24 2.01798e-05 8.45266e-01 3.91156e-18 1.58509e-04 
4730.00 2.07631e-05 8.46557e-01 3.84142e-18 1.60777e-04 
4731.51 2.08244e-05 8.46737e-01 3.83182e-18 1.60934e-04 
4739.79 2.10243e-05 8.47720e-01 3.78069e-18 1.60778e-04 
4743.79 2.10618e-05 8.48193e-01 3.75689e-18 1.60276e-04 
4750.00 2.10831e-05 8.48922e-01 3.72150e-18 1.59272e-04 
4756.08 2.10941e-05 8.49632e-01 3.68879e-18 1.58288e-04 
4763.48 2.11027e-05 8.50490e-01 3.65195e-18 1.57173e-04 
4768.37 2.11041e-05 8.51053e-01 3.62961e-18 1.56486e-04 
4770.00 2.11036e-05 8.51240e-01 3.62257e-18 1.56267e-04 
4780.67 2.10777e-05 8.52459e-01 3.58145e-18 1.54870e-04 
4787.30 2.10242e-05 8.53210e-01 3.56082e-18 1.53936e-04 
4790.00 2.09902e-05 8.53515e-01 3.55359e-18 1.53516e-04 
4792.98 2.09438e-05 8.53851e-01 3.54644e-18 1.53024e-04 
4805.29 2.07697e-05 8.55230e-01 3.52673e-18 1.51540e-04 
4810.00 2.07699e-05 8.55753e-01 3.52369e-18 1.51652e-04 
4811.24 2.07809e-05 8.55890e-01 3.52333e-18 1.51780e-04 
4817.61 2.08889e-05 8.56593e-01 3.52448e-18 1.52947e-04 
4829.94 2.10433e-05 8.57939e-01 3.54183e-18 1.55476e-04 
4830.00 2.10430e-05 8.57946e-01 3.54197e-18 1.55483e-04 
4835.29 2.09453e-05 8.58520e-01 3.55602e-18 1.55649e-04 
4842.27 2.05826e-05 8.59272e-01 3.58092e-18 1.54383e-04 
4850.00 1.98099e-05 8.60102e-01 3.61744e-18 1.50487e-04 
4854.61 1.91619e-05 8.60593e-01 3.64387e-18 1.46851e-04 
4859.47 1.84615e-05 8.61110e-01 3.67569e-18 1.42947e-04 
4866.95 1.77407e-05 8.61901e-01 3.73276e-18 1.39842e-04 
4870.00 1.76937e-05 8.62221e-01 3.75893e-18 1.40590e-04 
4879.30 1.85546e-05 8.63195e-01 3.84962e-18 1.51446e-04 
4883.77 1.92162e-05 8.63660e-01 3.89914e-18 1.59095e-04 
4890.00 2.00022e-05 8.64306e-01 3.97493e-18 1.69163e-04 
4891.66 2.01372e-05 8.64477e-01 3.99643e-18 1.71318e-04 
4904.02 2.02406e-05 8.65746e-01 4.17512e-18 1.80617e-04 
4908.19 2.00767e-05 8.66170e-01 4.24282e-18 1.82303e-04 
4910.00 1.99995e-05 8.66354e-01 4.27348e-18 1.83021e-04 
4916.39 1.97563e-05 8.66999e-01 4.38752e-18 1.86000e-04 
4928.77 1.95719e-05 8.68237e-01 4.63535e-18 1.95441e-04 
4930.00 1.95847e-05 8.68359e-01 4.66208e-18 1.96773e-04 
4932.73 1.96368e-05 8.68630e-01 4.72244e-18 2.00024e-04 
4941.15 1.99442e-05 8.69462e-01 4.92027e-18 2.12230e-04 
4950.00 2.03402e-05 8.70330e-01 5.14744e-18 2.27070e-04 
4953.54 2.04707e-05 8.70675e-01 5.24376e-18 2.33061e-04 
4957.39 2.05763e-05 8.71050e-01 5.35252e-18 2.39412e-04 
4965.93 2.06212e-05 8.71876e-01 5.60719e-18 2.52021e-04 
4970.00 2.05244e-05 8.72267e-01 5.73543e-18 2.56901e-04 
4978.33 2.00731e-05 8.73064e-01 6.01178e-18 2.64040e-04 
4982.18 1.97886e-05 8.73430e-01 6.14584e-18 2.66420e-04 
4990.00 1.91697e-05 8.74171e-01 6.43083e-18 2.70709e-04 
4990.74 1.91132e-05 8.74240e-01 6.45855e-18 2.71136e-04 
5003.15 1.84093e-05 8.75404e-01 6.94836e-18 2.82030e-04 
5007.09 1.83493e-05 8.75770e-01 7.11285e-18 2.88113e-04 
5010.00 1.83784e-05 8.76039e-01 7.23719e-18 2.93875e-04 
5015.57 1.86086e-05 8.76552e-01 7.48183e-18 3.08136e-04 
5028.00 1.93508e-05 8.77685e-01 8.05940e-18 3.46464e-04 
5030.00 1.94206e-05 8.77867e-01 8.15669e-18 3.52126e-04 
5032.12 1.94621e-05 8.78060e-01 8.26108e-18 3.57623e-04 
5040.43 1.94171e-05 8.78810e-01 8.68125e-18 3.75882e-04 
5050.00 1.93886e-05 8.79670e-01 9.18994e-18 3.98467e-04 
5052.87 1.94722e-05 8.79926e-01 9.34729e-18 4.07389e-04 
5057.29 1.96722e-05 8.80320e-01 9.59445e-18 4.23013e-04 
5065.31 2.00436e-05 8.81030e-01 1.00572e-17 4.52871e-04 
5070.00 2.01241e-05 8.81443e-01 1.03359e-17 4.67940e-04 
5077.76 1.98934e-05 8.82122e-01 1.08104e-17 4.84926e-04 
5082.57 1.96412e-05 8.82540e-01 1.11127e-17 4.92866e-04 
5090.00 1.93466e-05 8.83183e-01 1.15916e-17 5.07506e-04 
5090.22 1.93427e-05 8.83201e-01 1.16060e-17 5.08064e-04 
5102.68 1.95030e-05 8.84270e-01 1.24428e-17 5.51221e-04 
5107.98 1.96176e-05 8.84720e-01 1.28107e-17 5.71740e-04 
5110.00 1.96368e-05 8.84891e-01 1.29524e-17 5.78970e-04 
5115.15 1.95986e-05 8.85325e-01 1.33193e-17 5.95104e-04 
5127.63 1.92398e-05 8.86370e-01 1.42339e-17 6.26582e-04 
5130.00 1.91740e-05 8.86567e-01 1.44116e-17 6.32668e-04 
5133.52 1.90954e-05 8.86860e-01 1.46784e-17 6.42390e-04 
5140.11 1.89525e-05 8.87406e-01 1.51843e-17 6.60814e-04 
5150.00 1.84850e-05 8.88219e-01 1.59606e-17 6.79390e-04 
5152.60 1.82651e-05 8.88433e-01 1.61683e-17 6.80548e-04 
5159.19 1.75804e-05 8.88970e-01 1.66998e-17 6.77851e-04 
5165.10 1.69597e-05 8.89449e-01 1.71831e-17 6.73975e-04 
5170.00 1.65625e-05 8.89844e-01 1.75889e-17 6.74670e-04 
5177.60 1.63212e-05 8.90453e-01 1.82260e-17 6.90407e-04 
5184.99 1.64993e-05 8.91040e-01 1.88539e-17 7.23492e-04 
5190.00 1.68190e-05 8.91436e-01 1.92843e-17 7.55414e-04 
5190.11 1.68276e-05 8.91445e-01 1.92937e-17 7.56193e-04 
5202.62 1.80082e-05 8.92425e-01 2.03827e-17 8.57929e-04 
5210.00 1.85445e-05 8.92999e-01 2.10328e-17 9.13536e-04 
5210.91 1.85845e-05 8.93070e-01 2.11137e-17 9.19259e-04 
5215.15 1.86942e-05 8.93398e-01 2.14895e-17 9.42253e-04 
5227.67 1.87925e-05 8.94362e-01 2.26100e-17 1.00007e-03 
5230.00 1.88623e-05 8.94540e-01 2.28193e-17 1.01373e-03 
5236.97 1.92411e-05 8.95070e-01 2.34476e-17 1.06461e-03 
5240.21 1.94221e-05 8.95315e-01 2.37403e-17 1.08900e-03 
5250.00 1.94431e-05 8.96051e-01 2.46271e-17 1.13395e-03 
5252.75 1.92023e-05 8.96256e-01 2.48761e-17 1.13209e-03 
5263.15 1.77926e-05 8.97030e-01 2.58191e-17 1.09183e-03 
5265.29 1.75427e-05 8.97189e-01 2.60131e-17 1.08522e-03 
5270.00 1.72294e-05 8.97536e-01 2.64387e-17 1.08467e-03 
5277.85 1.76291e-05 8.98113e-01 2.71467e-17 1.14198e-03 
5289.47 1.91924e-05 8.98960e-01 2.81886e-17 1.29503e-03 
5290.00 1.92591e-05 8.98998e-01 2.82360e-17 1.30189e-03 
5290.41 1.93087e-05 8.99028e-01 2.82724e-17 1.30708e-03 
5302.97 2.01209e-05 8.99931e-01 2.93856e-17 1.42048e-03 
5310.00 1.98797e-05 9.00431e-01 3.00006e-17 1.43551e-03 
5315.55 1.93269e-05 9.00824e-01 3.04817e-17 1.42008e-03 
5315.92 1.92833e-05 9.00850e-01 3.05135e-17 1.41849e-03 
5328.13 1.80407e-05 9.01710e-01 3.15561e-17 1.37689e-03 
5330.00 1.79774e-05 9.01841e-01 3.17140e-17 1.37962e-03 
5340.71 1.85010e-05 9.02587e-01 3.26043e-17 1.46380e-03 
5342.50 1.86639e-05 9.02710e-01 3.27504e-17 1.48401e-03 
5350.00 1.92662e-05 9.03226e-01 3.33581e-17 1.56340e-03 
5353.30 1.93976e-05 9.03451e-01 3.36218e-17 1.58789e-03 
5365.90 1.93005e-05 9.04307e-01 3.46043e-17 1.63148e-03 
5369.21 1.92265e-05 9.04530e-01 3.48557e-17 1.63844e-03 
5370.00 1.92116e-05 9.04583e-01 3.49155e-17 1.64032e-03 
5378.51 1.91285e-05 9.05156e-01 3.55476e-17 1.66648e-03 
5390.00 1.89890e-05 9.05922e-01 3.63698e-17 1.69764e-03 
5391.12 1.89581e-05 9.05996e-01 3.64478e-17 1.69901e-03 
5396.05 1.87841e-05 9.06320e-01 3.67874e-17 1.70126e-03 
5403.74 1.84885e-05 9.06819e-01 3.73010e-17 1.70122e-03 
5410.00 1.83464e-05 9.07222e-01 3.77058e-17 1.70921e-03 
5416.36 1.83816e-05 9.07631e-01 3.81037e-17 1.73336e-03 
5423.03 1.85644e-05 9.08060e-01 3.85063e-17 1.77212e-03 
5428.99 1.87847e-05 9.08445e-01 3.88526e-17 1.81203e-03 
5430.00 1.88227e-05 9.08510e-01 3.89099e-17 1.81884e-03 
5441.63 1.91833e-05 9.09263e-01 3.95446e-17 1.88952e-03 
5450.00 1.92743e-05 9.09800e-01 3.99702e-17 1.92301e-03 
5450.15 1.92741e-05 9.09810e-01 3.99776e-17 1.92341e-03 
5454.27 1.92417e-05 9.10072e-01 4.01772e-17 1.93178e-03 
5466.92 1.89799e-05 9.10868e-01 4.07478e-17 1.93874e-03 
5470.00 1.89191e-05 9.11060e-01 4.08769e-17 1.94015e-03 
5477.40 1.88294e-05 9.11520e-01 4.11718e-17 1.94849e-03 
5479.58 1.88155e-05 9.11655e-01 4.12544e-17 1.95203e-03 
5490.00 1.87909e-05 9.12299e-01 4.16220e-17 1.97198e-03 
5492.24 1.87889e-05 9.12437e-01 4.16952e-17 1.97635e-03 
5504.79 1.87819e-05 9.13200e-01 4.20656e-17 1.99938e-03 
5504.91 1.87819e-05 9.13208e-01 4.20690e-17 1.99961e-03 
5510.00 1.87842e-05 9.13512e-01 4.21999e-17 2.00860e-03 
5517.59 1.87999e-05 9.13963e-01 4.23746e-17 2.02238e-03 
5530.00 1.89051e-05 9.14694e-01 4.26070e-17 2.05108e-03 
5530.27 1.89090e-05 9.14710e-01 4.26114e-17 2.05186e-03 
5532.31 1.89412e-05 9.14830e-01 4.26430e-17 2.05790e-03 
5542.96 1.91091e-05 9.15457e-01 4.27790e-17 2.08821e-03 
5550.00 1.91280e-05 9.15870e-01 4.28421e-17 2.09696e-03 
5555.66 1.90396e-05 9.16200e-01 4.28775e-17 2.09188e-03 
5559.97 1.89215e-05 9.16450e-01 4.28952e-17 2.08195e-03 
5568.36 1.86274e-05 9.16932e-01 4.29071e-17 2.05433e-03 
5570.00 1.85674e-05 9.17026e-01 4.29060e-17 2.04846e-03 
5581.07 1.82322e-05 9.17653e-01 4.28686e-17 2.01510e-03 
5587.77 1.81600e-05 9.18030e-01 4.28213e-17 2.00814e-03 
5590.00 1.81702e-05 9.18155e-01 4.28014e-17 2.00941e-03 
5593.79 1.82305e-05 9.18367e-01 4.27631e-17 2.01610e-03 
5606.51 1.86126e-05 9.19074e-01 4.25916e-17 2.05635e-03 
5610.00 1.86986e-05 9.19266e-01 4.25333e-17 2.06474e-03 
5615.71 1.87705e-05 9.19580e-01 4.24275e-17 2.07034e-03 
5619.24 1.87821e-05 9.19773e-01 4.23559e-17 2.06986e-03 
5630.00 1.87659e-05 9.20357e-01 4.21080e-17 2.06121e-03 
5631.97 1.87676e-05 9.20464e-01 4.20578e-17 2.05990e-03 
5643.79 1.87773e-05 9.21100e-01 4.17274e-17 2.05048e-03 
5644.71 1.87725e-05 9.21150e-01 4.16994e-17 2.04903e-03 
5650.00 1.87107e-05 9.21433e-01 4.15336e-17 2.03669e-03 
5657.46 1.85215e-05 9.21831e-01 4.12830e-17 2.00745e-03 
5670.00 1.82775e-05 9.22495e-01 4.08196e-17 1.96452e-03 
5670.22 1.82776e-05 9.22506e-01 4.08112e-17 1.96422e-03 
5672.01 1.82858e-05 9.22600e-01 4.07406e-17 1.96253e-03 
5682.98 1.84778e-05 9.23170e-01 4.02866e-17 1.96603e-03 
5690.00 1.85129e-05 9.23531e-01 3.99765e-17 1.95779e-03 
5695.75 1.83802e-05 9.23824e-01 3.97121e-17 1.93347e-03 
5700.37 1.82319e-05 9.24060e-01 3.94924e-17 1.90929e-03 
5708.52 1.81173e-05 9.24474e-01 3.90907e-17 1.88152e-03 
5710.00 1.81416e-05 9.24549e-01 3.90159e-17 1.88107e-03 
5721.30 1.87505e-05 9.25120e-01 3.84256e-17 1.91977e-03 
5728.87 1.91250e-05 9.25500e-01 3.80125e-17 1.94042e-03 
5730.00 1.91475e-05 9.25557e-01 3.79498e-17 1.94000e-03 
5734.09 1.91339e-05 9.25761e-01 3.77199e-17 1.92868e-03 
5746.88 1.86447e-05 9.26397e-01 3.69769e-17 1.84773e-03 
5750.00 1.85590e-05 9.26551e-01 3.67908e-17 1.83128e-03 
5757.52 1.85622e-05 9.26920e-01 3.63340e-17 1.81194e-03 
5759.69 1.85963e-05 9.27026e-01 3.62000e-17 1.80946e-03 
5770.00 1.87067e-05 9.27527e-01 3.55520e-17 1.79178e-03 
5772.49 1.86760e-05 9.27647e-01 3.53926e-17 1.78183e-03 
5785.31 1.82930e-05 9.28262e-01 3.45578e-17 1.70904e-03 
5786.30 1.82665e-05 9.28310e-01 3.44920e-17 1.70369e-03 
5790.00 1.81976e-05 9.28487e-01 3.42461e-17 1.68657e-03 
5798.13 1.82439e-05 9.28874e-01 3.36992e-17 1.66688e-03 
5810.00 1.85615e-05 9.29435e-01 3.28861e-17 1.65937e-03 
5810.96 1.85875e-05 9.29480e-01 3.28199e-17 1.65870e-03 
5815.23 1.86897e-05 9.29680e-01 3.25228e-17 1.65430e-03 
5823.79 1.87970e-05 9.30078e-01 3.19233e-17 1.63623e-03 
5830.00 1.87601e-05 9.30365e-01 3.14844e-17 1.61278e-03 
5836.63 1.86050e-05 9.30669e-01 3.10125e-17 1.57778e-03 
5844.31 1.84017e-05 9.31020e-01 3.04626e-17 1.53546e-03 
5849.48 1.83394e-05 9.31255e-01 3.00905e-17 1.51330e-03 
5850.00 1.83391e-05 9.31279e-01 3.00530e-17 1.51156e-03 
5862.33 1.84901e-05 9.31838e-01 2.91605e-17 1.48275e-03 
5870.00 1.83427e-05 9.32182e-01 2.86035e-17 1.44525e-03 
5873.53 1.81108e-05 9.32340e-01 2.83464e-17 1.41525e-03 
5875.19 1.79735e-05 9.32414e-01 2.82253e-17 1.39903e-03 
5888.06 1.69908e-05 9.32983e-01 2.72877e-17 1.28218e-03 
5890.00 1.69513e-05 9.33068e-01 2.71465e-17 1.27312e-03 
5900.94 1.74785e-05 9.33545e-01 2.63503e-17 1.27723e-03 
5902.90 1.76381e-05 9.33630e-01 2.62076e-17 1.28246e-03 
5910.00 1.81315e-05 9.33936e-01 2.56921e-17 1.29438e-03 
5913.82 1.82542e-05 9.34100e-01 2.54156e-17 1.29017e-03 
5926.71 1.81351e-05 9.34648e-01 2.44860e-17 1.23829e-03 
5930.00 1.80745e-05 9.34788e-01 2.42496e-17 1.22310e-03 
5932.41 1.80452e-05 9.34890e-01 2.40766e-17 1.21303e-03 
5939.60 1.80260e-05 9.35193e-01 2.35638e-17 1.18775e-03 
5950.00 1.80837e-05 9.35629e-01 2.28271e-17 1.15686e-03 
5952.50 1.80963e-05 9.35733e-01 2.26510e-17 1.14935e-03 
5962.08 1.81149e-05 9.36130e-01 2.19810e-17 1.11877e-03 
5965.41 1.81105e-05 9.36267e-01 2.17496e-17 1.10750e-03 
5970.00 1.80955e-05 9.36456e-01 2.14321e-17 1.09149e-03 
5978.32 1.80418e-05 9.36797e-01 2.08612e-17 1.06113e-03 
5990.00 1.79071e-05 9.37273e-01 2.00710e-17 1.01581e-03 
5991.24 1.78885e-05 9.37324e-01 1.99876e-17 1.01080e-03 
5991.89 1.78787e-05 9.37350e-01 1.99446e-17 1.00821e-03 
6004.17 1.76840e-05 9.37850e-01 1.91303e-17 9.58983e-04 
6010.00 1.76129e-05 9.38086e-01 1.87496e-17 9.37267e-04 
6017.11 1.75706e-05 9.38371e-01 1.82905e-17 9.13477e-04 
6021.85 1.75721e-05 9.38560e-01 1.79875e-17 8.99311e-04 
6030.00 1.76323e-05 9.38881e-01 1.74724e-17 8.78037e-04 
6030.05 1.76329e-05 9.38883e-01 1.74694e-17 8.77924e-04 
6043.00 1.78336e-05 9.39386e-01 1.66681e-17 8.49463e-04 
6050.00 1.79172e-05 9.39655e-01 1.62434e-17 8.32901e-04 
6051.96 1.79290e-05 9.39730e-01 1.61259e-17 8.27754e-04 
6055.95 1.79351e-05 9.39883e-01 1.58875e-17 8.16464e-04 
6068.91 1.78062e-05 9.40377e-01 1.51282e-17 7.73921e-04 
6070.00 1.77862e-05 9.40419e-01 1.50655e-17 7.70018e-04 
6081.88 1.75279e-05 9.40867e-01 1.43911e-17 7.26627e-04 
6082.21 1.75209e-05 9.40880e-01 1.43723e-17 7.25443e-04 
6090.00 1.73977e-05 9.41171e-01 1.39411e-17 6.99841e-04 
6094.85 1.73701e-05 9.41352e-01 1.36765e-17 6.86143e-04 
6107.84 1.72854e-05 9.41827e-01 1.29848e-17 6.49978e-04 
6110.00 1.72391e-05 9.41905e-01 1.28719e-17 6.42878e-04 
6112.63 1.71624e-05 9.42000e-01 1.27356e-17 6.33576e-04 
6120.83 1.68547e-05 9.42292e-01 1.23164e-17 6.02732e-04 
6130.00 1.66314e-05 9.42614e-01 1.18586e-17 5.73692e-04 
6133.82 1.66465e-05 9.42747e-01 1.16715e-17 5.65585e-04 
6143.19 1.68200e-05 9.43070e-01 1.12213e-17 5.50465e-04 
6146.82 1.68610e-05 9.43195e-01 1.10500e-17 5.43776e-04 
6150.00 1.68501e-05 9.43303e-01 1.09017e-17 5.36473e-04 
6159.83 1.65361e-05 9.43638e-01 1.04520e-17 5.05746e-04 
6170.00 1.62861e-05 9.43980e-01 1.00011e-17 4.77569e-04 
6172.85 1.63241e-05 9.44075e-01 9.87748e-18 4.73033e-04 
6173.91 1.63515e-05 9.44110e-01 9.83179e-18 4.71734e-04 
6185.87 1.69008e-05 9.44506e-01 9.32615e-18 4.63595e-04 
6190.00 1.70726e-05 9.44643e-01 9.15614e-18 4.60145e-04 
6198.90 1.72080e-05 9.44945e-01 8.79781e-18 4.46425e-04 
6204.77 1.71679e-05 9.45150e-01 8.56706e-18 4.34210e-04 
6210.00 1.70903e-05 9.45338e-01 8.36576e-18 4.22528e-04 
6211.93 1.70580e-05 9.45408e-01 8.29217e-18 4.18183e-04 
6224.98 1.67901e-05 9.45891e-01 7.80885e-18 3.88635e-04 
6230.00 1.66465e-05 9.46077e-01 7.62864e-18 3.76797e-04 
6235.80 1.64511e-05 9.46290e-01 7.42467e-18 3.62836e-04 
6238.03 1.63775e-05 9.46371e-01 7.34744e-18 3.57614e-04 
6250.00 1.61792e-05 9.46794e-01 6.94316e-18 3.34636e-04 
6251.08 1.61891e-05 9.46831e-01 6.90748e-18 3.33192e-04 
6264.15 1.65932e-05 9.47275e-01 6.48847e-18 3.21614e-04 
6266.98 1.66983e-05 9.47370e-01 6.40039e-18 3.19433e-04 
6270.00 1.67946e-05 9.47471e-01 6.30743e-18 3.16795e-04 
6277.22 1.69222e-05 9.47709e-01 6.08989e-18 3.08624e-04 
6290.00 1.68317e-05 9.48124e-01 5.71943e-18 2.89015e-04 
6290.29 1.68256e-05 9.48133e-01 5.71116e-18 2.88509e-04 
6298.31 1.66186e-05 9.48390e-01 5.48856e-18 2.74275e-04 
6303.38 1.64802e-05 9.48551e-01 5.35170e-18 2.65468e-04 
6310.00 1.63469e-05 9.48760e-01 5.17695e-18 2.55045e-04 
6316.47 1.63085e-05 9.48963e-01 5.01090e-18 2.46590e-04 
6329.56 1.63856e-05 9.49373e-01 4.68814e-18 2.32379e-04 
6329.80 1.63872e-05 9.49380e-01 4.68241e-18 2.32129e-04 
6330.00 1.63886e-05 9.49386e-01 4.67772e-18 2.31924e-04 
6342.67 1.64271e-05 9.49781e-01 4.38280e-18 2.18339e-04 
6350.00 1.64057e-05 9.50009e-01 4.21939e-18 2.10218e-04 
6355.78 1.63695e-05 9.50187e-01 4.09423e-18 2.03754e-04 
6361.45 1.63339e-05 9.50360e-01 3.97444e-18 1.97575e-04 
6368.90 1.63193e-05 9.50585e-01 3.82178e-18 1.90084e-04 
6370.00 1.63225e-05 9.50618e-01 3.79961e-18 1.89058e-04 
6382.02 1.64110e-05 9.50977e-01 3.56482e-18 1.78741e-04 
6390.00 1.63992e-05 9.51214e-01 3.41599e-18 1.71411e-04 
6393.26 1.63497e-05 9.51310e-01 3.35672e-18 1.68032e-04 
6395.15 1.63108e-05 9.51366e-01 3.32270e-18 1.65992e-04 
6408.29 1.60267e-05 9.51754e-01 3.09478e-18 1.52287e-04 
6410.00 1.60102e-05 9.51804e-01 3.06618e-18 1.50773e-04 
6421.44 1.60769e-05 9.52140e-01 2.88044e-18 1.42533e-04 
6425.23 1.61197e-05 9.52250e-01 2.82112e-18 1.40068e-04 
6430.00 1.61478e-05 9.52388e-01 2.74789e-18 1.36793e-04 
6434.59 1.61280e-05 9.52521e-01 2.67905e-18 1.33316e-04 
6447.75 1.59543e-05 9.52898e-01 2.49001e-18 1.22873e-04 
6450.00 1.59318e-05 9.52962e-01 2.45888e-18 1.21216e-04 
6457.35 1.59041e-05 9.53170e-01 2.35956e-18 1.16276e-04 
6460.92 1.59028e-05 9.53271e-01 2.31271e-18 1.14032e-04 
6470.00 1.58688e-05 9.53526e-01 2.19698e-18 1.08276e-04 
6474.09 1.58181e-05 9.53640e-01 2.14659e-18 1.05533e-04 
6487.27 1.56465e-05 9.54005e-01 1.99106e-18 9.70594e-05 
6489.64 1.56432e-05 9.54070e-01 1.96417e-18 9.57698e-05 
6490.00 1.56440e-05 9.54080e-01 1.96011e-18 9.55833e-05 
6500.46 1.57887e-05 9.54366e-01 1.84557e-18 9.10039e-05 
6510.00 1.59542e-05 9.54624e-01 1.74628e-18 8.71617e-05 
6513.65 1.59796e-05 9.54723e-01 1.70960e-18 8.55233e-05 
6522.09 1.59655e-05 9.54950e-01 1.62742e-18 8.14652e-05 
6526.85 1.59396e-05 9.55078e-01 1.58263e-18 7.91628e-05 
6530.00 1.59257e-05 9.55162e-01 1.55361e-18 7.76883e-05 
6540.06 1.58579e-05 9.55431e-01 1.46415e-18 7.30356e-05 
6550.00 1.54273e-05 9.55696e-01 1.38031e-18 6.71044e-05 
6553.27 1.51412e-05 9.55782e-01 1.35369e-18 6.46278e-05 
6554.70 1.50002e-05 9.55820e-01 1.34223e-18 6.35006e-05 
6566.49 1.39778e-05 9.56130e-01 1.25078e-18 5.52580e-05 
6570.00 1.39061e-05 9.56221e-01 1.22472e-18 5.38628e-05 
6579.72 1.45322e-05 9.56472e-01 1.15500e-18 5.31759e-05 
6587.47 1.53337e-05 9.56670e-01 1.10204e-18 5.36102e-05 
6590.00 1.55400e-05 9.56734e-01 1.08524e-18 5.35278e-05 
6592.96 1.57082e-05 9.56809e-01 1.06590e-18 5.31704e-05 
6606.20 1.57853e-05 9.57139e-01 9.83084e-19 4.93963e-05 
6610.00 1.57227e-05 9.57233e-01 9.60434e-19 4.80991e-05 
6619.45 1.56241e-05 9.57466e-01 9.06171e-19 4.51725e-05 
6620.41 1.56186e-05 9.57490e-01 9.00821e-19 4.48976e-05 
6630.00 1.55937e-05 9.57726e-01 8.48923e-19 4.23150e-05 
6632.71 1.55929e-05 9.57792e-01 8.34789e-19 4.16283e-05 
6645.97 1.55687e-05 9.58116e-01 7.68589e-19 3.83571e-05 
6650.00 1.55373e-05 9.58215e-01 7.49451e-19 3.73531e-05 
6653.51 1.54959e-05 9.58300e-01 7.33142e-19 3.64653e-05 
6659.24 1.54169e-05 9.58439e-01 7.07237e-19 3.50328e-05 
6670.00 1.53406e-05 9.58700e-01 6.60851e-19 3.26345e-05 
6672.52 1.53547e-05 9.58761e-01 6.50418e-19 3.21631e-05 
6685.80 1.55093e-05 9.59086e-01 5.97834e-19 2.99301e-05 
6686.78 1.55149e-05 9.59110e-01 5.94123e-19 2.97601e-05 
6690.00 1.55165e-05 9.59189e-01 5.82051e-19 2.91749e-05 
6699.09 1.53857e-05 9.59414e-01 5.49201e-19 2.73396e-05 
6710.00 1.52081e-05 9.59683e-01 5.12070e-19 2.52452e-05 
6712.39 1.52017e-05 9.59741e-01 5.04253e-19 2.48597e-05 
6720.21 1.52568e-05 9.59930e-01 4.79443e-19 2.37545e-05 
6725.70 1.53149e-05 9.60060e-01 4.62738e-19 2.30361e-05 
6730.00 1.53394e-05 9.60161e-01 4.50006e-19 2.24549e-05 
6739.01 1.52854e-05 9.60370e-01 4.24418e-19 2.11362e-05 
6750.00 1.51575e-05 9.60622e-01 3.95040e-19 1.95455e-05 
6752.33 1.51410e-05 9.60676e-01 3.89071e-19 1.92370e-05 
6753.81 1.51335e-05 9.60710e-01 3.85301e-19 1.90461e-05 
6765.65 1.51237e-05 9.60983e-01 3.56485e-19 1.76460e-05 
6770.00 1.51256e-05 9.61083e-01 3.46423e-19 1.71630e-05 
6778.99 1.51087e-05 9.61288e-01 3.26464e-19 1.61809e-05 
6787.58 1.50639e-05 9.61480e-01 3.08389e-19 1.52621e-05 
6790.00 1.50464e-05 9.61533e-01 3.03479e-19 1.50079e-05 
6792.33 1.50278e-05 9.61584e-01 2.98822e-19 1.47651e-05 
6805.67 1.49356e-05 9.61872e-01 2.73387e-19 1.34558e-05 
6810.00 1.49323e-05 9.61964e-01 2.65592e-19 1.30789e-05 
6819.03 1.49799e-05 9.62157e-01 2.49995e-19 1.23689e-05 
6821.52 1.49939e-05 9.62210e-01 2.45846e-19 1.21802e-05 
6830.00 1.49887e-05 9.62393e-01 2.32209e-19 1.15170e-05 
6832.39 1.49628e-05 9.62445e-01 2.28496e-19 1.13179e-05 
6845.76 1.47238e-05 9.62736e-01 2.08748e-19 1.01975e-05 
6850.00 1.46731e-05 9.62828e-01 2.02828e-19 9.88127e-06 
6855.63 1.46630e-05 9.62950e-01 1.95220e-19 9.51307e-06 
6859.13 1.46817e-05 9.63025e-01 1.90617e-19 9.30609e-06 
6870.00 1.47734e-05 9.63256e-01 1.77001e-19 8.71118e-06 
6872.52 1.47865e-05 9.63309e-01 1.73982e-19 8.57381e-06 
6885.91 1.47788e-05 9.63588e-01 1.58726e-19 7.83541e-06 
6889.91 1.47605e-05 9.63670e-01 1.54422e-19 7.61860e-06 
6890.00 1.47600e-05 9.63672e-01 1.54323e-19 7.61356e-06 
6899.30 1.47079e-05 9.63863e-01 1.44743e-19 7.12676e-06 
6910.00 1.46449e-05 9.64080e-01 1.34432e-19 6.60238e-06 
6912.71 1.46303e-05 9.64135e-01 1.31935e-19 6.47621e-06 
6924.36 1.45838e-05 9.64370e-01 1.21690e-19 5.96582e-06 
6926.12 1.45799e-05 9.64405e-01 1.20207e-19 5.89328e-06 
6930.00 1.45752e-05 9.64484e-01 1.17003e-19 5.73805e-06 
6939.54 1.45903e-05 9.64675e-01 1.09475e-19 5.38288e-06 
