##### EXOPHOT SPECTRAL OVERLAP FILE #####
# Date: 01/12/2021 13:14:54
# SED file: SED_g2v.txt
# atmosphere file: atm_g2v_hzi_os2.txt
# photopigment file: phot4.txt
# Stellar radius (Rs in km): 6.963400e+05
# Exoplanet orbit semi-major axis (sma in km): 1.070123e+08
# Total absorption rate (gamma_t in s-1): 4.95813e+00
# B band absorption rate (gamma_B in s-1): 4.64746e+00
# Q band absorption rate (gamma_Q in s-1): 3.10670e-01
# B-Q bands cut-off (in nm): 500
# photosynthetic photon flux density [ppfd in micromol photon m-2 s-1]: 3.74148e+03
# Total Stellar Irradiance (S in W m-2): 2.62457e+03
# -------------------------------------------------
# Col 1: Wavelength (wl in Angstrom) 
# Col 2: Spectral Flux Density (F_l in J cm-2 s-1 A-1) 
# Col 3: Atmosphere transmitance (T, no units) 
# Col 4: Pigment absorption cross section (sigma_abs in cm-2) 
# Col 5: Spectral Absorption Rate (Gamma_lambda in A-1 s-1)
2503.42 1.85952e-06 3.84885e-02 9.18144e-23 8.28131e-12 
2505.00 1.59193e-06 3.86672e-02 1.01415e-22 7.87225e-12 
2513.00 7.20367e-07 3.95750e-02 1.60154e-22 5.77604e-12 
2515.76 5.77301e-07 3.98900e-02 1.86508e-22 5.43945e-12 
2516.83 5.39677e-07 4.00129e-02 1.97896e-22 5.41437e-12 
2518.00 5.09218e-07 4.01468e-02 2.11089e-22 5.47016e-12 
2525.00 5.15282e-07 4.09532e-02 3.10568e-22 8.33056e-12 
2528.34 5.96546e-07 4.13400e-02 3.72636e-22 1.16965e-11 
2530.25 6.46691e-07 4.15631e-02 4.13317e-22 1.41506e-11 
2535.00 7.15489e-07 4.21172e-02 5.32120e-22 2.04632e-11 
2540.98 6.97929e-07 4.28200e-02 7.27891e-22 2.78258e-11 
2543.69 8.06547e-07 4.31400e-02 8.37163e-22 3.72998e-11 
2545.00 9.18208e-07 4.32957e-02 8.95467e-22 4.56085e-11 
2553.68 2.13503e-06 4.43300e-02 1.38790e-21 1.68869e-10 
2555.00 2.22178e-06 4.44876e-02 1.48180e-21 1.88384e-10 
2557.12 2.22750e-06 4.47428e-02 1.64576e-21 2.11146e-10 
2565.00 1.87982e-06 4.57072e-02 2.41169e-21 2.67568e-10 
2566.45 1.94933e-06 4.58900e-02 2.58518e-21 2.98779e-10 
2570.57 2.39523e-06 4.64214e-02 3.14260e-21 4.52174e-10 
2575.00 2.84961e-06 4.70212e-02 3.86345e-21 6.71050e-10 
2579.28 2.85795e-06 4.76400e-02 4.70505e-21 8.31788e-10 
2584.03 2.58676e-06 4.83751e-02 5.83323e-21 9.49529e-10 
2585.00 2.53231e-06 4.85313e-02 6.09350e-21 9.74518e-10 
2592.18 2.30527e-06 4.97100e-02 8.36990e-21 1.25162e-09 
2595.00 2.22019e-06 5.01760e-02 9.46211e-21 1.37700e-09 
2597.49 2.11014e-06 5.05872e-02 1.05328e-20 1.47019e-09 
2605.00 1.72809e-06 5.18363e-02 1.44720e-20 1.70004e-09 
2605.14 1.72250e-06 5.18600e-02 1.45576e-20 1.70544e-09 
2610.96 1.58310e-06 5.28453e-02 1.85144e-20 2.03586e-09 
2615.00 1.56465e-06 5.35400e-02 2.18126e-20 2.40545e-09 
2618.17 1.59738e-06 5.40900e-02 2.47632e-20 2.82003e-09 
2624.44 2.18796e-06 5.51926e-02 3.17034e-20 5.05807e-09 
2625.00 2.29914e-06 5.52924e-02 3.24056e-20 5.44383e-09 
2631.26 4.04533e-06 5.64100e-02 4.12098e-20 1.24565e-08 
2635.00 5.01118e-06 5.70846e-02 4.74597e-20 1.80089e-08 
2637.92 5.46725e-06 5.76144e-02 5.29206e-20 2.21366e-08 
2644.41 6.63110e-06 5.88000e-02 6.71120e-20 3.48350e-08 
2645.00 6.82365e-06 5.89076e-02 6.85478e-20 3.66885e-08 
2651.42 9.49814e-06 6.00930e-02 8.61697e-20 6.56476e-08 
2655.00 9.98980e-06 6.07628e-02 9.76731e-20 7.92424e-08 
2657.64 9.25030e-06 6.12600e-02 1.06988e-19 8.11122e-08 
2664.92 5.66203e-06 6.26537e-02 1.36953e-19 6.51777e-08 
2665.00 5.63700e-06 6.26696e-02 1.37330e-19 6.50866e-08 
2670.92 5.56603e-06 6.38200e-02 1.67006e-19 7.97661e-08 
2675.00 6.66834e-06 6.46169e-02 1.90572e-19 1.10578e-07 
2678.43 7.64197e-06 6.52905e-02 2.12593e-19 1.43024e-07 
2684.28 8.24709e-06 6.64500e-02 2.55339e-19 1.89088e-07 
2685.00 8.15790e-06 6.65938e-02 2.61092e-19 1.91723e-07 
2691.94 6.01846e-06 6.79895e-02 3.22514e-19 1.78840e-07 
2695.00 5.44566e-06 6.86094e-02 3.53255e-19 1.79062e-07 
2697.70 5.66222e-06 6.91600e-02 3.82487e-19 2.03412e-07 
2705.00 7.12513e-06 7.06613e-02 4.72106e-19 3.23671e-07 
2705.47 7.13005e-06 7.07585e-02 4.78437e-19 3.28747e-07 
2711.19 5.95769e-06 7.19500e-02 5.61505e-19 3.28508e-07 
2715.00 4.65830e-06 7.27515e-02 6.23377e-19 2.88744e-07 
2719.00 3.61390e-06 7.36000e-02 6.94428e-19 2.52822e-07 
2724.74 3.19232e-06 7.48300e-02 8.08072e-19 2.64778e-07 
2725.00 3.20982e-06 7.48850e-02 8.13462e-19 2.68227e-07 
2732.54 4.32524e-06 7.65252e-02 9.86732e-19 4.49266e-07 
2735.00 4.37698e-06 7.70651e-02 1.04930e-18 4.87316e-07 
2738.37 3.79720e-06 7.78100e-02 1.14032e-18 4.64450e-07 
2745.00 2.24190e-06 7.92917e-02 1.33823e-18 3.28731e-07 
2746.09 2.16742e-06 7.95376e-02 1.37333e-18 3.27287e-07 
2752.06 2.80122e-06 8.08900e-02 1.57834e-18 4.95476e-07 
2755.00 3.38661e-06 8.15614e-02 1.68787e-18 6.46597e-07 
2759.65 4.15309e-06 8.26299e-02 1.87321e-18 8.93041e-07 
2765.00 4.77991e-06 8.38691e-02 2.10579e-18 1.17505e-06 
2765.82 4.85781e-06 8.40600e-02 2.14334e-18 1.21862e-06 
2773.21 5.05151e-06 8.57895e-02 2.50526e-18 1.51571e-06 
2775.00 4.86362e-06 8.62101e-02 2.59928e-18 1.52250e-06 
2779.65 3.86739e-06 8.73100e-02 2.85639e-18 1.34962e-06 
2785.00 2.44368e-06 8.85853e-02 3.17502e-18 9.63610e-07 
2786.79 2.05561e-06 8.90137e-02 3.28696e-18 8.43758e-07 
2793.55 1.11886e-06 9.06500e-02 3.73673e-18 5.32986e-07 
2795.00 1.00457e-06 9.10047e-02 3.83874e-18 4.93784e-07 
2800.37 8.48356e-07 9.23247e-02 4.23274e-18 4.67365e-07 
2805.00 1.26785e-06 9.34737e-02 4.59476e-18 7.68915e-07 
2807.52 1.79018e-06 9.41000e-02 4.79985e-18 1.14277e-06 
2813.95 3.77068e-06 9.57097e-02 5.35231e-18 2.73626e-06 
2815.00 4.13152e-06 9.59723e-02 5.44575e-18 3.05996e-06 
2821.55 6.16294e-06 9.76300e-02 6.05535e-18 5.17514e-06 
2825.00 6.76852e-06 9.85113e-02 6.39234e-18 6.06152e-06 
2827.55 6.87979e-06 9.91675e-02 6.64894e-18 6.45701e-06 
2835.00 5.89106e-06 1.01098e-01 7.43278e-18 6.31776e-06 
2835.66 5.73846e-06 1.01270e-01 7.50477e-18 6.22574e-06 
2841.16 4.25796e-06 1.02704e-01 8.11805e-18 5.07762e-06 
2845.00 3.11641e-06 1.03715e-01 8.56272e-18 3.96382e-06 
2849.84 1.84949e-06 1.05000e-01 9.13970e-18 2.54635e-06 
2854.77 1.44976e-06 1.06325e-01 9.74604e-18 2.15901e-06 
2855.00 1.46711e-06 1.06388e-01 9.77512e-18 2.19284e-06 
2864.09 4.38465e-06 1.08860e-01 1.09404e-17 7.52913e-06 
2865.00 4.81315e-06 1.09109e-01 1.10602e-17 8.37719e-06 
2868.39 6.38825e-06 1.10033e-01 1.15098e-17 1.16824e-05 
2875.00 8.30347e-06 1.11842e-01 1.24053e-17 1.66737e-05 
2878.41 8.16613e-06 1.12780e-01 1.28749e-17 1.71818e-05 
2882.02 7.63696e-06 1.13778e-01 1.33767e-17 1.68635e-05 
2885.00 7.41674e-06 1.14608e-01 1.37953e-17 1.70306e-05 
2892.80 9.07888e-06 1.16800e-01 1.48997e-17 2.30089e-05 
2895.00 9.82772e-06 1.17423e-01 1.52128e-17 2.55852e-05 
2895.65 1.00475e-05 1.17609e-01 1.53057e-17 2.63644e-05 
2907.27 1.30436e-05 1.20940e-01 1.69604e-17 3.91573e-05 
2909.30 1.32916e-05 1.21527e-01 1.72483e-17 4.08043e-05 
2910.00 1.33517e-05 1.21731e-01 1.73480e-17 4.13050e-05 
2921.80 1.27845e-05 1.25170e-01 1.89944e-17 4.47079e-05 
2922.95 1.26366e-05 1.25506e-01 1.91513e-17 4.46927e-05 
2930.00 1.17404e-05 1.27587e-01 2.01002e-17 4.44101e-05 
2936.41 1.12533e-05 1.29510e-01 2.09340e-17 4.50999e-05 
2936.61 1.12440e-05 1.29570e-01 2.09591e-17 4.51404e-05 
2950.00 1.11598e-05 1.33676e-01 2.25853e-17 5.00356e-05 
2950.28 1.11660e-05 1.33760e-01 2.26168e-17 5.01697e-05 
2951.09 1.11854e-05 1.34010e-01 2.27100e-17 5.05725e-05 
2963.95 1.15894e-05 1.37914e-01 2.40732e-17 5.74114e-05 
2965.85 1.16452e-05 1.38490e-01 2.42566e-17 5.84072e-05 
2970.00 1.17424e-05 1.39758e-01 2.46410e-17 6.04607e-05 
2977.64 1.18047e-05 1.42118e-01 2.52835e-17 6.35822e-05 
2980.68 1.17921e-05 1.43070e-01 2.55153e-17 6.45918e-05 
2990.00 1.16569e-05 1.46038e-01 2.61352e-17 6.69679e-05 
2991.33 1.16289e-05 1.46466e-01 2.62121e-17 6.72303e-05 
2995.58 1.15381e-05 1.47850e-01 2.64389e-17 6.80146e-05 
3005.03 1.14540e-05 1.50963e-01 2.68342e-17 7.01922e-05 
3010.00 1.15609e-05 1.52598e-01 2.69813e-17 7.21260e-05 
3010.56 1.15824e-05 1.52780e-01 2.69951e-17 7.23969e-05 
3018.74 1.20666e-05 1.55427e-01 2.71374e-17 7.73442e-05 
3025.61 1.25520e-05 1.57650e-01 2.71690e-17 8.18876e-05 
3030.00 1.27990e-05 1.59086e-01 2.71479e-17 8.43157e-05 
3032.45 1.28945e-05 1.59895e-01 2.71223e-17 8.53657e-05 
3040.74 1.30711e-05 1.62670e-01 2.69641e-17 8.77622e-05 
3046.18 1.31791e-05 1.64519e-01 2.68023e-17 8.91158e-05 
3050.00 1.33107e-05 1.65825e-01 2.66621e-17 9.03583e-05 
3055.94 1.36381e-05 1.67840e-01 2.64029e-17 9.29757e-05 
3059.91 1.38714e-05 1.69167e-01 2.62034e-17 9.47164e-05 
3070.00 1.40833e-05 1.72537e-01 2.56069e-17 9.61621e-05 
3071.22 1.40400e-05 1.72950e-01 2.55266e-17 9.58329e-05 
3073.65 1.39087e-05 1.73776e-01 2.53627e-17 9.48524e-05 
3086.58 1.30504e-05 1.78270e-01 2.43934e-17 8.81812e-05 
3087.40 1.30348e-05 1.78556e-01 2.43274e-17 8.80014e-05 
3090.00 1.30535e-05 1.79467e-01 2.41139e-17 8.78746e-05 
3101.15 1.41359e-05 1.83378e-01 2.31536e-17 9.36990e-05 
3102.01 1.42458e-05 1.83680e-01 2.30771e-17 9.42965e-05 
3110.00 1.50379e-05 1.86498e-01 2.23550e-17 9.81568e-05 
3114.92 1.51195e-05 1.88237e-01 2.19046e-17 9.77569e-05 
3117.52 1.50415e-05 1.89160e-01 2.16654e-17 9.67431e-05 
3128.69 1.42043e-05 1.93126e-01 2.06503e-17 8.92223e-05 
3130.00 1.40910e-05 1.93595e-01 2.05334e-17 8.82602e-05 
3133.11 1.38409e-05 1.94710e-01 2.02590e-17 8.61129e-05 
3142.47 1.33695e-05 1.98098e-01 1.94663e-17 8.15591e-05 
3148.77 1.34307e-05 2.00390e-01 1.89701e-17 8.09298e-05 
3150.00 1.34897e-05 2.00835e-01 1.88781e-17 8.11022e-05 
3156.26 1.39958e-05 2.03106e-01 1.84335e-17 8.32581e-05 
3164.52 1.46946e-05 2.06110e-01 1.79231e-17 8.64770e-05 
3170.00 1.47776e-05 2.08115e-01 1.76410e-17 8.65788e-05 
3170.06 1.47758e-05 2.08135e-01 1.76384e-17 8.65653e-05 
3180.34 1.37688e-05 2.11920e-01 1.72550e-17 8.06085e-05 
3183.86 1.33723e-05 2.13220e-01 1.71731e-17 7.84800e-05 
3190.00 1.30600e-05 2.15493e-01 1.70976e-17 7.72722e-05 
3196.24 1.34936e-05 2.17810e-01 1.71169e-17 8.09457e-05 
3197.67 1.36572e-05 2.18342e-01 1.71360e-17 8.22556e-05 
3210.00 1.44882e-05 2.22938e-01 1.75500e-17 9.16019e-05 
3211.49 1.43757e-05 2.23497e-01 1.76328e-17 9.15910e-05 
3212.22 1.42991e-05 2.23770e-01 1.76759e-17 9.14583e-05 
3225.32 1.21243e-05 2.28684e-01 1.87762e-17 8.45274e-05 
3228.29 1.18883e-05 2.29800e-01 1.91165e-17 8.48735e-05 
3230.00 1.18779e-05 2.30447e-01 1.93299e-17 8.60331e-05 
3239.16 1.34119e-05 2.33914e-01 2.06868e-17 1.05827e-04 
3244.43 1.49943e-05 2.35910e-01 2.16414e-17 1.25032e-04 
3250.00 1.67015e-05 2.38023e-01 2.28006e-17 1.48295e-04 
3253.01 1.74934e-05 2.39164e-01 2.34924e-17 1.60955e-04 
3260.65 1.89881e-05 2.42070e-01 2.54720e-17 1.92182e-04 
3266.86 1.96788e-05 2.44442e-01 2.73270e-17 2.16183e-04 
3270.00 1.98573e-05 2.45644e-01 2.83529e-17 2.27664e-04 
3276.95 1.98899e-05 2.48310e-01 3.08454e-17 2.51310e-04 
3280.72 1.97485e-05 2.49757e-01 3.23291e-17 2.63353e-04 
3290.00 1.91539e-05 2.53325e-01 3.63967e-17 2.92493e-04 
3293.34 1.89174e-05 2.54610e-01 3.80104e-17 3.03528e-04 
3294.59 1.88306e-05 2.55094e-01 3.86388e-17 3.07832e-04 
3308.47 1.80985e-05 2.60455e-01 4.63945e-17 3.64243e-04 
3309.80 1.80628e-05 2.60970e-01 4.72202e-17 3.70877e-04 
3310.00 1.80583e-05 2.61046e-01 4.73430e-17 3.71878e-04 
3322.36 1.80854e-05 2.65829e-01 5.57281e-17 4.48100e-04 
3326.35 1.81968e-05 2.67380e-01 5.87222e-17 4.78429e-04 
3330.00 1.83268e-05 2.68798e-01 6.15799e-17 5.08533e-04 
3336.25 1.85452e-05 2.71234e-01 6.67599e-17 5.63992e-04 
3342.98 1.84952e-05 2.73860e-01 7.27449e-17 6.20080e-04 
3350.00 1.77305e-05 2.76595e-01 7.94398e-17 6.57009e-04 
3350.15 1.77023e-05 2.76655e-01 7.95927e-17 6.57400e-04 
3359.70 1.53247e-05 2.80380e-01 8.94826e-17 6.50283e-04 
3364.07 1.42371e-05 2.82087e-01 9.43057e-17 6.41402e-04 
3370.00 1.33506e-05 2.84412e-01 1.01165e-16 6.51677e-04 
3376.50 1.35690e-05 2.86960e-01 1.09078e-16 7.21931e-04 
3377.98 1.37518e-05 2.87544e-01 1.10948e-16 7.46048e-04 
3390.00 1.56086e-05 2.92262e-01 1.26869e-16 9.87676e-04 
3391.91 1.57893e-05 2.93013e-01 1.29535e-16 1.02330e-03 
3393.38 1.58891e-05 2.93590e-01 1.31605e-16 1.04874e-03 
3405.85 1.59575e-05 2.98491e-01 1.50037e-16 1.22530e-03 
3410.00 1.59350e-05 3.00123e-01 1.56504e-16 1.28486e-03 
3410.35 1.59377e-05 3.00260e-01 1.57052e-16 1.29029e-03 
3419.79 1.62758e-05 3.03975e-01 1.72383e-16 1.46824e-03 
3427.40 1.67241e-05 3.06970e-01 1.85304e-16 1.64139e-03 
3430.00 1.68683e-05 3.07995e-01 1.89834e-16 1.70297e-03 
3433.74 1.70448e-05 3.09471e-01 1.96453e-16 1.79128e-03 
3444.54 1.73931e-05 3.13720e-01 2.16135e-16 2.04503e-03 
3447.70 1.74685e-05 3.14964e-01 2.22075e-16 2.12066e-03 
3450.00 1.75203e-05 3.15863e-01 2.26421e-16 2.17620e-03 
3461.67 1.78283e-05 3.20427e-01 2.49031e-16 2.47914e-03 
3461.76 1.78312e-05 3.20460e-01 2.49199e-16 2.48155e-03 
3470.00 1.82171e-05 3.23678e-01 2.65618e-16 2.73593e-03 
3475.65 1.86184e-05 3.25889e-01 2.77054e-16 2.94129e-03 
3479.07 1.89101e-05 3.27230e-01 2.84031e-16 3.07821e-03 
3489.64 1.99707e-05 3.31395e-01 3.05835e-16 3.55575e-03 
3490.00 2.00101e-05 3.31539e-01 3.06591e-16 3.57349e-03 
3496.46 2.06798e-05 3.34090e-01 3.20050e-16 3.89205e-03 
3503.63 2.11254e-05 3.36913e-01 3.35026e-16 4.20573e-03 
3510.00 2.09635e-05 3.39419e-01 3.48344e-16 4.37964e-03 
3513.95 2.05178e-05 3.40970e-01 3.56577e-16 4.41284e-03 
3517.63 1.99786e-05 3.42420e-01 3.64250e-16 4.41263e-03 
3530.00 1.91994e-05 3.47285e-01 3.89763e-16 4.61820e-03 
3531.51 1.93851e-05 3.47880e-01 3.92853e-16 4.70991e-03 
3531.64 1.94040e-05 3.47930e-01 3.93110e-16 4.71842e-03 
3545.66 2.23491e-05 3.53432e-01 4.21198e-16 5.93844e-03 
3549.17 2.25156e-05 3.54810e-01 4.28064e-16 6.10997e-03 
3550.00 2.24709e-05 3.55134e-01 4.29670e-16 6.12772e-03 
3559.69 1.98645e-05 3.58930e-01 4.48102e-16 5.72534e-03 
3566.92 1.70748e-05 3.61760e-01 4.61375e-16 5.11736e-03 
3570.00 1.61558e-05 3.62964e-01 4.66888e-16 4.92035e-03 
3573.72 1.54793e-05 3.64417e-01 4.73425e-16 4.80446e-03 
3584.75 1.56400e-05 3.68720e-01 4.91960e-16 5.11970e-03 
3587.76 1.60238e-05 3.69894e-01 4.96786e-16 5.31814e-03 
3590.00 1.63463e-05 3.70766e-01 5.00299e-16 5.47983e-03 
3601.82 1.80889e-05 3.75366e-01 5.17838e-16 6.37535e-03 
3602.68 1.82032e-05 3.75700e-01 5.19044e-16 6.43785e-03 
3610.00 1.90030e-05 3.78542e-01 5.28904e-16 6.91423e-03 
3615.88 1.93512e-05 3.80818e-01 5.36270e-16 7.19359e-03 
3620.69 1.94528e-05 3.82680e-01 5.41927e-16 7.35317e-03 
3629.94 1.92902e-05 3.86256e-01 5.51820e-16 7.51334e-03 
3630.00 1.92881e-05 3.86277e-01 5.51875e-16 7.51380e-03 
3638.79 1.93924e-05 3.89670e-01 5.60025e-16 7.75206e-03 
3640.00 1.95771e-05 3.90135e-01 5.61046e-16 7.85213e-03 
3644.02 2.05990e-05 3.91684e-01 5.64280e-16 8.35181e-03 
3650.00 2.24311e-05 3.93985e-01 5.68595e-16 9.23312e-03 
3656.99 2.35541e-05 3.96670e-01 5.72885e-16 9.85395e-03 
3658.11 2.36225e-05 3.97100e-01 5.73496e-16 9.90684e-03 
3670.00 2.31466e-05 4.01656e-01 5.78680e-16 9.93960e-03 
3672.20 2.29240e-05 4.02497e-01 5.79376e-16 9.88242e-03 
3675.27 2.26033e-05 4.03670e-01 5.80211e-16 9.79483e-03 
3686.30 2.18766e-05 4.07870e-01 5.81890e-16 9.63510e-03 
3690.00 2.19802e-05 4.09275e-01 5.81993e-16 9.72556e-03 
3693.65 2.23184e-05 4.10660e-01 5.81872e-16 9.91636e-03 
3700.41 2.31328e-05 4.13224e-01 5.81063e-16 1.03469e-02 
3710.00 2.30337e-05 4.16850e-01 5.78636e-16 1.03764e-02 
3712.12 2.25818e-05 4.17650e-01 5.77902e-16 1.01852e-02 
3714.53 2.18805e-05 4.18561e-01 5.76979e-16 9.88104e-03 
3728.66 1.69444e-05 4.23881e-01 5.69774e-16 7.68156e-03 
3730.00 1.66695e-05 4.24386e-01 5.68934e-16 7.55747e-03 
3730.68 1.65591e-05 4.24640e-01 5.68500e-16 7.50755e-03 
3742.79 1.71580e-05 4.29180e-01 5.59631e-16 7.76471e-03 
3749.33 1.86530e-05 4.31620e-01 5.54008e-16 8.41868e-03 
3750.00 1.88187e-05 4.31869e-01 5.53401e-16 8.49055e-03 
3756.94 2.04864e-05 4.34450e-01 5.46771e-16 9.20380e-03 
3768.08 2.25303e-05 4.38580e-01 5.34902e-16 1.00261e-02 
3770.00 2.27452e-05 4.39291e-01 5.32710e-16 1.01018e-02 
3771.09 2.28441e-05 4.39694e-01 5.31450e-16 1.01339e-02 
3785.25 2.33210e-05 4.44917e-01 5.13949e-16 1.01616e-02 
3786.92 2.33741e-05 4.45530e-01 5.11758e-16 1.01598e-02 
3790.00 2.35297e-05 4.46662e-01 5.07644e-16 1.01793e-02 
3799.42 2.41981e-05 4.50111e-01 4.94565e-16 1.03030e-02 
3805.85 2.38437e-05 4.52460e-01 4.85230e-16 1.00294e-02 
3810.00 2.27954e-05 4.53972e-01 4.79055e-16 9.50846e-03 
3813.60 2.12291e-05 4.55283e-01 4.73607e-16 8.78796e-03 
3824.88 1.51916e-05 4.59380e-01 4.56017e-16 6.12770e-03 
3827.78 1.41522e-05 4.60429e-01 4.51386e-16 5.66769e-03 
3830.00 1.36996e-05 4.61230e-01 4.47821e-16 5.45573e-03 
3841.98 1.59477e-05 4.65542e-01 4.28211e-16 6.14884e-03 
3844.01 1.66753e-05 4.66270e-01 4.24839e-16 6.39211e-03 
3850.00 1.84564e-05 4.68419e-01 4.14810e-16 6.95048e-03 
3856.18 1.90111e-05 4.70629e-01 4.04379e-16 7.02352e-03 
3863.23 1.85642e-05 4.73140e-01 3.92406e-16 6.70311e-03 
3870.00 1.80158e-05 4.75545e-01 3.80844e-16 6.35664e-03 
3870.39 1.80011e-05 4.75684e-01 3.80174e-16 6.34276e-03 
3882.54 1.90296e-05 4.79980e-01 3.59395e-16 6.41601e-03 
3884.61 1.95050e-05 4.80710e-01 3.55861e-16 6.52498e-03 
3890.00 2.11770e-05 4.82608e-01 3.46674e-16 6.93831e-03 
3898.84 2.46267e-05 4.85711e-01 3.31681e-16 7.78688e-03 
3901.96 2.54804e-05 4.86800e-01 3.26430e-16 7.95337e-03 
3910.00 2.50062e-05 4.89601e-01 3.12963e-16 7.54192e-03 
3913.08 2.33995e-05 4.90670e-01 3.07854e-16 6.96277e-03 
3921.46 1.70199e-05 4.93580e-01 2.94065e-16 4.87675e-03 
3927.32 1.36488e-05 4.95612e-01 2.84570e-16 3.80578e-03 
3930.00 1.31590e-05 4.96540e-01 2.80269e-16 3.62300e-03 
3941.07 1.83227e-05 5.00340e-01 2.62779e-16 4.77951e-03 
3941.58 1.86629e-05 5.00511e-01 2.61994e-16 4.85600e-03 
3950.00 2.23890e-05 5.03345e-01 2.49049e-16 5.58091e-03 
3955.84 2.09726e-05 5.05293e-01 2.40264e-16 5.07044e-03 
3960.78 1.83018e-05 5.06940e-01 2.32961e-16 4.30960e-03 
3970.00 1.54497e-05 5.10028e-01 2.19648e-16 3.45904e-03 
3970.11 1.54647e-05 5.10065e-01 2.19492e-16 3.46028e-03 
3980.58 2.22252e-05 5.13580e-01 2.04917e-16 4.68706e-03 
3984.39 2.58592e-05 5.14856e-01 1.99762e-16 5.33457e-03 
3990.00 3.04201e-05 5.16733e-01 1.92313e-16 6.07202e-03 
3998.68 3.32216e-05 5.19628e-01 1.81138e-16 6.29453e-03 
4000.48 3.32949e-05 5.20230e-01 1.78865e-16 6.23926e-03 
4010.00 3.25538e-05 5.23389e-01 1.67199e-16 5.75080e-03 
4012.97 3.23449e-05 5.24373e-01 1.63660e-16 5.60760e-03 
4020.49 3.21769e-05 5.26850e-01 1.54945e-16 5.31632e-03 
4027.28 3.22035e-05 5.29078e-01 1.47347e-16 5.08978e-03 
4030.00 3.21922e-05 5.29968e-01 1.44378e-16 4.99722e-03 
4040.59 3.17771e-05 5.33420e-01 1.33226e-16 4.59349e-03 
4041.59 3.17073e-05 5.33746e-01 1.32203e-16 4.55209e-03 
4050.00 3.09259e-05 5.36476e-01 1.23852e-16 4.18943e-03 
4055.92 3.02317e-05 5.38389e-01 1.18215e-16 3.92866e-03 
4060.79 2.97820e-05 5.39960e-01 1.13714e-16 3.73820e-03 
4070.00 2.99621e-05 5.42908e-01 1.05570e-16 3.51849e-03 
4070.25 2.99947e-05 5.42987e-01 1.05358e-16 3.51599e-03 
4081.10 3.24799e-05 5.46440e-01 9.63597e-17 3.51361e-03 
4084.59 3.33439e-05 5.47548e-01 9.35966e-17 3.51374e-03 
4090.00 3.42632e-05 5.49263e-01 8.94329e-17 3.46539e-03 
4098.93 3.41447e-05 5.52083e-01 8.28849e-17 3.22402e-03 
4101.50 3.38784e-05 5.52890e-01 8.10753e-17 3.13557e-03 
4110.00 3.30079e-05 5.55548e-01 7.53121e-17 2.85740e-03 
4113.29 3.28763e-05 5.56573e-01 7.31719e-17 2.77244e-03 
4122.01 3.30443e-05 5.59280e-01 6.77395e-17 2.59777e-03 
4127.66 3.32745e-05 5.61027e-01 6.44015e-17 2.49815e-03 
4130.00 3.33371e-05 5.61751e-01 6.30561e-17 2.45512e-03 
4142.03 3.32359e-05 5.65450e-01 5.65144e-17 2.21461e-03 
4142.62 3.32258e-05 5.65630e-01 5.62089e-17 2.20298e-03 
4150.00 3.32046e-05 5.67881e-01 5.25010e-17 2.06821e-03 
4156.41 3.34230e-05 5.69828e-01 4.94494e-17 1.97057e-03 
4163.33 3.36691e-05 5.71920e-01 4.63261e-17 1.86964e-03 
4170.00 3.35859e-05 5.73929e-01 4.34776e-17 1.75930e-03 
4170.80 3.35391e-05 5.74171e-01 4.31448e-17 1.74447e-03 
4184.15 3.21360e-05 5.78170e-01 3.79273e-17 1.48433e-03 
4185.20 3.20353e-05 5.78485e-01 3.75395e-17 1.46571e-03 
4190.00 3.17368e-05 5.79913e-01 3.58178e-17 1.39047e-03 
4199.61 3.20115e-05 5.82761e-01 3.25737e-17 1.28469e-03 
4205.07 3.23068e-05 5.84370e-01 3.08483e-17 1.23285e-03 
4210.00 3.23783e-05 5.85818e-01 2.93592e-17 1.18023e-03 
4214.03 3.21912e-05 5.86997e-01 2.81897e-17 1.13002e-03 
4226.10 3.11026e-05 5.90510e-01 2.49293e-17 9.74083e-04 
4228.45 3.09627e-05 5.91194e-01 2.43323e-17 9.48107e-04 
4230.00 3.09094e-05 5.91641e-01 2.39482e-17 9.32580e-04 
4242.89 3.13358e-05 5.95357e-01 2.09494e-17 8.34783e-04 
4247.23 3.14618e-05 5.96600e-01 2.00186e-17 8.03395e-04 
4250.00 3.14326e-05 5.97394e-01 1.94428e-17 7.81107e-04 
4257.33 3.08484e-05 5.99485e-01 1.79919e-17 7.13096e-04 
4268.46 2.94273e-05 6.02640e-01 1.59753e-17 6.08770e-04 
4270.00 2.92648e-05 6.03074e-01 1.57133e-17 5.96121e-04 
4271.78 2.91021e-05 6.03577e-01 1.54143e-17 5.82255e-04 
4286.24 2.75391e-05 6.07629e-01 1.31746e-17 4.75690e-04 
4289.80 2.66743e-05 6.08620e-01 1.26707e-17 4.44225e-04 
4290.00 2.66168e-05 6.08675e-01 1.26435e-17 4.42374e-04 
4300.71 2.28894e-05 6.11642e-01 1.12341e-17 3.40512e-04 
4310.00 2.21824e-05 6.14196e-01 1.01304e-17 2.99461e-04 
4311.25 2.25205e-05 6.14540e-01 9.98931e-18 3.00047e-04 
4315.19 2.42399e-05 6.15619e-01 9.55758e-18 3.09823e-04 
4329.68 3.22515e-05 6.19563e-01 8.11318e-18 3.53350e-04 
4330.00 3.23424e-05 6.19650e-01 8.08354e-18 3.53128e-04 
4332.81 3.28256e-05 6.20410e-01 7.82878e-18 3.47759e-04 
4344.17 3.14762e-05 6.23469e-01 6.87209e-18 2.94929e-04 
4350.00 3.08015e-05 6.25028e-01 6.42479e-18 2.70859e-04 
4354.47 3.11620e-05 6.26220e-01 6.09988e-18 2.60935e-04 
4358.68 3.20071e-05 6.27337e-01 5.80847e-18 2.55910e-04 
4370.00 3.40234e-05 6.30329e-01 5.08696e-18 2.39999e-04 
4373.19 3.39041e-05 6.31169e-01 4.89926e-18 2.30807e-04 
4376.25 3.34851e-05 6.31970e-01 4.72565e-18 2.20310e-04 
4387.71 3.11619e-05 6.34963e-01 4.12397e-18 1.80239e-04 
4390.00 3.08991e-05 6.35558e-01 4.01288e-18 1.74158e-04 
4398.13 3.11807e-05 6.37660e-01 3.64047e-18 1.60259e-04 
4402.24 3.18320e-05 6.38720e-01 3.46448e-18 1.56102e-04 
4410.00 3.33861e-05 6.40709e-01 3.15435e-18 1.49795e-04 
4416.78 3.45765e-05 6.42440e-01 2.90481e-18 1.43470e-04 
4420.12 3.50317e-05 6.43290e-01 2.78903e-18 1.39855e-04 
4430.00 3.57254e-05 6.45799e-01 2.47103e-18 1.27139e-04 
4431.33 3.57320e-05 6.46136e-01 2.43094e-18 1.25202e-04 
4442.22 3.53690e-05 6.48870e-01 2.12517e-18 1.09068e-04 
4445.89 3.52803e-05 6.49782e-01 2.03061e-18 1.04186e-04 
4450.00 3.53429e-05 6.50798e-01 1.92936e-18 9.94133e-05 
4460.45 3.63582e-05 6.53350e-01 1.69316e-18 9.03129e-05 
4464.43 3.68192e-05 6.54310e-01 1.61074e-18 8.72113e-05 
4470.00 3.72531e-05 6.55646e-01 1.50167e-18 8.25348e-05 
4475.03 3.73049e-05 6.56845e-01 1.40932e-18 7.77962e-05 
4486.75 3.73522e-05 6.59640e-01 1.21451e-18 6.75898e-05 
4489.61 3.76339e-05 6.60325e-01 1.17107e-18 6.57736e-05 
4490.00 3.76871e-05 6.60418e-01 1.16526e-18 6.55549e-05 
4504.20 4.07082e-05 6.63834e-01 9.71501e-19 5.95286e-05 
4509.19 4.12177e-05 6.65030e-01 9.11142e-19 5.66933e-05 
4510.00 4.12207e-05 6.65225e-01 9.01620e-19 5.61316e-05 
4518.80 3.99040e-05 6.67326e-01 8.04668e-19 4.87436e-05 
4530.00 3.73689e-05 6.69973e-01 6.95751e-19 3.97231e-05 
4531.73 3.71714e-05 6.70380e-01 6.80236e-19 3.86703e-05 
4533.41 3.70558e-05 6.70774e-01 6.65483e-19 3.77502e-05 
4548.03 3.82664e-05 6.74180e-01 5.49596e-19 3.24626e-05 
4550.00 3.86014e-05 6.74636e-01 5.35563e-19 3.19461e-05 
4554.39 3.93669e-05 6.75650e-01 5.05516e-19 3.08277e-05 
4562.66 4.05624e-05 6.77554e-01 4.53300e-19 2.86151e-05 
4570.00 4.08810e-05 6.79237e-01 4.11360e-19 2.62787e-05 
4577.16 4.02362e-05 6.80870e-01 3.74106e-19 2.36154e-05 
4577.29 4.02184e-05 6.80900e-01 3.73447e-19 2.35651e-05 
4590.00 3.86728e-05 6.83775e-01 3.15412e-19 1.92722e-05 
4591.94 3.86095e-05 6.84212e-01 3.07370e-19 1.87701e-05 
4600.05 3.89053e-05 6.86030e-01 2.75885e-19 1.70516e-05 
4606.59 3.93809e-05 6.87491e-01 2.52814e-19 1.58729e-05 
4610.00 3.95494e-05 6.88248e-01 2.41577e-19 1.52604e-05 
4621.26 3.93764e-05 6.90736e-01 2.07882e-19 1.31537e-05 
4623.05 3.92934e-05 6.91130e-01 2.02973e-19 1.28283e-05 
4630.00 3.90016e-05 6.92652e-01 1.85009e-19 1.16492e-05 
4635.93 3.89177e-05 6.93944e-01 1.70977e-19 1.07762e-05 
4646.16 3.91430e-05 6.96160e-01 1.49274e-19 9.51401e-06 
4650.00 3.93226e-05 6.96987e-01 1.41896e-19 9.10361e-06 
4650.61 3.93549e-05 6.97118e-01 1.40762e-19 9.04112e-06 
4665.30 4.01694e-05 7.00261e-01 1.16120e-19 7.67123e-06 
4669.39 4.02977e-05 7.01130e-01 1.10115e-19 7.31324e-06 
4670.00 4.03090e-05 7.01258e-01 1.09256e-19 7.26046e-06 
4680.00 4.01776e-05 7.03366e-01 9.61217e-20 6.39964e-06 
4690.00 3.95040e-05 7.05459e-01 8.47716e-20 5.57775e-06 
4692.74 3.92386e-05 7.06030e-01 8.19471e-20 5.36315e-06 
4694.70 3.90385e-05 7.06439e-01 7.99947e-20 5.21387e-06 
4709.42 3.80508e-05 7.09487e-01 6.71005e-20 4.29462e-06 
4710.00 3.80554e-05 7.09606e-01 6.66511e-20 4.26761e-06 
4716.20 3.83746e-05 7.10880e-01 6.20979e-20 4.02192e-06 
4724.15 3.91900e-05 7.12499e-01 5.69136e-20 3.77939e-06 
4730.00 3.97755e-05 7.13686e-01 5.35182e-20 3.61751e-06 
4738.88 4.02516e-05 7.15478e-01 4.90032e-20 3.36668e-06 
4739.79 4.02760e-05 7.15660e-01 4.85830e-20 3.34133e-06 
4750.00 4.03886e-05 7.17709e-01 4.43266e-20 3.07248e-06 
4753.62 4.04017e-05 7.18432e-01 4.30186e-20 2.98806e-06 
4763.48 4.04261e-05 7.20390e-01 3.99484e-20 2.78982e-06 
4768.37 4.04288e-05 7.21354e-01 3.86762e-20 2.70755e-06 
4770.00 4.04279e-05 7.21674e-01 3.82881e-20 2.68242e-06 
4783.14 4.03486e-05 7.24241e-01 3.57490e-20 2.51543e-06 
4787.30 4.02758e-05 7.25050e-01 3.51533e-20 2.47396e-06 
4790.00 4.02106e-05 7.25573e-01 3.48183e-20 2.44955e-06 
4797.91 3.99615e-05 7.27099e-01 3.40573e-20 2.39012e-06 
4810.00 3.97886e-05 7.29414e-01 3.34931e-20 2.35373e-06 
4811.24 3.98096e-05 7.29650e-01 3.34743e-20 2.35501e-06 
4812.68 3.98445e-05 7.29925e-01 3.34611e-20 2.35774e-06 
4827.47 4.03135e-05 7.32716e-01 3.38539e-20 2.43018e-06 
4830.00 4.03118e-05 7.33190e-01 3.40138e-20 2.44441e-06 
4835.29 4.01246e-05 7.34180e-01 3.44334e-20 2.46911e-06 
4842.27 3.94299e-05 7.35481e-01 3.51573e-20 2.48533e-06 
4850.00 3.79496e-05 7.36915e-01 3.61806e-20 2.47039e-06 
4857.08 3.60113e-05 7.38220e-01 3.73164e-20 2.42562e-06 
4859.47 3.53664e-05 7.38660e-01 3.77434e-20 2.41206e-06 
4870.00 3.38956e-05 7.40581e-01 3.98713e-20 2.45374e-06 
4871.89 3.40254e-05 7.40924e-01 4.02965e-20 2.49152e-06 
4883.77 3.68121e-05 7.43070e-01 4.32640e-20 2.90955e-06 
4886.71 3.76041e-05 7.43600e-01 4.40792e-20 3.03214e-06 
4890.00 3.83179e-05 7.44190e-01 4.50251e-20 3.16062e-06 
4901.55 3.89100e-05 7.46253e-01 4.86605e-20 3.48643e-06 
4908.19 3.84607e-05 7.47430e-01 5.09703e-20 3.62033e-06 
4910.00 3.83127e-05 7.47750e-01 5.16291e-20 3.65594e-06 
4916.39 3.78469e-05 7.48873e-01 5.40480e-20 3.79130e-06 
4930.00 3.75182e-05 7.51247e-01 5.97084e-20 4.17667e-06 
4931.24 3.75561e-05 7.51462e-01 6.02597e-20 4.22177e-06 
4932.73 3.76179e-05 7.51720e-01 6.09276e-20 4.27834e-06 
4946.10 3.86408e-05 7.54029e-01 6.73214e-20 4.88397e-06 
4950.00 3.89655e-05 7.54698e-01 6.93179e-20 5.07958e-06 
4957.39 3.94177e-05 7.55960e-01 7.32717e-20 5.44883e-06 
4960.97 3.95224e-05 7.56568e-01 7.52664e-20 5.62059e-06 
4970.00 3.93184e-05 7.58091e-01 8.05354e-20 6.00598e-06 
4975.85 3.87665e-05 7.59073e-01 8.41336e-20 6.20155e-06 
4982.18 3.79087e-05 7.60130e-01 8.81939e-20 6.37394e-06 
4990.00 3.67232e-05 7.61431e-01 9.34564e-20 6.56453e-06 
4990.74 3.66149e-05 7.61554e-01 9.39663e-20 6.58292e-06 
5005.63 3.51704e-05 7.64011e-01 1.04812e-19 7.09693e-06 
5007.09 3.51516e-05 7.64250e-01 1.05928e-19 7.17299e-06 
5010.00 3.52072e-05 7.64726e-01 1.08189e-19 7.34652e-06 
5020.54 3.62470e-05 7.66441e-01 1.16721e-19 8.19546e-06 
5030.00 3.72038e-05 7.67968e-01 1.24851e-19 9.03262e-06 
5032.12 3.72833e-05 7.68310e-01 1.26740e-19 9.19683e-06 
5035.45 3.73027e-05 7.68845e-01 1.29745e-19 9.43264e-06 
5050.00 3.71424e-05 7.71163e-01 1.43565e-19 1.04539e-05 
5050.38 3.71578e-05 7.71223e-01 1.43939e-19 1.04871e-05 
5057.29 3.76857e-05 7.72310e-01 1.50916e-19 1.11826e-05 
5065.31 3.83973e-05 7.73562e-01 1.59355e-19 1.20696e-05 
5070.00 3.85515e-05 7.74289e-01 1.64455e-19 1.25292e-05 
5080.25 3.78631e-05 7.75879e-01 1.76049e-19 1.32268e-05 
5082.57 3.76264e-05 7.76240e-01 1.78757e-19 1.33585e-05 
5090.00 3.70621e-05 7.77398e-01 1.87647e-19 1.38534e-05 
5095.20 3.70431e-05 7.78204e-01 1.94074e-19 1.43500e-05 
5107.98 3.75812e-05 7.80130e-01 2.10566e-19 1.58745e-05 
5110.00 3.76180e-05 7.80422e-01 2.13260e-19 1.61057e-05 
5110.17 3.76193e-05 7.80446e-01 2.13482e-19 1.61240e-05 
5125.13 3.70066e-05 7.82551e-01 2.34322e-19 1.75079e-05 
5130.00 3.67313e-05 7.83232e-01 2.41409e-19 1.79358e-05 
5133.52 3.65807e-05 7.83730e-01 2.46641e-19 1.82736e-05 
5140.11 3.63071e-05 7.84680e-01 2.56643e-19 1.89195e-05 
5150.00 3.54115e-05 7.86134e-01 2.72200e-19 1.96453e-05 
5155.10 3.45208e-05 7.86888e-01 2.80489e-19 1.97729e-05 
5159.19 3.36786e-05 7.87490e-01 2.87265e-19 1.97873e-05 
5170.00 3.17285e-05 7.89062e-01 3.05728e-19 1.99209e-05 
5170.10 3.17167e-05 7.89076e-01 3.05900e-19 1.99255e-05 
5184.99 3.16074e-05 7.91210e-01 3.32697e-19 2.17171e-05 
5185.11 3.16184e-05 7.91227e-01 3.32913e-19 2.17397e-05 
5190.00 3.22200e-05 7.91924e-01 3.42073e-19 2.28044e-05 
5200.12 3.40424e-05 7.93360e-01 3.61560e-19 2.55627e-05 
5210.00 3.55255e-05 7.94752e-01 3.81300e-19 2.82358e-05 
5210.91 3.56020e-05 7.94880e-01 3.83161e-19 2.84443e-05 
5215.15 3.58122e-05 7.95472e-01 3.91865e-19 2.93077e-05 
5230.00 3.61343e-05 7.97532e-01 4.23458e-19 3.21294e-05 
5230.18 3.61477e-05 7.97556e-01 4.23850e-19 3.21732e-05 
5236.97 3.68600e-05 7.98490e-01 4.38840e-19 3.40513e-05 
5245.22 3.74971e-05 7.99620e-01 4.57529e-19 3.62232e-05 
5250.00 3.72468e-05 8.00271e-01 4.68575e-19 3.69137e-05 
5260.28 3.48395e-05 8.01663e-01 4.92908e-19 3.64553e-05 
5263.15 3.40849e-05 8.02050e-01 4.99862e-19 3.62063e-05 
5270.00 3.30062e-05 8.02968e-01 5.16658e-19 3.63270e-05 
5275.34 3.33250e-05 8.03680e-01 5.29989e-19 3.76958e-05 
5289.47 3.67667e-05 8.05550e-01 5.66298e-19 4.46609e-05 
5290.00 3.68943e-05 8.05620e-01 5.67692e-19 4.49346e-05 
5290.41 3.69894e-05 8.05674e-01 5.68764e-19 4.51421e-05 
5305.49 3.85005e-05 8.07648e-01 6.09218e-19 5.05953e-05 
5310.00 3.80833e-05 8.08235e-01 6.21639e-19 5.11479e-05 
5315.92 3.69407e-05 8.09000e-01 6.38146e-19 5.10358e-05 
5320.58 3.58613e-05 8.09600e-01 6.51329e-19 5.06499e-05 
5330.00 3.44391e-05 8.10805e-01 6.78436e-19 5.08309e-05 
5335.68 3.46989e-05 8.11527e-01 6.95065e-19 5.25723e-05 
5342.50 3.57542e-05 8.12390e-01 7.15330e-19 5.58812e-05 
5350.00 3.69079e-05 8.13335e-01 7.37996e-19 5.96651e-05 
5350.78 3.69852e-05 8.13434e-01 7.40388e-19 5.99999e-05 
5365.90 3.69737e-05 8.15321e-01 7.87250e-19 6.41062e-05 
5369.21 3.68319e-05 8.15730e-01 7.97693e-19 6.47798e-05 
5370.00 3.68033e-05 8.15828e-01 8.00205e-19 6.49508e-05 
5381.03 3.66161e-05 8.17184e-01 8.35595e-19 6.77293e-05 
5390.00 3.63770e-05 8.18278e-01 8.64927e-19 6.98584e-05 
5396.05 3.59844e-05 8.19010e-01 8.84990e-19 7.08502e-05 
5396.17 3.59760e-05 8.19023e-01 8.85360e-19 7.08659e-05 
5410.00 3.51460e-05 8.20682e-01 9.31999e-19 7.32128e-05 
5411.31 3.51314e-05 8.20838e-01 9.36471e-19 7.35654e-05 
5423.03 3.55635e-05 8.22230e-01 9.76888e-19 7.79846e-05 
5426.47 3.58021e-05 8.22636e-01 9.88850e-19 7.95586e-05 
5430.00 3.60583e-05 8.23054e-01 1.00124e-18 8.12256e-05 
5441.63 3.67491e-05 8.24423e-01 1.04241e-18 8.65139e-05 
5450.00 3.69236e-05 8.25403e-01 1.07243e-18 8.96721e-05 
5450.15 3.69231e-05 8.25420e-01 1.07297e-18 8.97203e-05 
5456.80 3.67847e-05 8.26195e-01 1.09705e-18 9.15875e-05 
5470.00 3.62430e-05 8.27721e-01 1.14535e-18 9.46141e-05 
5471.99 3.61823e-05 8.27950e-01 1.15267e-18 9.51203e-05 
5477.40 3.60711e-05 8.28570e-01 1.17271e-18 9.66448e-05 
5487.18 3.60028e-05 8.29682e-01 1.20916e-18 9.97709e-05 
5490.00 3.59974e-05 8.30002e-01 1.21974e-18 1.00719e-04 
5502.38 3.59807e-05 8.31392e-01 1.26641e-18 1.04936e-04 
5504.79 3.59802e-05 8.31660e-01 1.27553e-18 1.05771e-04 
5510.00 3.59846e-05 8.32239e-01 1.29534e-18 1.07603e-04 
5517.59 3.60147e-05 8.33077e-01 1.32429e-18 1.10362e-04 
5530.00 3.62161e-05 8.34438e-01 1.37186e-18 1.15413e-04 
5532.31 3.62853e-05 8.34690e-01 1.38075e-18 1.16467e-04 
5532.81 3.63013e-05 8.34744e-01 1.38267e-18 1.16698e-04 
5548.04 3.66585e-05 8.36398e-01 1.44143e-18 1.23437e-04 
5550.00 3.66433e-05 8.36610e-01 1.44902e-18 1.24110e-04 
5559.97 3.62477e-05 8.37680e-01 1.48762e-18 1.26429e-04 
5563.28 3.60374e-05 8.38032e-01 1.50043e-18 1.26907e-04 
5570.00 3.55693e-05 8.38745e-01 1.52648e-18 1.27695e-04 
5578.53 3.50408e-05 8.39643e-01 1.55953e-18 1.28856e-04 
5587.77 3.47889e-05 8.40610e-01 1.59533e-18 1.31235e-04 
5590.00 3.48083e-05 8.40842e-01 1.60395e-18 1.32107e-04 
5593.79 3.49239e-05 8.41236e-01 1.61859e-18 1.33908e-04 
5609.05 3.57817e-05 8.42816e-01 1.67745e-18 1.42842e-04 
5610.00 3.58206e-05 8.42914e-01 1.68110e-18 1.43349e-04 
5615.71 3.59584e-05 8.43500e-01 1.70302e-18 1.46027e-04 
5624.33 3.59687e-05 8.44379e-01 1.73599e-18 1.49280e-04 
5630.00 3.59496e-05 8.44954e-01 1.75759e-18 1.51313e-04 
5639.62 3.59838e-05 8.45922e-01 1.79404e-18 1.55040e-04 
5643.79 3.59715e-05 8.46340e-01 1.80979e-18 1.56540e-04 
5650.00 3.58439e-05 8.46959e-01 1.83311e-18 1.58284e-04 
5654.91 3.56207e-05 8.47446e-01 1.85147e-18 1.59104e-04 
5670.00 3.50139e-05 8.48933e-01 1.90733e-18 1.61825e-04 
5670.22 3.50141e-05 8.48954e-01 1.90813e-18 1.61904e-04 
5672.01 3.50299e-05 8.49130e-01 1.91470e-18 1.62620e-04 
5685.53 3.54627e-05 8.50448e-01 1.96386e-18 1.69522e-04 
5690.00 3.54649e-05 8.50881e-01 1.97993e-18 1.71140e-04 
5700.37 3.49267e-05 8.51880e-01 2.01682e-18 1.72199e-04 
5700.86 3.48990e-05 8.51927e-01 2.01854e-18 1.72233e-04 
5710.00 3.47536e-05 8.52800e-01 2.05059e-18 1.74697e-04 
5716.19 3.52851e-05 8.53387e-01 2.07202e-18 1.79540e-04 
5728.87 3.66374e-05 8.54580e-01 2.11522e-18 1.90997e-04 
5730.00 3.66806e-05 8.54686e-01 2.11902e-18 1.91627e-04 
5731.53 3.67022e-05 8.54829e-01 2.12416e-18 1.92288e-04 
5746.88 3.57174e-05 8.56252e-01 2.17484e-18 1.92426e-04 
5750.00 3.55531e-05 8.56539e-01 2.18493e-18 1.92599e-04 
5757.52 3.55593e-05 8.57230e-01 2.20898e-18 1.95165e-04 
5762.25 3.57103e-05 8.57664e-01 2.22392e-18 1.97580e-04 
5770.00 3.58361e-05 8.58373e-01 2.24803e-18 2.00862e-04 
5777.62 3.55220e-05 8.59065e-01 2.27128e-18 2.01588e-04 
5786.30 3.49928e-05 8.59850e-01 2.29722e-18 2.01339e-04 
5790.00 3.48609e-05 8.60182e-01 2.30807e-18 2.01735e-04 
5793.00 3.48381e-05 8.60450e-01 2.31680e-18 2.02533e-04 
5808.39 3.54705e-05 8.61817e-01 2.36038e-18 2.10981e-04 
5810.00 3.55579e-05 8.61959e-01 2.36482e-18 2.11993e-04 
5815.23 3.58036e-05 8.62420e-01 2.37910e-18 2.15055e-04 
5823.79 3.60091e-05 8.63170e-01 2.40191e-18 2.18875e-04 
5830.00 3.59385e-05 8.63712e-01 2.41805e-18 2.20286e-04 
5839.20 3.55005e-05 8.64510e-01 2.44130e-18 2.20243e-04 
5844.31 3.52518e-05 8.64950e-01 2.45386e-18 2.20130e-04 
5850.00 3.51320e-05 8.65438e-01 2.46755e-18 2.20945e-04 
5854.62 3.52166e-05 8.65832e-01 2.47844e-18 2.22732e-04 
5870.00 3.51389e-05 8.67133e-01 2.51317e-18 2.26285e-04 
5870.05 3.51340e-05 8.67137e-01 2.51328e-18 2.26267e-04 
5873.53 3.46946e-05 8.67430e-01 2.52081e-18 2.24315e-04 
5885.49 3.27804e-05 8.68430e-01 2.54571e-18 2.14716e-04 
5890.00 3.24733e-05 8.68805e-01 2.55473e-18 2.13714e-04 
5900.94 3.34833e-05 8.69709e-01 2.57570e-18 2.22813e-04 
5902.90 3.37891e-05 8.69870e-01 2.57933e-18 2.25282e-04 
5910.00 3.47342e-05 8.70450e-01 2.59211e-18 2.33167e-04 
5916.39 3.50187e-05 8.70969e-01 2.60317e-18 2.36475e-04 
5930.00 3.46251e-05 8.72066e-01 2.62521e-18 2.36637e-04 
5931.86 3.45794e-05 8.72216e-01 2.62807e-18 2.36697e-04 
5932.41 3.45689e-05 8.72260e-01 2.62891e-18 2.36735e-04 
5947.34 3.46113e-05 8.73453e-01 2.65038e-18 2.39889e-04 
5950.00 3.46428e-05 8.73665e-01 2.65395e-18 2.40597e-04 
5962.08 3.47024e-05 8.74620e-01 2.66915e-18 2.43149e-04 
5962.83 3.47014e-05 8.74679e-01 2.67005e-18 2.43271e-04 
5970.00 3.46653e-05 8.75242e-01 2.67825e-18 2.44215e-04 
5978.32 3.45624e-05 8.75891e-01 2.68706e-18 2.44813e-04 
5990.00 3.43043e-05 8.76795e-01 2.69811e-18 2.44712e-04 
5991.89 3.42500e-05 8.76940e-01 2.69975e-18 2.44591e-04 
5993.83 3.41913e-05 8.77089e-01 2.70140e-18 2.44442e-04 
6009.34 3.37533e-05 8.78275e-01 2.71306e-18 2.43308e-04 
6010.00 3.37408e-05 8.78324e-01 2.71349e-18 2.43297e-04 
6021.85 3.36627e-05 8.79220e-01 2.72050e-18 2.44089e-04 
6024.87 3.36889e-05 8.79448e-01 2.72204e-18 2.44604e-04 
6030.00 3.37779e-05 8.79832e-01 2.72442e-18 2.45781e-04 
6040.41 3.40847e-05 8.80608e-01 2.72836e-18 2.49019e-04 
6050.00 3.43237e-05 8.81316e-01 2.73093e-18 2.51603e-04 
6051.96 3.43463e-05 8.81460e-01 2.73133e-18 2.51928e-04 
6055.95 3.43579e-05 8.81752e-01 2.73203e-18 2.52327e-04 
6070.00 3.40728e-05 8.82772e-01 2.73308e-18 2.51201e-04 
6071.50 3.40159e-05 8.82881e-01 2.73307e-18 2.50873e-04 
6082.21 3.35646e-05 8.83650e-01 2.73228e-18 2.48126e-04 
6087.07 3.33973e-05 8.83997e-01 2.73152e-18 2.47114e-04 
6090.00 3.33285e-05 8.84206e-01 2.73094e-18 2.46730e-04 
6102.64 3.32278e-05 8.85102e-01 2.72742e-18 2.46427e-04 
6110.00 3.30248e-05 8.85617e-01 2.72460e-18 2.45106e-04 
6112.63 3.28777e-05 8.85800e-01 2.72347e-18 2.44068e-04 
6118.23 3.24789e-05 8.86188e-01 2.72081e-18 2.41198e-04 
6130.00 3.18605e-05 8.86993e-01 2.71418e-18 2.36698e-04 
6133.82 3.18895e-05 8.87251e-01 2.71174e-18 2.36917e-04 
6143.19 3.22219e-05 8.87880e-01 2.70514e-18 2.39338e-04 
6149.42 3.22912e-05 8.88295e-01 2.70028e-18 2.39777e-04 
6150.00 3.22795e-05 8.88333e-01 2.69981e-18 2.39681e-04 
6165.04 3.13271e-05 8.89322e-01 2.68648e-18 2.32285e-04 
6170.00 3.11990e-05 8.89646e-01 2.68161e-18 2.31186e-04 
6173.91 3.13244e-05 8.89900e-01 2.67763e-18 2.31984e-04 
6180.66 3.18702e-05 8.90338e-01 2.67041e-18 2.35764e-04 
6190.00 3.27058e-05 8.90945e-01 2.65976e-18 2.41508e-04 
6196.29 3.29461e-05 8.91357e-01 2.65215e-18 2.42946e-04 
6204.77 3.28884e-05 8.91920e-01 2.64136e-18 2.42016e-04 
6210.00 3.27396e-05 8.92272e-01 2.63441e-18 2.40585e-04 
6211.93 3.26778e-05 8.92404e-01 2.63177e-18 2.40001e-04 
6227.59 3.20287e-05 8.93474e-01 2.60936e-18 2.34098e-04 
6230.00 3.18894e-05 8.93638e-01 2.60573e-18 2.32889e-04 
6235.80 3.15151e-05 8.94030e-01 2.59682e-18 2.29682e-04 
6243.25 3.11030e-05 8.94526e-01 2.58500e-18 2.26042e-04 
6250.00 3.09943e-05 8.94969e-01 2.57392e-18 2.24640e-04 
6258.92 3.14045e-05 8.95546e-01 2.55876e-18 2.26742e-04 
6266.98 3.19886e-05 8.96060e-01 2.54459e-18 2.30108e-04 
6270.00 3.21732e-05 8.96252e-01 2.53915e-18 2.31102e-04 
6274.60 3.23609e-05 8.96543e-01 2.53076e-18 2.31927e-04 
6290.00 3.22443e-05 8.97506e-01 2.50163e-18 2.29239e-04 
6290.29 3.22326e-05 8.97524e-01 2.50106e-18 2.29119e-04 
6298.31 3.18360e-05 8.98020e-01 2.48528e-18 2.25282e-04 
6305.99 3.14519e-05 8.98491e-01 2.46978e-18 2.21562e-04 
6310.00 3.13155e-05 8.98736e-01 2.46156e-18 2.20066e-04 
6321.71 3.12777e-05 8.99444e-01 2.43700e-18 2.18184e-04 
6329.80 3.13928e-05 8.99930e-01 2.41956e-18 2.17815e-04 
6330.00 3.13954e-05 8.99942e-01 2.41913e-18 2.17804e-04 
6337.43 3.14607e-05 9.00384e-01 2.40282e-18 2.17146e-04 
6350.00 3.14281e-05 9.01127e-01 2.37455e-18 2.14972e-04 
6353.16 3.13925e-05 9.01313e-01 2.36733e-18 2.14226e-04 
6361.45 3.12906e-05 9.01800e-01 2.34813e-18 2.12190e-04 
6368.90 3.12626e-05 9.02237e-01 2.33063e-18 2.10769e-04 
6370.00 3.12689e-05 9.02301e-01 2.32802e-18 2.10626e-04 
6384.65 3.14574e-05 9.03154e-01 2.29282e-18 2.09370e-04 
6390.00 3.14157e-05 9.03463e-01 2.27974e-18 2.08145e-04 
6393.26 3.13208e-05 9.03650e-01 2.27171e-18 2.06934e-04 
6400.41 3.10046e-05 9.04057e-01 2.25398e-18 2.03565e-04 
6410.00 3.06706e-05 9.04598e-01 2.22991e-18 1.99639e-04 
6416.18 3.06893e-05 9.04945e-01 2.21423e-18 1.98623e-04 
6425.23 3.08802e-05 9.05450e-01 2.19105e-18 1.98157e-04 
6430.00 3.09342e-05 9.05716e-01 2.17872e-18 1.97591e-04 
6431.96 3.09284e-05 9.05826e-01 2.17364e-18 1.97178e-04 
6447.75 3.05634e-05 9.06702e-01 2.13232e-18 1.91801e-04 
6450.00 3.05202e-05 9.06826e-01 2.12638e-18 1.91089e-04 
6457.35 3.04673e-05 9.07230e-01 2.10688e-18 1.89308e-04 
6463.55 3.04602e-05 9.07567e-01 2.09035e-18 1.88029e-04 
6470.00 3.03996e-05 9.07916e-01 2.07305e-18 1.86360e-04 
6479.36 3.01442e-05 9.08420e-01 2.04781e-18 1.82910e-04 
6489.64 2.99674e-05 9.08970e-01 2.01992e-18 1.79753e-04 
6490.00 2.99691e-05 9.08989e-01 2.01893e-18 1.79689e-04 
6495.18 3.00634e-05 9.09266e-01 2.00481e-18 1.79191e-04 
6510.00 3.05632e-05 9.10055e-01 1.96419e-18 1.79042e-04 
6511.01 3.05818e-05 9.10108e-01 1.96142e-18 1.78936e-04 
6522.09 3.05848e-05 9.10690e-01 1.93088e-18 1.76580e-04 
6526.85 3.05353e-05 9.10937e-01 1.91772e-18 1.75268e-04 
6530.00 3.05087e-05 9.11100e-01 1.90900e-18 1.74435e-04 
6542.70 3.02620e-05 9.11751e-01 1.87379e-18 1.70285e-04 
6550.00 2.95538e-05 9.12122e-01 1.85351e-18 1.64750e-04 
6554.70 2.87357e-05 9.12360e-01 1.84045e-18 1.59217e-04 
6558.56 2.79771e-05 9.12556e-01 1.82971e-18 1.54233e-04 
6570.00 2.66398e-05 9.13134e-01 1.79789e-18 1.44649e-04 
6574.43 2.69583e-05 9.13357e-01 1.78556e-18 1.45509e-04 
6587.47 2.93746e-05 9.14010e-01 1.74929e-18 1.55749e-04 
6590.00 2.97698e-05 9.14136e-01 1.74226e-18 1.57293e-04 
6590.31 2.98109e-05 9.14151e-01 1.74140e-18 1.57442e-04 
6606.20 3.02397e-05 9.14937e-01 1.69731e-18 1.56172e-04 
6610.00 3.01197e-05 9.15124e-01 1.68678e-18 1.54709e-04 
6620.41 2.99204e-05 9.15630e-01 1.65800e-18 1.51384e-04 
6622.10 2.99049e-05 9.15712e-01 1.65334e-18 1.50932e-04 
6630.00 2.98726e-05 9.16092e-01 1.63157e-18 1.49023e-04 
6638.01 2.98683e-05 9.16474e-01 1.60956e-18 1.47231e-04 
6650.00 2.97646e-05 9.17044e-01 1.57674e-18 1.44077e-04 
6653.51 2.96852e-05 9.17210e-01 1.56717e-18 1.42922e-04 
6653.93 2.96746e-05 9.17230e-01 1.56603e-18 1.42778e-04 
6669.86 2.93870e-05 9.17983e-01 1.52280e-18 1.37934e-04 
6670.00 2.93877e-05 9.17989e-01 1.52242e-18 1.37907e-04 
6685.80 2.97110e-05 9.18734e-01 1.47992e-18 1.35963e-04 
6686.78 2.97217e-05 9.18780e-01 1.47730e-18 1.35799e-04 
6690.00 2.97248e-05 9.18932e-01 1.46870e-18 1.35109e-04 
6701.75 2.93696e-05 9.19483e-01 1.43745e-18 1.30962e-04 
6710.00 2.91340e-05 9.19868e-01 1.41567e-18 1.28154e-04 
6717.71 2.91778e-05 9.20225e-01 1.39543e-18 1.26706e-04 
6720.21 2.92272e-05 9.20340e-01 1.38889e-18 1.26389e-04 
6730.00 2.93855e-05 9.20788e-01 1.36343e-18 1.24987e-04 
6733.68 2.93714e-05 9.20955e-01 1.35390e-18 1.24144e-04 
6749.66 2.90425e-05 9.21674e-01 1.31291e-18 1.19413e-04 
6750.00 2.90369e-05 9.21689e-01 1.31205e-18 1.19319e-04 
6753.81 2.89911e-05 9.21860e-01 1.30235e-18 1.18340e-04 
6765.65 2.89722e-05 9.22387e-01 1.27248e-18 1.15818e-04 
6770.00 2.89760e-05 9.22580e-01 1.26159e-18 1.14941e-04 
6781.65 2.89225e-05 9.23092e-01 1.23265e-18 1.12352e-04 
6787.58 2.88577e-05 9.23350e-01 1.21806e-18 1.10901e-04 
6790.00 2.88242e-05 9.23455e-01 1.21214e-18 1.10285e-04 
6797.66 2.87034e-05 9.23785e-01 1.19346e-18 1.08291e-04 
6810.00 2.86056e-05 9.24312e-01 1.16373e-18 1.05485e-04 
6813.69 2.86326e-05 9.24468e-01 1.15492e-18 1.04861e-04 
6821.52 2.87236e-05 9.24800e-01 1.13634e-18 1.03657e-04 
6829.72 2.87179e-05 9.25146e-01 1.11708e-18 1.02040e-04 
6830.00 2.87136e-05 9.25158e-01 1.11642e-18 1.01970e-04 
6845.76 2.82063e-05 9.25820e-01 1.07994e-18 9.71886e-05 
6850.00 2.81090e-05 9.25996e-01 1.07024e-18 9.60618e-05 
6855.63 2.80895e-05 9.26230e-01 1.05746e-18 9.49503e-05 
6861.81 2.81665e-05 9.26485e-01 1.04352e-18 9.40665e-05 
6870.00 2.83011e-05 9.26821e-01 1.02524e-18 9.30046e-05 
6877.87 2.83472e-05 9.27142e-01 1.00785e-18 9.17130e-05 
6889.91 2.82764e-05 9.27630e-01 9.81640e-19 8.93076e-05 
6890.00 2.82755e-05 9.27634e-01 9.81437e-19 8.92878e-05 
6893.94 2.82332e-05 9.27793e-01 9.72943e-19 8.84484e-05 
6910.00 2.80549e-05 9.28439e-01 9.38859e-19 8.50676e-05 
6910.03 2.80547e-05 9.28440e-01 9.38803e-19 8.50623e-05 
6924.36 2.79566e-05 9.29010e-01 9.09060e-19 8.23001e-05 
6926.12 2.79461e-05 9.29080e-01 9.05445e-19 8.19690e-05 
6930.00 2.79215e-05 9.29232e-01 8.97520e-19 8.12388e-05 
6942.22 2.78284e-05 9.29708e-01 8.72876e-19 7.89240e-05 
6950.00 2.77726e-05 9.30008e-01 8.57434e-19 7.74839e-05 
6958.33 2.77318e-05 9.30326e-01 8.41101e-19 7.60133e-05 
6958.98 2.77297e-05 9.30350e-01 8.39850e-19 7.59036e-05 
6970.00 2.77234e-05 9.30765e-01 8.18608e-19 7.41171e-05 
6974.46 2.77354e-05 9.30932e-01 8.10126e-19 7.34409e-05 
6990.00 2.75843e-05 9.31503e-01 7.81043e-19 7.06189e-05 
6990.59 2.75655e-05 9.31525e-01 7.79952e-19 7.04798e-05 
6993.77 2.74453e-05 9.31640e-01 7.74099e-19 6.96862e-05 
7006.73 2.69023e-05 9.32106e-01 7.50580e-19 6.63881e-05 
7010.00 2.68330e-05 9.32223e-01 7.44738e-19 6.57407e-05 
7022.89 2.69918e-05 9.32692e-01 7.22009e-19 6.42617e-05 
7028.74 2.71416e-05 9.32910e-01 7.11858e-19 6.37778e-05 
7030.00 2.71683e-05 9.32958e-01 7.09689e-19 6.36606e-05 
7039.05 2.72615e-05 9.33303e-01 6.94235e-19 6.25917e-05 
7050.00 2.72072e-05 9.33719e-01 6.75886e-19 6.09377e-05 
7055.23 2.71465e-05 9.33910e-01 6.67255e-19 6.00821e-05 
7063.88 2.70264e-05 9.34210e-01 6.53144e-19 5.86420e-05 
7070.00 2.69418e-05 9.34405e-01 6.43317e-19 5.76408e-05 
7071.41 2.69238e-05 9.34448e-01 6.41064e-19 5.74145e-05 
7087.61 2.67935e-05 9.34899e-01 6.15655e-19 5.50243e-05 
7090.00 2.67907e-05 9.34961e-01 6.11967e-19 5.47110e-05 
7099.20 2.68114e-05 9.35190e-01 5.97944e-19 5.35812e-05 
7103.81 2.68167e-05 9.35301e-01 5.91020e-19 5.30119e-05 
7110.00 2.67866e-05 9.35441e-01 5.81819e-19 5.21812e-05 
7120.03 2.66135e-05 9.35623e-01 5.67150e-19 5.06181e-05 
7130.00 2.63899e-05 9.35717e-01 5.52853e-19 4.90010e-05 
7134.70 2.63047e-05 9.35720e-01 5.46215e-19 4.82883e-05 
7136.25 2.62812e-05 9.35714e-01 5.44035e-19 4.80629e-05 
7150.00 2.61876e-05 9.35591e-01 5.25048e-19 4.63030e-05 
7152.49 2.61940e-05 9.35571e-01 5.21666e-19 4.60310e-05 
7168.74 2.61475e-05 9.35665e-01 5.00030e-19 4.41481e-05 
7170.00 2.61183e-05 9.35699e-01 4.98379e-19 4.39625e-05 
7170.37 2.61085e-05 9.35710e-01 4.97891e-19 4.39058e-05 
7184.99 2.55626e-05 9.36422e-01 4.79116e-19 4.14827e-05 
7190.00 2.54610e-05 9.36746e-01 4.72822e-19 4.08175e-05 
7201.26 2.56248e-05 9.37493e-01 4.58910e-19 3.99658e-05 
7206.23 2.57622e-05 9.37790e-01 4.52885e-19 3.96924e-05 
7210.00 2.58443e-05 9.37988e-01 4.48349e-19 3.94491e-05 
7217.54 2.58951e-05 9.38319e-01 4.39400e-19 3.87917e-05 
7230.00 2.58233e-05 9.38727e-01 4.24934e-19 3.74917e-05 
7233.83 2.58126e-05 9.38832e-01 4.20571e-19 3.71150e-05 
7242.26 2.58283e-05 9.39050e-01 4.11094e-19 3.63515e-05 
7250.00 2.58677e-05 9.39256e-01 4.02548e-19 3.56960e-05 
7250.13 2.58684e-05 9.39260e-01 4.02410e-19 3.56855e-05 
7266.44 2.58292e-05 9.39760e-01 3.84901e-19 3.41760e-05 
7270.00 2.57470e-05 9.39886e-01 3.81161e-19 3.37573e-05 
7278.47 2.54268e-05 9.40220e-01 3.72400e-19 3.26207e-05 
7282.76 2.52572e-05 9.40409e-01 3.68030e-19 3.20483e-05 
7290.00 2.50821e-05 9.40751e-01 3.60744e-19 3.12385e-05 
7299.09 2.51738e-05 9.41207e-01 3.51782e-19 3.06267e-05 
7310.00 2.54021e-05 9.41756e-01 3.41267e-19 3.00430e-05 
7314.86 2.54165e-05 9.41990e-01 3.36672e-19 2.96824e-05 
7315.43 2.54141e-05 9.42017e-01 3.36142e-19 2.96359e-05 
7330.00 2.52491e-05 9.42651e-01 3.22699e-19 2.83415e-05 
7331.78 2.52361e-05 9.42722e-01 3.21093e-19 2.81949e-05 
7348.14 2.52723e-05 9.43342e-01 3.06620e-19 2.70405e-05 
7350.00 2.52846e-05 9.43409e-01 3.05010e-19 2.69203e-05 
7351.43 2.52939e-05 9.43460e-01 3.03773e-19 2.68278e-05 
7364.51 2.53143e-05 9.43917e-01 2.92709e-19 2.59300e-05 
7370.00 2.52495e-05 9.44104e-01 2.88168e-19 2.54864e-05 
7380.89 2.49538e-05 9.44465e-01 2.79342e-19 2.44620e-05 
7388.19 2.47075e-05 9.44700e-01 2.73560e-19 2.37486e-05 
7390.00 2.46498e-05 9.44757e-01 2.72144e-19 2.35776e-05 
7397.28 2.44535e-05 9.44986e-01 2.66505e-19 2.29333e-05 
7410.00 2.43106e-05 9.45374e-01 2.56907e-19 2.20251e-05 
7413.69 2.43295e-05 9.45484e-01 2.54181e-19 2.18217e-05 
7425.13 2.44751e-05 9.45820e-01 2.45884e-19 2.12760e-05 
7430.00 2.45243e-05 9.45961e-01 2.42428e-19 2.10361e-05 
7430.10 2.45250e-05 9.45964e-01 2.42356e-19 2.10308e-05 
7446.53 2.45163e-05 9.46430e-01 2.31014e-19 2.00936e-05 
7450.00 2.45204e-05 9.46528e-01 2.28677e-19 1.99050e-05 
7462.26 2.46109e-05 9.46870e-01 2.20595e-19 1.93111e-05 
7462.96 2.46157e-05 9.46890e-01 2.20140e-19 1.92772e-05 
7470.00 2.46288e-05 9.47086e-01 2.15624e-19 1.89136e-05 
7479.41 2.45208e-05 9.47347e-01 2.09718e-19 1.83430e-05 
7490.00 2.43653e-05 9.47639e-01 2.03241e-19 1.76942e-05 
7495.86 2.43309e-05 9.47799e-01 1.99734e-19 1.73808e-05 
7499.57 2.43270e-05 9.47900e-01 1.97545e-19 1.71979e-05 
7510.00 2.43372e-05 9.48181e-01 1.91500e-19 1.67069e-05 
7512.33 2.43353e-05 9.48244e-01 1.90173e-19 1.65960e-05 
7528.81 2.42969e-05 9.48682e-01 1.81022e-19 1.58143e-05 
7530.00 2.42968e-05 9.48713e-01 1.80374e-19 1.57607e-05 
7537.07 2.43087e-05 9.48900e-01 1.76585e-19 1.54547e-05 
7545.29 2.43141e-05 9.49117e-01 1.72264e-19 1.50998e-05 
7550.00 2.42919e-05 9.49241e-01 1.69836e-19 1.48847e-05 
7561.79 2.41370e-05 9.49549e-01 1.63888e-19 1.42987e-05 
7570.00 2.40281e-05 9.49759e-01 1.59860e-19 1.39025e-05 
7574.75 2.39946e-05 9.49880e-01 1.57569e-19 1.36945e-05 
7578.30 2.39812e-05 9.49969e-01 1.55879e-19 1.35476e-05 
7590.00 2.39423e-05 9.50259e-01 1.50421e-19 1.30762e-05 
7594.82 2.39039e-05 9.50378e-01 1.48223e-19 1.28742e-05 
7610.00 2.37715e-05 9.50754e-01 1.41494e-19 1.22509e-05 
7611.35 2.37668e-05 9.50788e-01 1.40908e-19 1.22005e-05 
7612.63 2.37642e-05 9.50820e-01 1.40358e-19 1.21539e-05 
7627.89 2.38116e-05 9.51207e-01 1.33921e-19 1.16477e-05 
7630.00 2.38221e-05 9.51260e-01 1.33054e-19 1.15813e-05 
7644.44 2.37982e-05 9.51615e-01 1.27250e-19 1.10900e-05 
7650.00 2.36863e-05 9.51744e-01 1.25080e-19 1.08590e-05 
7650.69 2.36663e-05 9.51760e-01 1.24813e-19 1.08279e-05 
7661.01 2.32885e-05 9.51988e-01 1.20882e-19 1.03358e-05 
7670.00 2.30852e-05 9.52187e-01 1.17549e-19 9.97683e-06 
7677.58 2.31785e-05 9.52368e-01 1.14806e-19 9.79496e-06 
7688.94 2.34351e-05 9.52680e-01 1.10804e-19 9.57549e-06 
7690.00 2.34443e-05 9.52712e-01 1.10439e-19 9.54930e-06 
7694.16 2.34367e-05 9.52845e-01 1.09010e-19 9.42913e-06 
7710.00 2.31605e-05 9.53335e-01 1.03730e-19 8.88941e-06 
7710.76 2.31531e-05 9.53355e-01 1.03483e-19 8.86654e-06 
7727.36 2.31584e-05 9.53580e-01 9.82146e-20 8.43714e-06 
7727.39 2.31583e-05 9.53580e-01 9.82063e-20 8.43644e-06 
7730.00 2.31441e-05 9.53568e-01 9.74008e-20 8.36483e-06 
7743.98 2.29075e-05 9.53443e-01 9.31935e-20 7.93498e-06 
7750.00 2.28439e-05 9.53482e-01 9.14334e-20 7.76986e-06 
7760.60 2.29349e-05 9.53933e-01 8.84099e-20 7.55675e-06 
7766.03 2.30206e-05 9.54440e-01 8.69004e-20 7.46466e-06 
7770.00 2.30702e-05 9.54951e-01 8.58090e-20 7.39452e-06 
7777.24 2.30986e-05 9.56010e-01 8.38538e-20 7.24969e-06 
7790.00 2.30318e-05 9.57241e-01 8.05099e-20 6.96081e-06 
7793.89 2.30053e-05 9.57193e-01 7.95159e-20 6.87005e-06 
7804.86 2.29225e-05 9.55230e-01 7.67743e-20 6.60502e-06 
7810.00 2.28691e-05 9.53167e-01 7.55190e-20 6.47214e-06 
7810.55 2.28625e-05 9.52910e-01 7.53866e-20 6.45765e-06 
7827.22 2.26338e-05 9.43829e-01 7.14573e-20 6.01490e-06 
7830.00 2.26030e-05 9.42440e-01 7.08203e-20 5.94652e-06 
7843.88 2.25371e-05 9.38660e-01 6.77229e-20 5.65712e-06 
7843.90 2.25371e-05 9.38660e-01 6.77191e-20 5.65682e-06 
7850.00 2.25517e-05 9.39439e-01 6.63981e-20 5.55899e-06 
7860.59 2.26173e-05 9.43557e-01 6.41638e-20 5.41849e-06 
7870.00 2.26523e-05 9.48384e-01 6.22375e-20 5.29720e-06 
7877.29 2.26243e-05 9.51676e-01 6.07834e-20 5.18979e-06 
7883.10 2.25729e-05 9.53400e-01 5.96476e-20 5.09421e-06 
7890.00 2.24932e-05 9.53983e-01 5.83245e-20 4.97100e-06 
7894.00 2.24430e-05 9.53713e-01 5.75700e-20 4.89683e-06 
7910.00 2.21828e-05 9.50451e-01 5.46455e-20 4.58776e-06 
7910.73 2.21673e-05 9.50287e-01 5.45163e-20 4.57334e-06 
7922.51 2.18944e-05 9.48540e-01 5.24567e-20 4.34485e-06 
7927.46 2.17956e-05 9.48654e-01 5.16150e-20 4.25902e-06 
7930.00 2.17555e-05 9.48915e-01 5.11876e-20 4.21849e-06 
7944.20 2.16975e-05 9.52082e-01 4.88592e-20 4.03650e-06 
7950.00 2.17469e-05 9.53786e-01 4.79385e-20 3.97944e-06 
7960.96 2.19143e-05 9.56746e-01 4.62422e-20 3.88555e-06 
7962.13 2.19333e-05 9.57000e-01 4.60651e-20 3.87562e-06 
7970.00 2.20391e-05 9.58288e-01 4.48865e-20 3.80354e-06 
7977.73 2.20754e-05 9.58953e-01 4.37577e-20 3.72017e-06 
7990.00 2.19909e-05 9.59214e-01 4.20205e-20 3.56525e-06 
7994.50 2.19224e-05 9.59181e-01 4.13995e-20 3.50348e-06 
8001.94 2.17954e-05 9.59110e-01 4.03941e-20 3.40149e-06 
8010.00 2.16893e-05 9.59128e-01 3.93299e-20 3.29914e-06 
8011.29 2.16795e-05 9.59141e-01 3.91617e-20 3.28412e-06 
8028.09 2.16324e-05 9.59495e-01 3.70387e-20 3.10698e-06 
8030.00 2.16190e-05 9.59549e-01 3.68048e-20 3.08636e-06 
8041.95 2.14692e-05 9.59910e-01 3.53713e-20 2.95109e-06 
8044.90 2.14373e-05 9.59997e-01 3.50250e-20 2.91919e-06 
8050.00 2.14130e-05 9.60142e-01 3.44355e-20 2.86906e-06 
8061.72 2.15028e-05 9.60451e-01 3.31154e-20 2.77557e-06 
8070.00 2.15171e-05 9.60651e-01 3.22131e-20 2.70507e-06 
8078.56 2.13612e-05 9.60843e-01 3.13050e-20 2.61306e-06 
8082.16 2.12725e-05 9.60920e-01 3.09302e-20 2.57241e-06 
8090.00 2.11243e-05 9.61081e-01 3.01289e-20 2.49114e-06 
8095.40 2.11070e-05 9.61188e-01 2.95889e-20 2.44639e-06 
8110.00 2.12557e-05 9.61471e-01 2.81749e-20 2.35081e-06 
8112.25 2.12769e-05 9.61515e-01 2.79625e-20 2.33618e-06 
8122.57 2.13163e-05 9.61720e-01 2.70101e-20 2.26415e-06 
8129.12 2.12947e-05 9.61856e-01 2.64216e-20 2.21466e-06 
8130.00 2.12891e-05 9.61875e-01 2.63434e-20 2.20780e-06 
8145.99 2.11510e-05 9.62215e-01 2.49619e-20 2.08328e-06 
8150.00 2.11338e-05 9.62299e-01 2.46270e-20 2.05485e-06 
8162.88 2.11307e-05 9.62554e-01 2.35794e-20 1.97078e-06 
8163.18 2.11292e-05 9.62560e-01 2.35555e-20 1.96873e-06 
8170.00 2.10427e-05 9.62683e-01 2.30190e-20 1.91785e-06 
8179.78 2.07265e-05 9.62847e-01 2.22702e-20 1.83009e-06 
8190.00 2.04173e-05 9.63009e-01 2.15128e-20 1.74395e-06 
8196.69 2.03711e-05 9.63114e-01 2.10308e-20 1.70258e-06 
8204.00 2.04166e-05 9.63230e-01 2.05160e-20 1.66630e-06 
8210.00 2.04580e-05 9.63328e-01 2.01023e-20 1.63738e-06 
8213.61 2.04619e-05 9.63389e-01 1.98576e-20 1.61857e-06 
8230.00 2.03908e-05 9.63675e-01 1.87817e-20 1.52905e-06 
8230.54 2.03902e-05 9.63685e-01 1.87473e-20 1.52632e-06 
8245.02 2.04618e-05 9.63950e-01 1.78459e-20 1.46100e-06 
8247.48 2.04833e-05 9.63996e-01 1.76967e-20 1.45082e-06 
8250.00 2.05058e-05 9.64043e-01 1.75455e-20 1.44050e-06 
8264.43 2.06068e-05 9.64316e-01 1.67028e-20 1.38088e-06 
8270.00 2.06185e-05 9.64422e-01 1.63885e-20 1.35672e-06 
8281.40 2.05702e-05 9.64638e-01 1.57627e-20 1.30395e-06 
8286.24 2.05217e-05 9.64730e-01 1.55039e-20 1.28039e-06 
8290.00 2.04736e-05 9.64801e-01 1.53059e-20 1.26174e-06 
8298.37 2.03359e-05 9.64957e-01 1.48737e-20 1.21928e-06 
8310.00 2.00827e-05 9.65170e-01 1.42931e-20 1.15898e-06 
8315.36 1.99451e-05 9.65266e-01 1.40330e-20 1.13094e-06 
