##### EXOPHOT SPECTRAL OVERLAP FILE #####
# Date: 01/12/2021 13:14:56
# SED file: SED_g2v.txt
# atmosphere file: atm_g2v_hzm_os1.txt
# photopigment file: phot4.txt
# Stellar radius (Rs in km): 6.963400e+05
# Exoplanet orbit semi-major axis (sma in km): 1.481139e+08
# Total absorption rate (gamma_t in s-1): 3.91922e+00
# B band absorption rate (gamma_B in s-1): 3.75474e+00
# Q band absorption rate (gamma_Q in s-1): 1.64477e-01
# B-Q bands cut-off (in nm): 500
# photosynthetic photon flux density [ppfd in micromol photon m-2 s-1]: 2.11569e+03
# Total Stellar Irradiance (S in W m-2): 1.37004e+03
# -------------------------------------------------
# Col 1: Wavelength (wl in Angstrom) 
# Col 2: Spectral Flux Density (F_l in J cm-2 s-1 A-1) 
# Col 3: Atmosphere transmitance (T, no units) 
# Col 4: Pigment absorption cross section (sigma_abs in cm-2) 
# Col 5: Spectral Absorption Rate (Gamma_lambda in A-1 s-1)
2503.42 9.70681e-07 -2.05795e-19 9.18144e-23 -2.31141e-29 
2505.00 8.30996e-07 -1.60891e-19 1.01415e-22 -1.70987e-29 
2513.00 3.76036e-07 -2.10790e-20 1.60154e-22 -1.60596e-30 
2515.76 3.01355e-07 0.00000e+00 1.86508e-22 0.00000e+00 
2516.83 2.81715e-07 5.31241e-21 1.97896e-22 3.75246e-31 
2518.00 2.65815e-07 9.48614e-21 2.11089e-22 6.74705e-31 
2525.00 2.68980e-07 8.77689e-21 3.10568e-22 9.31972e-31 
2528.34 3.11401e-07 0.00000e+00 3.72636e-22 0.00000e+00 
2530.25 3.37577e-07 -5.31141e-21 4.13317e-22 -9.43958e-31 
2535.00 3.73490e-07 -1.36538e-20 5.32120e-22 -3.46292e-30 
2540.98 3.64323e-07 0.00000e+00 7.27891e-22 0.00000e+00 
2543.69 4.21022e-07 1.85688e-20 8.37163e-22 8.38080e-30 
2545.00 4.79310e-07 2.80064e-20 8.95467e-22 1.54005e-29 
2553.68 1.11450e-06 0.00000e+00 1.38790e-21 0.00000e+00 
2555.00 1.15978e-06 -3.01433e-20 1.48180e-21 -6.66303e-29 
2557.12 1.16277e-06 -8.68708e-20 1.64576e-21 -2.13997e-28 
2565.00 9.81278e-07 -8.75256e-20 2.41169e-21 -2.67461e-28 
2566.45 1.01756e-06 0.00000e+00 2.58518e-21 0.00000e+00 
2570.57 1.25032e-06 3.90137e-19 3.14260e-21 1.98372e-27 
2575.00 1.48751e-06 5.98258e-19 3.86345e-21 4.45682e-27 
2579.28 1.49187e-06 0.00000e+00 4.70505e-21 0.00000e+00 
2584.03 1.35031e-06 -1.67087e-18 5.83323e-21 -1.71201e-26 
2585.00 1.32188e-06 -1.95630e-18 6.09350e-21 -2.05059e-26 
2592.18 1.20336e-06 0.00000e+00 8.36990e-21 0.00000e+00 
2595.00 1.15895e-06 3.65679e-18 9.46211e-21 5.23859e-26 
2597.49 1.10151e-06 6.90758e-18 1.05328e-20 1.04794e-25 
2605.00 9.02072e-07 5.38217e-19 1.44720e-20 9.21424e-27 
2605.14 8.99153e-07 0.00000e+00 1.45576e-20 0.00000e+00 
2610.96 8.26387e-07 -2.78162e-17 1.85144e-20 -5.59390e-25 
2615.00 8.16755e-07 -2.86299e-17 2.18126e-20 -6.71451e-25 
2618.17 8.33844e-07 0.00000e+00 2.47632e-20 0.00000e+00 
2624.44 1.14213e-06 1.09818e-16 3.17034e-20 5.25355e-24 
2625.00 1.20017e-06 1.15400e-16 3.24056e-20 5.93090e-24 
2631.26 2.11169e-06 0.00000e+00 4.12098e-20 0.00000e+00 
2635.00 2.61587e-06 -2.59142e-16 4.74597e-20 -4.26760e-23 
2637.92 2.85394e-06 -4.27136e-16 5.29206e-20 -8.56686e-23 
2644.41 3.46147e-06 0.00000e+00 6.71120e-20 0.00000e+00 
2645.00 3.56199e-06 1.27764e-16 6.85478e-20 4.15378e-23 
2651.42 4.95809e-06 1.64297e-15 8.61697e-20 9.36916e-22 
2655.00 5.21474e-06 1.37174e-15 9.76731e-20 9.33829e-22 
2657.64 4.82872e-06 0.00000e+00 1.06988e-19 0.00000e+00 
2664.92 2.95562e-06 -6.26869e-15 1.36953e-19 -3.40412e-21 
2665.00 2.94255e-06 -6.29508e-15 1.37330e-19 -3.41280e-21 
2670.92 2.90550e-06 0.00000e+00 1.67006e-19 0.00000e+00 
2675.00 3.48091e-06 1.48111e-14 1.90572e-19 1.32308e-20 
2678.43 3.98915e-06 2.37814e-14 2.12593e-19 2.71939e-20 
2684.28 4.30503e-06 0.00000e+00 2.55339e-19 0.00000e+00 
2685.00 4.25848e-06 -8.34072e-15 2.61092e-19 -1.25349e-20 
2691.94 3.14167e-06 -8.98651e-14 3.22514e-19 -1.23393e-19 
2695.00 2.84267e-06 -7.33075e-14 3.53255e-19 -9.98724e-20 
2697.70 2.95571e-06 0.00000e+00 3.82487e-19 0.00000e+00 
2705.00 3.71936e-06 3.31577e-13 4.72106e-19 7.92836e-19 
2705.47 3.72193e-06 3.38662e-13 4.78437e-19 8.21344e-19 
2711.19 3.10995e-06 0.00000e+00 5.61505e-19 0.00000e+00 
2715.00 2.43166e-06 -7.23510e-13 6.23377e-19 -1.49897e-18 
2719.00 1.88648e-06 -1.27363e-12 6.94428e-19 -2.28379e-18 
2724.74 1.66641e-06 0.00000e+00 8.08072e-19 0.00000e+00 
2725.00 1.67555e-06 1.46935e-13 8.13462e-19 2.74732e-19 
2732.54 2.25780e-06 4.78031e-12 9.86732e-19 1.46498e-17 
2735.00 2.28481e-06 4.33446e-12 1.04930e-18 1.43075e-17 
2738.37 1.98216e-06 0.00000e+00 1.14032e-18 0.00000e+00 
2745.00 1.17029e-06 -1.66177e-11 1.33823e-18 -3.59633e-17 
2746.09 1.13141e-06 -1.78975e-11 1.37333e-18 -3.84437e-17 
2752.06 1.46225e-06 0.00000e+00 1.57834e-18 0.00000e+00 
2755.00 1.76783e-06 2.86300e-11 1.68787e-18 1.18480e-16 
2759.65 2.16794e-06 6.67753e-11 1.87321e-18 3.76726e-16 
2765.00 2.49514e-06 2.15651e-11 2.10579e-18 1.57718e-16 
2765.82 2.53581e-06 0.00000e+00 2.14334e-18 0.00000e+00 
2773.21 2.63692e-06 -2.47900e-10 2.50526e-18 -2.28630e-15 
2775.00 2.53884e-06 -2.54309e-10 2.59928e-18 -2.34442e-15 
2779.65 2.01880e-06 0.00000e+00 2.85639e-18 0.00000e+00 
2785.00 1.27562e-06 7.39454e-10 3.17502e-18 4.19881e-15 
2786.79 1.07304e-06 9.13946e-10 3.28696e-18 4.52228e-15 
2793.55 5.84054e-07 0.00000e+00 3.73673e-18 0.00000e+00 
2795.00 5.24392e-07 -6.83890e-10 3.83874e-18 -1.93703e-15 
2800.37 4.42847e-07 -3.33803e-09 4.23274e-18 -8.82071e-15 
2805.00 6.61828e-07 -2.74011e-09 4.59476e-18 -1.17661e-14 
2807.52 9.34485e-07 0.00000e+00 4.79985e-18 0.00000e+00 
2813.95 1.96832e-06 1.20419e-08 5.35231e-18 1.79709e-13 
2815.00 2.15668e-06 1.31629e-08 5.44575e-18 2.19077e-13 
2821.55 3.21709e-06 0.00000e+00 6.05535e-18 0.00000e+00 
2825.00 3.53321e-06 -2.49028e-08 6.39234e-18 -7.99868e-13 
2827.55 3.59130e-06 -4.27509e-08 6.64894e-18 -1.45306e-12 
2835.00 3.07517e-06 -1.30348e-08 7.43278e-18 -4.25206e-13 
2835.66 2.99551e-06 0.00000e+00 7.50477e-18 0.00000e+00 
2841.16 2.22268e-06 1.48672e-07 8.11805e-18 3.83686e-12 
2845.00 1.62679e-06 1.91594e-07 8.56272e-18 3.82234e-12 
2849.84 9.65446e-07 0.00000e+00 9.13970e-18 0.00000e+00 
2854.77 7.56786e-07 -5.03343e-07 9.74604e-18 -5.33531e-12 
2855.00 7.65840e-07 -5.25769e-07 9.77512e-18 -5.65698e-12 
2864.09 2.28881e-06 0.00000e+00 1.09404e-17 0.00000e+00 
2865.00 2.51249e-06 3.03157e-07 1.10602e-17 1.21502e-11 
2868.39 3.33471e-06 1.91503e-06 1.15098e-17 1.06136e-10 
2875.00 4.33447e-06 6.82956e-06 1.24053e-17 5.31492e-10 
2878.41 4.26277e-06 1.00000e-05 1.28749e-17 7.95267e-10 
2882.02 3.98654e-06 1.37059e-05 1.33767e-17 1.06041e-09 
2885.00 3.87158e-06 1.72368e-05 1.37953e-17 1.33705e-09 
2892.80 4.73923e-06 3.00000e-05 1.48997e-17 3.08496e-09 
2895.00 5.13013e-06 3.49655e-05 1.52128e-17 3.97694e-09 
2895.65 5.24484e-06 3.66400e-05 1.53057e-17 4.28755e-09 
2907.27 6.80884e-06 1.00000e-04 1.69604e-17 1.69012e-08 
2909.30 6.93829e-06 1.21094e-04 1.72483e-17 2.12241e-08 
2910.00 6.96967e-06 1.29415e-04 1.73480e-17 2.29225e-08 
2921.80 6.67358e-06 3.80000e-04 1.89944e-17 7.08505e-08 
2922.95 6.59638e-06 4.18768e-04 1.91513e-17 7.78432e-08 
2930.00 6.12857e-06 7.28900e-04 2.01002e-17 1.32440e-07 
2936.41 5.87430e-06 1.13000e-03 2.09340e-17 2.05412e-07 
2936.61 5.86943e-06 1.14429e-03 2.09591e-17 2.08102e-07 
2950.00 5.82549e-06 2.67218e-03 2.25853e-17 5.22118e-07 
2950.28 5.82872e-06 2.72065e-03 2.26168e-17 5.32677e-07 
2951.09 5.83887e-06 2.87000e-03 2.27100e-17 5.65372e-07 
2963.95 6.04976e-06 6.39750e-03 2.40732e-17 1.39020e-06 
2965.85 6.07885e-06 7.12000e-03 2.42566e-17 1.56749e-06 
2970.00 6.12963e-06 8.90023e-03 2.46410e-17 2.00989e-06 
2977.64 6.16212e-06 1.29457e-02 2.52835e-17 3.02335e-06 
2980.68 6.15554e-06 1.48600e-02 2.55153e-17 3.50206e-06 
2990.00 6.08496e-06 2.19224e-02 2.61352e-17 5.24765e-06 
2991.33 6.07037e-06 2.30856e-02 2.62121e-17 5.53153e-06 
2995.58 6.02295e-06 2.71000e-02 2.64389e-17 6.50767e-06 
3005.03 5.97908e-06 3.76861e-02 2.68342e-17 9.14693e-06 
3010.00 6.03487e-06 4.42567e-02 2.69813e-17 1.09194e-05 
3010.56 6.04607e-06 4.50400e-02 2.69951e-17 1.11411e-05 
3018.74 6.29886e-06 5.74011e-02 2.71374e-17 1.49107e-05 
3025.61 6.55224e-06 6.85500e-02 2.71690e-17 1.85869e-05 
3030.00 6.68114e-06 7.57798e-02 2.71479e-17 2.09655e-05 
3032.45 6.73102e-06 7.99206e-02 2.71223e-17 2.22732e-05 
3040.74 6.82320e-06 9.52100e-02 2.69641e-17 2.68138e-05 
3046.18 6.87959e-06 1.06786e-01 2.68023e-17 3.01946e-05 
3050.00 6.94828e-06 1.15468e-01 2.66621e-17 3.28441e-05 
3055.94 7.11917e-06 1.29250e-01 2.64029e-17 3.73749e-05 
3059.91 7.24096e-06 1.38319e-01 2.62034e-17 4.04266e-05 
3070.00 7.35157e-06 1.60479e-01 2.56069e-17 4.66892e-05 
3071.22 7.32896e-06 1.63060e-01 2.55266e-17 4.71647e-05 
3073.65 7.26042e-06 1.68120e-01 2.53627e-17 4.79018e-05 
3086.58 6.81241e-06 1.96660e-01 2.43934e-17 5.07796e-05 
3087.40 6.80423e-06 1.98715e-01 2.43274e-17 5.11235e-05 
3090.00 6.81402e-06 2.05494e-01 2.41139e-17 5.25233e-05 
3101.15 7.37904e-06 2.34547e-01 2.31536e-17 6.25595e-05 
3102.01 7.43640e-06 2.36520e-01 2.30771e-17 6.33837e-05 
3110.00 7.84990e-06 2.52212e-01 2.23550e-17 6.92928e-05 
3114.92 7.89246e-06 2.60800e-01 2.19046e-17 7.07008e-05 
3117.52 7.85174e-06 2.65480e-01 2.16654e-17 7.08758e-05 
3128.69 7.41473e-06 2.88019e-01 2.06503e-17 6.94590e-05 
3130.00 7.35561e-06 2.90805e-01 2.05334e-17 6.92068e-05 
3133.11 7.22502e-06 2.97410e-01 2.02590e-17 6.86612e-05 
3142.47 6.97897e-06 3.16799e-01 1.94663e-17 6.80852e-05 
3148.77 7.01089e-06 3.29360e-01 1.89701e-17 6.94351e-05 
3150.00 7.04171e-06 3.31750e-01 1.88781e-17 6.99327e-05 
3156.26 7.30591e-06 3.43567e-01 1.84335e-17 7.35175e-05 
3164.52 7.67067e-06 3.57550e-01 1.79231e-17 7.83094e-05 
3170.00 7.71399e-06 3.65457e-01 1.76410e-17 7.93634e-05 
3170.06 7.71304e-06 3.65531e-01 1.76384e-17 7.93596e-05 
3180.34 7.18741e-06 3.78600e-01 1.72550e-17 7.51735e-05 
3183.86 6.98043e-06 3.82992e-01 1.71731e-17 7.35863e-05 
3190.00 6.81738e-06 3.91209e-01 1.70976e-17 7.32278e-05 
3196.24 7.04372e-06 4.01020e-01 1.71169e-17 7.77960e-05 
3197.67 7.12914e-06 4.03555e-01 1.71360e-17 7.93611e-05 
3210.00 7.56294e-06 4.23995e-01 1.75500e-17 9.09403e-05 
3211.49 7.50423e-06 4.25507e-01 1.76328e-17 9.10256e-05 
3212.22 7.46423e-06 4.26110e-01 1.76759e-17 9.09114e-05 
3225.32 6.32897e-06 4.29506e-01 1.87762e-17 8.28718e-05 
3228.29 6.20576e-06 4.31520e-01 1.91165e-17 8.31952e-05 
3230.00 6.20031e-06 4.33430e-01 1.93299e-17 8.44674e-05 
3239.16 7.00112e-06 4.49397e-01 2.06868e-17 1.06132e-04 
3244.43 7.82713e-06 4.58610e-01 2.16414e-17 1.26880e-04 
3250.00 8.71826e-06 4.64970e-01 2.28006e-17 1.51219e-04 
3253.01 9.13166e-06 4.67158e-01 2.34924e-17 1.64115e-04 
3260.65 9.91191e-06 4.70790e-01 2.54720e-17 1.95108e-04 
3266.86 1.02725e-05 4.73700e-01 2.73270e-17 2.18688e-04 
3270.00 1.03656e-05 4.75608e-01 2.83529e-17 2.30099e-04 
3276.95 1.03826e-05 4.81690e-01 3.08454e-17 2.54483e-04 
3280.72 1.03088e-05 4.86297e-01 3.23291e-17 2.67669e-04 
3290.00 9.99845e-06 4.97765e-01 3.63967e-17 3.00011e-04 
3293.34 9.87501e-06 5.00400e-01 3.80104e-17 3.11398e-04 
3294.59 9.82971e-06 5.01019e-01 3.86388e-17 3.15605e-04 
3308.47 9.44753e-06 5.02688e-01 4.63945e-17 3.66973e-04 
3309.80 9.42891e-06 5.03290e-01 4.72202e-17 3.73365e-04 
3310.00 9.42653e-06 5.03398e-01 4.73430e-17 3.74344e-04 
3322.36 9.44071e-06 5.15714e-01 5.57281e-17 4.53792e-04 
3326.35 9.49883e-06 5.19220e-01 5.87222e-17 4.84971e-04 
3330.00 9.56669e-06 5.21005e-01 6.15799e-17 5.14528e-04 
3336.25 9.68070e-06 5.22144e-01 6.67599e-17 5.66754e-04 
3342.98 9.65460e-06 5.23760e-01 7.27449e-17 6.19052e-04 
3350.00 9.25543e-06 5.28632e-01 7.94398e-17 6.55475e-04 
3350.15 9.24070e-06 5.28763e-01 7.95927e-17 6.55884e-04 
3359.70 7.99961e-06 5.36020e-01 8.94826e-17 6.48952e-04 
3364.07 7.43185e-06 5.37555e-01 9.43057e-17 6.38037e-04 
3370.00 6.96912e-06 5.38401e-01 1.01165e-16 6.43972e-04 
3376.50 7.08309e-06 5.39810e-01 1.09078e-16 7.08910e-04 
3377.98 7.17854e-06 5.40453e-01 1.10948e-16 7.31975e-04 
3390.00 8.14781e-06 5.48462e-01 1.26869e-16 9.67530e-04 
3391.91 8.24211e-06 5.49700e-01 1.29535e-16 1.00212e-03 
3393.38 8.29419e-06 5.50550e-01 1.31605e-16 1.02660e-03 
3405.85 8.32990e-06 5.54879e-01 1.50037e-16 1.18901e-03 
3410.00 8.31818e-06 5.56173e-01 1.56504e-16 1.24291e-03 
3410.35 8.31958e-06 5.56300e-01 1.57052e-16 1.24789e-03 
3419.79 8.49606e-06 5.60705e-01 1.72383e-16 1.41374e-03 
3427.40 8.73010e-06 5.64270e-01 1.85304e-16 1.57500e-03 
3430.00 8.80537e-06 5.65204e-01 1.89834e-16 1.63134e-03 
3433.74 8.89751e-06 5.66323e-01 1.96453e-16 1.71113e-03 
3444.54 9.07933e-06 5.69530e-01 2.16135e-16 1.93798e-03 
3447.70 9.11869e-06 5.70864e-01 2.22075e-16 2.00641e-03 
3450.00 9.14571e-06 5.71955e-01 2.26421e-16 2.05702e-03 
3461.67 9.30646e-06 5.77881e-01 2.49031e-16 2.33392e-03 
3461.76 9.30802e-06 5.77920e-01 2.49199e-16 2.33610e-03 
3470.00 9.50946e-06 5.81226e-01 2.65618e-16 2.56455e-03 
3475.65 9.71893e-06 5.83195e-01 2.77054e-16 2.74762e-03 
3479.07 9.87120e-06 5.84400e-01 2.84031e-16 2.86967e-03 
3489.64 1.04249e-05 5.88455e-01 3.05835e-16 3.29589e-03 
3490.00 1.04454e-05 5.88597e-01 3.06591e-16 3.31170e-03 
3496.46 1.07950e-05 5.91040e-01 3.20050e-16 3.59425e-03 
3503.63 1.10276e-05 5.93482e-01 3.35026e-16 3.86730e-03 
3510.00 1.09431e-05 5.95549e-01 3.48344e-16 4.01140e-03 
3513.95 1.07104e-05 5.96860e-01 3.56577e-16 4.03227e-03 
3517.63 1.04290e-05 5.98143e-01 3.64250e-16 4.02365e-03 
3530.00 1.00222e-05 6.02652e-01 3.89763e-16 4.18340e-03 
3531.51 1.01192e-05 6.03200e-01 3.92853e-16 4.26305e-03 
3531.64 1.01290e-05 6.03245e-01 3.93110e-16 4.27047e-03 
3545.66 1.16664e-05 6.08072e-01 4.21198e-16 5.33331e-03 
3549.17 1.17533e-05 6.09230e-01 4.28064e-16 5.47646e-03 
3550.00 1.17299e-05 6.09501e-01 4.29670e-16 5.48980e-03 
3559.69 1.03694e-05 6.12599e-01 4.48102e-16 5.10085e-03 
3566.92 8.91315e-06 6.14800e-01 4.61375e-16 4.53978e-03 
3570.00 8.43342e-06 6.15700e-01 4.66888e-16 4.35690e-03 
3573.72 8.08029e-06 6.16753e-01 4.73425e-16 4.24457e-03 
3584.75 8.16415e-06 6.19620e-01 4.91960e-16 4.49106e-03 
3587.76 8.36453e-06 6.20332e-01 4.96786e-16 4.65567e-03 
3590.00 8.53289e-06 6.20852e-01 5.00299e-16 4.78995e-03 
3601.82 9.44250e-06 6.23879e-01 5.17838e-16 5.53128e-03 
3602.68 9.50218e-06 6.24140e-01 5.19044e-16 5.58287e-03 
3610.00 9.91970e-06 6.26669e-01 5.28904e-16 5.97508e-03 
3615.88 1.01015e-05 6.29001e-01 5.36270e-16 6.20233e-03 
3620.69 1.01545e-05 6.31030e-01 5.41927e-16 6.32943e-03 
3629.94 1.00696e-05 6.35010e-01 5.51820e-16 6.44783e-03 
3630.00 1.00685e-05 6.35033e-01 5.51875e-16 6.44812e-03 
3638.79 1.01230e-05 6.38590e-01 5.60025e-16 6.63160e-03 
3640.00 1.02194e-05 6.39041e-01 5.61046e-16 6.71393e-03 
3644.02 1.07528e-05 6.40474e-01 5.64280e-16 7.12889e-03 
3650.00 1.17092e-05 6.42456e-01 5.68595e-16 7.85937e-03 
3656.99 1.22954e-05 6.44660e-01 5.72885e-16 8.35964e-03 
3658.11 1.23311e-05 6.45011e-01 5.73496e-16 8.39999e-03 
3670.00 1.20827e-05 6.48745e-01 5.78680e-16 8.38039e-03 
3672.20 1.19665e-05 6.49430e-01 5.79376e-16 8.32355e-03 
3675.27 1.17991e-05 6.50380e-01 5.80211e-16 8.23784e-03 
3686.30 1.14197e-05 6.53723e-01 5.81890e-16 8.06127e-03 
3690.00 1.14738e-05 6.54830e-01 5.81993e-16 8.12276e-03 
3693.65 1.16504e-05 6.55920e-01 5.81872e-16 8.26793e-03 
3700.41 1.20755e-05 6.57942e-01 5.81063e-16 8.59977e-03 
3710.00 1.20237e-05 6.60795e-01 5.78636e-16 8.58637e-03 
3712.12 1.17879e-05 6.61420e-01 5.77902e-16 8.41999e-03 
3714.53 1.14217e-05 6.62130e-01 5.76979e-16 8.15948e-03 
3728.66 8.84509e-06 6.66238e-01 5.69774e-16 6.30246e-03 
3730.00 8.70158e-06 6.66625e-01 5.68934e-16 6.19688e-03 
3730.68 8.64394e-06 6.66820e-01 5.68500e-16 6.15406e-03 
3742.79 8.95656e-06 6.70289e-01 5.59631e-16 6.33030e-03 
3749.33 9.73699e-06 6.72130e-01 5.54008e-16 6.84339e-03 
3750.00 9.82346e-06 6.72317e-01 5.53401e-16 6.89974e-03 
3756.94 1.06940e-05 6.74222e-01 5.46771e-16 7.45601e-03 
3768.08 1.17610e-05 6.77100e-01 5.34902e-16 8.08003e-03 
3770.00 1.18732e-05 6.77565e-01 5.32710e-16 8.13341e-03 
3771.09 1.19247e-05 6.77823e-01 5.31450e-16 8.15489e-03 
3785.25 1.21737e-05 6.80990e-01 5.13949e-16 8.11898e-03 
3786.92 1.22014e-05 6.81350e-01 5.11758e-16 8.11063e-03 
3790.00 1.22827e-05 6.82016e-01 5.07644e-16 8.11351e-03 
3799.42 1.26316e-05 6.84168e-01 4.94565e-16 8.17492e-03 
3805.85 1.24466e-05 6.85870e-01 4.85230e-16 7.93622e-03 
3810.00 1.18994e-05 6.87115e-01 4.79055e-16 7.51253e-03 
3813.60 1.10817e-05 6.88270e-01 4.73607e-16 6.93492e-03 
3824.88 7.93010e-06 6.92040e-01 4.56017e-16 4.81873e-03 
3827.78 7.38753e-06 6.92979e-01 4.51386e-16 4.45286e-03 
3830.00 7.15129e-06 6.93680e-01 4.47821e-16 4.28322e-03 
3841.98 8.32481e-06 6.97254e-01 4.28211e-16 4.80730e-03 
3844.01 8.70462e-06 6.97830e-01 4.24839e-16 4.99381e-03 
3850.00 9.63437e-06 6.99491e-01 4.14810e-16 5.41800e-03 
3856.18 9.92391e-06 7.01153e-01 4.04379e-16 5.46217e-03 
3863.23 9.69065e-06 7.03000e-01 3.92406e-16 5.19898e-03 
3870.00 9.40439e-06 7.04743e-01 3.80844e-16 4.91747e-03 
3870.39 9.39669e-06 7.04843e-01 3.80174e-16 4.90600e-03 
3882.54 9.93359e-06 7.07910e-01 3.59395e-16 4.93965e-03 
3884.61 1.01817e-05 7.08427e-01 3.55861e-16 5.01958e-03 
3890.00 1.10545e-05 7.09769e-01 3.46674e-16 5.32662e-03 
3898.84 1.28553e-05 7.11949e-01 3.31681e-16 5.95812e-03 
3901.96 1.33009e-05 7.12710e-01 3.26430e-16 6.07840e-03 
3910.00 1.30534e-05 7.14661e-01 3.12963e-16 5.74666e-03 
3913.08 1.22147e-05 7.15403e-01 3.07854e-16 5.29931e-03 
3921.46 8.88450e-06 7.17420e-01 2.94065e-16 3.70017e-03 
3927.32 7.12474e-06 7.18829e-01 2.84570e-16 2.88140e-03 
3930.00 6.86908e-06 7.19475e-01 2.80269e-16 2.74035e-03 
3941.07 9.56458e-06 7.22170e-01 2.62779e-16 3.60108e-03 
3941.58 9.74217e-06 7.22294e-01 2.61994e-16 3.65809e-03 
3950.00 1.16872e-05 7.24357e-01 2.49049e-16 4.19245e-03 
3955.84 1.09478e-05 7.25728e-01 2.40264e-16 3.80148e-03 
3960.78 9.55364e-06 7.26810e-01 2.32961e-16 3.22535e-03 
3970.00 8.06486e-06 7.28623e-01 2.19648e-16 2.57953e-03 
3970.11 8.07268e-06 7.28643e-01 2.19492e-16 2.58034e-03 
3980.58 1.16017e-05 7.30710e-01 2.04917e-16 3.48108e-03 
3984.39 1.34986e-05 7.31552e-01 1.99762e-16 3.95671e-03 
3990.00 1.58795e-05 7.32879e-01 1.92313e-16 4.49546e-03 
3998.68 1.73419e-05 7.35031e-01 1.81138e-16 4.64784e-03 
4000.48 1.73801e-05 7.35480e-01 1.78865e-16 4.60452e-03 
4010.00 1.69933e-05 7.37792e-01 1.67199e-16 4.23168e-03 
4012.97 1.68842e-05 7.38497e-01 1.63660e-16 4.12251e-03 
4020.49 1.67965e-05 7.40250e-01 1.54945e-16 3.89922e-03 
4027.28 1.68104e-05 7.41803e-01 1.47347e-16 3.72515e-03 
4030.00 1.68045e-05 7.42418e-01 1.44378e-16 3.65429e-03 
4040.59 1.65879e-05 7.44780e-01 1.33226e-16 3.34793e-03 
4041.59 1.65514e-05 7.45002e-01 1.32203e-16 3.31672e-03 
4050.00 1.61435e-05 7.46845e-01 1.23852e-16 3.04446e-03 
4055.92 1.57812e-05 7.48125e-01 1.18215e-16 2.84970e-03 
4060.79 1.55464e-05 7.49170e-01 1.13714e-16 2.70743e-03 
4070.00 1.56404e-05 7.51116e-01 1.05570e-16 2.54104e-03 
4070.25 1.56574e-05 7.51168e-01 1.05358e-16 2.53904e-03 
4081.10 1.69547e-05 7.53430e-01 9.63597e-17 2.52889e-03 
4084.59 1.74057e-05 7.54154e-01 9.35966e-17 2.52629e-03 
4090.00 1.78856e-05 7.55275e-01 8.94329e-17 2.48744e-03 
4098.93 1.78238e-05 7.57114e-01 8.28849e-17 2.30797e-03 
4101.50 1.76848e-05 7.57640e-01 8.10753e-17 2.24294e-03 
4110.00 1.72304e-05 7.59372e-01 7.53121e-17 2.03882e-03 
4113.29 1.71616e-05 7.60040e-01 7.31719e-17 1.97630e-03 
4122.01 1.72494e-05 7.61810e-01 6.77395e-17 1.84711e-03 
4127.66 1.73695e-05 7.62955e-01 6.44015e-17 1.77341e-03 
4130.00 1.74022e-05 7.63427e-01 6.30561e-17 1.74169e-03 
4142.03 1.73494e-05 7.65761e-01 5.65144e-17 1.56557e-03 
4142.62 1.73441e-05 7.65870e-01 5.62089e-17 1.55708e-03 
4150.00 1.73330e-05 7.67187e-01 5.25010e-17 1.45852e-03 
4156.41 1.74470e-05 7.68301e-01 4.94494e-17 1.38693e-03 
4163.33 1.75755e-05 7.69530e-01 4.63261e-17 1.31318e-03 
4170.00 1.75320e-05 7.70780e-01 4.34776e-17 1.23335e-03 
4170.80 1.75076e-05 7.70935e-01 4.31448e-17 1.22269e-03 
4184.15 1.67752e-05 7.73560e-01 3.79273e-17 1.03668e-03 
4185.20 1.67226e-05 7.73768e-01 3.75395e-17 1.02339e-03 
4190.00 1.65668e-05 7.74711e-01 3.58178e-17 9.69650e-04 
4199.61 1.67102e-05 7.76579e-01 3.25737e-17 8.93651e-04 
4205.07 1.68643e-05 7.77630e-01 3.08483e-17 8.56386e-04 
4210.00 1.69017e-05 7.78573e-01 2.93592e-17 8.18800e-04 
4214.03 1.68040e-05 7.79337e-01 2.81897e-17 7.83159e-04 
4226.10 1.62357e-05 7.81580e-01 2.49293e-17 6.73005e-04 
4228.45 1.61627e-05 7.82008e-01 2.43323e-17 6.54657e-04 
4230.00 1.61349e-05 7.82286e-01 2.39482e-17 6.43679e-04 
4242.89 1.63575e-05 7.84554e-01 2.09494e-17 5.74242e-04 
4247.23 1.64232e-05 7.85300e-01 2.00186e-17 5.52023e-04 
4250.00 1.64080e-05 7.85774e-01 1.94428e-17 5.36319e-04 
4257.33 1.61031e-05 7.87021e-01 1.79919e-17 4.88688e-04 
4268.46 1.53612e-05 7.88930e-01 1.59753e-17 4.16015e-04 
4270.00 1.52764e-05 7.89198e-01 1.57133e-17 4.07217e-04 
4271.78 1.51915e-05 7.89511e-01 1.54143e-17 3.97571e-04 
4286.24 1.43756e-05 7.92071e-01 1.31746e-17 3.23687e-04 
4289.80 1.39242e-05 7.92700e-01 1.26707e-17 3.02024e-04 
4290.00 1.38941e-05 7.92735e-01 1.26435e-17 3.00752e-04 
4300.71 1.19484e-05 7.94597e-01 1.12341e-17 2.30918e-04 
4310.00 1.15793e-05 7.96171e-01 1.01304e-17 2.02635e-04 
4311.25 1.17558e-05 7.96380e-01 9.98931e-18 2.02972e-04 
4315.19 1.26534e-05 7.97033e-01 9.55758e-18 2.09389e-04 
4329.68 1.68355e-05 7.99400e-01 8.11318e-18 2.37991e-04 
4330.00 1.68830e-05 7.99452e-01 8.08354e-18 2.37823e-04 
4332.81 1.71352e-05 7.99910e-01 7.82878e-18 2.34054e-04 
4344.17 1.64308e-05 8.01769e-01 6.87209e-18 1.97983e-04 
4350.00 1.60786e-05 8.02718e-01 6.42479e-18 1.81586e-04 
4354.47 1.62667e-05 8.03440e-01 6.09988e-18 1.74757e-04 
4358.68 1.67079e-05 8.04112e-01 5.80847e-18 1.71230e-04 
4370.00 1.77604e-05 8.05879e-01 5.08696e-18 1.60172e-04 
4373.19 1.76981e-05 8.06363e-01 4.89926e-18 1.53925e-04 
4376.25 1.74794e-05 8.06820e-01 4.72565e-18 1.46822e-04 
4387.71 1.62667e-05 8.08479e-01 4.12397e-18 1.19797e-04 
4390.00 1.61295e-05 8.08800e-01 4.01288e-18 1.15693e-04 
4398.13 1.62765e-05 8.09920e-01 3.64047e-18 1.06256e-04 
4402.24 1.66165e-05 8.10472e-01 3.46448e-18 1.03398e-04 
4410.00 1.74277e-05 8.11407e-01 3.15435e-18 9.90264e-05 
4416.78 1.80491e-05 8.12000e-01 2.90481e-18 9.46584e-05 
4420.12 1.82868e-05 8.12180e-01 2.78903e-18 9.21721e-05 
4430.00 1.86489e-05 8.12338e-01 2.47103e-18 8.34820e-05 
4431.33 1.86523e-05 8.12349e-01 2.43094e-18 8.21687e-05 
4442.22 1.84628e-05 8.12830e-01 2.12517e-18 7.13205e-05 
4445.89 1.84166e-05 8.13274e-01 2.03061e-18 6.80698e-05 
4450.00 1.84492e-05 8.13947e-01 1.92936e-18 6.49038e-05 
4460.45 1.89792e-05 8.16186e-01 1.69316e-18 5.88937e-05 
4464.43 1.92199e-05 8.17120e-01 1.61074e-18 5.68527e-05 
4470.00 1.94464e-05 8.18407e-01 1.50167e-18 5.37790e-05 
4475.03 1.94734e-05 8.19529e-01 1.40932e-18 5.06682e-05 
4486.75 1.94981e-05 8.21960e-01 1.21451e-18 4.39644e-05 
4489.61 1.96451e-05 8.22505e-01 1.17107e-18 4.27670e-05 
4490.00 1.96729e-05 8.22578e-01 1.16526e-18 4.26225e-05 
4504.20 2.12499e-05 8.25027e-01 9.71501e-19 3.86198e-05 
4509.19 2.15159e-05 8.25810e-01 9.11142e-19 3.67491e-05 
4510.00 2.15175e-05 8.25935e-01 9.01620e-19 3.63798e-05 
4518.80 2.08301e-05 8.27245e-01 8.04668e-19 3.15420e-05 
4530.00 1.95068e-05 8.28823e-01 6.95751e-19 2.56521e-05 
4531.73 1.94037e-05 8.29060e-01 6.80236e-19 2.49642e-05 
4533.41 1.93434e-05 8.29289e-01 6.65483e-19 2.43626e-05 
4548.03 1.99753e-05 8.31213e-01 5.49596e-19 2.08928e-05 
4550.00 2.01502e-05 8.31461e-01 5.35563e-19 2.05525e-05 
4554.39 2.05498e-05 8.32000e-01 5.05516e-19 1.98161e-05 
4562.66 2.11738e-05 8.32969e-01 4.53300e-19 1.83635e-05 
4570.00 2.13401e-05 8.33791e-01 4.11360e-19 1.68390e-05 
4577.16 2.10036e-05 8.34570e-01 3.74106e-19 1.51102e-05 
4577.29 2.09942e-05 8.34584e-01 3.73447e-19 1.50776e-05 
4590.00 2.01874e-05 8.35950e-01 3.15412e-19 1.22991e-05 
4591.94 2.01544e-05 8.36160e-01 3.07370e-19 1.19740e-05 
4600.05 2.03088e-05 8.37050e-01 2.75885e-19 1.08605e-05 
4606.59 2.05571e-05 8.37790e-01 2.52814e-19 1.00972e-05 
4610.00 2.06450e-05 8.38185e-01 2.41577e-19 9.70143e-06 
4621.26 2.05547e-05 8.39545e-01 2.07882e-19 8.34556e-06 
4623.05 2.05114e-05 8.39770e-01 2.02973e-19 8.13665e-06 
4630.00 2.03591e-05 8.40665e-01 1.85009e-19 7.38038e-06 
4635.93 2.03153e-05 8.41447e-01 1.70977e-19 6.82096e-06 
4646.16 2.04329e-05 8.42800e-01 1.49274e-19 6.01250e-06 
4650.00 2.05267e-05 8.43298e-01 1.41896e-19 5.74971e-06 
4650.61 2.05435e-05 8.43376e-01 1.40762e-19 5.70970e-06 
4665.30 2.09687e-05 8.45029e-01 1.16120e-19 4.83228e-06 
4669.39 2.10357e-05 8.45370e-01 1.10115e-19 4.60293e-06 
4670.00 2.10415e-05 8.45414e-01 1.09256e-19 4.56911e-06 
4680.00 2.09730e-05 8.45963e-01 9.61217e-20 4.01792e-06 
4690.00 2.06213e-05 8.46342e-01 8.47716e-20 3.49308e-06 
4692.74 2.04828e-05 8.46450e-01 8.19471e-20 3.35640e-06 
4694.70 2.03784e-05 8.46534e-01 7.99947e-20 3.26142e-06 
4709.42 1.98627e-05 8.47368e-01 6.71005e-20 2.67749e-06 
4710.00 1.98651e-05 8.47408e-01 6.66511e-20 2.66033e-06 
4716.20 2.00318e-05 8.47880e-01 6.20979e-20 2.50407e-06 
4724.15 2.04574e-05 8.48552e-01 5.69136e-20 2.34959e-06 
4730.00 2.07631e-05 8.48996e-01 5.35182e-20 2.24638e-06 
4738.88 2.10116e-05 8.49372e-01 4.90032e-20 2.08631e-06 
4739.79 2.10243e-05 8.49380e-01 4.85830e-20 2.07009e-06 
4750.00 2.10831e-05 8.49143e-01 4.43266e-20 1.89757e-06 
4753.62 2.10900e-05 8.49012e-01 4.30186e-20 1.84329e-06 
4763.48 2.11027e-05 8.48960e-01 3.99484e-20 1.71622e-06 
4768.37 2.11041e-05 8.49255e-01 3.86762e-20 1.66396e-06 
4770.00 2.11036e-05 8.49404e-01 3.82881e-20 1.64807e-06 
4783.14 2.10622e-05 8.51306e-01 3.57490e-20 1.54344e-06 
4787.30 2.10242e-05 8.52090e-01 3.51533e-20 1.51770e-06 
4790.00 2.09902e-05 8.52623e-01 3.48183e-20 1.50258e-06 
4797.91 2.08601e-05 8.54253e-01 3.40573e-20 1.46585e-06 
4810.00 2.07699e-05 8.56755e-01 3.34931e-20 1.44316e-06 
4811.24 2.07809e-05 8.57000e-01 3.34743e-20 1.44389e-06 
4812.68 2.07991e-05 8.57281e-01 3.34611e-20 1.44550e-06 
4827.47 2.10439e-05 8.59805e-01 3.38539e-20 1.48860e-06 
4830.00 2.10430e-05 8.60159e-01 3.40138e-20 1.49696e-06 
4835.29 2.09453e-05 8.60810e-01 3.44334e-20 1.51119e-06 
4842.27 2.05826e-05 8.61488e-01 3.51573e-20 1.51963e-06 
4850.00 1.98099e-05 8.62106e-01 3.61806e-20 1.50863e-06 
4857.08 1.87981e-05 8.62675e-01 3.73164e-20 1.47965e-06 
4859.47 1.84615e-05 8.62890e-01 3.77434e-20 1.47087e-06 
4870.00 1.76937e-05 8.64010e-01 3.98713e-20 1.49435e-06 
4871.89 1.77615e-05 8.64228e-01 4.02965e-20 1.51703e-06 
4883.77 1.92162e-05 8.65570e-01 4.32640e-20 1.76919e-06 
4886.71 1.96296e-05 8.65868e-01 4.40792e-20 1.84305e-06 
4890.00 2.00022e-05 8.66180e-01 4.50251e-20 1.92031e-06 
4901.55 2.03113e-05 8.67203e-01 4.86605e-20 2.11491e-06 
4908.19 2.00767e-05 8.67810e-01 5.09703e-20 2.19421e-06 
4910.00 1.99995e-05 8.67986e-01 5.16291e-20 2.21529e-06 
4916.39 1.97563e-05 8.68644e-01 5.40480e-20 2.29561e-06 
4930.00 1.95847e-05 8.70140e-01 5.97084e-20 2.52530e-06 
4931.24 1.96045e-05 8.70277e-01 6.02597e-20 2.55223e-06 
4932.73 1.96368e-05 8.70440e-01 6.09276e-20 2.58603e-06 
4946.10 2.01707e-05 8.71817e-01 6.73214e-20 2.94772e-06 
4950.00 2.03402e-05 8.72169e-01 6.93179e-20 3.06430e-06 
4957.39 2.05763e-05 8.72750e-01 7.32717e-20 3.28375e-06 
4960.97 2.06309e-05 8.72983e-01 7.52664e-20 3.38545e-06 
4970.00 2.05244e-05 8.73474e-01 8.05354e-20 3.61233e-06 
4975.85 2.02364e-05 8.73764e-01 8.41336e-20 3.72638e-06 
4982.18 1.97886e-05 8.74100e-01 8.81939e-20 3.82611e-06 
4990.00 1.91697e-05 8.74540e-01 9.34564e-20 3.93576e-06 
4990.74 1.91132e-05 8.74574e-01 9.39663e-20 3.94630e-06 
5005.63 1.83592e-05 8.74345e-01 1.04812e-19 4.23964e-06 
5007.09 1.83493e-05 8.74180e-01 1.05928e-19 4.28293e-06 
5010.00 1.83784e-05 8.73749e-01 1.08189e-19 4.38166e-06 
5020.54 1.89212e-05 8.71249e-01 1.16721e-19 4.86309e-06 
5030.00 1.94206e-05 8.68141e-01 1.24851e-19 5.33011e-06 
5032.12 1.94621e-05 8.67380e-01 1.26740e-19 5.41984e-06 
5035.45 1.94723e-05 8.66171e-01 1.29745e-19 5.54720e-06 
5050.00 1.93886e-05 8.61696e-01 1.43565e-19 6.09763e-06 
5050.38 1.93966e-05 8.61618e-01 1.43939e-19 6.11598e-06 
5057.29 1.96722e-05 8.60780e-01 1.50916e-19 6.50610e-06 
5065.31 2.00436e-05 8.61370e-01 1.59355e-19 7.01556e-06 
5070.00 2.01241e-05 8.62378e-01 1.64455e-19 7.28440e-06 
5080.25 1.97648e-05 8.65739e-01 1.76049e-19 7.70411e-06 
5082.57 1.96412e-05 8.66640e-01 1.78757e-19 7.78534e-06 
5090.00 1.93466e-05 8.69672e-01 1.87647e-19 8.08990e-06 
5095.20 1.93367e-05 8.71825e-01 1.94074e-19 8.39198e-06 
5107.98 1.96176e-05 8.76610e-01 2.10566e-19 9.31138e-06 
5110.00 1.96368e-05 8.77239e-01 2.13260e-19 9.45024e-06 
5110.17 1.96375e-05 8.77289e-01 2.13482e-19 9.46125e-06 
5125.13 1.93177e-05 8.80803e-01 2.34322e-19 1.02867e-05 
5130.00 1.91740e-05 8.81613e-01 2.41409e-19 1.05386e-05 
5133.52 1.90954e-05 8.82130e-01 2.46641e-19 1.07366e-05 
5140.11 1.89525e-05 8.82977e-01 2.56643e-19 1.11133e-05 
5150.00 1.84850e-05 8.84005e-01 2.72200e-19 1.15317e-05 
5155.10 1.80201e-05 8.84444e-01 2.80489e-19 1.16012e-05 
5159.19 1.75804e-05 8.84760e-01 2.87265e-19 1.16050e-05 
5170.00 1.65625e-05 8.85483e-01 3.05728e-19 1.16696e-05 
5170.10 1.65563e-05 8.85489e-01 3.05900e-19 1.16721e-05 
5184.99 1.64993e-05 8.86340e-01 3.32697e-19 1.26995e-05 
5185.11 1.65050e-05 8.86346e-01 3.32913e-19 1.27125e-05 
5190.00 1.68190e-05 8.86618e-01 3.42073e-19 1.33274e-05 
5200.12 1.77703e-05 8.87143e-01 3.61560e-19 1.49213e-05 
5210.00 1.85445e-05 8.87542e-01 3.81300e-19 1.64601e-05 
5210.91 1.85845e-05 8.87570e-01 3.83161e-19 1.65795e-05 
5215.15 1.86942e-05 8.87679e-01 3.91865e-19 1.70722e-05 
5230.00 1.88623e-05 8.87794e-01 4.23458e-19 1.86699e-05 
5230.18 1.88693e-05 8.87793e-01 4.23850e-19 1.86948e-05 
5236.97 1.92411e-05 8.87720e-01 4.38840e-19 1.97613e-05 
5245.22 1.95737e-05 8.87551e-01 4.57529e-19 2.09881e-05 
5250.00 1.94431e-05 8.87433e-01 4.68575e-19 2.13679e-05 
5260.28 1.81864e-05 8.87198e-01 4.92908e-19 2.10603e-05 
5263.15 1.77926e-05 8.87150e-01 4.99862e-19 2.09052e-05 
5270.00 1.72294e-05 8.87083e-01 5.16658e-19 2.09494e-05 
5275.34 1.73958e-05 8.87069e-01 5.29989e-19 2.17192e-05 
5289.47 1.91924e-05 8.87130e-01 5.66298e-19 2.56742e-05 
5290.00 1.92591e-05 8.87134e-01 5.67692e-19 2.58295e-05 
5290.41 1.93087e-05 8.87136e-01 5.68764e-19 2.59471e-05 
5305.49 2.00975e-05 8.87323e-01 6.09218e-19 2.90165e-05 
5310.00 1.98797e-05 8.87442e-01 6.21639e-19 2.93161e-05 
5315.92 1.92833e-05 8.87670e-01 6.38146e-19 2.92317e-05 
5320.58 1.87198e-05 8.87917e-01 6.51329e-19 2.89972e-05 
5330.00 1.79774e-05 8.88558e-01 6.78436e-19 2.90785e-05 
5335.68 1.81130e-05 8.88998e-01 6.95065e-19 3.00629e-05 
5342.50 1.86639e-05 8.89540e-01 7.15330e-19 3.19406e-05 
5350.00 1.92662e-05 8.90122e-01 7.37996e-19 3.40860e-05 
5350.78 1.93065e-05 8.90183e-01 7.40388e-19 3.42755e-05 
5365.90 1.93005e-05 8.91424e-01 7.87250e-19 3.65874e-05 
5369.21 1.92265e-05 8.91730e-01 7.97693e-19 3.69660e-05 
5370.00 1.92116e-05 8.91806e-01 8.00205e-19 3.70623e-05 
5381.03 1.91138e-05 8.92741e-01 8.35595e-19 3.86240e-05 
5390.00 1.89890e-05 8.92790e-01 8.64927e-19 3.97872e-05 
5396.05 1.87841e-05 8.92120e-01 8.84990e-19 4.02857e-05 
5396.17 1.87797e-05 8.92101e-01 8.85360e-19 4.02931e-05 
5410.00 1.83464e-05 8.88474e-01 9.31999e-19 4.13745e-05 
5411.31 1.83388e-05 8.88096e-01 9.36471e-19 4.15481e-05 
5423.03 1.85644e-05 8.85700e-01 9.76888e-19 4.38508e-05 
5426.47 1.86889e-05 8.85577e-01 9.88850e-19 4.47076e-05 
5430.00 1.88227e-05 8.85730e-01 1.00124e-18 4.56291e-05 
5441.63 1.91833e-05 8.87376e-01 1.04241e-18 4.86093e-05 
5450.00 1.92743e-05 8.88604e-01 1.07243e-18 5.03936e-05 
5450.15 1.92741e-05 8.88620e-01 1.07297e-18 5.04206e-05 
5456.80 1.92018e-05 8.89032e-01 1.09705e-18 5.14454e-05 
5470.00 1.89191e-05 8.89175e-01 1.14535e-18 5.30560e-05 
5471.99 1.88874e-05 8.89238e-01 1.15267e-18 5.33289e-05 
5477.40 1.88294e-05 8.89610e-01 1.17271e-18 5.41657e-05 
5487.18 1.87937e-05 8.91185e-01 1.20916e-18 5.59417e-05 
5490.00 1.87909e-05 8.91784e-01 1.21974e-18 5.64897e-05 
5502.38 1.87822e-05 8.94476e-01 1.26641e-18 5.89334e-05 
5504.79 1.87819e-05 8.94920e-01 1.27553e-18 5.94127e-05 
5510.00 1.87842e-05 8.95703e-01 1.29534e-18 6.04526e-05 
5517.59 1.87999e-05 8.96482e-01 1.32429e-18 6.19944e-05 
5530.00 1.89051e-05 8.97206e-01 1.37186e-18 6.47783e-05 
5532.31 1.89412e-05 8.97310e-01 1.38075e-18 6.53574e-05 
5532.81 1.89495e-05 8.97333e-01 1.38267e-18 6.54847e-05 
5548.04 1.91360e-05 8.97992e-01 1.44143e-18 6.91801e-05 
5550.00 1.91280e-05 8.98064e-01 1.44902e-18 6.95451e-05 
5559.97 1.89215e-05 8.98340e-01 1.48762e-18 7.07759e-05 
5563.28 1.88118e-05 8.98389e-01 1.50043e-18 7.10173e-05 
5570.00 1.85674e-05 8.98421e-01 1.52648e-18 7.14005e-05 
5578.53 1.82915e-05 8.98358e-01 1.55953e-18 7.19675e-05 
5587.77 1.81600e-05 8.98190e-01 1.59533e-18 7.31978e-05 
5590.00 1.81702e-05 8.98139e-01 1.60395e-18 7.36595e-05 
5593.79 1.82305e-05 8.98043e-01 1.61859e-18 7.46209e-05 
5609.05 1.86782e-05 8.97533e-01 1.67745e-18 7.94054e-05 
5610.00 1.86986e-05 8.97494e-01 1.68110e-18 7.96745e-05 
5615.71 1.87705e-05 8.97240e-01 1.70302e-18 8.10835e-05 
5624.33 1.87759e-05 8.96813e-01 1.73599e-18 8.27642e-05 
5630.00 1.87659e-05 8.96552e-01 1.75759e-18 8.38098e-05 
5639.62 1.87838e-05 8.96271e-01 1.79404e-18 8.57487e-05 
5643.79 1.87773e-05 8.96250e-01 1.80979e-18 8.65336e-05 
5650.00 1.87107e-05 8.96319e-01 1.83311e-18 8.74408e-05 
5654.91 1.85942e-05 8.96301e-01 1.85147e-18 8.78412e-05 
5670.00 1.82775e-05 8.94156e-01 1.90733e-18 8.89737e-05 
5670.22 1.82776e-05 8.94088e-01 1.90813e-18 8.90078e-05 
5672.01 1.82858e-05 8.93470e-01 1.91470e-18 8.93214e-05 
5685.53 1.85118e-05 8.86605e-01 1.96386e-18 9.22536e-05 
5690.00 1.85129e-05 8.84139e-01 1.97993e-18 9.28281e-05 
5700.37 1.82319e-05 8.79880e-01 2.01682e-18 9.28433e-05 
5700.86 1.82175e-05 8.79764e-01 2.01854e-18 9.28445e-05 
5710.00 1.81416e-05 8.79049e-01 2.05059e-18 9.39998e-05 
5716.19 1.84190e-05 8.79606e-01 2.07202e-18 9.66003e-05 
5728.87 1.91250e-05 8.81000e-01 2.11522e-18 1.02784e-04 
5730.00 1.91475e-05 8.81031e-01 2.11902e-18 1.03114e-04 
5731.53 1.91588e-05 8.81036e-01 2.12416e-18 1.03453e-04 
5746.88 1.86447e-05 8.79735e-01 2.17484e-18 1.03202e-04 
5750.00 1.85590e-05 8.79429e-01 2.18493e-18 1.03224e-04 
5757.52 1.85622e-05 8.79100e-01 2.20898e-18 1.04476e-04 
5762.25 1.86410e-05 8.79357e-01 2.22392e-18 1.05747e-04 
5770.00 1.87067e-05 8.80550e-01 2.24803e-18 1.07560e-04 
5777.62 1.85427e-05 8.82495e-01 2.27128e-18 1.08100e-04 
5786.30 1.82665e-05 8.85410e-01 2.29722e-18 1.08224e-04 
5790.00 1.81976e-05 8.86811e-01 2.30807e-18 1.08567e-04 
5793.00 1.81857e-05 8.87987e-01 2.31680e-18 1.09107e-04 
5808.39 1.85158e-05 8.93827e-01 2.36038e-18 1.14224e-04 
5810.00 1.85615e-05 8.94354e-01 2.36482e-18 1.14820e-04 
5815.23 1.86897e-05 8.95860e-01 2.37910e-18 1.16613e-04 
5823.79 1.87970e-05 8.97610e-01 2.40191e-18 1.18812e-04 
5830.00 1.87601e-05 8.98586e-01 2.41805e-18 1.19633e-04 
5839.20 1.85315e-05 9.00162e-01 2.44130e-18 1.19709e-04 
5844.31 1.84017e-05 9.01360e-01 2.45386e-18 1.19746e-04 
5850.00 1.83391e-05 9.02979e-01 2.46755e-18 1.20338e-04 
5854.62 1.83833e-05 9.03979e-01 2.47844e-18 1.21390e-04 
5870.00 1.83427e-05 8.98183e-01 2.51317e-18 1.22352e-04 
5870.05 1.83402e-05 8.98127e-01 2.51328e-18 1.22334e-04 
5873.53 1.81108e-05 8.93460e-01 2.52081e-18 1.20607e-04 
5885.49 1.71116e-05 8.67471e-01 2.54571e-18 1.11959e-04 
5890.00 1.69513e-05 8.56097e-01 2.55473e-18 1.09928e-04 
5900.94 1.74785e-05 8.33077e-01 2.57570e-18 1.11411e-04 
5902.90 1.76381e-05 8.30400e-01 2.57933e-18 1.12263e-04 
5910.00 1.81315e-05 8.25591e-01 2.59211e-18 1.15442e-04 
5916.39 1.82800e-05 8.26226e-01 2.60317e-18 1.17100e-04 
5930.00 1.80745e-05 8.33947e-01 2.62521e-18 1.18127e-04 
5931.86 1.80507e-05 8.34885e-01 2.62807e-18 1.18269e-04 
5932.41 1.80452e-05 8.35130e-01 2.62891e-18 1.18317e-04 
5947.34 1.80673e-05 8.37565e-01 2.65038e-18 1.20079e-04 
5950.00 1.80837e-05 8.37725e-01 2.65395e-18 1.20427e-04 
5962.08 1.81149e-05 8.41020e-01 2.66915e-18 1.22049e-04 
5962.83 1.81144e-05 8.41465e-01 2.67005e-18 1.22167e-04 
5970.00 1.80955e-05 8.47329e-01 2.67825e-18 1.23416e-04 
5978.32 1.80418e-05 8.56725e-01 2.68706e-18 1.24997e-04 
5990.00 1.79071e-05 8.71384e-01 2.69811e-18 1.26953e-04 
5991.89 1.78787e-05 8.73630e-01 2.69975e-18 1.27196e-04 
5993.83 1.78481e-05 8.75853e-01 2.70140e-18 1.27420e-04 
6009.34 1.76194e-05 8.90429e-01 2.71306e-18 1.28766e-04 
6010.00 1.76129e-05 8.90929e-01 2.71349e-18 1.28825e-04 
6021.85 1.75721e-05 8.98540e-01 2.72050e-18 1.30216e-04 
6024.87 1.75858e-05 9.00081e-01 2.72204e-18 1.30680e-04 
6030.00 1.76323e-05 9.02367e-01 2.72442e-18 1.31585e-04 
6040.41 1.77924e-05 9.05912e-01 2.72836e-18 1.33725e-04 
6050.00 1.79172e-05 9.08177e-01 2.73093e-18 1.35341e-04 
6051.96 1.79290e-05 9.08550e-01 2.73133e-18 1.35549e-04 
6055.95 1.79351e-05 9.09240e-01 2.73203e-18 1.35823e-04 
6070.00 1.77862e-05 9.11078e-01 2.73308e-18 1.35333e-04 
6071.50 1.77565e-05 9.11236e-01 2.73307e-18 1.35163e-04 
6082.21 1.75209e-05 9.12270e-01 2.73228e-18 1.33718e-04 
6087.07 1.74336e-05 9.12725e-01 2.73152e-18 1.33187e-04 
6090.00 1.73977e-05 9.13000e-01 2.73094e-18 1.32989e-04 
6102.64 1.73451e-05 9.14177e-01 2.72742e-18 1.32862e-04 
6110.00 1.72391e-05 9.14840e-01 2.72460e-18 1.32169e-04 
6112.63 1.71624e-05 9.15070e-01 2.72347e-18 1.31615e-04 
6118.23 1.69542e-05 9.15547e-01 2.72081e-18 1.30078e-04 
6130.00 1.66314e-05 9.16481e-01 2.71418e-18 1.27666e-04 
6133.82 1.66465e-05 9.16762e-01 2.71174e-18 1.27786e-04 
6143.19 1.68200e-05 9.17400e-01 2.70514e-18 1.29090e-04 
6149.42 1.68562e-05 9.17783e-01 2.70028e-18 1.29320e-04 
6150.00 1.68501e-05 9.17817e-01 2.69981e-18 1.29268e-04 
6165.04 1.63529e-05 9.18628e-01 2.68648e-18 1.25250e-04 
6170.00 1.62861e-05 9.18872e-01 2.68161e-18 1.24645e-04 
6173.91 1.63515e-05 9.19060e-01 2.67763e-18 1.25065e-04 
6180.66 1.66365e-05 9.19372e-01 2.67041e-18 1.27083e-04 
6190.00 1.70726e-05 9.19724e-01 2.65976e-18 1.30141e-04 
6196.29 1.71981e-05 9.19867e-01 2.65215e-18 1.30876e-04 
6204.77 1.71679e-05 9.19880e-01 2.64136e-18 1.30294e-04 
6210.00 1.70903e-05 9.19770e-01 2.63441e-18 1.29457e-04 
6211.93 1.70580e-05 9.19715e-01 2.63177e-18 1.29116e-04 
6227.59 1.67192e-05 9.19367e-01 2.60936e-18 1.25742e-04 
6230.00 1.66465e-05 9.19385e-01 2.60573e-18 1.25072e-04 
6235.80 1.64511e-05 9.19580e-01 2.59682e-18 1.23322e-04 
6243.25 1.62360e-05 9.20096e-01 2.58500e-18 1.21368e-04 
6250.00 1.61792e-05 9.20352e-01 2.57392e-18 1.20589e-04 
6258.92 1.63933e-05 9.19450e-01 2.55876e-18 1.21520e-04 
6266.98 1.66983e-05 9.16480e-01 2.54459e-18 1.22855e-04 
6270.00 1.67946e-05 9.14670e-01 2.53915e-18 1.23116e-04 
6274.60 1.68926e-05 9.11333e-01 2.53076e-18 1.23065e-04 
6290.00 1.68317e-05 8.99351e-01 2.50163e-18 1.19910e-04 
6290.29 1.68256e-05 8.99167e-01 2.50106e-18 1.19820e-04 
6298.31 1.66186e-05 8.95730e-01 2.48528e-18 1.17299e-04 
6305.99 1.64181e-05 8.96007e-01 2.46978e-18 1.15337e-04 
6310.00 1.63469e-05 8.97318e-01 2.46156e-18 1.14695e-04 
6321.71 1.63272e-05 9.03755e-01 2.43700e-18 1.14439e-04 
6329.80 1.63872e-05 9.08730e-01 2.41956e-18 1.14813e-04 
6330.00 1.63886e-05 9.08841e-01 2.41913e-18 1.14819e-04 
6337.43 1.64227e-05 9.12543e-01 2.40282e-18 1.14883e-04 
6350.00 1.64057e-05 9.17128e-01 2.37455e-18 1.14210e-04 
6353.16 1.63871e-05 9.18063e-01 2.36733e-18 1.13906e-04 
6361.45 1.63339e-05 9.20340e-01 2.34813e-18 1.13042e-04 
6368.90 1.63193e-05 9.22323e-01 2.33063e-18 1.12472e-04 
6370.00 1.63225e-05 9.22610e-01 2.32802e-18 1.12423e-04 
6384.65 1.64210e-05 9.26007e-01 2.29282e-18 1.12058e-04 
6390.00 1.63992e-05 9.26942e-01 2.27974e-18 1.11477e-04 
6393.26 1.63497e-05 9.27400e-01 2.27171e-18 1.10860e-04 
6400.41 1.61846e-05 9.28113e-01 2.25398e-18 1.09090e-04 
6410.00 1.60102e-05 9.28819e-01 2.22991e-18 1.07003e-04 
6416.18 1.60200e-05 9.29405e-01 2.21423e-18 1.06485e-04 
6425.23 1.61197e-05 9.30880e-01 2.19105e-18 1.06344e-04 
6430.00 1.61478e-05 9.32047e-01 2.17872e-18 1.06142e-04 
6431.96 1.61448e-05 9.32542e-01 2.17364e-18 1.05964e-04 
6447.75 1.59543e-05 9.33372e-01 2.13232e-18 1.03066e-04 
6450.00 1.59318e-05 9.32584e-01 2.12638e-18 1.02583e-04 
6457.35 1.59041e-05 9.27440e-01 2.10688e-18 1.01021e-04 
6463.55 1.59004e-05 9.19690e-01 2.09035e-18 9.94632e-05 
6470.00 1.58688e-05 9.09455e-01 2.07305e-18 9.74459e-05 
6479.36 1.57355e-05 8.93980e-01 2.04781e-18 9.39623e-05 
6489.64 1.56432e-05 8.81490e-01 2.01992e-18 9.09955e-05 
6490.00 1.56440e-05 8.81216e-01 2.01893e-18 9.09329e-05 
6495.18 1.56933e-05 8.78680e-01 2.00481e-18 9.03924e-05 
6510.00 1.59542e-05 8.82229e-01 1.96419e-18 9.06034e-05 
6511.01 1.59639e-05 8.82845e-01 1.96142e-18 9.06075e-05 
6522.09 1.59655e-05 8.90500e-01 1.93088e-18 9.01323e-05 
6526.85 1.59396e-05 8.93579e-01 1.91772e-18 8.97473e-05 
6530.00 1.59257e-05 8.95434e-01 1.90900e-18 8.94902e-05 
6542.70 1.57970e-05 9.01588e-01 1.87379e-18 8.78988e-05 
6550.00 1.54273e-05 9.04275e-01 1.85351e-18 8.52608e-05 
6554.70 1.50002e-05 9.05720e-01 1.84045e-18 8.25074e-05 
6558.56 1.46042e-05 9.06767e-01 1.82971e-18 7.99999e-05 
6570.00 1.39061e-05 9.09649e-01 1.79789e-18 7.52197e-05 
6574.43 1.40724e-05 9.10911e-01 1.78556e-18 7.57532e-05 
6587.47 1.53337e-05 9.16210e-01 1.74929e-18 8.14979e-05 
6590.00 1.55400e-05 9.17637e-01 1.74226e-18 8.24225e-05 
6590.31 1.55615e-05 9.17821e-01 1.74140e-18 8.25157e-05 
6606.20 1.57853e-05 9.28804e-01 1.69731e-18 8.27585e-05 
6610.00 1.57227e-05 9.31495e-01 1.68678e-18 8.22036e-05 
6620.41 1.56186e-05 9.37860e-01 1.65800e-18 8.09421e-05 
6622.10 1.56106e-05 9.38674e-01 1.65334e-18 8.07632e-05 
6630.00 1.55937e-05 9.41605e-01 1.63157e-18 7.99575e-05 
6638.01 1.55915e-05 9.43429e-01 1.60956e-18 7.91159e-05 
6650.00 1.55373e-05 9.44943e-01 1.57674e-18 7.74974e-05 
6653.51 1.54959e-05 9.45290e-01 1.56717e-18 7.68901e-05 
6653.93 1.54903e-05 9.45332e-01 1.56603e-18 7.68148e-05 
6669.86 1.53402e-05 9.47103e-01 1.52280e-18 7.42865e-05 
6670.00 1.53406e-05 9.47119e-01 1.52242e-18 7.42727e-05 
6685.80 1.55093e-05 9.48917e-01 1.47992e-18 7.33054e-05 
6686.78 1.55149e-05 9.49020e-01 1.47730e-18 7.32209e-05 
6690.00 1.55165e-05 9.49350e-01 1.46870e-18 7.28622e-05 
6701.75 1.53311e-05 9.50409e-01 1.43745e-18 7.06625e-05 
6710.00 1.52081e-05 9.51010e-01 1.41567e-18 6.91623e-05 
6717.71 1.52310e-05 9.51459e-01 1.39543e-18 6.83865e-05 
6720.21 1.52568e-05 9.51580e-01 1.38889e-18 6.82154e-05 
6730.00 1.53394e-05 9.51965e-01 1.36343e-18 6.74529e-05 
6733.68 1.53320e-05 9.52096e-01 1.35390e-18 6.69952e-05 
6749.66 1.51604e-05 9.52860e-01 1.31291e-18 6.44433e-05 
6750.00 1.51575e-05 9.52883e-01 1.31205e-18 6.43935e-05 
6753.81 1.51335e-05 9.53170e-01 1.30235e-18 6.38721e-05 
6765.65 1.51237e-05 9.54269e-01 1.27248e-18 6.25476e-05 
6770.00 1.51256e-05 9.54615e-01 1.26159e-18 6.20831e-05 
6781.65 1.50977e-05 9.54851e-01 1.23265e-18 6.06662e-05 
6787.58 1.50639e-05 9.54350e-01 1.21806e-18 5.98346e-05 
6790.00 1.50464e-05 9.53990e-01 1.21214e-18 5.94733e-05 
6797.66 1.49833e-05 9.52553e-01 1.19346e-18 5.82892e-05 
6810.00 1.49323e-05 9.51318e-01 1.16373e-18 5.66729e-05 
6813.69 1.49464e-05 9.51718e-01 1.15492e-18 5.63513e-05 
6821.52 1.49939e-05 9.54530e-01 1.13634e-18 5.58492e-05 
6829.72 1.49909e-05 9.60285e-01 1.11708e-18 5.52889e-05 
6830.00 1.49887e-05 9.60495e-01 1.11642e-18 5.52623e-05 
6845.76 1.47239e-05 9.64666e-01 1.07994e-18 5.28618e-05 
6850.00 1.46731e-05 9.60790e-01 1.07024e-18 5.20290e-05 
6855.63 1.46629e-05 9.50330e-01 1.05746e-18 5.08543e-05 
6861.81 1.47031e-05 9.31148e-01 1.04352e-18 4.93504e-05 
6870.00 1.47734e-05 8.98378e-01 1.02524e-18 4.70591e-05 
6877.87 1.47974e-05 8.66546e-01 1.00785e-18 4.47458e-05 
6889.91 1.47605e-05 8.35390e-01 9.81640e-19 4.19835e-05 
6890.00 1.47600e-05 8.35292e-01 9.81437e-19 4.19691e-05 
6893.94 1.47379e-05 8.33510e-01 9.72943e-19 4.14787e-05 
6910.00 1.46449e-05 8.56565e-01 9.38859e-19 4.09682e-05 
6910.03 1.46447e-05 8.56620e-01 9.38803e-19 4.09682e-05 
6924.36 1.45935e-05 8.78300e-01 9.09060e-19 4.06161e-05 
6926.12 1.45880e-05 8.78626e-01 9.05445e-19 4.04647e-05 
6930.00 1.45752e-05 8.77141e-01 8.97520e-19 4.00299e-05 
6942.22 1.45266e-05 8.60503e-01 8.72876e-19 3.81321e-05 
6950.00 1.44974e-05 8.48732e-01 8.57434e-19 3.69123e-05 
6958.33 1.44762e-05 8.43572e-01 8.41101e-19 3.59793e-05 
6958.98 1.44751e-05 8.43710e-01 8.39850e-19 3.59323e-05 
6970.00 1.44718e-05 8.57908e-01 8.18608e-19 3.56611e-05 
6974.46 1.44780e-05 8.67651e-01 8.10126e-19 3.57306e-05 
6990.00 1.43992e-05 8.99184e-01 7.81043e-19 3.55845e-05 
6990.59 1.43893e-05 8.99891e-01 7.79952e-19 3.55415e-05 
6993.77 1.43266e-05 9.02590e-01 7.74099e-19 3.52424e-05 
7006.73 1.40432e-05 8.95268e-01 7.50580e-19 3.32854e-05 
7010.00 1.40070e-05 8.90477e-01 7.44738e-19 3.27803e-05 
7022.89 1.40899e-05 8.70732e-01 7.22009e-19 3.13166e-05 
7028.74 1.41681e-05 8.65600e-01 7.11858e-19 3.08904e-05 
7030.00 1.41820e-05 8.65121e-01 7.09689e-19 3.08149e-05 
7039.05 1.42307e-05 8.67879e-01 6.94235e-19 3.03829e-05 
7050.00 1.42024e-05 8.80922e-01 6.75886e-19 3.00112e-05 
7055.23 1.41706e-05 8.88678e-01 6.67255e-19 2.98442e-05 
7063.88 1.41079e-05 9.00590e-01 6.53144e-19 2.95098e-05 
7070.00 1.40638e-05 9.06742e-01 6.43317e-19 2.91981e-05 
7071.41 1.40544e-05 9.07884e-01 6.41064e-19 2.91187e-05 
7087.61 1.39864e-05 9.16016e-01 6.15655e-19 2.81429e-05 
7090.00 1.39849e-05 9.16772e-01 6.11967e-19 2.80039e-05 
7099.20 1.39957e-05 9.19710e-01 5.97944e-19 2.75068e-05 
7103.81 1.39985e-05 9.21517e-01 5.91020e-19 2.72647e-05 
7110.00 1.39828e-05 9.24192e-01 5.81819e-19 2.69114e-05 
7120.03 1.38924e-05 9.28206e-01 5.67150e-19 2.62135e-05 
7130.00 1.37757e-05 9.30364e-01 5.52853e-19 2.54325e-05 
7134.70 1.37312e-05 9.30280e-01 5.46215e-19 2.50603e-05 
7136.25 1.37190e-05 9.30050e-01 5.44035e-19 2.49373e-05 
7150.00 1.36701e-05 9.19510e-01 5.25048e-19 2.37550e-05 
7152.49 1.36734e-05 9.15148e-01 5.21666e-19 2.35040e-05 
7168.74 1.36492e-05 8.56985e-01 5.00030e-19 2.11077e-05 
7170.00 1.36339e-05 8.49802e-01 4.98379e-19 2.08420e-05 
7170.37 1.36288e-05 8.47590e-01 4.97891e-19 2.07607e-05 
7184.99 1.33439e-05 7.41963e-01 4.79116e-19 1.71575e-05 
7190.00 1.32908e-05 7.04888e-01 4.72822e-19 1.60332e-05 
7201.26 1.33763e-05 6.41876e-01 4.58910e-19 1.42839e-05 
7206.23 1.34480e-05 6.29740e-01 4.52885e-19 1.39136e-05 
7210.00 1.34909e-05 6.29056e-01 4.48349e-19 1.38104e-05 
7217.54 1.35174e-05 6.45887e-01 4.39400e-19 1.39387e-05 
7230.00 1.34799e-05 7.01912e-01 4.24934e-19 1.46337e-05 
7233.83 1.34743e-05 7.19921e-01 4.20571e-19 1.48567e-05 
7242.26 1.34825e-05 7.50150e-01 4.11094e-19 1.51586e-05 
7250.00 1.35031e-05 7.58904e-01 4.02548e-19 1.50556e-05 
7250.13 1.35034e-05 7.58903e-01 4.02410e-19 1.50511e-05 
7266.44 1.34830e-05 7.34215e-01 3.84901e-19 1.39381e-05 
7270.00 1.34401e-05 7.25406e-01 3.81161e-19 1.36003e-05 
7278.47 1.32729e-05 7.05860e-01 3.72400e-19 1.27837e-05 
7282.76 1.31844e-05 6.98502e-01 3.68030e-19 1.24260e-05 
7290.00 1.30930e-05 6.91320e-01 3.60744e-19 1.19831e-05 
7299.09 1.31409e-05 6.92547e-01 3.51782e-19 1.17636e-05 
7310.00 1.32601e-05 7.10831e-01 3.41267e-19 1.18371e-05 
7314.86 1.32676e-05 7.25440e-01 3.36672e-19 1.19324e-05 
7315.43 1.32663e-05 7.27411e-01 3.36142e-19 1.19458e-05 
7330.00 1.31802e-05 7.91655e-01 3.22699e-19 1.24246e-05 
7331.78 1.31734e-05 8.00319e-01 3.21093e-19 1.24947e-05 
7348.14 1.31923e-05 8.70265e-01 3.06620e-19 1.30219e-05 
7350.00 1.31987e-05 8.75816e-01 3.05010e-19 1.30457e-05 
7351.43 1.32036e-05 8.79580e-01 3.03773e-19 1.30561e-05 
7364.51 1.32142e-05 8.95303e-01 2.92709e-19 1.28385e-05 
7370.00 1.31804e-05 8.95161e-01 2.88168e-19 1.26144e-05 
7380.89 1.30261e-05 8.91552e-01 2.79342e-19 1.20539e-05 
7388.19 1.28975e-05 8.91730e-01 2.73560e-19 1.17018e-05 
7390.00 1.28673e-05 8.92613e-01 2.72144e-19 1.16284e-05 
7397.28 1.27649e-05 8.99566e-01 2.66505e-19 1.13959e-05 
7410.00 1.26903e-05 9.19957e-01 2.56907e-19 1.11881e-05 
7413.69 1.27001e-05 9.26598e-01 2.54181e-19 1.11635e-05 
7425.13 1.27762e-05 9.45130e-01 2.45884e-19 1.10981e-05 
7430.00 1.28019e-05 9.50829e-01 2.42428e-19 1.10375e-05 
7430.10 1.28022e-05 9.50932e-01 2.42356e-19 1.10359e-05 
7446.53 1.27977e-05 9.61202e-01 2.31014e-19 1.06527e-05 
7450.00 1.27998e-05 9.62245e-01 2.28677e-19 1.05631e-05 
7462.26 1.28470e-05 9.65030e-01 2.20595e-19 1.02738e-05 
7462.96 1.28495e-05 9.65201e-01 2.20140e-19 1.02574e-05 
7470.00 1.28564e-05 9.67116e-01 2.15624e-19 1.00818e-05 
7479.41 1.28000e-05 9.69642e-01 2.09718e-19 9.80050e-06 
7490.00 1.27188e-05 9.71155e-01 2.03241e-19 9.46569e-06 
7495.86 1.27009e-05 9.70826e-01 1.99734e-19 9.29334e-06 
7499.57 1.26988e-05 9.70030e-01 1.97545e-19 9.18700e-06 
7510.00 1.27042e-05 9.65780e-01 1.91500e-19 8.88296e-06 
7512.33 1.27032e-05 9.64762e-01 1.90173e-19 8.81415e-06 
7528.81 1.26831e-05 9.63591e-01 1.81022e-19 8.38491e-06 
7530.00 1.26831e-05 9.64231e-01 1.80374e-19 8.36177e-06 
7537.07 1.26893e-05 9.71100e-01 1.76585e-19 8.25618e-06 
7545.29 1.26921e-05 9.85371e-01 1.72264e-19 8.18329e-06 
7550.00 1.26805e-05 9.93984e-01 1.69836e-19 8.13612e-06 
7561.79 1.25997e-05 1.00410e+00 1.63888e-19 7.89284e-06 
7570.00 1.25428e-05 9.90592e-01 1.59860e-19 7.56921e-06 
7574.75 1.25253e-05 9.70960e-01 1.57569e-19 7.30726e-06 
7578.30 1.25183e-05 9.49632e-01 1.55879e-19 7.06940e-06 
7590.00 1.24981e-05 8.48604e-01 1.50421e-19 6.09566e-06 
7594.82 1.24780e-05 7.98945e-01 1.48223e-19 5.64960e-06 
7610.00 1.24089e-05 6.46313e-01 1.41494e-19 4.34730e-06 
7611.35 1.24064e-05 6.34696e-01 1.40908e-19 4.25142e-06 
7612.63 1.24050e-05 6.24240e-01 1.40358e-19 4.16528e-06 
7627.89 1.24298e-05 5.40898e-01 1.33921e-19 3.45746e-06 
7630.00 1.24353e-05 5.35478e-01 1.33054e-19 3.40310e-06 
7644.44 1.24228e-05 5.38219e-01 1.27250e-19 3.27421e-06 
7650.00 1.23644e-05 5.57858e-01 1.25080e-19 3.32254e-06 
7650.69 1.23540e-05 5.61020e-01 1.24813e-19 3.33172e-06 
7661.01 1.21567e-05 6.24593e-01 1.20882e-19 3.53986e-06 
7670.00 1.20506e-05 6.96315e-01 1.17549e-19 3.80848e-06 
7677.58 1.20993e-05 7.60114e-01 1.14806e-19 4.08086e-06 
7688.94 1.22333e-05 8.46530e-01 1.10804e-19 4.44152e-06 
7690.00 1.22381e-05 8.53349e-01 1.10439e-19 4.46490e-06 
7694.16 1.22341e-05 8.77744e-01 1.09010e-19 4.53412e-06 
7710.00 1.20899e-05 9.39704e-01 1.03730e-19 4.57398e-06 
7710.76 1.20860e-05 9.41643e-01 1.03483e-19 4.57153e-06 
7727.36 1.20888e-05 9.68146e-01 9.82146e-20 4.47152e-06 
7727.39 1.20888e-05 9.68170e-01 9.82063e-20 4.47125e-06 
7730.00 1.20814e-05 9.70310e-01 9.74008e-20 4.44316e-06 
7743.98 1.19579e-05 9.76247e-01 9.31935e-20 4.24118e-06 
7750.00 1.19247e-05 9.76725e-01 9.14334e-20 4.15479e-06 
7760.60 1.19722e-05 9.76071e-01 8.84099e-20 4.03621e-06 
7766.03 1.20169e-05 9.75550e-01 8.69004e-20 3.98278e-06 
7770.00 1.20428e-05 9.75282e-01 8.58090e-20 3.94217e-06 
7777.24 1.20576e-05 9.75073e-01 8.38538e-20 3.85984e-06 
7790.00 1.20228e-05 9.75344e-01 8.05099e-20 3.70230e-06 
7793.89 1.20089e-05 9.75530e-01 7.95159e-20 3.65491e-06 
7804.86 1.19657e-05 9.76140e-01 7.67743e-20 3.52334e-06 
7810.00 1.19378e-05 9.76405e-01 7.55190e-20 3.46087e-06 
7810.55 1.19344e-05 9.76430e-01 7.53866e-20 3.45414e-06 
7827.22 1.18150e-05 9.76605e-01 7.14573e-20 3.24885e-06 
7830.00 1.17989e-05 9.76470e-01 7.08203e-20 3.21621e-06 
7843.88 1.17645e-05 9.74730e-01 6.77229e-20 3.06653e-06 
7843.90 1.17645e-05 9.74727e-01 6.77191e-20 3.06635e-06 
7850.00 1.17721e-05 9.73254e-01 6.63981e-20 3.00627e-06 
7860.59 1.18064e-05 9.69278e-01 6.41638e-20 2.90559e-06 
7870.00 1.18246e-05 9.63812e-01 6.22375e-20 2.81015e-06 
7877.29 1.18100e-05 9.58047e-01 6.07834e-20 2.72724e-06 
7883.10 1.17832e-05 9.52350e-01 5.96476e-20 2.65628e-06 
7890.00 1.17416e-05 9.44361e-01 5.83245e-20 2.56872e-06 
7894.00 1.17154e-05 9.39433e-01 5.75700e-20 2.51791e-06 
7910.00 1.15796e-05 9.22082e-01 5.46455e-20 2.32336e-06 
7910.73 1.15715e-05 9.21516e-01 5.45163e-20 2.31503e-06 
7922.51 1.14290e-05 9.17210e-01 5.24567e-20 2.19313e-06 
7927.46 1.13774e-05 9.18746e-01 5.16150e-20 2.15314e-06 
7930.00 1.13565e-05 9.20219e-01 5.11876e-20 2.13549e-06 
7944.20 1.13263e-05 9.32898e-01 4.88592e-20 2.06462e-06 
7950.00 1.13520e-05 9.38150e-01 4.79385e-20 2.04324e-06 
7960.96 1.14394e-05 9.43674e-01 4.62422e-20 2.00057e-06 
7962.13 1.14493e-05 9.43720e-01 4.60651e-20 1.99502e-06 
7970.00 1.15046e-05 9.40868e-01 4.48865e-20 1.94938e-06 
7977.73 1.15235e-05 9.33978e-01 4.37577e-20 1.89138e-06 
7990.00 1.14794e-05 9.19078e-01 4.20205e-20 1.78321e-06 
7994.50 1.14436e-05 9.13572e-01 4.13995e-20 1.74188e-06 
8001.94 1.13773e-05 9.05820e-01 4.03941e-20 1.67694e-06 
8010.00 1.13220e-05 9.00470e-01 3.93299e-20 1.61685e-06 
8011.29 1.13168e-05 8.99913e-01 3.91617e-20 1.60847e-06 
8028.09 1.12922e-05 8.99088e-01 3.70387e-20 1.51976e-06 
8030.00 1.12853e-05 8.99645e-01 3.68048e-20 1.51052e-06 
8041.95 1.12071e-05 9.05420e-01 3.53713e-20 1.45304e-06 
8044.90 1.11904e-05 9.07350e-01 3.50250e-20 1.44027e-06 
8050.00 1.11777e-05 9.11003e-01 3.44355e-20 1.42102e-06 
8061.72 1.12246e-05 9.20195e-01 3.31154e-20 1.38814e-06 
8070.00 1.12321e-05 9.26520e-01 3.22131e-20 1.36190e-06 
8078.56 1.11507e-05 9.32101e-01 3.13050e-20 1.32323e-06 
8082.16 1.11044e-05 9.33980e-01 3.09302e-20 1.30517e-06 
8090.00 1.10270e-05 9.36557e-01 3.01289e-20 1.26721e-06 
8095.40 1.10180e-05 9.36423e-01 2.95889e-20 1.24413e-06 
8110.00 1.10956e-05 9.23308e-01 2.81749e-20 1.17843e-06 
8112.25 1.11067e-05 9.19110e-01 2.79625e-20 1.16572e-06 
8122.57 1.11273e-05 8.90330e-01 2.70101e-20 1.09416e-06 
8129.12 1.11159e-05 8.63226e-01 2.64216e-20 1.03752e-06 
8130.00 1.11130e-05 8.59148e-01 2.63434e-20 1.02940e-06 
8145.99 1.10410e-05 7.77346e-01 2.49619e-20 8.78548e-07 
8150.00 1.10320e-05 7.57174e-01 2.46270e-20 8.43997e-07 
8162.88 1.10304e-05 7.04400e-01 2.35794e-20 7.52849e-07 
8163.18 1.10296e-05 7.03500e-01 2.35555e-20 7.51102e-07 
8170.00 1.09844e-05 6.87777e-01 2.30190e-20 7.15247e-07 
8179.78 1.08193e-05 6.79057e-01 2.22702e-20 6.73747e-07 
8190.00 1.06580e-05 6.82990e-01 2.15128e-20 6.45644e-07 
8196.69 1.06338e-05 6.90377e-01 2.10308e-20 6.37079e-07 
8204.00 1.06576e-05 7.00830e-01 2.05160e-20 6.32867e-07 
8210.00 1.06792e-05 7.10143e-01 2.01023e-20 6.30083e-07 
8213.61 1.06812e-05 7.15876e-01 1.98576e-20 6.27831e-07 
8230.00 1.06441e-05 7.41904e-01 1.87817e-20 6.14489e-07 
8230.54 1.06438e-05 7.42730e-01 1.87473e-20 6.14071e-07 
8245.02 1.06812e-05 7.63200e-01 1.78459e-20 6.03824e-07 
8247.48 1.06924e-05 7.66239e-01 1.76967e-20 6.01974e-07 
8250.00 1.07041e-05 7.69175e-01 1.75455e-20 5.99955e-07 
8264.43 1.07569e-05 7.81933e-01 1.67028e-20 5.84498e-07 
8270.00 1.07630e-05 7.84622e-01 1.63885e-20 5.76184e-07 
8281.40 1.07378e-05 7.85327e-01 1.57627e-20 5.54143e-07 
8286.24 1.07125e-05 7.83410e-01 1.55039e-20 5.42750e-07 
8290.00 1.06874e-05 7.80913e-01 1.53059e-20 5.33102e-07 
8298.37 1.06155e-05 7.71916e-01 1.48737e-20 5.09146e-07 
8310.00 1.04833e-05 7.50714e-01 1.42931e-20 4.70569e-07 
8315.36 1.04115e-05 7.37180e-01 1.40330e-20 4.50860e-07 
