##### EXOPHOT SPECTRAL OVERLAP FILE #####
# Date: 01/12/2021 13:14:55
# SED file: SED_g2v.txt
# atmosphere file: atm_g2v_hzi_os4.txt
# photopigment file: phot0.txt
# Stellar radius (Rs in km): 6.963400e+05
# Exoplanet orbit semi-major axis (sma in km): 1.070123e+08
# Total absorption rate (gamma_t in s-1): 1.53353e+01
# B band absorption rate (gamma_B in s-1): 3.85395e+00
# Q band absorption rate (gamma_Q in s-1): 1.14814e+01
# B-Q bands cut-off (in nm): 500
# photosynthetic photon flux density [ppfd in micromol photon m-2 s-1]: 4.48002e+03
# Total Stellar Irradiance (S in W m-2): 2.62457e+03
# -------------------------------------------------
# Col 1: Wavelength (wl in Angstrom) 
# Col 2: Spectral Flux Density (F_l in J cm-2 s-1 A-1) 
# Col 3: Atmosphere transmitance (T, no units) 
# Col 4: Pigment absorption cross section (sigma_abs in cm-2) 
# Col 5: Spectral Absorption Rate (Gamma_lambda in A-1 s-1)
2507.89 1.18990e-06 5.47114e-01 2.67405e-19 2.19781e-07 
2513.00 7.20367e-07 5.49751e-01 3.01454e-19 1.51028e-07 
2515.76 5.77312e-07 5.51170e-01 3.20881e-19 1.29310e-07 
2518.00 5.09218e-07 5.52321e-01 3.37186e-19 1.20211e-07 
2523.54 4.91536e-07 5.55158e-01 3.79301e-19 1.31489e-07 
2525.00 5.15282e-07 5.55902e-01 3.90776e-19 1.42284e-07 
2528.34 5.96549e-07 5.57600e-01 4.17606e-19 1.76805e-07 
2535.00 7.15489e-07 5.60974e-01 4.73286e-19 2.42422e-07 
2539.21 6.86872e-07 5.63092e-01 5.09672e-19 2.51981e-07 
2540.98 6.97928e-07 5.63980e-01 5.25216e-19 2.64446e-07 
2545.00 9.18208e-07 5.65989e-01 5.60936e-19 3.73485e-07 
2553.68 2.13503e-06 5.70300e-01 6.39107e-19 1.00040e-06 
2554.88 2.21681e-06 5.70894e-01 6.49943e-19 1.05792e-06 
2555.00 2.22178e-06 5.70951e-01 6.50985e-19 1.06215e-06 
2565.00 1.87982e-06 5.75870e-01 7.40072e-19 1.03449e-06 
2566.45 1.94933e-06 5.76580e-01 7.52709e-19 1.09302e-06 
2570.57 2.39523e-06 5.78587e-01 7.87946e-19 1.41307e-06 
2575.00 2.84961e-06 5.80733e-01 8.24551e-19 1.76880e-06 
2579.28 2.85795e-06 5.82800e-01 8.58422e-19 1.85651e-06 
2585.00 2.53231e-06 5.85545e-01 9.00771e-19 1.73810e-06 
2586.27 2.47352e-06 5.86152e-01 9.09674e-19 1.71715e-06 
2592.18 2.30527e-06 5.88970e-01 9.48439e-19 1.68040e-06 
2595.00 2.22019e-06 5.90308e-01 9.65255e-19 1.65261e-06 
2601.98 1.87087e-06 5.93598e-01 1.00173e-18 1.45719e-06 
2605.00 1.72809e-06 5.95014e-01 1.01509e-18 1.36876e-06 
2605.14 1.72250e-06 5.95080e-01 1.01568e-18 1.36535e-06 
2615.00 1.56465e-06 5.99658e-01 1.04804e-18 1.29447e-06 
2617.70 1.58657e-06 6.00903e-01 1.05385e-18 1.32398e-06 
2618.17 1.59738e-06 6.01120e-01 1.05472e-18 1.33484e-06 
2625.00 2.29914e-06 6.04262e-01 1.06277e-18 1.95112e-06 
2631.26 4.04533e-06 6.07120e-01 1.06254e-18 3.45670e-06 
2633.43 4.65074e-06 6.08104e-01 1.06078e-18 3.97713e-06 
2635.00 5.01118e-06 6.08817e-01 1.05896e-18 4.28559e-06 
2644.41 6.63110e-06 6.13050e-01 1.03892e-18 5.62233e-06 
2645.00 6.82365e-06 6.13312e-01 1.03717e-18 5.77961e-06 
2649.17 8.61164e-06 6.15174e-01 1.02314e-18 7.22852e-06 
2655.00 9.98980e-06 6.17765e-01 9.98934e-19 8.23958e-06 
2657.64 9.25030e-06 6.18930e-01 9.86374e-19 7.55541e-06 
2664.92 5.66203e-06 6.22124e-01 9.46934e-19 4.47482e-06 
2665.00 5.63700e-06 6.22160e-01 9.46451e-19 4.45317e-06 
2670.92 5.56603e-06 6.24740e-01 9.09734e-19 4.25348e-06 
2675.00 6.66834e-06 6.26509e-01 8.82451e-19 4.96458e-06 
2680.68 8.10216e-06 6.28963e-01 8.42133e-19 5.79129e-06 
2684.28 8.24709e-06 6.30510e-01 8.15429e-19 5.72967e-06 
2685.00 8.15790e-06 6.30819e-01 8.09988e-19 5.63416e-06 
2695.00 5.44566e-06 6.35071e-01 7.32164e-19 3.43529e-06 
2696.45 5.48611e-06 6.35684e-01 7.20601e-19 3.41128e-06 
2697.70 5.66222e-06 6.36210e-01 7.10627e-19 3.47653e-06 
2705.00 7.12513e-06 6.39274e-01 6.51990e-19 4.04400e-06 
2711.19 5.95769e-06 6.41850e-01 6.02378e-19 3.14386e-06 
2712.24 5.60202e-06 6.42283e-01 5.94046e-19 2.91838e-06 
2715.00 4.65830e-06 6.43425e-01 5.72150e-19 2.34384e-06 
2724.74 3.19232e-06 6.47430e-01 4.96881e-19 1.40864e-06 
2725.00 3.20982e-06 6.47535e-01 4.94959e-19 1.41125e-06 
2728.03 3.61850e-06 6.48778e-01 4.72386e-19 1.52298e-06 
2735.00 4.37698e-06 6.51611e-01 4.22241e-19 1.65808e-06 
2738.37 3.79720e-06 6.52950e-01 3.98997e-19 1.36373e-06 
2743.83 2.41111e-06 6.55068e-01 3.62784e-19 7.91467e-07 
2745.00 2.24190e-06 6.55514e-01 3.55308e-19 7.21554e-07 
2752.06 2.80122e-06 6.58220e-01 3.12031e-19 7.97069e-07 
2755.00 3.38661e-06 6.59363e-01 2.95028e-19 9.13690e-07 
2759.65 4.15309e-06 6.61190e-01 2.69389e-19 1.02767e-06 
2765.00 4.77991e-06 6.63298e-01 2.41795e-19 1.06707e-06 
2765.82 4.85781e-06 6.63620e-01 2.37744e-19 1.06713e-06 
2775.00 4.86362e-06 6.67184e-01 1.95655e-19 8.86918e-07 
2775.47 4.79230e-06 6.67367e-01 1.93637e-19 8.65282e-07 
2779.65 3.86739e-06 6.68970e-01 1.76559e-19 6.39188e-07 
2785.00 2.44368e-06 6.71015e-01 1.56366e-19 3.59475e-07 
2791.31 1.34772e-06 6.73414e-01 1.34887e-19 1.72022e-07 
2793.55 1.11886e-06 6.74260e-01 1.27862e-19 1.35651e-07 
2795.00 1.00457e-06 6.74808e-01 1.23458e-19 1.17756e-07 
2805.00 1.26785e-06 6.78555e-01 9.63381e-20 1.17033e-07 
2807.16 1.70443e-06 6.79358e-01 9.11764e-20 1.49194e-07 
2807.52 1.79018e-06 6.79490e-01 9.03475e-20 1.55325e-07 
2815.00 4.13152e-06 6.82251e-01 7.43330e-20 2.96919e-07 
2821.55 6.16294e-06 6.84650e-01 6.23586e-20 3.73736e-07 
2823.02 6.47785e-06 6.85184e-01 5.99230e-20 3.77980e-07 
2825.00 6.76852e-06 6.85906e-01 5.67593e-20 3.74746e-07 
2835.00 5.89106e-06 6.89523e-01 4.29577e-20 2.49034e-07 
2835.66 5.73846e-06 6.89760e-01 4.21636e-20 2.38237e-07 
2838.89 4.90553e-06 6.90914e-01 3.84814e-20 1.86394e-07 
2845.00 3.11641e-06 6.93088e-01 3.23342e-20 1.00025e-07 
2849.84 1.84949e-06 6.94800e-01 2.81825e-20 5.19559e-08 
2854.77 1.44976e-06 6.96539e-01 2.45493e-20 3.56268e-08 
2855.00 1.46711e-06 6.96621e-01 2.43917e-20 3.58287e-08 
2864.09 4.38465e-06 6.99800e-01 1.91675e-20 8.47977e-08 
2865.00 4.81315e-06 7.00116e-01 1.87406e-20 9.10817e-08 
2870.66 7.30276e-06 7.02065e-01 1.64668e-20 1.22005e-07 
2875.00 8.30347e-06 7.03549e-01 1.51503e-20 1.28096e-07 
2878.41 8.16613e-06 7.04710e-01 1.43802e-20 1.19913e-07 
2885.00 7.41674e-06 7.06945e-01 1.35689e-20 1.03326e-07 
2886.56 7.51676e-06 7.07472e-01 1.35107e-20 1.04405e-07 
2892.80 9.07888e-06 7.09570e-01 1.38259e-20 1.29707e-07 
2895.00 9.82772e-06 7.10305e-01 1.41648e-20 1.44105e-07 
2902.47 1.20783e-05 7.12788e-01 1.63244e-20 2.05349e-07 
2907.27 1.30436e-05 7.14370e-01 1.86335e-20 2.54111e-07 
2910.00 1.33517e-05 7.15270e-01 2.03365e-20 2.84511e-07 
2918.40 1.31693e-05 7.18017e-01 2.76705e-20 3.84399e-07 
2921.80 1.27845e-05 7.19120e-01 3.17006e-20 4.28672e-07 
2930.00 1.17404e-05 7.21748e-01 4.46542e-20 5.58113e-07 
2934.33 1.13710e-05 7.23128e-01 5.37497e-20 6.52860e-07 
2936.41 1.12533e-05 7.23790e-01 5.87669e-20 7.07563e-07 
2950.00 1.11598e-05 7.28098e-01 1.05152e-19 1.26885e-06 
2950.28 1.11660e-05 7.28185e-01 1.06385e-19 1.28471e-06 
2951.09 1.11854e-05 7.28440e-01 1.10127e-19 1.33305e-06 
2965.85 1.16452e-05 7.32970e-01 2.03235e-19 2.59002e-06 
2966.23 1.16557e-05 7.33086e-01 2.06427e-19 2.63384e-06 
2970.00 1.17424e-05 7.34229e-01 2.40344e-19 3.09815e-06 
2980.68 1.17921e-05 7.37450e-01 3.66490e-19 4.78215e-06 
2982.20 1.17791e-05 7.37906e-01 3.88732e-19 5.07252e-06 
2990.00 1.16569e-05 7.40239e-01 5.23339e-19 6.79722e-06 
2995.58 1.15381e-05 7.41900e-01 6.44459e-19 8.31914e-06 
2998.18 1.14910e-05 7.42671e-01 7.09004e-19 9.13237e-06 
3010.00 1.15609e-05 7.46148e-01 1.08326e-18 1.41593e-05 
3010.56 1.15824e-05 7.46310e-01 1.10471e-18 1.44722e-05 
3014.16 1.17638e-05 7.47349e-01 1.25259e-18 1.67098e-05 
3025.61 1.25520e-05 7.50600e-01 1.84622e-18 2.64936e-05 
3030.00 1.27990e-05 7.51839e-01 2.13341e-18 3.13141e-05 
3030.16 1.28064e-05 7.51886e-01 2.14491e-18 3.15048e-05 
3040.74 1.30711e-05 7.54860e-01 3.00901e-18 4.54470e-05 
3046.18 1.31791e-05 7.56377e-01 3.56281e-18 5.44622e-05 
3050.00 1.33107e-05 7.57437e-01 4.00395e-18 6.19812e-05 
3055.94 1.36381e-05 7.59070e-01 4.78425e-18 7.61936e-05 
3062.20 1.39848e-05 7.60769e-01 5.74519e-18 9.42255e-05 
3070.00 1.40833e-05 7.62864e-01 7.17386e-18 1.19115e-04 
3071.22 1.40400e-05 7.63190e-01 7.42333e-18 1.22979e-04 
3078.23 1.35649e-05 7.65053e-01 9.00094e-18 1.44751e-04 
3086.58 1.30504e-05 7.67260e-01 1.12441e-17 1.74941e-04 
3090.00 1.30535e-05 7.68162e-01 1.22906e-17 1.91706e-04 
3094.27 1.33269e-05 7.69284e-01 1.37112e-17 2.18965e-04 
3102.01 1.42458e-05 7.71300e-01 1.66316e-17 2.85372e-04 
3110.00 1.50379e-05 7.73349e-01 2.01661e-17 3.67172e-04 
3110.33 1.50544e-05 7.73433e-01 2.03232e-17 3.70515e-04 
3117.52 1.50415e-05 7.75260e-01 2.40313e-17 4.39792e-04 
3126.39 1.44065e-05 7.77497e-01 2.93327e-17 5.17103e-04 
3130.00 1.40910e-05 7.78391e-01 3.17366e-17 5.48491e-04 
3133.11 1.38409e-05 7.79150e-01 3.39307e-17 5.77134e-04 
3142.47 1.33695e-05 7.81368e-01 4.12539e-17 6.81758e-04 
3148.77 1.34307e-05 7.82840e-01 4.68301e-17 7.80478e-04 
3150.00 1.34897e-05 7.83127e-01 4.79764e-17 8.03703e-04 
3158.56 1.42179e-05 7.85146e-01 5.65753e-17 1.00421e-03 
3164.52 1.46946e-05 7.86560e-01 6.31994e-17 1.16368e-03 
3170.00 1.47776e-05 7.87861e-01 6.97642e-17 1.29619e-03 
3174.66 1.44436e-05 7.88963e-01 7.57058e-17 1.37874e-03 
3180.34 1.37688e-05 7.90300e-01 8.34247e-17 1.45338e-03 
3190.00 1.30600e-05 7.92545e-01 9.77163e-17 1.62423e-03 
3190.77 1.30751e-05 7.92721e-01 9.89130e-17 1.64679e-03 
3196.24 1.34936e-05 7.93980e-01 1.07748e-16 1.85740e-03 
3206.89 1.45180e-05 7.96404e-01 1.26262e-16 2.35679e-03 
3210.00 1.44882e-05 7.97108e-01 1.32009e-16 2.46356e-03 
3212.22 1.42991e-05 7.97610e-01 1.36203e-16 2.51198e-03 
3223.02 1.24497e-05 8.00025e-01 1.57565e-16 2.54629e-03 
3228.29 1.18883e-05 8.01190e-01 1.68564e-16 2.60925e-03 
3230.00 1.18779e-05 8.01567e-01 1.72221e-16 2.66618e-03 
3239.16 1.34119e-05 8.03563e-01 1.92338e-16 3.38013e-03 
3244.43 1.49943e-05 8.04700e-01 2.04304e-16 4.02624e-03 
3250.00 1.67015e-05 8.05896e-01 2.17241e-16 4.78389e-03 
3255.32 1.80222e-05 8.07030e-01 2.29799e-16 5.47725e-03 
3260.65 1.89881e-05 8.08160e-01 2.42578e-16 6.11023e-03 
3270.00 1.98573e-05 8.10124e-01 2.65266e-16 7.02464e-03 
3271.48 1.99032e-05 8.10433e-01 2.68876e-16 7.14266e-03 
3276.95 1.98899e-05 8.11570e-01 2.82239e-16 7.51568e-03 
3287.66 1.93208e-05 8.13774e-01 3.08260e-16 8.02148e-03 
3290.00 1.91539e-05 8.14252e-01 3.13903e-16 8.10831e-03 
3293.34 1.89174e-05 8.14930e-01 3.21886e-16 8.22704e-03 
3303.84 1.82791e-05 8.17044e-01 3.46477e-16 8.60635e-03 
3309.80 1.80628e-05 8.18230e-01 3.59942e-16 8.86380e-03 
3310.00 1.80583e-05 8.18269e-01 3.60379e-16 8.87325e-03 
3320.04 1.80398e-05 8.20249e-01 3.81990e-16 9.44706e-03 
3326.35 1.81968e-05 8.21480e-01 3.94760e-16 9.88135e-03 
3330.00 1.83268e-05 8.22185e-01 4.01816e-16 1.01496e-02 
3336.25 1.85452e-05 8.23386e-01 4.13304e-16 1.05995e-02 
3342.98 1.84952e-05 8.24670e-01 4.24744e-16 1.09025e-02 
3350.00 1.77305e-05 8.26000e-01 4.35554e-16 1.07575e-02 
3352.47 1.72197e-05 8.26466e-01 4.39077e-16 1.05458e-02 
3359.70 1.53247e-05 8.27820e-01 4.48474e-16 9.62254e-03 
3368.70 1.34596e-05 8.29485e-01 4.58222e-16 8.67564e-03 
3370.00 1.33506e-05 8.29723e-01 4.59438e-16 8.63407e-03 
3376.50 1.35690e-05 8.30910e-01 4.64817e-16 8.90784e-03 
3384.95 1.48772e-05 8.32444e-01 4.69977e-16 9.91807e-03 
3390.00 1.56086e-05 8.33354e-01 4.72055e-16 1.04788e-02 
3393.38 1.58891e-05 8.33960e-01 4.73022e-16 1.07073e-02 
3401.20 1.60235e-05 8.35351e-01 4.73960e-16 1.08623e-02 
3410.00 1.59350e-05 8.36899e-01 4.72862e-16 1.08252e-02 
3410.35 1.59377e-05 8.36960e-01 4.72773e-16 1.08269e-02 
3417.47 1.61559e-05 8.38201e-01 4.70180e-16 1.09540e-02 
3427.40 1.67241e-05 8.39910e-01 4.64208e-16 1.12506e-02 
3430.00 1.68683e-05 8.40353e-01 4.62207e-16 1.13133e-02 
3433.74 1.70448e-05 8.40987e-01 4.59020e-16 1.13738e-02 
3444.54 1.73931e-05 8.42800e-01 4.47895e-16 1.13850e-02 
3450.00 1.75203e-05 8.43713e-01 4.41231e-16 1.13278e-02 
3450.03 1.75210e-05 8.43718e-01 4.41190e-16 1.13274e-02 
3461.76 1.78312e-05 8.45660e-01 4.24772e-16 1.11623e-02 
3466.33 1.80191e-05 8.46407e-01 4.17662e-16 1.11155e-02 
3470.00 1.82171e-05 8.47002e-01 4.11699e-16 1.10968e-02 
3479.07 1.89101e-05 8.48460e-01 3.96064e-16 1.11295e-02 
3482.64 1.92466e-05 8.49031e-01 3.89586e-16 1.11613e-02 
3490.00 2.00101e-05 8.50201e-01 3.75769e-16 1.12316e-02 
3496.46 2.06798e-05 8.51220e-01 3.63174e-16 1.12526e-02 
3498.96 2.08887e-05 8.51612e-01 3.58203e-16 1.12239e-02 
3510.00 2.09635e-05 8.53323e-01 3.35756e-16 1.06128e-02 
3513.95 2.05178e-05 8.53930e-01 3.27578e-16 1.01528e-02 
3515.30 2.03258e-05 8.54137e-01 3.24762e-16 9.97762e-03 
3530.00 1.91994e-05 8.56372e-01 2.93904e-16 8.58727e-03 
3531.51 1.93851e-05 8.56600e-01 2.90718e-16 8.58229e-03 
3531.64 1.94040e-05 8.56619e-01 2.90452e-16 8.58329e-03 
3548.00 2.25199e-05 8.59047e-01 2.56337e-16 8.85732e-03 
3549.17 2.25156e-05 8.59220e-01 2.53919e-16 8.77675e-03 
3550.00 2.24709e-05 8.59341e-01 2.52220e-16 8.70395e-03 
3564.36 1.80106e-05 8.61432e-01 2.23321e-16 6.21704e-03 
3566.92 1.70748e-05 8.61800e-01 2.18318e-16 5.76857e-03 
3570.00 1.61558e-05 8.62243e-01 2.12346e-16 5.31611e-03 
3580.74 1.52965e-05 8.63774e-01 1.92121e-16 4.57576e-03 
3584.75 1.56400e-05 8.64340e-01 1.84825e-16 4.50881e-03 
3590.00 1.63463e-05 8.65075e-01 1.75505e-16 4.48519e-03 
3597.13 1.74202e-05 8.66066e-01 1.63265e-16 4.46043e-03 
3602.68 1.82032e-05 8.66830e-01 1.54103e-16 4.41001e-03 
3610.00 1.90030e-05 8.67832e-01 1.42492e-16 4.27052e-03 
3613.53 1.92443e-05 8.68313e-01 1.37095e-16 4.16732e-03 
3620.69 1.94528e-05 8.69280e-01 1.26573e-16 3.90120e-03 
3629.94 1.92902e-05 8.70518e-01 1.13790e-16 3.49174e-03 
3630.00 1.92881e-05 8.70526e-01 1.13717e-16 3.48920e-03 
3638.79 1.93924e-05 8.71690e-01 1.02437e-16 3.17198e-03 
3640.00 1.95771e-05 8.71849e-01 1.00954e-16 3.15746e-03 
3646.37 2.13447e-05 8.72684e-01 9.33834e-17 3.19301e-03 
3650.00 2.24311e-05 8.73157e-01 8.92583e-17 3.21223e-03 
3656.99 2.35541e-05 8.74060e-01 8.17055e-17 3.09675e-03 
3662.80 2.36527e-05 8.74804e-01 7.57965e-17 2.89187e-03 
3670.00 2.31466e-05 8.75716e-01 6.89472e-17 2.58200e-03 
3675.27 2.26033e-05 8.76380e-01 6.42434e-17 2.35454e-03 
3679.25 2.22241e-05 8.76879e-01 6.08653e-17 2.19694e-03 
3690.00 2.19802e-05 8.78219e-01 5.24411e-17 1.88042e-03 
3693.65 2.23184e-05 8.78670e-01 4.98063e-17 1.81616e-03 
3695.71 2.25701e-05 8.78924e-01 4.83677e-17 1.78509e-03 
3710.00 2.30337e-05 8.80665e-01 3.92962e-17 1.48875e-03 
3712.12 2.25818e-05 8.80920e-01 3.80817e-17 1.41565e-03 
3712.18 2.25665e-05 8.80927e-01 3.80476e-17 1.41346e-03 
3728.66 1.69444e-05 8.82892e-01 2.96348e-17 8.32170e-04 
3730.00 1.66695e-05 8.83050e-01 2.90256e-17 8.02272e-04 
3730.68 1.65591e-05 8.83130e-01 2.87222e-17 7.88841e-04 
3745.15 1.76538e-05 8.84818e-01 2.28610e-17 6.73254e-04 
3749.33 1.86530e-05 8.85300e-01 2.13739e-17 6.66193e-04 
3750.00 1.88187e-05 8.85377e-01 2.11439e-17 6.65053e-04 
3761.65 2.14884e-05 8.86705e-01 1.74710e-17 6.30379e-04 
3768.08 2.25303e-05 8.87430e-01 1.56966e-17 5.95320e-04 
3770.00 2.27452e-05 8.87646e-01 1.51976e-17 5.82331e-04 
3778.17 2.31823e-05 8.88560e-01 1.32306e-17 5.18354e-04 
3786.92 2.33741e-05 8.89530e-01 1.13783e-17 4.51006e-04 
3790.00 2.35297e-05 8.89869e-01 1.07835e-17 4.30788e-04 
3794.70 2.39065e-05 8.90383e-01 9.93082e-18 4.03811e-04 
3805.85 2.38437e-05 8.91590e-01 8.14313e-18 3.31670e-04 
3810.00 2.27954e-05 8.92034e-01 7.55677e-18 2.94723e-04 
3811.23 2.23207e-05 8.92166e-01 7.38994e-18 2.82346e-04 
3824.88 1.51916e-05 8.93610e-01 5.75488e-18 1.50428e-04 
3827.78 1.41522e-05 8.93915e-01 5.45314e-18 1.32934e-04 
3830.00 1.36996e-05 8.94147e-01 5.23237e-18 1.23577e-04 
3844.01 1.66753e-05 8.95600e-01 4.01698e-18 1.16090e-04 
3844.34 1.67948e-05 8.95635e-01 3.99118e-18 1.16186e-04 
3850.00 1.84564e-05 8.96213e-01 3.58122e-18 1.14808e-04 
3860.92 1.87758e-05 8.97318e-01 2.89802e-18 9.48988e-05 
3863.23 1.85642e-05 8.97550e-01 2.76992e-18 8.97586e-05 
3870.00 1.80158e-05 8.98228e-01 2.42392e-18 7.64177e-05 
3877.50 1.82451e-05 8.98973e-01 2.08805e-18 6.68512e-05 
3882.54 1.90296e-05 8.99470e-01 1.88722e-18 6.31365e-05 
3890.00 2.11770e-05 9.00198e-01 1.62308e-18 6.05921e-05 
3894.10 2.28107e-05 9.00594e-01 1.49317e-18 6.01323e-05 
3901.96 2.54804e-05 9.01350e-01 1.27075e-18 5.73276e-05 
3910.00 2.50062e-05 9.02117e-01 1.07563e-18 4.77612e-05 
3910.70 2.47085e-05 9.02184e-01 1.05998e-18 4.65178e-05 
3921.46 1.70199e-05 9.03200e-01 8.45788e-19 2.56670e-05 
3927.32 1.36488e-05 9.03748e-01 7.47128e-19 1.82203e-05 
3930.00 1.31590e-05 9.03997e-01 7.05741e-19 1.66093e-05 
3941.07 1.83227e-05 9.05020e-01 5.56565e-19 1.83106e-05 
3943.95 2.01794e-05 9.05284e-01 5.22978e-19 1.89685e-05 
3950.00 2.23890e-05 9.05836e-01 4.58608e-19 1.84947e-05 
3960.59 1.84043e-05 9.06794e-01 3.63619e-19 1.20993e-05 
3960.78 1.83018e-05 9.06810e-01 3.62159e-19 1.19843e-05 
3970.00 1.54497e-05 9.07631e-01 2.95270e-19 8.27490e-06 
3977.25 1.92461e-05 9.08269e-01 2.51169e-19 8.79084e-06 
3980.58 2.22252e-05 9.08560e-01 2.33068e-19 9.43088e-06 
3990.00 3.04201e-05 9.09378e-01 1.88421e-19 1.04696e-05 
3993.91 3.22865e-05 9.09715e-01 1.72394e-19 1.01805e-05 
4000.48 3.32949e-05 9.10280e-01 1.48372e-19 9.05611e-06 
4010.00 3.25538e-05 9.11094e-01 1.19210e-19 7.13751e-06 
4010.59 3.25037e-05 9.11144e-01 1.17595e-19 7.03136e-06 
4020.49 3.21769e-05 9.11980e-01 9.34545e-20 5.55049e-06 
4027.28 3.22035e-05 9.12546e-01 7.97338e-20 4.75046e-06 
4030.00 3.21922e-05 9.12771e-01 7.47989e-20 4.45899e-06 
4040.59 3.17771e-05 9.13640e-01 5.82518e-20 3.44007e-06 
4043.98 3.15208e-05 9.13916e-01 5.37474e-20 3.15205e-06 
4050.00 3.09259e-05 9.14404e-01 4.65598e-20 2.68441e-06 
4060.69 2.97888e-05 9.15262e-01 3.60251e-20 2.00783e-06 
4060.79 2.97820e-05 9.15270e-01 3.59375e-20 2.00256e-06 
4070.00 2.99621e-05 9.16001e-01 2.87612e-20 1.61731e-06 
4077.41 3.15064e-05 9.16583e-01 2.40135e-20 1.42342e-06 
4081.10 3.24799e-05 9.16870e-01 2.19468e-20 1.34275e-06 
4090.00 3.42632e-05 9.17559e-01 1.76368e-20 1.14164e-06 
4094.15 3.44225e-05 9.17878e-01 1.59212e-20 1.03679e-06 
4101.50 3.38784e-05 9.18440e-01 1.32699e-20 8.52526e-07 
4110.00 3.30079e-05 9.19086e-01 1.07390e-20 6.74070e-07 
4110.90 3.29568e-05 9.19154e-01 1.05011e-20 6.58305e-07 
4122.01 3.30443e-05 9.19990e-01 7.94572e-21 5.01240e-07 
4127.66 3.32745e-05 9.20411e-01 6.89119e-21 4.38545e-07 
4130.00 3.33371e-05 9.20585e-01 6.49438e-21 4.14384e-07 
4142.62 3.32258e-05 9.21510e-01 4.71247e-21 3.00900e-07 
4144.43 3.31995e-05 9.21641e-01 4.50009e-21 2.87277e-07 
4150.00 3.32046e-05 9.22041e-01 3.90170e-21 2.49559e-07 
4161.21 3.36133e-05 9.22839e-01 2.92466e-21 1.90044e-07 
4163.33 3.36691e-05 9.22990e-01 2.76853e-21 1.80320e-07 
4170.00 3.35859e-05 9.23464e-01 2.32941e-21 1.51664e-07 
4178.00 3.28362e-05 9.24030e-01 1.89199e-21 1.20739e-07 
4184.15 3.21360e-05 9.24460e-01 1.61138e-21 1.00834e-07 
4190.00 3.17368e-05 9.24864e-01 1.38240e-21 8.55882e-08 
4194.81 3.17699e-05 9.25194e-01 1.21845e-21 7.56297e-08 
4205.07 3.23068e-05 9.25890e-01 9.29410e-22 5.88514e-08 
4210.00 3.23783e-05 9.26223e-01 8.15687e-22 5.18439e-08 
4211.63 3.23283e-05 9.26333e-01 7.81275e-22 4.96052e-08 
4226.10 3.11026e-05 9.27300e-01 5.31331e-22 3.26020e-08 
4228.45 3.09627e-05 9.27456e-01 4.98839e-22 3.04928e-08 
4230.00 3.09094e-05 9.27558e-01 4.78611e-22 2.92199e-08 
4245.30 3.14257e-05 9.28555e-01 3.17201e-22 1.97815e-08 
4247.23 3.14618e-05 9.28680e-01 3.01090e-22 1.88093e-08 
4250.00 3.14326e-05 9.28859e-01 2.79319e-22 1.74478e-08 
4262.15 3.02323e-05 9.29639e-01 2.00899e-22 1.21148e-08 
4268.46 2.94273e-05 9.30040e-01 1.69138e-22 9.94689e-09 
4270.00 2.92648e-05 9.30137e-01 1.62180e-22 9.48943e-09 
4279.01 2.85284e-05 9.30702e-01 1.26749e-22 7.24936e-09 
4289.80 2.66743e-05 9.31370e-01 9.42170e-23 5.05482e-09 
4290.00 2.66168e-05 9.31382e-01 9.37098e-23 5.01706e-09 
4295.89 2.45509e-05 9.31744e-01 7.96682e-23 3.94116e-09 
4310.00 2.21824e-05 9.32604e-01 5.38962e-23 2.41916e-09 
4311.25 2.25205e-05 9.32680e-01 5.20538e-23 2.37295e-09 
4312.78 2.30815e-05 9.32772e-01 4.98941e-23 2.33221e-09 
4329.68 3.22515e-05 9.33785e-01 3.11376e-23 2.04391e-09 
4330.00 3.23424e-05 9.33804e-01 3.08587e-23 2.03150e-09 
4332.81 3.28256e-05 9.33970e-01 2.85229e-23 1.90736e-09 
4346.59 3.10775e-05 9.34775e-01 1.93661e-23 1.23103e-09 
4350.00 3.08015e-05 9.34972e-01 1.75912e-23 1.10937e-09 
4354.47 3.11620e-05 9.35230e-01 1.55033e-23 9.90433e-10 
4363.51 3.31324e-05 9.35749e-01 1.20051e-23 8.17598e-10 
4370.00 3.40234e-05 9.36118e-01 9.98650e-24 6.99723e-10 
4376.25 3.34851e-05 9.36470e-01 8.36160e-24 5.77643e-10 
4380.45 3.26272e-05 9.36705e-01 7.41832e-24 4.99955e-10 
4390.00 3.08991e-05 9.37235e-01 5.64731e-24 3.61429e-10 
4397.40 3.10925e-05 9.37640e-01 4.56986e-24 2.94927e-10 
4398.13 3.11807e-05 9.37680e-01 4.47545e-24 2.89713e-10 
4410.00 3.33861e-05 9.38324e-01 3.18183e-24 2.21287e-10 
4414.36 3.41883e-05 9.38559e-01 2.80679e-24 2.00143e-10 
4420.12 3.50317e-05 9.38870e-01 2.37703e-24 1.73964e-10 
4430.00 3.57254e-05 9.39402e-01 1.78649e-24 1.33707e-10 
4431.33 3.57320e-05 9.39473e-01 1.71903e-24 1.28731e-10 
4442.22 3.53690e-05 9.40050e-01 1.25342e-24 9.31950e-11 
4448.31 3.52906e-05 9.40367e-01 1.05005e-24 7.80345e-11 
4450.00 3.53429e-05 9.40454e-01 9.99790e-25 7.44443e-11 
4464.43 3.68192e-05 9.41190e-01 6.56627e-25 5.11399e-11 
4465.31 3.69096e-05 9.41235e-01 6.39983e-25 4.99782e-11 
4470.00 3.72531e-05 9.41473e-01 5.58074e-25 4.40447e-11 
4482.32 3.72073e-05 9.42097e-01 3.89549e-25 3.08114e-11 
4486.75 3.73522e-05 9.42320e-01 3.42266e-25 2.72103e-11 
4490.00 3.76871e-05 9.42483e-01 3.11328e-25 2.49951e-11 
4499.34 3.96838e-05 9.42947e-01 2.37393e-25 2.01206e-11 
4509.19 4.12177e-05 9.43430e-01 1.78743e-25 1.57777e-11 
4510.00 4.12207e-05 9.43470e-01 1.74630e-25 1.54192e-11 
4516.37 4.04513e-05 9.43777e-01 1.45796e-25 1.26550e-11 
4530.00 3.73689e-05 9.44428e-01 1.00345e-25 8.07602e-12 
4531.73 3.71714e-05 9.44510e-01 9.58861e-26 7.67996e-12 
4533.41 3.70558e-05 9.44590e-01 9.17942e-26 7.33270e-12 
4550.00 3.86014e-05 9.45375e-01 6.22682e-26 5.20484e-12 
4550.47 3.86827e-05 9.45397e-01 6.16824e-26 5.16740e-12 
4554.39 3.93669e-05 9.45580e-01 5.72272e-26 4.88411e-12 
4567.54 4.08846e-05 9.46184e-01 4.76795e-26 4.24103e-12 
4570.00 4.08810e-05 9.46296e-01 4.67225e-26 4.15828e-12 
4577.16 4.02362e-05 9.46620e-01 4.53170e-26 3.97716e-12 
4584.62 3.91841e-05 9.46957e-01 4.59768e-26 3.93737e-12 
4590.00 3.86728e-05 9.47200e-01 4.77749e-26 4.04373e-12 
4600.05 3.89053e-05 9.47650e-01 5.42351e-26 4.63045e-12 
4601.71 3.90270e-05 9.47724e-01 5.57104e-26 4.77337e-12 
4610.00 3.95494e-05 9.48090e-01 6.49505e-26 5.65192e-12 
4618.81 3.94783e-05 9.48476e-01 7.85900e-26 6.84236e-12 
4623.05 3.92934e-05 9.48660e-01 8.67244e-26 7.52355e-12 
4630.00 3.90016e-05 9.48960e-01 1.02638e-25 8.85405e-12 
4635.93 3.89177e-05 9.49215e-01 1.19051e-25 1.02637e-11 
4646.16 3.91430e-05 9.49650e-01 1.54671e-25 1.34476e-11 
4650.00 3.93226e-05 9.49812e-01 1.70816e-25 1.49343e-11 
4653.06 3.94928e-05 9.49940e-01 1.84908e-25 1.62491e-11 
4669.39 4.02977e-05 9.50620e-01 2.82619e-25 2.54491e-11 
4670.00 4.03090e-05 9.50645e-01 2.87094e-25 2.58633e-11 
4670.20 4.03121e-05 9.50653e-01 2.88560e-25 2.59987e-11 
4687.35 3.97307e-05 9.51353e-01 4.48879e-25 4.00358e-11 
4690.00 3.95040e-05 9.51460e-01 4.80333e-25 4.26256e-11 
4692.74 3.92386e-05 9.51570e-01 5.15081e-25 4.54339e-11 
4704.51 3.81870e-05 9.52039e-01 6.94002e-25 5.97543e-11 
4710.00 3.80554e-05 9.52256e-01 7.96427e-25 6.84321e-11 
4716.20 3.83746e-05 9.52500e-01 9.29782e-25 8.06874e-11 
4721.69 3.89192e-05 9.52715e-01 1.06532e-24 9.38918e-11 
4730.00 3.97755e-05 9.53041e-01 1.30702e-24 1.17976e-10 
4738.88 4.02516e-05 9.53385e-01 1.62314e-24 1.48595e-10 
4739.79 4.02760e-05 9.53420e-01 1.65919e-24 1.52023e-10 
4750.00 4.03886e-05 9.53811e-01 2.12247e-24 1.95515e-10 
4756.08 4.04096e-05 9.54042e-01 2.45452e-24 2.26565e-10 
4763.48 4.04261e-05 9.54320e-01 2.92561e-24 2.70658e-10 
4770.00 4.04279e-05 9.54563e-01 3.41070e-24 3.16061e-10 
4773.29 4.04224e-05 9.54686e-01 3.68420e-24 3.41639e-10 
4787.30 4.02758e-05 9.55200e-01 5.09820e-24 4.72682e-10 
4790.00 4.02106e-05 9.55298e-01 5.42436e-24 5.02442e-10 
4790.52 4.01962e-05 9.55317e-01 5.48939e-24 5.08349e-10 
4807.76 3.97738e-05 9.55936e-01 8.12000e-24 7.47218e-10 
4810.00 3.97886e-05 9.56016e-01 8.53953e-24 7.86549e-10 
4811.24 3.98096e-05 9.56060e-01 8.77990e-24 8.09362e-10 
4825.01 4.02733e-05 9.56549e-01 1.19258e-23 1.11592e-09 
4830.00 4.03118e-05 9.56725e-01 1.33105e-23 1.24820e-09 
4835.29 4.01246e-05 9.56910e-01 1.49456e-23 1.39682e-09 
4842.27 3.94299e-05 9.57152e-01 1.73928e-23 1.60010e-09 
4850.00 3.79496e-05 9.57417e-01 2.05460e-23 1.82264e-09 
4859.47 3.53664e-05 9.57740e-01 2.51518e-23 2.08410e-09 
4859.54 3.53476e-05 9.57742e-01 2.51910e-23 2.08628e-09 
4870.00 3.38956e-05 9.58098e-01 3.14133e-23 2.50103e-09 
4876.83 3.49079e-05 9.58328e-01 3.62382e-23 2.97622e-09 
4883.77 3.68121e-05 9.58560e-01 4.18480e-23 3.63047e-09 
4890.00 3.83179e-05 9.58766e-01 4.75810e-23 4.30308e-09 
4894.13 3.88354e-05 9.58902e-01 5.17818e-23 4.75093e-09 
4908.19 3.84607e-05 9.59360e-01 6.88559e-23 6.27746e-09 
4910.00 3.83127e-05 9.59419e-01 7.14109e-23 6.48815e-09 
4911.44 3.81981e-05 9.59466e-01 7.35063e-23 6.66083e-09 
4928.77 3.74937e-05 9.60024e-01 1.03670e-22 9.25878e-09 
4930.00 3.75182e-05 9.60063e-01 1.06214e-22 9.49497e-09 
4932.73 3.76179e-05 9.60150e-01 1.12046e-22 1.00494e-08 
4946.10 3.86408e-05 9.60570e-01 1.45280e-22 1.34266e-08 
4950.00 3.89655e-05 9.60691e-01 1.56590e-22 1.46068e-08 
4957.39 3.94177e-05 9.60920e-01 1.80349e-22 1.70479e-08 
4963.45 3.95390e-05 9.61107e-01 2.02315e-22 1.92102e-08 
4970.00 3.93184e-05 9.61309e-01 2.28872e-22 2.16436e-08 
4980.81 3.81088e-05 9.61639e-01 2.80001e-22 2.57289e-08 
4982.18 3.79087e-05 9.61680e-01 2.87184e-22 2.62587e-08 
4990.00 3.67232e-05 9.61915e-01 3.31696e-22 2.94335e-08 
4998.18 3.56637e-05 9.62157e-01 3.85164e-22 3.32548e-08 
5007.09 3.51516e-05 9.62420e-01 4.52456e-22 3.85829e-08 
5010.00 3.52072e-05 9.62506e-01 4.76741e-22 4.07453e-08 
5015.57 3.56482e-05 9.62669e-01 5.26654e-22 4.56335e-08 
5030.00 3.72038e-05 9.63089e-01 6.79650e-22 6.16638e-08 
5032.12 3.72833e-05 9.63150e-01 7.05414e-22 6.41693e-08 
5032.97 3.72989e-05 9.63174e-01 7.15880e-22 6.51610e-08 
5050.00 3.71424e-05 9.63656e-01 9.61207e-22 8.74628e-08 
5050.38 3.71578e-05 9.63667e-01 9.67450e-22 8.80751e-08 
5057.29 3.76857e-05 9.63860e-01 1.08842e-21 1.00654e-07 
5067.80 3.85185e-05 9.64153e-01 1.29996e-21 1.23165e-07 
5070.00 3.85515e-05 9.64213e-01 1.34879e-21 1.27964e-07 
5082.57 3.76264e-05 9.64560e-01 1.66233e-21 1.54364e-07 
5085.24 3.73728e-05 9.64633e-01 1.73694e-21 1.60301e-07 
5090.00 3.70621e-05 9.64763e-01 1.87816e-21 1.72078e-07 
5102.68 3.73616e-05 9.65107e-01 2.30795e-21 2.13771e-07 
5107.98 3.75812e-05 9.65250e-01 2.51328e-21 2.34436e-07 
5110.00 3.76180e-05 9.65304e-01 2.59568e-21 2.42469e-07 
5120.14 3.73102e-05 9.65576e-01 3.04998e-21 2.83215e-07 
5130.00 3.67313e-05 9.65838e-01 3.56093e-21 3.26246e-07 
5133.52 3.65807e-05 9.65930e-01 3.76217e-21 3.43538e-07 
5137.62 3.64216e-05 9.66037e-01 4.00893e-21 3.64810e-07 
5150.00 3.54115e-05 9.66355e-01 4.84988e-21 4.30271e-07 
5155.10 3.45208e-05 9.66486e-01 5.24154e-21 4.53833e-07 
5159.19 3.36786e-05 9.66590e-01 5.57645e-21 4.71475e-07 
5170.00 3.17285e-05 9.66865e-01 6.55861e-21 5.23650e-07 
5172.60 3.14695e-05 9.66930e-01 6.81748e-21 5.40183e-07 
5184.99 3.16074e-05 9.67240e-01 8.18572e-21 6.53208e-07 
5190.00 3.22200e-05 9.67363e-01 8.80775e-21 7.17250e-07 
5190.11 3.22364e-05 9.67366e-01 8.82180e-21 7.18778e-07 
5207.63 3.52669e-05 9.67791e-01 1.13578e-20 1.01626e-06 
5210.00 3.55255e-05 9.67848e-01 1.17476e-20 1.05939e-06 
5210.91 3.56020e-05 9.67870e-01 1.19012e-20 1.07577e-06 
5225.17 3.59223e-05 9.68216e-01 1.45500e-20 1.33114e-06 
5230.00 3.61343e-05 9.68333e-01 1.55640e-20 1.43381e-06 
5236.97 3.68600e-05 9.68500e-01 1.71400e-20 1.61313e-06 
5242.72 3.74040e-05 9.68636e-01 1.85483e-20 1.77363e-06 
5250.00 3.72468e-05 9.68806e-01 2.04850e-20 1.95364e-06 
5260.28 3.48395e-05 9.69044e-01 2.35313e-20 2.10374e-06 
5263.15 3.40849e-05 9.69110e-01 2.44554e-20 2.14032e-06 
5270.00 3.30062e-05 9.69267e-01 2.67886e-20 2.27365e-06 
5277.85 3.37718e-05 9.69446e-01 2.97112e-20 2.58452e-06 
5289.47 3.67667e-05 9.69710e-01 3.45723e-20 3.28217e-06 
5290.00 3.68943e-05 9.69722e-01 3.48110e-20 3.31667e-06 
5295.43 3.79439e-05 9.69844e-01 3.73387e-20 3.66292e-06 
5310.00 3.80833e-05 9.70169e-01 4.49559e-20 4.44003e-06 
5313.03 3.75603e-05 9.70236e-01 4.67082e-20 4.55266e-06 
5315.92 3.69407e-05 9.70300e-01 4.84318e-20 4.64562e-06 
5330.00 3.44391e-05 9.70610e-01 5.77046e-20 5.17556e-06 
5330.64 3.44234e-05 9.70624e-01 5.81637e-20 5.21507e-06 
5342.50 3.57542e-05 9.70880e-01 6.72401e-20 6.27753e-06 
5348.27 3.66975e-05 9.71002e-01 7.21050e-20 6.91765e-06 
5350.00 3.69079e-05 9.71039e-01 7.36271e-20 7.10675e-06 
5365.90 3.69737e-05 9.71371e-01 8.89944e-20 8.63390e-06 
5369.21 3.68319e-05 9.71440e-01 9.25285e-20 8.94848e-06 
5370.00 3.68033e-05 9.71457e-01 9.33937e-20 9.02664e-06 
5383.55 3.65791e-05 9.71741e-01 1.09364e-19 1.05354e-05 
5390.00 3.63770e-05 9.71875e-01 1.17788e-19 1.12992e-05 
5396.05 3.59844e-05 9.72000e-01 1.26218e-19 1.19922e-05 
5401.21 3.55920e-05 9.72105e-01 1.33821e-19 1.25894e-05 
5410.00 3.51460e-05 9.72281e-01 1.47716e-19 1.37473e-05 
5418.89 3.53208e-05 9.72458e-01 1.63059e-19 1.52785e-05 
5423.03 3.55635e-05 9.72540e-01 1.70692e-19 1.61173e-05 
5430.00 3.60583e-05 9.72679e-01 1.84227e-19 1.76624e-05 
5436.57 3.64934e-05 9.72810e-01 1.97862e-19 1.92244e-05 
5450.00 3.69236e-05 9.73077e-01 2.28515e-19 2.25260e-05 
5450.15 3.69231e-05 9.73080e-01 2.28878e-19 2.25623e-05 
5454.27 3.68610e-05 9.73162e-01 2.39112e-19 2.35513e-05 
5470.00 3.62430e-05 9.73469e-01 2.81942e-19 2.73915e-05 
5471.99 3.61823e-05 9.73507e-01 2.87801e-19 2.79251e-05 
5477.40 3.60711e-05 9.73610e-01 3.04328e-19 2.94703e-05 
5489.71 3.59979e-05 9.73841e-01 3.45030e-19 3.34268e-05 
5490.00 3.59974e-05 9.73846e-01 3.46043e-19 3.35264e-05 
5504.79 3.59802e-05 9.74120e-01 4.01304e-19 3.89774e-05 
5507.45 3.59814e-05 9.74170e-01 4.12025e-19 4.00414e-05 
5510.00 3.59846e-05 9.74217e-01 4.22540e-19 4.10880e-05 
5525.20 3.61071e-05 9.74500e-01 4.90136e-19 4.79692e-05 
5530.00 3.62161e-05 9.74588e-01 5.13353e-19 5.04414e-05 
5532.31 3.62853e-05 9.74630e-01 5.24863e-19 5.16948e-05 
5542.96 3.66070e-05 9.74820e-01 5.80846e-19 5.78382e-05 
5550.00 3.66433e-05 9.74944e-01 6.20602e-19 6.19447e-05 
5559.97 3.62477e-05 9.75120e-01 6.80940e-19 6.73664e-05 
5560.74 3.62012e-05 9.75134e-01 6.85773e-19 6.77679e-05 
5570.00 3.55693e-05 9.75298e-01 7.46622e-19 7.26259e-05 
5578.53 3.50408e-05 9.75449e-01 8.06678e-19 7.74322e-05 
5587.77 3.47889e-05 9.75610e-01 8.76409e-19 8.36731e-05 
5590.00 3.48083e-05 9.75648e-01 8.93957e-19 8.54336e-05 
5596.33 3.50465e-05 9.75756e-01 9.45460e-19 9.10868e-05 
5610.00 3.58206e-05 9.75985e-01 1.06537e-18 1.05187e-04 
5614.14 3.59352e-05 9.76054e-01 1.10416e-18 1.09454e-04 
5615.71 3.59584e-05 9.76080e-01 1.11915e-18 1.11045e-04 
5630.00 3.59496e-05 9.76319e-01 1.26382e-18 1.25720e-04 
5631.97 3.59528e-05 9.76352e-01 1.28496e-18 1.27883e-04 
5643.79 3.59715e-05 9.76550e-01 1.41806e-18 1.41527e-04 
5649.81 3.58504e-05 9.76650e-01 1.49019e-18 1.48399e-04 
5650.00 3.58439e-05 9.76653e-01 1.49249e-18 1.48607e-04 
5667.66 3.50373e-05 9.76941e-01 1.72229e-18 1.68203e-04 
5670.00 3.50139e-05 9.76978e-01 1.75475e-18 1.71336e-04 
5672.01 3.50299e-05 9.77010e-01 1.78309e-18 1.74249e-04 
5685.53 3.54627e-05 9.77222e-01 1.98384e-18 1.96773e-04 
5690.00 3.54649e-05 9.77291e-01 2.05414e-18 2.03934e-04 
5700.37 3.49267e-05 9.77450e-01 2.22520e-18 2.17995e-04 
5703.41 3.47747e-05 9.77497e-01 2.27753e-18 2.22280e-04 
5710.00 3.47536e-05 9.77598e-01 2.39437e-18 2.33836e-04 
5721.30 3.59201e-05 9.77773e-01 2.60615e-18 2.63629e-04 
5728.87 3.66374e-05 9.77890e-01 2.75629e-18 2.84795e-04 
5730.00 3.66806e-05 9.77908e-01 2.77928e-18 2.87571e-04 
5739.21 3.63404e-05 9.78050e-01 2.97258e-18 3.05253e-04 
5750.00 3.55531e-05 9.78216e-01 3.21282e-18 3.23437e-04 
5757.13 3.55492e-05 9.78324e-01 3.37978e-18 3.40667e-04 
5757.52 3.55593e-05 9.78330e-01 3.38911e-18 3.41730e-04 
5770.00 3.58361e-05 9.78514e-01 3.69901e-18 3.76766e-04 
5775.06 3.56669e-05 9.78587e-01 3.83073e-18 3.88711e-04 
5786.30 3.49928e-05 9.78750e-01 4.13708e-18 4.12733e-04 
5790.00 3.48609e-05 9.78804e-01 4.24190e-18 4.21888e-04 
5793.00 3.48381e-05 9.78848e-01 4.32848e-18 4.30458e-04 
5810.00 3.55579e-05 9.79095e-01 4.84557e-18 4.93407e-04 
5810.96 3.56077e-05 9.79109e-01 4.87604e-18 4.97294e-04 
5815.23 3.58036e-05 9.79170e-01 5.01409e-18 5.14598e-04 
5828.93 3.59667e-05 9.79360e-01 5.47643e-18 5.66048e-04 
5830.00 3.59385e-05 9.79375e-01 5.51401e-18 5.69599e-04 
5844.31 3.52518e-05 9.79570e-01 6.03423e-18 6.13050e-04 
5846.91 3.51684e-05 9.79606e-01 6.13260e-18 6.21869e-04 
5850.00 3.51320e-05 9.79648e-01 6.25114e-18 6.33596e-04 
5864.91 3.54127e-05 9.79853e-01 6.84743e-18 7.01507e-04 
5870.00 3.51389e-05 9.79922e-01 7.06073e-18 7.18439e-04 
5873.53 3.46946e-05 9.79970e-01 7.21149e-18 7.24974e-04 
5882.91 3.31243e-05 9.80096e-01 7.62368e-18 7.32985e-04 
5890.00 3.24733e-05 9.80189e-01 7.94632e-18 7.49966e-04 
5900.94 3.34833e-05 9.80334e-01 8.46395e-18 8.25315e-04 
5902.90 3.37891e-05 9.80360e-01 8.55940e-18 8.42548e-04 
5910.00 3.47342e-05 9.80455e-01 8.91124e-18 9.02889e-04 
5918.97 3.50017e-05 9.80574e-01 9.37068e-18 9.58321e-04 
5930.00 3.46251e-05 9.80719e-01 9.95848e-18 1.00950e-03 
5932.41 3.45689e-05 9.80750e-01 1.00906e-17 1.02168e-03 
5937.02 3.45270e-05 9.80809e-01 1.03461e-17 1.04716e-03 
5950.00 3.46428e-05 9.80971e-01 1.10907e-17 1.12893e-03 
5955.08 3.46852e-05 9.81034e-01 1.13922e-17 1.16211e-03 
5962.08 3.47024e-05 9.81120e-01 1.18164e-17 1.20750e-03 
5970.00 3.46653e-05 9.81218e-01 1.23100e-17 1.25840e-03 
5973.16 3.46340e-05 9.81257e-01 1.25106e-17 1.27847e-03 
5990.00 3.43043e-05 9.81466e-01 1.36183e-17 1.38261e-03 
5991.24 3.42688e-05 9.81482e-01 1.37027e-17 1.39004e-03 
5991.89 3.42500e-05 9.81490e-01 1.37464e-17 1.39387e-03 
6009.34 3.37533e-05 9.81708e-01 1.49696e-17 1.50058e-03 
6010.00 3.37408e-05 9.81716e-01 1.50168e-17 1.50493e-03 
6021.85 3.36627e-05 9.81860e-01 1.58879e-17 1.59191e-03 
6027.46 3.37268e-05 9.81927e-01 1.63118e-17 1.63913e-03 
6030.00 3.37779e-05 9.81956e-01 1.65061e-17 1.66192e-03 
6045.59 3.42344e-05 9.82137e-01 1.77297e-17 1.81426e-03 
6050.00 3.43237e-05 9.82187e-01 1.80863e-17 1.85702e-03 
6051.96 3.43463e-05 9.82210e-01 1.82456e-17 1.87526e-03 
6063.73 3.42584e-05 9.82346e-01 1.92231e-17 1.97478e-03 
6070.00 3.40728e-05 9.82419e-01 1.97568e-17 2.02085e-03 
6081.88 3.35779e-05 9.82556e-01 2.07914e-17 2.10018e-03 
6082.21 3.35646e-05 9.82560e-01 2.08210e-17 2.10246e-03 
6090.00 3.33285e-05 9.82649e-01 2.15165e-17 2.16036e-03 
6100.05 3.32508e-05 9.82762e-01 2.24335e-17 2.25115e-03 
6110.00 3.30248e-05 9.82872e-01 2.33633e-17 2.33258e-03 
6112.63 3.28777e-05 9.82900e-01 2.36122e-17 2.34800e-03 
6118.23 3.24789e-05 9.82960e-01 2.41477e-17 2.37445e-03 
6130.00 3.18605e-05 9.83083e-01 2.52948e-17 2.44487e-03 
6136.42 3.19659e-05 9.83150e-01 2.59322e-17 2.51759e-03 
6143.19 3.22219e-05 9.83220e-01 2.66132e-17 2.60745e-03 
6150.00 3.22795e-05 9.83291e-01 2.73075e-17 2.68342e-03 
6154.63 3.20629e-05 9.83339e-01 2.77842e-17 2.71413e-03 
6170.00 3.11990e-05 9.83499e-01 2.93974e-17 2.80177e-03 
6172.85 3.12719e-05 9.83529e-01 2.97009e-17 2.83870e-03 
6173.91 3.13244e-05 9.83540e-01 2.98141e-17 2.85483e-03 
6190.00 3.27058e-05 9.83706e-01 3.15598e-17 3.16402e-03 
6191.08 3.27699e-05 9.83717e-01 3.16786e-17 3.18274e-03 
6204.77 3.28884e-05 9.83860e-01 3.32008e-17 3.35562e-03 
6209.33 3.27607e-05 9.83908e-01 3.37133e-17 3.39685e-03 
6210.00 3.27396e-05 9.83915e-01 3.37894e-17 3.40272e-03 
6227.59 3.20287e-05 9.84103e-01 3.58006e-17 3.53763e-03 
6230.00 3.18894e-05 9.84128e-01 3.60800e-17 3.55121e-03 
6235.80 3.15151e-05 9.84190e-01 3.67546e-17 3.57869e-03 
6245.86 3.10199e-05 9.84296e-01 3.79354e-17 3.64188e-03 
6250.00 3.09943e-05 9.84339e-01 3.84250e-17 3.68844e-03 
6264.15 3.17874e-05 9.84482e-01 4.01125e-17 3.95847e-03 
6266.98 3.19886e-05 9.84510e-01 4.04528e-17 4.01926e-03 
6270.00 3.21732e-05 9.84540e-01 4.08170e-17 4.08093e-03 
6282.45 3.24314e-05 9.84660e-01 4.23259e-17 4.27475e-03 
6290.00 3.22443e-05 9.84731e-01 4.32484e-17 4.34825e-03 
6298.31 3.18360e-05 9.84810e-01 4.42685e-17 4.40061e-03 
6300.76 3.17045e-05 9.84833e-01 4.45697e-17 4.41408e-03 
6310.00 3.13155e-05 9.84921e-01 4.57107e-17 4.47848e-03 
6319.09 3.12523e-05 9.85008e-01 4.68372e-17 4.58660e-03 
6329.80 3.13928e-05 9.85110e-01 4.81708e-17 4.74693e-03 
6330.00 3.13954e-05 9.85112e-01 4.81953e-17 4.74988e-03 
6337.43 3.14607e-05 9.85182e-01 4.91217e-17 4.85729e-03 
6350.00 3.14281e-05 9.85298e-01 5.06931e-17 5.01802e-03 
6355.78 3.13587e-05 9.85350e-01 5.14161e-17 5.08323e-03 
6361.45 3.12906e-05 9.85400e-01 5.21258e-17 5.14705e-03 
6370.00 3.12689e-05 9.85472e-01 5.31947e-17 5.25639e-03 
6374.15 3.13182e-05 9.85507e-01 5.37130e-17 5.31963e-03 
6390.00 3.14157e-05 9.85641e-01 5.56906e-17 5.54716e-03 
6392.53 3.13463e-05 9.85663e-01 5.60051e-17 5.56850e-03 
6393.26 3.13208e-05 9.85670e-01 5.60962e-17 5.57370e-03 
6410.00 3.06706e-05 9.85827e-01 5.81709e-17 5.67557e-03 
6410.92 3.06610e-05 9.85836e-01 5.82847e-17 5.68577e-03 
6425.23 3.08802e-05 9.85970e-01 6.00429e-17 5.91313e-03 
6429.33 3.09320e-05 9.86006e-01 6.05441e-17 5.97652e-03 
6430.00 3.09342e-05 9.86012e-01 6.06260e-17 5.98568e-03 
6447.75 3.05634e-05 9.86160e-01 6.27757e-17 6.14147e-03 
6450.00 3.05202e-05 9.86179e-01 6.30459e-17 6.16146e-03 
6457.35 3.04673e-05 9.86240e-01 6.39248e-17 6.24402e-03 
6466.18 3.04469e-05 9.86316e-01 6.49717e-17 6.35119e-03 
6470.00 3.03996e-05 9.86349e-01 6.54209e-17 6.38916e-03 
6484.63 3.00105e-05 9.86477e-01 6.71246e-17 6.48711e-03 
6489.64 2.99674e-05 9.86520e-01 6.77003e-17 6.53868e-03 
6490.00 2.99691e-05 9.86523e-01 6.77416e-17 6.54340e-03 
6503.09 3.03477e-05 9.86630e-01 6.92269e-17 6.78575e-03 
6510.00 3.05632e-05 9.86685e-01 6.99984e-17 6.91783e-03 
6521.57 3.05898e-05 9.86776e-01 7.12711e-17 7.06291e-03 
6522.09 3.05848e-05 9.86780e-01 7.13276e-17 7.06795e-03 
6530.00 3.05087e-05 9.86843e-01 7.21823e-17 7.14397e-03 
6540.06 3.03787e-05 9.86924e-01 7.32503e-17 7.23049e-03 
6550.00 2.95538e-05 9.87003e-01 7.42847e-17 7.14489e-03 
6554.70 2.87357e-05 9.87040e-01 7.47658e-17 6.99739e-03 
6558.56 2.79771e-05 9.87070e-01 7.51575e-17 6.85260e-03 
6570.00 2.66398e-05 9.87158e-01 7.62972e-17 6.63613e-03 
6577.08 2.73513e-05 9.87211e-01 7.69862e-17 6.88268e-03 
6587.47 2.93746e-05 9.87290e-01 7.79756e-17 7.49924e-03 
6590.00 2.97698e-05 9.87309e-01 7.82121e-17 7.62627e-03 
6595.61 3.02630e-05 9.87352e-01 7.87302e-17 7.81095e-03 
6610.00 3.01197e-05 9.87462e-01 8.00220e-17 7.91964e-03 
6614.15 3.00156e-05 9.87493e-01 8.03836e-17 7.93317e-03 
6620.41 2.99204e-05 9.87540e-01 8.09202e-17 7.96868e-03 
6630.00 2.98726e-05 9.87611e-01 8.17202e-17 8.04683e-03 
6632.71 2.98711e-05 9.87630e-01 8.19411e-17 8.07162e-03 
6650.00 2.97646e-05 9.87755e-01 8.33008e-17 8.19866e-03 
6651.28 2.97383e-05 9.87764e-01 8.33975e-17 8.20257e-03 
6653.51 2.96852e-05 9.87780e-01 8.35656e-17 8.20734e-03 
6669.86 2.93870e-05 9.87898e-01 8.47483e-17 8.26111e-03 
6670.00 2.93877e-05 9.87899e-01 8.47581e-17 8.26244e-03 
6686.78 2.97217e-05 9.88020e-01 8.58822e-17 8.48951e-03 
6688.46 2.97301e-05 9.88032e-01 8.59896e-17 8.50478e-03 
6690.00 2.97248e-05 9.88043e-01 8.60875e-17 8.51499e-03 
6707.07 2.91901e-05 9.88167e-01 8.71178e-17 8.48455e-03 
6710.00 2.91340e-05 9.88188e-01 8.72848e-17 8.48837e-03 
6720.21 2.92272e-05 9.88260e-01 8.78441e-17 8.58375e-03 
6725.70 2.93385e-05 9.88298e-01 8.81297e-17 8.65185e-03 
6730.00 2.93855e-05 9.88328e-01 8.83467e-17 8.69288e-03 
6744.33 2.91557e-05 9.88425e-01 8.90230e-17 8.71027e-03 
6750.00 2.90369e-05 9.88464e-01 8.92705e-17 8.70657e-03 
6753.81 2.89911e-05 9.88490e-01 8.94309e-17 8.71357e-03 
6762.99 2.89683e-05 9.88553e-01 8.97956e-17 8.75467e-03 
6770.00 2.89760e-05 9.88601e-01 9.00544e-17 8.79176e-03 
6781.65 2.89225e-05 9.88680e-01 9.04460e-17 8.82958e-03 
6787.58 2.88577e-05 9.88720e-01 9.06268e-17 8.83548e-03 
6790.00 2.88242e-05 9.88736e-01 9.06970e-17 8.83535e-03 
6800.33 2.86650e-05 9.88804e-01 9.09734e-17 8.82734e-03 
6810.00 2.86056e-05 9.88866e-01 9.11977e-17 8.84390e-03 
6819.03 2.86967e-05 9.88924e-01 9.13774e-17 8.90183e-03 
6821.52 2.87236e-05 9.88940e-01 9.14219e-17 8.91793e-03 
6830.00 2.87136e-05 9.88995e-01 9.15569e-17 8.93958e-03 
6837.74 2.84929e-05 9.89045e-01 9.16580e-17 8.89118e-03 
6850.00 2.81090e-05 9.89124e-01 9.17753e-17 8.79905e-03 
6855.63 2.80895e-05 9.89160e-01 9.18115e-17 8.80396e-03 
6856.46 2.80954e-05 9.89165e-01 9.18159e-17 8.80734e-03 
6870.00 2.83011e-05 9.89249e-01 9.18542e-17 8.89382e-03 
6875.19 2.83422e-05 9.89281e-01 9.18522e-17 8.91356e-03 
6889.91 2.82764e-05 9.89370e-01 9.17965e-17 8.90730e-03 
6890.00 2.82755e-05 9.89371e-01 9.17959e-17 8.90707e-03 
6893.94 2.82332e-05 9.89395e-01 9.17684e-17 8.89640e-03 
6910.00 2.80549e-05 9.89493e-01 9.16029e-17 8.84571e-03 
6912.71 2.80320e-05 9.89510e-01 9.15666e-17 8.83859e-03 
6924.36 2.79566e-05 9.89580e-01 9.13831e-17 8.81260e-03 
6930.00 2.79215e-05 9.89613e-01 9.12784e-17 8.79890e-03 
6931.49 2.79112e-05 9.89622e-01 9.12491e-17 8.79480e-03 
6950.00 2.77726e-05 9.89728e-01 9.08260e-17 8.73474e-03 
6950.28 2.77708e-05 9.89730e-01 9.08189e-17 8.73388e-03 
6958.98 2.77297e-05 9.89780e-01 9.05825e-17 8.70958e-03 
6969.08 2.77216e-05 9.89839e-01 9.02790e-17 8.69098e-03 
6970.00 2.77234e-05 9.89844e-01 9.02499e-17 8.68993e-03 
6987.90 2.76406e-05 9.89947e-01 8.96331e-17 8.62777e-03 
6990.00 2.75843e-05 9.89959e-01 8.95547e-17 8.60533e-03 
6993.77 2.74453e-05 9.89980e-01 8.94106e-17 8.55300e-03 
7006.73 2.69023e-05 9.90051e-01 8.88850e-17 8.35053e-03 
7010.00 2.68330e-05 9.90068e-01 8.87453e-17 8.31996e-03 
7025.58 2.70636e-05 9.90153e-01 8.80388e-17 8.34386e-03 
7028.74 2.71416e-05 9.90170e-01 8.78878e-17 8.35747e-03 
7030.00 2.71683e-05 9.90177e-01 8.78268e-17 8.36144e-03 
7044.44 2.72515e-05 9.90259e-01 8.70990e-17 8.33530e-03 
7050.00 2.72072e-05 9.90291e-01 8.68050e-17 8.30050e-03 
7063.32 2.70345e-05 9.90367e-01 8.60699e-17 8.19403e-03 
7063.88 2.70264e-05 9.90370e-01 8.60377e-17 8.18919e-03 
7070.00 2.69418e-05 9.90404e-01 8.56854e-17 8.13746e-03 
7082.21 2.68177e-05 9.90469e-01 8.49566e-17 8.04546e-03 
7090.00 2.67907e-05 9.90511e-01 8.44741e-17 8.00085e-03 
7099.20 2.68114e-05 9.90560e-01 8.38876e-17 7.96216e-03 
7101.11 2.68154e-05 9.90570e-01 8.37639e-17 7.95382e-03 
7110.00 2.67866e-05 9.90619e-01 8.31773e-17 7.89990e-03 
7120.03 2.66135e-05 9.90673e-01 8.24968e-17 7.79606e-03 
7130.00 2.63899e-05 9.90726e-01 8.18011e-17 7.67651e-03 
7134.70 2.63047e-05 9.90750e-01 8.14669e-17 7.62567e-03 
7138.96 2.62462e-05 9.90771e-01 8.11606e-17 7.58479e-03 
7150.00 2.61876e-05 9.90823e-01 8.03519e-17 7.50441e-03 
7157.90 2.62156e-05 9.90858e-01 7.97604e-17 7.46565e-03 
7170.00 2.61183e-05 9.90908e-01 7.88361e-17 7.36454e-03 
7170.37 2.61085e-05 9.90910e-01 7.88071e-17 7.35946e-03 
7176.86 2.58760e-05 9.90936e-01 7.83016e-17 7.25390e-03 
7190.00 2.54610e-05 9.90988e-01 7.72599e-17 7.05585e-03 
7195.84 2.54960e-05 9.91010e-01 7.67893e-17 7.02838e-03 
7206.23 2.57622e-05 9.91050e-01 7.59411e-17 7.03373e-03 
7210.00 2.58443e-05 9.91064e-01 7.56296e-17 7.03101e-03 
7214.83 2.58920e-05 9.91083e-01 7.52289e-17 7.01147e-03 
7230.00 2.58233e-05 9.91136e-01 7.39516e-17 6.88897e-03 
7233.83 2.58126e-05 9.91147e-01 7.36255e-17 6.85945e-03 
7242.26 2.58283e-05 9.91170e-01 7.29022e-17 6.80427e-03 
7250.00 2.58677e-05 9.91187e-01 7.22319e-17 6.75932e-03 
7252.84 2.58825e-05 9.91192e-01 7.19843e-17 6.74270e-03 
7270.00 2.57470e-05 9.91235e-01 7.04766e-17 6.58272e-03 
7271.87 2.56877e-05 9.91241e-01 7.03105e-17 6.55381e-03 
7278.47 2.54268e-05 9.91270e-01 6.97241e-17 6.43916e-03 
7290.00 2.50821e-05 9.91341e-01 6.86915e-17 6.26817e-03 
7290.92 2.50767e-05 9.91347e-01 6.86089e-17 6.26010e-03 
7309.98 2.54019e-05 9.91493e-01 6.68844e-17 6.19897e-03 
7310.00 2.54021e-05 9.91494e-01 6.68824e-17 6.19886e-03 
7314.86 2.54165e-05 9.91530e-01 6.64397e-17 6.16564e-03 
7329.05 2.52581e-05 9.91624e-01 6.51418e-17 6.01974e-03 
7330.00 2.52491e-05 9.91630e-01 6.50547e-17 6.01038e-03 
7348.14 2.52723e-05 9.91732e-01 6.33855e-17 5.87664e-03 
7350.00 2.52846e-05 9.91742e-01 6.32137e-17 5.86512e-03 
7351.43 2.52939e-05 9.91750e-01 6.30812e-17 5.85618e-03 
7367.24 2.52897e-05 9.91833e-01 6.16201e-17 5.73236e-03 
7370.00 2.52495e-05 9.91848e-01 6.13645e-17 5.70172e-03 
7386.36 2.47686e-05 9.91931e-01 5.98497e-17 5.46761e-03 
7388.19 2.47075e-05 9.91940e-01 5.96795e-17 5.44003e-03 
7390.00 2.46498e-05 9.91949e-01 5.95120e-17 5.41345e-03 
7405.49 2.43263e-05 9.92023e-01 5.80783e-17 5.22502e-03 
7410.00 2.43106e-05 9.92044e-01 5.76607e-17 5.18738e-03 
7424.63 2.44686e-05 9.92108e-01 5.63099e-17 5.10918e-03 
7425.13 2.44751e-05 9.92110e-01 5.62634e-17 5.10668e-03 
7430.00 2.45243e-05 9.92130e-01 5.58150e-17 5.07960e-03 
7443.79 2.45205e-05 9.92186e-01 5.45480e-17 4.97300e-03 
7450.00 2.45204e-05 9.92210e-01 5.39790e-17 4.92534e-03 
7462.26 2.46109e-05 9.92260e-01 5.28601e-17 4.84924e-03 
7462.96 2.46157e-05 9.92263e-01 5.27961e-17 4.84478e-03 
7470.00 2.46288e-05 9.92293e-01 5.21565e-17 4.79331e-03 
7482.15 2.44760e-05 9.92345e-01 5.10575e-17 4.67102e-03 
7490.00 2.43653e-05 9.92379e-01 5.03510e-17 4.59052e-03 
7499.57 2.43270e-05 9.92420e-01 4.94940e-17 4.51124e-03 
7501.35 2.43280e-05 9.92428e-01 4.93352e-17 4.49806e-03 
7510.00 2.43372e-05 9.92463e-01 4.85658e-17 4.43486e-03 
7520.57 2.43141e-05 9.92506e-01 4.76319e-17 4.35175e-03 
7530.00 2.42968e-05 9.92543e-01 4.68041e-17 4.27858e-03 
7537.07 2.43087e-05 9.92570e-01 4.61876e-17 4.22838e-03 
7539.80 2.43140e-05 9.92580e-01 4.59504e-17 4.20916e-03 
7550.00 2.42919e-05 9.92619e-01 4.50685e-17 4.13035e-03 
7559.04 2.41795e-05 9.92652e-01 4.42931e-17 4.04548e-03 
7570.00 2.40281e-05 9.92692e-01 4.33616e-17 3.94148e-03 
7574.75 2.39946e-05 9.92710e-01 4.29604e-17 3.90208e-03 
7578.30 2.39812e-05 9.92723e-01 4.26620e-17 3.87467e-03 
7590.00 2.39423e-05 9.92766e-01 4.16856e-17 3.78587e-03 
7597.58 2.38768e-05 9.92794e-01 4.10593e-17 3.72259e-03 
7610.00 2.37715e-05 9.92840e-01 4.00427e-17 3.62049e-03 
7612.63 2.37642e-05 9.92850e-01 3.98294e-17 3.60137e-03 
7616.86 2.37655e-05 9.92866e-01 3.94868e-17 3.57263e-03 
7630.00 2.38221e-05 9.92914e-01 3.84345e-17 3.49190e-03 
7636.17 2.38423e-05 9.92936e-01 3.79459e-17 3.45329e-03 
7650.00 2.36863e-05 9.92987e-01 3.68627e-17 3.33897e-03 
7650.69 2.36663e-05 9.92990e-01 3.68091e-17 3.33162e-03 
7655.48 2.34989e-05 9.93008e-01 3.64382e-17 3.27682e-03 
7670.00 2.30852e-05 9.93062e-01 3.53286e-17 3.12719e-03 
7674.82 2.31217e-05 9.93079e-01 3.49649e-17 3.10189e-03 
7688.94 2.34351e-05 9.93130e-01 3.39113e-17 3.05498e-03 
7690.00 2.34443e-05 9.93134e-01 3.38333e-17 3.04958e-03 
7694.16 2.34367e-05 9.93148e-01 3.35271e-17 3.02268e-03 
7710.00 2.31605e-05 9.93202e-01 3.23778e-17 2.89075e-03 
7713.52 2.31377e-05 9.93213e-01 3.21256e-17 2.86675e-03 
7727.39 2.31583e-05 9.93260e-01 3.11454e-17 2.78689e-03 
7730.00 2.31441e-05 9.93269e-01 3.09629e-17 2.76982e-03 
7732.90 2.31103e-05 9.93279e-01 3.07612e-17 2.74882e-03 
7750.00 2.28439e-05 9.93338e-01 2.95891e-17 2.61954e-03 
7752.29 2.28445e-05 9.93345e-01 2.94345e-17 2.60670e-03 
7766.03 2.30206e-05 9.93390e-01 2.85183e-17 2.54967e-03 
7770.00 2.30702e-05 9.93402e-01 2.82569e-17 2.53306e-03 
7771.69 2.30839e-05 9.93407e-01 2.81460e-17 2.52518e-03 
7790.00 2.30318e-05 9.93459e-01 2.69664e-17 2.41970e-03 
7791.11 2.30241e-05 9.93462e-01 2.68958e-17 2.41291e-03 
7804.86 2.29225e-05 9.93500e-01 2.60350e-17 2.32957e-03 
7810.00 2.28691e-05 9.93515e-01 2.57178e-17 2.29737e-03 
7810.55 2.28625e-05 9.93516e-01 2.56842e-17 2.29388e-03 
7830.00 2.26031e-05 9.93574e-01 2.45114e-17 2.16980e-03 
7830.00 2.26030e-05 9.93574e-01 2.45111e-17 2.16978e-03 
7843.88 2.25371e-05 9.93620e-01 2.36982e-17 2.09550e-03 
7849.46 2.25494e-05 9.93639e-01 2.33770e-17 2.06974e-03 
7850.00 2.25517e-05 9.93641e-01 2.33461e-17 2.06736e-03 
7868.94 2.26519e-05 9.93710e-01 2.22812e-17 1.98674e-03 
7870.00 2.26523e-05 9.93714e-01 2.22225e-17 1.98182e-03 
7883.10 2.25729e-05 9.93760e-01 2.15089e-17 1.91473e-03 
7888.43 2.25123e-05 9.93778e-01 2.12235e-17 1.88556e-03 
7890.00 2.24932e-05 9.93783e-01 2.11400e-17 1.87693e-03 
7907.94 2.22247e-05 9.93836e-01 2.02036e-17 1.77650e-03 
7910.00 2.21828e-05 9.93841e-01 2.00980e-17 1.76436e-03 
7922.51 2.18944e-05 9.93870e-01 1.94665e-17 1.68941e-03 
7927.46 2.17956e-05 9.93880e-01 1.92212e-17 1.66165e-03 
7930.00 2.17555e-05 9.93884e-01 1.90961e-17 1.64834e-03 
7947.00 2.17165e-05 9.93915e-01 1.82756e-17 1.57811e-03 
7950.00 2.17469e-05 9.93921e-01 1.81336e-17 1.56864e-03 
7962.13 2.19333e-05 9.93950e-01 1.75688e-17 1.53520e-03 
7966.55 2.19992e-05 9.93963e-01 1.73664e-17 1.52294e-03 
7970.00 2.20391e-05 9.93975e-01 1.72097e-17 1.51260e-03 
7986.11 2.20352e-05 9.94036e-01 1.64929e-17 1.45236e-03 
7990.00 2.19909e-05 9.94052e-01 1.63237e-17 1.43530e-03 
8001.94 2.17954e-05 9.94100e-01 1.58126e-17 1.38012e-03 
8005.70 2.17381e-05 9.94115e-01 1.56544e-17 1.36338e-03 
8010.00 2.16893e-05 9.94131e-01 1.54748e-17 1.34546e-03 
8025.29 2.16445e-05 9.94184e-01 1.48502e-17 1.29102e-03 
8030.00 2.16190e-05 9.94198e-01 1.46622e-17 1.27393e-03 
8041.95 2.14692e-05 9.94230e-01 1.41936e-17 1.22654e-03 
8044.90 2.14373e-05 9.94237e-01 1.40796e-17 1.21533e-03 
8050.00 2.14130e-05 9.94248e-01 1.38848e-17 1.19793e-03 
8064.53 2.15225e-05 9.94279e-01 1.33417e-17 1.15908e-03 
8070.00 2.15171e-05 9.94293e-01 1.31418e-17 1.14222e-03 
8082.16 2.12725e-05 9.94330e-01 1.27065e-17 1.09352e-03 
8084.17 2.12252e-05 9.94338e-01 1.26357e-17 1.08528e-03 
8090.00 2.11243e-05 9.94361e-01 1.24322e-17 1.06352e-03 
8103.83 2.11815e-05 9.94420e-01 1.19607e-17 1.02777e-03 
8110.00 2.12557e-05 9.94442e-01 1.17550e-17 1.01443e-03 
8122.57 2.13163e-05 9.94470e-01 1.13456e-17 9.83442e-04 
8123.50 2.13154e-05 9.94471e-01 1.13159e-17 9.80934e-04 
8130.00 2.12891e-05 9.94471e-01 1.11092e-17 9.62603e-04 
8143.18 2.11716e-05 9.94457e-01 1.07003e-17 9.23535e-04 
8150.00 2.11338e-05 9.94450e-01 1.04939e-17 9.04851e-04 
8162.88 2.11307e-05 9.94459e-01 1.01132e-17 8.73283e-04 
8163.18 2.11292e-05 9.94460e-01 1.01045e-17 8.72504e-04 
8170.00 2.10427e-05 9.94484e-01 9.90791e-18 8.52757e-04 
8182.60 2.06238e-05 9.94554e-01 9.55347e-18 8.07186e-04 
8190.00 2.04173e-05 9.94603e-01 9.35031e-18 7.82855e-04 
8202.33 2.04025e-05 9.94681e-01 9.02033e-18 7.55875e-04 
8204.00 2.04166e-05 9.94690e-01 8.97642e-18 7.52875e-04 
8210.00 2.04580e-05 9.94719e-01 8.82007e-18 7.41827e-04 
8222.07 2.04248e-05 9.94761e-01 8.51283e-18 7.15904e-04 
8230.00 2.03908e-05 9.94778e-01 8.31618e-18 6.98886e-04 
8241.83 2.04365e-05 9.94796e-01 8.03006e-18 6.77339e-04 
8245.02 2.04623e-05 9.94800e-01 7.95455e-18 6.72078e-04 
8250.00 2.05058e-05 9.94805e-01 7.83763e-18 6.64012e-04 
8261.61 2.05914e-05 9.94817e-01 7.57113e-18 6.45027e-04 
8270.00 2.06185e-05 9.94828e-01 7.38344e-18 6.30510e-04 
8281.40 2.05778e-05 9.94848e-01 7.13513e-18 6.08955e-04 
8286.24 2.05277e-05 9.94860e-01 7.03186e-18 5.99037e-04 
8290.00 2.04736e-05 9.94870e-01 6.95264e-18 5.91002e-04 
8301.20 2.02520e-05 9.94908e-01 6.72118e-18 5.65927e-04 
8310.00 2.00827e-05 9.94940e-01 6.54427e-18 5.47021e-04 
8321.02 1.99626e-05 9.94979e-01 6.32842e-18 5.26534e-04 
8327.67 1.99344e-05 9.95000e-01 6.20132e-18 5.15653e-04 
8330.00 1.99303e-05 9.95007e-01 6.15738e-18 5.12040e-04 
8340.86 1.99440e-05 9.95032e-01 5.95598e-18 4.96291e-04 
8350.00 1.99990e-05 9.95049e-01 5.79106e-18 4.84418e-04 
8360.71 2.00832e-05 9.95066e-01 5.60304e-18 4.71276e-04 
8369.31 2.00561e-05 9.95080e-01 5.45602e-18 4.58769e-04 
8370.00 2.00468e-05 9.95081e-01 5.44440e-18 4.57617e-04 
8380.58 1.98055e-05 9.95101e-01 5.26875e-18 4.38083e-04 
8390.00 1.96592e-05 9.95120e-01 5.11654e-18 4.22769e-04 
8400.46 1.97920e-05 9.95144e-01 4.95232e-18 4.12488e-04 
8410.00 1.99032e-05 9.95167e-01 4.80663e-18 4.03069e-04 
8411.16 1.98981e-05 9.95170e-01 4.78922e-18 4.01562e-04 
8420.35 1.97254e-05 9.95194e-01 4.65297e-18 3.87185e-04 
8430.00 1.95177e-05 9.95219e-01 4.51382e-18 3.72086e-04 
8440.26 1.95210e-05 9.95244e-01 4.36993e-18 3.60734e-04 
8450.00 1.95799e-05 9.95264e-01 4.23732e-18 3.51253e-04 
8453.21 1.95710e-05 9.95270e-01 4.19437e-18 3.47669e-04 
8460.19 1.95083e-05 9.95281e-01 4.10246e-18 3.39244e-04 
8470.00 1.94203e-05 9.95293e-01 3.97636e-18 3.27718e-04 
8480.13 1.94008e-05 9.95306e-01 3.84984e-18 3.17355e-04 
8490.00 1.91760e-05 9.95320e-01 3.73018e-18 3.04286e-04 
8495.48 1.88660e-05 9.95330e-01 3.66521e-18 2.94345e-04 
8500.09 1.85797e-05 9.95340e-01 3.61137e-18 2.85778e-04 
8510.00 1.83179e-05 9.95365e-01 3.49805e-18 2.73236e-04 
8520.06 1.88399e-05 9.95393e-01 3.38637e-18 2.72379e-04 
8530.00 1.88394e-05 9.95420e-01 3.27928e-18 2.64074e-04 
8537.96 1.76878e-05 9.95440e-01 3.19581e-18 2.41850e-04 
8540.05 1.73191e-05 9.95445e-01 3.17419e-18 2.35267e-04 
8550.00 1.62738e-05 9.95464e-01 3.07319e-18 2.14286e-04 
8560.05 1.75035e-05 9.95476e-01 2.97421e-18 2.23319e-04 
8570.00 1.92017e-05 9.95482e-01 2.87914e-18 2.37433e-04 
8580.07 1.93980e-05 9.95480e-01 2.78580e-18 2.32356e-04 
8580.65 1.93724e-05 9.95480e-01 2.78053e-18 2.31626e-04 
8590.00 1.88491e-05 9.95471e-01 2.69650e-18 2.18794e-04 
8600.10 1.86810e-05 9.95459e-01 2.60839e-18 2.10002e-04 
8610.00 1.87808e-05 9.95449e-01 2.52467e-18 2.04580e-04 
8620.15 1.88275e-05 9.95448e-01 2.44141e-18 1.98560e-04 
8623.55 1.88431e-05 9.95450e-01 2.41411e-18 1.96579e-04 
8630.00 1.89147e-05 9.95459e-01 2.36308e-18 1.93301e-04 
8640.22 1.90688e-05 9.95485e-01 2.28432e-18 1.88610e-04 
8650.00 1.86190e-05 9.95517e-01 2.21119e-18 1.78472e-04 
8660.29 1.71318e-05 9.95556e-01 2.13661e-18 1.58873e-04 
8666.67 1.63492e-05 9.95580e-01 2.09163e-18 1.48537e-04 
8670.00 1.61872e-05 9.95592e-01 2.06847e-18 1.45494e-04 
8680.39 1.69820e-05 9.95627e-01 1.99778e-18 1.47603e-04 
8690.00 1.81968e-05 9.95656e-01 1.93441e-18 1.53319e-04 
8700.50 1.85896e-05 9.95682e-01 1.86735e-18 1.51385e-04 
8710.00 1.84613e-05 9.95700e-01 1.80855e-18 1.45769e-04 
8710.00 1.84613e-05 9.95700e-01 1.80854e-18 1.45768e-04 
8720.63 1.84202e-05 9.95715e-01 1.74486e-18 1.40495e-04 
8730.00 1.83666e-05 9.95728e-01 1.69042e-18 1.35864e-04 
8740.77 1.81084e-05 9.95751e-01 1.62988e-18 1.29318e-04 
8750.00 1.79583e-05 9.95784e-01 1.57959e-18 1.24425e-04 
8753.55 1.79769e-05 9.95800e-01 1.56065e-18 1.23112e-04 
8760.92 1.81204e-05 9.95841e-01 1.52200e-18 1.21128e-04 
8770.00 1.83205e-05 9.95887e-01 1.47565e-18 1.18865e-04 
8781.09 1.83405e-05 9.95904e-01 1.42082e-18 1.14720e-04 
8790.00 1.81865e-05 9.95857e-01 1.37820e-18 1.10451e-04 
8797.32 1.79934e-05 9.95760e-01 1.34409e-18 1.06652e-04 
8801.28 1.78912e-05 9.95681e-01 1.32595e-18 1.04654e-04 
8810.00 1.77534e-05 9.95451e-01 1.28687e-18 1.00864e-04 
8821.49 1.78479e-05 9.95073e-01 1.23705e-18 9.75649e-05 
8830.00 1.79873e-05 9.94773e-01 1.20130e-18 9.55491e-05 
8841.31 1.80405e-05 9.94400e-01 1.15535e-18 9.22497e-05 
8841.70 1.80381e-05 9.94388e-01 1.15377e-18 9.21134e-05 
8850.00 1.79018e-05 9.94165e-01 1.12116e-18 8.88976e-05 
8861.94 1.74980e-05 9.93931e-01 1.07578e-18 8.34676e-05 
8870.00 1.73575e-05 9.93833e-01 1.04612e-18 8.05806e-05 
8882.19 1.76414e-05 9.93783e-01 1.00277e-18 7.86086e-05 
8885.51 1.77582e-05 9.93790e-01 9.91247e-19 7.82493e-05 
8890.00 1.78919e-05 9.93814e-01 9.75889e-19 7.76580e-05 
8902.45 1.79858e-05 9.93950e-01 9.34457e-19 7.48664e-05 
8910.00 1.78975e-05 9.94066e-01 9.10170e-19 7.26324e-05 
8922.73 1.76632e-05 9.94283e-01 8.70555e-19 6.86749e-05 
8929.94 1.75661e-05 9.94400e-01 8.48873e-19 6.66577e-05 
8930.00 1.75655e-05 9.94401e-01 8.48694e-19 6.66421e-05 
8943.03 1.75474e-05 9.94580e-01 8.10802e-19 6.37053e-05 
8950.00 1.75558e-05 9.94664e-01 7.91204e-19 6.22489e-05 
8963.34 1.75181e-05 9.94822e-01 7.54948e-19 5.93667e-05 
8970.00 1.75369e-05 9.94907e-01 7.37458e-19 5.81015e-05 
8974.59 1.75836e-05 9.94970e-01 7.25628e-19 5.73548e-05 
8983.67 1.76398e-05 9.95110e-01 7.02757e-19 5.57889e-05 
8990.00 1.75278e-05 9.95216e-01 6.87225e-19 5.42534e-05 
9004.01 1.67947e-05 9.95462e-01 6.54004e-19 4.95608e-05 
9010.00 1.65934e-05 9.95565e-01 6.40288e-19 4.79764e-05 
9019.46 1.67292e-05 9.95720e-01 6.19171e-19 4.68305e-05 
9024.37 1.69262e-05 9.95793e-01 6.08479e-19 4.65923e-05 
9030.00 1.71544e-05 9.95872e-01 5.96443e-19 4.63189e-05 
9044.75 1.74194e-05 9.96047e-01 5.65981e-19 4.47131e-05 
9050.00 1.74138e-05 9.96099e-01 5.55498e-19 4.38986e-05 
9064.56 1.72207e-05 9.96220e-01 5.27409e-19 4.12879e-05 
9065.14 1.72085e-05 9.96224e-01 5.26322e-19 4.11764e-05 
9070.00 1.70947e-05 9.96256e-01 5.17269e-19 4.02235e-05 
9085.54 1.67075e-05 9.96338e-01 4.89323e-19 3.72553e-05 
9090.00 1.66462e-05 9.96356e-01 4.81586e-19 3.65503e-05 
9105.97 1.67336e-05 9.96409e-01 4.54818e-19 3.47627e-05 
9109.88 1.67956e-05 9.96420e-01 4.48476e-19 3.44202e-05 
9110.00 1.67975e-05 9.96420e-01 4.48286e-19 3.44100e-05 
9126.40 1.70167e-05 9.96460e-01 4.22647e-19 3.29257e-05 
9130.00 1.70296e-05 9.96467e-01 4.17219e-19 3.25407e-05 
9146.86 1.68872e-05 9.96502e-01 3.92661e-19 3.04263e-05 
9150.00 1.68486e-05 9.96509e-01 3.88242e-19 3.00255e-05 
9155.43 1.67914e-05 9.96520e-01 3.80715e-19 2.93612e-05 
9167.33 1.67269e-05 9.96546e-01 3.64721e-19 2.80569e-05 
9170.00 1.67266e-05 9.96552e-01 3.61219e-19 2.77952e-05 
9187.81 1.67536e-05 9.96592e-01 3.38694e-19 2.61559e-05 
9190.00 1.67390e-05 9.96596e-01 3.36024e-19 2.59334e-05 
9201.21 1.65445e-05 9.96620e-01 3.22659e-19 2.46432e-05 
9208.31 1.63435e-05 9.96634e-01 3.14456e-19 2.37435e-05 
9210.00 1.62899e-05 9.96637e-01 3.12540e-19 2.35258e-05 
9228.83 1.57939e-05 9.96671e-01 2.91891e-19 2.13467e-05 
9230.00 1.57854e-05 9.96672e-01 2.90654e-19 2.12475e-05 
9247.21 1.60010e-05 9.96700e-01 2.73015e-19 2.02690e-05 
9249.36 1.60438e-05 9.96703e-01 2.70888e-19 2.01696e-05 
9250.00 1.60559e-05 9.96704e-01 2.70261e-19 2.01396e-05 
9269.91 1.62723e-05 9.96734e-01 2.51344e-19 1.90238e-05 
9270.00 1.62726e-05 9.96735e-01 2.51264e-19 1.90182e-05 
9290.00 1.62727e-05 9.96765e-01 2.33571e-19 1.77178e-05 
9290.48 1.62732e-05 9.96765e-01 2.33164e-19 1.76884e-05 
9293.45 1.62790e-05 9.96770e-01 2.30643e-19 1.75091e-05 
9310.00 1.63112e-05 9.96796e-01 2.17095e-19 1.65430e-05 
9311.06 1.63091e-05 9.96797e-01 2.16255e-19 1.64788e-05 
9330.00 1.61990e-05 9.96826e-01 2.01755e-19 1.53016e-05 
9331.66 1.61902e-05 9.96828e-01 2.00534e-19 1.52035e-05 
9339.92 1.61560e-05 9.96840e-01 1.94545e-19 1.47314e-05 
9350.00 1.61110e-05 9.96854e-01 1.87475e-19 1.41721e-05 
9352.27 1.60968e-05 9.96857e-01 1.85920e-19 1.40455e-05 
9370.00 1.60203e-05 9.96879e-01 1.74185e-19 1.31217e-05 
9372.90 1.60313e-05 9.96883e-01 1.72339e-19 1.29955e-05 
9386.62 1.60328e-05 9.96900e-01 1.63848e-19 1.23747e-05 
9390.00 1.59702e-05 9.96904e-01 1.61819e-19 1.21782e-05 
9393.54 1.58618e-05 9.96909e-01 1.59720e-19 1.19432e-05 
9410.00 1.53420e-05 9.96931e-01 1.50313e-19 1.08907e-05 
9414.20 1.53647e-05 9.96936e-01 1.47999e-19 1.07438e-05 
9430.00 1.57239e-05 9.96956e-01 1.39609e-19 1.03892e-05 
9433.55 1.57323e-05 9.96960e-01 1.37788e-19 1.02631e-05 
9434.88 1.57245e-05 9.96962e-01 1.37114e-19 1.02093e-05 
9450.00 1.55223e-05 9.96977e-01 1.29654e-19 9.54514e-06 
9455.57 1.55332e-05 9.96982e-01 1.27007e-19 9.36236e-06 
9470.00 1.57149e-05 9.96994e-01 1.20396e-19 8.99270e-06 
9476.28 1.57495e-05 9.96998e-01 1.17625e-19 8.81092e-06 
9480.72 1.57476e-05 9.97000e-01 1.15705e-19 8.67010e-06 
9490.00 1.56994e-05 9.97004e-01 1.11788e-19 8.35919e-06 
9497.01 1.56472e-05 9.97007e-01 1.08918e-19 8.12352e-06 
9510.00 1.55777e-05 9.97014e-01 1.03785e-19 7.71692e-06 
9517.75 1.55685e-05 9.97020e-01 1.00839e-19 7.49958e-06 
9528.12 1.54579e-05 9.97030e-01 9.70218e-20 7.17233e-06 
9530.00 1.54101e-05 9.97032e-01 9.63464e-20 7.10178e-06 
9538.50 1.50920e-05 9.97044e-01 9.33443e-20 6.74453e-06 
9550.00 1.47717e-05 9.97062e-01 8.94325e-20 6.33247e-06 
9559.28 1.49172e-05 9.97076e-01 8.63930e-20 6.18364e-06 
9570.00 1.52570e-05 9.97087e-01 8.30074e-20 6.08352e-06 
9575.76 1.53596e-05 9.97090e-01 8.12419e-20 5.99777e-06 
9580.07 1.53900e-05 9.97091e-01 7.99471e-20 5.91653e-06 
9590.00 1.53648e-05 9.97087e-01 7.70373e-20 5.69776e-06 
9600.87 1.52771e-05 9.97079e-01 7.39709e-20 5.44586e-06 
9610.00 1.51932e-05 9.97070e-01 7.14908e-20 5.23927e-06 
9621.70 1.51017e-05 9.97061e-01 6.84314e-20 4.99090e-06 
9623.64 1.50893e-05 9.97060e-01 6.79353e-20 4.95163e-06 
9630.00 1.50553e-05 9.97057e-01 6.63383e-20 4.82752e-06 
9642.54 1.50107e-05 9.97054e-01 6.32975e-20 4.59855e-06 
9650.00 1.49793e-05 9.97049e-01 6.15525e-20 4.46584e-06 
9663.39 1.49041e-05 9.97032e-01 5.85405e-20 4.23180e-06 
9670.00 1.48940e-05 9.97015e-01 5.71078e-20 4.12817e-06 
9671.76 1.48978e-05 9.97010e-01 5.67321e-20 4.10280e-06 
9684.26 1.49683e-05 9.96960e-01 5.41335e-20 3.93827e-06 
9690.00 1.49912e-05 9.96932e-01 5.29802e-20 3.86246e-06 
9705.15 1.49476e-05 9.96852e-01 5.00514e-20 3.64370e-06 
9710.00 1.49274e-05 9.96827e-01 4.91477e-20 3.57477e-06 
9720.12 1.49080e-05 9.96780e-01 4.73144e-20 3.44039e-06 
9726.05 1.48950e-05 9.96758e-01 4.62710e-20 3.36356e-06 
9730.00 1.48780e-05 9.96746e-01 4.55894e-20 3.31154e-06 
9746.97 1.47307e-05 9.96731e-01 4.27705e-20 3.08134e-06 
9750.00 1.47046e-05 9.96736e-01 4.22861e-20 3.04200e-06 
9767.91 1.46856e-05 9.96823e-01 3.95299e-20 2.84552e-06 
9768.72 1.46934e-05 9.96830e-01 3.94094e-20 2.83860e-06 
9770.00 1.47076e-05 9.96841e-01 3.92198e-20 2.82809e-06 
9788.86 1.52800e-05 9.97088e-01 3.65302e-20 2.74261e-06 
