##### EXOPHOT SPECTRAL OVERLAP FILE #####
# Date: 01/12/2021 13:14:56
# SED file: SED_g2v.txt
# atmosphere file: atm_g2v_hzm_os1.txt
# photopigment file: phot2f.txt
# Stellar radius (Rs in km): 6.963400e+05
# Exoplanet orbit semi-major axis (sma in km): 1.481139e+08
# Total absorption rate (gamma_t in s-1): 7.88117e+00
# B band absorption rate (gamma_B in s-1): 8.95967e-01
# Q band absorption rate (gamma_Q in s-1): 6.98521e+00
# B-Q bands cut-off (in nm): 500
# photosynthetic photon flux density [ppfd in micromol photon m-2 s-1]: 2.11569e+03
# Total Stellar Irradiance (S in W m-2): 1.37004e+03
# -------------------------------------------------
# Col 1: Wavelength (wl in Angstrom) 
# Col 2: Spectral Flux Density (F_l in J cm-2 s-1 A-1) 
# Col 3: Atmosphere transmitance (T, no units) 
# Col 4: Pigment absorption cross section (sigma_abs in cm-2) 
# Col 5: Spectral Absorption Rate (Gamma_lambda in A-1 s-1)
2507.89 6.21137e-07 -9.48788e-20 4.09003e-27 -3.04309e-34 
2513.00 3.76036e-07 -2.10790e-20 1.09992e-26 -1.10295e-34 
2515.76 3.01361e-07 0.00000e+00 1.32518e-26 0.00000e+00 
2518.00 2.65815e-07 9.48614e-21 1.50183e-26 4.80032e-35 
2523.54 2.56585e-07 1.15916e-20 2.19287e-26 8.28559e-35 
2525.00 2.68980e-07 8.77689e-21 2.49277e-26 7.48046e-35 
2528.34 3.11402e-07 0.00000e+00 3.46583e-26 0.00000e+00 
2535.00 3.73490e-07 -1.36538e-20 7.07216e-26 -4.60242e-34 
2539.21 3.58551e-07 -8.03926e-21 1.08906e-25 -4.01273e-34 
2540.98 3.64323e-07 0.00000e+00 1.29494e-25 0.00000e+00 
2545.00 4.79310e-07 2.80064e-20 1.91703e-25 3.29697e-33 
2553.68 1.11450e-06 0.00000e+00 4.48395e-25 0.00000e+00 
2554.88 1.15719e-06 -2.72414e-20 5.02171e-25 -2.03601e-32 
2555.00 1.15978e-06 -3.01433e-20 5.07625e-25 -2.28258e-32 
2565.00 9.81278e-07 -8.75256e-20 1.29123e-24 -1.43200e-31 
2566.45 1.01756e-06 0.00000e+00 1.47875e-24 0.00000e+00 
2570.57 1.25032e-06 3.90137e-19 2.15475e-24 1.36016e-30 
2575.00 1.48751e-06 5.98258e-19 3.18911e-24 3.67891e-30 
2579.28 1.49187e-06 0.00000e+00 4.67141e-24 0.00000e+00 
2585.00 1.32188e-06 -1.95630e-18 7.73259e-24 -2.60218e-29 
2586.27 1.29119e-06 -2.20782e-18 8.62225e-24 -3.20016e-29 
2592.18 1.20336e-06 0.00000e+00 1.41998e-23 0.00000e+00 
2595.00 1.15895e-06 3.65679e-18 1.80291e-23 9.98162e-29 
2601.98 9.76607e-07 7.62790e-18 3.22431e-23 3.14622e-28 
2605.00 9.02072e-07 5.38217e-19 4.11128e-23 2.61762e-29 
2605.14 8.99153e-07 0.00000e+00 4.15804e-23 0.00000e+00 
2615.00 8.16755e-07 -2.86299e-17 9.14863e-23 -2.81619e-27 
2617.70 8.28197e-07 -6.41266e-18 1.12909e-22 -7.90208e-28 
2618.17 8.33844e-07 0.00000e+00 1.17070e-22 0.00000e+00 
2625.00 1.20017e-06 1.15400e-16 1.97055e-22 3.60651e-26 
2631.26 2.11169e-06 0.00000e+00 3.16072e-22 0.00000e+00 
2633.43 2.42771e-06 -1.42985e-16 3.70974e-22 -1.70716e-25 
2635.00 2.61587e-06 -2.59142e-16 4.16021e-22 -3.74088e-25 
2644.41 3.46147e-06 0.00000e+00 8.19569e-22 0.00000e+00 
2645.00 3.56199e-06 1.27764e-16 8.54537e-22 5.17822e-25 
2649.17 4.49533e-06 1.22962e-15 1.14580e-21 8.44647e-24 
2655.00 5.21474e-06 1.37174e-15 1.70964e-21 1.63454e-23 
2657.64 4.82872e-06 0.00000e+00 2.04583e-21 0.00000e+00 
2664.92 2.95562e-06 -6.26869e-15 3.33295e-21 -8.28439e-23 
2665.00 2.94255e-06 -6.29508e-15 3.35099e-21 -8.32758e-23 
2670.92 2.90550e-06 0.00000e+00 4.92180e-21 0.00000e+00 
2675.00 3.48091e-06 1.48111e-14 6.39341e-21 4.43875e-22 
2680.68 4.22938e-06 2.24810e-14 9.14685e-21 1.17363e-21 
2684.28 4.30503e-06 0.00000e+00 1.14146e-20 0.00000e+00 
2685.00 4.25848e-06 -8.34072e-15 1.19286e-20 -5.72684e-22 
2695.00 2.84267e-06 -7.33075e-14 2.17825e-20 -6.15834e-21 
2696.45 2.86379e-06 -4.20577e-14 2.37240e-20 -3.87873e-21 
2697.70 2.95571e-06 0.00000e+00 2.55164e-20 0.00000e+00 
2705.00 3.71936e-06 3.31577e-13 3.88172e-20 6.51880e-20 
2711.19 3.10995e-06 0.00000e+00 5.49769e-20 0.00000e+00 
2712.24 2.92429e-06 -1.74465e-13 5.82511e-20 -4.05772e-20 
2715.00 2.43166e-06 -7.23510e-13 6.77713e-20 -1.62962e-19 
2724.74 1.66641e-06 0.00000e+00 1.14239e-19 0.00000e+00 
2725.00 1.67555e-06 1.46935e-13 1.15783e-19 3.91037e-20 
2728.03 1.88888e-06 2.30987e-12 1.35619e-19 8.12618e-19 
2735.00 2.28481e-06 4.33446e-12 1.93564e-19 2.63931e-18 
2738.37 1.98216e-06 0.00000e+00 2.29153e-19 0.00000e+00 
2743.83 1.25862e-06 -1.43562e-11 2.99864e-19 -7.48408e-18 
2745.00 1.17029e-06 -1.66177e-11 3.17286e-19 -8.52664e-18 
2752.06 1.46225e-06 0.00000e+00 4.44014e-19 0.00000e+00 
2755.00 1.76783e-06 2.86300e-11 5.09355e-19 3.57542e-17 
2759.65 2.16794e-06 6.67753e-11 6.30622e-19 1.26826e-16 
2765.00 2.49514e-06 2.15651e-11 8.01740e-19 6.00481e-17 
2765.82 2.53581e-06 0.00000e+00 8.31415e-19 0.00000e+00 
2775.00 2.53884e-06 -2.54309e-10 1.23808e-18 -1.11668e-15 
2775.47 2.50161e-06 -2.48164e-10 1.26328e-18 -1.09577e-15 
2779.65 2.01880e-06 0.00000e+00 1.50508e-18 0.00000e+00 
2785.00 1.27562e-06 7.39454e-10 1.87508e-18 2.47970e-15 
2791.31 7.03519e-07 6.77045e-10 2.41397e-18 1.61569e-15 
2793.55 5.84054e-07 0.00000e+00 2.63509e-18 0.00000e+00 
2795.00 5.24392e-07 -6.83890e-10 2.78800e-18 -1.40682e-15 
2805.00 6.61828e-07 -2.74011e-09 4.07016e-18 -1.04227e-14 
2807.16 8.89724e-07 -5.21300e-10 4.40629e-18 -2.88806e-15 
2807.52 9.34485e-07 0.00000e+00 4.46397e-18 0.00000e+00 
2815.00 2.15668e-06 1.31629e-08 5.83588e-18 2.34771e-13 
2821.55 3.21709e-06 0.00000e+00 7.32066e-18 0.00000e+00 
2823.02 3.38148e-06 -9.65506e-09 7.69319e-18 -3.56948e-13 
2825.00 3.53321e-06 -2.49028e-08 8.22270e-18 -1.02890e-12 
2835.00 3.07517e-06 -1.30348e-08 1.13871e-17 -6.51421e-13 
2835.66 2.99551e-06 0.00000e+00 1.16279e-17 0.00000e+00 
2838.89 2.56072e-06 8.66894e-08 1.28647e-17 4.08131e-12 
2845.00 1.62679e-06 1.91594e-07 1.55057e-17 6.92164e-12 
2849.84 9.65446e-07 0.00000e+00 1.78972e-17 0.00000e+00 
2854.77 7.56786e-07 -5.03343e-07 2.06304e-17 -1.12938e-11 
2855.00 7.65840e-07 -5.25769e-07 2.07674e-17 -1.20183e-11 
2864.09 2.28881e-06 0.00000e+00 2.67051e-17 0.00000e+00 
2865.00 2.51249e-06 3.03157e-07 2.73671e-17 3.00642e-11 
2870.66 3.81209e-06 3.37276e-06 3.17666e-17 5.90232e-10 
2875.00 4.33447e-06 6.82956e-06 3.54957e-17 1.52077e-09 
2878.41 4.26277e-06 1.00000e-05 3.86480e-17 2.38723e-09 
2885.00 3.87158e-06 1.72368e-05 4.53264e-17 4.39305e-09 
2886.56 3.92379e-06 1.93233e-05 4.70233e-17 5.18089e-09 
2892.80 4.73923e-06 3.00000e-05 5.42730e-17 1.12371e-08 
2895.00 5.13013e-06 3.49655e-05 5.70051e-17 1.49023e-08 
2902.47 6.30493e-06 6.40422e-05 6.69967e-17 3.95267e-08 
2907.27 6.80884e-06 1.00000e-04 7.39893e-17 7.37309e-08 
2910.00 6.96967e-06 1.29415e-04 7.81842e-17 1.03308e-07 
2918.40 6.87445e-06 2.81949e-04 9.19817e-17 2.61926e-07 
2921.80 6.67358e-06 3.80000e-04 9.79697e-17 3.65433e-07 
2930.00 6.12857e-06 7.28900e-04 1.13271e-16 7.46338e-07 
2934.33 5.93571e-06 9.86382e-04 1.21832e-16 1.05369e-06 
2936.41 5.87430e-06 1.13000e-03 1.26057e-16 1.23692e-06 
2950.00 5.82549e-06 2.67218e-03 1.55245e-16 3.58890e-06 
2950.28 5.82872e-06 2.72065e-03 1.55861e-16 3.67089e-06 
2951.09 5.83887e-06 2.87000e-03 1.57697e-16 3.92590e-06 
2965.85 6.07885e-06 7.12000e-03 1.91907e-16 1.24012e-05 
2966.23 6.08435e-06 7.27281e-03 1.92816e-16 1.27405e-05 
2970.00 6.12963e-06 8.90023e-03 2.01785e-16 1.64590e-05 
2980.68 6.15554e-06 1.48600e-02 2.27313e-16 3.11995e-05 
2982.20 6.14877e-06 1.58861e-02 2.30938e-16 3.38657e-05 
2990.00 6.08496e-06 2.19224e-02 2.49355e-16 5.00676e-05 
2995.58 6.02295e-06 2.71000e-02 2.62245e-16 6.45491e-05 
2998.18 5.99837e-06 2.97725e-02 2.68129e-16 7.22725e-05 
3010.00 6.03487e-06 4.42567e-02 2.93734e-16 1.18875e-04 
3010.56 6.04607e-06 4.50400e-02 2.94886e-16 1.21702e-04 
3014.16 6.14080e-06 5.03090e-02 3.02181e-16 1.41653e-04 
3025.61 6.55224e-06 6.85500e-02 3.23468e-16 2.21291e-04 
3030.00 6.68114e-06 7.57798e-02 3.30787e-16 2.55457e-04 
3030.16 6.68501e-06 7.60546e-02 3.31052e-16 2.56752e-04 
3040.74 6.82320e-06 9.52100e-02 3.46472e-16 3.44542e-04 
3046.18 6.87959e-06 1.06786e-01 3.53133e-16 3.97828e-04 
3050.00 6.94828e-06 1.15468e-01 3.57277e-16 4.40117e-04 
3055.94 7.11917e-06 1.29250e-01 3.62815e-16 5.13587e-04 
3062.20 7.30013e-06 1.43470e-01 3.67449e-16 5.93259e-04 
3070.00 7.35157e-06 1.60479e-01 3.71509e-16 6.77375e-04 
3071.22 7.32896e-06 1.63060e-01 3.71975e-16 6.87287e-04 
3078.23 7.08099e-06 1.77689e-01 3.73776e-16 7.28769e-04 
3086.58 6.81241e-06 1.96660e-01 3.74052e-16 7.78662e-04 
3090.00 6.81402e-06 2.05494e-01 3.73611e-16 8.13774e-04 
3094.27 6.95673e-06 2.16980e-01 3.72635e-16 8.76173e-04 
3102.01 7.43640e-06 2.36520e-01 3.69741e-16 1.01553e-03 
3110.00 7.84990e-06 2.52212e-01 3.65396e-16 1.13261e-03 
3110.33 7.85847e-06 2.52791e-01 3.65192e-16 1.13593e-03 
3117.52 7.85174e-06 2.65480e-01 3.60231e-16 1.17845e-03 
3126.39 7.52029e-06 2.83169e-01 3.53064e-16 1.18331e-03 
3130.00 7.35561e-06 2.90805e-01 3.49885e-16 1.17927e-03 
3133.11 7.22502e-06 2.97410e-01 3.47046e-16 1.17620e-03 
3142.47 6.97897e-06 3.16799e-01 3.38092e-16 1.18251e-03 
3148.77 7.01089e-06 3.29360e-01 3.31850e-16 1.21465e-03 
3150.00 7.04171e-06 3.31750e-01 3.30628e-16 1.22479e-03 
3158.56 7.42185e-06 3.47681e-01 3.22102e-16 1.32160e-03 
3164.52 7.67067e-06 3.57550e-01 3.16255e-16 1.38178e-03 
3170.00 7.71399e-06 3.65457e-01 3.11016e-16 1.39920e-03 
3174.66 7.53965e-06 3.71535e-01 3.06706e-16 1.37307e-03 
3180.34 7.18741e-06 3.78600e-01 3.01661e-16 1.31422e-03 
3190.00 6.81738e-06 3.91209e-01 2.93742e-16 1.25808e-03 
3190.77 6.82529e-06 3.92316e-01 2.93153e-16 1.26087e-03 
3196.24 7.04372e-06 4.01020e-01 2.89125e-16 1.31407e-03 
3206.89 7.57848e-06 4.19841e-01 2.82254e-16 1.44982e-03 
3210.00 7.56294e-06 4.23995e-01 2.80494e-16 1.45346e-03 
3212.22 7.46423e-06 4.26110e-01 2.79306e-16 1.43654e-03 
3223.02 6.49884e-06 4.28783e-01 2.74367e-16 1.24048e-03 
3228.29 6.20576e-06 4.31520e-01 2.72446e-16 1.18569e-03 
3230.00 6.20031e-06 4.33430e-01 2.71887e-16 1.18808e-03 
3239.16 7.00112e-06 4.49397e-01 2.69434e-16 1.38231e-03 
3244.43 7.82713e-06 4.58610e-01 2.68407e-16 1.57363e-03 
3250.00 8.71826e-06 4.64970e-01 2.67597e-16 1.77477e-03 
3255.32 9.40771e-06 4.68448e-01 2.67065e-16 1.92876e-03 
3260.65 9.91191e-06 4.70790e-01 2.66743e-16 2.04317e-03 
3270.00 1.03656e-05 4.75608e-01 2.66605e-16 2.16364e-03 
3271.48 1.03896e-05 4.76662e-01 2.66625e-16 2.17459e-03 
3276.95 1.03826e-05 4.81690e-01 2.66779e-16 2.20100e-03 
3287.66 1.00856e-05 4.95237e-01 2.67340e-16 2.20997e-03 
3290.00 9.99845e-06 4.97765e-01 2.67490e-16 2.20487e-03 
3293.34 9.87501e-06 5.00400e-01 2.67710e-16 2.19320e-03 
3303.84 9.54183e-06 5.01919e-01 2.68382e-16 2.13777e-03 
3309.80 9.42891e-06 5.03290e-01 2.68687e-16 2.12448e-03 
3310.00 9.42653e-06 5.03398e-01 2.68696e-16 2.12459e-03 
3320.04 9.41689e-06 5.13197e-01 2.68955e-16 2.17239e-03 
3326.35 9.49883e-06 5.19220e-01 2.68893e-16 2.22072e-03 
3330.00 9.56669e-06 5.21005e-01 2.68762e-16 2.24563e-03 
3336.25 9.68070e-06 5.22144e-01 2.68349e-16 2.27813e-03 
3342.98 9.65460e-06 5.23760e-01 2.67609e-16 2.27733e-03 
3350.00 9.25543e-06 5.28632e-01 2.66481e-16 2.19879e-03 
3352.47 8.98877e-06 5.30747e-01 2.65990e-16 2.14161e-03 
3359.70 7.99961e-06 5.36020e-01 2.64260e-16 1.91649e-03 
3368.70 7.02598e-06 5.38254e-01 2.61465e-16 1.67685e-03 
3370.00 6.96912e-06 5.38401e-01 2.61003e-16 1.66143e-03 
3376.50 7.08309e-06 5.39810e-01 2.58449e-16 1.67969e-03 
3384.95 7.76598e-06 5.44845e-01 2.54539e-16 1.83527e-03 
3390.00 8.14781e-06 5.48462e-01 2.51882e-16 1.92091e-03 
3393.38 8.29419e-06 5.50550e-01 2.49972e-16 1.94993e-03 
3401.20 8.36435e-06 5.53606e-01 2.45151e-16 1.94367e-03 
3410.00 8.31818e-06 5.56173e-01 2.39077e-16 1.89869e-03 
3410.35 8.31958e-06 5.56300e-01 2.38824e-16 1.89762e-03 
3417.47 8.43347e-06 5.59522e-01 2.33407e-16 1.89480e-03 
3427.40 8.73010e-06 5.64270e-01 2.25182e-16 1.91394e-03 
3430.00 8.80537e-06 5.65204e-01 2.22909e-16 1.91557e-03 
3433.74 8.89751e-06 5.66323e-01 2.19554e-16 1.91234e-03 
3444.54 9.07933e-06 5.69530e-01 2.09387e-16 1.87747e-03 
3450.00 9.14571e-06 5.71955e-01 2.03988e-16 1.85322e-03 
3450.03 9.14609e-06 5.71971e-01 2.03956e-16 1.85307e-03 
3461.76 9.30802e-06 5.77920e-01 1.91901e-16 1.79896e-03 
3466.33 9.40608e-06 5.79856e-01 1.87058e-16 1.78032e-03 
3470.00 9.50946e-06 5.81226e-01 1.83126e-16 1.76809e-03 
3479.07 9.87120e-06 5.84400e-01 1.73272e-16 1.75063e-03 
3482.64 1.00468e-05 5.85732e-01 1.69347e-16 1.74718e-03 
3490.00 1.04454e-05 5.88597e-01 1.61229e-16 1.74154e-03 
3496.46 1.07950e-05 5.91040e-01 1.54083e-16 1.73039e-03 
3498.96 1.09040e-05 5.91921e-01 1.51320e-16 1.72032e-03 
3510.00 1.09431e-05 5.95549e-01 1.39200e-16 1.60297e-03 
3513.95 1.07104e-05 5.96860e-01 1.34911e-16 1.52561e-03 
3515.30 1.06102e-05 5.97324e-01 1.33449e-16 1.49670e-03 
3530.00 1.00222e-05 6.02652e-01 1.17856e-16 1.26497e-03 
3531.51 1.01192e-05 6.03200e-01 1.16287e-16 1.26189e-03 
3531.64 1.01290e-05 6.03245e-01 1.16157e-16 1.26185e-03 
3548.00 1.17555e-05 6.08844e-01 9.97954e-17 1.27575e-03 
3549.17 1.17533e-05 6.09230e-01 9.86634e-17 1.26226e-03 
3550.00 1.17299e-05 6.09501e-01 9.78703e-17 1.25047e-03 
3564.36 9.40165e-06 6.14036e-01 8.46361e-17 8.76716e-04 
3566.92 8.91315e-06 6.14800e-01 8.23927e-17 8.10719e-04 
3570.00 8.43342e-06 6.15700e-01 7.97327e-17 7.44048e-04 
3580.74 7.98487e-06 6.18625e-01 7.08661e-17 6.31001e-04 
3584.75 8.16415e-06 6.19620e-01 6.77208e-17 6.18217e-04 
3590.00 8.53289e-06 6.20852e-01 6.37438e-17 6.10295e-04 
3597.13 9.09347e-06 6.22579e-01 5.85906e-17 6.00663e-04 
3602.68 9.50218e-06 6.24140e-01 5.47851e-17 5.89272e-04 
3610.00 9.91970e-06 6.26669e-01 5.00276e-17 5.65168e-04 
3613.53 1.00456e-05 6.28046e-01 4.78412e-17 5.49068e-04 
3620.69 1.01545e-05 6.31030e-01 4.36247e-17 5.09513e-04 
3629.94 1.00696e-05 6.35010e-01 3.85875e-17 4.50882e-04 
3630.00 1.00685e-05 6.35033e-01 3.85588e-17 4.50521e-04 
3638.79 1.01230e-05 6.38590e-01 3.41951e-17 4.04925e-04 
3640.00 1.02194e-05 6.39041e-01 3.36273e-17 4.02411e-04 
3646.37 1.11421e-05 6.41269e-01 3.07505e-17 4.03314e-04 
3650.00 1.17092e-05 6.42456e-01 2.91988e-17 4.03599e-04 
3656.99 1.22954e-05 6.44660e-01 2.63877e-17 3.85055e-04 
3662.80 1.23469e-05 6.46487e-01 2.42169e-17 3.56428e-04 
3670.00 1.20827e-05 6.48745e-01 2.17333e-17 3.14740e-04 
3675.27 1.17991e-05 6.50380e-01 2.00493e-17 2.84661e-04 
3679.25 1.16011e-05 6.51596e-01 1.88513e-17 2.63939e-04 
3690.00 1.14738e-05 6.54830e-01 1.59078e-17 2.22021e-04 
3693.65 1.16504e-05 6.55920e-01 1.50009e-17 2.13151e-04 
3695.71 1.17817e-05 6.56536e-01 1.45087e-17 2.08793e-04 
3710.00 1.20237e-05 6.60795e-01 1.14556e-17 1.69990e-04 
3712.12 1.17879e-05 6.61420e-01 1.10540e-17 1.61057e-04 
3712.18 1.17799e-05 6.61438e-01 1.10428e-17 1.60791e-04 
3728.66 8.84509e-06 6.66238e-01 8.31388e-18 9.19626e-05 
3730.00 8.70158e-06 6.66625e-01 8.12014e-18 8.84453e-05 
3730.68 8.64394e-06 6.66820e-01 8.02384e-18 8.68587e-05 
3745.15 9.21539e-06 6.70956e-01 6.19308e-18 7.21950e-05 
3749.33 9.73699e-06 6.72130e-01 5.73819e-18 7.08811e-05 
3750.00 9.82346e-06 6.72317e-01 5.66822e-18 7.06708e-05 
3761.65 1.12171e-05 6.75475e-01 4.56558e-18 6.55068e-05 
3768.08 1.17610e-05 6.77100e-01 4.04371e-18 6.10827e-05 
3770.00 1.18732e-05 6.77565e-01 3.89833e-18 5.95197e-05 
3778.17 1.21013e-05 6.79442e-01 3.33179e-18 5.21034e-05 
3786.92 1.22014e-05 6.81350e-01 2.80853e-18 4.45112e-05 
3790.00 1.22827e-05 6.82016e-01 2.64282e-18 4.22393e-05 
3794.70 1.24793e-05 6.83055e-01 2.40745e-18 3.92017e-05 
3805.85 1.24466e-05 6.85870e-01 1.92290e-18 3.14503e-05 
3810.00 1.18994e-05 6.87115e-01 1.76692e-18 2.77088e-05 
3811.23 1.16515e-05 6.87505e-01 1.72282e-18 2.64782e-05 
3824.88 7.93010e-06 6.92040e-01 1.29808e-18 1.37168e-05 
3827.78 7.38753e-06 6.92979e-01 1.22133e-18 1.20482e-05 
3830.00 7.15129e-06 6.93680e-01 1.16551e-18 1.11477e-05 
3844.01 8.70462e-06 6.97830e-01 8.64171e-19 1.01580e-05 
3844.34 8.76700e-06 6.97925e-01 8.57894e-19 1.01587e-05 
3850.00 9.63437e-06 6.99491e-01 7.58866e-19 9.91185e-06 
3860.92 9.80110e-06 7.02399e-01 5.97237e-19 7.99134e-06 
3863.23 9.69065e-06 7.03000e-01 5.67453e-19 7.51816e-06 
3870.00 9.40439e-06 7.04743e-01 4.87932e-19 6.30020e-06 
3877.50 9.52408e-06 7.06644e-01 4.12166e-19 5.41466e-06 
3882.54 9.93359e-06 7.07910e-01 3.67605e-19 5.05249e-06 
3890.00 1.10545e-05 7.09769e-01 3.09952e-19 4.76238e-06 
3894.10 1.19073e-05 7.10782e-01 2.82038e-19 4.67938e-06 
3901.96 1.33009e-05 7.12710e-01 2.34990e-19 4.37571e-06 
3910.00 1.30534e-05 7.14661e-01 1.94604e-19 3.57333e-06 
3910.70 1.28980e-05 7.14831e-01 1.91403e-19 3.47419e-06 
3921.46 8.88450e-06 7.17420e-01 1.48261e-19 1.86555e-06 
3927.32 7.12474e-06 7.18829e-01 1.28852e-19 1.30469e-06 
3930.00 6.86908e-06 7.19475e-01 1.20806e-19 1.18119e-06 
3941.07 9.56458e-06 7.22170e-01 9.23441e-20 1.26547e-06 
3943.95 1.05338e-05 7.22879e-01 8.60654e-20 1.30117e-06 
3950.00 1.16872e-05 7.24357e-01 7.41799e-20 1.24873e-06 
3960.59 9.60718e-06 7.26772e-01 5.70494e-20 7.94198e-07 
3960.78 9.55364e-06 7.26810e-01 5.67902e-20 7.86261e-07 
3970.00 8.06486e-06 7.28623e-01 4.50741e-20 5.29347e-07 
3977.25 1.00466e-05 7.30022e-01 3.75360e-20 5.51200e-07 
3980.58 1.16017e-05 7.30710e-01 3.44898e-20 5.85904e-07 
3990.00 1.58795e-05 7.32879e-01 2.71136e-20 6.33800e-07 
3993.91 1.68537e-05 7.33843e-01 2.45192e-20 6.09716e-07 
4000.48 1.73801e-05 7.35480e-01 2.06898e-20 5.32619e-07 
4010.00 1.69933e-05 7.37792e-01 1.61517e-20 4.08788e-07 
4010.59 1.69671e-05 7.37932e-01 1.59042e-20 4.02041e-07 
4020.49 1.67965e-05 7.40250e-01 1.22625e-20 3.08587e-07 
4027.28 1.68104e-05 7.41803e-01 1.02459e-20 2.59032e-07 
4030.00 1.68045e-05 7.42418e-01 9.53121e-21 2.41241e-07 
4040.59 1.65879e-05 7.44780e-01 7.18213e-21 1.80484e-07 
4043.98 1.64540e-05 7.45527e-01 6.55696e-21 1.63746e-07 
4050.00 1.61435e-05 7.46845e-01 5.57354e-21 1.37005e-07 
4060.69 1.55499e-05 7.49148e-01 4.16916e-21 9.92814e-08 
4060.79 1.55464e-05 7.49170e-01 4.15769e-21 9.89913e-08 
4070.00 1.56404e-05 7.51116e-01 3.23102e-21 7.77701e-08 
4077.41 1.64466e-05 7.52665e-01 2.63430e-21 6.69346e-08 
4081.10 1.69547e-05 7.53430e-01 2.37915e-21 6.24389e-08 
4090.00 1.78856e-05 7.55275e-01 1.85752e-21 5.16640e-08 
4094.15 1.79687e-05 7.56131e-01 1.65437e-21 4.63270e-08 
4101.50 1.76848e-05 7.57640e-01 1.34607e-21 3.72387e-08 
4110.00 1.72304e-05 7.59372e-01 1.05935e-21 2.86783e-08 
4110.90 1.72037e-05 7.59554e-01 1.03282e-21 2.79295e-08 
4122.01 1.72494e-05 7.61810e-01 7.53200e-22 2.05382e-08 
4127.66 1.73695e-05 7.62955e-01 6.41083e-22 1.76534e-08 
4130.00 1.74022e-05 7.63427e-01 5.99449e-22 1.65576e-08 
4142.62 1.73441e-05 7.65870e-01 4.16918e-22 1.15493e-08 
4144.43 1.73303e-05 7.66199e-01 3.95713e-22 1.09627e-08 
4150.00 1.73330e-05 7.67187e-01 3.36677e-22 9.35317e-09 
4161.21 1.75463e-05 7.69146e-01 2.42944e-22 6.86822e-09 
4163.33 1.75755e-05 7.69530e-01 2.28315e-22 6.47189e-09 
4170.00 1.75320e-05 7.70780e-01 1.87764e-22 5.32642e-09 
4178.00 1.71407e-05 7.72343e-01 1.48388e-22 4.13172e-09 
4184.15 1.67752e-05 7.73560e-01 1.23737e-22 3.38215e-09 
4190.00 1.65668e-05 7.74711e-01 1.04043e-22 2.81662e-09 
4194.81 1.65841e-05 7.75648e-01 9.02082e-23 2.45041e-09 
4205.07 1.68643e-05 7.77630e-01 6.64386e-23 1.84442e-09 
4210.00 1.69017e-05 7.78573e-01 5.73494e-23 1.59942e-09 
4211.63 1.68756e-05 7.78882e-01 5.46323e-23 1.52249e-09 
4226.10 1.62357e-05 7.81580e-01 3.54485e-23 9.56986e-10 
4228.45 1.61627e-05 7.82008e-01 3.30405e-23 8.88949e-10 
4230.00 1.61349e-05 7.82286e-01 3.15528e-23 8.48075e-10 
4245.30 1.64044e-05 7.84969e-01 2.00825e-23 5.52665e-10 
4247.23 1.64232e-05 7.85300e-01 1.89862e-23 5.23554e-10 
4250.00 1.64080e-05 7.85774e-01 1.75229e-23 4.83359e-10 
4262.15 1.57815e-05 7.87842e-01 1.24776e-23 3.32865e-10 
4268.46 1.53612e-05 7.88930e-01 1.05747e-23 2.75378e-10 
4270.00 1.52764e-05 7.89198e-01 1.01737e-23 2.63656e-10 
4279.01 1.48920e-05 7.90788e-01 8.25685e-24 2.09457e-10 
4289.80 1.39242e-05 7.92700e-01 6.78604e-24 1.61754e-10 
4290.00 1.38941e-05 7.92735e-01 6.76665e-24 1.60959e-10 
4295.89 1.28157e-05 7.93764e-01 6.29471e-24 1.38480e-10 
4310.00 1.15793e-05 7.96171e-01 5.96685e-24 1.19354e-10 
4311.25 1.17558e-05 7.96380e-01 5.99000e-24 1.21710e-10 
4312.78 1.20487e-05 7.96634e-01 6.02932e-24 1.25645e-10 
4329.68 1.68355e-05 7.99400e-01 7.30973e-24 2.14422e-10 
4330.00 1.68830e-05 7.99452e-01 7.34979e-24 2.16235e-10 
4332.81 1.71352e-05 7.99910e-01 7.72624e-24 2.30989e-10 
4346.59 1.62227e-05 8.02163e-01 1.03318e-23 2.94192e-10 
4350.00 1.60786e-05 8.02718e-01 1.11929e-23 3.16347e-10 
4354.47 1.62667e-05 8.03440e-01 1.24722e-23 3.57318e-10 
4363.51 1.72953e-05 8.04875e-01 1.56424e-23 4.78323e-10 
4370.00 1.77604e-05 8.05879e-01 1.84678e-23 5.81492e-10 
4376.25 1.74794e-05 8.06820e-01 2.17036e-23 6.74311e-10 
4380.45 1.70316e-05 8.07438e-01 2.42041e-23 7.33998e-10 
4390.00 1.61295e-05 8.08800e-01 3.09974e-23 8.93667e-10 
4397.40 1.62305e-05 8.09821e-01 3.75193e-23 1.09168e-09 
4398.13 1.62765e-05 8.09920e-01 3.82284e-23 1.11579e-09 
4410.00 1.74277e-05 8.11407e-01 5.17795e-23 1.62554e-09 
4414.36 1.78465e-05 8.11820e-01 5.78241e-23 1.86171e-09 
4420.12 1.82868e-05 8.12180e-01 6.68402e-23 2.20894e-09 
4430.00 1.86489e-05 8.12338e-01 8.55048e-23 2.88872e-09 
4431.33 1.86523e-05 8.12349e-01 8.83643e-23 2.98683e-09 
4442.22 1.84628e-05 8.12830e-01 1.15400e-22 3.87283e-09 
4448.31 1.84219e-05 8.13652e-01 1.33774e-22 4.49019e-09 
4450.00 1.84492e-05 8.13947e-01 1.39320e-22 4.68674e-09 
4464.43 1.92199e-05 8.17120e-01 1.96469e-22 6.93456e-09 
4465.31 1.92670e-05 8.17326e-01 2.00587e-22 7.10048e-09 
4470.00 1.94464e-05 8.18407e-01 2.23916e-22 8.01907e-09 
4482.32 1.94224e-05 8.21075e-01 2.97905e-22 1.07199e-08 
4486.75 1.94981e-05 8.21960e-01 3.29725e-22 1.19358e-08 
4490.00 1.96729e-05 8.22578e-01 3.55032e-22 1.29862e-08 
4499.34 2.07152e-05 8.24229e-01 4.38277e-22 1.69495e-08 
4509.19 2.15159e-05 8.25810e-01 5.45572e-22 2.20046e-08 
4510.00 2.15175e-05 8.25935e-01 5.55472e-22 2.24130e-08 
4516.37 2.11158e-05 8.26890e-01 6.38820e-22 2.53599e-08 
4530.00 1.95068e-05 8.28823e-01 8.57805e-22 3.16270e-08 
4531.73 1.94037e-05 8.29060e-01 8.90150e-22 3.26679e-08 
4533.41 1.93434e-05 8.29289e-01 9.22647e-22 3.37771e-08 
4550.00 2.01502e-05 8.31461e-01 1.30787e-21 5.01902e-08 
4550.47 2.01926e-05 8.31519e-01 1.32065e-21 5.07962e-08 
4554.39 2.05498e-05 8.32000e-01 1.43229e-21 5.61455e-08 
4567.54 2.13420e-05 8.33518e-01 1.87371e-21 7.66403e-08 
4570.00 2.13401e-05 8.33791e-01 1.96928e-21 8.06123e-08 
4577.16 2.10036e-05 8.34570e-01 2.27329e-21 9.18183e-08 
4584.62 2.04544e-05 8.35371e-01 2.63539e-21 1.03929e-07 
4590.00 2.01874e-05 8.35950e-01 2.92918e-21 1.14220e-07 
4600.05 2.03088e-05 8.37050e-01 3.55973e-21 1.40132e-07 
4601.71 2.03723e-05 8.37236e-01 3.67523e-21 1.45216e-07 
4610.00 2.06450e-05 8.38185e-01 4.30527e-21 1.72894e-07 
4618.81 2.06079e-05 8.39242e-01 5.08256e-21 2.04389e-07 
4623.05 2.05114e-05 8.39770e-01 5.50018e-21 2.20487e-07 
4630.00 2.03591e-05 8.40665e-01 6.25440e-21 2.49500e-07 
4635.93 2.03153e-05 8.41447e-01 6.97112e-21 2.78107e-07 
4646.16 2.04329e-05 8.42800e-01 8.38732e-21 3.37828e-07 
4650.00 2.05267e-05 8.43298e-01 8.98278e-21 3.63988e-07 
4653.06 2.06155e-05 8.43684e-01 9.48435e-21 3.86405e-07 
4669.39 2.10357e-05 8.45370e-01 1.26251e-20 5.27743e-07 
4670.00 2.10415e-05 8.45414e-01 1.27580e-20 5.33545e-07 
4670.20 2.10432e-05 8.45429e-01 1.28014e-20 5.35432e-07 
4687.35 2.07397e-05 8.46244e-01 1.71440e-20 7.10005e-07 
4690.00 2.06213e-05 8.46342e-01 1.79230e-20 7.38532e-07 
4692.74 2.04828e-05 8.46450e-01 1.87618e-20 7.68450e-07 
4704.51 1.99339e-05 8.47049e-01 2.27841e-20 9.11107e-07 
4710.00 1.98651e-05 8.47408e-01 2.49113e-20 9.94318e-07 
4716.20 2.00318e-05 8.47880e-01 2.75314e-20 1.11019e-06 
4721.69 2.03160e-05 8.48345e-01 3.00518e-20 1.23113e-06 
4730.00 2.07631e-05 8.48996e-01 3.42646e-20 1.43823e-06 
4738.88 2.10116e-05 8.49372e-01 3.93448e-20 1.67511e-06 
4739.79 2.10243e-05 8.49380e-01 3.98992e-20 1.70008e-06 
4750.00 2.10831e-05 8.49143e-01 4.66505e-20 1.99705e-06 
4756.08 2.10941e-05 8.48943e-01 5.11372e-20 2.19254e-06 
4763.48 2.11027e-05 8.48960e-01 5.71152e-20 2.45372e-06 
4770.00 2.11036e-05 8.49404e-01 6.28819e-20 2.70669e-06 
4773.29 2.11008e-05 8.49773e-01 6.59892e-20 2.84325e-06 
4787.30 2.10242e-05 8.52090e-01 8.07736e-20 3.48729e-06 
4790.00 2.09902e-05 8.52623e-01 8.39356e-20 3.62225e-06 
4790.52 2.09827e-05 8.52728e-01 8.45568e-20 3.64859e-06 
4807.76 2.07621e-05 8.56304e-01 1.07601e-19 4.63002e-06 
4810.00 2.07699e-05 8.56755e-01 1.10971e-19 4.78156e-06 
4811.24 2.07809e-05 8.57000e-01 1.12871e-19 4.86864e-06 
4825.01 2.10229e-05 8.59436e-01 1.35997e-19 5.96839e-06 
4830.00 2.10430e-05 8.60159e-01 1.45348e-19 6.39684e-06 
4835.29 2.09453e-05 8.60810e-01 1.55871e-19 6.84077e-06 
4842.27 2.05826e-05 8.61488e-01 1.70740e-19 7.38004e-06 
4850.00 1.98099e-05 8.62106e-01 1.88639e-19 7.86573e-06 
4859.47 1.84615e-05 8.62890e-01 2.12757e-19 8.29123e-06 
4859.54 1.84517e-05 8.62897e-01 2.12954e-19 8.29467e-06 
4870.00 1.76937e-05 8.64010e-01 2.42639e-19 9.09393e-06 
4876.83 1.82222e-05 8.64802e-01 2.63893e-19 1.02095e-05 
4883.77 1.92162e-05 8.65570e-01 2.87084e-19 1.17397e-05 
4890.00 2.00022e-05 8.66180e-01 3.09375e-19 1.31948e-05 
4894.13 2.02723e-05 8.66553e-01 3.24945e-19 1.40640e-05 
4908.19 2.00767e-05 8.67810e-01 3.83007e-19 1.64880e-05 
4910.00 1.99995e-05 8.67986e-01 3.91095e-19 1.67810e-05 
4911.44 1.99397e-05 8.68130e-01 3.97630e-19 1.70182e-05 
4928.77 1.95719e-05 8.70003e-01 4.83593e-19 2.04313e-05 
4930.00 1.95847e-05 8.70140e-01 4.90269e-19 2.07353e-05 
4932.73 1.96368e-05 8.70440e-01 5.05294e-19 2.14469e-05 
4946.10 2.01707e-05 8.71817e-01 5.84601e-19 2.55972e-05 
4950.00 2.03402e-05 8.72169e-01 6.09564e-19 2.69467e-05 
4957.39 2.05763e-05 8.72750e-01 6.59309e-19 2.95476e-05 
4963.45 2.06396e-05 8.73129e-01 7.02523e-19 3.16335e-05 
4970.00 2.05244e-05 8.73474e-01 7.51819e-19 3.37221e-05 
4980.81 1.98930e-05 8.74023e-01 8.39319e-19 3.65910e-05 
4982.18 1.97886e-05 8.74100e-01 8.50953e-19 3.69168e-05 
4990.00 1.91697e-05 8.74540e-01 9.20008e-19 3.87446e-05 
4998.18 1.86167e-05 8.74733e-01 9.97016e-19 4.08522e-05 
5007.09 1.83493e-05 8.74180e-01 1.08657e-18 4.39328e-05 
5010.00 1.83784e-05 8.73749e-01 1.11719e-18 4.52462e-05 
5015.57 1.86086e-05 8.72590e-01 1.17768e-18 4.82830e-05 
5030.00 1.94206e-05 8.68141e-01 1.34645e-18 5.74823e-05 
5032.12 1.94621e-05 8.67380e-01 1.37282e-18 5.87067e-05 
5032.97 1.94702e-05 8.67075e-01 1.38339e-18 5.91723e-05 
5050.00 1.93886e-05 8.61696e-01 1.61083e-18 6.84171e-05 
5050.38 1.93966e-05 8.61618e-01 1.61619e-18 6.86720e-05 
5057.29 1.96722e-05 8.60780e-01 1.71645e-18 7.39976e-05 
5067.80 2.01069e-05 8.61853e-01 1.87807e-18 8.30296e-05 
5070.00 2.01241e-05 8.62378e-01 1.91328e-18 8.47470e-05 
5082.57 1.96412e-05 8.66640e-01 2.12411e-18 9.25106e-05 
5085.24 1.95088e-05 8.67709e-01 2.17092e-18 9.40769e-05 
5090.00 1.93466e-05 8.69672e-01 2.25651e-18 9.72836e-05 
5102.68 1.95030e-05 8.74764e-01 2.49645e-18 1.09405e-04 
5107.98 1.96176e-05 8.76610e-01 2.60202e-18 1.15063e-04 
5110.00 1.96368e-05 8.77239e-01 2.64298e-18 1.17119e-04 
5120.14 1.94762e-05 8.79825e-01 2.85620e-18 1.26152e-04 
5130.00 1.91740e-05 8.81613e-01 3.07477e-18 1.34228e-04 
5133.52 1.90954e-05 8.82130e-01 3.15569e-18 1.37371e-04 
5137.62 1.90123e-05 8.82673e-01 3.25147e-18 1.41124e-04 
5150.00 1.84850e-05 8.84005e-01 3.55348e-18 1.50542e-04 
5155.10 1.80201e-05 8.84444e-01 3.68324e-18 1.52341e-04 
5159.19 1.75804e-05 8.84760e-01 3.78956e-18 1.53091e-04 
5170.00 1.65625e-05 8.85483e-01 4.08018e-18 1.55740e-04 
5172.60 1.64273e-05 8.85640e-01 4.15219e-18 1.57301e-04 
5184.99 1.64993e-05 8.86340e-01 4.50665e-18 1.72025e-04 
5190.00 1.68190e-05 8.86618e-01 4.65531e-18 1.81375e-04 
5190.11 1.68276e-05 8.86624e-01 4.65859e-18 1.81600e-04 
5207.63 1.84096e-05 8.87461e-01 5.20233e-18 2.22820e-04 
5210.00 1.85445e-05 8.87542e-01 5.27862e-18 2.27869e-04 
5210.91 1.85845e-05 8.87570e-01 5.30822e-18 2.29688e-04 
5225.17 1.87516e-05 8.87799e-01 5.78283e-18 2.53232e-04 
5230.00 1.88623e-05 8.87794e-01 5.94908e-18 2.62291e-04 
5236.97 1.92411e-05 8.87720e-01 6.19344e-18 2.78896e-04 
5242.72 1.95251e-05 8.87609e-01 6.39907e-18 2.92692e-04 
5250.00 1.94431e-05 8.87433e-01 6.66491e-18 3.03932e-04 
5260.28 1.81864e-05 8.87198e-01 7.04950e-18 3.01202e-04 
5263.15 1.77926e-05 8.87150e-01 7.15916e-18 2.99410e-04 
5270.00 1.72294e-05 8.87083e-01 7.42348e-18 3.01007e-04 
5277.85 1.76291e-05 8.87072e-01 7.73210e-18 3.21268e-04 
5289.47 1.91924e-05 8.87130e-01 8.19966e-18 3.71748e-04 
5290.00 1.92591e-05 8.87134e-01 8.22134e-18 3.74064e-04 
5295.43 1.98069e-05 8.87176e-01 8.44436e-18 3.95566e-04 
5310.00 1.98797e-05 8.87442e-01 9.05425e-18 4.26992e-04 
5313.03 1.96067e-05 8.87547e-01 9.18327e-18 4.27424e-04 
5315.92 1.92833e-05 8.87670e-01 9.30661e-18 4.26310e-04 
5330.00 1.79774e-05 8.88558e-01 9.91717e-18 4.25061e-04 
5330.64 1.79692e-05 8.88606e-01 9.94534e-18 4.26149e-04 
5342.50 1.86639e-05 8.89540e-01 1.04690e-17 4.67457e-04 
5348.27 1.91563e-05 8.89989e-01 1.07267e-17 4.92376e-04 
5350.00 1.92662e-05 8.90122e-01 1.08044e-17 4.99024e-04 
5365.90 1.93005e-05 8.91424e-01 1.15229e-17 5.35525e-04 
5369.21 1.92265e-05 8.91730e-01 1.16733e-17 5.40955e-04 
5370.00 1.92116e-05 8.91806e-01 1.17094e-17 5.42334e-04 
5383.55 1.90945e-05 8.92851e-01 1.23293e-17 5.69664e-04 
5390.00 1.89890e-05 8.92790e-01 1.26254e-17 5.80776e-04 
5396.05 1.87841e-05 8.92120e-01 1.29037e-17 5.87391e-04 
5401.21 1.85793e-05 8.90994e-01 1.31410e-17 5.91486e-04 
5410.00 1.83464e-05 8.88474e-01 1.35449e-17 6.01303e-04 
5418.89 1.84377e-05 8.86257e-01 1.39526e-17 6.21948e-04 
5423.03 1.85644e-05 8.85700e-01 1.41424e-17 6.34827e-04 
5430.00 1.88227e-05 8.85730e-01 1.44602e-17 6.58992e-04 
5436.57 1.90498e-05 8.86534e-01 1.47588e-17 6.82157e-04 
5450.00 1.92743e-05 8.88604e-01 1.53634e-17 7.21927e-04 
5450.15 1.92741e-05 8.88620e-01 1.53700e-17 7.22265e-04 
5454.27 1.92417e-05 8.88932e-01 1.55540e-17 7.30487e-04 
5470.00 1.89191e-05 8.89175e-01 1.62464e-17 7.52584e-04 
5471.99 1.88874e-05 8.89238e-01 1.63326e-17 7.55639e-04 
5477.40 1.88294e-05 8.89610e-01 1.65664e-17 7.65176e-04 
5489.71 1.87911e-05 8.91721e-01 1.70892e-17 7.91366e-04 
5490.00 1.87909e-05 8.91784e-01 1.71014e-17 7.92015e-04 
5504.79 1.87819e-05 8.94920e-01 1.77110e-17 8.24953e-04 
5507.45 1.87825e-05 8.95349e-01 1.78184e-17 8.30782e-04 
5510.00 1.87842e-05 8.95703e-01 1.79206e-17 8.36343e-04 
5525.20 1.88482e-05 8.96974e-01 1.85148e-17 8.70641e-04 
5530.00 1.89051e-05 8.97206e-01 1.86968e-17 8.82849e-04 
5532.31 1.89412e-05 8.97310e-01 1.87834e-17 8.89107e-04 
5542.96 1.91091e-05 8.97786e-01 1.91737e-17 9.17875e-04 
5550.00 1.91280e-05 8.98064e-01 1.94231e-17 9.32209e-04 
5559.97 1.89215e-05 8.98340e-01 1.97647e-17 9.40335e-04 
5560.74 1.88973e-05 8.98353e-01 1.97903e-17 9.40491e-04 
5570.00 1.85674e-05 8.98421e-01 2.00933e-17 9.39854e-04 
5578.53 1.82915e-05 8.98358e-01 2.03606e-17 9.39576e-04 
5587.77 1.81600e-05 8.98190e-01 2.06372e-17 9.46886e-04 
5590.00 1.81702e-05 8.98139e-01 2.07018e-17 9.50704e-04 
5596.33 1.82945e-05 8.97972e-01 2.08807e-17 9.66396e-04 
5610.00 1.86986e-05 8.97494e-01 2.12439e-17 1.00684e-03 
5614.14 1.87584e-05 8.97313e-01 2.13475e-17 1.01553e-03 
5615.71 1.87705e-05 8.97240e-01 2.13859e-17 1.01822e-03 
5630.00 1.87659e-05 8.96552e-01 2.17158e-17 1.03550e-03 
5631.97 1.87676e-05 8.96474e-01 2.17584e-17 1.03790e-03 
5643.79 1.87773e-05 8.96250e-01 2.19987e-17 1.05185e-03 
5649.81 1.87141e-05 8.96317e-01 2.21112e-17 1.05487e-03 
5650.00 1.87107e-05 8.96319e-01 2.21146e-17 1.05488e-03 
5667.66 1.82897e-05 8.94807e-01 2.24045e-17 1.04616e-03 
5670.00 1.82775e-05 8.94156e-01 2.24384e-17 1.04672e-03 
5672.01 1.82858e-05 8.93470e-01 2.24668e-17 1.04808e-03 
5685.53 1.85118e-05 8.86605e-01 2.26377e-17 1.06342e-03 
5690.00 1.85129e-05 8.84139e-01 2.26865e-17 1.06365e-03 
5700.37 1.82319e-05 8.79880e-01 2.27853e-17 1.04891e-03 
5703.41 1.81526e-05 8.79304e-01 2.28105e-17 1.04537e-03 
5710.00 1.81416e-05 8.79049e-01 2.28590e-17 1.04786e-03 
5721.30 1.87505e-05 8.80281e-01 2.29234e-17 1.08976e-03 
5728.87 1.91250e-05 8.81000e-01 2.29534e-17 1.11536e-03 
5730.00 1.91475e-05 8.81031e-01 2.29570e-17 1.11711e-03 
5739.21 1.89699e-05 8.80571e-01 2.29777e-17 1.10895e-03 
5750.00 1.85590e-05 8.79429e-01 2.29829e-17 1.08580e-03 
5757.13 1.85569e-05 8.79097e-01 2.29753e-17 1.08626e-03 
5757.52 1.85622e-05 8.79100e-01 2.29746e-17 1.08661e-03 
5770.00 1.87067e-05 8.80550e-01 2.29398e-17 1.09759e-03 
5775.06 1.86184e-05 8.81767e-01 2.29184e-17 1.09385e-03 
5786.30 1.82665e-05 8.85410e-01 2.28564e-17 1.07679e-03 
5790.00 1.81976e-05 8.86811e-01 2.28317e-17 1.07396e-03 
5793.00 1.81857e-05 8.87987e-01 2.28102e-17 1.07422e-03 
5810.00 1.85615e-05 8.94354e-01 2.26638e-17 1.10041e-03 
5810.96 1.85875e-05 8.94654e-01 2.26543e-17 1.10204e-03 
5815.23 1.86897e-05 8.95860e-01 2.26106e-17 1.10827e-03 
5828.93 1.87749e-05 8.98422e-01 2.24548e-17 1.11142e-03 
5830.00 1.87601e-05 8.98586e-01 2.24416e-17 1.11031e-03 
5844.31 1.84017e-05 9.01360e-01 2.22530e-17 1.08593e-03 
5846.91 1.83581e-05 9.02097e-01 2.22163e-17 1.08294e-03 
5850.00 1.83391e-05 9.02979e-01 2.21718e-17 1.08128e-03 
5864.91 1.84857e-05 9.02357e-01 2.19438e-17 1.08071e-03 
5870.00 1.83427e-05 8.98183e-01 2.18613e-17 1.06430e-03 
5873.53 1.81108e-05 8.93460e-01 2.18028e-17 1.04315e-03 
5882.91 1.72911e-05 8.73875e-01 2.16428e-17 9.68501e-04 
5890.00 1.69513e-05 8.56097e-01 2.15178e-17 9.25898e-04 
5900.94 1.74785e-05 8.33077e-01 2.13190e-17 9.22146e-04 
5902.90 1.76381e-05 8.30400e-01 2.12826e-17 9.26305e-04 
5910.00 1.81315e-05 8.25591e-01 2.11495e-17 9.41912e-04 
5918.97 1.82711e-05 8.27345e-01 2.09785e-17 9.44922e-04 
5930.00 1.80745e-05 8.33947e-01 2.07649e-17 9.34356e-04 
5932.41 1.80452e-05 8.35130e-01 2.07178e-17 9.32422e-04 
5937.02 1.80233e-05 8.36581e-01 2.06276e-17 9.29571e-04 
5950.00 1.80837e-05 8.37725e-01 2.03726e-17 9.24436e-04 
5955.08 1.81059e-05 8.38411e-01 2.02728e-17 9.22575e-04 
5962.08 1.81149e-05 8.41020e-01 2.01358e-17 9.20729e-04 
5970.00 1.80955e-05 8.47329e-01 1.99817e-17 9.20772e-04 
5973.16 1.80792e-05 8.50649e-01 1.99207e-17 9.21216e-04 
5990.00 1.79071e-05 8.71384e-01 1.96013e-17 9.22292e-04 
5991.24 1.78885e-05 8.72874e-01 1.95782e-17 9.22016e-04 
5991.89 1.78787e-05 8.73630e-01 1.95662e-17 9.21845e-04 
6009.34 1.76194e-05 8.90429e-01 1.92518e-17 9.13722e-04 
6010.00 1.76129e-05 8.90929e-01 1.92404e-17 9.13453e-04 
6021.85 1.75721e-05 8.98540e-01 1.90396e-17 9.11323e-04 
6027.46 1.76056e-05 9.01284e-01 1.89485e-17 9.12316e-04 
6030.00 1.76323e-05 9.02367e-01 1.89082e-17 9.13236e-04 
6045.59 1.78706e-05 9.07233e-01 1.86750e-17 9.21466e-04 
6050.00 1.79172e-05 9.08177e-01 1.86137e-17 9.22468e-04 
6051.96 1.79290e-05 9.08550e-01 1.85872e-17 9.22439e-04 
6063.73 1.78831e-05 9.10351e-01 1.84379e-17 9.16273e-04 
6070.00 1.77862e-05 9.11078e-01 1.83656e-17 9.09401e-04 
6081.88 1.75279e-05 9.12239e-01 1.82437e-17 8.93123e-04 
6082.21 1.75209e-05 9.12270e-01 1.82406e-17 8.92696e-04 
6090.00 1.73977e-05 9.13000e-01 1.81725e-17 8.84946e-04 
6100.05 1.73571e-05 9.13938e-01 1.80988e-17 8.81661e-04 
6110.00 1.72391e-05 9.14840e-01 1.80426e-17 8.75233e-04 
6112.63 1.71624e-05 9.15070e-01 1.80306e-17 8.71352e-04 
6118.23 1.69542e-05 9.15547e-01 1.80093e-17 8.61003e-04 
6130.00 1.66314e-05 9.16481e-01 1.79838e-17 8.45893e-04 
6136.42 1.66864e-05 9.16946e-01 1.79812e-17 8.49893e-04 
6143.19 1.68200e-05 9.17400e-01 1.79875e-17 8.58370e-04 
6150.00 1.68501e-05 9.17817e-01 1.80035e-17 8.62014e-04 
6154.63 1.67370e-05 9.18080e-01 1.80200e-17 8.57907e-04 
6170.00 1.62861e-05 9.18872e-01 1.81089e-17 8.41726e-04 
6172.85 1.63241e-05 9.19009e-01 1.81312e-17 8.45250e-04 
6173.91 1.63515e-05 9.19060e-01 1.81400e-17 8.47271e-04 
6190.00 1.70726e-05 9.19724e-01 1.83062e-17 8.95716e-04 
6191.08 1.71061e-05 9.19755e-01 1.83196e-17 8.98314e-04 
6204.77 1.71679e-05 9.19880e-01 1.85146e-17 9.13299e-04 
6209.33 1.71013e-05 9.19788e-01 1.85899e-17 9.14032e-04 
6210.00 1.70903e-05 9.19770e-01 1.86015e-17 9.14095e-04 
6227.59 1.67192e-05 9.19367e-01 1.89464e-17 9.13004e-04 
6230.00 1.66465e-05 9.19385e-01 1.90001e-17 9.11983e-04 
6235.80 1.64511e-05 9.19580e-01 1.91357e-17 9.08745e-04 
6245.86 1.61926e-05 9.20250e-01 1.93927e-17 9.08608e-04 
6250.00 1.61792e-05 9.20352e-01 1.95067e-17 9.13898e-04 
6264.15 1.65932e-05 9.17817e-01 1.99324e-17 9.57264e-04 
6266.98 1.66983e-05 9.16480e-01 2.00245e-17 9.66800e-04 
6270.00 1.67946e-05 9.14670e-01 2.01253e-17 9.75812e-04 
6282.45 1.69294e-05 9.04940e-01 2.05683e-17 9.96578e-04 
6290.00 1.68317e-05 8.99351e-01 2.08592e-17 9.99837e-04 
6298.31 1.66186e-05 8.95730e-01 2.11988e-17 1.00053e-03 
6300.76 1.65500e-05 8.95445e-01 2.13027e-17 1.00135e-03 
6310.00 1.63469e-05 8.97318e-01 2.17111e-17 1.01162e-03 
6319.09 1.63139e-05 9.02120e-01 2.21377e-17 1.03641e-03 
6329.80 1.63872e-05 9.08730e-01 2.26728e-17 1.07587e-03 
6330.00 1.63886e-05 9.08841e-01 2.26829e-17 1.07660e-03 
6337.43 1.64227e-05 9.12543e-01 2.30745e-17 1.10323e-03 
6350.00 1.64057e-05 9.17128e-01 2.37756e-17 1.14355e-03 
6355.78 1.63695e-05 9.18803e-01 2.41140e-17 1.16043e-03 
6361.45 1.63339e-05 9.20340e-01 2.44560e-17 1.17734e-03 
6370.00 1.63225e-05 9.22610e-01 2.49897e-17 1.20678e-03 
6374.15 1.63483e-05 9.23662e-01 2.52566e-17 1.22379e-03 
6390.00 1.63992e-05 9.26942e-01 2.63246e-17 1.28724e-03 
6392.53 1.63630e-05 9.27305e-01 2.65019e-17 1.29407e-03 
6393.26 1.63497e-05 9.27400e-01 2.65536e-17 1.29582e-03 
6410.00 1.60102e-05 9.28819e-01 2.77792e-17 1.33300e-03 
6410.92 1.60052e-05 9.28893e-01 2.78490e-17 1.33623e-03 
6425.23 1.61197e-05 9.30880e-01 2.89655e-17 1.40586e-03 
6429.33 1.61467e-05 9.31876e-01 2.92967e-17 1.42675e-03 
6430.00 1.61478e-05 9.32047e-01 2.93513e-17 1.42993e-03 
6447.75 1.59543e-05 9.33372e-01 3.08428e-17 1.49079e-03 
6450.00 1.59318e-05 9.32584e-01 3.10382e-17 1.49738e-03 
6457.35 1.59041e-05 9.27440e-01 3.16866e-17 1.51932e-03 
6466.18 1.58935e-05 9.15687e-01 3.24849e-17 1.53893e-03 
6470.00 1.58688e-05 9.09455e-01 3.28363e-17 1.54350e-03 
6484.63 1.56657e-05 8.86592e-01 3.42198e-17 1.55153e-03 
6489.64 1.56432e-05 8.81490e-01 3.47060e-17 1.56348e-03 
6490.00 1.56440e-05 8.81216e-01 3.47412e-17 1.56475e-03 
6503.09 1.58417e-05 8.79028e-01 3.60438e-17 1.64315e-03 
6510.00 1.59542e-05 8.82229e-01 3.67479e-17 1.69509e-03 
6521.57 1.59681e-05 8.90144e-01 3.79528e-17 1.77105e-03 
6522.09 1.59655e-05 8.90500e-01 3.80075e-17 1.77417e-03 
6530.00 1.59257e-05 8.95434e-01 3.88503e-17 1.82123e-03 
6540.06 1.58579e-05 9.00471e-01 3.99419e-17 1.87780e-03 
6550.00 1.54273e-05 9.04275e-01 4.10422e-17 1.88792e-03 
6554.70 1.50002e-05 9.05720e-01 4.15693e-17 1.86355e-03 
6558.56 1.46042e-05 9.06767e-01 4.20059e-17 1.83661e-03 
6570.00 1.39061e-05 9.09649e-01 4.33162e-17 1.81226e-03 
6577.08 1.42776e-05 9.11762e-01 4.41390e-17 1.90245e-03 
6587.47 1.53337e-05 9.16210e-01 4.53640e-17 2.11347e-03 
6590.00 1.55400e-05 9.17637e-01 4.56647e-17 2.16029e-03 
6595.61 1.57975e-05 9.21227e-01 4.63352e-17 2.23895e-03 
6610.00 1.57227e-05 9.31495e-01 4.80793e-17 2.34310e-03 
6614.15 1.56683e-05 9.34262e-01 4.85876e-17 2.36818e-03 
6620.41 1.56186e-05 9.37860e-01 4.93592e-17 2.40966e-03 
6630.00 1.55937e-05 9.41605e-01 5.05511e-17 2.47733e-03 
6632.71 1.55929e-05 9.42329e-01 5.08894e-17 2.49672e-03 
6650.00 1.55373e-05 9.44943e-01 5.30708e-17 2.60845e-03 
6651.28 1.55236e-05 9.45069e-01 5.32330e-17 2.61495e-03 
6653.51 1.54959e-05 9.45290e-01 5.35174e-17 2.62573e-03 
6669.86 1.53402e-05 9.47103e-01 5.56109e-17 2.71287e-03 
6670.00 1.53406e-05 9.47119e-01 5.56289e-17 2.71391e-03 
6686.78 1.55149e-05 9.49020e-01 5.77971e-17 2.86465e-03 
6688.46 1.55193e-05 9.49194e-01 5.80150e-17 2.87751e-03 
6690.00 1.55165e-05 9.49350e-01 5.82152e-17 2.88806e-03 
6707.07 1.52374e-05 9.50810e-01 6.04372e-17 2.95642e-03 
6710.00 1.52081e-05 9.51010e-01 6.08194e-17 2.97132e-03 
6720.21 1.52568e-05 9.51580e-01 6.21528e-17 3.05264e-03 
6725.70 1.53149e-05 9.51808e-01 6.28690e-17 3.10285e-03 
6730.00 1.53394e-05 9.51965e-01 6.34312e-17 3.13814e-03 
6744.33 1.52194e-05 9.52546e-01 6.53019e-17 3.21420e-03 
6750.00 1.51575e-05 9.52883e-01 6.60399e-17 3.24115e-03 
6753.81 1.51335e-05 9.53170e-01 6.65361e-17 3.26317e-03 
6762.99 1.51216e-05 9.54024e-01 6.77272e-17 3.32647e-03 
6770.00 1.51256e-05 9.54615e-01 6.86349e-17 3.37753e-03 
6781.65 1.50977e-05 9.54851e-01 7.01364e-17 3.45183e-03 
6787.58 1.50639e-05 9.54350e-01 7.08965e-17 3.48264e-03 
6790.00 1.50464e-05 9.53990e-01 7.12055e-17 3.49369e-03 
6800.33 1.49633e-05 9.52076e-01 7.25208e-17 3.53684e-03 
6810.00 1.49323e-05 9.51318e-01 7.37413e-17 3.59116e-03 
6819.03 1.49798e-05 9.53302e-01 7.48718e-17 3.67030e-03 
6821.52 1.49939e-05 9.54530e-01 7.51820e-17 3.69508e-03 
6830.00 1.49887e-05 9.60495e-01 7.62318e-17 3.77345e-03 
6837.74 1.48735e-05 9.65110e-01 7.71809e-17 3.81360e-03 
6850.00 1.46731e-05 9.60790e-01 7.86668e-17 3.82433e-03 
6855.63 1.46629e-05 9.50330e-01 7.93407e-17 3.81558e-03 
6856.46 1.46660e-05 9.48193e-01 7.94397e-17 3.81301e-03 
6870.00 1.47734e-05 8.98378e-01 8.10366e-17 3.71963e-03 
6875.19 1.47948e-05 8.76908e-01 8.16403e-17 3.66587e-03 
6889.91 1.47605e-05 8.35390e-01 8.33210e-17 3.56354e-03 
6890.00 1.47600e-05 8.35292e-01 8.33316e-17 3.56350e-03 
6893.94 1.47379e-05 8.33510e-01 8.37746e-17 3.57150e-03 
6910.00 1.46449e-05 8.56565e-01 8.55427e-17 3.73276e-03 
6912.71 1.46329e-05 8.62165e-01 8.58352e-17 3.76840e-03 
6924.36 1.45935e-05 8.78300e-01 8.70733e-17 3.89037e-03 
6930.00 1.45752e-05 8.77141e-01 8.76613e-17 3.90974e-03 
6931.49 1.45698e-05 8.75897e-01 8.78147e-17 3.91043e-03 
6950.00 1.44974e-05 8.48732e-01 8.96792e-17 3.86066e-03 
6950.28 1.44965e-05 8.48397e-01 8.97064e-17 3.86022e-03 
6958.98 1.44751e-05 8.43710e-01 9.05503e-17 3.87412e-03 
6969.08 1.44709e-05 8.56081e-01 9.15037e-17 3.97692e-03 
6970.00 1.44718e-05 8.57908e-01 9.15889e-17 3.98990e-03 
6987.90 1.44286e-05 8.96219e-01 9.32007e-17 4.23962e-03 
6990.00 1.43992e-05 8.99184e-01 9.33835e-17 4.25457e-03 
6993.77 1.43266e-05 9.02590e-01 9.37085e-17 4.26627e-03 
7006.73 1.40432e-05 8.95268e-01 9.47918e-17 4.20366e-03 
7010.00 1.40070e-05 8.90477e-01 9.50564e-17 4.18399e-03 
7025.58 1.41273e-05 8.67838e-01 9.62719e-17 4.17450e-03 
7028.74 1.41681e-05 8.65600e-01 9.65088e-17 4.18790e-03 
7030.00 1.41820e-05 8.65121e-01 9.66022e-17 4.19450e-03 
7044.44 1.42254e-05 8.73423e-01 9.76365e-17 4.30202e-03 
7050.00 1.42024e-05 8.80922e-01 9.80157e-17 4.35217e-03 
7063.32 1.41122e-05 8.99909e-01 9.88815e-17 4.46519e-03 
7063.88 1.41079e-05 9.00590e-01 9.89170e-17 4.46919e-03 
7070.00 1.40638e-05 9.06742e-01 9.92927e-17 4.50658e-03 
7082.21 1.39990e-05 9.14057e-01 1.00003e-16 4.56223e-03 
7090.00 1.39849e-05 9.16772e-01 1.00430e-16 4.59571e-03 
7099.20 1.39957e-05 9.19710e-01 1.00905e-16 4.64185e-03 
7101.11 1.39978e-05 9.20425e-01 1.01000e-16 4.65176e-03 
7110.00 1.39828e-05 9.24192e-01 1.01423e-16 4.69123e-03 
7120.03 1.38924e-05 9.28206e-01 1.01867e-16 4.70827e-03 
7130.00 1.37757e-05 9.30364e-01 1.02272e-16 4.70475e-03 
7134.70 1.37312e-05 9.30280e-01 1.02450e-16 4.70041e-03 
7138.96 1.37007e-05 9.29329e-01 1.02605e-16 4.69502e-03 
7150.00 1.36701e-05 9.19510e-01 1.02974e-16 4.65891e-03 
7157.90 1.36847e-05 9.02014e-01 1.03211e-16 4.59075e-03 
7170.00 1.36339e-05 8.49802e-01 1.03529e-16 4.32954e-03 
7170.37 1.36288e-05 8.47590e-01 1.03538e-16 4.31724e-03 
7176.86 1.35074e-05 8.03892e-01 1.03685e-16 4.06766e-03 
7190.00 1.32908e-05 7.04888e-01 1.03936e-16 3.52442e-03 
7195.84 1.33091e-05 6.67358e-01 1.04027e-16 3.34700e-03 
7206.23 1.34480e-05 6.29740e-01 1.04158e-16 3.19994e-03 
7210.00 1.34909e-05 6.29056e-01 1.04196e-16 3.20951e-03 
7214.83 1.35158e-05 6.37509e-01 1.04237e-16 3.26210e-03 
7230.00 1.34799e-05 7.01912e-01 1.04310e-16 3.59218e-03 
7233.83 1.34743e-05 7.19921e-01 1.04315e-16 3.68495e-03 
7242.26 1.34825e-05 7.50150e-01 1.04309e-16 3.84624e-03 
7250.00 1.35031e-05 7.58904e-01 1.04280e-16 3.90017e-03 
7252.84 1.35108e-05 7.57949e-01 1.04265e-16 3.89843e-03 
7270.00 1.34401e-05 7.25406e-01 1.04109e-16 3.71475e-03 
7271.87 1.34091e-05 7.20766e-01 1.04086e-16 3.68261e-03 
7278.47 1.32729e-05 7.05860e-01 1.03995e-16 3.56992e-03 
7290.00 1.30930e-05 6.91320e-01 1.03799e-16 3.44797e-03 
7290.92 1.30902e-05 6.90909e-01 1.03782e-16 3.44502e-03 
7309.98 1.32599e-05 7.10773e-01 1.03355e-16 3.58460e-03 
7310.00 1.32601e-05 7.10831e-01 1.03354e-16 3.58492e-03 
7314.86 1.32676e-05 7.25440e-01 1.03226e-16 3.65856e-03 
7329.05 1.31849e-05 7.87031e-01 1.02808e-16 3.93609e-03 
7330.00 1.31802e-05 7.91655e-01 1.02778e-16 3.95716e-03 
7348.14 1.31923e-05 8.70265e-01 1.02145e-16 4.33799e-03 
7350.00 1.31987e-05 8.75816e-01 1.02074e-16 4.36587e-03 
7351.43 1.32036e-05 8.79580e-01 1.02019e-16 4.38474e-03 
7367.24 1.32014e-05 8.95539e-01 1.01370e-16 4.44468e-03 
7370.00 1.31804e-05 8.95161e-01 1.01249e-16 4.43210e-03 
7386.36 1.29293e-05 8.91224e-01 1.00486e-16 4.30550e-03 
7388.19 1.28975e-05 8.91730e-01 1.00396e-16 4.29453e-03 
7390.00 1.28673e-05 8.92613e-01 1.00306e-16 4.28594e-03 
7405.49 1.26985e-05 9.12009e-01 9.94989e-17 4.29581e-03 
7410.00 1.26903e-05 9.19957e-01 9.92514e-17 4.32232e-03 
7424.63 1.27728e-05 9.44450e-01 9.84125e-17 4.43724e-03 
7425.13 1.27762e-05 9.45130e-01 9.83827e-17 4.44057e-03 
7430.00 1.28019e-05 9.50829e-01 9.80908e-17 4.46597e-03 
7443.79 1.27999e-05 9.60186e-01 9.72319e-17 4.47803e-03 
7450.00 1.27998e-05 9.62245e-01 9.68299e-17 4.47279e-03 
7462.26 1.28470e-05 9.65030e-01 9.60102e-17 4.47152e-03 
7462.96 1.28495e-05 9.65201e-01 9.59622e-17 4.47136e-03 
7470.00 1.28564e-05 9.67116e-01 9.54749e-17 4.46408e-03 
7482.15 1.27766e-05 9.70227e-01 9.46085e-17 4.41742e-03 
7490.00 1.27188e-05 9.71155e-01 9.40319e-17 4.37942e-03 
7499.57 1.26988e-05 9.70030e-01 9.33122e-17 4.33957e-03 
7501.35 1.26994e-05 9.69466e-01 9.31762e-17 4.33195e-03 
7510.00 1.27042e-05 9.65780e-01 9.25072e-17 4.29105e-03 
7520.57 1.26921e-05 9.62322e-01 9.16709e-17 4.23897e-03 
7530.00 1.26831e-05 9.64231e-01 9.09072e-17 4.21426e-03 
7537.07 1.26893e-05 9.71100e-01 9.03250e-17 4.22313e-03 
7539.80 1.26921e-05 9.75313e-01 9.00979e-17 4.23325e-03 
7550.00 1.26805e-05 9.93984e-01 8.92383e-17 4.27502e-03 
7559.04 1.26218e-05 1.00413e+00 8.84629e-17 4.26641e-03 
7570.00 1.25428e-05 9.90592e-01 8.75069e-17 4.14335e-03 
7574.75 1.25253e-05 9.70960e-01 8.70869e-17 4.03864e-03 
7578.30 1.25183e-05 9.49632e-01 8.67713e-17 3.93525e-03 
7590.00 1.24981e-05 8.48604e-01 8.57193e-17 3.47369e-03 
7597.58 1.24638e-05 7.69907e-01 8.50288e-17 3.12071e-03 
7610.00 1.24089e-05 6.46313e-01 8.38818e-17 2.57722e-03 
7612.63 1.24050e-05 6.24240e-01 8.36371e-17 2.48203e-03 
7616.86 1.24057e-05 5.93352e-01 8.32408e-17 2.34947e-03 
7630.00 1.24353e-05 5.35478e-01 8.20006e-17 2.09731e-03 
7636.17 1.24458e-05 5.28125e-01 8.14127e-17 2.05708e-03 
7650.00 1.23644e-05 5.57858e-01 8.00819e-17 2.12724e-03 
7650.69 1.23540e-05 5.61020e-01 8.00151e-17 2.13590e-03 
7655.48 1.22666e-05 5.87121e-01 7.95499e-17 2.20794e-03 
7670.00 1.20506e-05 6.96315e-01 7.81315e-17 2.53139e-03 
7674.82 1.20696e-05 7.36959e-01 7.76577e-17 2.66879e-03 
7688.94 1.22333e-05 8.46530e-01 7.62601e-17 3.05684e-03 
7690.00 1.22381e-05 8.53349e-01 7.61552e-17 3.07885e-03 
7694.16 1.22341e-05 8.77744e-01 7.57411e-17 3.15034e-03 
7710.00 1.20899e-05 9.39704e-01 7.41586e-17 3.27004e-03 
7713.52 1.20780e-05 9.48085e-01 7.38051e-17 3.28175e-03 
7727.39 1.20888e-05 9.68170e-01 7.24104e-17 3.29679e-03 
7730.00 1.20814e-05 9.70310e-01 7.21471e-17 3.29115e-03 
7732.90 1.20637e-05 9.72254e-01 7.18546e-17 3.28081e-03 
7750.00 1.19247e-05 9.76725e-01 7.01259e-17 3.18656e-03 
7752.29 1.19249e-05 9.76700e-01 6.98942e-17 3.17696e-03 
7766.03 1.20169e-05 9.75550e-01 6.85027e-17 3.13959e-03 
7770.00 1.20428e-05 9.75282e-01 6.80999e-17 3.12859e-03 
7771.69 1.20499e-05 9.75203e-01 6.79283e-17 3.12298e-03 
7790.00 1.20228e-05 9.75344e-01 6.60739e-17 3.03845e-03 
7791.11 1.20187e-05 9.75394e-01 6.59613e-17 3.03285e-03 
7804.86 1.19657e-05 9.76140e-01 6.45718e-17 2.96334e-03 
7810.00 1.19378e-05 9.76405e-01 6.40524e-17 2.93538e-03 
7810.55 1.19344e-05 9.76430e-01 6.39972e-17 2.93228e-03 
7830.00 1.17989e-05 9.76471e-01 6.20399e-17 2.81746e-03 
7830.00 1.17989e-05 9.76470e-01 6.20395e-17 2.81744e-03 
7843.88 1.17645e-05 9.74730e-01 6.06498e-17 2.74626e-03 
7849.46 1.17709e-05 9.73405e-01 6.00932e-17 2.72077e-03 
7850.00 1.17721e-05 9.73254e-01 6.00393e-17 2.71837e-03 
7868.94 1.18244e-05 9.64535e-01 5.81604e-17 2.62763e-03 
7870.00 1.18246e-05 9.63812e-01 5.80555e-17 2.62132e-03 
7883.10 1.17832e-05 9.52350e-01 5.67667e-17 2.52798e-03 
7888.43 1.17516e-05 9.46260e-01 5.62448e-17 2.48372e-03 
7890.00 1.17416e-05 9.44361e-01 5.60914e-17 2.47037e-03 
7907.94 1.16014e-05 9.23837e-01 5.43495e-17 2.31894e-03 
7910.00 1.15796e-05 9.22082e-01 5.41505e-17 2.30231e-03 
7922.51 1.14290e-05 9.17210e-01 5.29490e-17 2.21371e-03 
7927.46 1.13774e-05 9.18746e-01 5.24772e-17 2.18911e-03 
7930.00 1.13565e-05 9.20219e-01 5.22355e-17 2.17921e-03 
7947.00 1.13362e-05 9.35536e-01 5.06306e-17 2.14816e-03 
7950.00 1.13520e-05 9.38150e-01 5.03493e-17 2.14599e-03 
7962.13 1.14493e-05 9.43720e-01 4.92206e-17 2.13168e-03 
7966.55 1.14837e-05 9.42745e-01 4.88121e-17 2.11933e-03 
7970.00 1.15046e-05 9.40868e-01 4.84942e-17 2.10606e-03 
7986.11 1.15025e-05 9.23985e-01 4.70238e-17 2.00925e-03 
7990.00 1.14794e-05 9.19078e-01 4.66726e-17 1.98063e-03 
8001.94 1.13773e-05 9.05820e-01 4.56020e-17 1.89315e-03 
8005.70 1.13474e-05 9.02911e-01 4.52676e-17 1.86918e-03 
8010.00 1.13220e-05 9.00469e-01 4.48863e-17 1.84527e-03 
8025.29 1.12986e-05 8.98483e-01 4.35455e-17 1.78591e-03 
8030.00 1.12853e-05 8.99643e-01 4.31372e-17 1.77040e-03 
8041.95 1.12071e-05 9.05420e-01 4.21106e-17 1.72989e-03 
8044.90 1.11904e-05 9.07351e-01 4.18589e-17 1.72129e-03 
8050.00 1.11777e-05 9.11005e-01 4.14267e-17 1.70952e-03 
8064.53 1.12349e-05 9.22404e-01 4.02092e-17 1.69167e-03 
8070.00 1.12321e-05 9.26526e-01 3.97563e-17 1.68082e-03 
8082.16 1.11044e-05 9.33980e-01 3.87609e-17 1.63560e-03 
8084.17 1.10797e-05 9.34872e-01 3.85976e-17 1.62704e-03 
8090.00 1.10270e-05 9.36549e-01 3.81269e-17 1.60358e-03 
8103.83 1.10569e-05 9.31543e-01 3.70252e-17 1.55577e-03 
8110.00 1.10956e-05 9.23286e-01 3.65397e-17 1.52826e-03 
8122.57 1.11273e-05 8.90330e-01 3.55641e-17 1.44068e-03 
8123.50 1.11268e-05 8.86891e-01 3.54928e-17 1.43234e-03 
8130.00 1.11130e-05 8.59178e-01 3.49953e-17 1.36754e-03 
8143.18 1.10517e-05 7.92068e-01 3.40011e-17 1.22012e-03 
8150.00 1.10320e-05 7.57258e-01 3.34942e-17 1.14802e-03 
8162.88 1.10304e-05 7.04404e-01 3.25507e-17 1.03929e-03 
8163.18 1.10296e-05 7.03500e-01 3.25289e-17 1.03723e-03 
8170.00 1.09844e-05 6.87674e-01 3.20370e-17 9.95306e-04 
8182.60 1.07658e-05 6.78728e-01 3.11418e-17 9.37345e-04 
8190.00 1.06580e-05 6.82669e-01 3.06239e-17 9.18654e-04 
8202.33 1.06502e-05 6.98243e-01 2.97749e-17 9.14274e-04 
8204.00 1.06576e-05 7.00830e-01 2.96612e-17 9.14975e-04 
8210.00 1.06792e-05 7.10477e-01 2.92549e-17 9.17392e-04 
8222.07 1.06619e-05 7.30482e-01 2.84500e-17 9.17126e-04 
8230.00 1.06441e-05 7.43117e-01 2.79301e-17 9.15297e-04 
8241.83 1.06680e-05 7.59533e-01 2.71671e-17 9.13310e-04 
8245.02 1.06814e-05 7.63200e-01 2.69644e-17 9.12374e-04 
8250.00 1.07041e-05 7.68159e-01 2.66493e-17 9.10052e-04 
8261.61 1.07488e-05 7.76419e-01 2.59261e-17 8.99877e-04 
8270.00 1.07630e-05 7.80060e-01 2.54123e-17 8.88247e-04 
8281.40 1.07418e-05 7.82781e-01 2.47268e-17 8.66784e-04 
8286.24 1.07156e-05 7.83410e-01 2.44397e-17 8.55822e-04 
8290.00 1.06874e-05 7.83772e-01 2.42187e-17 8.46621e-04 
8301.20 1.05717e-05 7.85042e-01 2.35689e-17 8.17410e-04 
8310.00 1.04833e-05 7.87391e-01 2.30681e-17 7.96570e-04 
8321.02 1.04206e-05 7.93877e-01 2.24520e-17 7.78039e-04 
8327.67 1.04059e-05 8.00550e-01 2.20866e-17 7.71335e-04 
8330.00 1.04038e-05 8.03483e-01 2.19598e-17 7.69774e-04 
8340.86 1.04109e-05 8.20612e-01 2.13756e-17 7.66791e-04 
8350.00 1.04396e-05 8.37812e-01 2.08933e-17 7.68152e-04 
8360.71 1.04836e-05 8.58615e-01 2.03391e-17 7.70560e-04 
8369.31 1.04694e-05 8.73960e-01 1.99025e-17 7.67246e-04 
8370.00 1.04645e-05 8.75086e-01 1.98679e-17 7.66603e-04 
8380.58 1.03386e-05 8.90296e-01 1.93420e-17 7.51092e-04 
8390.00 1.02622e-05 9.01151e-01 1.88828e-17 7.37547e-04 
8400.46 1.03316e-05 9.11172e-01 1.83835e-17 7.31848e-04 
8410.00 1.03896e-05 9.19309e-01 1.79371e-17 7.25326e-04 
8411.16 1.03869e-05 9.20270e-01 1.78836e-17 7.23829e-04 
8420.35 1.02968e-05 9.27848e-01 1.74629e-17 7.07210e-04 
8430.00 1.01884e-05 9.35586e-01 1.70302e-17 6.88904e-04 
8440.26 1.01901e-05 9.43397e-01 1.65794e-17 6.77208e-04 
8450.00 1.02208e-05 9.50228e-01 1.61609e-17 6.67666e-04 
8453.21 1.02162e-05 9.52330e-01 1.60247e-17 6.63456e-04 
8460.19 1.01834e-05 9.56580e-01 1.57322e-17 6.52694e-04 
8470.00 1.01375e-05 9.61665e-01 1.53285e-17 6.37179e-04 
8480.13 1.01273e-05 9.65540e-01 1.49205e-17 6.22837e-04 
8490.00 1.00100e-05 9.67665e-01 1.45319e-17 6.01605e-04 
8495.48 9.84817e-06 9.68030e-01 1.43197e-17 5.83835e-04 
8500.09 9.69873e-06 9.67860e-01 1.41433e-17 5.68099e-04 
8510.00 9.56207e-06 9.66413e-01 1.37701e-17 5.45134e-04 
8520.06 9.83454e-06 9.64270e-01 1.33997e-17 5.45022e-04 
8530.00 9.83429e-06 9.62498e-01 1.30421e-17 5.30106e-04 
8537.96 9.23314e-06 9.62000e-01 1.27617e-17 4.87202e-04 
8540.05 9.04069e-06 9.62074e-01 1.26888e-17 4.74476e-04 
8550.00 8.49502e-06 9.63532e-01 1.23470e-17 4.34991e-04 
8560.05 9.13694e-06 9.66348e-01 1.20097e-17 4.56945e-04 
8570.00 1.00234e-05 9.69777e-01 1.16836e-17 4.89968e-04 
8580.07 1.01259e-05 9.73200e-01 1.13613e-17 4.83589e-04 
8580.65 1.01125e-05 9.73380e-01 1.13430e-17 4.82297e-04 
8590.00 9.83935e-06 9.75956e-01 1.10509e-17 4.58894e-04 
8600.10 9.75161e-06 9.78107e-01 1.07427e-17 4.43613e-04 
8610.00 9.80368e-06 9.79722e-01 1.04480e-17 4.34962e-04 
8620.15 9.82809e-06 9.81020e-01 1.01530e-17 4.24796e-04 
8623.55 9.83620e-06 9.81400e-01 1.00559e-17 4.21408e-04 
8630.00 9.87357e-06 9.82071e-01 9.87374e-18 4.15942e-04 
8640.22 9.95405e-06 9.83002e-01 9.59116e-18 4.08200e-04 
8650.00 9.71924e-06 9.83746e-01 9.32712e-18 3.88331e-04 
8660.29 8.94292e-06 9.84372e-01 9.05620e-18 3.47568e-04 
8666.67 8.53440e-06 9.84680e-01 8.89196e-18 3.26017e-04 
8670.00 8.44982e-06 9.84817e-01 8.80713e-18 3.19875e-04 
8680.39 8.86469e-06 9.85153e-01 8.54719e-18 3.26176e-04 
8690.00 9.49885e-06 9.85363e-01 8.31276e-18 3.40374e-04 
8700.50 9.70387e-06 9.85517e-01 8.06315e-18 3.37739e-04 
8710.00 9.63693e-06 9.85620e-01 7.84303e-18 3.26643e-04 
8710.00 9.63692e-06 9.85620e-01 7.84300e-18 3.26642e-04 
8720.63 9.61546e-06 9.85714e-01 7.60316e-18 3.16363e-04 
8730.00 9.58749e-06 9.85750e-01 7.39695e-18 3.07229e-04 
8740.77 9.45270e-06 9.85688e-01 7.16628e-18 2.93807e-04 
8750.00 9.37437e-06 9.85508e-01 6.97357e-18 2.83785e-04 
8753.55 9.38405e-06 9.85400e-01 6.90070e-18 2.81192e-04 
8760.92 9.45896e-06 9.85103e-01 6.75159e-18 2.77463e-04 
8770.00 9.56344e-06 9.84640e-01 6.57195e-18 2.73218e-04 
8781.09 9.57384e-06 9.84014e-01 6.35821e-18 2.64785e-04 
8790.00 9.49346e-06 9.83534e-01 6.19118e-18 2.55799e-04 
8797.32 9.39266e-06 9.83200e-01 6.05687e-18 2.47715e-04 
8801.28 9.33934e-06 9.83049e-01 5.98524e-18 2.43468e-04 
8810.00 9.26739e-06 9.82697e-01 5.83036e-18 2.35489e-04 
8821.49 9.31670e-06 9.81842e-01 5.63183e-18 2.28780e-04 
8830.00 9.38949e-06 9.80622e-01 5.48861e-18 2.24642e-04 
8841.31 9.41726e-06 9.77800e-01 5.30355e-18 2.17361e-04 
8841.70 9.41598e-06 9.77670e-01 5.29713e-18 2.17049e-04 
8850.00 9.34486e-06 9.74552e-01 5.16509e-18 2.09567e-04 
8861.94 9.13405e-06 9.69623e-01 4.98034e-18 1.96778e-04 
8870.00 9.06073e-06 9.66834e-01 4.85898e-18 1.90067e-04 
8882.19 9.20893e-06 9.64898e-01 4.68064e-18 1.85969e-04 
8885.51 9.26988e-06 9.65070e-01 4.63304e-18 1.85398e-04 
8890.00 9.33967e-06 9.65827e-01 4.56948e-18 1.84469e-04 
8902.45 9.38871e-06 9.68396e-01 4.39727e-18 1.79174e-04 
8910.00 9.34259e-06 9.67740e-01 4.29581e-18 1.74210e-04 
8922.73 9.22033e-06 9.57015e-01 4.12948e-18 1.63675e-04 
8929.94 9.16959e-06 9.42870e-01 4.03799e-18 1.56942e-04 
8930.00 9.16932e-06 9.42721e-01 4.03723e-18 1.56884e-04 
8943.03 9.15985e-06 8.99297e-01 3.87653e-18 1.43761e-04 
8950.00 9.16424e-06 8.68850e-01 3.79301e-18 1.36073e-04 
8963.34 9.14457e-06 8.02832e-01 3.63772e-18 1.20507e-04 
8970.00 9.15436e-06 7.68591e-01 3.56245e-18 1.13185e-04 
8974.59 9.17874e-06 7.45370e-01 3.51140e-18 1.08536e-04 
8983.67 9.20811e-06 7.02194e-01 3.41238e-18 9.97843e-05 
8990.00 9.14963e-06 6.75860e-01 3.34489e-18 9.36106e-05 
9004.01 8.76696e-06 6.35458e-01 3.19985e-18 8.08024e-05 
9010.00 8.66184e-06 6.28307e-01 3.13968e-18 7.75024e-05 
9019.46 8.73277e-06 6.32890e-01 3.04671e-18 7.64567e-05 
9024.37 8.83558e-06 6.43774e-01 2.99948e-18 7.75095e-05 
9030.00 8.95468e-06 6.61998e-01 2.94619e-18 7.93922e-05 
9044.75 9.09305e-06 7.23040e-01 2.81068e-18 8.41401e-05 
9050.00 9.09013e-06 7.43814e-01 2.76383e-18 8.51369e-05 
9064.56 8.98930e-06 7.77950e-01 2.63775e-18 8.41747e-05 
9065.14 8.98294e-06 7.78223e-01 2.63286e-18 8.39938e-05 
9070.00 8.92356e-06 7.76727e-01 2.59203e-18 8.20308e-05 
9085.54 8.72141e-06 7.37192e-01 2.46544e-18 7.24998e-05 
9090.00 8.68942e-06 7.19655e-01 2.43024e-18 6.95427e-05 
9105.97 8.73502e-06 6.52963e-01 2.30791e-18 6.03421e-05 
9109.88 8.76741e-06 6.38730e-01 2.27880e-18 5.85235e-05 
9110.00 8.76842e-06 6.38331e-01 2.27793e-18 5.84721e-05 
9126.40 8.88281e-06 5.99260e-01 2.15973e-18 5.28187e-05 
9130.00 8.88956e-06 5.94741e-01 2.13460e-18 5.18703e-05 
9146.86 8.81523e-06 5.89743e-01 2.02040e-18 4.83648e-05 
9150.00 8.79505e-06 5.91387e-01 1.99976e-18 4.79108e-05 
9155.43 8.76521e-06 5.95840e-01 1.96455e-18 4.72887e-05 
9167.33 8.73155e-06 6.11569e-01 1.88947e-18 4.65631e-05 
9170.00 8.73137e-06 6.15999e-01 1.87297e-18 4.65036e-05 
9187.81 8.74551e-06 6.50347e-01 1.76646e-18 4.64696e-05 
9190.00 8.73787e-06 6.54842e-01 1.75378e-18 4.64255e-05 
9201.21 8.63635e-06 6.77410e-01 1.69015e-18 4.58010e-05 
9208.31 8.53140e-06 6.90547e-01 1.65095e-18 4.50869e-05 
9210.00 8.50345e-06 6.93466e-01 1.64177e-18 4.48866e-05 
9228.83 8.24451e-06 7.19030e-01 1.54252e-18 4.24828e-05 
9230.00 8.24007e-06 7.20102e-01 1.53655e-18 4.23640e-05 
9247.21 8.35262e-06 7.26840e-01 1.45113e-18 4.10110e-05 
9249.36 8.37497e-06 7.26338e-01 1.44078e-18 4.08090e-05 
9250.00 8.38130e-06 7.26122e-01 1.43774e-18 4.07442e-05 
9269.91 8.49426e-06 6.98703e-01 1.34536e-18 3.72611e-05 
9270.00 8.49441e-06 6.98474e-01 1.34497e-18 3.72390e-05 
9290.00 8.49443e-06 6.11898e-01 1.25790e-18 3.05773e-05 
9290.48 8.49472e-06 6.08885e-01 1.25589e-18 3.03806e-05 
9293.45 8.49775e-06 5.89000e-01 1.24343e-18 2.91166e-05 
9310.00 8.51456e-06 4.50203e-01 1.17621e-18 2.11315e-05 
9311.06 8.51344e-06 4.40403e-01 1.17203e-18 2.05976e-05 
9330.00 8.45599e-06 2.72188e-01 1.09959e-18 1.18869e-05 
9331.66 8.45139e-06 2.59519e-01 1.09347e-18 1.12664e-05 
9339.92 8.43351e-06 2.05590e-01 1.06338e-18 8.66895e-06 
9350.00 8.41006e-06 1.64837e-01 1.02775e-18 6.70617e-06 
9352.27 8.40262e-06 1.59199e-01 1.01989e-18 6.42313e-06 
9370.00 8.36272e-06 1.49452e-01 9.60396e-19 5.66190e-06 
9372.90 8.36846e-06 1.52318e-01 9.50999e-19 5.71971e-06 
9386.62 8.36921e-06 1.75310e-01 9.07666e-19 6.29289e-06 
9390.00 8.33657e-06 1.82268e-01 8.97279e-19 6.44485e-06 
9393.54 8.27994e-06 1.89757e-01 8.86525e-19 6.58672e-06 
9410.00 8.00863e-06 2.24690e-01 8.38145e-19 7.14452e-06 
9414.20 8.02049e-06 2.32925e-01 8.26204e-19 7.31494e-06 
9430.00 8.20795e-06 2.57469e-01 7.82756e-19 7.85275e-06 
9433.55 8.21234e-06 2.61040e-01 7.73297e-19 7.87260e-06 
9434.88 8.20829e-06 2.62147e-01 7.69787e-19 7.86735e-06 
9450.00 8.10274e-06 2.66843e-01 7.30890e-19 7.51789e-06 
9455.57 8.10841e-06 2.65522e-01 7.17039e-19 7.34835e-06 
9470.00 8.20329e-06 2.56923e-01 6.82335e-19 6.85586e-06 
9476.28 8.22133e-06 2.51676e-01 6.67737e-19 6.59100e-06 
9480.72 8.22032e-06 2.47710e-01 6.57605e-19 6.39090e-06 
9490.00 8.19517e-06 2.39455e-01 6.36891e-19 5.97085e-06 
9497.01 8.16794e-06 2.34150e-01 6.21672e-19 5.68431e-06 
9510.00 8.13165e-06 2.29366e-01 5.94368e-19 5.30723e-06 
9517.75 8.12686e-06 2.31365e-01 5.78643e-19 5.21301e-06 
9528.12 8.06915e-06 2.41980e-01 5.58212e-19 5.22801e-06 
9530.00 8.04419e-06 2.45043e-01 5.54589e-19 5.24460e-06 
9538.50 7.87811e-06 2.62781e-01 5.38463e-19 5.35274e-06 
9550.00 7.71090e-06 2.92931e-01 5.17386e-19 5.61838e-06 
9559.28 7.78690e-06 3.18080e-01 5.00956e-19 5.97102e-06 
9570.00 7.96426e-06 3.42824e-01 4.82599e-19 6.34802e-06 
9575.76 8.01779e-06 3.52320e-01 4.73002e-19 6.44097e-06 
9580.07 8.03366e-06 3.57102e-01 4.65953e-19 6.44673e-06 
9590.00 8.02054e-06 3.61967e-01 4.50078e-19 6.30816e-06 
9600.87 7.97475e-06 3.61607e-01 4.33297e-19 6.03912e-06 
9610.00 7.93093e-06 3.60736e-01 4.19683e-19 5.80874e-06 
9621.70 7.88319e-06 3.64538e-01 4.02839e-19 5.60726e-06 
9623.64 7.87671e-06 3.66150e-01 4.00102e-19 5.59033e-06 
9630.00 7.85897e-06 3.73933e-01 3.91281e-19 5.57440e-06 
9642.54 7.83569e-06 4.00135e-01 3.74440e-19 5.69876e-06 
9650.00 7.81927e-06 4.22184e-01 3.64747e-19 5.84939e-06 
9663.39 7.78006e-06 4.72846e-01 3.47967e-19 6.22721e-06 
9670.00 7.77475e-06 5.02746e-01 3.39963e-19 6.46869e-06 
9671.76 7.77675e-06 5.11220e-01 3.37862e-19 6.53994e-06 
9684.26 7.81354e-06 5.76084e-01 3.23297e-19 7.09457e-06 
9690.00 7.82552e-06 6.07173e-01 3.16818e-19 7.34315e-06 
9705.15 7.80272e-06 6.85903e-01 3.00314e-19 7.85253e-06 
9710.00 7.79217e-06 7.08371e-01 2.95207e-19 7.96505e-06 
9720.12 7.78209e-06 7.47790e-01 2.84827e-19 8.11058e-06 
9726.05 7.77528e-06 7.64851e-01 2.78907e-19 8.12104e-06 
9730.00 7.76642e-06 7.73184e-01 2.75034e-19 8.08959e-06 
9746.97 7.68954e-06 7.74953e-01 2.58973e-19 7.57221e-06 
9750.00 7.67591e-06 7.68458e-01 2.56205e-19 7.41765e-06 
9767.91 7.66600e-06 6.78054e-01 2.40416e-19 6.14499e-06 
9768.72 7.67004e-06 6.71630e-01 2.39724e-19 6.07296e-06 
9770.00 7.67748e-06 6.61033e-01 2.38636e-19 5.95655e-06 
9788.86 7.97626e-06 4.35824e-01 2.23145e-19 3.82256e-06 
