##### EXOPHOT SPECTRAL OVERLAP FILE #####
# Date: 01/12/2021 13:14:57
# SED file: SED_g2v.txt
# atmosphere file: atm_g2v_hzm_os2.txt
# photopigment file: phot3.txt
# Stellar radius (Rs in km): 6.963400e+05
# Exoplanet orbit semi-major axis (sma in km): 1.481139e+08
# Total absorption rate (gamma_t in s-1): 3.36833e+00
# B band absorption rate (gamma_B in s-1): 1.44493e+00
# Q band absorption rate (gamma_Q in s-1): 1.92341e+00
# B-Q bands cut-off (in nm): 500
# photosynthetic photon flux density [ppfd in micromol photon m-2 s-1]: 1.95040e+03
# Total Stellar Irradiance (S in W m-2): 1.37004e+03
# -------------------------------------------------
# Col 1: Wavelength (wl in Angstrom) 
# Col 2: Spectral Flux Density (F_l in J cm-2 s-1 A-1) 
# Col 3: Atmosphere transmitance (T, no units) 
# Col 4: Pigment absorption cross section (sigma_abs in cm-2) 
# Col 5: Spectral Absorption Rate (Gamma_lambda in A-1 s-1)
2503.42 9.70681e-07 3.78279e-02 2.38831e-20 1.10519e-09 
2505.00 8.30996e-07 3.80042e-02 2.59291e-20 1.03264e-09 
2513.00 3.76036e-07 3.88994e-02 3.84416e-20 7.11360e-10 
2515.76 3.01355e-07 3.92100e-02 4.38495e-20 6.56192e-10 
2516.83 2.81715e-07 3.93312e-02 4.61395e-20 6.47735e-10 
2518.00 2.65815e-07 3.94633e-02 4.87594e-20 6.48351e-10 
2525.00 2.68980e-07 4.02585e-02 6.75815e-20 9.30230e-10 
2528.34 3.11401e-07 4.06400e-02 7.87124e-20 1.26787e-09 
2530.25 3.37577e-07 4.08600e-02 8.58266e-20 1.50793e-09 
2535.00 3.73490e-07 4.14066e-02 1.05932e-19 2.09063e-09 
2540.98 3.64323e-07 4.21000e-02 1.37217e-19 2.69216e-09 
2543.69 4.21022e-07 4.24158e-02 1.53917e-19 3.51971e-09 
2545.00 4.79310e-07 4.25694e-02 1.62651e-19 4.25189e-09 
2553.68 1.11450e-06 4.35900e-02 2.32275e-19 1.45064e-08 
2555.00 1.15978e-06 4.37455e-02 2.44867e-19 1.59792e-08 
2557.12 1.16277e-06 4.39973e-02 2.66448e-19 1.75472e-08 
2565.00 9.81278e-07 4.49494e-02 3.61637e-19 2.05968e-08 
2566.45 1.01756e-06 4.51300e-02 3.82107e-19 2.26708e-08 
2570.57 1.25032e-06 4.56555e-02 4.45789e-19 3.29304e-08 
2575.00 1.48751e-06 4.62488e-02 5.24261e-19 4.67530e-08 
2579.28 1.49187e-06 4.68600e-02 6.11243e-19 5.54840e-08 
2584.03 1.35031e-06 4.75849e-02 7.21709e-19 6.03232e-08 
2585.00 1.32188e-06 4.77388e-02 7.46382e-19 6.12928e-08 
2592.18 1.20336e-06 4.89000e-02 9.51418e-19 7.30577e-08 
2595.00 1.15895e-06 4.93593e-02 1.04403e-18 7.80205e-08 
2597.49 1.10151e-06 4.97647e-02 1.13194e-18 8.11353e-08 
2605.00 9.02072e-07 5.09966e-02 1.43561e-18 8.66064e-08 
2605.14 8.99153e-07 5.10200e-02 1.44191e-18 8.67494e-08 
2610.96 8.26387e-07 5.19916e-02 1.72194e-18 9.72431e-08 
2615.00 8.16755e-07 5.26770e-02 1.94154e-18 1.09965e-07 
2618.17 8.33844e-07 5.32200e-02 2.12909e-18 1.24530e-07 
2624.44 1.14213e-06 5.43095e-02 2.54350e-18 2.08441e-07 
2625.00 1.20017e-06 5.44081e-02 2.58368e-18 2.22945e-07 
2631.26 2.11169e-06 5.55100e-02 3.06491e-18 4.75887e-07 
2635.00 2.61587e-06 5.61728e-02 3.38471e-18 6.59730e-07 
2637.92 2.85394e-06 5.66928e-02 3.65207e-18 7.84689e-07 
2644.41 3.46147e-06 5.78600e-02 4.30411e-18 1.14756e-06 
2645.00 3.56199e-06 5.79664e-02 4.36706e-18 1.20062e-06 
2651.42 4.95809e-06 5.91426e-02 5.10266e-18 1.99716e-06 
2655.00 5.21474e-06 5.98077e-02 5.55173e-18 2.31423e-06 
2657.64 4.82872e-06 6.03000e-02 5.90012e-18 2.29841e-06 
2664.92 2.95562e-06 6.16725e-02 6.94451e-18 1.69820e-06 
2665.00 2.94255e-06 6.16881e-02 6.95700e-18 1.69421e-06 
2670.92 2.90550e-06 6.28200e-02 7.89964e-18 1.93870e-06 
2675.00 3.48091e-06 6.36071e-02 8.59709e-18 2.56329e-06 
2678.43 3.98915e-06 6.42737e-02 9.21488e-18 3.18571e-06 
2684.28 4.30503e-06 6.54200e-02 1.03365e-17 3.93377e-06 
2685.00 4.25848e-06 6.55618e-02 1.04805e-17 3.95507e-06 
2691.94 3.14167e-06 6.69358e-02 1.19326e-17 3.40050e-06 
2695.00 2.84267e-06 6.75464e-02 1.26087e-17 3.28457e-06 
2697.70 2.95571e-06 6.80900e-02 1.32247e-17 3.61451e-06 
2705.00 3.71936e-06 6.95795e-02 1.49751e-17 5.27728e-06 
2705.47 3.72193e-06 6.96762e-02 1.50919e-17 5.33042e-06 
2711.19 3.10995e-06 7.08600e-02 1.65527e-17 4.97860e-06 
2715.00 2.43166e-06 7.16543e-02 1.75644e-17 4.18283e-06 
2719.00 1.88648e-06 7.24937e-02 1.86577e-17 3.49256e-06 
2724.74 1.66641e-06 7.37100e-02 2.02778e-17 3.41647e-06 
2725.00 1.67555e-06 7.37644e-02 2.03511e-17 3.45049e-06 
2732.54 2.25780e-06 7.53885e-02 2.25630e-17 5.28297e-06 
2735.00 2.28481e-06 7.59230e-02 2.33004e-17 5.56503e-06 
2738.37 1.98216e-06 7.66600e-02 2.43231e-17 5.09497e-06 
2745.00 1.17029e-06 7.81235e-02 2.63684e-17 3.33137e-06 
2746.09 1.13141e-06 7.83661e-02 2.67085e-17 3.27366e-06 
2752.06 1.46225e-06 7.97000e-02 2.85777e-17 4.61412e-06 
2755.00 1.76783e-06 8.03622e-02 2.95025e-17 5.81294e-06 
2759.65 2.16794e-06 8.14165e-02 3.09655e-17 7.59303e-06 
2765.00 2.49514e-06 8.26411e-02 3.26432e-17 9.36919e-06 
2765.82 2.53581e-06 8.28300e-02 3.28992e-17 9.62137e-06 
2773.21 2.63692e-06 8.45437e-02 3.51825e-17 1.09499e-05 
2775.00 2.53884e-06 8.49607e-02 3.57260e-17 1.07652e-05 
2779.65 2.01880e-06 8.60500e-02 3.71209e-17 9.02352e-06 
2785.00 1.27562e-06 8.73104e-02 3.86836e-17 6.04033e-06 
2786.79 1.07304e-06 8.77334e-02 3.91934e-17 5.17631e-06 
2793.55 5.84054e-07 8.93500e-02 4.10612e-17 3.01341e-06 
2795.00 5.24392e-07 8.97009e-02 4.14481e-17 2.74323e-06 
2800.37 4.42847e-07 9.10087e-02 4.28292e-17 2.43341e-06 
2805.00 6.61828e-07 9.21485e-02 4.39544e-17 3.78522e-06 
2807.52 9.34485e-07 9.27700e-02 4.45369e-17 5.45689e-06 
2813.95 1.96832e-06 9.43672e-02 4.59299e-17 1.20852e-05 
2815.00 2.15668e-06 9.46277e-02 4.61420e-17 1.33445e-05 
2821.55 3.21709e-06 9.62700e-02 4.73769e-17 2.08417e-05 
2825.00 3.53321e-06 9.71417e-02 4.79581e-17 2.34088e-05 
2827.55 3.59130e-06 9.77904e-02 4.83566e-17 2.41733e-05 
2835.00 3.07517e-06 9.96996e-02 4.93598e-17 2.15979e-05 
2835.66 2.99551e-06 9.98700e-02 4.94371e-17 2.11123e-05 
2841.16 2.22268e-06 1.01292e-01 5.00026e-17 1.61014e-05 
2845.00 1.62679e-06 1.02295e-01 5.03160e-17 1.19922e-05 
2849.84 9.65446e-07 1.03570e-01 5.06126e-17 7.26047e-06 
2854.77 7.56786e-07 1.04883e-01 5.08020e-17 5.79498e-06 
2855.00 7.65840e-07 1.04945e-01 5.08082e-17 5.86898e-06 
2864.09 2.28881e-06 1.07390e-01 5.08486e-17 1.80203e-05 
2865.00 2.51249e-06 1.07636e-01 5.08315e-17 1.98263e-05 
2868.39 3.33471e-06 1.08550e-01 5.07344e-17 2.65186e-05 
2875.00 4.33447e-06 1.10341e-01 5.03951e-17 3.48835e-05 
2878.41 4.26277e-06 1.11270e-01 5.01449e-17 3.44646e-05 
2882.02 3.98654e-06 1.12260e-01 4.98261e-17 3.23517e-05 
2885.00 3.87158e-06 1.13084e-01 4.95213e-17 3.14884e-05 
2892.80 4.73923e-06 1.15260e-01 4.85573e-17 3.86263e-05 
2895.00 5.13013e-06 1.15879e-01 4.82440e-17 4.17973e-05 
2895.65 5.24484e-06 1.16063e-01 4.81478e-17 4.27239e-05 
2907.27 6.80884e-06 1.19370e-01 4.61924e-17 5.49474e-05 
2909.30 6.93829e-06 1.19953e-01 4.58075e-17 5.58356e-05 
2910.00 6.96967e-06 1.20156e-01 4.56711e-17 5.60293e-05 
2921.80 6.67358e-06 1.23570e-01 4.31989e-17 5.23984e-05 
2922.95 6.59638e-06 1.23903e-01 4.29419e-17 5.16432e-05 
2930.00 6.12857e-06 1.25965e-01 4.13069e-17 4.70350e-05 
2936.41 5.87430e-06 1.27870e-01 3.97541e-17 4.41415e-05 
2936.61 5.86943e-06 1.27929e-01 3.97056e-17 4.40744e-05 
2950.00 5.82549e-06 1.32008e-01 3.63297e-17 4.14897e-05 
2950.28 5.82872e-06 1.32092e-01 3.62593e-17 4.14624e-05 
2951.09 5.83887e-06 1.32340e-01 3.60501e-17 4.13840e-05 
2963.95 6.04976e-06 1.36208e-01 3.27593e-17 4.02781e-05 
2965.85 6.07885e-06 1.36780e-01 3.22781e-17 4.00705e-05 
2970.00 6.12963e-06 1.38041e-01 3.12327e-17 3.95123e-05 
2977.64 6.16212e-06 1.40392e-01 2.93485e-17 3.80587e-05 
2980.68 6.15554e-06 1.41340e-01 2.86154e-17 3.73568e-05 
2990.00 6.08496e-06 1.44284e-01 2.64468e-17 3.49498e-05 
2991.33 6.07037e-06 1.44709e-01 2.61489e-17 3.45901e-05 
2995.58 6.02295e-06 1.46080e-01 2.52144e-17 3.34544e-05 
3005.03 5.97908e-06 1.49167e-01 2.32582e-17 3.13801e-05 
3010.00 6.03487e-06 1.50789e-01 2.23006e-17 3.07498e-05 
3010.56 6.04607e-06 1.50970e-01 2.21963e-17 3.07054e-05 
3018.74 6.29886e-06 1.53599e-01 2.07481e-17 3.05054e-05 
3025.61 6.55224e-06 1.55810e-01 1.96484e-17 3.05527e-05 
3030.00 6.68114e-06 1.57238e-01 1.90048e-17 3.04536e-05 
3032.45 6.73102e-06 1.58043e-01 1.86655e-17 3.03119e-05 
3040.74 6.82320e-06 1.60800e-01 1.76266e-17 2.96036e-05 
3046.18 6.87959e-06 1.62634e-01 1.70368e-17 2.92309e-05 
3050.00 6.94828e-06 1.63929e-01 1.66657e-17 2.91461e-05 
3055.94 7.11917e-06 1.65930e-01 1.61611e-17 2.93694e-05 
3059.91 7.24096e-06 1.67250e-01 1.58733e-17 2.96116e-05 
3070.00 7.35157e-06 1.70608e-01 1.53168e-17 2.96900e-05 
3071.22 7.32896e-06 1.71020e-01 1.52666e-17 2.95846e-05 
3073.65 7.26042e-06 1.71842e-01 1.51780e-17 2.93010e-05 
3086.58 6.81241e-06 1.76310e-01 1.49537e-17 2.79079e-05 
3087.40 6.80423e-06 1.76595e-01 1.49537e-17 2.79267e-05 
3090.00 6.81402e-06 1.77502e-01 1.49648e-17 2.81553e-05 
3101.15 7.37904e-06 1.81399e-01 1.52105e-17 3.17851e-05 
3102.01 7.43640e-06 1.81700e-01 1.52429e-17 3.21627e-05 
3110.00 7.84990e-06 1.84504e-01 1.56404e-17 3.54650e-05 
3114.92 7.89246e-06 1.86233e-01 1.59734e-17 3.68160e-05 
3117.52 7.85174e-06 1.87150e-01 1.61781e-17 3.73091e-05 
3128.69 7.41473e-06 1.91095e-01 1.72888e-17 3.85829e-05 
3130.00 7.35561e-06 1.91561e-01 1.74451e-17 3.87318e-05 
3133.11 7.22502e-06 1.92670e-01 1.78389e-17 3.91669e-05 
3142.47 6.97897e-06 1.96040e-01 1.92291e-17 4.16186e-05 
3148.77 7.01089e-06 1.98320e-01 2.03512e-17 4.48534e-05 
3150.00 7.04171e-06 1.98763e-01 2.05878e-17 4.56937e-05 
3156.26 7.30591e-06 2.01022e-01 2.18958e-17 5.10946e-05 
3164.52 7.67067e-06 2.04010e-01 2.38936e-17 5.95659e-05 
3170.00 7.71399e-06 2.06004e-01 2.54046e-17 6.44241e-05 
3170.06 7.71304e-06 2.06024e-01 2.54206e-17 6.44641e-05 
3180.34 7.18741e-06 2.09790e-01 2.86989e-17 6.92820e-05 
3183.86 6.98043e-06 2.11085e-01 2.99629e-17 7.07621e-05 
3190.00 6.81738e-06 2.13350e-01 3.23563e-17 7.55758e-05 
3196.24 7.04372e-06 2.15660e-01 3.50502e-17 8.56693e-05 
3197.67 7.12914e-06 2.16190e-01 3.57061e-17 8.85876e-05 
3210.00 7.56294e-06 2.20771e-01 4.20039e-17 1.13331e-04 
3211.49 7.50423e-06 2.21328e-01 4.28499e-17 1.15059e-04 
3212.22 7.46423e-06 2.21600e-01 4.32699e-17 1.15736e-04 
3225.32 6.32897e-06 2.26499e-01 5.16010e-17 1.20103e-04 
3228.29 6.20576e-06 2.27610e-01 5.37031e-17 1.23277e-04 
3230.00 6.20031e-06 2.28254e-01 5.49585e-17 1.26472e-04 
3239.16 7.00112e-06 2.31702e-01 6.21616e-17 1.64428e-04 
3244.43 7.82713e-06 2.33690e-01 6.66932e-17 1.99244e-04 
3250.00 8.71826e-06 2.35799e-01 7.18128e-17 2.41535e-04 
3253.01 9.13166e-06 2.36939e-01 7.47163e-17 2.64734e-04 
3260.65 9.91191e-06 2.39840e-01 8.25540e-17 3.22140e-04 
3266.86 1.02725e-05 2.42202e-01 8.94182e-17 3.65875e-04 
3270.00 1.03656e-05 2.43398e-01 9.30594e-17 3.86495e-04 
3276.95 1.03826e-05 2.46050e-01 1.01537e-16 4.27907e-04 
3280.72 1.03088e-05 2.47492e-01 1.06375e-16 4.48233e-04 
3290.00 9.99845e-06 2.51048e-01 1.19005e-16 4.94738e-04 
3293.34 9.87501e-06 2.52330e-01 1.23799e-16 5.11427e-04 
3294.59 9.82971e-06 2.52812e-01 1.25637e-16 5.17823e-04 
3308.47 9.44753e-06 2.58156e-01 1.47184e-16 5.97878e-04 
3309.80 9.42891e-06 2.58670e-01 1.49371e-16 6.07014e-04 
3310.00 9.42653e-06 2.58746e-01 1.49695e-16 6.08390e-04 
3322.36 9.44071e-06 2.63522e-01 1.70921e-16 7.11191e-04 
3326.35 9.49883e-06 2.65070e-01 1.78130e-16 7.51035e-04 
3330.00 9.56669e-06 2.66485e-01 1.84851e-16 7.89994e-04 
3336.25 9.68070e-06 2.68913e-01 1.96668e-16 8.59870e-04 
3342.98 9.65460e-06 2.71530e-01 2.09785e-16 9.25519e-04 
3350.00 9.25543e-06 2.74260e-01 2.23848e-16 9.58251e-04 
3350.15 9.24070e-06 2.74320e-01 2.24162e-16 9.58322e-04 
3359.70 7.99961e-06 2.78040e-01 2.43865e-16 9.17379e-04 
3364.07 7.43185e-06 2.79746e-01 2.53061e-16 8.90989e-04 
3370.00 6.96912e-06 2.82067e-01 2.65711e-16 8.86119e-04 
3376.50 7.08309e-06 2.84610e-01 2.79722e-16 9.58494e-04 
3377.98 7.17854e-06 2.85192e-01 2.82947e-16 9.85055e-04 
3390.00 8.14781e-06 2.89895e-01 3.09160e-16 1.24620e-03 
3391.91 8.24211e-06 2.90645e-01 3.13343e-16 1.28171e-03 
3393.38 8.29419e-06 2.91220e-01 3.16555e-16 1.30617e-03 
3405.85 8.32990e-06 2.96113e-01 3.43721e-16 1.45362e-03 
3410.00 8.31818e-06 2.97744e-01 3.52682e-16 1.49945e-03 
3410.35 8.31958e-06 2.97880e-01 3.53429e-16 1.50372e-03 
3419.79 8.49606e-06 3.01591e-01 3.73522e-16 1.64769e-03 
3427.40 8.73010e-06 3.04580e-01 3.89324e-16 1.78616e-03 
3430.00 8.80537e-06 3.05602e-01 3.94632e-16 1.83364e-03 
3433.74 8.89751e-06 3.07073e-01 4.02174e-16 1.89940e-03 
3444.54 9.07933e-06 3.11320e-01 4.23179e-16 2.07414e-03 
3447.70 9.11869e-06 3.12570e-01 4.29113e-16 2.12278e-03 
3450.00 9.14571e-06 3.13475e-01 4.33339e-16 2.15770e-03 
3461.67 9.30646e-06 3.18067e-01 4.53801e-16 2.34087e-03 
3461.76 9.30802e-06 3.18100e-01 4.53943e-16 2.34230e-03 
3470.00 9.50946e-06 3.21312e-01 4.67233e-16 2.49385e-03 
3475.65 9.71893e-06 3.23509e-01 4.75742e-16 2.61719e-03 
3479.07 9.87120e-06 3.24840e-01 4.80636e-16 2.69924e-03 
3489.64 1.04249e-05 3.28978e-01 4.94505e-16 2.97927e-03 
3490.00 1.04454e-05 3.29121e-01 4.94947e-16 2.98943e-03 
3496.46 1.07950e-05 3.31660e-01 5.02394e-16 3.16600e-03 
3503.63 1.10276e-05 3.34476e-01 5.09729e-16 3.31608e-03 
3510.00 1.09431e-05 3.36979e-01 5.15408e-16 3.35833e-03 
3513.95 1.07104e-05 3.38530e-01 5.18519e-16 3.32572e-03 
3517.63 1.04290e-05 3.39980e-01 5.21141e-16 3.27208e-03 
3530.00 1.00222e-05 3.44845e-01 5.27901e-16 3.24219e-03 
3531.51 1.01192e-05 3.45440e-01 5.28511e-16 3.28440e-03 
3531.64 1.01290e-05 3.45490e-01 5.28560e-16 3.28848e-03 
3545.66 1.16664e-05 3.50984e-01 5.31897e-16 3.88750e-03 
3549.17 1.17533e-05 3.52360e-01 5.32093e-16 3.93717e-03 
3550.00 1.17299e-05 3.52684e-01 5.32102e-16 3.93394e-03 
3559.69 1.03694e-05 3.56479e-01 5.31163e-16 3.51845e-03 
3566.92 8.91315e-06 3.59310e-01 5.29223e-16 3.04337e-03 
3570.00 8.43342e-06 3.60515e-01 5.28081e-16 2.88548e-03 
3573.72 8.08029e-06 3.61968e-01 5.26454e-16 2.77014e-03 
3584.75 8.16415e-06 3.66270e-01 5.20086e-16 2.80653e-03 
3587.76 8.36453e-06 3.67443e-01 5.17956e-16 2.87522e-03 
3590.00 8.53289e-06 3.68313e-01 5.16271e-16 2.93230e-03 
3601.82 9.44250e-06 3.72906e-01 5.05926e-16 3.23012e-03 
3602.68 9.50218e-06 3.73240e-01 5.05082e-16 3.24879e-03 
3610.00 9.91970e-06 3.76080e-01 4.97422e-16 3.37236e-03 
3615.88 1.01015e-05 3.78356e-01 4.90686e-16 3.41369e-03 
3620.69 1.01545e-05 3.80220e-01 4.84798e-16 3.41169e-03 
3629.94 1.00696e-05 3.83803e-01 4.72606e-16 3.33767e-03 
3630.00 1.00685e-05 3.83824e-01 4.72530e-16 3.33701e-03 
3638.79 1.01230e-05 3.87220e-01 4.59969e-16 3.30274e-03 
3640.00 1.02194e-05 3.87685e-01 4.58178e-16 3.32631e-03 
3644.02 1.07528e-05 3.89232e-01 4.52096e-16 3.47109e-03 
3650.00 1.17092e-05 3.91528e-01 4.42760e-16 3.72969e-03 
3656.99 1.22954e-05 3.94210e-01 4.31439e-16 3.84978e-03 
3658.11 1.23311e-05 3.94640e-01 4.29588e-16 3.84976e-03 
3670.00 1.20827e-05 3.99203e-01 4.09362e-16 3.64798e-03 
3672.20 1.19665e-05 4.00045e-01 4.05521e-16 3.58871e-03 
3675.27 1.17991e-05 4.01220e-01 4.00113e-16 3.50450e-03 
3686.30 1.14197e-05 4.05420e-01 3.80335e-16 3.26769e-03 
3690.00 1.14738e-05 4.06825e-01 3.73601e-16 3.23946e-03 
3693.65 1.16504e-05 4.08210e-01 3.66918e-16 3.24468e-03 
3700.41 1.20755e-05 4.10777e-01 3.54453e-16 3.27522e-03 
3710.00 1.20237e-05 4.14409e-01 3.36683e-16 3.13319e-03 
3712.12 1.17879e-05 4.15210e-01 3.32753e-16 3.04348e-03 
3714.53 1.14217e-05 4.16122e-01 3.28274e-16 2.91754e-03 
3728.66 8.84509e-06 4.21442e-01 3.02166e-16 2.11428e-03 
3730.00 8.70158e-06 4.21946e-01 2.99703e-16 2.06622e-03 
3730.68 8.64394e-06 4.22200e-01 2.98461e-16 2.04564e-03 
3742.79 8.95656e-06 4.26739e-01 2.76460e-16 1.99092e-03 
3749.33 9.73699e-06 4.29180e-01 2.64793e-16 2.08856e-03 
3750.00 9.82346e-06 4.29430e-01 2.63609e-16 2.09928e-03 
3756.94 1.06940e-05 4.32013e-01 2.51442e-16 2.19701e-03 
3768.08 1.17610e-05 4.36150e-01 2.32392e-16 2.26122e-03 
3770.00 1.18732e-05 4.36862e-01 2.29172e-16 2.25599e-03 
3771.09 1.19247e-05 4.37266e-01 2.27356e-16 2.25056e-03 
3785.25 1.21737e-05 4.42496e-01 2.04399e-16 2.09811e-03 
3786.92 1.22014e-05 4.43110e-01 2.01778e-16 2.07972e-03 
3790.00 1.22827e-05 4.44243e-01 1.96982e-16 2.05071e-03 
3799.42 1.26316e-05 4.47698e-01 1.82724e-16 1.97642e-03 
3805.85 1.24466e-05 4.50050e-01 1.73342e-16 1.86033e-03 
3810.00 1.18994e-05 4.51563e-01 1.67450e-16 1.72574e-03 
3813.60 1.10817e-05 4.52873e-01 1.62442e-16 1.56509e-03 
3824.88 7.93010e-06 4.56970e-01 1.47350e-16 1.02816e-03 
3827.78 7.38753e-06 4.58020e-01 1.43624e-16 9.36444e-04 
3830.00 7.15129e-06 4.58821e-01 1.40819e-16 8.90865e-04 
3841.98 8.32481e-06 4.63140e-01 1.26305e-16 9.41858e-04 
3844.01 8.70462e-06 4.63870e-01 1.23954e-16 9.68529e-04 
3850.00 9.63437e-06 4.66025e-01 1.17186e-16 1.01975e-03 
3856.18 9.92391e-06 4.68242e-01 1.10489e-16 9.96671e-04 
3863.23 9.69065e-06 4.70760e-01 1.03197e-16 9.15574e-04 
3870.00 9.40439e-06 4.73170e-01 9.65276e-17 8.36822e-04 
3870.39 9.39669e-06 4.73309e-01 9.61519e-17 8.33212e-04 
3882.54 9.93359e-06 4.77610e-01 8.50391e-17 7.88565e-04 
3884.61 1.01817e-05 4.78341e-01 8.32487e-17 7.92879e-04 
3890.00 1.10545e-05 4.80242e-01 7.87232e-17 8.18419e-04 
3898.84 1.28553e-05 4.83349e-01 7.17159e-17 8.74615e-04 
3901.96 1.33009e-05 4.84440e-01 6.93674e-17 8.77975e-04 
3910.00 1.30534e-05 4.87246e-01 6.35838e-17 7.96008e-04 
3913.08 1.22147e-05 4.88316e-01 6.14765e-17 7.22328e-04 
3921.46 8.88450e-06 4.91230e-01 5.60172e-17 4.82626e-04 
3927.32 7.12474e-06 4.93264e-01 5.24440e-17 3.64388e-04 
3930.00 6.86908e-06 4.94192e-01 5.08741e-17 3.41670e-04 
3941.07 9.56458e-06 4.98000e-01 4.47879e-17 4.23246e-04 
3941.58 9.74217e-06 4.98172e-01 4.45258e-17 4.28785e-04 
3950.00 1.16872e-05 5.01018e-01 4.03335e-17 4.69624e-04 
3955.84 1.09478e-05 5.02976e-01 3.76265e-17 4.12601e-04 
3960.78 9.55364e-06 5.04630e-01 3.54583e-17 3.40850e-04 
3970.00 8.06486e-06 5.07725e-01 3.16930e-17 2.59360e-04 
3970.11 8.07268e-06 5.07762e-01 3.16503e-17 2.59288e-04 
3980.58 1.16017e-05 5.11280e-01 2.77997e-17 3.30438e-04 
3984.39 1.34986e-05 5.12557e-01 2.65033e-17 3.67805e-04 
3990.00 1.58795e-05 5.14437e-01 2.46887e-17 4.05102e-04 
3998.68 1.73419e-05 5.17337e-01 2.20951e-17 3.99030e-04 
4000.48 1.73801e-05 5.17940e-01 2.15860e-17 3.91329e-04 
4010.00 1.69933e-05 5.21109e-01 1.90713e-17 3.40920e-04 
4012.97 1.68842e-05 5.22096e-01 1.83401e-17 3.26605e-04 
4020.49 1.67965e-05 5.24580e-01 1.66022e-17 2.96072e-04 
4027.28 1.68104e-05 5.26813e-01 1.51583e-17 2.72158e-04 
4030.00 1.68045e-05 5.27704e-01 1.46120e-17 2.62878e-04 
4040.59 1.65879e-05 5.31160e-01 1.26493e-17 2.26699e-04 
4041.59 1.65514e-05 5.31487e-01 1.24761e-17 2.23296e-04 
4050.00 1.61435e-05 5.34220e-01 1.11069e-17 1.95294e-04 
4055.92 1.57812e-05 5.36136e-01 1.02263e-17 1.76663e-04 
4060.79 1.55464e-05 5.37710e-01 9.54820e-18 1.63168e-04 
4070.00 1.56404e-05 5.40668e-01 8.37787e-18 1.45154e-04 
4070.25 1.56574e-05 5.40747e-01 8.34846e-18 1.44832e-04 
4081.10 1.69547e-05 5.44210e-01 7.14144e-18 1.35376e-04 
4084.59 1.74057e-05 5.45320e-01 6.78851e-18 1.32492e-04 
4090.00 1.78856e-05 5.47038e-01 6.27232e-18 1.26356e-04 
4098.93 1.78238e-05 5.49861e-01 5.49866e-18 1.11200e-04 
4101.50 1.76848e-05 5.50670e-01 5.29306e-18 1.06430e-04 
4110.00 1.72304e-05 5.53336e-01 4.66206e-18 9.19657e-05 
4113.29 1.71616e-05 5.54364e-01 4.43696e-18 8.74082e-05 
4122.01 1.72494e-05 5.57080e-01 3.88810e-18 7.75282e-05 
4127.66 1.73695e-05 5.58832e-01 3.56694e-18 7.19434e-05 
4130.00 1.74022e-05 5.59558e-01 3.44096e-18 6.96629e-05 
4142.03 1.73494e-05 5.63269e-01 2.85705e-18 5.82175e-05 
4142.62 1.73441e-05 5.63450e-01 2.83095e-18 5.76948e-05 
4150.00 1.73330e-05 5.65712e-01 2.52248e-18 5.16735e-05 
4156.41 1.74470e-05 5.67669e-01 2.28027e-18 4.72546e-05 
4163.33 1.75755e-05 5.69770e-01 2.04334e-18 4.28857e-05 
4170.00 1.75320e-05 5.71784e-01 1.83706e-18 3.86587e-05 
4170.80 1.75076e-05 5.72026e-01 1.81357e-18 3.81347e-05 
4184.15 1.67752e-05 5.76030e-01 1.46229e-18 2.97629e-05 
4185.20 1.67226e-05 5.76345e-01 1.43746e-18 2.91892e-05 
4190.00 1.65668e-05 5.77777e-01 1.32941e-18 2.68409e-05 
4199.61 1.67102e-05 5.80635e-01 1.13556e-18 2.32931e-05 
4205.07 1.68643e-05 5.82250e-01 1.03769e-18 2.15696e-05 
4210.00 1.69017e-05 5.83703e-01 9.56202e-19 1.99929e-05 
4214.03 1.68040e-05 5.84886e-01 8.94157e-19 1.86431e-05 
4226.10 1.62357e-05 5.88410e-01 7.30368e-19 1.48442e-05 
4228.45 1.61627e-05 5.89096e-01 7.01870e-19 1.42253e-05 
4230.00 1.61349e-05 5.89545e-01 6.83779e-19 1.38504e-05 
4242.89 1.63575e-05 5.93273e-01 5.49282e-19 1.13855e-05 
4247.23 1.64232e-05 5.94520e-01 5.10009e-19 1.06471e-05 
4250.00 1.64080e-05 5.95316e-01 4.86308e-19 1.01631e-05 
4257.33 1.61031e-05 5.97410e-01 4.28653e-19 8.83787e-06 
4268.46 1.53612e-05 6.00570e-01 3.53504e-19 7.00776e-06 
4270.00 1.52764e-05 6.01005e-01 3.44175e-19 6.79249e-06 
4271.78 1.51915e-05 6.01509e-01 3.33653e-19 6.55647e-06 
4286.24 1.43756e-05 6.05574e-01 2.59130e-19 4.86755e-06 
4289.80 1.39242e-05 6.06570e-01 2.43434e-19 4.44010e-06 
4290.00 1.38941e-05 6.06625e-01 2.42597e-19 4.41589e-06 
4300.71 1.19484e-05 6.09608e-01 2.00914e-19 3.16837e-06 
4310.00 1.15793e-05 6.12175e-01 1.70567e-19 2.62335e-06 
4311.25 1.17558e-05 6.12520e-01 1.66840e-19 2.60735e-06 
4315.19 1.26534e-05 6.13601e-01 1.55645e-19 2.62514e-06 
4329.68 1.68355e-05 6.17551e-01 1.20632e-19 2.73363e-06 
4330.00 1.68830e-05 6.17638e-01 1.19954e-19 2.72653e-06 
4332.81 1.71352e-05 6.18400e-01 1.14198e-19 2.63941e-06 
4344.17 1.64308e-05 6.21474e-01 9.37287e-20 2.09307e-06 
4350.00 1.60786e-05 6.23041e-01 8.48064e-20 1.86040e-06 
4354.47 1.62667e-05 6.24240e-01 7.85986e-20 1.74955e-06 
4358.68 1.67079e-05 6.25362e-01 7.32339e-20 1.67898e-06 
4370.00 1.77604e-05 6.28365e-01 6.08212e-20 1.49322e-06 
4373.19 1.76981e-05 6.29206e-01 5.78079e-20 1.41719e-06 
4376.25 1.74794e-05 6.30010e-01 5.51045e-20 1.33686e-06 
4387.71 1.62667e-05 6.33013e-01 4.64028e-20 1.05540e-06 
4390.00 1.61295e-05 6.33610e-01 4.49171e-20 1.01448e-06 
4398.13 1.62765e-05 6.35720e-01 4.02406e-20 9.21899e-07 
4402.24 1.66165e-05 6.36784e-01 3.82056e-20 8.95892e-07 
4410.00 1.74277e-05 6.38780e-01 3.49217e-20 8.63077e-07 
4416.78 1.80491e-05 6.40518e-01 3.25924e-20 8.37786e-07 
4420.12 1.82868e-05 6.41370e-01 3.16171e-20 8.25136e-07 
4430.00 1.86489e-05 6.43886e-01 2.93330e-20 7.85499e-07 
4431.33 1.86523e-05 6.44224e-01 2.90906e-20 7.79795e-07 
4442.22 1.84628e-05 6.46970e-01 2.76374e-20 7.38248e-07 
4445.89 1.84166e-05 6.47888e-01 2.73491e-20 7.30354e-07 
4450.00 1.84492e-05 6.48914e-01 2.71388e-20 7.27846e-07 
4460.45 1.89792e-05 6.51512e-01 2.71136e-20 7.52819e-07 
4464.43 1.92199e-05 6.52500e-01 2.72860e-20 7.69061e-07 
4470.00 1.94464e-05 6.53886e-01 2.76883e-20 7.92260e-07 
4475.03 1.94734e-05 6.55132e-01 2.82076e-20 8.10691e-07 
4486.75 1.94981e-05 6.57980e-01 2.99720e-20 8.68513e-07 
4489.61 1.96451e-05 6.58655e-01 3.05166e-20 8.92445e-07 
4490.00 1.96729e-05 6.58747e-01 3.05943e-20 8.96185e-07 
4504.20 2.12499e-05 6.62033e-01 3.39762e-20 1.08381e-06 
4509.19 2.15159e-05 6.63190e-01 3.54151e-20 1.14712e-06 
4510.00 2.15175e-05 6.63381e-01 3.56629e-20 1.15577e-06 
4518.80 2.08301e-05 6.65464e-01 3.85620e-20 1.21597e-06 
4530.00 1.95068e-05 6.68138e-01 4.28432e-20 1.27337e-06 
4531.73 1.94037e-05 6.68550e-01 4.35651e-20 1.28927e-06 
4533.41 1.93434e-05 6.68949e-01 4.42819e-20 1.30768e-06 
4548.03 1.99753e-05 6.72375e-01 5.11703e-20 1.57351e-06 
4550.00 2.01502e-05 6.72832e-01 5.21898e-20 1.62071e-06 
4554.39 2.05498e-05 6.73850e-01 5.45430e-20 1.73166e-06 
4562.66 2.11738e-05 6.75761e-01 5.92824e-20 1.94832e-06 
4570.00 2.13401e-05 6.77450e-01 6.38353e-20 2.12312e-06 
4577.16 2.10036e-05 6.79090e-01 6.85995e-20 2.25455e-06 
4577.29 2.09942e-05 6.79120e-01 6.86909e-20 2.25672e-06 
4590.00 2.01874e-05 6.82007e-01 7.79709e-20 2.48049e-06 
4591.94 2.01544e-05 6.82445e-01 7.94826e-20 2.52714e-06 
4600.05 2.03088e-05 6.84270e-01 8.60842e-20 2.77026e-06 
4606.59 2.05571e-05 6.85736e-01 9.17554e-20 2.99953e-06 
4610.00 2.06450e-05 6.86497e-01 9.48307e-20 3.11908e-06 
4621.26 2.05547e-05 6.88995e-01 1.05617e-19 3.47971e-06 
4623.05 2.05114e-05 6.89390e-01 1.07424e-19 3.53518e-06 
4630.00 2.03591e-05 6.90919e-01 1.14681e-19 3.75993e-06 
4635.93 2.03153e-05 6.92215e-01 1.21181e-19 3.97702e-06 
4646.16 2.04329e-05 6.94440e-01 1.33104e-19 4.41748e-06 
4650.00 2.05267e-05 6.95270e-01 1.37810e-19 4.60394e-06 
4650.61 2.05435e-05 6.95401e-01 1.38569e-19 4.63456e-06 
4665.30 2.09687e-05 6.98556e-01 1.57906e-19 5.43217e-06 
4669.39 2.10357e-05 6.99430e-01 1.63660e-19 5.66013e-06 
4670.00 2.10415e-05 6.99559e-01 1.64525e-19 5.69344e-06 
4680.00 2.09730e-05 7.01679e-01 1.79321e-19 6.21725e-06 
4690.00 2.06213e-05 7.03785e-01 1.95144e-19 6.68663e-06 
4692.74 2.04828e-05 7.04360e-01 1.99662e-19 6.80500e-06 
4694.70 2.03784e-05 7.04771e-01 2.02947e-19 6.88860e-06 
4709.42 1.98627e-05 7.07832e-01 2.28919e-19 7.63029e-06 
4710.00 1.98651e-05 7.07951e-01 2.29992e-19 7.66923e-06 
4716.20 2.00318e-05 7.09230e-01 2.41714e-19 8.15314e-06 
4724.15 2.04574e-05 7.10856e-01 2.57374e-19 8.90111e-06 
4730.00 2.07631e-05 7.12048e-01 2.69404e-19 9.48397e-06 
4738.88 2.10116e-05 7.13847e-01 2.88455e-19 1.03214e-05 
4739.79 2.10243e-05 7.14030e-01 2.90454e-19 1.04039e-05 
4750.00 2.10831e-05 7.16087e-01 3.13724e-19 1.13257e-05 
4753.62 2.10900e-05 7.16813e-01 3.22303e-19 1.16599e-05 
4763.48 2.11027e-05 7.18780e-01 3.46551e-19 1.26052e-05 
4768.37 2.11041e-05 7.19749e-01 3.59069e-19 1.30924e-05 
4770.00 2.11036e-05 7.20070e-01 3.63303e-19 1.32569e-05 
4783.14 2.10622e-05 7.22648e-01 3.98905e-19 1.46197e-05 
4787.30 2.10242e-05 7.23460e-01 4.10721e-19 1.50555e-05 
4790.00 2.09902e-05 7.23985e-01 4.18512e-19 1.53360e-05 
4797.91 2.08601e-05 7.25516e-01 4.41973e-19 1.61560e-05 
4810.00 2.07699e-05 7.27843e-01 4.79741e-19 1.75609e-05 
4811.24 2.07809e-05 7.28080e-01 4.83739e-19 1.77269e-05 
4812.68 2.07991e-05 7.28357e-01 4.88440e-19 1.79271e-05 
4827.47 2.10439e-05 7.31168e-01 5.38489e-19 2.01355e-05 
4830.00 2.10430e-05 7.31644e-01 5.47411e-19 2.04923e-05 
4835.29 2.09453e-05 7.32640e-01 5.66461e-19 2.11589e-05 
4842.27 2.05826e-05 7.33944e-01 5.92312e-19 2.18116e-05 
4850.00 1.98099e-05 7.35381e-01 6.21987e-19 2.21229e-05 
4857.08 1.87981e-05 7.36689e-01 6.50121e-19 2.20136e-05 
4859.47 1.84615e-05 7.37130e-01 6.59859e-19 2.19672e-05 
4870.00 1.76937e-05 7.39063e-01 7.03989e-19 2.25693e-05 
4871.89 1.77615e-05 7.39409e-01 7.12146e-19 2.29379e-05 
4883.77 1.92162e-05 7.41570e-01 7.65059e-19 2.68035e-05 
4886.71 1.96296e-05 7.42103e-01 7.78642e-19 2.79032e-05 
4890.00 2.00022e-05 7.42696e-01 7.94005e-19 2.90365e-05 
4901.55 2.03113e-05 7.44768e-01 8.49889e-19 3.17232e-05 
4908.19 2.00767e-05 7.45950e-01 8.83383e-19 3.26886e-05 
4910.00 1.99995e-05 7.46271e-01 8.92708e-19 3.29329e-05 
4916.39 1.97563e-05 7.47400e-01 9.26199e-19 3.38480e-05 
4930.00 1.95847e-05 7.49785e-01 1.00087e-18 3.64757e-05 
4931.24 1.96045e-05 7.50001e-01 1.00792e-18 3.67895e-05 
4932.73 1.96368e-05 7.50260e-01 1.01641e-18 3.71845e-05 
4946.10 2.01707e-05 7.52579e-01 1.09543e-18 4.14044e-05 
4950.00 2.03402e-05 7.53251e-01 1.11940e-18 4.27374e-05 
4957.39 2.05763e-05 7.54520e-01 1.16602e-18 4.51773e-05 
4960.97 2.06309e-05 7.55132e-01 1.18917e-18 4.62675e-05 
4970.00 2.05244e-05 7.56668e-01 1.24930e-18 4.85424e-05 
4975.85 2.02364e-05 7.57656e-01 1.28961e-18 4.95282e-05 
4982.18 1.97886e-05 7.58720e-01 1.33447e-18 5.02512e-05 
4990.00 1.91697e-05 7.60026e-01 1.39175e-18 5.09366e-05 
4990.74 1.91132e-05 7.60148e-01 1.39726e-18 5.10030e-05 
5005.63 1.83592e-05 7.62611e-01 1.51270e-18 5.33691e-05 
5007.09 1.83493e-05 7.62850e-01 1.52442e-18 5.37864e-05 
5010.00 1.83784e-05 7.63328e-01 1.54809e-18 5.47740e-05 
5020.54 1.89212e-05 7.65050e-01 1.63655e-18 5.98744e-05 
5030.00 1.94206e-05 7.66586e-01 1.71980e-18 6.48325e-05 
5032.12 1.94621e-05 7.66930e-01 1.73901e-18 6.57541e-05 
5035.45 1.94723e-05 7.67467e-01 1.76950e-18 6.70332e-05 
5050.00 1.93886e-05 7.69797e-01 1.90855e-18 7.24167e-05 
5050.38 1.93966e-05 7.69857e-01 1.91229e-18 7.26000e-05 
5057.29 1.96722e-05 7.70950e-01 1.98189e-18 7.65243e-05 
5065.31 2.00436e-05 7.72208e-01 2.06569e-18 8.15278e-05 
5070.00 2.01241e-05 7.72939e-01 2.11616e-18 8.40124e-05 
5080.25 1.97648e-05 7.74537e-01 2.23056e-18 8.73288e-05 
5082.57 1.96412e-05 7.74900e-01 2.25722e-18 8.79013e-05 
5090.00 1.93466e-05 7.76063e-01 2.34465e-18 9.02031e-05 
5095.20 1.93367e-05 7.76874e-01 2.40779e-18 9.27761e-05 
5107.98 1.96176e-05 7.78810e-01 2.56969e-18 1.00956e-04 
5110.00 1.96368e-05 7.79104e-01 2.59613e-18 1.02173e-04 
5110.17 1.96375e-05 7.79128e-01 2.59831e-18 1.02269e-04 
5125.13 1.93177e-05 7.81245e-01 2.80311e-18 1.09147e-04 
5130.00 1.91740e-05 7.81929e-01 2.87289e-18 1.11234e-04 
5133.52 1.90954e-05 7.82430e-01 2.92446e-18 1.12917e-04 
5140.11 1.89525e-05 7.83385e-01 3.02321e-18 1.16147e-04 
5150.00 1.84850e-05 7.84846e-01 3.17730e-18 1.19507e-04 
5155.10 1.80201e-05 7.85604e-01 3.25966e-18 1.19755e-04 
5159.19 1.75804e-05 7.86210e-01 3.32715e-18 1.19439e-04 
5170.00 1.65625e-05 7.87791e-01 3.51180e-18 1.19256e-04 
5170.10 1.65563e-05 7.87805e-01 3.51353e-18 1.19275e-04 
5184.99 1.64993e-05 7.89950e-01 3.78370e-18 1.28722e-04 
5185.11 1.65050e-05 7.89967e-01 3.78589e-18 1.28847e-04 
5190.00 1.68190e-05 7.90668e-01 3.87888e-18 1.34770e-04 
5200.12 1.77703e-05 7.92112e-01 4.07783e-18 1.50262e-04 
5210.00 1.85445e-05 7.93511e-01 4.28100e-18 1.65225e-04 
5210.91 1.85845e-05 7.93640e-01 4.30024e-18 1.66381e-04 
5215.15 1.86942e-05 7.94235e-01 4.39042e-18 1.71140e-04 
5230.00 1.88623e-05 7.96306e-01 4.72058e-18 1.86680e-04 
5230.18 1.88693e-05 7.96331e-01 4.72471e-18 1.86924e-04 
5236.97 1.92411e-05 7.97270e-01 4.88296e-18 1.97480e-04 
5245.22 1.95737e-05 7.98406e-01 5.08171e-18 2.09698e-04 
5250.00 1.94431e-05 7.99060e-01 5.19993e-18 2.13513e-04 
5260.28 1.81864e-05 8.00460e-01 5.46237e-18 2.10572e-04 
5263.15 1.77926e-05 8.00850e-01 5.53788e-18 2.09075e-04 
5270.00 1.72294e-05 8.01774e-01 5.72118e-18 2.09673e-04 
5275.34 1.73958e-05 8.02490e-01 5.86761e-18 2.17530e-04 
5289.47 1.91924e-05 8.04370e-01 6.27064e-18 2.57770e-04 
5290.00 1.92591e-05 8.04440e-01 6.28623e-18 2.59357e-04 
5290.41 1.93087e-05 8.04494e-01 6.29823e-18 2.60560e-04 
5305.49 2.00975e-05 8.06474e-01 6.75498e-18 2.92419e-04 
5310.00 1.98797e-05 8.07062e-01 6.89674e-18 2.95787e-04 
5315.92 1.92833e-05 8.07830e-01 7.08623e-18 2.95405e-04 
5320.58 1.87198e-05 8.08433e-01 7.23846e-18 2.93409e-04 
5330.00 1.79774e-05 8.09645e-01 7.55399e-18 2.95018e-04 
5335.68 1.81130e-05 8.10371e-01 7.74919e-18 3.05523e-04 
5342.50 1.86639e-05 8.11240e-01 7.98876e-18 3.25311e-04 
5350.00 1.92662e-05 8.12192e-01 8.25889e-18 3.48059e-04 
5350.78 1.93065e-05 8.12291e-01 8.28753e-18 3.50091e-04 
5365.90 1.93005e-05 8.14189e-01 8.85370e-18 3.75824e-04 
5369.21 1.92265e-05 8.14600e-01 8.98117e-18 3.80199e-04 
5370.00 1.92116e-05 8.14698e-01 9.01190e-18 3.81306e-04 
5381.03 1.91138e-05 8.16059e-01 9.44776e-18 3.99196e-04 
5390.00 1.89890e-05 8.17155e-01 9.81303e-18 4.13163e-04 
5396.05 1.87841e-05 8.17890e-01 1.00649e-17 4.20045e-04 
5396.17 1.87797e-05 8.17903e-01 1.00696e-17 4.20157e-04 
5410.00 1.83464e-05 8.19570e-01 1.06617e-17 4.36602e-04 
5411.31 1.83388e-05 8.19727e-01 1.07190e-17 4.38954e-04 
5423.03 1.85644e-05 8.21130e-01 1.12399e-17 4.67758e-04 
5426.47 1.86889e-05 8.21540e-01 1.13953e-17 4.77948e-04 
5430.00 1.88227e-05 8.21962e-01 1.15569e-17 4.88761e-04 
5441.63 1.91833e-05 8.23345e-01 1.20981e-17 5.23448e-04 
5450.00 1.92743e-05 8.24332e-01 1.24969e-17 5.44756e-04 
5450.15 1.92741e-05 8.24350e-01 1.25040e-17 5.45089e-04 
5456.80 1.92018e-05 8.25129e-01 1.28264e-17 5.58252e-04 
5470.00 1.89191e-05 8.26659e-01 1.34794e-17 5.80507e-04 
5471.99 1.88874e-05 8.26888e-01 1.35791e-17 5.84197e-04 
5477.40 1.88294e-05 8.27510e-01 1.38532e-17 5.95190e-04 
5487.18 1.87937e-05 8.28628e-01 1.43551e-17 6.17518e-04 
5490.00 1.87909e-05 8.28949e-01 1.45017e-17 6.24294e-04 
5502.38 1.87822e-05 8.30349e-01 1.51528e-17 6.54597e-04 
5504.79 1.87819e-05 8.30620e-01 1.52811e-17 6.60631e-04 
5510.00 1.87842e-05 8.31203e-01 1.55603e-17 6.73893e-04 
5517.59 1.87999e-05 8.32048e-01 1.59707e-17 6.93905e-04 
5530.00 1.89051e-05 8.33417e-01 1.66512e-17 7.30354e-04 
5532.31 1.89412e-05 8.33670e-01 1.67791e-17 7.37904e-04 
5532.81 1.89495e-05 8.33725e-01 1.68068e-17 7.39561e-04 
5548.04 1.91360e-05 8.35384e-01 1.76592e-17 7.88444e-04 
5550.00 1.91280e-05 8.35596e-01 1.77699e-17 7.93540e-04 
5559.97 1.89215e-05 8.36670e-01 1.83367e-17 8.12505e-04 
5563.28 1.88118e-05 8.37024e-01 1.85257e-17 8.16950e-04 
5570.00 1.85674e-05 8.37741e-01 1.89115e-17 8.24832e-04 
5578.53 1.82915e-05 8.38645e-01 1.94039e-17 8.35910e-04 
5587.77 1.81600e-05 8.39620e-01 1.99407e-17 8.55269e-04 
5590.00 1.81702e-05 8.39854e-01 2.00705e-17 8.61899e-04 
5593.79 1.82305e-05 8.40251e-01 2.02913e-17 8.75280e-04 
5609.05 1.86782e-05 8.41843e-01 2.11854e-17 9.40624e-04 
5610.00 1.86986e-05 8.41941e-01 2.12410e-17 9.44391e-04 
5615.71 1.87705e-05 8.42530e-01 2.15765e-17 9.64652e-04 
5624.33 1.87759e-05 8.43412e-01 2.20833e-17 9.90143e-04 
5630.00 1.87659e-05 8.43988e-01 2.24169e-17 1.00627e-03 
5639.62 1.87838e-05 8.44960e-01 2.29822e-17 1.03558e-03 
5643.79 1.87773e-05 8.45380e-01 2.32274e-17 1.04756e-03 
5650.00 1.87107e-05 8.46003e-01 2.35917e-17 1.06217e-03 
5654.91 1.85942e-05 8.46494e-01 2.38792e-17 1.06997e-03 
5670.00 1.82775e-05 8.47992e-01 2.47588e-17 1.09533e-03 
5670.22 1.82776e-05 8.48013e-01 2.47713e-17 1.09596e-03 
5672.01 1.82858e-05 8.48190e-01 2.48753e-17 1.10163e-03 
5685.53 1.85118e-05 8.49513e-01 2.56554e-17 1.15476e-03 
5690.00 1.85129e-05 8.49947e-01 2.59114e-17 1.16786e-03 
5700.37 1.82319e-05 8.50950e-01 2.65011e-17 1.17985e-03 
5700.86 1.82175e-05 8.50997e-01 2.65286e-17 1.18030e-03 
5710.00 1.81416e-05 8.51876e-01 2.70428e-17 1.20133e-03 
5716.19 1.84190e-05 8.52468e-01 2.73876e-17 1.23745e-03 
5728.87 1.91250e-05 8.53670e-01 2.80848e-17 1.32237e-03 
5730.00 1.91475e-05 8.53776e-01 2.81463e-17 1.32726e-03 
5731.53 1.91588e-05 8.53920e-01 2.82295e-17 1.33254e-03 
5746.88 1.86447e-05 8.55350e-01 2.90512e-17 1.34035e-03 
5750.00 1.85590e-05 8.55637e-01 2.92151e-17 1.34290e-03 
5757.52 1.85622e-05 8.56330e-01 2.96065e-17 1.36400e-03 
5762.25 1.86410e-05 8.56765e-01 2.98498e-17 1.38289e-03 
5770.00 1.87067e-05 8.57476e-01 3.02430e-17 1.40910e-03 
5777.62 1.85427e-05 8.58171e-01 3.06224e-17 1.41729e-03 
5786.30 1.82665e-05 8.58960e-01 3.10462e-17 1.41893e-03 
5790.00 1.81976e-05 8.59294e-01 3.12237e-17 1.42312e-03 
5793.00 1.81857e-05 8.59565e-01 3.13663e-17 1.42988e-03 
5808.39 1.85158e-05 8.60943e-01 3.20788e-17 1.49525e-03 
5810.00 1.85615e-05 8.61086e-01 3.21513e-17 1.50299e-03 
5815.23 1.86897e-05 8.61550e-01 3.23847e-17 1.52656e-03 
5823.79 1.87970e-05 8.62304e-01 3.27572e-17 1.55663e-03 
5830.00 1.87601e-05 8.62847e-01 3.30205e-17 1.56872e-03 
5839.20 1.85315e-05 8.63648e-01 3.33994e-17 1.57131e-03 
5844.31 1.84017e-05 8.64090e-01 3.36038e-17 1.57203e-03 
5850.00 1.83391e-05 8.64581e-01 3.38263e-17 1.57949e-03 
5854.62 1.83833e-05 8.64978e-01 3.40029e-17 1.59355e-03 
5870.00 1.83427e-05 8.66290e-01 3.45640e-17 1.62298e-03 
5870.05 1.83402e-05 8.66295e-01 3.45658e-17 1.62286e-03 
5873.53 1.81108e-05 8.66590e-01 3.46870e-17 1.60968e-03 
5885.49 1.71116e-05 8.67599e-01 3.50862e-17 1.54330e-03 
5890.00 1.69513e-05 8.67978e-01 3.52299e-17 1.53695e-03 
5900.94 1.74785e-05 8.68888e-01 3.55624e-17 1.60436e-03 
5902.90 1.76381e-05 8.69050e-01 3.56196e-17 1.62246e-03 
5910.00 1.81315e-05 8.69633e-01 3.58204e-17 1.68039e-03 
5916.39 1.82800e-05 8.70155e-01 3.59929e-17 1.70518e-03 
5930.00 1.80745e-05 8.71256e-01 3.63328e-17 1.70800e-03 
5931.86 1.80507e-05 8.71406e-01 3.63765e-17 1.70863e-03 
5932.41 1.80452e-05 8.71450e-01 3.63893e-17 1.70896e-03 
5947.34 1.80673e-05 8.72648e-01 3.67121e-17 1.73296e-03 
5950.00 1.80837e-05 8.72861e-01 3.67649e-17 1.73823e-03 
5962.08 1.81149e-05 8.73820e-01 3.69861e-17 1.75718e-03 
5962.83 1.81144e-05 8.73879e-01 3.69989e-17 1.75808e-03 
5970.00 1.80955e-05 8.74444e-01 3.71149e-17 1.76502e-03 
5978.32 1.80418e-05 8.75096e-01 3.72362e-17 1.76931e-03 
5990.00 1.79071e-05 8.76004e-01 3.73821e-17 1.76825e-03 
5991.89 1.78787e-05 8.76150e-01 3.74030e-17 1.76729e-03 
5993.83 1.78481e-05 8.76300e-01 3.74238e-17 1.76612e-03 
6009.34 1.76194e-05 8.77497e-01 3.75613e-17 1.75682e-03 
6010.00 1.76129e-05 8.77547e-01 3.75660e-17 1.75668e-03 
6021.85 1.75721e-05 8.78450e-01 3.76356e-17 1.76114e-03 
6024.87 1.75858e-05 8.78679e-01 3.76488e-17 1.76447e-03 
6030.00 1.76323e-05 8.79065e-01 3.76667e-17 1.77226e-03 
6040.41 1.77924e-05 8.79844e-01 3.76865e-17 1.79397e-03 
6050.00 1.79172e-05 8.80556e-01 3.76852e-17 1.81082e-03 
6051.96 1.79290e-05 8.80700e-01 3.76826e-17 1.81277e-03 
6055.95 1.79351e-05 8.80995e-01 3.76750e-17 1.81482e-03 
6070.00 1.77862e-05 8.82024e-01 3.76226e-17 1.80354e-03 
6071.50 1.77565e-05 8.82134e-01 3.76147e-17 1.80082e-03 
6082.21 1.75209e-05 8.82910e-01 3.75454e-17 1.77834e-03 
6087.07 1.74336e-05 8.83260e-01 3.75066e-17 1.76976e-03 
6090.00 1.73977e-05 8.83470e-01 3.74809e-17 1.76618e-03 
6102.64 1.73451e-05 8.84369e-01 3.73515e-17 1.76020e-03 
6110.00 1.72391e-05 8.84887e-01 3.72624e-17 1.74839e-03 
6112.63 1.71624e-05 8.85070e-01 3.72281e-17 1.74011e-03 
6118.23 1.69542e-05 8.85459e-01 3.71508e-17 1.71776e-03 
6130.00 1.66314e-05 8.86267e-01 3.69697e-17 1.68160e-03 
6133.82 1.66465e-05 8.86527e-01 3.69056e-17 1.68175e-03 
6143.19 1.68200e-05 8.87160e-01 3.67376e-17 1.69534e-03 
6149.42 1.68562e-05 8.87579e-01 3.66174e-17 1.69595e-03 
6150.00 1.68501e-05 8.87617e-01 3.66060e-17 1.69503e-03 
6165.04 1.63529e-05 8.88617e-01 3.62879e-17 1.63656e-03 
6170.00 1.62861e-05 8.88944e-01 3.61748e-17 1.62669e-03 
6173.91 1.63515e-05 8.89200e-01 3.60830e-17 1.63059e-03 
6180.66 1.66365e-05 8.89641e-01 3.59187e-17 1.65407e-03 
6190.00 1.70726e-05 8.90251e-01 3.56798e-17 1.68986e-03 
6196.29 1.71981e-05 8.90665e-01 3.55116e-17 1.69676e-03 
6204.77 1.71679e-05 8.91230e-01 3.52756e-17 1.68590e-03 
6210.00 1.70903e-05 8.91584e-01 3.51251e-17 1.67318e-03 
6211.93 1.70580e-05 8.91716e-01 3.50685e-17 1.66810e-03 
6227.59 1.67192e-05 8.92791e-01 3.45914e-17 1.61874e-03 
6230.00 1.66465e-05 8.92956e-01 3.45149e-17 1.60905e-03 
6235.80 1.64511e-05 8.93350e-01 3.43283e-17 1.58374e-03 
6243.25 1.62360e-05 8.93849e-01 3.40823e-17 1.55455e-03 
6250.00 1.61792e-05 8.94293e-01 3.38536e-17 1.54115e-03 
6258.92 1.63933e-05 8.94873e-01 3.35434e-17 1.55045e-03 
6266.98 1.66983e-05 8.95390e-01 3.32555e-17 1.56866e-03 
6270.00 1.67946e-05 8.95583e-01 3.31457e-17 1.57359e-03 
6274.60 1.68926e-05 8.95875e-01 3.29767e-17 1.57638e-03 
6290.00 1.68317e-05 8.96844e-01 3.23957e-17 1.54848e-03 
6290.29 1.68256e-05 8.96862e-01 3.23844e-17 1.54749e-03 
6298.31 1.66186e-05 8.97360e-01 3.20727e-17 1.51650e-03 
6305.99 1.64181e-05 8.97833e-01 3.17688e-17 1.48660e-03 
6310.00 1.63469e-05 8.98078e-01 3.16083e-17 1.47402e-03 
6321.71 1.63272e-05 8.98790e-01 3.11319e-17 1.45389e-03 
6329.80 1.63872e-05 8.99280e-01 3.07962e-17 1.44614e-03 
6330.00 1.63886e-05 8.99292e-01 3.07880e-17 1.44594e-03 
6337.43 1.64227e-05 8.99739e-01 3.04760e-17 1.43666e-03 
6350.00 1.64057e-05 9.00491e-01 2.99394e-17 1.41389e-03 
6353.16 1.63871e-05 9.00679e-01 2.98032e-17 1.40685e-03 
6361.45 1.63339e-05 9.01170e-01 2.94425e-17 1.38787e-03 
6368.90 1.63193e-05 9.01607e-01 2.91157e-17 1.37351e-03 
6370.00 1.63225e-05 9.01672e-01 2.90670e-17 1.37183e-03 
6384.65 1.64210e-05 9.02524e-01 2.84155e-17 1.35354e-03 
6390.00 1.63992e-05 9.02832e-01 2.81752e-17 1.34190e-03 
6393.26 1.63497e-05 9.03020e-01 2.80282e-17 1.33183e-03 
6400.41 1.61846e-05 9.03430e-01 2.77047e-17 1.30521e-03 
6410.00 1.60102e-05 9.03977e-01 2.72681e-17 1.27348e-03 
6416.18 1.60200e-05 9.04328e-01 2.69854e-17 1.26275e-03 
6425.23 1.61197e-05 9.04840e-01 2.65698e-17 1.25351e-03 
6430.00 1.61478e-05 9.05109e-01 2.63498e-17 1.24660e-03 
6431.96 1.61448e-05 9.05219e-01 2.62594e-17 1.24262e-03 
6447.75 1.59543e-05 9.06100e-01 2.55287e-17 1.19788e-03 
6450.00 1.59318e-05 9.06225e-01 2.54243e-17 1.19188e-03 
6457.35 1.59041e-05 9.06630e-01 2.50829e-17 1.17570e-03 
6463.55 1.59004e-05 9.06969e-01 2.47950e-17 1.16348e-03 
6470.00 1.58688e-05 9.07320e-01 2.44952e-17 1.14872e-03 
6479.36 1.57355e-05 9.07826e-01 2.40601e-17 1.12108e-03 
6489.64 1.56432e-05 9.08380e-01 2.35827e-17 1.09479e-03 
6490.00 1.56440e-05 9.08399e-01 2.35660e-17 1.09416e-03 
6495.18 1.56933e-05 9.08678e-01 2.33257e-17 1.08761e-03 
6510.00 1.59542e-05 9.09471e-01 2.26400e-17 1.07658e-03 
6511.01 1.59639e-05 9.09525e-01 2.25934e-17 1.07524e-03 
6522.09 1.59655e-05 9.10110e-01 2.20832e-17 1.05353e-03 
6526.85 1.59396e-05 9.10359e-01 2.18646e-17 1.04246e-03 
6530.00 1.59257e-05 9.10523e-01 2.17203e-17 1.03536e-03 
6542.70 1.57970e-05 9.11177e-01 2.11408e-17 1.00225e-03 
6550.00 1.54273e-05 9.11550e-01 2.08096e-17 9.64933e-04 
6554.70 1.50002e-05 9.11790e-01 2.05972e-17 9.29560e-04 
6558.56 1.46042e-05 9.11987e-01 2.04232e-17 8.98097e-04 
6570.00 1.39061e-05 9.12568e-01 1.99105e-17 8.35685e-04 
6574.43 1.40724e-05 9.12793e-01 1.97132e-17 8.38066e-04 
6587.47 1.53337e-05 9.13450e-01 1.91364e-17 8.88863e-04 
6590.00 1.55400e-05 9.13577e-01 1.90254e-17 8.96065e-04 
6590.31 1.55615e-05 9.13592e-01 1.90118e-17 8.96715e-04 
6606.20 1.57853e-05 9.14383e-01 1.83201e-17 8.79396e-04 
6610.00 1.57227e-05 9.14570e-01 1.81563e-17 8.68754e-04 
6620.41 1.56186e-05 9.15080e-01 1.77110e-17 8.43634e-04 
6622.10 1.56106e-05 9.15162e-01 1.76392e-17 8.40067e-04 
6630.00 1.55937e-05 9.15545e-01 1.73053e-17 8.24599e-04 
6638.01 1.55915e-05 9.15930e-01 1.69698e-17 8.09818e-04 
6650.00 1.55373e-05 9.16503e-01 1.64738e-17 7.85322e-04 
6653.51 1.54959e-05 9.16670e-01 1.63300e-17 7.76941e-04 
6653.93 1.54903e-05 9.16690e-01 1.63128e-17 7.75913e-04 
6669.86 1.53402e-05 9.17448e-01 1.56689e-17 7.40444e-04 
6670.00 1.53406e-05 9.17454e-01 1.56634e-17 7.40218e-04 
6685.80 1.55093e-05 9.18204e-01 1.50388e-17 7.20811e-04 
6686.78 1.55149e-05 9.18250e-01 1.50006e-17 7.19382e-04 
6690.00 1.55165e-05 9.18403e-01 1.48752e-17 7.13905e-04 
6701.75 1.53311e-05 9.18957e-01 1.44229e-17 6.85544e-04 
6710.00 1.52081e-05 9.19345e-01 1.41104e-17 6.66406e-04 
6717.71 1.52310e-05 9.19704e-01 1.38219e-17 6.54768e-04 
6720.21 1.52568e-05 9.19820e-01 1.37291e-17 6.51799e-04 
6730.00 1.53394e-05 9.20270e-01 1.33697e-17 6.39416e-04 
6733.68 1.53320e-05 9.20439e-01 1.32360e-17 6.33180e-04 
6749.66 1.51604e-05 9.21163e-01 1.26656e-17 6.01006e-04 
6750.00 1.51575e-05 9.21178e-01 1.26538e-17 6.00367e-04 
6753.81 1.51335e-05 9.21350e-01 1.25201e-17 5.93533e-04 
6765.65 1.51237e-05 9.21881e-01 1.21111e-17 5.75106e-04 
6770.00 1.51256e-05 9.22075e-01 1.19631e-17 5.68640e-04 
6781.65 1.50977e-05 9.22591e-01 1.15725e-17 5.50310e-04 
6787.58 1.50639e-05 9.22850e-01 1.13772e-17 5.40432e-04 
6790.00 1.50464e-05 9.22955e-01 1.12981e-17 5.36308e-04 
6797.66 1.49833e-05 9.23286e-01 1.10501e-17 5.23112e-04 
6810.00 1.49323e-05 9.23812e-01 1.06590e-17 5.04076e-04 
6813.69 1.49464e-05 9.23968e-01 1.05440e-17 4.99463e-04 
6821.52 1.49939e-05 9.24300e-01 1.03025e-17 4.90315e-04 
6829.72 1.49909e-05 9.24647e-01 1.00541e-17 4.79153e-04 
6830.00 1.49887e-05 9.24659e-01 1.00456e-17 4.78703e-04 
6845.76 1.47239e-05 9.25325e-01 9.58052e-18 4.49832e-04 
6850.00 1.46731e-05 9.25504e-01 9.45808e-18 4.42911e-04 
6855.63 1.46629e-05 9.25740e-01 9.29737e-18 4.35551e-04 
6861.81 1.47031e-05 9.25999e-01 9.12316e-18 4.29068e-04 
6870.00 1.47734e-05 9.26339e-01 8.89614e-18 4.21047e-04 
6877.87 1.47974e-05 9.26665e-01 8.68192e-18 4.12194e-04 
6889.91 1.47605e-05 9.27160e-01 8.36198e-18 3.96918e-04 
6890.00 1.47600e-05 9.27164e-01 8.35953e-18 3.96795e-04 
6893.94 1.47379e-05 9.27325e-01 8.25666e-18 3.91619e-04 
6910.00 1.46449e-05 9.27977e-01 7.84787e-18 3.71001e-04 
6910.03 1.46447e-05 9.27978e-01 7.84721e-18 3.70969e-04 
6924.36 1.45935e-05 9.28550e-01 7.49575e-18 3.54065e-04 
6926.12 1.45880e-05 9.28620e-01 7.45337e-18 3.52047e-04 
6930.00 1.45752e-05 9.28772e-01 7.36072e-18 3.47616e-04 
6942.22 1.45266e-05 9.29248e-01 7.07488e-18 3.33762e-04 
6950.00 1.44974e-05 9.29547e-01 6.89756e-18 3.25212e-04 
6958.33 1.44762e-05 9.29866e-01 6.71150e-18 3.16462e-04 
6958.98 1.44751e-05 9.29890e-01 6.69731e-18 3.15807e-04 
6970.00 1.44718e-05 9.30308e-01 6.45782e-18 3.05064e-04 
6974.46 1.44780e-05 9.30475e-01 6.36294e-18 3.00958e-04 
6990.00 1.43992e-05 9.31052e-01 6.04086e-18 2.84977e-04 
6990.59 1.43893e-05 9.31074e-01 6.02888e-18 2.84249e-04 
6993.77 1.43266e-05 9.31190e-01 5.96471e-18 2.80160e-04 
7006.73 1.40432e-05 9.31659e-01 5.70900e-18 2.63464e-04 
7010.00 1.40070e-05 9.31778e-01 5.64601e-18 2.60040e-04 
7022.89 1.40899e-05 9.32250e-01 5.40296e-18 2.50906e-04 
7028.74 1.41681e-05 9.32470e-01 5.29547e-18 2.47544e-04 
7030.00 1.41820e-05 9.32518e-01 5.27259e-18 2.46773e-04 
7039.05 1.42307e-05 9.32867e-01 5.11041e-18 2.40402e-04 
7050.00 1.42024e-05 9.33286e-01 4.91984e-18 2.31440e-04 
7055.23 1.41706e-05 9.33479e-01 4.83097e-18 2.26967e-04 
7063.88 1.41079e-05 9.33780e-01 4.68672e-18 2.19555e-04 
7070.00 1.40638e-05 9.33975e-01 4.58703e-18 2.14443e-04 
7071.41 1.40544e-05 9.34018e-01 4.56428e-18 2.13289e-04 
7087.61 1.39864e-05 9.34468e-01 4.30994e-18 2.00985e-04 
7090.00 1.39849e-05 9.34529e-01 4.27340e-18 1.99340e-04 
7099.20 1.39957e-05 9.34760e-01 4.13528e-18 1.93345e-04 
7103.81 1.39985e-05 9.34873e-01 4.06759e-18 1.90364e-04 
7110.00 1.39828e-05 9.35015e-01 3.97816e-18 1.86160e-04 
7120.03 1.38924e-05 9.35195e-01 3.83681e-18 1.78672e-04 
7130.00 1.37757e-05 9.35272e-01 3.70055e-18 1.71132e-04 
7134.70 1.37312e-05 9.35260e-01 3.63777e-18 1.67794e-04 
7136.25 1.37190e-05 9.35248e-01 3.61723e-18 1.66732e-04 
7150.00 1.36701e-05 9.35056e-01 3.43978e-18 1.58259e-04 
7152.49 1.36734e-05 9.35024e-01 3.40846e-18 1.56906e-04 
7168.74 1.36492e-05 9.35099e-01 3.21009e-18 1.47859e-04 
7170.00 1.36339e-05 9.35137e-01 3.19510e-18 1.47036e-04 
7170.37 1.36288e-05 9.35150e-01 3.19068e-18 1.46786e-04 
7184.99 1.33439e-05 9.35981e-01 3.02175e-18 1.36508e-04 
7190.00 1.32908e-05 9.36359e-01 2.96574e-18 1.33591e-04 
7201.26 1.33763e-05 9.37208e-01 2.84306e-18 1.29208e-04 
7206.23 1.34480e-05 9.37530e-01 2.79041e-18 1.27627e-04 
7210.00 1.34909e-05 9.37736e-01 2.75096e-18 1.26318e-04 
7217.54 1.35174e-05 9.38054e-01 2.67362e-18 1.23178e-04 
7230.00 1.34799e-05 9.38399e-01 2.55001e-18 1.17403e-04 
7233.83 1.34743e-05 9.38481e-01 2.51307e-18 1.15725e-04 
7242.26 1.34825e-05 9.38660e-01 2.43339e-18 1.12276e-04 
7250.00 1.35031e-05 9.38852e-01 2.36219e-18 1.09296e-04 
7250.13 1.35034e-05 9.38856e-01 2.36104e-18 1.09249e-04 
7266.44 1.34830e-05 9.39375e-01 2.21718e-18 1.02723e-04 
7270.00 1.34401e-05 9.39510e-01 2.18680e-18 1.01058e-04 
7278.47 1.32729e-05 9.39860e-01 2.11611e-18 9.67234e-05 
7282.76 1.31844e-05 9.40053e-01 2.08111e-18 9.45647e-05 
7290.00 1.30930e-05 9.40399e-01 2.02315e-18 9.14178e-05 
7299.09 1.31409e-05 9.40850e-01 1.95252e-18 8.87016e-05 
7310.00 1.32601e-05 9.41390e-01 1.87060e-18 8.59282e-05 
7314.86 1.32676e-05 9.41620e-01 1.83513e-18 8.44233e-05 
7315.43 1.32663e-05 9.41646e-01 1.83104e-18 8.42364e-05 
7330.00 1.31802e-05 9.42273e-01 1.72851e-18 7.92131e-05 
7331.78 1.31734e-05 9.42344e-01 1.71637e-18 7.86416e-05 
7348.14 1.31923e-05 9.42961e-01 1.60818e-18 7.40031e-05 
7350.00 1.31987e-05 9.43029e-01 1.59627e-18 7.35146e-05 
7351.43 1.32036e-05 9.43080e-01 1.58715e-18 7.31397e-05 
7364.51 1.32142e-05 9.43539e-01 1.50617e-18 6.96212e-05 
7370.00 1.31804e-05 9.43727e-01 1.47330e-18 6.79919e-05 
7380.89 1.30261e-05 9.44091e-01 1.41003e-18 6.44299e-05 
7388.19 1.28975e-05 9.44330e-01 1.36902e-18 6.20157e-05 
7390.00 1.28673e-05 9.44388e-01 1.35904e-18 6.14383e-05 
7397.28 1.27649e-05 9.44621e-01 1.31948e-18 5.92478e-05 
7410.00 1.26903e-05 9.45017e-01 1.25295e-18 5.60513e-05 
7413.69 1.27001e-05 9.45129e-01 1.23424e-18 5.52912e-05 
7425.13 1.27762e-05 9.45470e-01 1.17779e-18 5.31797e-05 
7430.00 1.28019e-05 9.45612e-01 1.15452e-18 5.22757e-05 
7430.10 1.28022e-05 9.45615e-01 1.15404e-18 5.22561e-05 
7446.53 1.27977e-05 9.46082e-01 1.07862e-18 4.89558e-05 
7450.00 1.27998e-05 9.46179e-01 1.06326e-18 4.82945e-05 
7462.26 1.28470e-05 9.46520e-01 1.01067e-18 4.61677e-05 
7462.96 1.28495e-05 9.46540e-01 1.00774e-18 4.60476e-05 
7470.00 1.28564e-05 9.46735e-01 9.78717e-19 4.47970e-05 
7479.41 1.28000e-05 9.46996e-01 9.41146e-19 4.29543e-05 
7490.00 1.27188e-05 9.47288e-01 9.00441e-19 4.09063e-05 
7495.86 1.27009e-05 9.47449e-01 8.78624e-19 3.98967e-05 
7499.57 1.26988e-05 9.47550e-01 8.65082e-19 3.92991e-05 
7510.00 1.27042e-05 9.47833e-01 8.28020e-19 3.76949e-05 
7512.33 1.27032e-05 9.47896e-01 8.19947e-19 3.73385e-05 
7528.81 1.26831e-05 9.48339e-01 7.64907e-19 3.48697e-05 
7530.00 1.26831e-05 9.48371e-01 7.61058e-19 3.47007e-05 
7537.07 1.26893e-05 9.48560e-01 7.38629e-19 3.37329e-05 
7545.29 1.26921e-05 9.48779e-01 7.13303e-19 3.26266e-05 
7550.00 1.26805e-05 9.48904e-01 6.99184e-19 3.19758e-05 
7561.79 1.25997e-05 9.49215e-01 6.64942e-19 3.02731e-05 
7570.00 1.25428e-05 9.49428e-01 6.42046e-19 2.91369e-05 
7574.75 1.25253e-05 9.49550e-01 6.29127e-19 2.85323e-05 
7578.30 1.25183e-05 9.49640e-01 6.19642e-19 2.81022e-05 
7590.00 1.24981e-05 9.49934e-01 5.89315e-19 2.67330e-05 
7594.82 1.24780e-05 9.50054e-01 5.77227e-19 2.61626e-05 
7610.00 1.24089e-05 9.50434e-01 5.40679e-19 2.44288e-05 
7611.35 1.24064e-05 9.50468e-01 5.37533e-19 2.42870e-05 
7612.63 1.24050e-05 9.50500e-01 5.34579e-19 2.41557e-05 
7627.89 1.24298e-05 9.50888e-01 5.00399e-19 2.27111e-05 
7630.00 1.24353e-05 9.50941e-01 4.95846e-19 2.25218e-05 
7644.44 1.24228e-05 9.51295e-01 4.65677e-19 2.11782e-05 
7650.00 1.23644e-05 9.51424e-01 4.54541e-19 2.05923e-05 
7650.69 1.23540e-05 9.51440e-01 4.53176e-19 2.05153e-05 
7661.01 1.21567e-05 9.51668e-01 4.33222e-19 1.93296e-05 
7670.00 1.20506e-05 9.51869e-01 4.16508e-19 1.84471e-05 
7677.58 1.20993e-05 9.52052e-01 4.02900e-19 1.79377e-05 
7688.94 1.22333e-05 9.52370e-01 3.83284e-19 1.72846e-05 
7690.00 1.22381e-05 9.52403e-01 3.81507e-19 1.72142e-05 
7694.16 1.22341e-05 9.52538e-01 3.74582e-19 1.69078e-05 
7710.00 1.20899e-05 9.53037e-01 3.49312e-19 1.56215e-05 
7710.76 1.20860e-05 9.53057e-01 3.48146e-19 1.55663e-05 
7727.36 1.20888e-05 9.53270e-01 3.23477e-19 1.45010e-05 
7727.39 1.20888e-05 9.53270e-01 3.23439e-19 1.44993e-05 
7730.00 1.20814e-05 9.53253e-01 3.19714e-19 1.43281e-05 
7743.98 1.19579e-05 9.53100e-01 3.00465e-19 1.33498e-05 
7750.00 1.19247e-05 9.53134e-01 2.92516e-19 1.29711e-05 
7760.60 1.19722e-05 9.53604e-01 2.79007e-19 1.24444e-05 
7766.03 1.20169e-05 9.54140e-01 2.72333e-19 1.22075e-05 
7770.00 1.20428e-05 9.54682e-01 2.67537e-19 1.20313e-05 
7777.24 1.20576e-05 9.55807e-01 2.59006e-19 1.16867e-05 
7790.00 1.20228e-05 9.57110e-01 2.44605e-19 1.10380e-05 
7793.89 1.20089e-05 9.57054e-01 2.40370e-19 1.08392e-05 
7804.86 1.19657e-05 9.54940e-01 2.28803e-19 1.02722e-05 
7810.00 1.19378e-05 9.52726e-01 2.23563e-19 9.99690e-06 
7810.55 1.19344e-05 9.52451e-01 2.23012e-19 9.96723e-06 
7827.22 1.18150e-05 9.42769e-01 2.06849e-19 9.07870e-06 
7830.00 1.17989e-05 9.41303e-01 2.04263e-19 8.94223e-06 
7843.88 1.17645e-05 9.37460e-01 1.91821e-19 8.35364e-06 
7843.90 1.17645e-05 9.37460e-01 1.91806e-19 8.35301e-06 
7850.00 1.17721e-05 9.38446e-01 1.86569e-19 8.14508e-06 
7860.59 1.18064e-05 9.43156e-01 1.77808e-19 7.83486e-06 
7870.00 1.18246e-05 9.48561e-01 1.70354e-19 7.57013e-06 
7877.29 1.18100e-05 9.52196e-01 1.64789e-19 7.34862e-06 
7883.10 1.17832e-05 9.54060e-01 1.60479e-19 7.15944e-06 
7890.00 1.17416e-05 9.54607e-01 1.55501e-19 6.92287e-06 
7894.00 1.17154e-05 9.54235e-01 1.52683e-19 6.78300e-06 
7910.00 1.15796e-05 9.50288e-01 1.41901e-19 6.21774e-06 
7910.73 1.15715e-05 9.50092e-01 1.41430e-19 6.19205e-06 
7922.51 1.14290e-05 9.47970e-01 1.33983e-19 5.78946e-06 
7927.46 1.13774e-05 9.48055e-01 1.30973e-19 5.63790e-06 
7930.00 1.13565e-05 9.48331e-01 1.29453e-19 5.56559e-06 
7944.20 1.13263e-05 9.51825e-01 1.21259e-19 5.22797e-06 
7950.00 1.13520e-05 9.53714e-01 1.18063e-19 5.11557e-06 
7960.96 1.14394e-05 9.56957e-01 1.12239e-19 4.92412e-06 
7962.13 1.14493e-05 9.57230e-01 1.11636e-19 4.90402e-06 
7970.00 1.15046e-05 9.58568e-01 1.07646e-19 4.76291e-06 
7977.73 1.15235e-05 9.59179e-01 1.03864e-19 4.61056e-06 
7990.00 1.14794e-05 9.59240e-01 9.81218e-20 4.34592e-06 
7994.50 1.14436e-05 9.59123e-01 9.60921e-20 4.24464e-06 
8001.94 1.13773e-05 9.58930e-01 9.28320e-20 4.07984e-06 
8010.00 1.13220e-05 9.58863e-01 8.94172e-20 3.91431e-06 
8011.29 1.13168e-05 9.58868e-01 8.88808e-20 3.88971e-06 
8028.09 1.12922e-05 9.59186e-01 8.21919e-20 3.59789e-06 
8030.00 1.12853e-05 9.59243e-01 8.14642e-20 3.56489e-06 
8041.95 1.12071e-05 9.59630e-01 7.70460e-20 3.35452e-06 
8044.90 1.11904e-05 9.59723e-01 7.59894e-20 3.30514e-06 
8050.00 1.11777e-05 9.59877e-01 7.42005e-20 3.22623e-06 
8061.72 1.12246e-05 9.60198e-01 7.02395e-20 3.07230e-06 
8070.00 1.12321e-05 9.60401e-01 6.75683e-20 2.96110e-06 
8078.56 1.11507e-05 9.60593e-01 6.49106e-20 2.82758e-06 
8082.16 1.11044e-05 9.60670e-01 6.38229e-20 2.77010e-06 
8090.00 1.10270e-05 9.60829e-01 6.15148e-20 2.65433e-06 
8095.40 1.10180e-05 9.60935e-01 5.99732e-20 2.58771e-06 
8110.00 1.10956e-05 9.61213e-01 5.59910e-20 2.43800e-06 
8112.25 1.11067e-05 9.61257e-01 5.53998e-20 2.41544e-06 
8122.57 1.11273e-05 9.61460e-01 5.27707e-20 2.30850e-06 
8129.12 1.11159e-05 9.61596e-01 5.11647e-20 2.23808e-06 
8130.00 1.11130e-05 9.61615e-01 5.09522e-20 2.22849e-06 
8145.99 1.10410e-05 9.61958e-01 4.72437e-20 2.05766e-06 
8150.00 1.10320e-05 9.62044e-01 4.63571e-20 2.01857e-06 
8162.88 1.10304e-05 9.62304e-01 4.36146e-20 1.90240e-06 
8163.18 1.10296e-05 9.62310e-01 4.35528e-20 1.89965e-06 
8170.00 1.09844e-05 9.62436e-01 4.21678e-20 1.83347e-06 
8179.78 1.08193e-05 9.62603e-01 4.02565e-20 1.72643e-06 
8190.00 1.06580e-05 9.62768e-01 3.83495e-20 1.62242e-06 
8196.69 1.06338e-05 9.62874e-01 3.71498e-20 1.56956e-06 
8204.00 1.06576e-05 9.62990e-01 3.58808e-20 1.52086e-06 
8210.00 1.06792e-05 9.63088e-01 3.48702e-20 1.48227e-06 
8213.61 1.06812e-05 9.63148e-01 3.42764e-20 1.45803e-06 
8230.00 1.06441e-05 9.63430e-01 3.17008e-20 1.34686e-06 
8230.54 1.06438e-05 9.63439e-01 3.16194e-20 1.34346e-06 
8245.02 1.06812e-05 9.63700e-01 2.95084e-20 1.26073e-06 
8247.48 1.06924e-05 9.63745e-01 2.91631e-20 1.24772e-06 
8250.00 1.07041e-05 9.63792e-01 2.88142e-20 1.23458e-06 
8264.43 1.07569e-05 9.64065e-01 2.68928e-20 1.16029e-06 
8270.00 1.07630e-05 9.64172e-01 2.61860e-20 1.13132e-06 
8281.40 1.07378e-05 9.64394e-01 2.47950e-20 1.07043e-06 
8286.24 1.07125e-05 9.64490e-01 2.42260e-20 1.04412e-06 
8290.00 1.06874e-05 9.64565e-01 2.37934e-20 1.02362e-06 
8298.37 1.06155e-05 9.64732e-01 2.28568e-20 9.77862e-07 
8310.00 1.04833e-05 9.64967e-01 2.16161e-20 9.14769e-07 
8315.36 1.04115e-05 9.65076e-01 2.10667e-20 8.86083e-07 
