##### EXOPHOT SPECTRAL OVERLAP FILE #####
# Date: 01/12/2021 13:14:57
# SED file: SED_g2v.txt
# atmosphere file: atm_g2v_hzm_os2.txt
# photopigment file: phot2s.txt
# Stellar radius (Rs in km): 6.963400e+05
# Exoplanet orbit semi-major axis (sma in km): 1.481139e+08
# Total absorption rate (gamma_t in s-1): 2.49710e+00
# B band absorption rate (gamma_B in s-1): 1.00518e+00
# Q band absorption rate (gamma_Q in s-1): 1.49191e+00
# B-Q bands cut-off (in nm): 500
# photosynthetic photon flux density [ppfd in micromol photon m-2 s-1]: 1.95040e+03
# Total Stellar Irradiance (S in W m-2): 1.37004e+03
# -------------------------------------------------
# Col 1: Wavelength (wl in Angstrom) 
# Col 2: Spectral Flux Density (F_l in J cm-2 s-1 A-1) 
# Col 3: Atmosphere transmitance (T, no units) 
# Col 4: Pigment absorption cross section (sigma_abs in cm-2) 
# Col 5: Spectral Absorption Rate (Gamma_lambda in A-1 s-1)
2505.65 7.78485e-07 3.80767e-02 5.68047e-19 2.12392e-08 
2513.00 3.76036e-07 3.88994e-02 5.54211e-19 1.02557e-08 
2515.76 3.01361e-07 3.92100e-02 5.47350e-19 8.19107e-09 
2516.83 2.81718e-07 3.93312e-02 5.44451e-19 7.64343e-09 
2518.00 2.65815e-07 3.94633e-02 5.41154e-19 7.19569e-09 
2525.00 2.68980e-07 4.02585e-02 5.18529e-19 7.13734e-09 
2528.02 3.06931e-07 4.06034e-02 5.07387e-19 8.04723e-09 
2528.34 3.11402e-07 4.06400e-02 5.06162e-19 8.15310e-09 
2535.00 3.73490e-07 4.14066e-02 4.78859e-19 9.45056e-09 
2539.21 3.58551e-07 4.18941e-02 4.60125e-19 8.83491e-09 
2540.98 3.64323e-07 4.21000e-02 4.51960e-19 8.86733e-09 
2545.00 4.79310e-07 4.25694e-02 4.32893e-19 1.13163e-08 
2550.40 8.93540e-07 4.32036e-02 4.06394e-19 2.01425e-08 
2553.68 1.11450e-06 4.35900e-02 3.89990e-19 2.43563e-08 
2555.00 1.15978e-06 4.37455e-02 3.83359e-19 2.50167e-08 
2561.61 1.02748e-06 4.45342e-02 3.49956e-19 2.06498e-08 
2565.00 9.81278e-07 4.49494e-02 3.32866e-19 1.89582e-08 
2566.45 1.01756e-06 4.51300e-02 3.25601e-19 1.93183e-08 
2572.81 1.39079e-06 4.59515e-02 2.94274e-19 2.43581e-08 
2575.00 1.48751e-06 4.62488e-02 2.83764e-19 2.53058e-08 
2579.28 1.49187e-06 4.68600e-02 2.63666e-19 2.39336e-08 
2584.03 1.35031e-06 4.75849e-02 2.42314e-19 2.02535e-08 
2585.00 1.32188e-06 4.77388e-02 2.38061e-19 1.95496e-08 
2592.18 1.20336e-06 4.89000e-02 2.08289e-19 1.59942e-08 
2595.00 1.15895e-06 4.93593e-02 1.97433e-19 1.47542e-08 
2595.24 1.15409e-06 4.93991e-02 1.96516e-19 1.46373e-08 
2605.00 9.02072e-07 5.09966e-02 1.63320e-19 9.85264e-09 
2605.14 8.99153e-07 5.10200e-02 1.62891e-19 9.80001e-09 
2606.47 8.74699e-07 5.12400e-02 1.58943e-19 9.34730e-09 
2615.00 8.16755e-07 5.26770e-02 1.37108e-19 7.76553e-09 
2617.70 8.28197e-07 5.31390e-02 1.31590e-19 7.63153e-09 
2618.17 8.33844e-07 5.32200e-02 1.30700e-19 7.64462e-09 
2625.00 1.20017e-06 5.44081e-02 1.20385e-19 1.03879e-08 
2628.93 1.74395e-06 5.50993e-02 1.16847e-19 1.48593e-08 
2631.26 2.11169e-06 5.55100e-02 1.15653e-19 1.79574e-08 
2635.00 2.61587e-06 5.61728e-02 1.15256e-19 2.24651e-08 
2640.17 3.00410e-06 5.70950e-02 1.18099e-19 2.69225e-08 
2644.41 3.46147e-06 5.78600e-02 1.23697e-19 3.29801e-08 
2645.00 3.56199e-06 5.79664e-02 1.24724e-19 3.42899e-08 
2651.42 4.95809e-06 5.91426e-02 1.40423e-19 5.49611e-08 
2655.00 5.21474e-06 5.98077e-02 1.53095e-19 6.38172e-08 
2657.64 4.82872e-06 6.03000e-02 1.64433e-19 6.40554e-08 
2662.67 3.44821e-06 6.12462e-02 1.91353e-19 5.41689e-08 
2665.00 2.94255e-06 6.16881e-02 2.06410e-19 5.02662e-08 
2670.92 2.90550e-06 6.28200e-02 2.52992e-19 6.20885e-08 
2673.92 3.31180e-06 6.33985e-02 2.81651e-19 7.96024e-08 
2675.00 3.48091e-06 6.36071e-02 2.92850e-19 8.73154e-08 
2684.28 4.30503e-06 6.54200e-02 4.11957e-19 1.56780e-07 
2685.00 4.25848e-06 6.55618e-02 4.23086e-19 1.59662e-07 
2685.18 4.24265e-06 6.55982e-02 4.25986e-19 1.60259e-07 
2695.00 2.84267e-06 6.75464e-02 6.10507e-19 1.59038e-07 
2696.45 2.86379e-06 6.78382e-02 6.43403e-19 1.69673e-07 
2697.70 2.95571e-06 6.80900e-02 6.72956e-19 1.83929e-07 
2705.00 3.71936e-06 6.95795e-02 8.71259e-19 3.07035e-07 
2707.72 3.59978e-06 7.01416e-02 9.57418e-19 3.29519e-07 
2711.19 3.10995e-06 7.08600e-02 1.07745e-18 3.24066e-07 
2715.00 2.43166e-06 7.16543e-02 1.22402e-18 2.91491e-07 
2719.00 1.88648e-06 7.24937e-02 1.39558e-18 2.61240e-07 
2724.74 1.66641e-06 7.37100e-02 1.67597e-18 2.82374e-07 
2725.00 1.67555e-06 7.37644e-02 1.68943e-18 2.86440e-07 
2730.29 2.09706e-06 7.48996e-02 1.98835e-18 4.29254e-07 
2735.00 2.28481e-06 7.59230e-02 2.28920e-18 5.46749e-07 
2738.37 1.98216e-06 7.66600e-02 2.52528e-18 5.28971e-07 
2741.58 1.52888e-06 7.73656e-02 2.76717e-18 4.51731e-07 
2745.00 1.17029e-06 7.81235e-02 3.04477e-18 3.84675e-07 
2752.06 1.46225e-06 7.97000e-02 3.68279e-18 5.94619e-07 
2752.87 1.54569e-06 7.98819e-02 3.76178e-18 6.43684e-07 
2755.00 1.76783e-06 8.03622e-02 3.97568e-18 7.83337e-07 
2764.17 2.45164e-06 8.24503e-02 4.99688e-18 1.40551e-06 
2765.00 2.49514e-06 8.26411e-02 5.09761e-18 1.46311e-06 
2765.82 2.53581e-06 8.28300e-02 5.19852e-18 1.52031e-06 
2775.00 2.53884e-06 8.49607e-02 6.42038e-18 1.93464e-06 
2775.47 2.50161e-06 8.50717e-02 6.48828e-18 1.92928e-06 
2779.65 2.01880e-06 8.60500e-02 7.10475e-18 1.72705e-06 
2785.00 1.27562e-06 8.73104e-02 7.94587e-18 1.24073e-06 
2786.79 1.07304e-06 8.77334e-02 8.23921e-18 1.08816e-06 
2793.55 5.84054e-07 8.93500e-02 9.40499e-18 6.90216e-07 
2795.00 5.24392e-07 8.97009e-02 9.66629e-18 6.39760e-07 
2798.10 4.44161e-07 9.04551e-02 1.02370e-17 5.79339e-07 
2805.00 6.61828e-07 9.21485e-02 1.15629e-17 9.95762e-07 
2807.52 9.34485e-07 9.27700e-02 1.20644e-17 1.47819e-06 
2809.42 1.20281e-06 9.32424e-02 1.24507e-17 1.97490e-06 
2815.00 2.15668e-06 9.46277e-02 1.36054e-17 3.93475e-06 
2820.75 3.11155e-06 9.60681e-02 1.48306e-17 6.29511e-06 
2821.55 3.21709e-06 9.62700e-02 1.50036e-17 6.60025e-06 
2825.00 3.53321e-06 9.71417e-02 1.57524e-17 7.68887e-06 
2832.08 3.37339e-06 9.89500e-02 1.73088e-17 8.23717e-06 
2835.00 3.07517e-06 9.96996e-02 1.79521e-17 7.85516e-06 
2835.66 2.99551e-06 9.98700e-02 1.80980e-17 7.72885e-06 
2843.42 1.87180e-06 1.01883e-01 1.98024e-17 5.40561e-06 
2845.00 1.62679e-06 1.02295e-01 2.01452e-17 4.80134e-06 
2849.84 9.65446e-07 1.03570e-01 2.11849e-17 3.03900e-06 
2854.77 7.56786e-07 1.04883e-01 2.22186e-17 2.53447e-06 
2855.00 7.65840e-07 1.04945e-01 2.22666e-17 2.57207e-06 
2864.09 2.28881e-06 1.07390e-01 2.40767e-17 8.53259e-06 
2865.00 2.51249e-06 1.07636e-01 2.42500e-17 9.45849e-06 
2866.12 2.78909e-06 1.07937e-01 2.44601e-17 1.06245e-05 
2875.00 4.33447e-06 1.10341e-01 2.60310e-17 1.80187e-05 
2877.47 4.31525e-06 1.11014e-01 2.64331e-17 1.83428e-05 
2878.41 4.26277e-06 1.11270e-01 2.65812e-17 1.82692e-05 
2885.00 3.87158e-06 1.13084e-01 2.75510e-17 1.75185e-05 
2888.83 4.13212e-06 1.14149e-01 2.80538e-17 1.92434e-05 
2892.80 4.73923e-06 1.15260e-01 2.85237e-17 2.26900e-05 
2895.00 5.13013e-06 1.15879e-01 2.87611e-17 2.49178e-05 
2900.20 5.98699e-06 1.17351e-01 2.92549e-17 3.00086e-05 
2907.27 6.80884e-06 1.19370e-01 2.97691e-17 3.54113e-05 
2910.00 6.96967e-06 1.20156e-01 2.99184e-17 3.67039e-05 
2911.57 7.01372e-06 1.20608e-01 2.99914e-17 3.71854e-05 
2921.80 6.67358e-06 1.23570e-01 3.02395e-17 3.66792e-05 
2922.95 6.59638e-06 1.23903e-01 3.02428e-17 3.63709e-05 
2930.00 6.12857e-06 1.25965e-01 3.01567e-17 3.43386e-05 
2934.33 5.93571e-06 1.27247e-01 3.00152e-17 3.34884e-05 
2936.41 5.87430e-06 1.27870e-01 2.99239e-17 3.32264e-05 
2945.72 5.79053e-06 1.30702e-01 2.93397e-17 3.29283e-05 
2950.00 5.82549e-06 1.32008e-01 2.89802e-17 3.30964e-05 
2951.09 5.83887e-06 1.32340e-01 2.88800e-17 3.31530e-05 
2957.11 5.93219e-06 1.34154e-01 2.82695e-17 3.34910e-05 
2965.85 6.07885e-06 1.36780e-01 2.72262e-17 3.37989e-05 
2968.51 6.11388e-06 1.37588e-01 2.68760e-17 3.37849e-05 
2970.00 6.12963e-06 1.38041e-01 2.66745e-17 3.37458e-05 
2979.92 6.15809e-06 1.41103e-01 2.52431e-17 3.29042e-05 
2980.68 6.15554e-06 1.41340e-01 2.51280e-17 3.28040e-05 
2990.00 6.08496e-06 1.44284e-01 2.36744e-17 3.12860e-05 
2991.33 6.07037e-06 1.44709e-01 2.34628e-17 3.10369e-05 
2995.58 6.02295e-06 1.46080e-01 2.27809e-17 3.02256e-05 
3002.74 5.97566e-06 1.48418e-01 2.16299e-17 2.89982e-05 
3010.00 6.03487e-06 1.50789e-01 2.04812e-17 2.82411e-05 
3010.56 6.04607e-06 1.50970e-01 2.03942e-17 2.82124e-05 
3014.16 6.14080e-06 1.52134e-01 1.98389e-17 2.81228e-05 
3025.59 6.55159e-06 1.55804e-01 1.81817e-17 2.82678e-05 
3025.61 6.55224e-06 1.55810e-01 1.81791e-17 2.82679e-05 
3030.00 6.68114e-06 1.57238e-01 1.75974e-17 2.81983e-05 
3037.02 6.79055e-06 1.59558e-01 1.67474e-17 2.77423e-05 
3040.74 6.82320e-06 1.60800e-01 1.63442e-17 2.74499e-05 
3048.46 6.91645e-06 1.63409e-01 1.56238e-17 2.70989e-05 
3050.00 6.94828e-06 1.63929e-01 1.55014e-17 2.71097e-05 
3055.94 7.11917e-06 1.65930e-01 1.50996e-17 2.74402e-05 
3059.91 7.24096e-06 1.67250e-01 1.48997e-17 2.77955e-05 
3070.00 7.35157e-06 1.70608e-01 1.46675e-17 2.84313e-05 
3071.22 7.32896e-06 1.71020e-01 1.46687e-17 2.84259e-05 
3071.36 7.32593e-06 1.71065e-01 1.46692e-17 2.84240e-05 
3082.81 6.90264e-06 1.74999e-01 1.50359e-17 2.81871e-05 
3086.58 6.81241e-06 1.76310e-01 1.53062e-17 2.85658e-05 
3090.00 6.81402e-06 1.77502e-01 1.56225e-17 2.93927e-05 
3094.27 6.95673e-06 1.78993e-01 1.61175e-17 3.12623e-05 
3102.01 7.43640e-06 1.81700e-01 1.73192e-17 3.65437e-05 
3105.74 7.66727e-06 1.83007e-01 1.80498e-17 3.95976e-05 
3110.00 7.84990e-06 1.84504e-01 1.90150e-17 4.31170e-05 
3117.21 7.85847e-06 1.87041e-01 2.09891e-17 4.84125e-05 
3117.52 7.85174e-06 1.87150e-01 2.10842e-17 4.86234e-05 
3128.69 7.41473e-06 1.91095e-01 2.51131e-17 5.60442e-05 
3130.00 7.35561e-06 1.91561e-01 2.56680e-17 5.69883e-05 
3133.11 7.22502e-06 1.92670e-01 2.70579e-17 5.94081e-05 
3140.17 7.01239e-06 1.95210e-01 3.06193e-17 6.62582e-05 
3148.77 7.01089e-06 1.98320e-01 3.57747e-17 7.88462e-05 
3150.00 7.04171e-06 1.98763e-01 3.65869e-17 8.12030e-05 
3151.66 7.09721e-06 1.99363e-01 3.77206e-17 8.46783e-05 
3163.16 7.62637e-06 2.03516e-01 4.66383e-17 1.15266e-04 
3164.52 7.67067e-06 2.04010e-01 4.78262e-17 1.19229e-04 
3170.00 7.71399e-06 2.06004e-01 5.28991e-17 1.34148e-04 
3174.66 7.53965e-06 2.07705e-01 5.75921e-17 1.44139e-04 
3180.34 7.18741e-06 2.09790e-01 6.38215e-17 1.54071e-04 
3186.16 6.87975e-06 2.11933e-01 7.07879e-17 1.65547e-04 
3190.00 6.81738e-06 2.13350e-01 7.57189e-17 1.76859e-04 
3196.24 7.04372e-06 2.15660e-01 8.43268e-17 2.06111e-04 
3197.67 7.12914e-06 2.16190e-01 8.64029e-17 2.14367e-04 
3209.19 7.58032e-06 2.20469e-01 1.04570e-16 2.82334e-04 
3210.00 7.56294e-06 2.20771e-01 1.05946e-16 2.85854e-04 
3212.22 7.46423e-06 2.21600e-01 1.09791e-16 2.93663e-04 
3220.71 6.70894e-06 2.24771e-01 1.25364e-16 3.06510e-04 
3228.29 6.20576e-06 2.27610e-01 1.40457e-16 3.22421e-04 
3230.00 6.20031e-06 2.28254e-01 1.44029e-16 3.31441e-04 
3232.24 6.27873e-06 2.29096e-01 1.48784e-16 3.48235e-04 
3243.78 7.71986e-06 2.33444e-01 1.74741e-16 5.14234e-04 
3244.43 7.82713e-06 2.33690e-01 1.76279e-16 5.26630e-04 
3250.00 8.71826e-06 2.35799e-01 1.89738e-16 6.38165e-04 
3255.32 9.40771e-06 2.37814e-01 2.03053e-16 7.44470e-04 
3260.65 9.91191e-06 2.39840e-01 2.16855e-16 8.46204e-04 
3266.86 1.02725e-05 2.42202e-01 2.33433e-16 9.55146e-04 
3270.00 1.03656e-05 2.43398e-01 2.42002e-16 1.00508e-03 
3276.95 1.03826e-05 2.46050e-01 2.61370e-16 1.10149e-03 
3278.41 1.03596e-05 2.46608e-01 2.65497e-16 1.11943e-03 
3289.97 9.99964e-06 2.51036e-01 2.98760e-16 1.24210e-03 
3290.00 9.99845e-06 2.51048e-01 2.98853e-16 1.24242e-03 
3293.34 9.87501e-06 2.52330e-01 3.08600e-16 1.27486e-03 
3301.53 9.60361e-06 2.55481e-01 3.32658e-16 1.35653e-03 
3309.80 9.42891e-06 2.58670e-01 3.56940e-16 1.45054e-03 
3310.00 9.42653e-06 2.58746e-01 3.57514e-16 1.45301e-03 
3313.10 9.40110e-06 2.59942e-01 3.66554e-16 1.49400e-03 
3324.67 9.47202e-06 2.64419e-01 3.99766e-16 1.67576e-03 
3326.35 9.49883e-06 2.65070e-01 4.04488e-16 1.70541e-03 
3330.00 9.56669e-06 2.66485e-01 4.14625e-16 1.77197e-03 
3336.25 9.68070e-06 2.68913e-01 4.31589e-16 1.88699e-03 
3342.98 9.65460e-06 2.71530e-01 4.49168e-16 1.98161e-03 
3347.84 9.43208e-06 2.73418e-01 4.61320e-16 2.00505e-03 
3350.00 9.25543e-06 2.74260e-01 4.66583e-16 1.99736e-03 
3359.43 8.03791e-06 2.77934e-01 4.88289e-16 1.84480e-03 
3359.70 7.99961e-06 2.78040e-01 4.88882e-16 1.83910e-03 
3370.00 6.96912e-06 2.82067e-01 5.09946e-16 1.70062e-03 
3371.02 6.94531e-06 2.82468e-01 5.11879e-16 1.70417e-03 
3376.50 7.08309e-06 2.84610e-01 5.21680e-16 1.78759e-03 
3382.63 7.55968e-06 2.87009e-01 5.31557e-16 1.96393e-03 
3390.00 8.14781e-06 2.89895e-01 5.41823e-16 2.18405e-03 
3393.38 8.29419e-06 2.91220e-01 5.45918e-16 2.25257e-03 
3394.23 8.31731e-06 2.91555e-01 5.46890e-16 2.26604e-03 
3405.85 8.32990e-06 2.96113e-01 5.57561e-16 2.35797e-03 
3410.00 8.31818e-06 2.97744e-01 5.60203e-16 2.38174e-03 
3410.35 8.31958e-06 2.97880e-01 5.60396e-16 2.38429e-03 
3417.47 8.43347e-06 3.00678e-01 5.63379e-16 2.45774e-03 
3427.40 8.73010e-06 3.04580e-01 5.64457e-16 2.58964e-03 
3429.09 8.78004e-06 3.05245e-01 5.64285e-16 2.61063e-03 
3430.00 8.80537e-06 3.05602e-01 5.64150e-16 2.62129e-03 
3440.72 9.02581e-06 3.09818e-01 5.60347e-16 2.71408e-03 
3444.54 9.07933e-06 3.11320e-01 5.58031e-16 2.73510e-03 
3450.00 9.14571e-06 3.13475e-01 5.53861e-16 2.75781e-03 
3452.36 9.17333e-06 3.14406e-01 5.51756e-16 2.76569e-03 
3461.76 9.30802e-06 3.18100e-01 5.41628e-16 2.79474e-03 
3464.00 9.35241e-06 3.18977e-01 5.38813e-16 2.80299e-03 
3470.00 9.50946e-06 3.21312e-01 5.30576e-16 2.83193e-03 
3475.65 9.71893e-06 3.23509e-01 5.21912e-16 2.87119e-03 
3479.07 9.87120e-06 3.24840e-01 5.16272e-16 2.89937e-03 
3487.30 1.02950e-05 3.28063e-01 5.01525e-16 2.97364e-03 
3490.00 1.04454e-05 3.29121e-01 4.96369e-16 2.99801e-03 
3496.46 1.07950e-05 3.31660e-01 4.83405e-16 3.04633e-03 
3498.96 1.09040e-05 3.32643e-01 4.78176e-16 3.05503e-03 
3510.00 1.09431e-05 3.36979e-01 4.53865e-16 2.95733e-03 
3510.63 1.09144e-05 3.37226e-01 4.52425e-16 2.94290e-03 
3513.95 1.07104e-05 3.38530e-01 4.44749e-16 2.85257e-03 
3522.30 1.01033e-05 3.41817e-01 4.24847e-16 2.60158e-03 
3530.00 1.00222e-05 3.44845e-01 4.05936e-16 2.49312e-03 
3531.51 1.01192e-05 3.45440e-01 4.02165e-16 2.49923e-03 
3533.98 1.03510e-05 3.46406e-01 3.96009e-16 2.52615e-03 
3545.66 1.16664e-05 3.50984e-01 3.66458e-16 2.67835e-03 
3549.17 1.17533e-05 3.52360e-01 3.57513e-16 2.64539e-03 
3550.00 1.17299e-05 3.52684e-01 3.55405e-16 2.62758e-03 
3557.35 1.08257e-05 3.55563e-01 3.36704e-16 2.32098e-03 
3566.92 8.91315e-06 3.59310e-01 3.12526e-16 1.79723e-03 
3569.04 8.56589e-06 3.60140e-01 3.07209e-16 1.70276e-03 
3570.00 8.43342e-06 3.60515e-01 3.04818e-16 1.66556e-03 
3580.74 7.98487e-06 3.64707e-01 2.78380e-16 1.46132e-03 
3584.75 8.16415e-06 3.66270e-01 2.68717e-16 1.45008e-03 
3590.00 8.53289e-06 3.68313e-01 2.56279e-16 1.45560e-03 
3592.45 8.72438e-06 3.69265e-01 2.50561e-16 1.45982e-03 
3602.68 9.50218e-06 3.73240e-01 2.27312e-16 1.46212e-03 
3604.16 9.60070e-06 3.73815e-01 2.24035e-16 1.45882e-03 
3610.00 9.91970e-06 3.76080e-01 2.11363e-16 1.43297e-03 
3615.88 1.01015e-05 3.78356e-01 1.99019e-16 1.38457e-03 
3620.69 1.01545e-05 3.80220e-01 1.89222e-16 1.33162e-03 
3627.60 1.01103e-05 3.82895e-01 1.75672e-16 1.24191e-03 
3630.00 1.00685e-05 3.83824e-01 1.71108e-16 1.20837e-03 
3638.79 1.01230e-05 3.87220e-01 1.55039e-16 1.11324e-03 
3639.33 1.01616e-05 3.87426e-01 1.54095e-16 1.11143e-03 
3640.00 1.02194e-05 3.87685e-01 1.52914e-16 1.11014e-03 
3650.00 1.17092e-05 3.91528e-01 1.36053e-16 1.14607e-03 
3651.06 1.18440e-05 3.91936e-01 1.34339e-16 1.14619e-03 
3656.99 1.22954e-05 3.94210e-01 1.25064e-16 1.11596e-03 
3662.80 1.23469e-05 3.96443e-01 1.16410e-16 1.05067e-03 
3670.00 1.20827e-05 3.99203e-01 1.06316e-16 9.47419e-04 
3674.55 1.18381e-05 4.00944e-01 1.00277e-16 8.80434e-04 
3675.27 1.17991e-05 4.01220e-01 9.93425e-17 8.70117e-04 
3686.30 1.14197e-05 4.05420e-01 8.58780e-17 7.37831e-04 
3690.00 1.14738e-05 4.06825e-01 8.16939e-17 7.08360e-04 
3693.65 1.16504e-05 4.08210e-01 7.77230e-17 6.87308e-04 
3698.06 1.19365e-05 4.09884e-01 7.31266e-17 6.66054e-04 
3709.82 1.20391e-05 4.14343e-01 6.19194e-17 5.76841e-04 
3710.00 1.20237e-05 4.14409e-01 6.17627e-17 5.74768e-04 
3712.12 1.17879e-05 4.15210e-01 5.99054e-17 5.47916e-04 
3721.59 1.00482e-05 4.18785e-01 5.21410e-17 4.11065e-04 
3730.00 8.70158e-06 4.21946e-01 4.59663e-17 3.16903e-04 
3730.68 8.64394e-06 4.22200e-01 4.54963e-17 3.11830e-04 
3733.37 8.50972e-06 4.23210e-01 4.36692e-17 2.95577e-04 
3745.15 9.21539e-06 4.27619e-01 3.63795e-17 2.70284e-04 
3749.33 9.73699e-06 4.29180e-01 3.40541e-17 2.68603e-04 
3750.00 9.82346e-06 4.29430e-01 3.36940e-17 2.68327e-04 
3756.94 1.06940e-05 4.32013e-01 3.01485e-17 2.63427e-04 
3768.08 1.17610e-05 4.36150e-01 2.51267e-17 2.44488e-04 
3768.73 1.18020e-05 4.36392e-01 2.48565e-17 2.42880e-04 
3770.00 1.18732e-05 4.36862e-01 2.43381e-17 2.39586e-04 
3780.53 1.21253e-05 4.40755e-01 2.03903e-17 2.07390e-04 
3786.92 1.22014e-05 4.43110e-01 1.82794e-17 1.88405e-04 
3790.00 1.22827e-05 4.44243e-01 1.73320e-17 1.80436e-04 
3792.33 1.23751e-05 4.45101e-01 1.66438e-17 1.75021e-04 
3804.14 1.25612e-05 4.49426e-01 1.35197e-17 1.46163e-04 
3805.85 1.24466e-05 4.50050e-01 1.31141e-17 1.40742e-04 
3810.00 1.18994e-05 4.51563e-01 1.21744e-17 1.25469e-04 
3815.96 1.04246e-05 4.53733e-01 1.09297e-17 9.93100e-05 
3824.88 7.93010e-06 4.56970e-01 9.28023e-18 6.47539e-05 
3827.78 7.38753e-06 4.58020e-01 8.79456e-18 5.73414e-05 
3830.00 7.15129e-06 4.58821e-01 8.43905e-18 5.33880e-05 
3839.61 7.89623e-06 4.62288e-01 7.04414e-18 4.97017e-05 
3844.01 8.70462e-06 4.63870e-01 6.47925e-18 5.06266e-05 
3850.00 9.63437e-06 4.66025e-01 5.77568e-18 5.02596e-05 
3851.45 9.76513e-06 4.66544e-01 5.61688e-18 4.96150e-05 
3863.23 9.69065e-06 4.70760e-01 4.46447e-18 3.96092e-05 
3863.29 9.68767e-06 4.70781e-01 4.45931e-18 3.95536e-05 
3870.00 9.40439e-06 4.73170e-01 3.90505e-18 3.38538e-05 
3875.13 9.42444e-06 4.74989e-01 3.52540e-18 3.07863e-05 
3882.54 9.93359e-06 4.77610e-01 3.03725e-18 2.81643e-05 
3886.98 1.05249e-05 4.79178e-01 2.77585e-18 2.73934e-05 
3890.00 1.10545e-05 4.80242e-01 2.61039e-18 2.71381e-05 
3898.84 1.28553e-05 4.83349e-01 2.17743e-18 2.65550e-05 
3901.96 1.33009e-05 4.84440e-01 2.04172e-18 2.58418e-05 
3910.00 1.30534e-05 4.87246e-01 1.72740e-18 2.16253e-05 
3910.70 1.28980e-05 4.87491e-01 1.70221e-18 2.10708e-05 
3921.46 8.88450e-06 4.91230e-01 1.35827e-18 1.17025e-05 
3922.57 8.46500e-06 4.91615e-01 1.32693e-18 1.09042e-05 
3930.00 6.86908e-06 4.94192e-01 1.13429e-18 7.61788e-06 
3934.45 7.43374e-06 4.95729e-01 1.03235e-18 7.53502e-06 
3941.07 9.56458e-06 4.98000e-01 8.97160e-19 8.47818e-06 
3946.33 1.11822e-05 4.99782e-01 8.02670e-19 8.91174e-06 
3950.00 1.16872e-05 5.01018e-01 7.42784e-19 8.64862e-06 
3958.22 1.03070e-05 5.03772e-01 6.25038e-19 6.46689e-06 
3960.78 9.55364e-06 5.04630e-01 5.92544e-19 5.69596e-06 
3970.00 8.06486e-06 5.07725e-01 4.90142e-19 4.01108e-06 
3970.11 8.07268e-06 5.07762e-01 4.89050e-19 4.00643e-06 
3980.58 1.16017e-05 5.11280e-01 3.97161e-19 4.72081e-06 
3982.01 1.23133e-05 5.11759e-01 3.86372e-19 4.88057e-06 
3990.00 1.58795e-05 5.14437e-01 3.32758e-19 5.46001e-06 
3993.91 1.68537e-05 5.15746e-01 3.10380e-19 5.42435e-06 
4000.48 1.73801e-05 5.17940e-01 2.77928e-19 5.03849e-06 
4005.82 1.72163e-05 5.19720e-01 2.55863e-19 4.61671e-06 
4010.00 1.69933e-05 5.21109e-01 2.41056e-19 4.30916e-06 
4017.74 1.68057e-05 5.23674e-01 2.18769e-19 3.89411e-06 
4020.49 1.67965e-05 5.24580e-01 2.12349e-19 3.78689e-06 
4029.66 1.68062e-05 5.27594e-01 1.95989e-19 3.52529e-06 
4030.00 1.68045e-05 5.27704e-01 1.95530e-19 3.51771e-06 
4040.59 1.65879e-05 5.31160e-01 1.85677e-19 3.32769e-06 
4041.59 1.65514e-05 5.31487e-01 1.85184e-19 3.31440e-06 
4050.00 1.61435e-05 5.34220e-01 1.83805e-19 3.23187e-06 
4053.53 1.59261e-05 5.35363e-01 1.84628e-19 3.21227e-06 
4060.79 1.55464e-05 5.37710e-01 1.88764e-19 3.22576e-06 
4065.47 1.54767e-05 5.39214e-01 1.93092e-19 3.29792e-06 
4070.00 1.56404e-05 5.40668e-01 1.98479e-19 3.43883e-06 
4077.41 1.64466e-05 5.43037e-01 2.09741e-19 3.84499e-06 
4081.10 1.69547e-05 5.44210e-01 2.16429e-19 4.10272e-06 
4089.37 1.78500e-05 5.46838e-01 2.34044e-19 4.70297e-06 
4090.00 1.78856e-05 5.47038e-01 2.35537e-19 4.74490e-06 
4101.33 1.76950e-05 5.50615e-01 2.65714e-19 5.34516e-06 
4101.50 1.76848e-05 5.50670e-01 2.66234e-19 5.35328e-06 
4110.00 1.72304e-05 5.53336e-01 2.93217e-19 5.78411e-06 
4113.29 1.71616e-05 5.54364e-01 3.04644e-19 6.00149e-06 
4122.01 1.72494e-05 5.57080e-01 3.37581e-19 6.73133e-06 
4125.26 1.73219e-05 5.58090e-01 3.50859e-19 7.04382e-06 
4130.00 1.74022e-05 5.59558e-01 3.71185e-19 7.51473e-06 
4137.24 1.73952e-05 5.61794e-01 4.04478e-19 8.23255e-06 
4142.62 1.73441e-05 5.63450e-01 4.31018e-19 8.78416e-06 
4149.22 1.73269e-05 5.65474e-01 4.65674e-19 9.53028e-06 
4150.00 1.73330e-05 5.65712e-01 4.69925e-19 9.62653e-06 
4161.21 1.75463e-05 5.69126e-01 5.34650e-19 1.11843e-05 
4163.33 1.75755e-05 5.69770e-01 5.47695e-19 1.14950e-05 
4170.00 1.75320e-05 5.71784e-01 5.90272e-19 1.24216e-05 
4173.20 1.74099e-05 5.72748e-01 6.11609e-19 1.28123e-05 
4184.15 1.67752e-05 5.76030e-01 6.88922e-19 1.40221e-05 
4185.20 1.67226e-05 5.76345e-01 6.96729e-19 1.41478e-05 
4190.00 1.65668e-05 5.77777e-01 7.33056e-19 1.48004e-05 
4197.21 1.66395e-05 5.79923e-01 7.90146e-19 1.61102e-05 
4205.07 1.68643e-05 5.82250e-01 8.55807e-19 1.77890e-05 
4209.22 1.69067e-05 5.83474e-01 8.91934e-19 1.86439e-05 
4210.00 1.69017e-05 5.83703e-01 8.98814e-19 1.87930e-05 
4221.24 1.64599e-05 5.86995e-01 1.00209e-18 2.05747e-05 
4226.10 1.62357e-05 5.88410e-01 1.04893e-18 2.13187e-05 
4230.00 1.61349e-05 5.89545e-01 1.08757e-18 2.20294e-05 
4233.27 1.61341e-05 5.90493e-01 1.12053e-18 2.27500e-05 
4245.30 1.64044e-05 5.93966e-01 1.24705e-18 2.59679e-05 
4247.23 1.64232e-05 5.94520e-01 1.26807e-18 2.64726e-05 
4250.00 1.64080e-05 5.95316e-01 1.29864e-18 2.71396e-05 
4257.33 1.61031e-05 5.97410e-01 1.38134e-18 2.84803e-05 
4268.46 1.53612e-05 6.00570e-01 1.51202e-18 2.99738e-05 
4269.37 1.53096e-05 6.00828e-01 1.52300e-18 3.01094e-05 
4270.00 1.52764e-05 6.01005e-01 1.53055e-18 3.02063e-05 
4281.42 1.47630e-05 6.04223e-01 1.67148e-18 3.21355e-05 
4289.80 1.39242e-05 6.06570e-01 1.77839e-18 3.24369e-05 
4290.00 1.38941e-05 6.06625e-01 1.78093e-18 3.24175e-05 
4293.48 1.32839e-05 6.07596e-01 1.82613e-18 3.18568e-05 
4305.54 1.14432e-05 6.10945e-01 1.98616e-18 3.00964e-05 
4310.00 1.15793e-05 6.12175e-01 2.04653e-18 3.14758e-05 
4311.25 1.17558e-05 6.12520e-01 2.06358e-18 3.22494e-05 
4317.61 1.33807e-05 6.14262e-01 2.15069e-18 3.84216e-05 
4329.68 1.68355e-05 6.17551e-01 2.31873e-18 5.25445e-05 
4330.00 1.68830e-05 6.17638e-01 2.32324e-18 5.28066e-05 
4332.81 1.71352e-05 6.18400e-01 2.36273e-18 5.46091e-05 
4341.76 1.66749e-05 6.20822e-01 2.48918e-18 5.63215e-05 
4350.00 1.60786e-05 6.23041e-01 2.60624e-18 5.71730e-05 
4353.84 1.62180e-05 6.24071e-01 2.66088e-18 5.90271e-05 
4354.47 1.62667e-05 6.24240e-01 2.66985e-18 5.94290e-05 
4365.93 1.75406e-05 6.27289e-01 2.83259e-18 6.85008e-05 
4370.00 1.77604e-05 6.28365e-01 2.89009e-18 7.09549e-05 
4376.25 1.74794e-05 6.30010e-01 2.97800e-18 7.22477e-05 
4378.03 1.73030e-05 6.30479e-01 3.00301e-18 7.22023e-05 
4390.00 1.61295e-05 6.33610e-01 3.16899e-18 7.15733e-05 
4390.13 1.61241e-05 6.33645e-01 3.17082e-18 7.15968e-05 
4398.13 1.62765e-05 6.35720e-01 3.27952e-18 7.51327e-05 
4402.24 1.66165e-05 6.36784e-01 3.33469e-18 7.81960e-05 
4410.00 1.74277e-05 6.38780e-01 3.43693e-18 8.49425e-05 
4414.36 1.78465e-05 6.39897e-01 3.49329e-18 8.86521e-05 
4420.12 1.82868e-05 6.41370e-01 3.56643e-18 9.30757e-05 
4426.48 1.85851e-05 6.42992e-01 3.64531e-18 9.70705e-05 
4430.00 1.86489e-05 6.43886e-01 3.68804e-18 9.87606e-05 
4438.61 1.85407e-05 6.46063e-01 3.78951e-18 1.01427e-04 
4442.22 1.84628e-05 6.46970e-01 3.83074e-18 1.02326e-04 
4450.00 1.84492e-05 6.48914e-01 3.91671e-18 1.05044e-04 
4450.74 1.84683e-05 6.49098e-01 3.92469e-18 1.05414e-04 
4462.88 1.91303e-05 6.52115e-01 4.04975e-18 1.13505e-04 
4464.43 1.92199e-05 6.52500e-01 4.06492e-18 1.14570e-04 
4470.00 1.94464e-05 6.53886e-01 4.11796e-18 1.17829e-04 
4475.03 1.94734e-05 6.55132e-01 4.16371e-18 1.19666e-04 
4486.75 1.94981e-05 6.57980e-01 4.26230e-18 1.23511e-04 
4487.18 1.95143e-05 6.58082e-01 4.26568e-18 1.23742e-04 
4490.00 1.96729e-05 6.58747e-01 4.28755e-18 1.25593e-04 
4499.34 2.07152e-05 6.60912e-01 4.35492e-18 1.35047e-04 
4509.19 2.15159e-05 6.63190e-01 4.41744e-18 1.43083e-04 
4510.00 2.15175e-05 6.63381e-01 4.42222e-18 1.43316e-04 
4511.50 2.14842e-05 6.63733e-01 4.43085e-18 1.43497e-04 
4523.67 2.01878e-05 6.66628e-01 4.49303e-18 1.37697e-04 
4530.00 1.95068e-05 6.68138e-01 4.51982e-18 1.34337e-04 
4531.73 1.94037e-05 6.68550e-01 4.52648e-18 1.33957e-04 
4535.85 1.93187e-05 6.69524e-01 4.54118e-18 1.34121e-04 
4548.03 1.99753e-05 6.72375e-01 4.57522e-18 1.40690e-04 
4550.00 2.01502e-05 6.72832e-01 4.57940e-18 1.42210e-04 
4554.39 2.05498e-05 6.73850e-01 4.58740e-18 1.45643e-04 
4560.22 2.10229e-05 6.75198e-01 4.59522e-18 1.49741e-04 
4570.00 2.13401e-05 6.77450e-01 4.60128e-18 1.53036e-04 
4572.41 2.12735e-05 6.78004e-01 4.60143e-18 1.52768e-04 
4577.16 2.10036e-05 6.79090e-01 4.60020e-18 1.51188e-04 
4584.62 2.04544e-05 6.80787e-01 4.59427e-18 1.47652e-04 
4590.00 2.01874e-05 6.82007e-01 4.58701e-18 1.45927e-04 
4596.82 2.02058e-05 6.83545e-01 4.57434e-18 1.46202e-04 
4600.05 2.03088e-05 6.84270e-01 4.56704e-18 1.46971e-04 
4609.04 2.06259e-05 6.86282e-01 4.54240e-18 1.49188e-04 
4610.00 2.06450e-05 6.86497e-01 4.53939e-18 1.49306e-04 
4621.26 2.05547e-05 6.88995e-01 4.49936e-18 1.48239e-04 
4623.05 2.05114e-05 6.89390e-01 4.49219e-18 1.47832e-04 
4630.00 2.03591e-05 6.90919e-01 4.46237e-18 1.46303e-04 
4633.48 2.03220e-05 6.91681e-01 4.44631e-18 1.45782e-04 
4645.71 2.04235e-05 6.94343e-01 4.38444e-18 1.45410e-04 
4646.16 2.04329e-05 6.94440e-01 4.38202e-18 1.45431e-04 
4650.00 2.05267e-05 6.95270e-01 4.36093e-18 1.45689e-04 
4657.95 2.07683e-05 6.96983e-01 4.31510e-18 1.46465e-04 
4669.39 2.10357e-05 6.99430e-01 4.24487e-18 1.46808e-04 
4670.00 2.10415e-05 6.99559e-01 4.24102e-18 1.46762e-04 
4670.20 2.10432e-05 6.99601e-01 4.23978e-18 1.46745e-04 
4682.45 2.09114e-05 7.02197e-01 4.16003e-18 1.43991e-04 
4690.00 2.06213e-05 7.03785e-01 4.10941e-18 1.40810e-04 
4692.74 2.04828e-05 7.04360e-01 4.09087e-18 1.39428e-04 
4694.70 2.03784e-05 7.04771e-01 4.07755e-18 1.38404e-04 
4706.97 1.98794e-05 7.07324e-01 3.99411e-18 1.33078e-04 
4710.00 1.98651e-05 7.07951e-01 3.97354e-18 1.32500e-04 
4716.20 2.00318e-05 7.09230e-01 3.93176e-18 1.32620e-04 
4719.24 2.01798e-05 7.09852e-01 3.91156e-18 1.33116e-04 
4730.00 2.07631e-05 7.12048e-01 3.84142e-18 1.35231e-04 
4731.51 2.08244e-05 7.12355e-01 3.83182e-18 1.35393e-04 
4739.79 2.10243e-05 7.14030e-01 3.78069e-18 1.35423e-04 
4743.79 2.10618e-05 7.14839e-01 3.75689e-18 1.35077e-04 
4750.00 2.10831e-05 7.16087e-01 3.72150e-18 1.34350e-04 
4756.08 2.10941e-05 7.17305e-01 3.68879e-18 1.33635e-04 
4763.48 2.11027e-05 7.18780e-01 3.65195e-18 1.32833e-04 
4768.37 2.11041e-05 7.19749e-01 3.62961e-18 1.32343e-04 
4770.00 2.11036e-05 7.20070e-01 3.62257e-18 1.32187e-04 
4780.67 2.10777e-05 7.22167e-01 3.58145e-18 1.31199e-04 
4787.30 2.10242e-05 7.23460e-01 3.56082e-18 1.30526e-04 
4790.00 2.09902e-05 7.23985e-01 3.55359e-18 1.30218e-04 
4792.98 2.09438e-05 7.24563e-01 3.54644e-18 1.29853e-04 
4805.29 2.07697e-05 7.26940e-01 3.52673e-18 1.28808e-04 
4810.00 2.07699e-05 7.27843e-01 3.52369e-18 1.28985e-04 
4811.24 2.07809e-05 7.28080e-01 3.52333e-18 1.29115e-04 
4817.61 2.08889e-05 7.29297e-01 3.52448e-18 1.30218e-04 
4829.94 2.10433e-05 7.31633e-01 3.54183e-18 1.32587e-04 
4830.00 2.10430e-05 7.31644e-01 3.54197e-18 1.32594e-04 
4835.29 2.09453e-05 7.32640e-01 3.55602e-18 1.32827e-04 
4842.27 2.05826e-05 7.33944e-01 3.58092e-18 1.31866e-04 
4850.00 1.98099e-05 7.35381e-01 3.61744e-18 1.28665e-04 
4854.61 1.91619e-05 7.36233e-01 3.64387e-18 1.25630e-04 
4859.47 1.84615e-05 7.37130e-01 3.67569e-18 1.22366e-04 
4866.95 1.77407e-05 7.38505e-01 3.73276e-18 1.19821e-04 
4870.00 1.76937e-05 7.39063e-01 3.75893e-18 1.20508e-04 
4879.30 1.85546e-05 7.40759e-01 3.84962e-18 1.29965e-04 
4883.77 1.92162e-05 7.41570e-01 3.89914e-18 1.36605e-04 
4890.00 2.00022e-05 7.42696e-01 3.97493e-18 1.45362e-04 
4891.66 2.01372e-05 7.42995e-01 3.99643e-18 1.47244e-04 
4904.02 2.02406e-05 7.45209e-01 4.17512e-18 1.55470e-04 
4908.19 2.00767e-05 7.45950e-01 4.24282e-18 1.57001e-04 
4910.00 1.99995e-05 7.46271e-01 4.27348e-18 1.57653e-04 
4916.39 1.97563e-05 7.47400e-01 4.38752e-18 1.60342e-04 
4928.77 1.95719e-05 7.49569e-01 4.63535e-18 1.68729e-04 
4930.00 1.95847e-05 7.49785e-01 4.66208e-18 1.69904e-04 
4932.73 1.96368e-05 7.50260e-01 4.72244e-18 1.72766e-04 
4941.15 1.99442e-05 7.51722e-01 4.92027e-18 1.83491e-04 
4950.00 2.03402e-05 7.53251e-01 5.14744e-18 1.96524e-04 
4953.54 2.04707e-05 7.53859e-01 5.24376e-18 2.01792e-04 
4957.39 2.05763e-05 7.54520e-01 5.35252e-18 2.07383e-04 
4965.93 2.06212e-05 7.55977e-01 5.60719e-18 2.18520e-04 
4970.00 2.05244e-05 7.56668e-01 5.73543e-18 2.22855e-04 
4978.33 2.00731e-05 7.58074e-01 6.01178e-18 2.29264e-04 
4982.18 1.97886e-05 7.58720e-01 6.14584e-18 2.31430e-04 
4990.00 1.91697e-05 7.60026e-01 6.43083e-18 2.35361e-04 
4990.74 1.91132e-05 7.60148e-01 6.45855e-18 2.35752e-04 
5003.15 1.84093e-05 7.62202e-01 6.94836e-18 2.45560e-04 
5007.09 1.83493e-05 7.62850e-01 7.11285e-18 2.50964e-04 
5010.00 1.83784e-05 7.63328e-01 7.23719e-18 2.56065e-04 
5015.57 1.86086e-05 7.64239e-01 7.48183e-18 2.68655e-04 
5028.00 1.93508e-05 7.66262e-01 8.05940e-18 3.02480e-04 
5030.00 1.94206e-05 7.66586e-01 8.15669e-18 3.07489e-04 
5032.12 1.94621e-05 7.66930e-01 8.26108e-18 3.12361e-04 
5040.43 1.94171e-05 7.68268e-01 8.68125e-18 3.28601e-04 
5050.00 1.93886e-05 7.69797e-01 9.18994e-18 3.48698e-04 
5052.87 1.94722e-05 7.70252e-01 9.34729e-18 3.56612e-04 
5057.29 1.96722e-05 7.70950e-01 9.59445e-18 3.70459e-04 
5065.31 2.00436e-05 7.72208e-01 1.00572e-17 3.96934e-04 
5070.00 2.01241e-05 7.72939e-01 1.03359e-17 4.10337e-04 
5077.76 1.98934e-05 7.74149e-01 1.08104e-17 4.25570e-04 
5082.57 1.96412e-05 7.74900e-01 1.11127e-17 4.32753e-04 
5090.00 1.93466e-05 7.76063e-01 1.15916e-17 4.45952e-04 
5090.22 1.93427e-05 7.76098e-01 1.16060e-17 4.46453e-04 
5102.68 1.95030e-05 7.78020e-01 1.24428e-17 4.84989e-04 
5107.98 1.96176e-05 7.78810e-01 1.28107e-17 5.03297e-04 
5110.00 1.96368e-05 7.79104e-01 1.29524e-17 5.09755e-04 
5115.15 1.95986e-05 7.79843e-01 1.33193e-17 5.24200e-04 
5127.63 1.92398e-05 7.81595e-01 1.42339e-17 5.52516e-04 
5130.00 1.91740e-05 7.81929e-01 1.44116e-17 5.57997e-04 
5133.52 1.90954e-05 7.82430e-01 1.46784e-17 5.66747e-04 
5140.11 1.89525e-05 7.83385e-01 1.51843e-17 5.83354e-04 
5150.00 1.84850e-05 7.84846e-01 1.59606e-17 6.00321e-04 
5152.60 1.82651e-05 7.85233e-01 1.61683e-17 6.01496e-04 
5159.19 1.75804e-05 7.86210e-01 1.66998e-17 5.99495e-04 
5165.10 1.69597e-05 7.87077e-01 1.71831e-17 5.96404e-04 
5170.00 1.65625e-05 7.87791e-01 1.75889e-17 5.97294e-04 
5177.60 1.63212e-05 7.88889e-01 1.82260e-17 6.11660e-04 
5184.99 1.64993e-05 7.89950e-01 1.88539e-17 6.41411e-04 
5190.00 1.68190e-05 7.90668e-01 1.92843e-17 6.70022e-04 
5190.11 1.68276e-05 7.90683e-01 1.92937e-17 6.70719e-04 
5202.62 1.80082e-05 7.92468e-01 2.03827e-17 7.61834e-04 
5210.00 1.85445e-05 7.93511e-01 2.10328e-17 8.11760e-04 
5210.91 1.85845e-05 7.93640e-01 2.11137e-17 8.16913e-04 
5215.15 1.86942e-05 7.94235e-01 2.14895e-17 8.37667e-04 
5227.67 1.87925e-05 7.95984e-01 2.26100e-17 8.90063e-04 
5230.00 1.88623e-05 7.96306e-01 2.28193e-17 9.02408e-04 
5236.97 1.92411e-05 7.97270e-01 2.34476e-17 9.48281e-04 
5240.21 1.94221e-05 7.97717e-01 2.37403e-17 9.70292e-04 
5250.00 1.94431e-05 7.99060e-01 2.46271e-17 1.01121e-03 
5252.75 1.92023e-05 7.99436e-01 2.48761e-17 1.00979e-03 
5263.15 1.77926e-05 8.00850e-01 2.58191e-17 9.74766e-04 
5265.29 1.75427e-05 8.01140e-01 2.60131e-17 9.69043e-04 
5270.00 1.72294e-05 8.01774e-01 2.64387e-17 9.68938e-04 
5277.85 1.76291e-05 8.02826e-01 2.71467e-17 1.02082e-03 
5289.47 1.91924e-05 8.04370e-01 2.81886e-17 1.15876e-03 
5290.00 1.92591e-05 8.04440e-01 2.82360e-17 1.16496e-03 
5290.41 1.93087e-05 8.04494e-01 2.82724e-17 1.16964e-03 
5302.97 2.01209e-05 8.06146e-01 2.93856e-17 1.27244e-03 
5310.00 1.98797e-05 8.07062e-01 3.00006e-17 1.28666e-03 
5315.55 1.93269e-05 8.07782e-01 3.04817e-17 1.27340e-03 
5315.92 1.92833e-05 8.07830e-01 3.05135e-17 1.27202e-03 
5328.13 1.80407e-05 8.09404e-01 3.15561e-17 1.23595e-03 
5330.00 1.79774e-05 8.09645e-01 3.17140e-17 1.23858e-03 
5340.71 1.85010e-05 8.11013e-01 3.26043e-17 1.31529e-03 
5342.50 1.86639e-05 8.11240e-01 3.27504e-17 1.33363e-03 
5350.00 1.92662e-05 8.12192e-01 3.33581e-17 1.40583e-03 
5353.30 1.93976e-05 8.12609e-01 3.36218e-17 1.42822e-03 
5365.90 1.93005e-05 8.14189e-01 3.46043e-17 1.46889e-03 
5369.21 1.92265e-05 8.14600e-01 3.48557e-17 1.47554e-03 
5370.00 1.92116e-05 8.14698e-01 3.49155e-17 1.47732e-03 
5378.51 1.91285e-05 8.15749e-01 3.55476e-17 1.50187e-03 
5390.00 1.89890e-05 8.17155e-01 3.63698e-17 1.53130e-03 
5391.12 1.89581e-05 8.17291e-01 3.64478e-17 1.53266e-03 
5396.05 1.87841e-05 8.17890e-01 3.67874e-17 1.53526e-03 
5403.74 1.84885e-05 8.18817e-01 3.73010e-17 1.53612e-03 
5410.00 1.83464e-05 8.19570e-01 3.77058e-17 1.54407e-03 
5416.36 1.83816e-05 8.20332e-01 3.81037e-17 1.56664e-03 
5423.03 1.85644e-05 8.21130e-01 3.85063e-17 1.60247e-03 
5428.99 1.87847e-05 8.21841e-01 3.88526e-17 1.63929e-03 
5430.00 1.88227e-05 8.21962e-01 3.89099e-17 1.64557e-03 
5441.63 1.91833e-05 8.23345e-01 3.95446e-17 1.71098e-03 
5450.00 1.92743e-05 8.24332e-01 3.99702e-17 1.74236e-03 
5450.15 1.92741e-05 8.24350e-01 3.99776e-17 1.74275e-03 
5454.27 1.92417e-05 8.24833e-01 4.01772e-17 1.75085e-03 
5466.92 1.89799e-05 8.26304e-01 4.07478e-17 1.75875e-03 
5470.00 1.89191e-05 8.26659e-01 4.08769e-17 1.76041e-03 
5477.40 1.88294e-05 8.27510e-01 4.11718e-17 1.76891e-03 
5479.58 1.88155e-05 8.27760e-01 4.12544e-17 1.77239e-03 
5490.00 1.87909e-05 8.28949e-01 4.16220e-17 1.79182e-03 
5492.24 1.87889e-05 8.29204e-01 4.16952e-17 1.79606e-03 
5504.79 1.87819e-05 8.30620e-01 4.20656e-17 1.81858e-03 
5504.91 1.87819e-05 8.30634e-01 4.20690e-17 1.81880e-03 
5510.00 1.87842e-05 8.31203e-01 4.21999e-17 1.82762e-03 
5517.59 1.87999e-05 8.32048e-01 4.23746e-17 1.84112e-03 
5530.00 1.89051e-05 8.33417e-01 4.26070e-17 1.86883e-03 
5530.27 1.89090e-05 8.33446e-01 4.26114e-17 1.86957e-03 
5532.31 1.89412e-05 8.33670e-01 4.26430e-17 1.87533e-03 
5542.96 1.91091e-05 8.34833e-01 4.27790e-17 1.90430e-03 
5550.00 1.91280e-05 8.35596e-01 4.28421e-17 1.91317e-03 
5555.66 1.90396e-05 8.36206e-01 4.28775e-17 1.90924e-03 
5559.97 1.89215e-05 8.36670e-01 4.28952e-17 1.90071e-03 
5568.36 1.86274e-05 8.37566e-01 4.29071e-17 1.87652e-03 
5570.00 1.85674e-05 8.37741e-01 4.29060e-17 1.87136e-03 
5581.07 1.82322e-05 8.38914e-01 4.28686e-17 1.84220e-03 
5587.77 1.81600e-05 8.39620e-01 4.28213e-17 1.83663e-03 
5590.00 1.81702e-05 8.39854e-01 4.28014e-17 1.83805e-03 
5593.79 1.82305e-05 8.40251e-01 4.27631e-17 1.84461e-03 
5606.51 1.86126e-05 8.41579e-01 4.25916e-17 1.88296e-03 
5610.00 1.86986e-05 8.41941e-01 4.25333e-17 1.89106e-03 
5615.71 1.87705e-05 8.42530e-01 4.24275e-17 1.89687e-03 
5619.24 1.87821e-05 8.42892e-01 4.23559e-17 1.89684e-03 
5630.00 1.87659e-05 8.43988e-01 4.21080e-17 1.89017e-03 
5631.97 1.87676e-05 8.44188e-01 4.20578e-17 1.88920e-03 
5643.79 1.87773e-05 8.45380e-01 4.17274e-17 1.88192e-03 
5644.71 1.87725e-05 8.45473e-01 4.16994e-17 1.88069e-03 
5650.00 1.87107e-05 8.46003e-01 4.15336e-17 1.86997e-03 
5657.46 1.85215e-05 8.46749e-01 4.12830e-17 1.84394e-03 
5670.00 1.82775e-05 8.47992e-01 4.08196e-17 1.80586e-03 
5670.22 1.82776e-05 8.48013e-01 4.08112e-17 1.80560e-03 
5672.01 1.82858e-05 8.48190e-01 4.07406e-17 1.80424e-03 
5682.98 1.84778e-05 8.49264e-01 4.02866e-17 1.80864e-03 
5690.00 1.85129e-05 8.49947e-01 3.99765e-17 1.80180e-03 
5695.75 1.83802e-05 8.50504e-01 3.97121e-17 1.78002e-03 
5700.37 1.82319e-05 8.50950e-01 3.94924e-17 1.75823e-03 
5708.52 1.81173e-05 8.51734e-01 3.90907e-17 1.73348e-03 
5710.00 1.81416e-05 8.51876e-01 3.90159e-17 1.73321e-03 
5721.30 1.87505e-05 8.52955e-01 3.84256e-17 1.77002e-03 
5728.87 1.91250e-05 8.53670e-01 3.80125e-17 1.78982e-03 
5730.00 1.91475e-05 8.53776e-01 3.79498e-17 1.78955e-03 
5734.09 1.91339e-05 8.54160e-01 3.77199e-17 1.77951e-03 
5746.88 1.86447e-05 8.55350e-01 3.69769e-17 1.70603e-03 
5750.00 1.85590e-05 8.55637e-01 3.67908e-17 1.69112e-03 
5757.52 1.85622e-05 8.56330e-01 3.63340e-17 1.67395e-03 
5759.69 1.85963e-05 8.56530e-01 3.62000e-17 1.67186e-03 
5770.00 1.87067e-05 8.57476e-01 3.55520e-17 1.65646e-03 
5772.49 1.86760e-05 8.57704e-01 3.53926e-17 1.64748e-03 
5785.31 1.82930e-05 8.58870e-01 3.45578e-17 1.58128e-03 
5786.30 1.82665e-05 8.58960e-01 3.44920e-17 1.57642e-03 
5790.00 1.81976e-05 8.59294e-01 3.42461e-17 1.56088e-03 
5798.13 1.82439e-05 8.60026e-01 3.36992e-17 1.54333e-03 
5810.00 1.85615e-05 8.61086e-01 3.28861e-17 1.53734e-03 
5810.96 1.85875e-05 8.61171e-01 3.28199e-17 1.53680e-03 
5815.23 1.86897e-05 8.61550e-01 3.25228e-17 1.53307e-03 
5823.79 1.87970e-05 8.62304e-01 3.19233e-17 1.51700e-03 
5830.00 1.87601e-05 8.62847e-01 3.14844e-17 1.49574e-03 
5836.63 1.86050e-05 8.63425e-01 3.10125e-17 1.46378e-03 
5844.31 1.84017e-05 8.64090e-01 3.04626e-17 1.42508e-03 
5849.48 1.83394e-05 8.64536e-01 3.00905e-17 1.40488e-03 
5850.00 1.83391e-05 8.64581e-01 3.00530e-17 1.40330e-03 
5862.33 1.84901e-05 8.65638e-01 2.91605e-17 1.37741e-03 
5870.00 1.83427e-05 8.66290e-01 2.86035e-17 1.34310e-03 
5873.53 1.81108e-05 8.66590e-01 2.83464e-17 1.31544e-03 
5875.19 1.79735e-05 8.66731e-01 2.82253e-17 1.30047e-03 
5888.06 1.69908e-05 8.67816e-01 2.72877e-17 1.19262e-03 
5890.00 1.69513e-05 8.67978e-01 2.71465e-17 1.18430e-03 
5900.94 1.74785e-05 8.68888e-01 2.63503e-17 1.18877e-03 
5902.90 1.76381e-05 8.69050e-01 2.62076e-17 1.19375e-03 
5910.00 1.81315e-05 8.69633e-01 2.56921e-17 1.20526e-03 
5913.82 1.82542e-05 8.69945e-01 2.54156e-17 1.20156e-03 
5926.71 1.81351e-05 8.70990e-01 2.44860e-17 1.15395e-03 
5930.00 1.80745e-05 8.71256e-01 2.42496e-17 1.13997e-03 
5932.41 1.80452e-05 8.71450e-01 2.40766e-17 1.13072e-03 
5939.60 1.80260e-05 8.72028e-01 2.35638e-17 1.10753e-03 
5950.00 1.80837e-05 8.72861e-01 2.28271e-17 1.07925e-03 
5952.50 1.80963e-05 8.73060e-01 2.26510e-17 1.07237e-03 
5962.08 1.81149e-05 8.73820e-01 2.19810e-17 1.04430e-03 
5965.41 1.81105e-05 8.74083e-01 2.17496e-17 1.03394e-03 
5970.00 1.80955e-05 8.74444e-01 2.14321e-17 1.01921e-03 
5978.32 1.80418e-05 8.75096e-01 2.08612e-17 9.91237e-04 
5990.00 1.79071e-05 8.76004e-01 2.00710e-17 9.49404e-04 
5991.24 1.78885e-05 8.76100e-01 1.99876e-17 9.44780e-04 
5991.89 1.78787e-05 8.76150e-01 1.99446e-17 9.42383e-04 
6004.17 1.76840e-05 8.77099e-01 1.91303e-17 8.96863e-04 
6010.00 1.76129e-05 8.77547e-01 1.87496e-17 8.76781e-04 
6017.11 1.75706e-05 8.78090e-01 1.82905e-17 8.54795e-04 
6021.85 1.75721e-05 8.78450e-01 1.79875e-17 8.41715e-04 
6030.00 1.76323e-05 8.79065e-01 1.74724e-17 8.22097e-04 
6030.05 1.76329e-05 8.79069e-01 1.74694e-17 8.21993e-04 
6043.00 1.78336e-05 8.80036e-01 1.66681e-17 7.95795e-04 
6050.00 1.79172e-05 8.80556e-01 1.62434e-17 7.80515e-04 
6051.96 1.79290e-05 8.80700e-01 1.61259e-17 7.75758e-04 
6055.95 1.79351e-05 8.80995e-01 1.58875e-17 7.65308e-04 
6068.91 1.78062e-05 8.81945e-01 1.51282e-17 7.25832e-04 
6070.00 1.77862e-05 8.82024e-01 1.50655e-17 7.22204e-04 
6081.88 1.75279e-05 8.82886e-01 1.43911e-17 6.81848e-04 
6082.21 1.75209e-05 8.82910e-01 1.43723e-17 6.80747e-04 
6090.00 1.73977e-05 8.83470e-01 1.39411e-17 6.56935e-04 
6094.85 1.73701e-05 8.83817e-01 1.36765e-17 6.44207e-04 
6107.84 1.72854e-05 8.84735e-01 1.29848e-17 6.10577e-04 
6110.00 1.72391e-05 8.84887e-01 1.28719e-17 6.03961e-04 
6112.63 1.71624e-05 8.85070e-01 1.27356e-17 5.95286e-04 
6120.83 1.68547e-05 8.85638e-01 1.23164e-17 5.66494e-04 
6130.00 1.66314e-05 8.86267e-01 1.18586e-17 5.39398e-04 
6133.82 1.66465e-05 8.86527e-01 1.16715e-17 5.31857e-04 
6143.19 1.68200e-05 8.87160e-01 1.12213e-17 5.17831e-04 
6146.82 1.68610e-05 8.87404e-01 1.10500e-17 5.11611e-04 
6150.00 1.68501e-05 8.87617e-01 1.09017e-17 5.04803e-04 
6159.83 1.65361e-05 8.88272e-01 1.04520e-17 4.76072e-04 
6170.00 1.62861e-05 8.88944e-01 1.00011e-17 4.49726e-04 
6172.85 1.63241e-05 8.89131e-01 9.87748e-18 4.45503e-04 
6173.91 1.63515e-05 8.89200e-01 9.83179e-18 4.44298e-04 
6185.87 1.69008e-05 8.89981e-01 9.32615e-18 4.36832e-04 
6190.00 1.70726e-05 8.90251e-01 9.15614e-18 4.33650e-04 
6198.90 1.72080e-05 8.90837e-01 8.79781e-18 4.20863e-04 
6204.77 1.71679e-05 8.91230e-01 8.56706e-18 4.09439e-04 
6210.00 1.70903e-05 8.91584e-01 8.36576e-18 3.98503e-04 
6211.93 1.70580e-05 8.91716e-01 8.29217e-18 3.94433e-04 
6224.98 1.67901e-05 8.92612e-01 7.80885e-18 3.66744e-04 
6230.00 1.66465e-05 8.92956e-01 7.62864e-18 3.55640e-04 
6235.80 1.64511e-05 8.93350e-01 7.42467e-18 3.42537e-04 
6238.03 1.63775e-05 8.93500e-01 7.34744e-18 3.37635e-04 
6250.00 1.61792e-05 8.94293e-01 6.94316e-18 3.16080e-04 
6251.08 1.61891e-05 8.94364e-01 6.90748e-18 3.14729e-04 
6264.15 1.65932e-05 8.95209e-01 6.48847e-18 3.03937e-04 
6266.98 1.66983e-05 8.95390e-01 6.40039e-18 3.01906e-04 
6270.00 1.67946e-05 8.95583e-01 6.30743e-18 2.99446e-04 
6277.22 1.69222e-05 8.96041e-01 6.08989e-18 2.91799e-04 
6290.00 1.68317e-05 8.96844e-01 5.71943e-18 2.73383e-04 
6290.29 1.68256e-05 8.96862e-01 5.71116e-18 2.72908e-04 
6298.31 1.66186e-05 8.97360e-01 5.48856e-18 2.59517e-04 
6303.38 1.64802e-05 8.97672e-01 5.35170e-18 2.51228e-04 
6310.00 1.63469e-05 8.98078e-01 5.17695e-18 2.41421e-04 
6316.47 1.63085e-05 8.98473e-01 5.01090e-18 2.33470e-04 
6329.56 1.63856e-05 8.99266e-01 4.68814e-18 2.20114e-04 
6329.80 1.63872e-05 8.99280e-01 4.68241e-18 2.19879e-04 
6330.00 1.63886e-05 8.99292e-01 4.67772e-18 2.19686e-04 
6342.67 1.64271e-05 9.00053e-01 4.38280e-18 2.06907e-04 
6350.00 1.64057e-05 9.00491e-01 4.21939e-18 1.99260e-04 
6355.78 1.63695e-05 9.00835e-01 4.09423e-18 1.93172e-04 
6361.45 1.63339e-05 9.01170e-01 3.97444e-18 1.87349e-04 
6368.90 1.63193e-05 9.01607e-01 3.82178e-18 1.80290e-04 
6370.00 1.63225e-05 9.01672e-01 3.79961e-18 1.79324e-04 
6382.02 1.64110e-05 9.02372e-01 3.56482e-18 1.69605e-04 
6390.00 1.63992e-05 9.02832e-01 3.41599e-18 1.62693e-04 
6393.26 1.63497e-05 9.03020e-01 3.35672e-18 1.59502e-04 
6395.15 1.63108e-05 9.03129e-01 3.32270e-18 1.57576e-04 
6408.29 1.60267e-05 9.03880e-01 3.09478e-18 1.44627e-04 
6410.00 1.60102e-05 9.03977e-01 3.06618e-18 1.43197e-04 
6421.44 1.60769e-05 9.04626e-01 2.88044e-18 1.35421e-04 
6425.23 1.61197e-05 9.04840e-01 2.82112e-18 1.33095e-04 
6430.00 1.61478e-05 9.05109e-01 2.74789e-18 1.30002e-04 
6434.59 1.61280e-05 9.05367e-01 2.67905e-18 1.26716e-04 
6447.75 1.59543e-05 9.06100e-01 2.49001e-18 1.16839e-04 
6450.00 1.59318e-05 9.06225e-01 2.45888e-18 1.15271e-04 
6457.35 1.59041e-05 9.06630e-01 2.35956e-18 1.10598e-04 
6460.92 1.59028e-05 9.06825e-01 2.31271e-18 1.08476e-04 
6470.00 1.58688e-05 9.07320e-01 2.19698e-18 1.03029e-04 
6474.09 1.58181e-05 9.07541e-01 2.14659e-18 1.00432e-04 
6487.27 1.56465e-05 9.08252e-01 1.99106e-18 9.24046e-05 
6489.64 1.56432e-05 9.08380e-01 1.96417e-18 9.11834e-05 
6490.00 1.56440e-05 9.08399e-01 1.96011e-18 9.10069e-05 
6500.46 1.57887e-05 9.08961e-01 1.84557e-18 8.66744e-05 
6510.00 1.59542e-05 9.09471e-01 1.74628e-18 8.30390e-05 
6513.65 1.59796e-05 9.09665e-01 1.70960e-18 8.14871e-05 
6522.09 1.59655e-05 9.10110e-01 1.62742e-18 7.76400e-05 
6526.85 1.59396e-05 9.10359e-01 1.58263e-18 7.54562e-05 
6530.00 1.59257e-05 9.10523e-01 1.55361e-18 7.40575e-05 
6540.06 1.58579e-05 9.11042e-01 1.46415e-18 6.96423e-05 
6550.00 1.54273e-05 9.11550e-01 1.38031e-18 6.40047e-05 
6553.27 1.51412e-05 9.11717e-01 1.35369e-18 6.16482e-05 
6554.70 1.50002e-05 9.11790e-01 1.34223e-18 6.05754e-05 
6566.49 1.39778e-05 9.12390e-01 1.25078e-18 5.27302e-05 
6570.00 1.39061e-05 9.12568e-01 1.22472e-18 5.14039e-05 
6579.72 1.45322e-05 9.13060e-01 1.15500e-18 5.07624e-05 
6587.47 1.53337e-05 9.13450e-01 1.10204e-18 5.11882e-05 
6590.00 1.55400e-05 9.13577e-01 1.08524e-18 5.11132e-05 
6592.96 1.57082e-05 9.13725e-01 1.06590e-18 5.07762e-05 
6606.20 1.57853e-05 9.14383e-01 9.83084e-19 4.71897e-05 
6610.00 1.57227e-05 9.14570e-01 9.60434e-19 4.59553e-05 
6619.45 1.56241e-05 9.15033e-01 9.06171e-19 4.31705e-05 
6620.41 1.56186e-05 9.15080e-01 9.00821e-19 4.29090e-05 
6630.00 1.55937e-05 9.15545e-01 8.48923e-19 4.04514e-05 
6632.71 1.55929e-05 9.15675e-01 8.34789e-19 3.97978e-05 
6645.97 1.55687e-05 9.16310e-01 7.68589e-19 3.66835e-05 
6650.00 1.55373e-05 9.16503e-01 7.49451e-19 3.57271e-05 
6653.51 1.54959e-05 9.16670e-01 7.33142e-19 3.48812e-05 
6659.24 1.54169e-05 9.16943e-01 7.07237e-19 3.35161e-05 
6670.00 1.53406e-05 9.17454e-01 6.60851e-19 3.12304e-05 
6672.52 1.53547e-05 9.17574e-01 6.50418e-19 3.07814e-05 
6685.80 1.55093e-05 9.18204e-01 5.97834e-19 2.86542e-05 
6686.78 1.55149e-05 9.18250e-01 5.94123e-19 2.84923e-05 
6690.00 1.55165e-05 9.18403e-01 5.82051e-19 2.79343e-05 
6699.09 1.53857e-05 9.18832e-01 5.49201e-19 2.61832e-05 
6710.00 1.52081e-05 9.19345e-01 5.12070e-19 2.41841e-05 
6712.39 1.52017e-05 9.19456e-01 5.04253e-19 2.38162e-05 
6720.21 1.52568e-05 9.19820e-01 4.79443e-19 2.27619e-05 
6725.70 1.53149e-05 9.20073e-01 4.62738e-19 2.20766e-05 
6730.00 1.53394e-05 9.20270e-01 4.50006e-19 2.15220e-05 
6739.01 1.52854e-05 9.20681e-01 4.24418e-19 2.02627e-05 
6750.00 1.51575e-05 9.21178e-01 3.95040e-19 1.87430e-05 
6752.33 1.51410e-05 9.21283e-01 3.89071e-19 1.84482e-05 
6753.81 1.51335e-05 9.21350e-01 3.85301e-19 1.82657e-05 
6765.65 1.51237e-05 9.21881e-01 3.56485e-19 1.69280e-05 
6770.00 1.51256e-05 9.22075e-01 3.46423e-19 1.64664e-05 
6778.99 1.51087e-05 9.22473e-01 3.26464e-19 1.55276e-05 
6787.58 1.50639e-05 9.22850e-01 3.08389e-19 1.46489e-05 
6790.00 1.50464e-05 9.22955e-01 3.03479e-19 1.44057e-05 
6792.33 1.50278e-05 9.23056e-01 2.98822e-19 1.41735e-05 
6805.67 1.49356e-05 9.23628e-01 2.73387e-19 1.29208e-05 
6810.00 1.49323e-05 9.23812e-01 2.65592e-19 1.25602e-05 
6819.03 1.49799e-05 9.24194e-01 2.49995e-19 1.18809e-05 
6821.52 1.49939e-05 9.24300e-01 2.45846e-19 1.17003e-05 
6830.00 1.49887e-05 9.24659e-01 2.32209e-19 1.10654e-05 
6832.39 1.49628e-05 9.24760e-01 2.28496e-19 1.08747e-05 
6845.76 1.47238e-05 9.25325e-01 2.08748e-19 9.80124e-06 
6850.00 1.46731e-05 9.25504e-01 2.02828e-19 9.49822e-06 
6855.63 1.46630e-05 9.25740e-01 1.95220e-19 9.14547e-06 
6859.13 1.46817e-05 9.25887e-01 1.90617e-19 8.94720e-06 
6870.00 1.47734e-05 9.26340e-01 1.77001e-19 8.37733e-06 
6872.52 1.47865e-05 9.26444e-01 1.73982e-19 8.24570e-06 
6885.91 1.47788e-05 9.26996e-01 1.58726e-19 7.53786e-06 
6889.91 1.47605e-05 9.27160e-01 1.54422e-19 7.32996e-06 
6890.00 1.47600e-05 9.27164e-01 1.54323e-19 7.32513e-06 
6899.30 1.47079e-05 9.27543e-01 1.44743e-19 6.85821e-06 
6910.00 1.46449e-05 9.27976e-01 1.34432e-19 6.35512e-06 
6912.71 1.46303e-05 9.28084e-01 1.31935e-19 6.23405e-06 
6924.36 1.45838e-05 9.28550e-01 1.21690e-19 5.74423e-06 
6926.12 1.45799e-05 9.28620e-01 1.20207e-19 5.67460e-06 
6930.00 1.45752e-05 9.28774e-01 1.17003e-19 5.52560e-06 
6939.54 1.45903e-05 9.29150e-01 1.09475e-19 5.18465e-06 
