##### EXOPHOT SPECTRAL OVERLAP FILE #####
# Date: 01/12/2021 13:14:58
# SED file: SED_g2v.txt
# atmosphere file: atm_g2v_hzm_os3.txt
# photopigment file: phot1.txt
# Stellar radius (Rs in km): 6.963400e+05
# Exoplanet orbit semi-major axis (sma in km): 1.481139e+08
# Total absorption rate (gamma_t in s-1): 3.69110e+00
# B band absorption rate (gamma_B in s-1): 1.29593e+00
# Q band absorption rate (gamma_Q in s-1): 2.39518e+00
# B-Q bands cut-off (in nm): 500
# photosynthetic photon flux density [ppfd in micromol photon m-2 s-1]: 2.16868e+03
# Total Stellar Irradiance (S in W m-2): 1.37004e+03
# -------------------------------------------------
# Col 1: Wavelength (wl in Angstrom) 
# Col 2: Spectral Flux Density (F_l in J cm-2 s-1 A-1) 
# Col 3: Atmosphere transmitance (T, no units) 
# Col 4: Pigment absorption cross section (sigma_abs in cm-2) 
# Col 5: Spectral Absorption Rate (Gamma_lambda in A-1 s-1)
2501.18 1.19971e-06 1.44817e-01 1.71982e-17 3.76223e-06 
2503.24 9.87155e-07 1.45600e-01 1.77539e-17 3.21564e-06 
2505.00 8.30996e-07 1.46269e-01 1.82354e-17 2.79509e-06 
2513.00 3.76036e-07 1.49323e-01 2.05038e-17 1.45648e-06 
2515.76 3.01355e-07 1.50380e-01 2.13124e-17 1.22319e-06 
2516.83 2.81715e-07 1.50792e-01 2.16305e-17 1.16422e-06 
2518.00 2.65815e-07 1.51242e-01 2.19788e-17 1.12004e-06 
2525.00 2.68980e-07 1.53944e-01 2.41048e-17 1.26874e-06 
2528.34 3.11401e-07 1.55240e-01 2.51390e-17 1.54679e-06 
2532.49 3.62175e-07 1.56862e-01 2.64424e-17 1.91517e-06 
2535.00 3.73490e-07 1.57844e-01 2.72356e-17 2.04902e-06 
2540.98 3.64323e-07 1.60200e-01 2.91411e-17 2.17560e-06 
2545.00 4.79310e-07 1.61794e-01 3.04292e-17 3.02330e-06 
2548.16 7.05512e-07 1.63053e-01 3.14431e-17 4.63991e-06 
2553.68 1.11450e-06 1.65250e-01 3.32056e-17 7.86183e-06 
2555.00 1.15978e-06 1.65774e-01 3.36241e-17 8.31493e-06 
2563.85 9.79574e-07 1.69303e-01 3.63995e-17 7.79136e-06 
2565.00 9.81278e-07 1.69766e-01 3.67550e-17 7.90624e-06 
2566.45 1.01756e-06 1.70350e-01 3.72002e-17 8.33114e-06 
2575.00 1.48751e-06 1.73823e-01 3.97551e-17 1.33248e-05 
2579.28 1.49187e-06 1.75580e-01 4.09838e-17 1.39392e-05 
2579.54 1.48630e-06 1.75685e-01 4.10561e-17 1.39214e-05 
2585.00 1.32188e-06 1.77935e-01 4.25580e-17 1.30262e-05 
2592.18 1.20336e-06 1.80910e-01 4.44140e-17 1.26173e-05 
2595.00 1.15895e-06 1.82083e-01 4.51015e-17 1.24333e-05 
2595.24 1.15409e-06 1.82185e-01 4.51599e-17 1.24053e-05 
2605.00 9.02072e-07 1.86271e-01 4.73291e-17 1.04291e-05 
2605.14 8.99153e-07 1.86330e-01 4.73581e-17 1.04056e-05 
2610.96 8.26387e-07 1.88785e-01 4.84869e-17 9.94256e-06 
2615.00 8.16755e-07 1.90496e-01 4.91942e-17 1.00760e-05 
2618.17 8.33844e-07 1.91840e-01 4.97029e-17 1.04792e-05 
2625.00 1.20017e-06 1.94745e-01 5.06603e-17 1.56469e-05 
2626.68 1.40904e-06 1.95463e-01 5.08660e-17 1.85246e-05 
2631.26 2.11169e-06 1.97420e-01 5.13635e-17 2.83636e-05 
2635.00 2.61587e-06 1.99029e-01 5.17035e-17 3.57073e-05 
2642.42 3.19854e-06 2.02236e-01 5.21984e-17 4.49151e-05 
2644.41 3.46147e-06 2.03100e-01 5.22907e-17 4.89382e-05 
2645.00 3.56199e-06 2.03354e-01 5.23145e-17 5.04564e-05 
2655.00 5.21474e-06 2.07699e-01 5.24969e-17 7.59957e-05 
2657.64 4.82872e-06 2.08850e-01 5.24757e-17 7.08016e-05 
2658.17 4.70459e-06 2.09082e-01 5.24680e-17 6.90618e-05 
2665.00 2.94255e-06 2.12080e-01 5.22690e-17 4.37610e-05 
2670.92 2.90550e-06 2.14690e-01 5.19530e-17 4.35741e-05 
2673.92 3.31180e-06 2.16014e-01 5.17451e-17 4.98296e-05 
2675.00 3.48091e-06 2.16490e-01 5.16628e-17 5.24272e-05 
2684.28 4.30503e-06 2.20600e-01 5.07998e-17 6.51920e-05 
2685.00 4.25848e-06 2.20920e-01 5.07219e-17 6.44989e-05 
2689.69 3.53711e-06 2.23006e-01 5.01806e-17 5.35952e-05 
2695.00 2.84267e-06 2.25373e-01 4.95015e-17 4.30258e-05 
2697.70 2.95571e-06 2.26580e-01 4.91322e-17 4.46855e-05 
2705.00 3.71936e-06 2.29854e-01 4.80658e-17 5.59561e-05 
2705.47 3.72193e-06 2.30065e-01 4.79943e-17 5.59724e-05 
2711.19 3.10995e-06 2.32640e-01 4.71003e-17 4.65098e-05 
2715.00 2.43166e-06 2.34360e-01 4.64860e-17 3.62077e-05 
2721.26 1.70962e-06 2.37190e-01 4.54579e-17 2.52521e-05 
2724.74 1.66641e-06 2.38770e-01 4.48811e-17 2.44948e-05 
2725.00 1.67555e-06 2.38886e-01 4.48388e-17 2.46202e-05 
2735.00 2.28481e-06 2.43434e-01 4.32040e-17 3.30854e-05 
2737.06 2.13722e-06 2.44373e-01 4.28763e-17 3.08551e-05 
2738.37 1.98216e-06 2.44970e-01 4.26703e-17 2.85623e-05 
2745.00 1.17029e-06 2.47998e-01 4.16625e-17 1.67090e-05 
2752.06 1.46225e-06 2.51230e-01 4.06739e-17 2.07010e-05 
2752.87 1.54569e-06 2.51601e-01 4.05674e-17 2.18635e-05 
2755.00 1.76783e-06 2.52579e-01 4.02945e-17 2.49533e-05 
2765.00 2.49514e-06 2.57182e-01 3.91776e-17 3.49938e-05 
2765.82 2.53581e-06 2.57560e-01 3.90994e-17 3.55559e-05 
2768.69 2.64663e-06 2.58885e-01 3.88436e-17 3.70952e-05 
2775.00 2.53884e-06 2.61799e-01 3.83855e-17 3.56416e-05 
2779.65 2.01880e-06 2.63950e-01 3.81469e-17 2.84438e-05 
2784.52 1.33578e-06 2.66206e-01 3.79949e-17 1.89388e-05 
2785.00 1.27562e-06 2.66426e-01 3.79857e-17 1.80995e-05 
2793.55 5.84054e-07 2.70390e-01 3.80015e-17 8.43963e-06 
2795.00 5.24392e-07 2.71064e-01 3.80395e-17 7.60796e-06 
2800.37 4.42847e-07 2.73560e-01 3.82738e-17 6.53652e-06 
2805.00 6.61828e-07 2.75718e-01 3.85993e-17 9.94592e-06 
2807.52 9.34485e-07 2.76890e-01 3.88252e-17 1.41984e-05 
2815.00 2.15668e-06 2.80380e-01 3.97085e-17 3.40266e-05 
2816.22 2.37592e-06 2.80950e-01 3.98832e-17 3.77433e-05 
2821.55 3.21709e-06 2.83440e-01 4.07503e-17 5.27797e-05 
2825.00 3.53321e-06 2.85051e-01 4.14011e-17 5.92988e-05 
2832.08 3.37339e-06 2.88365e-01 4.29658e-17 5.95884e-05 
2835.00 3.07517e-06 2.89730e-01 4.36993e-17 5.55666e-05 
2835.66 2.99551e-06 2.90040e-01 4.38729e-17 5.44130e-05 
2845.00 1.62679e-06 2.94418e-01 4.66146e-17 3.19758e-05 
2847.96 1.19158e-06 2.95807e-01 4.75961e-17 2.40526e-05 
2849.84 9.65446e-07 2.96690e-01 4.82473e-17 1.98266e-05 
2855.00 7.65840e-07 2.99116e-01 5.01467e-17 1.65101e-05 
2863.85 2.23011e-06 3.03276e-01 5.37754e-17 5.24350e-05 
2864.09 2.28881e-06 3.03390e-01 5.38812e-17 5.39459e-05 
2865.00 2.51249e-06 3.03818e-01 5.42827e-17 5.97624e-05 
2875.00 4.33447e-06 3.08517e-01 5.89989e-17 1.14188e-04 
2878.41 4.26277e-06 3.10120e-01 6.07329e-17 1.16338e-04 
2879.74 4.16487e-06 3.10748e-01 6.14286e-17 1.15254e-04 
2885.00 3.87158e-06 3.13221e-01 6.42587e-17 1.13173e-04 
2892.80 4.73923e-06 3.16890e-01 6.87093e-17 1.50271e-04 
2895.00 5.13013e-06 3.17922e-01 7.00148e-17 1.66422e-04 
2895.65 5.24484e-06 3.18228e-01 7.04057e-17 1.71296e-04 
2907.27 6.80884e-06 3.23660e-01 7.76671e-17 2.50500e-04 
2910.00 6.96967e-06 3.24935e-01 7.94509e-17 2.63587e-04 
2911.57 7.01372e-06 3.25667e-01 8.04864e-17 2.69460e-04 
2921.80 6.67358e-06 3.30440e-01 8.74157e-17 2.83540e-04 
2927.50 6.28198e-06 3.33114e-01 9.13898e-17 2.81843e-04 
2930.00 6.12857e-06 3.34290e-01 9.31542e-17 2.81498e-04 
2936.41 5.87430e-06 3.37310e-01 9.77235e-17 2.86236e-04 
2943.44 5.78719e-06 3.40622e-01 1.02787e-16 3.00233e-04 
2950.00 5.82549e-06 3.43707e-01 1.07536e-16 3.19756e-04 
2951.09 5.83887e-06 3.44220e-01 1.08327e-16 3.23450e-04 
2959.39 5.97202e-06 3.48109e-01 1.14320e-16 3.54068e-04 
2965.85 6.07885e-06 3.51130e-01 1.18941e-16 3.79046e-04 
2970.00 6.12963e-06 3.53073e-01 1.21880e-16 3.94376e-04 
2975.35 6.16029e-06 3.55579e-01 1.25621e-16 4.12155e-04 
2980.68 6.15554e-06 3.58070e-01 1.29274e-16 4.27545e-04 
2990.00 6.08496e-06 3.62432e-01 1.35473e-16 4.49708e-04 
2991.33 6.07037e-06 3.63052e-01 1.36332e-16 4.52449e-04 
2995.58 6.02295e-06 3.65040e-01 1.39041e-16 4.60996e-04 
3007.31 5.99554e-06 3.70510e-01 1.46129e-16 4.91436e-04 
3010.00 6.03487e-06 3.71760e-01 1.47667e-16 5.02000e-04 
3010.56 6.04607e-06 3.72020e-01 1.47982e-16 5.04450e-04 
3023.31 6.47046e-06 3.77933e-01 1.54742e-16 5.75921e-04 
3025.61 6.55224e-06 3.79000e-01 1.55872e-16 5.89566e-04 
3030.00 6.68114e-06 3.81029e-01 1.57941e-16 6.13296e-04 
3039.31 6.81121e-06 3.85331e-01 1.61965e-16 6.50397e-04 
3040.74 6.82320e-06 3.85990e-01 1.62537e-16 6.55267e-04 
3050.00 6.94828e-06 3.90264e-01 1.65948e-16 6.90924e-04 
3055.33 7.09967e-06 3.92718e-01 1.67675e-16 7.19067e-04 
3055.94 7.11917e-06 3.93000e-01 1.67863e-16 7.22514e-04 
3070.00 7.35157e-06 3.99441e-01 1.71540e-16 7.78503e-04 
3071.22 7.32896e-06 4.00000e-01 1.71804e-16 7.78699e-04 
3071.36 7.32593e-06 4.00061e-01 1.71832e-16 7.78659e-04 
3086.58 6.81241e-06 4.07000e-01 1.74379e-16 7.51260e-04 
3087.40 6.80423e-06 4.07371e-01 1.74479e-16 7.51672e-04 
3090.00 6.81402e-06 4.08555e-01 1.74773e-16 7.56851e-04 
3102.01 7.43640e-06 4.14000e-01 1.75676e-16 8.44581e-04 
3103.45 7.52979e-06 4.14649e-01 1.75736e-16 8.57218e-04 
3110.00 7.84990e-06 4.17611e-01 1.75890e-16 9.02739e-04 
3117.52 7.85174e-06 4.21000e-01 1.75840e-16 9.12216e-04 
3119.51 7.79836e-06 4.21892e-01 1.75789e-16 9.08247e-04 
3130.00 7.35561e-06 4.26591e-01 1.75284e-16 8.66642e-04 
3133.11 7.22502e-06 4.27980e-01 1.75065e-16 8.53810e-04 
3135.58 7.13493e-06 4.29082e-01 1.74872e-16 8.45068e-04 
3148.77 7.01089e-06 4.34960e-01 1.73582e-16 8.39058e-04 
3150.00 7.04171e-06 4.35504e-01 1.73444e-16 8.43455e-04 
3151.66 7.09721e-06 4.36241e-01 1.73252e-16 8.51048e-04 
3164.52 7.67067e-06 4.41920e-01 1.71638e-16 9.26873e-04 
3167.76 7.72699e-06 4.43344e-01 1.71205e-16 9.35281e-04 
3170.00 7.71399e-06 4.44330e-01 1.70901e-16 9.34786e-04 
3180.34 7.18741e-06 4.48860e-01 1.69483e-16 8.75402e-04 
3183.86 6.98043e-06 4.50397e-01 1.69001e-16 8.51620e-04 
3190.00 6.81738e-06 4.53075e-01 1.68173e-16 8.34175e-04 
3196.24 7.04372e-06 4.55790e-01 1.67356e-16 8.64514e-04 
3199.98 7.27224e-06 4.57410e-01 1.66886e-16 8.94256e-04 
3210.00 7.56294e-06 4.61742e-01 1.65707e-16 9.35103e-04 
3212.22 7.46423e-06 4.62700e-01 1.65465e-16 9.24103e-04 
3216.10 7.16032e-06 4.64367e-01 1.65063e-16 8.88581e-04 
3228.29 6.20576e-06 4.69580e-01 1.63978e-16 7.76577e-04 
3230.00 6.20031e-06 4.70311e-01 1.63848e-16 7.76903e-04 
3232.24 6.27873e-06 4.71266e-01 1.63689e-16 7.88104e-04 
3244.43 7.82713e-06 4.76440e-01 1.63011e-16 9.92863e-04 
3248.39 8.47248e-06 4.78117e-01 1.62862e-16 1.07884e-03 
3250.00 8.71826e-06 4.78798e-01 1.62812e-16 1.11192e-03 
3260.65 9.91191e-06 4.83280e-01 1.62627e-16 1.27872e-03 
3264.55 1.01662e-05 4.84913e-01 1.62623e-16 1.31750e-03 
3270.00 1.03656e-05 4.87186e-01 1.62674e-16 1.35232e-03 
3276.95 1.03826e-05 4.90080e-01 1.62830e-16 1.36679e-03 
3280.72 1.03088e-05 4.91648e-01 1.62955e-16 1.36404e-03 
3290.00 9.99845e-06 4.95485e-01 1.63379e-16 1.34054e-03 
3293.34 9.87501e-06 4.96850e-01 1.63568e-16 1.33052e-03 
3296.90 9.74902e-06 4.98298e-01 1.63790e-16 1.32059e-03 
3309.80 9.42891e-06 5.03480e-01 1.64741e-16 1.30308e-03 
3310.00 9.42653e-06 5.03559e-01 1.64757e-16 1.30316e-03 
3313.10 9.40110e-06 5.04804e-01 1.65015e-16 1.30612e-03 
3326.35 9.49883e-06 5.10140e-01 1.66207e-16 1.34865e-03 
3329.30 9.55284e-06 5.11327e-01 1.66485e-16 1.36296e-03 
3330.00 9.56669e-06 5.11607e-01 1.66551e-16 1.36651e-03 
3342.98 9.65460e-06 5.16810e-01 1.67792e-16 1.40894e-03 
3345.52 9.56551e-06 5.17822e-01 1.68031e-16 1.40173e-03 
3350.00 9.25543e-06 5.19606e-01 1.68448e-16 1.36617e-03 
3359.70 7.99961e-06 5.23450e-01 1.69306e-16 1.19906e-03 
3361.75 7.71939e-06 5.24257e-01 1.69476e-16 1.16071e-03 
3370.00 6.96912e-06 5.27499e-01 1.70114e-16 1.06095e-03 
3376.50 7.08309e-06 5.30040e-01 1.70551e-16 1.08837e-03 
3377.98 7.17854e-06 5.30620e-01 1.70641e-16 1.10531e-03 
3390.00 8.14781e-06 5.35293e-01 1.71224e-16 1.27444e-03 
3393.38 8.29419e-06 5.36600e-01 1.71336e-16 1.30265e-03 
3394.23 8.31731e-06 5.36930e-01 1.71360e-16 1.30760e-03 
3410.00 8.31818e-06 5.42978e-01 1.71490e-16 1.32962e-03 
3410.35 8.31958e-06 5.43110e-01 1.71486e-16 1.33027e-03 
3410.50 8.32032e-06 5.43166e-01 1.71484e-16 1.33057e-03 
3426.77 8.71081e-06 5.49342e-01 1.70893e-16 1.41070e-03 
3427.40 8.73010e-06 5.49580e-01 1.70854e-16 1.41437e-03 
3430.00 8.80537e-06 5.50560e-01 1.70682e-16 1.42875e-03 
3443.05 9.05947e-06 5.55447e-01 1.69496e-16 1.47833e-03 
3444.54 9.07933e-06 5.56000e-01 1.69326e-16 1.48220e-03 
3450.00 9.14571e-06 5.58030e-01 1.68639e-16 1.49477e-03 
3459.34 9.26690e-06 5.61482e-01 1.67235e-16 1.51536e-03 
3461.76 9.30802e-06 5.62370e-01 1.66825e-16 1.52181e-03 
3470.00 9.50946e-06 5.65388e-01 1.65278e-16 1.55228e-03 
3475.65 9.71893e-06 5.67448e-01 1.64087e-16 1.58336e-03 
3479.07 9.87120e-06 5.68690e-01 1.63316e-16 1.60568e-03 
3490.00 1.04454e-05 5.72647e-01 1.60592e-16 1.68766e-03 
3491.97 1.05566e-05 5.73356e-01 1.60062e-16 1.70306e-03 
3496.46 1.07950e-05 5.74970e-01 1.58804e-16 1.73492e-03 
3508.30 1.10010e-05 5.79188e-01 1.55198e-16 1.74645e-03 
3510.00 1.09431e-05 5.79793e-01 1.54644e-16 1.73371e-03 
3513.95 1.07104e-05 5.81190e-01 1.53332e-16 1.68839e-03 
3524.64 9.99684e-06 5.84961e-01 1.49560e-16 1.55183e-03 
3530.00 1.00222e-05 5.86841e-01 1.47556e-16 1.54220e-03 
3531.51 1.01192e-05 5.87370e-01 1.46977e-16 1.55307e-03 
3540.99 1.12219e-05 5.90658e-01 1.43236e-16 1.69240e-03 
3549.17 1.17533e-05 5.93480e-01 1.39845e-16 1.74287e-03 
3550.00 1.17299e-05 5.93765e-01 1.39495e-16 1.73628e-03 
3557.35 1.08257e-05 5.96287e-01 1.36328e-16 1.57597e-03 
3566.92 8.91315e-06 5.99550e-01 1.32064e-16 1.26723e-03 
3570.00 8.43342e-06 6.00594e-01 1.30661e-16 1.18938e-03 
3573.72 8.08029e-06 6.01849e-01 1.28949e-16 1.12817e-03 
3584.75 8.16415e-06 6.05550e-01 1.23775e-16 1.10427e-03 
3590.00 8.53289e-06 6.07302e-01 1.21270e-16 1.13572e-03 
3590.11 8.54109e-06 6.07337e-01 1.21219e-16 1.13643e-03 
3602.68 9.50218e-06 6.11510e-01 1.15129e-16 1.21328e-03 
3606.50 9.74335e-06 6.12771e-01 1.13258e-16 1.22768e-03 
3610.00 9.91970e-06 6.13920e-01 1.11542e-16 1.23447e-03 
3620.69 1.01545e-05 6.17410e-01 1.06279e-16 1.21449e-03 
3622.91 1.01542e-05 6.18131e-01 1.05184e-16 1.20409e-03 
3630.00 1.00685e-05 6.20424e-01 1.01690e-16 1.16081e-03 
3638.79 1.01230e-05 6.23250e-01 9.73701e-17 1.12532e-03 
3639.33 1.01616e-05 6.23421e-01 9.71081e-17 1.12705e-03 
3640.00 1.02194e-05 6.23636e-01 9.67793e-17 1.13022e-03 
3650.00 1.17092e-05 6.26821e-01 9.19089e-17 1.23949e-03 
3655.76 1.22397e-05 6.28642e-01 8.91306e-17 1.26212e-03 
3656.99 1.22954e-05 6.29030e-01 8.85407e-17 1.26068e-03 
3670.00 1.20827e-05 6.33109e-01 8.23699e-17 1.16412e-03 
3672.20 1.19665e-05 6.33795e-01 8.13418e-17 1.14045e-03 
3675.27 1.17991e-05 6.34750e-01 7.99143e-17 1.10736e-03 
3688.65 1.14390e-05 6.38886e-01 7.38187e-17 1.00177e-03 
3690.00 1.14738e-05 6.39301e-01 7.32169e-17 9.97638e-04 
3693.65 1.16504e-05 6.40420e-01 7.15981e-17 9.93310e-04 
3705.12 1.22192e-05 6.43916e-01 6.66248e-17 9.77765e-04 
3710.00 1.20237e-05 6.45392e-01 6.45635e-17 9.35724e-04 
3712.12 1.17879e-05 6.46030e-01 6.36805e-17 9.06232e-04 
3721.59 1.00482e-05 6.48867e-01 5.98104e-17 7.30588e-04 
3730.00 8.70158e-06 6.51369e-01 5.64936e-17 6.01252e-04 
3730.68 8.64394e-06 6.51570e-01 5.62312e-17 5.94787e-04 
3738.08 8.58584e-06 6.53765e-01 5.34122e-17 5.64178e-04 
3749.33 9.73699e-06 6.57050e-01 4.93007e-17 5.95323e-04 
3750.00 9.82346e-06 6.57242e-01 4.90628e-17 5.97994e-04 
3754.58 1.04070e-05 6.58548e-01 4.74549e-17 6.14720e-04 
3768.08 1.17610e-05 6.62340e-01 4.29213e-17 6.34220e-04 
3770.00 1.18732e-05 6.62879e-01 4.23008e-17 6.31850e-04 
3771.09 1.19247e-05 6.63185e-01 4.19519e-17 6.29833e-04 
3786.92 1.22014e-05 6.67640e-01 3.71091e-17 5.76292e-04 
3787.61 1.22159e-05 6.67835e-01 3.69067e-17 5.74099e-04 
3790.00 1.22827e-05 6.68507e-01 3.62152e-17 5.67351e-04 
3804.14 1.25612e-05 6.72473e-01 3.23143e-17 5.22733e-04 
3805.85 1.24466e-05 6.72950e-01 3.18653e-17 5.11359e-04 
3810.00 1.18994e-05 6.74105e-01 3.07949e-17 4.73782e-04 
3820.69 9.02628e-06 6.77060e-01 2.81625e-17 3.31034e-04 
3824.88 7.93010e-06 6.78210e-01 2.71787e-17 2.81458e-04 
3830.00 7.15129e-06 6.79606e-01 2.60144e-17 2.43768e-04 
3837.24 7.52249e-06 6.81569e-01 2.44336e-17 2.41992e-04 
3844.01 8.70462e-06 6.83390e-01 2.30280e-17 2.65083e-04 
3850.00 9.63437e-06 6.84998e-01 2.18368e-17 2.79310e-04 
3853.81 9.89043e-06 6.86018e-01 2.11053e-17 2.77816e-04 
3863.23 9.69065e-06 6.88520e-01 1.93841e-17 2.51529e-04 
3870.00 9.40439e-06 6.90305e-01 1.82181e-17 2.30414e-04 
3870.39 9.39669e-06 6.90407e-01 1.81525e-17 2.29454e-04 
3882.54 9.93359e-06 6.93580e-01 1.62122e-17 2.18315e-04 
3886.98 1.05249e-05 6.94733e-01 1.55478e-17 2.22454e-04 
3890.00 1.10545e-05 6.95514e-01 1.51095e-17 2.27494e-04 
3901.96 1.33009e-05 6.98590e-01 1.34739e-17 2.45924e-04 
3903.58 1.34397e-05 6.99006e-01 1.32630e-17 2.44849e-04 
3910.00 1.30534e-05 7.00638e-01 1.24601e-17 2.24304e-04 
3920.20 9.39147e-06 7.03212e-01 1.12694e-17 1.46877e-04 
3921.46 8.88450e-06 7.03530e-01 1.11287e-17 1.37319e-04 
3930.00 6.86908e-06 7.05665e-01 1.02191e-17 9.79996e-05 
3936.82 8.09964e-06 7.07361e-01 9.53897e-18 1.08312e-04 
3941.07 9.56458e-06 7.08410e-01 9.13588e-18 1.22811e-04 
3950.00 1.16872e-05 7.10600e-01 8.33711e-18 1.37680e-04 
3953.46 1.14369e-05 7.11444e-01 8.04440e-18 1.30270e-04 
3960.78 9.55364e-06 7.13220e-01 7.45537e-18 1.01290e-04 
3970.00 8.06486e-06 7.15447e-01 6.76766e-18 7.80416e-05 
3970.11 8.07268e-06 7.15473e-01 6.75982e-18 7.80318e-05 
3980.58 1.16017e-05 7.17980e-01 6.04884e-18 1.00966e-04 
3986.77 1.46149e-05 7.19448e-01 5.66097e-18 1.19462e-04 
3990.00 1.58795e-05 7.20211e-01 5.46757e-18 1.25599e-04 
4000.48 1.73801e-05 7.22670e-01 4.88032e-18 1.23446e-04 
4003.44 1.73261e-05 7.23360e-01 4.72537e-18 1.19357e-04 
4010.00 1.69933e-05 7.24883e-01 4.39767e-18 1.09354e-04 
4020.13 1.67967e-05 7.27217e-01 3.93246e-18 9.72113e-05 
4020.49 1.67965e-05 7.27300e-01 3.91673e-18 9.68409e-05 
4030.00 1.68045e-05 7.29473e-01 3.52294e-18 8.76132e-05 
4036.82 1.67006e-05 7.31019e-01 3.26363e-18 8.09702e-05 
4040.59 1.65879e-05 7.31870e-01 3.12813e-18 7.72461e-05 
4050.00 1.61435e-05 7.33982e-01 2.81251e-18 6.79448e-05 
4053.53 1.59261e-05 7.34769e-01 2.70218e-18 6.45254e-05 
4060.79 1.55464e-05 7.36380e-01 2.48782e-18 5.82216e-05 
4070.00 1.56404e-05 7.38404e-01 2.23956e-18 5.29935e-05 
4070.25 1.56574e-05 7.38458e-01 2.23327e-18 5.29091e-05 
4081.10 1.69547e-05 7.40820e-01 1.97238e-18 5.08972e-05 
4086.98 1.76619e-05 7.42092e-01 1.84386e-18 4.97218e-05 
4090.00 1.78856e-05 7.42744e-01 1.78108e-18 4.87160e-05 
4101.50 1.76848e-05 7.45210e-01 1.56154e-18 4.24910e-05 
4103.72 1.75515e-05 7.45682e-01 1.52256e-18 4.11664e-05 
4110.00 1.72304e-05 7.47015e-01 1.41756e-18 3.77513e-05 
4120.47 1.72172e-05 7.49219e-01 1.25954e-18 3.37017e-05 
4122.01 1.72494e-05 7.49540e-01 1.23803e-18 3.32146e-05 
4130.00 1.74022e-05 7.51202e-01 1.13275e-18 3.07869e-05 
4137.24 1.73952e-05 7.52695e-01 1.04639e-18 2.85347e-05 
4142.62 1.73441e-05 7.53800e-01 9.87359e-19 2.69203e-05 
4150.00 1.73330e-05 7.55308e-01 9.13195e-19 2.49766e-05 
4154.01 1.73953e-05 7.56125e-01 8.75990e-19 2.40943e-05 
4163.33 1.75755e-05 7.58010e-01 7.97626e-19 2.22713e-05 
4170.00 1.75320e-05 7.59349e-01 7.48033e-19 2.09052e-05 
4170.80 1.75076e-05 7.59510e-01 7.42405e-19 2.07274e-05 
4184.15 1.67752e-05 7.62160e-01 6.59243e-19 1.77537e-05 
4187.60 1.66248e-05 7.62839e-01 6.40746e-19 1.71303e-05 
4190.00 1.65668e-05 7.63309e-01 6.28612e-19 1.67672e-05 
4204.42 1.68496e-05 7.66114e-01 5.67068e-19 1.54934e-05 
4205.07 1.68643e-05 7.66240e-01 5.64725e-19 1.54478e-05 
4210.00 1.69017e-05 7.67192e-01 5.48240e-19 1.50664e-05 
4221.24 1.64599e-05 7.69348e-01 5.18274e-19 1.39468e-05 
4226.10 1.62357e-05 7.70270e-01 5.08473e-19 1.35284e-05 
4230.00 1.61349e-05 7.71007e-01 5.01917e-19 1.32960e-05 
4238.08 1.62297e-05 7.72524e-01 4.92017e-19 1.31611e-05 
4247.23 1.64232e-05 7.74240e-01 4.86578e-19 1.32286e-05 
4250.00 1.64080e-05 7.74762e-01 4.86113e-19 1.32213e-05 
4254.92 1.62375e-05 7.75686e-01 4.86620e-19 1.31283e-05 
4268.46 1.53612e-05 7.78150e-01 4.96640e-19 1.27563e-05 
4270.00 1.52764e-05 7.78418e-01 4.98569e-19 1.27441e-05 
4271.78 1.51915e-05 7.78725e-01 5.01006e-19 1.27456e-05 
4288.66 1.40886e-05 7.81563e-01 5.34624e-19 1.27094e-05 
4289.80 1.39242e-05 7.81760e-01 5.37606e-19 1.26377e-05 
4290.00 1.38941e-05 7.81794e-01 5.38124e-19 1.26237e-05 
4305.54 1.14432e-05 7.84548e-01 5.87400e-19 1.14301e-05 
4310.00 1.15793e-05 7.85347e-01 6.04571e-19 1.19287e-05 
4311.25 1.17558e-05 7.85570e-01 6.09639e-19 1.22191e-05 
4322.43 1.49722e-05 7.87531e-01 6.59680e-19 1.69254e-05 
4330.00 1.68830e-05 7.88837e-01 6.98527e-19 2.02782e-05 
4332.81 1.71352e-05 7.89320e-01 7.13996e-19 2.10635e-05 
4339.34 1.69091e-05 7.90441e-01 7.52185e-19 2.19615e-05 
4350.00 1.60786e-05 7.92262e-01 8.21317e-19 2.29107e-05 
4354.47 1.62667e-05 7.93020e-01 8.52912e-19 2.41184e-05 
4356.26 1.64338e-05 7.93322e-01 8.65967e-19 2.47585e-05 
4370.00 1.77604e-05 7.95623e-01 9.74873e-19 3.03050e-05 
4373.19 1.76981e-05 7.96153e-01 1.00238e-18 3.10940e-05 
4376.25 1.74794e-05 7.96660e-01 1.02950e-18 3.15830e-05 
4390.00 1.61295e-05 7.98926e-01 1.16165e-18 3.30818e-05 
4390.13 1.61241e-05 7.98948e-01 1.16301e-18 3.31115e-05 
4398.13 1.62765e-05 8.00250e-01 1.24768e-18 3.59816e-05 
4407.09 1.71187e-05 8.01694e-01 1.34971e-18 4.10955e-05 
4410.00 1.74277e-05 8.02159e-01 1.38452e-18 4.29696e-05 
4420.12 1.82868e-05 8.03770e-01 1.51203e-18 4.94521e-05 
4424.06 1.84975e-05 8.04394e-01 1.56447e-18 5.18432e-05 
4430.00 1.86489e-05 8.05334e-01 1.64671e-18 5.51535e-05 
4441.03 1.84866e-05 8.07065e-01 1.80946e-18 6.03563e-05 
4442.22 1.84628e-05 8.07250e-01 1.82773e-18 6.09175e-05 
4450.00 1.84492e-05 8.08457e-01 1.95174e-18 6.52138e-05 
4458.02 1.88256e-05 8.09691e-01 2.08698e-18 7.13925e-05 
4464.43 1.92199e-05 8.10670e-01 2.20047e-18 7.70546e-05 
4470.00 1.94464e-05 8.11518e-01 2.30327e-18 8.17923e-05 
4475.03 1.94734e-05 8.12279e-01 2.39939e-18 8.55002e-05 
4486.75 1.94981e-05 8.14040e-01 2.63626e-18 9.45109e-05 
4490.00 1.96729e-05 8.14524e-01 2.70511e-18 9.79778e-05 
4492.04 1.98495e-05 8.14827e-01 2.74911e-18 1.00548e-04 
4509.07 2.15145e-05 8.17333e-01 3.13857e-18 1.25277e-04 
4509.19 2.15159e-05 8.17350e-01 3.14139e-18 1.25404e-04 
4510.00 2.15175e-05 8.17469e-01 3.16107e-18 1.26240e-04 
4526.11 1.98840e-05 8.19811e-01 3.57016e-18 1.32603e-04 
4530.00 1.95068e-05 8.20372e-01 3.67489e-18 1.34110e-04 
4531.73 1.94037e-05 8.20620e-01 3.72221e-18 1.35212e-04 
4543.16 1.95967e-05 8.22248e-01 4.04622e-18 1.49113e-04 
4550.00 2.01502e-05 8.23213e-01 4.25018e-18 1.61485e-04 
4554.39 2.05498e-05 8.23830e-01 4.38502e-18 1.70204e-04 
4560.22 2.10229e-05 8.24646e-01 4.56898e-18 1.81840e-04 
4570.00 2.13401e-05 8.26005e-01 4.89031e-18 1.98315e-04 
4577.16 2.10036e-05 8.26990e-01 5.13588e-18 2.05555e-04 
4577.29 2.09942e-05 8.27008e-01 5.14052e-18 2.05660e-04 
4590.00 2.01874e-05 8.28736e-01 5.59831e-18 2.16416e-04 
4594.38 2.01597e-05 8.29327e-01 5.76274e-18 2.22838e-04 
4600.05 2.03088e-05 8.30090e-01 5.98046e-18 2.33469e-04 
4610.00 2.06450e-05 8.31426e-01 6.37683e-18 2.54020e-04 
4611.48 2.06637e-05 8.31624e-01 6.43731e-18 2.56805e-04 
4623.05 2.05114e-05 8.33160e-01 6.92378e-18 2.75371e-04 
4628.59 2.03836e-05 8.33886e-01 7.16563e-18 2.83801e-04 
4630.00 2.03591e-05 8.34070e-01 7.22801e-18 2.86077e-04 
4645.71 2.04235e-05 8.36102e-01 7.94881e-18 3.17444e-04 
4646.16 2.04329e-05 8.36160e-01 7.97008e-18 3.18493e-04 
4650.00 2.05267e-05 8.36654e-01 8.15344e-18 3.27779e-04 
4662.85 2.09103e-05 8.38299e-01 8.78763e-18 3.61581e-04 
4669.39 2.10357e-05 8.39130e-01 9.12262e-18 3.78520e-04 
4670.00 2.10415e-05 8.39207e-01 9.15407e-18 3.80015e-04 
4680.00 2.09730e-05 8.40461e-01 9.68250e-18 4.02100e-04 
4690.00 2.06213e-05 8.41702e-01 1.02301e-17 4.19231e-04 
4692.74 2.04828e-05 8.42040e-01 1.03835e-17 4.23072e-04 
4697.16 2.02483e-05 8.42582e-01 1.06334e-17 4.28976e-04 
4710.00 1.98651e-05 8.44149e-01 1.13812e-17 4.52525e-04 
4714.33 1.99581e-05 8.44673e-01 1.16400e-17 4.65697e-04 
4716.20 2.00318e-05 8.44900e-01 1.17533e-17 4.72281e-04 
4730.00 2.07631e-05 8.46557e-01 1.26059e-17 5.27601e-04 
4731.51 2.08244e-05 8.46737e-01 1.27014e-17 5.33450e-04 
4739.79 2.10243e-05 8.47720e-01 1.32313e-17 5.62678e-04 
4748.71 2.10804e-05 8.48771e-01 1.38162e-17 5.90961e-04 
4750.00 2.10831e-05 8.48922e-01 1.39022e-17 5.94979e-04 
4763.48 2.11027e-05 8.50490e-01 1.48151e-17 6.37614e-04 
4765.92 2.11039e-05 8.50770e-01 1.49829e-17 6.45415e-04 
4770.00 2.11036e-05 8.51240e-01 1.52670e-17 6.58574e-04 
4783.14 2.10622e-05 8.52738e-01 1.61990e-17 7.00559e-04 
4787.30 2.10242e-05 8.53210e-01 1.65003e-17 7.13313e-04 
4790.00 2.09902e-05 8.53515e-01 1.66968e-17 7.21303e-04 
4800.37 2.08220e-05 8.54680e-01 1.74620e-17 7.50961e-04 
4810.00 2.07699e-05 8.55753e-01 1.81867e-17 7.82717e-04 
4811.24 2.07809e-05 8.55890e-01 1.82808e-17 7.87512e-04 
4817.61 2.08889e-05 8.56593e-01 1.87686e-17 8.14475e-04 
4830.00 2.10430e-05 8.57946e-01 1.97315e-17 8.66158e-04 
4834.87 2.09584e-05 8.58474e-01 2.01152e-17 8.80883e-04 
4835.29 2.09453e-05 8.58520e-01 2.01488e-17 8.81927e-04 
4850.00 1.98099e-05 8.60102e-01 2.13248e-17 8.87122e-04 
4852.14 1.95205e-05 8.60330e-01 2.14979e-17 8.81878e-04 
4859.47 1.84615e-05 8.61110e-01 2.20944e-17 8.59250e-04 
4869.42 1.76881e-05 8.62161e-01 2.29121e-17 8.56515e-04 
4870.00 1.76937e-05 8.62221e-01 2.29599e-17 8.58739e-04 
4883.77 1.92162e-05 8.63660e-01 2.41059e-17 9.83584e-04 
4886.71 1.96296e-05 8.63966e-01 2.43530e-17 1.01602e-03 
4890.00 2.00022e-05 8.64306e-01 2.46292e-17 1.04816e-03 
4904.02 2.02406e-05 8.65746e-01 2.58155e-17 1.11679e-03 
4908.19 2.00767e-05 8.66170e-01 2.61700e-17 1.12446e-03 
4910.00 1.99995e-05 8.66354e-01 2.63246e-17 1.12740e-03 
4921.34 1.96243e-05 8.67496e-01 2.72941e-17 1.15116e-03 
4930.00 1.95847e-05 8.68359e-01 2.80373e-17 1.18338e-03 
4932.73 1.96368e-05 8.68630e-01 2.82718e-17 1.19748e-03 
4938.67 1.98377e-05 8.69218e-01 2.87830e-17 1.23393e-03 
4950.00 2.03402e-05 8.70330e-01 2.97585e-17 1.31274e-03 
4956.01 2.05436e-05 8.70916e-01 3.02762e-17 1.35148e-03 
4957.39 2.05763e-05 8.71050e-01 3.03949e-17 1.35952e-03 
4970.00 2.05244e-05 8.72267e-01 3.14787e-17 1.40999e-03 
4973.37 2.03776e-05 8.72590e-01 3.17677e-17 1.41424e-03 
4982.18 1.97886e-05 8.73430e-01 3.25217e-17 1.40981e-03 
4990.00 1.91697e-05 8.74171e-01 3.31885e-17 1.39709e-03 
4990.74 1.91132e-05 8.74240e-01 3.32512e-17 1.39592e-03 
5007.09 1.83493e-05 8.75770e-01 3.46340e-17 1.40289e-03 
5008.12 1.83519e-05 8.75865e-01 3.47203e-17 1.40702e-03 
5010.00 1.83784e-05 8.76039e-01 3.48783e-17 1.41627e-03 
5025.51 1.92297e-05 8.77460e-01 3.61688e-17 1.54396e-03 
5030.00 1.94206e-05 8.77867e-01 3.65384e-17 1.57737e-03 
5032.12 1.94621e-05 8.78060e-01 3.67127e-17 1.58930e-03 
5042.91 1.93832e-05 8.79034e-01 3.75902e-17 1.62596e-03 
5050.00 1.93886e-05 8.79670e-01 3.81594e-17 1.65456e-03 
5057.29 1.96722e-05 8.80320e-01 3.87384e-17 1.70795e-03 
5060.33 1.98276e-05 8.80590e-01 3.89785e-17 1.73369e-03 
5070.00 2.01241e-05 8.81443e-01 3.97320e-17 1.79880e-03 
5077.76 1.98934e-05 8.82122e-01 4.03274e-17 1.80898e-03 
5082.57 1.96412e-05 8.82540e-01 4.06918e-17 1.80475e-03 
5090.00 1.93466e-05 8.83183e-01 4.12473e-17 1.80590e-03 
5095.20 1.93367e-05 8.83630e-01 4.16311e-17 1.82455e-03 
5107.98 1.96176e-05 8.84720e-01 4.25539e-17 1.89917e-03 
5110.00 1.96368e-05 8.84891e-01 4.26967e-17 1.90853e-03 
5112.66 1.96315e-05 8.85115e-01 4.28840e-17 1.91787e-03 
5130.00 1.91740e-05 8.86567e-01 4.40722e-17 1.93477e-03 
5130.13 1.91708e-05 8.86578e-01 4.40807e-17 1.93489e-03 
5133.52 1.90954e-05 8.86860e-01 4.43064e-17 1.93905e-03 
5147.61 1.86465e-05 8.88023e-01 4.52161e-17 1.94018e-03 
5150.00 1.84850e-05 8.88219e-01 4.53664e-17 1.93110e-03 
5159.19 1.75804e-05 8.88970e-01 4.59321e-17 1.86440e-03 
5165.10 1.69597e-05 8.89449e-01 4.62854e-17 1.81546e-03 
5170.00 1.65625e-05 8.89844e-01 4.65725e-17 1.78642e-03 
5182.60 1.64013e-05 8.90851e-01 4.72845e-17 1.80249e-03 
5184.99 1.64993e-05 8.91040e-01 4.74148e-17 1.81948e-03 
5190.00 1.68190e-05 8.91436e-01 4.76843e-17 1.86791e-03 
5200.12 1.77703e-05 8.92230e-01 4.82092e-17 2.00096e-03 
5210.00 1.85445e-05 8.92999e-01 4.86964e-17 2.11507e-03 
5210.91 1.85845e-05 8.93070e-01 4.87402e-17 2.12207e-03 
5217.65 1.87181e-05 8.93591e-01 4.90563e-17 2.15523e-03 
5230.00 1.88623e-05 8.94540e-01 4.96044e-17 2.20364e-03 
5235.19 1.91334e-05 8.94935e-01 4.98226e-17 2.24837e-03 
5236.97 1.92411e-05 8.95070e-01 4.98955e-17 2.26544e-03 
5250.00 1.94431e-05 8.96051e-01 5.04043e-17 2.32085e-03 
5252.75 1.92023e-05 8.96256e-01 5.05056e-17 2.29845e-03 
5263.15 1.77926e-05 8.97030e-01 5.08701e-17 2.15118e-03 
5270.00 1.72294e-05 8.97536e-01 5.10933e-17 2.09614e-03 
5270.32 1.72238e-05 8.97560e-01 5.11033e-17 2.09605e-03 
5287.90 1.89844e-05 8.98846e-01 5.16141e-17 2.34453e-03 
5289.47 1.91924e-05 8.98960e-01 5.16555e-17 2.37313e-03 
5290.00 1.92591e-05 8.98998e-01 5.16693e-17 2.38235e-03 
5305.49 2.00975e-05 9.00110e-01 5.20368e-17 2.51418e-03 
5310.00 1.98797e-05 9.00431e-01 5.21309e-17 2.49444e-03 
5315.92 1.92833e-05 9.00850e-01 5.22454e-17 2.42875e-03 
5323.09 1.84392e-05 9.01357e-01 5.23708e-17 2.33247e-03 
5330.00 1.79774e-05 9.01841e-01 5.24776e-17 2.28287e-03 
5340.71 1.85010e-05 9.02587e-01 5.26161e-17 2.36225e-03 
5342.50 1.86639e-05 9.02710e-01 5.26360e-17 2.38507e-03 
5350.00 1.92662e-05 9.03226e-01 5.27097e-17 2.47035e-03 
5358.34 1.94384e-05 9.03794e-01 5.27728e-17 2.50089e-03 
5369.21 1.92265e-05 9.04530e-01 5.28257e-17 2.48314e-03 
5370.00 1.92116e-05 9.04583e-01 5.28282e-17 2.48185e-03 
5375.99 1.91437e-05 9.04987e-01 5.28419e-17 2.47758e-03 
5390.00 1.89890e-05 9.05922e-01 5.28349e-17 2.46619e-03 
5393.64 1.88752e-05 9.06162e-01 5.28243e-17 2.45322e-03 
5396.05 1.87841e-05 9.06320e-01 5.28153e-17 2.44248e-03 
5410.00 1.83464e-05 9.07222e-01 5.27323e-17 2.39036e-03 
5411.31 1.83388e-05 9.07307e-01 5.27218e-17 2.38969e-03 
5423.03 1.85644e-05 9.08060e-01 5.26079e-17 2.42109e-03 
5428.99 1.87847e-05 9.08445e-01 5.25362e-17 2.45021e-03 
5430.00 1.88227e-05 9.08510e-01 5.25232e-17 2.45519e-03 
5446.69 1.92615e-05 9.09588e-01 5.22699e-17 2.51097e-03 
5450.00 1.92743e-05 9.09800e-01 5.22113e-17 2.51194e-03 
5450.15 1.92741e-05 9.09810e-01 5.22086e-17 2.51188e-03 
5464.39 1.90367e-05 9.10710e-01 5.19256e-17 2.47638e-03 
5470.00 1.89191e-05 9.11060e-01 5.18008e-17 2.45863e-03 
5477.40 1.88294e-05 9.11520e-01 5.16248e-17 2.44319e-03 
5482.11 1.88045e-05 9.11812e-01 5.15061e-17 2.43722e-03 
5490.00 1.87909e-05 9.12299e-01 5.12961e-17 2.43033e-03 
5499.84 1.87832e-05 9.12901e-01 5.10146e-17 2.42192e-03 
5504.79 1.87819e-05 9.13200e-01 5.08653e-17 2.41763e-03 
5510.00 1.87842e-05 9.13512e-01 5.07022e-17 2.41328e-03 
5517.59 1.87999e-05 9.13963e-01 5.04545e-17 2.40800e-03 
5530.00 1.89051e-05 9.14694e-01 5.00243e-17 2.40815e-03 
5532.31 1.89412e-05 9.14830e-01 4.99408e-17 2.41008e-03 
5535.35 1.89934e-05 9.15009e-01 4.98295e-17 2.41314e-03 
5550.00 1.91280e-05 9.15870e-01 4.92680e-17 2.41149e-03 
5553.12 1.90903e-05 9.16052e-01 4.91434e-17 2.40248e-03 
5559.97 1.89215e-05 9.16450e-01 4.88633e-17 2.37161e-03 
5570.00 1.85674e-05 9.17026e-01 4.84390e-17 2.31263e-03 
5570.90 1.85348e-05 9.17077e-01 4.84000e-17 2.30721e-03 
5587.77 1.81600e-05 9.18030e-01 4.76461e-17 2.23441e-03 
5588.70 1.81619e-05 9.18082e-01 4.76034e-17 2.23313e-03 
5590.00 1.81702e-05 9.18155e-01 4.75432e-17 2.23202e-03 
5606.51 1.86126e-05 9.19074e-01 4.67578e-17 2.25749e-03 
5610.00 1.86986e-05 9.19266e-01 4.65866e-17 2.26150e-03 
5615.71 1.87705e-05 9.19580e-01 4.63031e-17 2.25945e-03 
5624.33 1.87759e-05 9.20050e-01 4.58672e-17 2.24341e-03 
5630.00 1.87659e-05 9.20357e-01 4.55752e-17 2.23093e-03 
5642.16 1.87825e-05 9.21013e-01 4.49359e-17 2.20791e-03 
5643.79 1.87773e-05 9.21100e-01 4.48491e-17 2.20389e-03 
5650.00 1.87107e-05 9.21433e-01 4.45151e-17 2.18290e-03 
5660.01 1.84485e-05 9.21967e-01 4.39680e-17 2.13085e-03 
5670.00 1.82775e-05 9.22495e-01 4.34122e-17 2.08929e-03 
5672.01 1.82858e-05 9.22600e-01 4.32993e-17 2.08578e-03 
5677.87 1.83780e-05 9.22906e-01 4.29677e-17 2.08308e-03 
5690.00 1.85129e-05 9.23531e-01 4.22724e-17 2.07023e-03 
5695.75 1.83802e-05 9.23824e-01 4.19390e-17 2.04189e-03 
5700.37 1.82319e-05 9.24060e-01 4.16689e-17 2.01452e-03 
5710.00 1.81416e-05 9.24549e-01 4.11015e-17 1.98163e-03 
5713.63 1.82768e-05 9.24733e-01 4.08860e-17 1.98758e-03 
5728.87 1.91250e-05 9.25500e-01 3.99732e-17 2.04051e-03 
5730.00 1.91475e-05 9.25557e-01 3.99051e-17 2.03996e-03 
5731.53 1.91588e-05 9.25633e-01 3.98126e-17 2.03714e-03 
5749.44 1.85703e-05 9.26524e-01 3.87226e-17 1.92836e-03 
5750.00 1.85590e-05 9.26551e-01 3.86886e-17 1.92574e-03 
5757.52 1.85622e-05 9.26920e-01 3.82273e-17 1.90635e-03 
5767.37 1.87063e-05 9.27400e-01 3.76197e-17 1.89484e-03 
5770.00 1.87067e-05 9.27527e-01 3.74571e-17 1.88780e-03 
5785.31 1.82930e-05 9.28262e-01 3.65075e-17 1.80546e-03 
5786.30 1.82665e-05 9.28310e-01 3.64457e-17 1.80019e-03 
5790.00 1.81976e-05 9.28487e-01 3.62156e-17 1.78356e-03 
5803.26 1.83671e-05 9.29117e-01 3.53894e-17 1.76433e-03 
5810.00 1.85615e-05 9.29435e-01 3.49689e-17 1.76446e-03 
5815.23 1.86897e-05 9.29680e-01 3.46423e-17 1.76211e-03 
5821.22 1.87815e-05 9.29959e-01 3.42686e-17 1.75399e-03 
5830.00 1.87601e-05 9.30365e-01 3.37213e-17 1.72737e-03 
5839.20 1.85315e-05 9.30787e-01 3.31483e-17 1.68073e-03 
5844.31 1.84017e-05 9.31020e-01 3.28305e-17 1.65482e-03 
5850.00 1.83391e-05 9.31279e-01 3.24771e-17 1.63348e-03 
5857.19 1.84262e-05 9.31605e-01 3.20312e-17 1.62126e-03 
5870.00 1.83427e-05 9.32182e-01 3.12399e-17 1.57847e-03 
5873.53 1.81108e-05 9.32340e-01 3.10225e-17 1.54886e-03 
5875.19 1.79735e-05 9.32414e-01 3.09202e-17 1.53260e-03 
5890.00 1.69513e-05 9.33068e-01 3.00136e-17 1.40758e-03 
5893.21 1.69958e-05 9.33209e-01 2.98179e-17 1.40304e-03 
5902.90 1.76381e-05 9.33630e-01 2.92298e-17 1.43035e-03 
5910.00 1.81315e-05 9.33936e-01 2.88012e-17 1.45101e-03 
5911.24 1.81840e-05 9.33989e-01 2.87265e-17 1.45183e-03 
5929.28 1.80860e-05 9.34758e-01 2.76482e-17 1.39519e-03 
5930.00 1.80745e-05 9.34788e-01 2.76058e-17 1.39238e-03 
5932.41 1.80452e-05 9.34890e-01 2.74627e-17 1.38363e-03 
5947.34 1.80673e-05 9.35517e-01 2.65852e-17 1.34534e-03 
5950.00 1.80837e-05 9.35629e-01 2.64300e-17 1.33946e-03 
5962.08 1.81149e-05 9.36130e-01 2.57306e-17 1.30961e-03 
5965.41 1.81105e-05 9.36267e-01 2.55392e-17 1.30047e-03 
5970.00 1.80955e-05 9.36456e-01 2.52764e-17 1.28727e-03 
5983.49 1.79909e-05 9.37008e-01 2.45118e-17 1.24465e-03 
5990.00 1.79071e-05 9.37273e-01 2.41469e-17 1.22209e-03 
5991.89 1.78787e-05 9.37350e-01 2.40417e-17 1.21532e-03 
6001.59 1.77226e-05 9.37745e-01 2.35045e-17 1.18019e-03 
6010.00 1.76129e-05 9.38086e-01 2.30436e-17 1.15192e-03 
6019.69 1.75684e-05 9.38474e-01 2.25187e-17 1.12511e-03 
6021.85 1.75721e-05 9.38560e-01 2.24031e-17 1.12007e-03 
6030.00 1.76323e-05 9.38881e-01 2.19680e-17 1.10395e-03 
6037.82 1.77494e-05 9.39185e-01 2.15555e-17 1.09218e-03 
6050.00 1.79172e-05 9.39655e-01 2.09214e-17 1.07277e-03 
6051.96 1.79290e-05 9.39730e-01 2.08207e-17 1.06874e-03 
6055.95 1.79351e-05 9.39883e-01 2.06158e-17 1.05946e-03 
6070.00 1.77862e-05 9.40419e-01 1.99051e-17 1.01737e-03 
6074.10 1.77011e-05 9.40574e-01 1.97006e-17 1.00295e-03 
6082.21 1.75209e-05 9.40880e-01 1.92996e-17 9.74146e-04 
6090.00 1.73977e-05 9.41171e-01 1.89198e-17 9.49769e-04 
6092.26 1.73809e-05 9.41255e-01 1.88105e-17 9.43802e-04 
6110.00 1.72391e-05 9.41905e-01 1.79664e-17 8.97324e-04 
6110.43 1.72279e-05 9.41921e-01 1.79461e-17 8.95805e-04 
6112.63 1.71624e-05 9.42000e-01 1.78436e-17 8.87693e-04 
6128.62 1.66436e-05 9.42566e-01 1.71078e-17 8.28019e-04 
6130.00 1.66314e-05 9.42614e-01 1.70454e-17 8.24616e-04 
6143.19 1.68200e-05 9.43070e-01 1.64558e-17 8.07250e-04 
6146.82 1.68610e-05 9.43195e-01 1.62959e-17 8.01931e-04 
6150.00 1.68501e-05 9.43303e-01 1.61570e-17 7.95083e-04 
6165.04 1.63529e-05 9.43814e-01 1.55107e-17 7.42971e-04 
6170.00 1.62861e-05 9.43980e-01 1.53015e-17 7.30668e-04 
6173.91 1.63515e-05 9.44110e-01 1.51383e-17 7.26340e-04 
6183.26 1.67705e-05 9.44420e-01 1.47522e-17 7.27291e-04 
6190.00 1.70726e-05 9.44643e-01 1.44788e-17 7.27638e-04 
6201.50 1.71992e-05 9.45035e-01 1.40204e-17 7.11438e-04 
6204.77 1.71679e-05 9.45150e-01 1.38921e-17 7.04104e-04 
6210.00 1.70903e-05 9.45338e-01 1.36889e-17 6.91383e-04 
6219.76 1.69116e-05 9.45697e-01 1.33153e-17 6.66780e-04 
6230.00 1.66465e-05 9.46077e-01 1.29315e-17 6.38716e-04 
6235.80 1.64511e-05 9.46290e-01 1.27179e-17 6.21512e-04 
6238.03 1.63775e-05 9.46371e-01 1.26366e-17 6.15046e-04 
6250.00 1.61792e-05 9.46794e-01 1.22062e-17 5.88297e-04 
6256.31 1.63053e-05 9.47010e-01 1.19841e-17 5.82813e-04 
6266.98 1.66983e-05 9.47370e-01 1.16154e-17 5.79706e-04 
6270.00 1.67946e-05 9.47471e-01 1.15126e-17 5.78230e-04 
6274.60 1.68926e-05 9.47623e-01 1.13575e-17 5.74278e-04 
6290.00 1.68317e-05 9.48124e-01 1.08502e-17 5.48282e-04 
6292.91 1.67652e-05 9.48217e-01 1.07564e-17 5.41697e-04 
6298.31 1.66186e-05 9.48390e-01 1.05839e-17 5.28898e-04 
6310.00 1.63469e-05 9.48760e-01 1.02182e-17 5.03407e-04 
6311.23 1.63326e-05 9.48799e-01 1.01803e-17 5.01219e-04 
6329.56 1.63856e-05 9.49373e-01 9.62888e-18 4.77278e-04 
6329.80 1.63872e-05 9.49380e-01 9.62184e-18 4.76999e-04 
6330.00 1.63886e-05 9.49386e-01 9.61608e-18 4.76771e-04 
6347.91 1.64151e-05 9.49944e-01 9.10149e-18 4.53531e-04 
6350.00 1.64057e-05 9.50009e-01 9.04301e-18 4.50539e-04 
6361.45 1.63339e-05 9.50360e-01 8.72762e-18 4.33863e-04 
6366.27 1.63179e-05 9.50506e-01 8.59760e-18 4.27372e-04 
6370.00 1.63225e-05 9.50618e-01 8.49820e-18 4.22847e-04 
6384.65 1.64210e-05 9.51055e-01 8.11661e-18 4.07417e-04 
6390.00 1.63992e-05 9.51214e-01 7.98081e-18 4.00471e-04 
6393.26 1.63497e-05 9.51310e-01 7.89901e-18 3.95411e-04 
6403.04 1.61220e-05 9.51599e-01 7.65791e-18 3.78698e-04 
6410.00 1.60102e-05 9.51804e-01 7.48997e-18 3.68304e-04 
6421.44 1.60769e-05 9.52140e-01 7.22085e-18 3.57310e-04 
6425.23 1.61197e-05 9.52250e-01 7.13354e-18 3.54180e-04 
6430.00 1.61478e-05 9.52388e-01 7.02480e-18 3.49701e-04 
6439.85 1.60649e-05 9.52672e-01 6.80478e-18 3.37624e-04 
6450.00 1.59318e-05 9.52962e-01 6.58437e-18 3.24591e-04 
6457.35 1.59041e-05 9.53170e-01 6.42850e-18 3.16787e-04 
6458.28 1.59036e-05 9.53196e-01 6.40902e-18 3.15871e-04 
6470.00 1.58688e-05 9.53526e-01 6.16778e-18 3.03971e-04 
6476.72 1.57774e-05 9.53713e-01 6.03290e-18 2.95977e-04 
6489.64 1.56432e-05 9.54070e-01 5.78098e-18 2.81871e-04 
6490.00 1.56440e-05 9.54080e-01 5.77408e-18 2.81569e-04 
6495.18 1.56933e-05 9.54222e-01 5.67574e-18 2.77907e-04 
6510.00 1.59542e-05 9.54624e-01 5.40237e-18 2.69647e-04 
6513.65 1.59796e-05 9.54723e-01 5.33684e-18 2.66977e-04 
6522.09 1.59655e-05 9.54950e-01 5.18797e-18 2.59699e-04 
6530.00 1.59257e-05 9.55162e-01 5.05170e-18 2.52610e-04 
6532.13 1.59197e-05 9.55220e-01 5.01552e-18 2.50804e-04 
6550.00 1.54273e-05 9.55696e-01 4.72118e-18 2.29522e-04 
6550.63 1.53777e-05 9.55712e-01 4.71111e-18 2.28322e-04 
6554.70 1.50002e-05 9.55820e-01 4.64636e-18 2.19818e-04 
6569.14 1.39072e-05 9.56199e-01 4.42291e-18 1.94504e-04 
6570.00 1.39061e-05 9.56221e-01 4.40990e-18 1.93947e-04 
6587.47 1.53337e-05 9.56670e-01 4.15301e-18 2.02029e-04 
6587.66 1.53510e-05 9.56675e-01 4.15028e-18 2.02131e-04 
6590.00 1.55400e-05 9.56734e-01 4.11696e-18 2.03062e-04 
6606.20 1.57853e-05 9.57139e-01 3.89254e-18 1.95585e-04 
6610.00 1.57227e-05 9.57233e-01 3.84151e-18 1.92385e-04 
6620.41 1.56186e-05 9.57490e-01 3.70479e-18 1.84649e-04 
6624.75 1.56015e-05 9.57597e-01 3.64906e-18 1.81812e-04 
6630.00 1.55937e-05 9.57726e-01 3.58269e-18 1.78581e-04 
6643.32 1.55809e-05 9.58052e-01 3.41919e-18 1.70692e-04 
6650.00 1.55373e-05 9.58215e-01 3.33968e-18 1.66452e-04 
6653.51 1.54959e-05 9.58300e-01 3.29859e-18 1.64066e-04 
6661.89 1.53838e-05 9.58504e-01 3.20232e-18 1.58359e-04 
6670.00 1.53406e-05 9.58700e-01 3.11167e-18 1.53662e-04 
6680.49 1.54524e-05 9.58956e-01 2.99785e-18 1.49395e-04 
6686.78 1.55149e-05 9.59110e-01 2.93139e-18 1.46835e-04 
6690.00 1.55165e-05 9.59189e-01 2.89788e-18 1.45254e-04 
6699.09 1.53857e-05 9.59414e-01 2.80519e-18 1.39644e-04 
6710.00 1.52081e-05 9.59683e-01 2.69756e-18 1.32991e-04 
6717.71 1.52310e-05 9.59870e-01 2.62377e-18 1.29721e-04 
6720.21 1.52568e-05 9.59930e-01 2.60023e-18 1.28831e-04 
6730.00 1.53394e-05 9.60161e-01 2.50999e-18 1.25246e-04 
6736.34 1.53127e-05 9.60308e-01 2.45303e-18 1.22325e-04 
6750.00 1.51575e-05 9.60622e-01 2.33445e-18 1.15502e-04 
6753.81 1.51335e-05 9.60710e-01 2.30229e-18 1.13806e-04 
6754.99 1.51290e-05 9.60737e-01 2.29244e-18 1.13308e-04 
6770.00 1.51256e-05 9.61083e-01 2.17029e-18 1.07524e-04 
6773.65 1.51225e-05 9.61166e-01 2.14149e-18 1.06141e-04 
6787.58 1.50639e-05 9.61480e-01 2.03485e-18 1.00704e-04 
6790.00 1.50464e-05 9.61533e-01 2.01685e-18 9.97390e-05 
6792.33 1.50278e-05 9.61584e-01 1.99967e-18 9.88058e-05 
6810.00 1.49323e-05 9.61964e-01 1.87352e-18 9.22605e-05 
6811.02 1.49348e-05 9.61985e-01 1.86651e-18 9.19461e-05 
6821.52 1.49939e-05 9.62210e-01 1.79532e-18 8.89470e-05 
6829.72 1.49909e-05 9.62387e-01 1.74154e-18 8.63849e-05 
6830.00 1.49887e-05 9.62393e-01 1.73971e-18 8.62855e-05 
6848.43 1.46878e-05 9.62795e-01 1.62432e-18 7.91913e-05 
6850.00 1.46731e-05 9.62829e-01 1.61485e-18 7.86715e-05 
6855.63 1.46629e-05 9.62950e-01 1.58126e-18 7.70542e-05 
6867.16 1.47517e-05 9.63196e-01 1.51443e-18 7.43889e-05 
6870.00 1.47734e-05 9.63256e-01 1.49841e-18 7.37449e-05 
6885.91 1.47794e-05 9.63587e-01 1.41147e-18 6.96790e-05 
6889.91 1.47605e-05 9.63670e-01 1.39037e-18 6.85953e-05 
6890.00 1.47600e-05 9.63672e-01 1.38987e-18 6.85698e-05 
6904.66 1.46732e-05 9.63972e-01 1.31503e-18 6.46533e-05 
6910.00 1.46449e-05 9.64081e-01 1.28876e-18 6.32952e-05 
6923.44 1.45964e-05 9.64352e-01 1.22476e-18 6.00863e-05 
6924.36 1.45935e-05 9.64370e-01 1.22049e-18 5.98744e-05 
6930.00 1.45752e-05 9.64483e-01 1.19460e-18 5.85849e-05 
6942.22 1.45266e-05 9.64724e-01 1.14029e-18 5.58477e-05 
6950.00 1.44974e-05 9.64876e-01 1.10696e-18 5.41753e-05 
6958.98 1.44751e-05 9.65050e-01 1.06963e-18 5.23446e-05 
6961.02 1.44722e-05 9.65089e-01 1.06130e-18 5.19442e-05 
6970.00 1.44718e-05 9.65260e-01 1.02542e-18 5.02603e-05 
6979.83 1.44787e-05 9.65445e-01 9.87452e-19 4.84999e-05 
6990.00 1.43992e-05 9.65632e-01 9.49604e-19 4.64613e-05 
6993.77 1.43266e-05 9.65700e-01 9.35913e-19 4.55886e-05 
6998.66 1.42119e-05 9.65788e-01 9.18449e-19 4.44146e-05 
7010.00 1.40070e-05 9.65990e-01 8.79130e-19 4.19771e-05 
7017.50 1.40246e-05 9.66124e-01 8.54000e-19 4.08777e-05 
7028.74 1.41681e-05 9.66330e-01 8.17632e-19 3.96092e-05 
7030.00 1.41820e-05 9.66354e-01 8.13652e-19 3.94631e-05 
7036.36 1.42248e-05 9.66474e-01 7.93830e-19 3.86575e-05 
7050.00 1.42024e-05 9.66739e-01 7.52840e-19 3.66847e-05 
7055.23 1.41706e-05 9.66841e-01 7.37678e-19 3.58960e-05 
7063.88 1.41079e-05 9.67010e-01 7.13202e-19 3.45998e-05 
7070.00 1.40638e-05 9.67128e-01 6.96385e-19 3.37116e-05 
7074.11 1.40375e-05 9.67207e-01 6.85296e-19 3.31347e-05 
7090.00 1.39849e-05 9.67508e-01 6.43994e-19 3.11003e-05 
7093.01 1.39867e-05 9.67565e-01 6.36450e-19 3.07548e-05 
7099.20 1.39957e-05 9.67680e-01 6.21172e-19 3.00657e-05 
7110.00 1.39828e-05 9.67879e-01 5.95392e-19 2.88410e-05 
7111.92 1.39710e-05 9.67913e-01 5.90920e-19 2.86091e-05 
7130.00 1.37757e-05 9.68231e-01 5.50323e-19 2.63465e-05 
7130.84 1.37669e-05 9.68246e-01 5.48495e-19 2.62458e-05 
7134.70 1.37312e-05 9.68310e-01 5.40217e-19 2.57983e-05 
7149.78 1.36699e-05 9.68548e-01 5.08980e-19 2.42552e-05 
7150.00 1.36701e-05 9.68551e-01 5.08544e-19 2.42354e-05 
7168.74 1.36492e-05 9.68810e-01 4.72187e-19 2.25332e-05 
7170.00 1.36339e-05 9.68825e-01 4.69828e-19 2.24000e-05 
7170.37 1.36288e-05 9.68830e-01 4.69132e-19 2.23596e-05 
7187.70 1.33078e-05 9.69028e-01 4.37940e-19 2.04348e-05 
7190.00 1.32908e-05 9.69052e-01 4.33962e-19 2.02303e-05 
7206.23 1.34480e-05 9.69220e-01 4.06822e-19 1.92360e-05 
7206.69 1.34541e-05 9.69225e-01 4.06076e-19 1.92108e-05 
7210.00 1.34909e-05 9.69259e-01 4.00748e-19 1.90200e-05 
7225.68 1.34942e-05 9.69411e-01 3.76437e-19 1.79122e-05 
7230.00 1.34799e-05 9.69446e-01 3.69998e-19 1.75984e-05 
7242.26 1.34825e-05 9.69520e-01 3.52296e-19 1.67893e-05 
7244.69 1.34883e-05 9.69529e-01 3.48878e-19 1.66393e-05 
7250.00 1.35031e-05 9.69544e-01 3.41539e-19 1.63193e-05 
7263.72 1.35030e-05 9.69593e-01 3.23260e-19 1.54759e-05 
7270.00 1.34401e-05 9.69642e-01 3.15207e-19 1.50338e-05 
7278.47 1.32729e-05 9.69760e-01 3.04662e-19 1.43685e-05 
7282.76 1.31844e-05 9.69848e-01 2.99455e-19 1.40384e-05 
7290.00 1.30930e-05 9.70036e-01 2.90851e-19 1.35565e-05 
7301.81 1.31746e-05 9.70403e-01 2.77341e-19 1.30334e-05 
7310.00 1.32601e-05 9.70670e-01 2.68328e-19 1.27093e-05 
7314.86 1.32676e-05 9.70820e-01 2.63116e-19 1.24798e-05 
7320.87 1.32396e-05 9.70991e-01 2.56803e-19 1.21668e-05 
7330.00 1.31802e-05 9.71221e-01 2.47506e-19 1.16910e-05 
7339.96 1.31694e-05 9.71441e-01 2.37736e-19 1.12381e-05 
7350.00 1.31987e-05 9.71642e-01 2.28261e-19 1.08313e-05 
7351.43 1.32036e-05 9.71670e-01 2.26938e-19 1.07749e-05 
7359.05 1.32209e-05 9.71816e-01 2.20038e-19 1.04734e-05 
7370.00 1.31804e-05 9.72019e-01 2.10478e-19 1.00046e-05 
7378.16 1.30722e-05 9.72166e-01 2.03617e-19 9.61115e-06 
7388.19 1.28975e-05 9.72340e-01 1.95482e-19 9.11785e-06 
7390.00 1.28673e-05 9.72371e-01 1.94050e-19 9.03239e-06 
7397.28 1.27649e-05 9.72493e-01 1.88384e-19 8.70847e-06 
7410.00 1.26903e-05 9.72698e-01 1.78878e-19 8.23660e-06 
7416.42 1.27147e-05 9.72798e-01 1.74256e-19 8.04702e-06 
7425.13 1.27762e-05 9.72930e-01 1.68175e-19 7.81398e-06 
7430.00 1.28019e-05 9.73002e-01 1.64868e-19 7.68132e-06 
7435.58 1.28097e-05 9.73083e-01 1.61158e-19 7.51932e-06 
7450.00 1.27998e-05 9.73288e-01 1.51935e-19 7.09876e-06 
7454.74 1.28145e-05 9.73355e-01 1.49017e-19 6.97531e-06 
7462.26 1.28470e-05 9.73460e-01 1.44505e-19 6.78885e-06 
7470.00 1.28564e-05 9.73568e-01 1.39997e-19 6.58946e-06 
7473.92 1.28403e-05 9.73623e-01 1.37766e-19 6.48004e-06 
7490.00 1.27188e-05 9.73847e-01 1.28981e-19 6.02380e-06 
7493.12 1.27065e-05 9.73891e-01 1.27342e-19 5.94419e-06 
7499.57 1.26988e-05 9.73980e-01 1.24016e-19 5.79096e-06 
7510.00 1.27042e-05 9.74124e-01 1.18818e-19 5.55911e-06 
7512.33 1.27032e-05 9.74156e-01 1.17686e-19 5.50764e-06 
7530.00 1.26831e-05 9.74395e-01 1.09442e-19 5.12700e-06 
7531.55 1.26837e-05 9.74416e-01 1.08745e-19 5.09574e-06 
7537.07 1.26893e-05 9.74490e-01 1.06306e-19 4.98769e-06 
7550.00 1.26805e-05 9.74661e-01 1.00796e-19 4.73481e-06 
7550.79 1.26771e-05 9.74671e-01 1.00467e-19 4.71865e-06 
7570.00 1.25428e-05 9.74920e-01 9.28222e-20 4.32549e-06 
7570.05 1.25426e-05 9.74920e-01 9.28047e-20 4.32463e-06 
7574.75 1.25253e-05 9.74980e-01 9.10206e-20 4.23854e-06 
7589.31 1.25002e-05 9.75162e-01 8.57135e-20 3.99179e-06 
7590.00 1.24981e-05 9.75171e-01 8.54710e-20 3.98022e-06 
7608.60 1.24125e-05 9.75400e-01 7.91524e-20 3.67057e-06 
7610.00 1.24089e-05 9.75418e-01 7.86944e-20 3.64901e-06 
7612.63 1.24050e-05 9.75450e-01 7.78446e-20 3.60986e-06 
7627.89 1.24298e-05 9.75638e-01 7.30830e-20 3.40327e-06 
7630.00 1.24353e-05 9.75664e-01 7.24485e-20 3.37625e-06 
7647.20 1.23992e-05 9.75877e-01 6.74695e-20 3.14283e-06 
7650.00 1.23644e-05 9.75911e-01 6.66927e-20 3.09918e-06 
7650.69 1.23540e-05 9.75920e-01 6.65024e-20 3.08803e-06 
7666.53 1.20730e-05 9.76117e-01 6.22787e-20 2.83256e-06 
7670.00 1.20506e-05 9.76160e-01 6.13892e-20 2.78830e-06 
7685.87 1.22073e-05 9.76353e-01 5.74796e-20 2.65068e-06 
7688.94 1.22333e-05 9.76390e-01 5.67513e-20 2.62380e-06 
7690.00 1.22381e-05 9.76402e-01 5.65031e-20 2.61375e-06 
7705.22 1.21297e-05 9.76579e-01 5.30435e-20 2.43724e-06 
7710.00 1.20899e-05 9.76633e-01 5.20021e-20 2.38316e-06 
7724.59 1.20896e-05 9.76798e-01 4.89437e-20 2.24756e-06 
7727.39 1.20888e-05 9.76830e-01 4.83787e-20 2.22234e-06 
7730.00 1.20814e-05 9.76860e-01 4.78565e-20 2.19782e-06 
7743.98 1.19579e-05 9.77019e-01 4.51553e-20 2.05662e-06 
7750.00 1.19247e-05 9.77087e-01 4.40385e-20 2.00188e-06 
7763.38 1.19954e-05 9.77232e-01 4.16553e-20 1.90834e-06 
7766.03 1.20169e-05 9.77260e-01 4.11986e-20 1.89151e-06 
7770.00 1.20428e-05 9.77301e-01 4.05228e-20 1.86552e-06 
7782.79 1.20477e-05 9.77425e-01 3.84222e-20 1.77267e-06 
7790.00 1.20228e-05 9.77493e-01 3.72857e-20 1.71839e-06 
7802.22 1.19776e-05 9.77606e-01 3.54361e-20 1.62974e-06 
7804.86 1.19657e-05 9.77630e-01 3.50488e-20 1.61092e-06 
7810.00 1.19378e-05 9.77678e-01 3.43055e-20 1.57419e-06 
7821.66 1.18536e-05 9.77788e-01 3.26786e-20 1.49135e-06 
7830.00 1.17989e-05 9.77871e-01 3.15620e-20 1.43540e-06 
7841.12 1.17654e-05 9.77989e-01 3.01327e-20 1.36861e-06 
7843.88 1.17645e-05 9.78020e-01 2.97874e-20 1.35334e-06 
7850.00 1.17721e-05 9.78091e-01 2.90367e-20 1.32122e-06 
7860.59 1.18064e-05 9.78219e-01 2.77823e-20 1.26969e-06 
7870.00 1.18246e-05 9.78334e-01 2.67124e-20 1.22429e-06 
7880.07 1.17985e-05 9.78455e-01 2.56127e-20 1.17294e-06 
7883.10 1.17832e-05 9.78490e-01 2.52914e-20 1.15721e-06 
7890.00 1.17416e-05 9.78567e-01 2.45733e-20 1.12145e-06 
7899.58 1.16754e-05 9.78666e-01 2.36104e-20 1.07284e-06 
7910.00 1.15796e-05 9.78767e-01 2.26048e-20 1.02017e-06 
7919.09 1.14699e-05 9.78850e-01 2.17627e-20 9.74064e-07 
7922.51 1.14290e-05 9.78880e-01 2.14538e-20 9.57255e-07 
7930.00 1.13565e-05 9.78944e-01 2.07934e-20 9.22836e-07 
7938.62 1.13213e-05 9.79016e-01 2.00579e-20 8.88465e-07 
7950.00 1.13520e-05 9.79112e-01 1.91267e-20 8.50816e-07 
7958.17 1.14152e-05 9.79184e-01 1.84851e-20 8.27763e-07 
7962.13 1.14493e-05 9.79220e-01 1.81817e-20 8.17048e-07 
7970.00 1.15046e-05 9.79296e-01 1.75933e-20 7.95266e-07 
7977.73 1.15235e-05 9.79375e-01 1.70342e-20 7.72072e-07 
7990.00 1.14794e-05 9.79507e-01 1.61825e-20 7.31883e-07 
7997.30 1.14187e-05 9.79588e-01 1.56960e-20 7.06834e-07 
8001.94 1.13773e-05 9.79640e-01 1.53948e-20 6.91193e-07 
8010.00 1.13220e-05 9.79732e-01 1.48846e-20 6.65767e-07 
8016.89 1.13055e-05 9.79811e-01 1.44619e-20 6.46525e-07 
8030.00 1.12853e-05 9.79962e-01 1.36907e-20 6.12049e-07 
8036.50 1.12455e-05 9.80037e-01 1.33239e-20 5.94075e-07 
8041.95 1.12071e-05 9.80100e-01 1.30237e-20 5.79135e-07 
8050.00 1.11777e-05 9.80192e-01 1.25925e-20 5.59108e-07 
8056.12 1.11960e-05 9.80262e-01 1.22746e-20 5.46338e-07 
8070.00 1.12321e-05 9.80417e-01 1.15823e-20 5.18159e-07 
8075.75 1.11846e-05 9.80480e-01 1.13072e-20 5.04104e-07 
8082.16 1.11044e-05 9.80550e-01 1.10083e-20 4.87679e-07 
8090.00 1.10270e-05 9.80634e-01 1.06532e-20 4.69153e-07 
8095.40 1.10180e-05 9.80691e-01 1.04153e-20 4.58638e-07 
8110.00 1.10956e-05 9.80842e-01 9.79856e-21 4.35369e-07 
8115.06 1.11171e-05 9.80894e-01 9.59331e-21 4.27363e-07 
8122.57 1.11273e-05 9.80970e-01 9.29700e-21 4.14957e-07 
8130.00 1.11130e-05 9.81045e-01 9.01258e-21 4.02147e-07 
8134.74 1.10929e-05 9.81092e-01 8.83565e-21 3.93784e-07 
8150.00 1.10320e-05 9.81242e-01 8.28971e-21 3.68171e-07 
8154.44 1.10319e-05 9.81286e-01 8.13740e-21 3.61616e-07 
8163.18 1.10296e-05 9.81370e-01 7.84535e-21 3.48969e-07 
8170.00 1.09844e-05 9.81435e-01 7.62490e-21 3.38078e-07 
8174.15 1.09244e-05 9.81474e-01 7.49394e-21 3.30637e-07 
8190.00 1.06580e-05 9.81622e-01 7.01351e-21 3.02525e-07 
8193.87 1.06361e-05 9.81658e-01 6.90103e-21 2.97214e-07 
8204.00 1.06576e-05 9.81750e-01 6.61511e-21 2.85855e-07 
8210.00 1.06792e-05 9.81804e-01 6.45125e-21 2.79560e-07 
8213.61 1.06812e-05 9.81836e-01 6.35474e-21 2.75559e-07 
8230.00 1.06441e-05 9.81980e-01 5.93418e-21 2.56978e-07 
8233.36 1.06449e-05 9.82009e-01 5.85144e-21 2.53524e-07 
8245.02 1.06813e-05 9.82110e-01 5.57346e-21 2.42675e-07 
8250.00 1.07041e-05 9.82153e-01 5.45868e-21 2.38339e-07 
8253.13 1.07181e-05 9.82180e-01 5.38779e-21 2.35646e-07 
8270.00 1.07630e-05 9.82323e-01 5.02140e-21 2.21024e-07 
8272.91 1.07621e-05 9.82348e-01 4.96068e-21 2.18417e-07 
8286.24 1.07147e-05 9.82460e-01 4.69230e-21 2.06044e-07 
8290.00 1.06874e-05 9.82491e-01 4.61928e-21 2.02419e-07 
8292.71 1.06637e-05 9.82514e-01 4.56727e-21 1.99767e-07 
8310.00 1.04833e-05 9.82657e-01 4.24948e-21 1.83130e-07 
8312.53 1.04599e-05 9.82677e-01 4.20492e-21 1.80865e-07 
8327.67 1.03966e-05 9.82800e-01 3.94755e-21 1.69094e-07 
8330.00 1.04038e-05 9.82819e-01 3.90943e-21 1.67627e-07 
8332.36 1.04170e-05 9.82838e-01 3.87120e-21 1.66250e-07 
