##### EXOPHOT SPECTRAL OVERLAP FILE #####
# Date: 01/12/2021 13:14:54
# SED file: SED_g2v.txt
# atmosphere file: atm_g2v_hzi_os3.txt
# photopigment file: phot1.txt
# Stellar radius (Rs in km): 6.963400e+05
# Exoplanet orbit semi-major axis (sma in km): 1.070123e+08
# Total absorption rate (gamma_t in s-1): 7.08234e+00
# B band absorption rate (gamma_B in s-1): 2.49122e+00
# Q band absorption rate (gamma_Q in s-1): 4.59113e+00
# B-Q bands cut-off (in nm): 500
# photosynthetic photon flux density [ppfd in micromol photon m-2 s-1]: 4.15744e+03
# Total Stellar Irradiance (S in W m-2): 2.62457e+03
# -------------------------------------------------
# Col 1: Wavelength (wl in Angstrom) 
# Col 2: Spectral Flux Density (F_l in J cm-2 s-1 A-1) 
# Col 3: Atmosphere transmitance (T, no units) 
# Col 4: Pigment absorption cross section (sigma_abs in cm-2) 
# Col 5: Spectral Absorption Rate (Gamma_lambda in A-1 s-1)
2501.18 2.29826e-06 1.46580e-01 1.71982e-17 7.29502e-06 
2503.24 1.89108e-06 1.47370e-01 1.77539e-17 6.23503e-06 
2505.00 1.59193e-06 1.48044e-01 1.82354e-17 5.41950e-06 
2513.00 7.20367e-07 1.51117e-01 2.05038e-17 2.82368e-06 
2515.76 5.77301e-07 1.52180e-01 2.13124e-17 2.37129e-06 
2516.83 5.39677e-07 1.52595e-01 2.16305e-17 2.25693e-06 
2518.00 5.09218e-07 1.53046e-01 2.19788e-17 2.17125e-06 
2525.00 5.15282e-07 1.55765e-01 2.41048e-17 2.45925e-06 
2528.34 5.96546e-07 1.57070e-01 2.51390e-17 2.99808e-06 
2532.49 6.93813e-07 1.58705e-01 2.64424e-17 3.71197e-06 
2535.00 7.15489e-07 1.59696e-01 2.72356e-17 3.97131e-06 
2540.98 6.97929e-07 1.62070e-01 2.91411e-17 4.21643e-06 
2545.00 9.18208e-07 1.63675e-01 3.04292e-17 5.85902e-06 
2548.16 1.35154e-06 1.64941e-01 3.14431e-17 8.99152e-06 
2553.68 2.13503e-06 1.67150e-01 3.32056e-17 1.52340e-05 
2555.00 2.22178e-06 1.67677e-01 3.36241e-17 1.61117e-05 
2563.85 1.87656e-06 1.71227e-01 3.63995e-17 1.50954e-05 
2565.00 1.87982e-06 1.71693e-01 3.67550e-17 1.53178e-05 
2566.45 1.94933e-06 1.72280e-01 3.72002e-17 1.61407e-05 
2575.00 2.84961e-06 1.75773e-01 3.97551e-17 2.58125e-05 
2579.28 2.85795e-06 1.77540e-01 4.09838e-17 2.70013e-05 
2579.54 2.84728e-06 1.77646e-01 4.10561e-17 2.69667e-05 
2585.00 2.53231e-06 1.79909e-01 4.25580e-17 2.52311e-05 
2592.18 2.30527e-06 1.82900e-01 4.44140e-17 2.44367e-05 
2595.00 2.22019e-06 1.84078e-01 4.51015e-17 2.40793e-05 
2595.24 2.21088e-06 1.84180e-01 4.51599e-17 2.40250e-05 
2605.00 1.72809e-06 1.88280e-01 4.73291e-17 2.01944e-05 
2605.14 1.72250e-06 1.88340e-01 4.73581e-17 2.01488e-05 
2610.96 1.58310e-06 1.90807e-01 4.84869e-17 1.92508e-05 
2615.00 1.56465e-06 1.92528e-01 4.91942e-17 1.95083e-05 
2618.17 1.59738e-06 1.93880e-01 4.97029e-17 2.02882e-05 
2625.00 2.29914e-06 1.96802e-01 5.06603e-17 3.02912e-05 
2626.68 2.69928e-06 1.97524e-01 5.08660e-17 3.58614e-05 
2631.26 4.04533e-06 1.99490e-01 5.13635e-17 5.49055e-05 
2635.00 5.01118e-06 2.01105e-01 5.17035e-17 6.91173e-05 
2642.42 6.12740e-06 2.04322e-01 5.21984e-17 8.69309e-05 
2644.41 6.63110e-06 2.05190e-01 5.22907e-17 9.47149e-05 
2645.00 6.82365e-06 2.05445e-01 5.23145e-17 9.76526e-05 
2655.00 9.98980e-06 2.09813e-01 5.24969e-17 1.47066e-04 
2657.64 9.25030e-06 2.10970e-01 5.24757e-17 1.37010e-04 
2658.17 9.01252e-06 2.11203e-01 5.24680e-17 1.33643e-04 
2665.00 5.63700e-06 2.14212e-01 5.22690e-17 8.46753e-05 
2670.92 5.56603e-06 2.16830e-01 5.19530e-17 8.43064e-05 
2673.92 6.34436e-06 2.18158e-01 5.17451e-17 9.64051e-05 
2675.00 6.66834e-06 2.18635e-01 5.16628e-17 1.01429e-04 
2684.28 8.24709e-06 2.22760e-01 5.07998e-17 1.26110e-04 
2685.00 8.15790e-06 2.23082e-01 5.07219e-17 1.24769e-04 
2689.69 6.77599e-06 2.25178e-01 5.01806e-17 1.03672e-04 
2695.00 5.44566e-06 2.27557e-01 4.95015e-17 8.32227e-05 
2697.70 5.66222e-06 2.28770e-01 4.91322e-17 8.64309e-05 
2705.00 7.12513e-06 2.32056e-01 4.80658e-17 1.08221e-04 
2705.47 7.13005e-06 2.32267e-01 4.79943e-17 1.08252e-04 
2711.19 5.95769e-06 2.34850e-01 4.71003e-17 8.99445e-05 
2715.00 4.65830e-06 2.36575e-01 4.64860e-17 7.00182e-05 
2721.26 3.27509e-06 2.39415e-01 4.54579e-17 4.88288e-05 
2724.74 3.19232e-06 2.41000e-01 4.48811e-17 4.73626e-05 
2725.00 3.20982e-06 2.41116e-01 4.48388e-17 4.76049e-05 
2735.00 4.37698e-06 2.45679e-01 4.32040e-17 6.39657e-05 
2737.06 4.09425e-06 2.46621e-01 4.28763e-17 5.96525e-05 
2738.37 3.79720e-06 2.47220e-01 4.26703e-17 5.52189e-05 
2745.00 2.24190e-06 2.50257e-01 4.16625e-17 3.23008e-05 
2752.06 2.80122e-06 2.53500e-01 4.06739e-17 4.00149e-05 
2752.87 2.96105e-06 2.53872e-01 4.05674e-17 4.22617e-05 
2755.00 3.38661e-06 2.54854e-01 4.02945e-17 4.82332e-05 
2765.00 4.77991e-06 2.59471e-01 3.91776e-17 6.76339e-05 
2765.82 4.85781e-06 2.59850e-01 3.90994e-17 6.87196e-05 
2768.69 5.07012e-06 2.61177e-01 3.88436e-17 7.16920e-05 
2775.00 4.86362e-06 2.64096e-01 3.83855e-17 6.88770e-05 
2779.65 3.86739e-06 2.66250e-01 3.81469e-17 5.49642e-05 
2784.52 2.55894e-06 2.68512e-01 3.79949e-17 3.65951e-05 
2785.00 2.44368e-06 2.68733e-01 3.79857e-17 3.49731e-05 
2793.55 1.11886e-06 2.72710e-01 3.80015e-17 1.63064e-05 
2795.00 1.00457e-06 2.73387e-01 3.80395e-17 1.46993e-05 
2800.37 8.48356e-07 2.75890e-01 3.82738e-17 1.26286e-05 
2805.00 1.26785e-06 2.78054e-01 3.85993e-17 1.92147e-05 
2807.52 1.79018e-06 2.79230e-01 3.88252e-17 2.74295e-05 
2815.00 4.13152e-06 2.82732e-01 3.97085e-17 6.57310e-05 
2816.22 4.55151e-06 2.83303e-01 3.98832e-17 7.29099e-05 
2821.55 6.16294e-06 2.85800e-01 4.07503e-17 1.01951e-04 
2825.00 6.76852e-06 2.87414e-01 4.14011e-17 1.14540e-04 
2832.08 6.46236e-06 2.90733e-01 4.29658e-17 1.15090e-04 
2835.00 5.89106e-06 2.92100e-01 4.36993e-17 1.07319e-04 
2835.66 5.73846e-06 2.92410e-01 4.38729e-17 1.05090e-04 
2845.00 3.11641e-06 2.96795e-01 4.66146e-17 6.17501e-05 
2847.96 2.28270e-06 2.98186e-01 4.75961e-17 4.64478e-05 
2849.84 1.84949e-06 2.99070e-01 4.82473e-17 3.82861e-05 
2855.00 1.46711e-06 3.01499e-01 5.01467e-17 3.18801e-05 
2863.85 4.27219e-06 3.05666e-01 5.37754e-17 1.01240e-04 
2864.09 4.38465e-06 3.05780e-01 5.38812e-17 1.04158e-04 
2865.00 4.81315e-06 3.06210e-01 5.42827e-17 1.15387e-04 
2875.00 8.30347e-06 3.10919e-01 5.89989e-17 2.20451e-04 
2878.41 8.16613e-06 3.12520e-01 6.07329e-17 2.24592e-04 
2879.74 7.97858e-06 3.13146e-01 6.14286e-17 2.22495e-04 
2885.00 7.41674e-06 3.15606e-01 6.42587e-17 2.18454e-04 
2892.80 9.07888e-06 3.19250e-01 6.87093e-17 2.90015e-04 
2895.00 9.82772e-06 3.20277e-01 7.00148e-17 3.21174e-04 
2895.65 1.00475e-05 3.20581e-01 7.04057e-17 3.30576e-04 
2907.27 1.30436e-05 3.26020e-01 7.76671e-17 4.83378e-04 
2910.00 1.33517e-05 3.27306e-01 7.94509e-17 5.08635e-04 
2911.57 1.34361e-05 3.28046e-01 8.04864e-17 5.19973e-04 
2921.80 1.27845e-05 3.32870e-01 8.74157e-17 5.47168e-04 
2927.50 1.20343e-05 3.35555e-01 9.13898e-17 5.43879e-04 
2930.00 1.17404e-05 3.36732e-01 9.31542e-17 5.43201e-04 
2936.41 1.12533e-05 3.39750e-01 9.77235e-17 5.52304e-04 
2943.44 1.10864e-05 3.43060e-01 1.02787e-16 5.79269e-04 
2950.00 1.11598e-05 3.46147e-01 1.07536e-16 6.16899e-04 
2951.09 1.11854e-05 3.46660e-01 1.08327e-16 6.24020e-04 
2959.39 1.14405e-05 3.50555e-01 1.14320e-16 6.83048e-04 
2965.85 1.16452e-05 3.53580e-01 1.18941e-16 7.31199e-04 
2970.00 1.17424e-05 3.55524e-01 1.21880e-16 7.60745e-04 
2975.35 1.18012e-05 3.58030e-01 1.25621e-16 7.95002e-04 
2980.68 1.17921e-05 3.60520e-01 1.29274e-16 8.24647e-04 
2990.00 1.16569e-05 3.64881e-01 1.35473e-16 8.67321e-04 
2991.33 1.16289e-05 3.65501e-01 1.36332e-16 8.72596e-04 
2995.58 1.15381e-05 3.67490e-01 1.39041e-16 8.89051e-04 
3007.31 1.14856e-05 3.72968e-01 1.46129e-16 9.47683e-04 
3010.00 1.15609e-05 3.74220e-01 1.47667e-16 9.68038e-04 
3010.56 1.15824e-05 3.74480e-01 1.47982e-16 9.72758e-04 
3023.31 1.23954e-05 3.80393e-01 1.54742e-16 1.11047e-03 
3025.61 1.25520e-05 3.81460e-01 1.55872e-16 1.13675e-03 
3030.00 1.27990e-05 3.83490e-01 1.57941e-16 1.18247e-03 
3039.31 1.30481e-05 3.87792e-01 1.61965e-16 1.25391e-03 
3040.74 1.30711e-05 3.88450e-01 1.62537e-16 1.26329e-03 
3050.00 1.33107e-05 3.92717e-01 1.65948e-16 1.33192e-03 
3055.33 1.36007e-05 3.95168e-01 1.67675e-16 1.38610e-03 
3055.94 1.36381e-05 3.95450e-01 1.67863e-16 1.39274e-03 
3070.00 1.40833e-05 4.01891e-01 1.71540e-16 1.50051e-03 
3071.22 1.40400e-05 4.02450e-01 1.71804e-16 1.50088e-03 
3071.36 1.40342e-05 4.02511e-01 1.71832e-16 1.50080e-03 
3086.58 1.30504e-05 4.09450e-01 1.74379e-16 1.44784e-03 
3087.40 1.30348e-05 4.09822e-01 1.74479e-16 1.44863e-03 
3090.00 1.30535e-05 4.11006e-01 1.74773e-16 1.45859e-03 
3102.01 1.42458e-05 4.16450e-01 1.75676e-16 1.62753e-03 
3103.45 1.44247e-05 4.17098e-01 1.75736e-16 1.65186e-03 
3110.00 1.50379e-05 4.20051e-01 1.75890e-16 1.73947e-03 
3117.52 1.50415e-05 4.23430e-01 1.75840e-16 1.75761e-03 
3119.51 1.49392e-05 4.24321e-01 1.75789e-16 1.74993e-03 
3130.00 1.40910e-05 4.29021e-01 1.75284e-16 1.66967e-03 
3133.11 1.38409e-05 4.30410e-01 1.75065e-16 1.64492e-03 
3135.58 1.36683e-05 4.31512e-01 1.74872e-16 1.62805e-03 
3148.77 1.34307e-05 4.37380e-01 1.73582e-16 1.61631e-03 
3150.00 1.34897e-05 4.37923e-01 1.73444e-16 1.62477e-03 
3151.66 1.35960e-05 4.38660e-01 1.73252e-16 1.63938e-03 
3164.52 1.46946e-05 4.44340e-01 1.71638e-16 1.78532e-03 
3167.76 1.48025e-05 4.45762e-01 1.71205e-16 1.80148e-03 
3170.00 1.47776e-05 4.46746e-01 1.70901e-16 1.80050e-03 
3180.34 1.37688e-05 4.51270e-01 1.69483e-16 1.68600e-03 
3183.86 1.33723e-05 4.52807e-01 1.69001e-16 1.64017e-03 
3190.00 1.30600e-05 4.55486e-01 1.68173e-16 1.60652e-03 
3196.24 1.34936e-05 4.58200e-01 1.67356e-16 1.66489e-03 
3199.98 1.39313e-05 4.59816e-01 1.66886e-16 1.72213e-03 
3210.00 1.44882e-05 4.64134e-01 1.65707e-16 1.80064e-03 
3212.22 1.42991e-05 4.65090e-01 1.65465e-16 1.77944e-03 
3216.10 1.37169e-05 4.66756e-01 1.65063e-16 1.71100e-03 
3228.29 1.18883e-05 4.71970e-01 1.63978e-16 1.49525e-03 
3230.00 1.18779e-05 4.72700e-01 1.63848e-16 1.49586e-03 
3232.24 1.20281e-05 4.73653e-01 1.63689e-16 1.51741e-03 
3244.43 1.49943e-05 4.78810e-01 1.63011e-16 1.91148e-03 
3248.39 1.62306e-05 4.80484e-01 1.62862e-16 2.07694e-03 
3250.00 1.67015e-05 4.81163e-01 1.62812e-16 2.14061e-03 
3260.65 1.89881e-05 4.85640e-01 1.62627e-16 2.46159e-03 
3264.55 1.94752e-05 4.87271e-01 1.62623e-16 2.53619e-03 
3270.00 1.98573e-05 4.89542e-01 1.62674e-16 2.60315e-03 
3276.95 1.98899e-05 4.92430e-01 1.62830e-16 2.63090e-03 
3280.72 1.97485e-05 4.93994e-01 1.62955e-16 2.62553e-03 
3290.00 1.91539e-05 4.97818e-01 1.63379e-16 2.58014e-03 
3293.34 1.89174e-05 4.99180e-01 1.63568e-16 2.56081e-03 
3296.90 1.86761e-05 5.00625e-01 1.63790e-16 2.54165e-03 
3309.80 1.80628e-05 5.05800e-01 1.64741e-16 2.50780e-03 
3310.00 1.80583e-05 5.05879e-01 1.64757e-16 2.50795e-03 
3313.10 1.80096e-05 5.07122e-01 1.65015e-16 2.51361e-03 
3326.35 1.81968e-05 5.12450e-01 1.66207e-16 2.59529e-03 
3329.30 1.83002e-05 5.13634e-01 1.66485e-16 2.62278e-03 
3330.00 1.83268e-05 5.13913e-01 1.66551e-16 2.62960e-03 
3342.98 1.84952e-05 5.19100e-01 1.67792e-16 2.71106e-03 
3345.52 1.83245e-05 5.20110e-01 1.68031e-16 2.69715e-03 
3350.00 1.77305e-05 5.21891e-01 1.68448e-16 2.62867e-03 
3359.70 1.53247e-05 5.25730e-01 1.69306e-16 2.30702e-03 
3361.75 1.47879e-05 5.26536e-01 1.69476e-16 2.23323e-03 
3370.00 1.33506e-05 5.29774e-01 1.70114e-16 2.04121e-03 
3376.50 1.35690e-05 5.32310e-01 1.70551e-16 2.09390e-03 
3377.98 1.37518e-05 5.32889e-01 1.70641e-16 2.12649e-03 
3390.00 1.56086e-05 5.37547e-01 1.71224e-16 2.45171e-03 
3393.38 1.58891e-05 5.38850e-01 1.71336e-16 2.50593e-03 
3394.23 1.59334e-05 5.39179e-01 1.71360e-16 2.51544e-03 
3410.00 1.59350e-05 5.45208e-01 1.71490e-16 2.55760e-03 
3410.35 1.59377e-05 5.45340e-01 1.71486e-16 2.55885e-03 
3410.50 1.59391e-05 5.45396e-01 1.71484e-16 2.55942e-03 
3426.77 1.66872e-05 5.51552e-01 1.70893e-16 2.71332e-03 
3427.40 1.67241e-05 5.51790e-01 1.70854e-16 2.72039e-03 
3430.00 1.68683e-05 5.52767e-01 1.70682e-16 2.74801e-03 
3443.05 1.73551e-05 5.57638e-01 1.69496e-16 2.84318e-03 
3444.54 1.73931e-05 5.58190e-01 1.69326e-16 2.85061e-03 
3450.00 1.75203e-05 5.60216e-01 1.68639e-16 2.87473e-03 
3459.34 1.77525e-05 5.63664e-01 1.67235e-16 2.91422e-03 
3461.76 1.78312e-05 5.64550e-01 1.66825e-16 2.92661e-03 
3470.00 1.82171e-05 5.67560e-01 1.65278e-16 2.98511e-03 
3475.65 1.86184e-05 5.69613e-01 1.64087e-16 3.04478e-03 
3479.07 1.89101e-05 5.70850e-01 1.63316e-16 3.08766e-03 
3490.00 2.00101e-05 5.74793e-01 1.60592e-16 3.24514e-03 
3491.97 2.02231e-05 5.75499e-01 1.60062e-16 3.27472e-03 
3496.46 2.06798e-05 5.77110e-01 1.58804e-16 3.33593e-03 
3508.30 2.10744e-05 5.81323e-01 1.55198e-16 3.35798e-03 
3510.00 2.09635e-05 5.81927e-01 1.54644e-16 3.33347e-03 
3513.95 2.05178e-05 5.83320e-01 1.53332e-16 3.24629e-03 
3524.64 1.91508e-05 5.87072e-01 1.49560e-16 2.98355e-03 
3530.00 1.91994e-05 5.88943e-01 1.47556e-16 2.96494e-03 
3531.51 1.93851e-05 5.89470e-01 1.46977e-16 2.98582e-03 
3540.99 2.14976e-05 5.92752e-01 1.43236e-16 3.25360e-03 
3549.17 2.25156e-05 5.95570e-01 1.39845e-16 3.35054e-03 
3550.00 2.24709e-05 5.95854e-01 1.39495e-16 3.33787e-03 
3557.35 2.07387e-05 5.98364e-01 1.36328e-16 3.02957e-03 
3566.92 1.70748e-05 6.01610e-01 1.32064e-16 2.43596e-03 
3570.00 1.61558e-05 6.02650e-01 1.30661e-16 2.28628e-03 
3573.72 1.54793e-05 6.03904e-01 1.28949e-16 2.16860e-03 
3584.75 1.56400e-05 6.07600e-01 1.23775e-16 2.12260e-03 
3590.00 1.63463e-05 6.09348e-01 1.21270e-16 2.18301e-03 
3590.11 1.63620e-05 6.09384e-01 1.21219e-16 2.18438e-03 
3602.68 1.82032e-05 6.13540e-01 1.15129e-16 2.33198e-03 
3606.50 1.86652e-05 6.14794e-01 1.13258e-16 2.35962e-03 
3610.00 1.90030e-05 6.15936e-01 1.11542e-16 2.37262e-03 
3620.69 1.94528e-05 6.19410e-01 1.06279e-16 2.33412e-03 
3622.91 1.94523e-05 6.20129e-01 1.05184e-16 2.31411e-03 
3630.00 1.92881e-05 6.22420e-01 1.01690e-16 2.23091e-03 
3638.79 1.93924e-05 6.25240e-01 9.73701e-17 2.16265e-03 
3639.33 1.94664e-05 6.25411e-01 9.71081e-17 2.16596e-03 
3640.00 1.95771e-05 6.25625e-01 9.67793e-17 2.17205e-03 
3650.00 2.24311e-05 6.28792e-01 9.19089e-17 2.38194e-03 
3655.76 2.34473e-05 6.30604e-01 8.91306e-17 2.42537e-03 
3656.99 2.35541e-05 6.30990e-01 8.85407e-17 2.42259e-03 
3670.00 2.31466e-05 6.35062e-01 8.23699e-17 2.23697e-03 
3672.20 2.29240e-05 6.35747e-01 8.13418e-17 2.19148e-03 
3675.27 2.26033e-05 6.36700e-01 7.99143e-17 2.12787e-03 
3688.65 2.19136e-05 6.40817e-01 7.38187e-17 1.92488e-03 
3690.00 2.19802e-05 6.41228e-01 7.32169e-17 1.91692e-03 
3693.65 2.23184e-05 6.42340e-01 7.15981e-17 1.90857e-03 
3705.12 2.34082e-05 6.45816e-01 6.66248e-17 1.87862e-03 
3710.00 2.30337e-05 6.47291e-01 6.45635e-17 1.79783e-03 
3712.12 2.25818e-05 6.47930e-01 6.36805e-17 1.74116e-03 
3721.59 1.92492e-05 6.50781e-01 5.98104e-17 1.40371e-03 
3730.00 1.66695e-05 6.53254e-01 5.64936e-17 1.15514e-03 
3730.68 1.65591e-05 6.53450e-01 5.62312e-17 1.14271e-03 
3738.08 1.64478e-05 6.55551e-01 5.34122e-17 1.08374e-03 
3749.33 1.86530e-05 6.58710e-01 4.93007e-17 1.14333e-03 
3750.00 1.88187e-05 6.58900e-01 4.90628e-17 1.14846e-03 
3754.58 1.99365e-05 6.60212e-01 4.74549e-17 1.18059e-03 
3768.08 2.25303e-05 6.64120e-01 4.29213e-17 1.21823e-03 
3770.00 2.27452e-05 6.64673e-01 4.23008e-17 1.21370e-03 
3771.09 2.28441e-05 6.64985e-01 4.19519e-17 1.20984e-03 
3786.92 2.33741e-05 6.69470e-01 3.71091e-17 1.10702e-03 
3787.61 2.34017e-05 6.69665e-01 3.69067e-17 1.10281e-03 
3790.00 2.35297e-05 6.70336e-01 3.62152e-17 1.08984e-03 
3804.14 2.40633e-05 6.74286e-01 3.23143e-17 1.00409e-03 
3805.85 2.38437e-05 6.74760e-01 3.18653e-17 9.82238e-04 
3810.00 2.27954e-05 6.75908e-01 3.07949e-17 9.10044e-04 
3820.69 1.72915e-05 6.78845e-01 2.81625e-17 6.35829e-04 
3824.88 1.51916e-05 6.79990e-01 2.71787e-17 5.40600e-04 
3830.00 1.36996e-05 6.81382e-01 2.60144e-17 4.68204e-04 
3837.24 1.44107e-05 6.83342e-01 2.44336e-17 4.64787e-04 
3844.01 1.66753e-05 6.85160e-01 2.30280e-17 5.09132e-04 
3850.00 1.84564e-05 6.86763e-01 2.18368e-17 5.36449e-04 
3853.81 1.89470e-05 6.87779e-01 2.11053e-17 5.33573e-04 
3863.23 1.85642e-05 6.90270e-01 1.93841e-17 4.83076e-04 
3870.00 1.80158e-05 6.92048e-01 1.82181e-17 4.42516e-04 
3870.39 1.80011e-05 6.92150e-01 1.81525e-17 4.40671e-04 
3882.54 1.90296e-05 6.95310e-01 1.62122e-17 4.19267e-04 
3886.98 2.01624e-05 6.96456e-01 1.55478e-17 4.27210e-04 
3890.00 2.11770e-05 6.97233e-01 1.51095e-17 4.36883e-04 
3901.96 2.54804e-05 7.00290e-01 1.34739e-17 4.72260e-04 
3903.58 2.57462e-05 7.00704e-01 1.32630e-17 4.70193e-04 
3910.00 2.50062e-05 7.02329e-01 1.24601e-17 4.30733e-04 
3920.20 1.79911e-05 7.04893e-01 1.12694e-17 2.82043e-04 
3921.46 1.70199e-05 7.05210e-01 1.11287e-17 2.63689e-04 
3930.00 1.31590e-05 7.07337e-01 1.02191e-17 1.88181e-04 
3936.82 1.55164e-05 7.09025e-01 9.53897e-18 2.07980e-04 
3941.07 1.83227e-05 7.10070e-01 9.13588e-18 2.35819e-04 
3950.00 2.23890e-05 7.12251e-01 8.33711e-18 2.64365e-04 
3953.46 2.19096e-05 7.13092e-01 8.04440e-18 2.50135e-04 
3960.78 1.83018e-05 7.14860e-01 7.45537e-18 1.94485e-04 
3970.00 1.54497e-05 7.17073e-01 6.76766e-18 1.49843e-04 
3970.11 1.54647e-05 7.17099e-01 6.75982e-18 1.49824e-04 
3980.58 2.22252e-05 7.19590e-01 6.04884e-18 1.93853e-04 
3986.77 2.79976e-05 7.21051e-01 5.66097e-18 2.29362e-04 
3990.00 3.04201e-05 7.21810e-01 5.46757e-18 2.41143e-04 
4000.48 3.32949e-05 7.24260e-01 4.88032e-18 2.37004e-04 
4003.44 3.31914e-05 7.24947e-01 4.72537e-18 2.29152e-04 
4010.00 3.25538e-05 7.26463e-01 4.39767e-18 2.09945e-04 
4020.13 3.21773e-05 7.28787e-01 3.93246e-18 1.86628e-04 
4020.49 3.21769e-05 7.28870e-01 3.91673e-18 1.85917e-04 
4030.00 3.21922e-05 7.31033e-01 3.52294e-18 1.68198e-04 
4036.82 3.19931e-05 7.32573e-01 3.26363e-18 1.55443e-04 
4040.59 3.17771e-05 7.33420e-01 3.12813e-18 1.48293e-04 
4050.00 3.09259e-05 7.35523e-01 2.81251e-18 1.30434e-04 
4053.53 3.05095e-05 7.36306e-01 2.70218e-18 1.23869e-04 
4060.79 2.97820e-05 7.37910e-01 2.48782e-18 1.11766e-04 
4070.00 2.99621e-05 7.39924e-01 2.23956e-18 1.01728e-04 
4070.25 2.99947e-05 7.39978e-01 2.23327e-18 1.01566e-04 
4081.10 3.24799e-05 7.42330e-01 1.97238e-18 9.77017e-05 
4086.98 3.38346e-05 7.43597e-01 1.84386e-18 9.54446e-05 
4090.00 3.42632e-05 7.44247e-01 1.78108e-18 9.35133e-05 
4101.50 3.38784e-05 7.46700e-01 1.56154e-18 8.15621e-05 
4103.72 3.36232e-05 7.47169e-01 1.52256e-18 7.90192e-05 
4110.00 3.30079e-05 7.48492e-01 1.41756e-18 7.24626e-05 
4120.47 3.29827e-05 7.50680e-01 1.25954e-18 6.46879e-05 
4122.01 3.30443e-05 7.51000e-01 1.23803e-18 6.37528e-05 
4130.00 3.33371e-05 7.52657e-01 1.13275e-18 5.90923e-05 
4137.24 3.33237e-05 7.54148e-01 1.04639e-18 5.47692e-05 
4142.62 3.32258e-05 7.55250e-01 9.87359e-19 5.16701e-05 
4150.00 3.32046e-05 7.56749e-01 9.13195e-19 4.79385e-05 
4154.01 3.33239e-05 7.57559e-01 8.75990e-19 4.62448e-05 
4163.33 3.36691e-05 7.59430e-01 7.97626e-19 4.27448e-05 
4170.00 3.35859e-05 7.60761e-01 7.48033e-19 4.01222e-05 
4170.80 3.35391e-05 7.60921e-01 7.42405e-19 3.97810e-05 
4184.15 3.21360e-05 7.63560e-01 6.59243e-19 3.40730e-05 
4187.60 3.18479e-05 7.64236e-01 6.40746e-19 3.28763e-05 
4190.00 3.17368e-05 7.64704e-01 6.28612e-19 3.21793e-05 
4204.42 3.22786e-05 7.67494e-01 5.67068e-19 2.97340e-05 
4205.07 3.23068e-05 7.67620e-01 5.64725e-19 2.96465e-05 
4210.00 3.23783e-05 7.68568e-01 5.48240e-19 2.89142e-05 
4221.24 3.15321e-05 7.70713e-01 5.18274e-19 2.67650e-05 
4226.10 3.11026e-05 7.71630e-01 5.08473e-19 2.59619e-05 
4230.00 3.09094e-05 7.72363e-01 5.01917e-19 2.55157e-05 
4238.08 3.10909e-05 7.73872e-01 4.92017e-19 2.52566e-05 
4247.23 3.14618e-05 7.75580e-01 4.86578e-19 2.53858e-05 
4250.00 3.14326e-05 7.76100e-01 4.86113e-19 2.53715e-05 
4254.92 3.11059e-05 7.77022e-01 4.86620e-19 2.51931e-05 
4268.46 2.94273e-05 7.79480e-01 4.96640e-19 2.44789e-05 
4270.00 2.92648e-05 7.79746e-01 4.98569e-19 2.44554e-05 
4271.78 2.91021e-05 7.80051e-01 5.01006e-19 2.44581e-05 
4288.66 2.69892e-05 7.82865e-01 5.34624e-19 2.43877e-05 
4289.80 2.66743e-05 7.83060e-01 5.37606e-19 2.42501e-05 
4290.00 2.66168e-05 7.83093e-01 5.38124e-19 2.42233e-05 
4305.54 2.19216e-05 7.85833e-01 5.87400e-19 2.19324e-05 
4310.00 2.21824e-05 7.86628e-01 6.04571e-19 2.28889e-05 
4311.25 2.25205e-05 7.86850e-01 6.09639e-19 2.34460e-05 
4322.43 2.86821e-05 7.88801e-01 6.59680e-19 3.24760e-05 
4330.00 3.23424e-05 7.90100e-01 6.98527e-19 3.89089e-05 
4332.81 3.28256e-05 7.90580e-01 7.13996e-19 4.04154e-05 
4339.34 3.23926e-05 7.91695e-01 7.52185e-19 4.21381e-05 
4350.00 3.08015e-05 7.93506e-01 8.21317e-19 4.39587e-05 
4354.47 3.11620e-05 7.94260e-01 8.52912e-19 4.62755e-05 
4356.26 3.14819e-05 7.94560e-01 8.65967e-19 4.75036e-05 
4370.00 3.40234e-05 7.96849e-01 9.74873e-19 5.81443e-05 
4373.19 3.39041e-05 7.97376e-01 1.00238e-18 5.96578e-05 
4376.25 3.34851e-05 7.97880e-01 1.02950e-18 6.05957e-05 
4390.00 3.08991e-05 8.00133e-01 1.16165e-18 6.34700e-05 
4390.13 3.08887e-05 8.00154e-01 1.16301e-18 6.35270e-05 
4398.13 3.11807e-05 8.01450e-01 1.24768e-18 6.90328e-05 
4407.09 3.27941e-05 8.02889e-01 1.34971e-18 7.88434e-05 
4410.00 3.33861e-05 8.03354e-01 1.38452e-18 8.24388e-05 
4420.12 3.50317e-05 8.04960e-01 1.51203e-18 9.48750e-05 
4424.06 3.54354e-05 8.05581e-01 1.56447e-18 9.94619e-05 
4430.00 3.57254e-05 8.06516e-01 1.64671e-18 1.05812e-04 
4441.03 3.54145e-05 8.08236e-01 1.80946e-18 1.15791e-04 
4442.22 3.53690e-05 8.08420e-01 1.82773e-18 1.16868e-04 
4450.00 3.53429e-05 8.09620e-01 1.95174e-18 1.25109e-04 
4458.02 3.60640e-05 8.10847e-01 2.08698e-18 1.36961e-04 
4464.43 3.68192e-05 8.11820e-01 2.20047e-18 1.47822e-04 
4470.00 3.72531e-05 8.12662e-01 2.30327e-18 1.56909e-04 
4475.03 3.73049e-05 8.13418e-01 2.39939e-18 1.64021e-04 
4486.75 3.73522e-05 8.15170e-01 2.63626e-18 1.81304e-04 
4490.00 3.76871e-05 8.15652e-01 2.70511e-18 1.87955e-04 
4492.04 3.80254e-05 8.15955e-01 2.74911e-18 1.92886e-04 
4509.07 4.12151e-05 8.18453e-01 3.13857e-18 2.40321e-04 
4509.19 4.12177e-05 8.18470e-01 3.14139e-18 2.40563e-04 
4510.00 4.12207e-05 8.18588e-01 3.16107e-18 2.42167e-04 
4526.11 3.80915e-05 8.20907e-01 3.57016e-18 2.54365e-04 
4530.00 3.73689e-05 8.21463e-01 3.67489e-18 2.57255e-04 
4531.73 3.71714e-05 8.21710e-01 3.72221e-18 2.59367e-04 
4543.16 3.75411e-05 8.23332e-01 4.04622e-18 2.86030e-04 
4550.00 3.86014e-05 8.24295e-01 4.25018e-18 3.09762e-04 
4554.39 3.93669e-05 8.24910e-01 4.38502e-18 3.26484e-04 
4560.22 4.02733e-05 8.25721e-01 4.56898e-18 3.48802e-04 
4570.00 4.08810e-05 8.27070e-01 4.89031e-18 3.80399e-04 
4577.16 4.02362e-05 8.28050e-01 5.13588e-18 3.94283e-04 
4577.29 4.02184e-05 8.28068e-01 5.14052e-18 3.94484e-04 
4590.00 3.86728e-05 8.29791e-01 5.59831e-18 4.15114e-04 
4594.38 3.86196e-05 8.30381e-01 5.76274e-18 4.27430e-04 
4600.05 3.89053e-05 8.31140e-01 5.98046e-18 4.47820e-04 
4610.00 3.95494e-05 8.32464e-01 6.37683e-18 4.87230e-04 
4611.48 3.95851e-05 8.32660e-01 6.43731e-18 4.92569e-04 
4623.05 3.92934e-05 8.34180e-01 6.92378e-18 5.28170e-04 
4628.59 3.90485e-05 8.34902e-01 7.16563e-18 5.44336e-04 
4630.00 3.90016e-05 8.35085e-01 7.22801e-18 5.48702e-04 
4645.71 3.91249e-05 8.37112e-01 7.94881e-18 6.08857e-04 
4646.16 3.91430e-05 8.37170e-01 7.97008e-18 6.10869e-04 
4650.00 3.93226e-05 8.37661e-01 8.15344e-18 6.28678e-04 
4662.85 4.00576e-05 8.39296e-01 8.78763e-18 6.93500e-04 
4669.39 4.02977e-05 8.40120e-01 9.12262e-18 7.25981e-04 
4670.00 4.03090e-05 8.40196e-01 9.15407e-18 7.28847e-04 
4680.00 4.01776e-05 8.41441e-01 9.68250e-18 7.71194e-04 
4690.00 3.95040e-05 8.42674e-01 1.02301e-17 8.04041e-04 
4692.74 3.92386e-05 8.43010e-01 1.03835e-17 8.11407e-04 
4697.16 3.87895e-05 8.43550e-01 1.06334e-17 8.22727e-04 
4710.00 3.80554e-05 8.45112e-01 1.13812e-17 8.67884e-04 
4714.33 3.82334e-05 8.45634e-01 1.16400e-17 8.93143e-04 
4716.20 3.83746e-05 8.45860e-01 1.17533e-17 9.05771e-04 
4730.00 3.97755e-05 8.47505e-01 1.26059e-17 1.01185e-03 
4731.51 3.98929e-05 8.47684e-01 1.27014e-17 1.02307e-03 
4739.79 4.02760e-05 8.48660e-01 1.32313e-17 1.07911e-03 
4748.71 4.03835e-05 8.49706e-01 1.38162e-17 1.13334e-03 
4750.00 4.03886e-05 8.49856e-01 1.39022e-17 1.14105e-03 
4763.48 4.04261e-05 8.51420e-01 1.48151e-17 1.22280e-03 
4765.92 4.04284e-05 8.51700e-01 1.49829e-17 1.23776e-03 
4770.00 4.04279e-05 8.52168e-01 1.52670e-17 1.26300e-03 
4783.14 4.03486e-05 8.53661e-01 1.61990e-17 1.34350e-03 
4787.30 4.02758e-05 8.54130e-01 1.65003e-17 1.36796e-03 
4790.00 4.02106e-05 8.54433e-01 1.66968e-17 1.38328e-03 
4800.37 3.98884e-05 8.55589e-01 1.74620e-17 1.44013e-03 
4810.00 3.97886e-05 8.56654e-01 1.81867e-17 1.50102e-03 
4811.24 3.98096e-05 8.56790e-01 1.82808e-17 1.51021e-03 
4817.61 4.00167e-05 8.57490e-01 1.87686e-17 1.56191e-03 
4830.00 4.03118e-05 8.58839e-01 1.97315e-17 1.66101e-03 
4834.87 4.01497e-05 8.59364e-01 2.01152e-17 1.68925e-03 
4835.29 4.01246e-05 8.59410e-01 2.01488e-17 1.69125e-03 
4850.00 3.79496e-05 8.60979e-01 2.13248e-17 1.70118e-03 
4852.14 3.73951e-05 8.61206e-01 2.14979e-17 1.69112e-03 
4859.47 3.53664e-05 8.61980e-01 2.20944e-17 1.64772e-03 
4869.42 3.38849e-05 8.63026e-01 2.29121e-17 1.64246e-03 
4870.00 3.38956e-05 8.63087e-01 2.29599e-17 1.64672e-03 
4883.77 3.68121e-05 8.64520e-01 2.41059e-17 1.88611e-03 
4886.71 3.76041e-05 8.64824e-01 2.43530e-17 1.94830e-03 
4890.00 3.83179e-05 8.65161e-01 2.46292e-17 2.00993e-03 
4904.02 3.87747e-05 8.66589e-01 2.58155e-17 2.14150e-03 
4908.19 3.84607e-05 8.67010e-01 2.61700e-17 2.15620e-03 
4910.00 3.83127e-05 8.67193e-01 2.63246e-17 2.16184e-03 
4921.34 3.75940e-05 8.68330e-01 2.72941e-17 2.20738e-03 
4930.00 3.75182e-05 8.69191e-01 2.80373e-17 2.26915e-03 
4932.73 3.76179e-05 8.69460e-01 2.82718e-17 2.29619e-03 
4938.67 3.80028e-05 8.70043e-01 2.87830e-17 2.36606e-03 
4950.00 3.89655e-05 8.71146e-01 2.97585e-17 2.51716e-03 
4956.01 3.93551e-05 8.71727e-01 3.02762e-17 2.59143e-03 
4957.39 3.94177e-05 8.71860e-01 3.03949e-17 2.60684e-03 
4970.00 3.93184e-05 8.73072e-01 3.14787e-17 2.70360e-03 
4973.37 3.90371e-05 8.73394e-01 3.17677e-17 2.71174e-03 
4982.18 3.79087e-05 8.74230e-01 3.25217e-17 2.70322e-03 
4990.00 3.67232e-05 8.74964e-01 3.31885e-17 2.67882e-03 
4990.74 3.66149e-05 8.75033e-01 3.32512e-17 2.67657e-03 
5007.09 3.51516e-05 8.76550e-01 3.46340e-17 2.68988e-03 
5008.12 3.51565e-05 8.76645e-01 3.47203e-17 2.69781e-03 
5010.00 3.52072e-05 8.76818e-01 3.48783e-17 2.71555e-03 
5025.51 3.68380e-05 8.78240e-01 3.61688e-17 2.96037e-03 
5030.00 3.72038e-05 8.78648e-01 3.65384e-17 3.02443e-03 
5032.12 3.72833e-05 8.78840e-01 3.67127e-17 3.04730e-03 
5042.91 3.71321e-05 8.79808e-01 3.75902e-17 3.11758e-03 
5050.00 3.71424e-05 8.80438e-01 3.81594e-17 3.17238e-03 
5057.29 3.76857e-05 8.81080e-01 3.87384e-17 3.27472e-03 
5060.33 3.79835e-05 8.81347e-01 3.89785e-17 3.32406e-03 
5070.00 3.85515e-05 8.82191e-01 3.97320e-17 3.44887e-03 
5077.76 3.81095e-05 8.82865e-01 4.03274e-17 3.46835e-03 
5082.57 3.76264e-05 8.83280e-01 4.06918e-17 3.46023e-03 
5090.00 3.70621e-05 8.83919e-01 4.12473e-17 3.46241e-03 
5095.20 3.70431e-05 8.84365e-01 4.16311e-17 3.49818e-03 
5107.98 3.75812e-05 8.85450e-01 4.25539e-17 3.64122e-03 
5110.00 3.76180e-05 8.85620e-01 4.26967e-17 3.65916e-03 
5112.66 3.76077e-05 8.85843e-01 4.28840e-17 3.67705e-03 
5130.00 3.67313e-05 8.87288e-01 4.40722e-17 3.70943e-03 
5130.13 3.67252e-05 8.87299e-01 4.40807e-17 3.70965e-03 
5133.52 3.65807e-05 8.87580e-01 4.43064e-17 3.71762e-03 
5147.61 3.57208e-05 8.88739e-01 4.52161e-17 3.71977e-03 
5150.00 3.54115e-05 8.88934e-01 4.53664e-17 3.70236e-03 
5159.19 3.36786e-05 8.89680e-01 4.59321e-17 3.57445e-03 
5165.10 3.24895e-05 8.90154e-01 4.62854e-17 3.48060e-03 
5170.00 3.17285e-05 8.90544e-01 4.65725e-17 3.42491e-03 
5182.60 3.14197e-05 8.91542e-01 4.72845e-17 3.45568e-03 
5184.99 3.16074e-05 8.91730e-01 4.74148e-17 3.48825e-03 
5190.00 3.22200e-05 8.92125e-01 4.76843e-17 3.58110e-03 
5200.12 3.40424e-05 8.92920e-01 4.82092e-17 3.83618e-03 
5210.00 3.55255e-05 8.93689e-01 4.86964e-17 4.05494e-03 
5210.91 3.56020e-05 8.93760e-01 4.87402e-17 4.06836e-03 
5217.65 3.58580e-05 8.94278e-01 4.90563e-17 4.13192e-03 
5230.00 3.61343e-05 8.95216e-01 4.96044e-17 4.22467e-03 
5235.19 3.66537e-05 8.95607e-01 4.98226e-17 4.31040e-03 
5236.97 3.68600e-05 8.95740e-01 4.98955e-17 4.34312e-03 
5250.00 3.72468e-05 8.96715e-01 5.04043e-17 4.44932e-03 
5252.75 3.67856e-05 8.96919e-01 5.05056e-17 4.40637e-03 
5263.15 3.40849e-05 8.97690e-01 5.08701e-17 4.12402e-03 
5270.00 3.30062e-05 8.98194e-01 5.10933e-17 4.01849e-03 
5270.32 3.29954e-05 8.98217e-01 5.11033e-17 4.01831e-03 
5287.90 3.63681e-05 8.99497e-01 5.16141e-17 4.49464e-03 
5289.47 3.67667e-05 8.99610e-01 5.16555e-17 4.54946e-03 
5290.00 3.68943e-05 8.99648e-01 5.16693e-17 4.56713e-03 
5305.49 3.85005e-05 9.00755e-01 5.20368e-17 4.81983e-03 
5310.00 3.80833e-05 9.01074e-01 5.21309e-17 4.78198e-03 
5315.92 3.69407e-05 9.01490e-01 5.22454e-17 4.65603e-03 
5323.09 3.53238e-05 9.01991e-01 5.23708e-17 4.47143e-03 
5330.00 3.44391e-05 9.02469e-01 5.24776e-17 4.37631e-03 
5340.71 3.54421e-05 9.03207e-01 5.26161e-17 4.52844e-03 
5342.50 3.57542e-05 9.03330e-01 5.26360e-17 4.57218e-03 
5350.00 3.69079e-05 9.03845e-01 5.27097e-17 4.73567e-03 
5358.34 3.72379e-05 9.04415e-01 5.27728e-17 4.79421e-03 
5369.21 3.68319e-05 9.05150e-01 5.28257e-17 4.76018e-03 
5370.00 3.68033e-05 9.05203e-01 5.28282e-17 4.75770e-03 
5375.99 3.66733e-05 9.05603e-01 5.28419e-17 4.74949e-03 
5390.00 3.63770e-05 9.06526e-01 5.28349e-17 4.72759e-03 
5393.64 3.61589e-05 9.06763e-01 5.28243e-17 4.70272e-03 
5396.05 3.59844e-05 9.06920e-01 5.28153e-17 4.68212e-03 
5410.00 3.51460e-05 9.07822e-01 5.27323e-17 4.58220e-03 
5411.31 3.51314e-05 9.07907e-01 5.27218e-17 4.58092e-03 
5423.03 3.55635e-05 9.08660e-01 5.26079e-17 4.64112e-03 
5428.99 3.59856e-05 9.09042e-01 5.25362e-17 4.69693e-03 
5430.00 3.60583e-05 9.09107e-01 5.25232e-17 4.70646e-03 
5446.69 3.68990e-05 9.10171e-01 5.22699e-17 4.81332e-03 
5450.00 3.69236e-05 9.10381e-01 5.22113e-17 4.81516e-03 
5450.15 3.69231e-05 9.10390e-01 5.22086e-17 4.81504e-03 
5464.39 3.64683e-05 9.11284e-01 5.19256e-17 4.74696e-03 
5470.00 3.62430e-05 9.11632e-01 5.18008e-17 4.71293e-03 
5477.40 3.60711e-05 9.12090e-01 5.16248e-17 4.68331e-03 
5482.11 3.60234e-05 9.12380e-01 5.15061e-17 4.67187e-03 
5490.00 3.59974e-05 9.12864e-01 5.12961e-17 4.65862e-03 
5499.84 3.59827e-05 9.13462e-01 5.10146e-17 4.64250e-03 
5504.79 3.59802e-05 9.13760e-01 5.08653e-17 4.63426e-03 
5510.00 3.59846e-05 9.14072e-01 5.07022e-17 4.62592e-03 
5517.59 3.60147e-05 9.14524e-01 5.04545e-17 4.61581e-03 
5530.00 3.62161e-05 9.15255e-01 5.00243e-17 4.61608e-03 
5532.31 3.62853e-05 9.15390e-01 4.99408e-17 4.61979e-03 
5535.35 3.63854e-05 9.15567e-01 4.98295e-17 4.62565e-03 
5550.00 3.66433e-05 9.16417e-01 4.92680e-17 4.62241e-03 
5553.12 3.65711e-05 9.16597e-01 4.91434e-17 4.60513e-03 
5559.97 3.62477e-05 9.16990e-01 4.88633e-17 4.54594e-03 
5570.00 3.55693e-05 9.17561e-01 4.84390e-17 4.43285e-03 
5570.90 3.55068e-05 9.17612e-01 4.84000e-17 4.42247e-03 
5587.77 3.47889e-05 9.18560e-01 4.76461e-17 4.28290e-03 
5588.70 3.47925e-05 9.18612e-01 4.76034e-17 4.28045e-03 
5590.00 3.48083e-05 9.18684e-01 4.75432e-17 4.27832e-03 
5606.51 3.56559e-05 9.19597e-01 4.67578e-17 4.32711e-03 
5610.00 3.58206e-05 9.19788e-01 4.65866e-17 4.33479e-03 
5615.71 3.59584e-05 9.20100e-01 4.63031e-17 4.33085e-03 
5624.33 3.59687e-05 9.20567e-01 4.58672e-17 4.30008e-03 
5630.00 3.59496e-05 9.20872e-01 4.55752e-17 4.27616e-03 
5642.16 3.59813e-05 9.21523e-01 4.49359e-17 4.23200e-03 
5643.79 3.59715e-05 9.21610e-01 4.48491e-17 4.22429e-03 
5650.00 3.58439e-05 9.21940e-01 4.45151e-17 4.18405e-03 
5660.01 3.53415e-05 9.22470e-01 4.39680e-17 4.08427e-03 
5670.00 3.50139e-05 9.22995e-01 4.34122e-17 4.00459e-03 
5672.01 3.50299e-05 9.23100e-01 4.32993e-17 3.99787e-03 
5677.87 3.52064e-05 9.23405e-01 4.29677e-17 3.99268e-03 
5690.00 3.54649e-05 9.24031e-01 4.22724e-17 3.96805e-03 
5695.75 3.52108e-05 9.24325e-01 4.19390e-17 3.91374e-03 
5700.37 3.49267e-05 9.24560e-01 4.16689e-17 3.86127e-03 
5710.00 3.47536e-05 9.25048e-01 4.11015e-17 3.79822e-03 
5713.63 3.50125e-05 9.25230e-01 4.08860e-17 3.80963e-03 
5728.87 3.66374e-05 9.25990e-01 3.99732e-17 3.91104e-03 
5730.00 3.66806e-05 9.26046e-01 3.99051e-17 3.90999e-03 
5731.53 3.67022e-05 9.26121e-01 3.98126e-17 3.90458e-03 
5749.44 3.55749e-05 9.26998e-01 3.87226e-17 3.69603e-03 
5750.00 3.55531e-05 9.27025e-01 3.86886e-17 3.69099e-03 
5757.52 3.55593e-05 9.27390e-01 3.82273e-17 3.65383e-03 
5767.37 3.58355e-05 9.27868e-01 3.76197e-17 3.63175e-03 
5770.00 3.58361e-05 9.27996e-01 3.74571e-17 3.61826e-03 
5785.31 3.50437e-05 9.28732e-01 3.65075e-17 3.46045e-03 
5786.30 3.49928e-05 9.28780e-01 3.64457e-17 3.45034e-03 
5790.00 3.48609e-05 9.28956e-01 3.62156e-17 3.41847e-03 
5803.26 3.51856e-05 9.29582e-01 3.53894e-17 3.38159e-03 
5810.00 3.55579e-05 9.29897e-01 3.49689e-17 3.38184e-03 
5815.23 3.58036e-05 9.30140e-01 3.46423e-17 3.37732e-03 
5821.22 3.59794e-05 9.30417e-01 3.42686e-17 3.36175e-03 
5830.00 3.59385e-05 9.30819e-01 3.37213e-17 3.31072e-03 
5839.20 3.55005e-05 9.31238e-01 3.31483e-17 3.22131e-03 
5844.31 3.52518e-05 9.31470e-01 3.28305e-17 3.17164e-03 
5850.00 3.51320e-05 9.31727e-01 3.24771e-17 3.13075e-03 
5857.19 3.52987e-05 9.32051e-01 3.20312e-17 3.10731e-03 
5870.00 3.51389e-05 9.32624e-01 3.12399e-17 3.02528e-03 
5873.53 3.46946e-05 9.32780e-01 3.10225e-17 2.96852e-03 
5875.19 3.44316e-05 9.32853e-01 3.09202e-17 2.93737e-03 
5890.00 3.24733e-05 9.33502e-01 3.00136e-17 2.69773e-03 
5893.21 3.25585e-05 9.33641e-01 2.98179e-17 2.68904e-03 
5902.90 3.37891e-05 9.34060e-01 2.92298e-17 2.74136e-03 
5910.00 3.47342e-05 9.34366e-01 2.88012e-17 2.78096e-03 
5911.24 3.48349e-05 9.34419e-01 2.87265e-17 2.78253e-03 
5929.28 3.46471e-05 9.35188e-01 2.76482e-17 2.67398e-03 
5930.00 3.46251e-05 9.35218e-01 2.76058e-17 2.66859e-03 
5932.41 3.45689e-05 9.35320e-01 2.74627e-17 2.65182e-03 
5947.34 3.46113e-05 9.35943e-01 2.65852e-17 2.57842e-03 
5950.00 3.46428e-05 9.36053e-01 2.64300e-17 2.56715e-03 
5962.08 3.47024e-05 9.36550e-01 2.57306e-17 2.50993e-03 
5965.41 3.46940e-05 9.36686e-01 2.55392e-17 2.49241e-03 
5970.00 3.46653e-05 9.36873e-01 2.52764e-17 2.46711e-03 
5983.49 3.44649e-05 9.37421e-01 2.45118e-17 2.38541e-03 
5990.00 3.43043e-05 9.37684e-01 2.41469e-17 2.34217e-03 
5991.89 3.42500e-05 9.37760e-01 2.40417e-17 2.32919e-03 
6001.59 3.39510e-05 9.38151e-01 2.35045e-17 2.26186e-03 
6010.00 3.37408e-05 9.38489e-01 2.30436e-17 2.20766e-03 
6019.69 3.36556e-05 9.38875e-01 2.25187e-17 2.15628e-03 
6021.85 3.36627e-05 9.38960e-01 2.24031e-17 2.14662e-03 
6030.00 3.37779e-05 9.39281e-01 2.19680e-17 2.11572e-03 
6037.82 3.40023e-05 9.39585e-01 2.15555e-17 2.09317e-03 
6050.00 3.43237e-05 9.40055e-01 2.09214e-17 2.05597e-03 
6051.96 3.43463e-05 9.40130e-01 2.08207e-17 2.04824e-03 
6055.95 3.43579e-05 9.40282e-01 2.06158e-17 2.03045e-03 
6070.00 3.40728e-05 9.40814e-01 1.99051e-17 1.94979e-03 
6074.10 3.39098e-05 9.40967e-01 1.97006e-17 1.92214e-03 
6082.21 3.35646e-05 9.41270e-01 1.92996e-17 1.86693e-03 
6090.00 3.33285e-05 9.41558e-01 1.89198e-17 1.82021e-03 
6092.26 3.32963e-05 9.41641e-01 1.88105e-17 1.80877e-03 
6110.00 3.30248e-05 9.42286e-01 1.79664e-17 1.71968e-03 
6110.43 3.30033e-05 9.42301e-01 1.79461e-17 1.71677e-03 
6112.63 3.28777e-05 9.42380e-01 1.78436e-17 1.70123e-03 
6128.62 3.18840e-05 9.42946e-01 1.71078e-17 1.58686e-03 
6130.00 3.18605e-05 9.42994e-01 1.70454e-17 1.58034e-03 
6143.19 3.22219e-05 9.43450e-01 1.64558e-17 1.54706e-03 
6146.82 3.23003e-05 9.43574e-01 1.62959e-17 1.53687e-03 
6150.00 3.22795e-05 9.43682e-01 1.61570e-17 1.52374e-03 
6165.04 3.13271e-05 9.44187e-01 1.55107e-17 1.42386e-03 
6170.00 3.11990e-05 9.44351e-01 1.53015e-17 1.40028e-03 
6173.91 3.13244e-05 9.44480e-01 1.51383e-17 1.39199e-03 
6183.26 3.21269e-05 9.44786e-01 1.47522e-17 1.39380e-03 
6190.00 3.27058e-05 9.45008e-01 1.44788e-17 1.39446e-03 
6201.50 3.29482e-05 9.45396e-01 1.40204e-17 1.36341e-03 
6204.77 3.28884e-05 9.45510e-01 1.38921e-17 1.34936e-03 
6210.00 3.27396e-05 9.45696e-01 1.36889e-17 1.32498e-03 
6219.76 3.23972e-05 9.46052e-01 1.33153e-17 1.27782e-03 
6230.00 3.18894e-05 9.46429e-01 1.29315e-17 1.22404e-03 
6235.80 3.15151e-05 9.46640e-01 1.27179e-17 1.19106e-03 
6238.03 3.13741e-05 9.46720e-01 1.26366e-17 1.17867e-03 
6250.00 3.09943e-05 9.47138e-01 1.22062e-17 1.12740e-03 
6256.31 3.12358e-05 9.47353e-01 1.19841e-17 1.11689e-03 
6266.98 3.19886e-05 9.47710e-01 1.16154e-17 1.11093e-03 
6270.00 3.21732e-05 9.47810e-01 1.15126e-17 1.10810e-03 
6274.60 3.23609e-05 9.47962e-01 1.13575e-17 1.10053e-03 
6290.00 3.22443e-05 9.48463e-01 1.08502e-17 1.05071e-03 
6292.91 3.21168e-05 9.48557e-01 1.07564e-17 1.03809e-03 
6298.31 3.18360e-05 9.48730e-01 1.05839e-17 1.01357e-03 
6310.00 3.13155e-05 9.49102e-01 1.02182e-17 9.64716e-04 
6311.23 3.12880e-05 9.49141e-01 1.01803e-17 9.60524e-04 
6329.56 3.13896e-05 9.49713e-01 9.62888e-18 9.14642e-04 
6329.80 3.13928e-05 9.49720e-01 9.62184e-18 9.14108e-04 
6330.00 3.13954e-05 9.49726e-01 9.61608e-18 9.13670e-04 
6347.91 3.14461e-05 9.50272e-01 9.10149e-18 8.69123e-04 
6350.00 3.14281e-05 9.50335e-01 9.04301e-18 8.63387e-04 
6361.45 3.12906e-05 9.50680e-01 8.72762e-18 8.31425e-04 
6366.27 3.12601e-05 9.50825e-01 8.59760e-18 8.18985e-04 
6370.00 3.12689e-05 9.50937e-01 8.49820e-18 8.10314e-04 
6384.65 3.14574e-05 9.51375e-01 8.11661e-18 7.80746e-04 
6390.00 3.14157e-05 9.51534e-01 7.98081e-18 7.67434e-04 
6393.26 3.13208e-05 9.51630e-01 7.89901e-18 7.57738e-04 
6403.04 3.08847e-05 9.51917e-01 7.65791e-18 7.25708e-04 
6410.00 3.06706e-05 9.52119e-01 7.48997e-18 7.05788e-04 
6421.44 3.07982e-05 9.52450e-01 7.22085e-18 6.84718e-04 
6425.23 3.08802e-05 9.52560e-01 7.13354e-18 6.78718e-04 
6430.00 3.09342e-05 9.52698e-01 7.02480e-18 6.70134e-04 
6439.85 3.07752e-05 9.52982e-01 6.80478e-18 6.46992e-04 
6450.00 3.05202e-05 9.53272e-01 6.58437e-18 6.22017e-04 
6457.35 3.04673e-05 9.53480e-01 6.42850e-18 6.07062e-04 
6458.28 3.04663e-05 9.53506e-01 6.40902e-18 6.05306e-04 
6470.00 3.03996e-05 9.53832e-01 6.16778e-18 5.82501e-04 
6476.72 3.02245e-05 9.54017e-01 6.03290e-18 5.67179e-04 
6489.64 2.99674e-05 9.54370e-01 5.78098e-18 5.40147e-04 
6490.00 2.99691e-05 9.54380e-01 5.77408e-18 5.39567e-04 
6495.18 3.00634e-05 9.54521e-01 5.67574e-18 5.32550e-04 
6510.00 3.05632e-05 9.54924e-01 5.40237e-18 5.16721e-04 
6513.65 3.06118e-05 9.55023e-01 5.33684e-18 5.11605e-04 
6522.09 3.05848e-05 9.55250e-01 5.18797e-18 4.97658e-04 
6530.00 3.05087e-05 9.55461e-01 5.05170e-18 4.84074e-04 
6532.13 3.04972e-05 9.55518e-01 5.01552e-18 4.80611e-04 
6550.00 2.95538e-05 9.55988e-01 4.72118e-18 4.39826e-04 
6550.63 2.94589e-05 9.56004e-01 4.71111e-18 4.37527e-04 
6554.70 2.87357e-05 9.56110e-01 4.64636e-18 4.21230e-04 
6569.14 2.66418e-05 9.56482e-01 4.42291e-18 3.72718e-04 
6570.00 2.66398e-05 9.56504e-01 4.40990e-18 3.71651e-04 
6587.47 2.93746e-05 9.56950e-01 4.15301e-18 3.87138e-04 
6587.66 2.94077e-05 9.56955e-01 4.15028e-18 3.87333e-04 
6590.00 2.97698e-05 9.57014e-01 4.11696e-18 3.89117e-04 
6606.20 3.02397e-05 9.57426e-01 3.89254e-18 3.74792e-04 
6610.00 3.01197e-05 9.57521e-01 3.84151e-18 3.68660e-04 
6620.41 2.99204e-05 9.57780e-01 3.70479e-18 3.53837e-04 
6624.75 2.98877e-05 9.57886e-01 3.64906e-18 3.48401e-04 
6630.00 2.98726e-05 9.58014e-01 3.58269e-18 3.42208e-04 
6643.32 2.98481e-05 9.58335e-01 3.41919e-18 3.27088e-04 
6650.00 2.97646e-05 9.58495e-01 3.33968e-18 3.18962e-04 
6653.51 2.96852e-05 9.58580e-01 3.29859e-18 3.14392e-04 
6661.89 2.94705e-05 9.58783e-01 3.20232e-18 3.03454e-04 
6670.00 2.93877e-05 9.58981e-01 3.11167e-18 2.94454e-04 
6680.49 2.96019e-05 9.59237e-01 2.99785e-18 2.86277e-04 
6686.78 2.97217e-05 9.59390e-01 2.93139e-18 2.81373e-04 
6690.00 2.97248e-05 9.59468e-01 2.89788e-18 2.78342e-04 
6699.09 2.94741e-05 9.59687e-01 2.80519e-18 2.67591e-04 
6710.00 2.91340e-05 9.59948e-01 2.69756e-18 2.54839e-04 
6717.71 2.91778e-05 9.60131e-01 2.62377e-18 2.48572e-04 
6720.21 2.92272e-05 9.60190e-01 2.60023e-18 2.46867e-04 
6730.00 2.93855e-05 9.60420e-01 2.50999e-18 2.39996e-04 
6736.34 2.93344e-05 9.60567e-01 2.45303e-18 2.34399e-04 
6750.00 2.90369e-05 9.60883e-01 2.33445e-18 2.21326e-04 
6753.81 2.89911e-05 9.60970e-01 2.30229e-18 2.18076e-04 
6754.99 2.89824e-05 9.60997e-01 2.29244e-18 2.17122e-04 
6770.00 2.89760e-05 9.61338e-01 2.17029e-18 2.06036e-04 
6773.65 2.89700e-05 9.61421e-01 2.14149e-18 2.03387e-04 
6787.58 2.88577e-05 9.61730e-01 2.03485e-18 1.92968e-04 
6790.00 2.88242e-05 9.61783e-01 2.01685e-18 1.91118e-04 
6792.33 2.87885e-05 9.61834e-01 1.99967e-18 1.89330e-04 
6810.00 2.86056e-05 9.62214e-01 1.87352e-18 1.76788e-04 
6811.02 2.86104e-05 9.62236e-01 1.86651e-18 1.76186e-04 
6821.52 2.87236e-05 9.62460e-01 1.79532e-18 1.70439e-04 
6829.72 2.87179e-05 9.62635e-01 1.74154e-18 1.65529e-04 
6830.00 2.87136e-05 9.62642e-01 1.73971e-18 1.65338e-04 
6848.43 2.81372e-05 9.63036e-01 1.62432e-18 1.51744e-04 
6850.00 2.81090e-05 9.63070e-01 1.61485e-18 1.50748e-04 
6855.63 2.80895e-05 9.63190e-01 1.58126e-18 1.47649e-04 
6867.16 2.82596e-05 9.63435e-01 1.51443e-18 1.42541e-04 
6870.00 2.83011e-05 9.63495e-01 1.49841e-18 1.41307e-04 
6885.91 2.83126e-05 9.63827e-01 1.41147e-18 1.33516e-04 
6889.91 2.82764e-05 9.63910e-01 1.39037e-18 1.31440e-04 
6890.00 2.82755e-05 9.63912e-01 1.38987e-18 1.31391e-04 
6904.66 2.81092e-05 9.64212e-01 1.31503e-18 1.23886e-04 
6910.00 2.80549e-05 9.64321e-01 1.28876e-18 1.21284e-04 
6923.44 2.79620e-05 9.64592e-01 1.22476e-18 1.15135e-04 
6924.36 2.79566e-05 9.64610e-01 1.22049e-18 1.14729e-04 
6930.00 2.79215e-05 9.64723e-01 1.19460e-18 1.12258e-04 
6942.22 2.78284e-05 9.64965e-01 1.14029e-18 1.07013e-04 
6950.00 2.77726e-05 9.65117e-01 1.10696e-18 1.03809e-04 
6958.98 2.77297e-05 9.65290e-01 1.06963e-18 1.00301e-04 
6961.02 2.77243e-05 9.65329e-01 1.06130e-18 9.95335e-05 
6970.00 2.77234e-05 9.65497e-01 1.02542e-18 9.63067e-05 
6979.83 2.77366e-05 9.65678e-01 9.87452e-19 9.29331e-05 
6990.00 2.75843e-05 9.65862e-01 9.49604e-19 8.90265e-05 
6993.77 2.74453e-05 9.65930e-01 9.35913e-19 8.73542e-05 
6998.66 2.72255e-05 9.66017e-01 9.18449e-19 8.51047e-05 
7010.00 2.68330e-05 9.66220e-01 8.79130e-19 8.04340e-05 
7017.50 2.68667e-05 9.66354e-01 8.54000e-19 7.83274e-05 
7028.74 2.71416e-05 9.66560e-01 8.17632e-19 7.58968e-05 
7030.00 2.71683e-05 9.66583e-01 8.13652e-19 7.56169e-05 
7036.36 2.72502e-05 9.66703e-01 7.93830e-19 7.40732e-05 
7050.00 2.72072e-05 9.66964e-01 7.52840e-19 7.02927e-05 
7055.23 2.71465e-05 9.67064e-01 7.37678e-19 6.87812e-05 
7063.88 2.70264e-05 9.67230e-01 7.13202e-19 6.62975e-05 
7070.00 2.69418e-05 9.67346e-01 6.96385e-19 6.45953e-05 
7074.11 2.68915e-05 9.67424e-01 6.85296e-19 6.34899e-05 
7090.00 2.67907e-05 9.67720e-01 6.43994e-19 5.95915e-05 
7093.01 2.67941e-05 9.67776e-01 6.36450e-19 5.89294e-05 
7099.20 2.68114e-05 9.67890e-01 6.21172e-19 5.76089e-05 
7110.00 2.67866e-05 9.68088e-01 5.95392e-19 5.52622e-05 
7111.92 2.67641e-05 9.68123e-01 5.90920e-19 5.48178e-05 
7130.00 2.63899e-05 9.68441e-01 5.50323e-19 5.04826e-05 
7130.84 2.63731e-05 9.68456e-01 5.48495e-19 5.02896e-05 
7134.70 2.63047e-05 9.68520e-01 5.40217e-19 4.94322e-05 
7149.78 2.61873e-05 9.68758e-01 5.08980e-19 4.64753e-05 
7150.00 2.61876e-05 9.68761e-01 5.08544e-19 4.64376e-05 
7168.74 2.61475e-05 9.69019e-01 4.72187e-19 4.31760e-05 
7170.00 2.61183e-05 9.69035e-01 4.69828e-19 4.29206e-05 
7170.37 2.61085e-05 9.69040e-01 4.69132e-19 4.28433e-05 
7187.70 2.54935e-05 9.69239e-01 4.37940e-19 3.91552e-05 
7190.00 2.54610e-05 9.69264e-01 4.33962e-19 3.87633e-05 
7206.23 2.57622e-05 9.69430e-01 4.06822e-19 3.68582e-05 
7206.69 2.57738e-05 9.69435e-01 4.06076e-19 3.68098e-05 
7210.00 2.58443e-05 9.69468e-01 4.00748e-19 3.64442e-05 
7225.68 2.58506e-05 9.69615e-01 3.76437e-19 3.43213e-05 
7230.00 2.58233e-05 9.69649e-01 3.69998e-19 3.37200e-05 
7242.26 2.58283e-05 9.69720e-01 3.52296e-19 3.21697e-05 
7244.69 2.58394e-05 9.69729e-01 3.48878e-19 3.18822e-05 
7250.00 2.58677e-05 9.69743e-01 3.41539e-19 3.12691e-05 
7263.72 2.58676e-05 9.69793e-01 3.23260e-19 2.96531e-05 
7270.00 2.57470e-05 9.69842e-01 3.15207e-19 2.88059e-05 
7278.47 2.54268e-05 9.69960e-01 3.04662e-19 2.75313e-05 
7282.76 2.52572e-05 9.70048e-01 2.99455e-19 2.68986e-05 
7290.00 2.50821e-05 9.70233e-01 2.90851e-19 2.59754e-05 
7301.81 2.52383e-05 9.70597e-01 2.77341e-19 2.49728e-05 
7310.00 2.54021e-05 9.70861e-01 2.68328e-19 2.43519e-05 
7314.86 2.54165e-05 9.71010e-01 2.63116e-19 2.39120e-05 
7320.87 2.53629e-05 9.71180e-01 2.56803e-19 2.33123e-05 
7330.00 2.52491e-05 9.71410e-01 2.47506e-19 2.24007e-05 
7339.96 2.52285e-05 9.71631e-01 2.37736e-19 2.15330e-05 
7350.00 2.52846e-05 9.71832e-01 2.28261e-19 2.07534e-05 
7351.43 2.52939e-05 9.71860e-01 2.26938e-19 2.06453e-05 
7359.05 2.53271e-05 9.72004e-01 2.20038e-19 2.00677e-05 
7370.00 2.52495e-05 9.72204e-01 2.10478e-19 1.91694e-05 
7378.16 2.50423e-05 9.72348e-01 2.03617e-19 1.84154e-05 
7388.19 2.47075e-05 9.72520e-01 1.95482e-19 1.74702e-05 
7390.00 2.46498e-05 9.72550e-01 1.94050e-19 1.73064e-05 
7397.28 2.44535e-05 9.72672e-01 1.88384e-19 1.66858e-05 
7410.00 2.43106e-05 9.72877e-01 1.78878e-19 1.57816e-05 
7416.42 2.43574e-05 9.72977e-01 1.74256e-19 1.54184e-05 
7425.13 2.44751e-05 9.73110e-01 1.68175e-19 1.49719e-05 
7430.00 2.45243e-05 9.73182e-01 1.64868e-19 1.47177e-05 
7435.58 2.45393e-05 9.73263e-01 1.61158e-19 1.44073e-05 
7450.00 2.45204e-05 9.73468e-01 1.51935e-19 1.36015e-05 
7454.74 2.45485e-05 9.73535e-01 1.49017e-19 1.33650e-05 
7462.26 2.46109e-05 9.73640e-01 1.44505e-19 1.30077e-05 
7470.00 2.46288e-05 9.73749e-01 1.39997e-19 1.26257e-05 
7473.92 2.45979e-05 9.73804e-01 1.37766e-19 1.24160e-05 
7490.00 2.43653e-05 9.74028e-01 1.28981e-19 1.15418e-05 
7493.12 2.43417e-05 9.74071e-01 1.27342e-19 1.13893e-05 
7499.57 2.43270e-05 9.74160e-01 1.24016e-19 1.10957e-05 
7510.00 2.43372e-05 9.74301e-01 1.18818e-19 1.06515e-05 
7512.33 2.43353e-05 9.74333e-01 1.17686e-19 1.05528e-05 
7530.00 2.42968e-05 9.74567e-01 1.09442e-19 9.82344e-06 
7531.55 2.42979e-05 9.74587e-01 1.08745e-19 9.76355e-06 
7537.07 2.43087e-05 9.74660e-01 1.06306e-19 9.55651e-06 
7550.00 2.42919e-05 9.74830e-01 1.00796e-19 9.07198e-06 
7550.79 2.42853e-05 9.74840e-01 1.00467e-19 9.04101e-06 
7570.00 2.40281e-05 9.75089e-01 9.28222e-20 8.28773e-06 
7570.05 2.40277e-05 9.75090e-01 9.28047e-20 8.28606e-06 
7574.75 2.39946e-05 9.75150e-01 9.10206e-20 8.12113e-06 
7589.31 2.39464e-05 9.75334e-01 8.57135e-20 7.64835e-06 
7590.00 2.39423e-05 9.75342e-01 8.54710e-20 7.62618e-06 
7608.60 2.37784e-05 9.75571e-01 7.91524e-20 7.03288e-06 
7610.00 2.37715e-05 9.75588e-01 7.86944e-20 6.99157e-06 
7612.63 2.37642e-05 9.75620e-01 7.78446e-20 6.91656e-06 
7627.89 2.38116e-05 9.75804e-01 7.30830e-20 6.52071e-06 
7630.00 2.38221e-05 9.75829e-01 7.24485e-20 6.46892e-06 
7647.20 2.37529e-05 9.76037e-01 6.74695e-20 6.02166e-06 
7650.00 2.36863e-05 9.76072e-01 6.66927e-20 5.93802e-06 
7650.69 2.36663e-05 9.76080e-01 6.65024e-20 5.91667e-06 
7666.53 2.31281e-05 9.76276e-01 6.22787e-20 5.42717e-06 
7670.00 2.30852e-05 9.76319e-01 6.13892e-20 5.34238e-06 
7685.87 2.33854e-05 9.76513e-01 5.74796e-20 5.07871e-06 
7688.94 2.34351e-05 9.76550e-01 5.67513e-20 5.02721e-06 
7690.00 2.34443e-05 9.76563e-01 5.65031e-20 5.00794e-06 
7705.22 2.32367e-05 9.76740e-01 5.30435e-20 4.66975e-06 
7710.00 2.31605e-05 9.76794e-01 5.20021e-20 4.56613e-06 
7724.59 2.31598e-05 9.76959e-01 4.89437e-20 4.30632e-06 
7727.39 2.31583e-05 9.76990e-01 4.83787e-20 4.25801e-06 
7730.00 2.31441e-05 9.77019e-01 4.78565e-20 4.21102e-06 
7743.98 2.29075e-05 9.77175e-01 4.51553e-20 3.94046e-06 
7750.00 2.28439e-05 9.77241e-01 4.40385e-20 3.83558e-06 
7763.38 2.29794e-05 9.77383e-01 4.16553e-20 3.65635e-06 
7766.03 2.30206e-05 9.77410e-01 4.11986e-20 3.62409e-06 
7770.00 2.30702e-05 9.77450e-01 4.05228e-20 3.57429e-06 
7782.79 2.30796e-05 9.77574e-01 3.84222e-20 3.39640e-06 
7790.00 2.30318e-05 9.77642e-01 3.72857e-20 3.29239e-06 
7802.22 2.29452e-05 9.77755e-01 3.54361e-20 3.12256e-06 
7804.86 2.29225e-05 9.77780e-01 3.50488e-20 3.08649e-06 
7810.00 2.28691e-05 9.77828e-01 3.43055e-20 3.01612e-06 
7821.66 2.27077e-05 9.77939e-01 3.26786e-20 2.85741e-06 
7830.00 2.26030e-05 9.78022e-01 3.15620e-20 2.75021e-06 
7841.12 2.25389e-05 9.78140e-01 3.01327e-20 2.62224e-06 
7843.88 2.25371e-05 9.78170e-01 2.97874e-20 2.59298e-06 
7850.00 2.25517e-05 9.78240e-01 2.90367e-20 2.53142e-06 
7860.59 2.26173e-05 9.78365e-01 2.77823e-20 2.43270e-06 
7870.00 2.26523e-05 9.78477e-01 2.67124e-20 2.34571e-06 
7880.07 2.26022e-05 9.78596e-01 2.56127e-20 2.24731e-06 
7883.10 2.25729e-05 9.78630e-01 2.52914e-20 2.21718e-06 
7890.00 2.24932e-05 9.78706e-01 2.45733e-20 2.14866e-06 
7899.58 2.23664e-05 9.78805e-01 2.36104e-20 2.05552e-06 
7910.00 2.21828e-05 9.78907e-01 2.26048e-20 1.95460e-06 
7919.09 2.19727e-05 9.78990e-01 2.17627e-20 1.86627e-06 
7922.51 2.18944e-05 9.79020e-01 2.14538e-20 1.83406e-06 
7930.00 2.17555e-05 9.79084e-01 2.07934e-20 1.76812e-06 
7938.62 2.16881e-05 9.79156e-01 2.00579e-20 1.70226e-06 
7950.00 2.17469e-05 9.79252e-01 1.91267e-20 1.63013e-06 
7958.17 2.18680e-05 9.79324e-01 1.84851e-20 1.58596e-06 
7962.13 2.19333e-05 9.79360e-01 1.81817e-20 1.56543e-06 
7970.00 2.20391e-05 9.79436e-01 1.75933e-20 1.52370e-06 
7977.73 2.20754e-05 9.79515e-01 1.70342e-20 1.47926e-06 
7990.00 2.19909e-05 9.79646e-01 1.61825e-20 1.40226e-06 
7997.30 2.18747e-05 9.79728e-01 1.56960e-20 1.35427e-06 
8001.94 2.17954e-05 9.79780e-01 1.53948e-20 1.32430e-06 
8010.00 2.16893e-05 9.79872e-01 1.48846e-20 1.27558e-06 
8016.89 2.16577e-05 9.79952e-01 1.44619e-20 1.23872e-06 
8030.00 2.16190e-05 9.80103e-01 1.36907e-20 1.17266e-06 
8036.50 2.15428e-05 9.80178e-01 1.33239e-20 1.13822e-06 
8041.95 2.14692e-05 9.80240e-01 1.30237e-20 1.10960e-06 
8050.00 2.14130e-05 9.80331e-01 1.25925e-20 1.07123e-06 
8056.12 2.14481e-05 9.80399e-01 1.22746e-20 1.04676e-06 
8070.00 2.15171e-05 9.80551e-01 1.15823e-20 9.92765e-07 
8075.75 2.14262e-05 9.80612e-01 1.13072e-20 9.65834e-07 
8082.16 2.12725e-05 9.80680e-01 1.10083e-20 9.34364e-07 
8090.00 2.11243e-05 9.80762e-01 1.06532e-20 8.98867e-07 
8095.40 2.11070e-05 9.80817e-01 1.04153e-20 8.78720e-07 
8110.00 2.12557e-05 9.80964e-01 9.79856e-21 8.34134e-07 
8115.06 2.12969e-05 9.81015e-01 9.59331e-21 8.18795e-07 
8122.57 2.13163e-05 9.81090e-01 9.29700e-21 7.95025e-07 
8130.00 2.12891e-05 9.81164e-01 9.01258e-21 7.70480e-07 
8134.74 2.12504e-05 9.81211e-01 8.83565e-21 7.54459e-07 
8150.00 2.11338e-05 9.81362e-01 8.28971e-21 7.05385e-07 
8154.44 2.11336e-05 9.81405e-01 8.13740e-21 6.92827e-07 
8163.18 2.11292e-05 9.81490e-01 7.84535e-21 6.68598e-07 
8170.00 2.10427e-05 9.81555e-01 7.62490e-21 6.47731e-07 
8174.15 2.09277e-05 9.81595e-01 7.49394e-21 6.33474e-07 
8190.00 2.04173e-05 9.81743e-01 7.01351e-21 5.79614e-07 
8193.87 2.03754e-05 9.81778e-01 6.90103e-21 5.69438e-07 
8204.00 2.04166e-05 9.81870e-01 6.61511e-21 5.47674e-07 
8210.00 2.04580e-05 9.81924e-01 6.45125e-21 5.35614e-07 
8213.61 2.04618e-05 9.81956e-01 6.35474e-21 5.27949e-07 
8230.00 2.03908e-05 9.82100e-01 5.93418e-21 4.92349e-07 
8233.36 2.03922e-05 9.82129e-01 5.85144e-21 4.85733e-07 
8245.02 2.04621e-05 9.82230e-01 5.57346e-21 4.64947e-07 
8250.00 2.05058e-05 9.82273e-01 5.45868e-21 4.56639e-07 
8253.13 2.05324e-05 9.82300e-01 5.38779e-21 4.51478e-07 
8270.00 2.06185e-05 9.82443e-01 5.02140e-21 4.23465e-07 
8272.91 2.06169e-05 9.82468e-01 4.96068e-21 4.18470e-07 
8286.24 2.05259e-05 9.82580e-01 4.69230e-21 3.94764e-07 
8290.00 2.04736e-05 9.82611e-01 4.61928e-21 3.87818e-07 
8292.71 2.04283e-05 9.82634e-01 4.56727e-21 3.82737e-07 
8310.00 2.00827e-05 9.82777e-01 4.24948e-21 3.50863e-07 
8312.53 2.00379e-05 9.82797e-01 4.20492e-21 3.46522e-07 
8327.67 1.99166e-05 9.82920e-01 3.94755e-21 3.23971e-07 
8330.00 1.99303e-05 9.82939e-01 3.90943e-21 3.21160e-07 
8332.36 1.99558e-05 9.82958e-01 3.87120e-21 3.18522e-07 
