##### EXOPHOT SPECTRAL OVERLAP FILE #####
# Date: 01/12/2021 13:14:54
# SED file: SED_g2v.txt
# atmosphere file: atm_g2v_hzi_os2.txt
# photopigment file: phot0.txt
# Stellar radius (Rs in km): 6.963400e+05
# Exoplanet orbit semi-major axis (sma in km): 1.070123e+08
# Total absorption rate (gamma_t in s-1): 1.21706e+01
# B band absorption rate (gamma_B in s-1): 1.41612e+00
# Q band absorption rate (gamma_Q in s-1): 1.07545e+01
# B-Q bands cut-off (in nm): 500
# photosynthetic photon flux density [ppfd in micromol photon m-2 s-1]: 3.74148e+03
# Total Stellar Irradiance (S in W m-2): 2.62457e+03
# -------------------------------------------------
# Col 1: Wavelength (wl in Angstrom) 
# Col 2: Spectral Flux Density (F_l in J cm-2 s-1 A-1) 
# Col 3: Atmosphere transmitance (T, no units) 
# Col 4: Pigment absorption cross section (sigma_abs in cm-2) 
# Col 5: Spectral Absorption Rate (Gamma_lambda in A-1 s-1)
2507.89 1.18990e-06 3.89938e-02 2.67405e-19 1.56642e-08 
2513.00 7.20367e-07 3.95750e-02 3.01454e-19 1.08721e-08 
2515.76 5.77312e-07 3.98900e-02 3.20881e-19 9.35860e-09 
2518.00 5.09218e-07 4.01468e-02 3.37186e-19 8.73784e-09 
2523.54 4.91536e-07 4.07847e-02 3.79301e-19 9.65984e-09 
2525.00 5.15282e-07 4.09532e-02 3.90776e-19 1.04820e-08 
2528.34 5.96549e-07 4.13400e-02 4.17606e-19 1.31081e-08 
2535.00 7.15489e-07 4.21172e-02 4.73286e-19 1.82007e-08 
2539.21 6.86872e-07 4.26113e-02 5.09672e-19 1.90683e-08 
2540.98 6.97928e-07 4.28200e-02 5.25216e-19 2.00780e-08 
2545.00 9.18208e-07 4.32957e-02 5.60936e-19 2.85700e-08 
2553.68 2.13503e-06 4.43300e-02 6.39107e-19 7.77617e-08 
2554.88 2.21681e-06 4.44738e-02 6.49943e-19 8.24142e-08 
2555.00 2.22178e-06 4.44876e-02 6.50985e-19 8.27610e-08 
2565.00 1.87982e-06 4.57072e-02 7.40072e-19 8.21081e-08 
2566.45 1.94933e-06 4.58900e-02 7.52709e-19 8.69935e-08 
2570.57 2.39523e-06 4.64214e-02 7.87946e-19 1.13374e-07 
2575.00 2.84961e-06 4.70212e-02 8.24551e-19 1.43218e-07 
2579.28 2.85795e-06 4.76400e-02 8.58422e-19 1.51757e-07 
2585.00 2.53231e-06 4.85313e-02 9.00771e-19 1.44058e-07 
2586.27 2.47352e-06 4.87367e-02 9.09674e-19 1.42776e-07 
2592.18 2.30527e-06 4.97100e-02 9.48439e-19 1.41828e-07 
2595.00 2.22019e-06 5.01760e-02 9.65255e-19 1.40472e-07 
2601.98 1.87087e-06 5.13314e-02 1.00173e-18 1.26010e-07 
2605.00 1.72809e-06 5.18363e-02 1.01509e-18 1.19244e-07 
2605.14 1.72250e-06 5.18600e-02 1.01568e-18 1.18987e-07 
2615.00 1.56465e-06 5.35400e-02 1.04804e-18 1.15576e-07 
2617.70 1.58657e-06 5.40080e-02 1.05385e-18 1.18997e-07 
2618.17 1.59738e-06 5.40900e-02 1.05472e-18 1.20111e-07 
2625.00 2.29914e-06 5.52924e-02 1.06277e-18 1.78535e-07 
2631.26 4.04533e-06 5.64100e-02 1.06254e-18 3.21176e-07 
2633.43 4.65074e-06 5.68004e-02 1.06078e-18 3.71487e-07 
2635.00 5.01118e-06 5.70846e-02 1.05896e-18 4.01830e-07 
2644.41 6.63110e-06 5.88000e-02 1.03892e-18 5.39260e-07 
2645.00 6.82365e-06 5.89076e-02 1.03717e-18 5.55122e-07 
2649.17 8.61164e-06 5.96757e-02 1.02314e-18 7.01211e-07 
2655.00 9.98980e-06 6.07628e-02 9.98934e-19 8.10438e-07 
2657.64 9.25030e-06 6.12600e-02 9.86374e-19 7.47814e-07 
2664.92 5.66203e-06 6.26537e-02 9.46934e-19 4.50657e-07 
2665.00 5.63700e-06 6.26696e-02 9.46451e-19 4.48563e-07 
2670.92 5.56603e-06 6.38200e-02 9.09734e-19 4.34512e-07 
2675.00 6.66834e-06 6.46169e-02 8.82451e-19 5.12036e-07 
2680.68 8.10216e-06 6.57353e-02 8.42133e-19 6.05269e-07 
2684.28 8.24709e-06 6.64500e-02 8.15429e-19 6.03855e-07 
2685.00 8.15790e-06 6.65938e-02 8.09988e-19 5.94783e-07 
2695.00 5.44566e-06 6.86094e-02 7.32164e-19 3.71129e-07 
2696.45 5.48611e-06 6.89051e-02 7.20601e-19 3.69766e-07 
2697.70 5.66222e-06 6.91600e-02 7.10627e-19 3.77921e-07 
2705.00 7.12513e-06 7.06613e-02 6.51990e-19 4.46998e-07 
2711.19 5.95769e-06 7.19500e-02 6.02378e-19 3.52420e-07 
2712.24 5.60202e-06 7.21694e-02 5.94046e-19 3.27921e-07 
2715.00 4.65830e-06 7.27515e-02 5.72150e-19 2.65016e-07 
2724.74 3.19232e-06 7.48300e-02 4.96881e-19 1.62811e-07 
2725.00 3.20982e-06 7.48850e-02 4.94959e-19 1.63206e-07 
2728.03 3.61850e-06 7.55404e-02 4.72386e-19 1.77328e-07 
2735.00 4.37698e-06 7.70651e-02 4.22241e-19 1.96098e-07 
2738.37 3.79720e-06 7.78100e-02 3.98997e-19 1.62511e-07 
2743.83 2.41111e-06 7.90296e-02 3.62784e-19 9.54853e-08 
2745.00 2.24190e-06 7.92917e-02 3.55308e-19 8.72799e-08 
2752.06 2.80122e-06 8.08900e-02 3.12031e-19 9.79535e-08 
2755.00 3.38661e-06 8.15614e-02 2.95028e-19 1.13021e-07 
2759.65 4.15309e-06 8.26299e-02 2.69389e-19 1.28430e-07 
2765.00 4.77991e-06 8.38691e-02 2.41795e-19 1.34924e-07 
2765.82 4.85781e-06 8.40600e-02 2.37744e-19 1.35172e-07 
2775.00 4.86362e-06 8.62101e-02 1.95655e-19 1.14603e-07 
2775.47 4.79230e-06 8.63221e-02 1.93637e-19 1.11922e-07 
2779.65 3.86739e-06 8.73100e-02 1.76559e-19 8.34230e-08 
2785.00 2.44368e-06 8.85853e-02 1.56366e-19 4.74567e-08 
2791.31 1.34772e-06 9.01062e-02 1.34887e-19 2.30173e-08 
2793.55 1.11886e-06 9.06500e-02 1.27862e-19 1.82374e-08 
2795.00 1.00457e-06 9.10047e-02 1.23458e-19 1.58806e-08 
2805.00 1.26785e-06 9.34737e-02 9.63381e-20 1.61218e-08 
2807.16 1.70443e-06 9.40112e-02 9.11764e-20 2.06458e-08 
2807.52 1.79018e-06 9.41000e-02 9.03475e-20 2.15104e-08 
2815.00 4.13152e-06 9.59723e-02 7.43330e-20 4.17676e-08 
2821.55 6.16294e-06 9.76300e-02 6.23586e-20 5.32941e-08 
2823.02 6.47785e-06 9.80037e-02 5.99230e-20 5.40635e-08 
2825.00 6.76852e-06 9.85113e-02 5.67593e-20 5.38218e-08 
2835.00 5.89106e-06 1.01098e-01 4.29577e-20 3.65134e-08 
2835.66 5.73846e-06 1.01270e-01 4.21636e-20 3.49777e-08 
2838.89 4.90553e-06 1.02111e-01 3.84814e-20 2.75474e-08 
2845.00 3.11641e-06 1.03715e-01 3.23342e-20 1.49680e-08 
2849.84 1.84949e-06 1.05000e-01 2.81825e-20 7.85171e-09 
2854.77 1.44976e-06 1.06325e-01 2.45493e-20 5.43835e-09 
2855.00 1.46711e-06 1.06388e-01 2.43917e-20 5.47177e-09 
2864.09 4.38465e-06 1.08860e-01 1.91675e-20 1.31910e-08 
2865.00 4.81315e-06 1.09109e-01 1.87406e-20 1.41945e-08 
2870.66 7.30276e-06 1.10653e-01 1.64668e-20 1.92293e-08 
2875.00 8.30347e-06 1.11842e-01 1.51503e-20 2.03632e-08 
2878.41 8.16613e-06 1.12780e-01 1.43802e-20 1.91906e-08 
2885.00 7.41674e-06 1.14608e-01 1.35689e-20 1.67511e-08 
2886.56 7.51676e-06 1.15044e-01 1.35107e-20 1.69776e-08 
2892.80 9.07888e-06 1.16800e-01 1.38259e-20 2.13506e-08 
2895.00 9.82772e-06 1.17423e-01 1.41648e-20 2.38226e-08 
2902.47 1.20783e-05 1.19559e-01 1.63244e-20 3.44440e-08 
2907.27 1.30436e-05 1.20940e-01 1.86335e-20 4.30200e-08 
2910.00 1.33517e-05 1.21731e-01 2.03365e-20 4.84206e-08 
2918.40 1.31693e-05 1.24174e-01 2.76705e-20 6.64777e-08 
2921.80 1.27845e-05 1.25170e-01 3.17006e-20 7.46147e-08 
2930.00 1.17404e-05 1.27587e-01 4.46542e-20 9.86607e-08 
2934.33 1.13710e-05 1.28882e-01 5.37497e-20 1.16358e-07 
2936.41 1.12533e-05 1.29510e-01 5.87669e-20 1.26606e-07 
2950.00 1.11598e-05 1.33676e-01 1.05152e-19 2.32955e-07 
2950.28 1.11660e-05 1.33760e-01 1.06385e-19 2.35989e-07 
2951.09 1.11854e-05 1.34010e-01 1.10127e-19 2.45239e-07 
2965.85 1.16452e-05 1.38490e-01 2.03235e-19 4.89367e-07 
2966.23 1.16557e-05 1.38607e-01 2.06427e-19 4.97988e-07 
2970.00 1.17424e-05 1.39758e-01 2.40344e-19 5.89723e-07 
2980.68 1.17921e-05 1.43070e-01 3.66490e-19 9.27768e-07 
2982.20 1.17791e-05 1.43549e-01 3.88732e-19 9.86786e-07 
2990.00 1.16569e-05 1.46038e-01 5.23339e-19 1.34098e-06 
2995.58 1.15381e-05 1.47850e-01 6.44459e-19 1.65788e-06 
2998.18 1.14910e-05 1.48702e-01 7.09004e-19 1.82854e-06 
3010.00 1.15609e-05 1.52598e-01 1.08326e-18 2.89577e-06 
3010.56 1.15824e-05 1.52780e-01 1.10471e-18 2.96266e-06 
3014.16 1.17638e-05 1.53952e-01 1.25259e-18 3.44216e-06 
3025.61 1.25520e-05 1.57650e-01 1.84622e-18 5.56451e-06 
3030.00 1.27990e-05 1.59086e-01 2.13341e-18 6.62593e-06 
3030.16 1.28064e-05 1.59140e-01 2.14491e-18 6.66813e-06 
3040.74 1.30711e-05 1.62670e-01 3.00901e-18 9.79369e-06 
3046.18 1.31791e-05 1.64519e-01 3.56281e-18 1.18461e-05 
3050.00 1.33107e-05 1.65825e-01 4.00395e-18 1.35695e-05 
3055.94 1.36381e-05 1.67840e-01 4.78425e-18 1.68474e-05 
3062.20 1.39848e-05 1.69929e-01 5.74519e-18 2.10467e-05 
3070.00 1.40833e-05 1.72537e-01 7.17386e-18 2.69402e-05 
3071.22 1.40400e-05 1.72950e-01 7.42333e-18 2.78689e-05 
3078.23 1.35649e-05 1.75356e-01 9.00094e-18 3.31780e-05 
3086.58 1.30504e-05 1.78270e-01 1.12441e-17 4.06469e-05 
3090.00 1.30535e-05 1.79467e-01 1.22906e-17 4.47887e-05 
3094.27 1.33269e-05 1.80964e-01 1.37112e-17 5.15084e-05 
3102.01 1.42458e-05 1.83680e-01 1.66316e-17 6.79596e-05 
3110.00 1.50379e-05 1.86498e-01 2.01661e-17 8.85458e-05 
3110.33 1.50544e-05 1.86614e-01 2.03232e-17 8.93979e-05 
3117.52 1.50415e-05 1.89160e-01 2.40313e-17 1.07307e-04 
3126.39 1.44065e-05 1.92308e-01 2.93327e-17 1.27902e-04 
3130.00 1.40910e-05 1.93595e-01 3.17366e-17 1.36416e-04 
3133.11 1.38409e-05 1.94710e-01 3.39307e-17 1.44226e-04 
3142.47 1.33695e-05 1.98098e-01 4.12539e-17 1.72844e-04 
3148.77 1.34307e-05 2.00390e-01 4.68301e-17 1.99785e-04 
3150.00 1.34897e-05 2.00835e-01 4.79764e-17 2.06112e-04 
3158.56 1.42179e-05 2.03941e-01 5.65753e-17 2.60843e-04 
3164.52 1.46946e-05 2.06110e-01 6.31994e-17 3.04930e-04 
3170.00 1.47776e-05 2.08115e-01 6.97642e-17 3.42390e-04 
3174.66 1.44436e-05 2.09825e-01 7.57058e-17 3.66675e-04 
3180.34 1.37688e-05 2.11920e-01 8.34247e-17 3.89727e-04 
3190.00 1.30600e-05 2.15493e-01 9.77163e-17 4.41627e-04 
3190.77 1.30751e-05 2.15776e-01 9.89130e-17 4.48251e-04 
3196.24 1.34936e-05 2.17810e-01 1.07748e-16 5.09536e-04 
3206.89 1.45180e-05 2.21775e-01 1.26262e-16 6.56297e-04 
3210.00 1.44882e-05 2.22938e-01 1.32009e-16 6.89019e-04 
3212.22 1.42991e-05 2.23770e-01 1.36203e-16 7.04737e-04 
3223.02 1.24497e-05 2.27817e-01 1.57565e-16 7.25088e-04 
3228.29 1.18883e-05 2.29800e-01 1.68564e-16 7.48394e-04 
3230.00 1.18779e-05 2.30447e-01 1.72221e-16 7.66515e-04 
3239.16 1.34119e-05 2.33914e-01 1.92338e-16 9.83941e-04 
3244.43 1.49943e-05 2.35910e-01 2.04304e-16 1.18035e-03 
3250.00 1.67015e-05 2.38023e-01 2.17241e-16 1.41293e-03 
3255.32 1.80222e-05 2.40040e-01 2.29799e-16 1.62914e-03 
3260.65 1.89881e-05 2.42070e-01 2.42578e-16 1.83021e-03 
3270.00 1.98573e-05 2.45644e-01 2.65266e-16 2.12999e-03 
3271.48 1.99032e-05 2.46211e-01 2.68876e-16 2.16995e-03 
3276.95 1.98899e-05 2.48310e-01 2.82239e-16 2.29952e-03 
3287.66 1.93208e-05 2.52423e-01 3.08260e-16 2.48817e-03 
3290.00 1.91539e-05 2.53325e-01 3.13903e-16 2.52260e-03 
3293.34 1.89174e-05 2.54610e-01 3.21886e-16 2.57039e-03 
3303.84 1.82791e-05 2.58666e-01 3.46477e-16 2.72466e-03 
3309.80 1.80628e-05 2.60970e-01 3.59942e-16 2.82706e-03 
3310.00 1.80583e-05 2.61046e-01 3.60379e-16 2.83076e-03 
3320.04 1.80398e-05 2.64932e-01 3.81990e-16 3.05130e-03 
3326.35 1.81968e-05 2.67380e-01 3.94760e-16 3.21624e-03 
3330.00 1.83268e-05 2.68798e-01 4.01816e-16 3.31824e-03 
3336.25 1.85452e-05 2.71234e-01 4.13304e-16 3.49162e-03 
3342.98 1.84952e-05 2.73860e-01 4.24744e-16 3.62053e-03 
3350.00 1.77305e-05 2.76595e-01 4.35554e-16 3.60226e-03 
3352.47 1.72197e-05 2.77559e-01 4.39077e-16 3.54168e-03 
3359.70 1.53247e-05 2.80380e-01 4.48474e-16 3.25912e-03 
3368.70 1.34596e-05 2.83904e-01 4.58222e-16 2.96937e-03 
3370.00 1.33506e-05 2.84412e-01 4.59438e-16 2.95958e-03 
3376.50 1.35690e-05 2.86960e-01 4.64817e-16 3.07638e-03 
3384.95 1.48772e-05 2.90277e-01 4.69977e-16 3.45848e-03 
3390.00 1.56086e-05 2.92262e-01 4.72055e-16 3.67496e-03 
3393.38 1.58891e-05 2.93590e-01 4.73022e-16 3.76944e-03 
3401.20 1.60235e-05 2.96664e-01 4.73960e-16 3.85762e-03 
3410.00 1.59350e-05 3.00123e-01 4.72862e-16 3.88208e-03 
3410.35 1.59377e-05 3.00260e-01 4.72773e-16 3.88417e-03 
3417.47 1.61559e-05 3.03060e-01 4.70180e-16 3.96052e-03 
3427.40 1.67241e-05 3.06970e-01 4.64208e-16 4.11188e-03 
3430.00 1.68683e-05 3.07995e-01 4.62207e-16 4.14639e-03 
3433.74 1.70448e-05 3.09471e-01 4.59020e-16 4.18539e-03 
3444.54 1.73931e-05 3.13720e-01 4.47895e-16 4.23789e-03 
3450.00 1.75203e-05 3.15863e-01 4.41231e-16 4.24082e-03 
3450.03 1.75210e-05 3.15876e-01 4.41190e-16 4.24080e-03 
3461.76 1.78312e-05 3.20460e-01 4.24772e-16 4.22991e-03 
3466.33 1.80191e-05 3.22245e-01 4.17662e-16 4.23193e-03 
3470.00 1.82171e-05 3.23678e-01 4.11699e-16 4.24059e-03 
3479.07 1.89101e-05 3.27230e-01 3.96064e-16 4.29239e-03 
3482.64 1.92466e-05 3.28636e-01 3.89586e-16 4.32021e-03 
3490.00 2.00101e-05 3.31539e-01 3.75769e-16 4.37980e-03 
3496.46 2.06798e-05 3.34090e-01 3.63174e-16 4.41648e-03 
3498.96 2.08887e-05 3.35076e-01 3.58203e-16 4.41617e-03 
3510.00 2.09635e-05 3.39419e-01 3.35756e-16 4.22137e-03 
3513.95 2.05178e-05 3.40970e-01 3.27578e-16 4.05395e-03 
3515.30 2.03258e-05 3.41502e-01 3.24762e-16 3.98926e-03 
3530.00 1.91994e-05 3.47285e-01 2.93904e-16 3.48239e-03 
3531.51 1.93851e-05 3.47880e-01 2.90718e-16 3.48541e-03 
3531.64 1.94040e-05 3.47930e-01 2.90452e-16 3.48624e-03 
3548.00 2.25199e-05 3.54349e-01 2.56337e-16 3.65356e-03 
3549.17 2.25156e-05 3.54810e-01 2.53919e-16 3.62431e-03 
3550.00 2.24709e-05 3.55134e-01 2.52220e-16 3.59703e-03 
3564.36 1.80106e-05 3.60761e-01 2.23321e-16 2.60365e-03 
3566.92 1.70748e-05 3.61760e-01 2.18318e-16 2.42149e-03 
3570.00 1.61558e-05 3.62964e-01 2.12346e-16 2.23783e-03 
3580.74 1.52965e-05 3.67156e-01 1.92121e-16 1.94497e-03 
3584.75 1.56400e-05 3.68720e-01 1.84825e-16 1.92342e-03 
3590.00 1.63463e-05 3.70766e-01 1.75505e-16 1.92232e-03 
3597.13 1.74202e-05 3.73543e-01 1.63265e-16 1.92383e-03 
3602.68 1.82032e-05 3.75700e-01 1.54103e-16 1.91138e-03 
3610.00 1.90030e-05 3.78542e-01 1.42492e-16 1.86277e-03 
3613.53 1.92443e-05 3.79910e-01 1.37095e-16 1.82331e-03 
3620.69 1.94528e-05 3.82680e-01 1.26573e-16 1.71741e-03 
3629.94 1.92902e-05 3.86256e-01 1.13790e-16 1.54932e-03 
3630.00 1.92881e-05 3.86277e-01 1.13717e-16 1.54826e-03 
3638.79 1.93924e-05 3.89670e-01 1.02437e-16 1.41796e-03 
3640.00 1.95771e-05 3.90135e-01 1.00954e-16 1.41290e-03 
3646.37 2.13447e-05 3.92588e-01 9.33834e-17 1.43642e-03 
3650.00 2.24311e-05 3.93985e-01 8.92583e-17 1.44942e-03 
3656.99 2.35541e-05 3.96670e-01 8.17055e-17 1.40538e-03 
3662.80 2.36527e-05 3.98901e-01 7.57965e-17 1.31866e-03 
3670.00 2.31466e-05 4.01656e-01 6.89472e-17 1.18426e-03 
3675.27 2.26033e-05 4.03670e-01 6.42434e-17 1.08453e-03 
3679.25 2.22241e-05 4.05187e-01 6.08653e-17 1.01516e-03 
3690.00 2.19802e-05 4.09275e-01 5.24411e-17 8.76332e-04 
3693.65 2.23184e-05 4.10660e-01 4.98063e-17 8.48809e-04 
3695.71 2.25701e-05 4.11441e-01 4.83677e-17 8.35636e-04 
3710.00 2.30337e-05 4.16850e-01 3.92962e-17 7.04681e-04 
3712.12 2.25818e-05 4.17650e-01 3.80817e-17 6.71170e-04 
3712.18 2.25665e-05 4.17673e-01 3.80476e-17 6.70163e-04 
3728.66 1.69444e-05 4.23881e-01 2.96348e-17 3.99529e-04 
3730.00 1.66695e-05 4.24386e-01 2.90256e-17 3.85564e-04 
3730.68 1.65591e-05 4.24640e-01 2.87222e-17 3.79302e-04 
3745.15 1.76538e-05 4.30060e-01 2.28610e-17 3.27231e-04 
3749.33 1.86530e-05 4.31620e-01 2.13739e-17 3.24796e-04 
3750.00 1.88187e-05 4.31869e-01 2.11439e-17 3.24400e-04 
3761.65 2.14884e-05 4.36200e-01 1.74710e-17 3.10105e-04 
3768.08 2.25303e-05 4.38580e-01 1.56966e-17 2.94215e-04 
3770.00 2.27452e-05 4.39291e-01 1.51976e-17 2.88192e-04 
3778.17 2.31823e-05 4.42309e-01 1.32306e-17 2.58027e-04 
3786.92 2.33741e-05 4.45530e-01 1.13783e-17 2.25891e-04 
3790.00 2.35297e-05 4.46662e-01 1.07835e-17 2.16230e-04 
3794.70 2.39065e-05 4.48382e-01 9.93082e-18 2.03353e-04 
3805.85 2.38437e-05 4.52460e-01 8.14313e-18 1.68314e-04 
3810.00 2.27954e-05 4.53972e-01 7.55677e-18 1.49990e-04 
3811.23 2.23207e-05 4.54422e-01 7.38994e-18 1.43812e-04 
3824.88 1.51916e-05 4.59380e-01 5.75488e-18 7.73308e-05 
3827.78 1.41522e-05 4.60429e-01 5.45314e-18 6.84706e-05 
3830.00 1.36996e-05 4.61230e-01 5.23237e-18 6.37451e-05 
3844.01 1.66753e-05 4.66270e-01 4.01698e-18 6.04392e-05 
3844.34 1.67948e-05 4.66391e-01 3.99118e-18 6.05024e-05 
3850.00 1.84564e-05 4.68419e-01 3.58122e-18 6.00062e-05 
3860.92 1.87758e-05 4.72318e-01 2.89802e-18 4.99515e-05 
3863.23 1.85642e-05 4.73140e-01 2.76992e-18 4.73159e-05 
3870.00 1.80158e-05 4.75545e-01 2.42392e-18 4.04575e-05 
3877.50 1.82451e-05 4.78200e-01 2.08805e-18 3.55608e-05 
3882.54 1.90296e-05 4.79980e-01 1.88722e-18 3.36912e-05 
3890.00 2.11770e-05 4.82608e-01 1.62308e-18 3.24842e-05 
3894.10 2.28107e-05 4.84048e-01 1.49317e-18 3.23197e-05 
3901.96 2.54804e-05 4.86800e-01 1.27075e-18 3.09614e-05 
3910.00 2.50062e-05 4.89601e-01 1.07563e-18 2.59211e-05 
3910.70 2.47085e-05 4.89846e-01 1.05998e-18 2.52571e-05 
3921.46 1.70199e-05 4.93580e-01 8.45788e-19 1.40265e-05 
3927.32 1.36488e-05 4.95612e-01 7.47128e-19 9.99195e-06 
3930.00 1.31590e-05 4.96540e-01 7.05741e-19 9.12301e-06 
3941.07 1.83227e-05 5.00340e-01 5.56565e-19 1.01230e-05 
3943.95 2.01794e-05 5.01315e-01 5.22978e-19 1.05041e-05 
3950.00 2.23890e-05 5.03345e-01 4.58608e-19 1.02769e-05 
3960.59 1.84043e-05 5.06879e-01 3.63619e-19 6.76325e-06 
3960.78 1.83018e-05 5.06940e-01 3.62159e-19 6.69966e-06 
3970.00 1.54497e-05 5.10028e-01 2.95270e-19 4.64994e-06 
3977.25 1.92461e-05 5.12462e-01 2.51169e-19 4.95995e-06 
3980.58 2.22252e-05 5.13580e-01 2.33068e-19 5.33098e-06 
3990.00 3.04201e-05 5.16733e-01 1.88421e-19 5.94913e-06 
3993.91 3.22865e-05 5.18040e-01 1.72394e-19 5.79732e-06 
4000.48 3.32949e-05 5.20230e-01 1.48372e-19 5.17562e-06 
4010.00 3.25538e-05 5.23389e-01 1.19210e-19 4.10023e-06 
4010.59 3.25037e-05 5.23585e-01 1.17595e-19 4.04054e-06 
4020.49 3.21769e-05 5.26850e-01 9.34545e-20 3.20651e-06 
4027.28 3.22035e-05 5.29078e-01 7.97338e-20 2.75423e-06 
4030.00 3.21922e-05 5.29968e-01 7.47989e-20 2.58895e-06 
4040.59 3.17771e-05 5.33420e-01 5.82518e-20 2.00845e-06 
4043.98 3.15208e-05 5.34522e-01 5.37474e-20 1.84354e-06 
4050.00 3.09259e-05 5.36476e-01 4.65598e-20 1.57493e-06 
4060.69 2.97888e-05 5.39928e-01 3.60251e-20 1.18445e-06 
4060.79 2.97820e-05 5.39960e-01 3.59375e-20 1.18140e-06 
4070.00 2.99621e-05 5.42908e-01 2.87612e-20 9.58569e-07 
4077.41 3.15064e-05 5.45270e-01 2.40135e-20 8.46787e-07 
4081.10 3.24799e-05 5.46440e-01 2.19468e-20 8.00256e-07 
4090.00 3.42632e-05 5.49263e-01 1.76368e-20 6.83399e-07 
4094.15 3.44225e-05 5.50575e-01 1.59212e-20 6.21901e-07 
4101.50 3.38784e-05 5.52890e-01 1.32699e-20 5.13210e-07 
4110.00 3.30079e-05 5.55548e-01 1.07390e-20 4.07447e-07 
4110.90 3.29568e-05 5.55828e-01 1.05011e-20 3.98088e-07 
4122.01 3.30443e-05 5.59280e-01 7.94572e-21 3.04714e-07 
4127.66 3.32745e-05 5.61027e-01 6.89119e-21 2.67311e-07 
4130.00 3.33371e-05 5.61751e-01 6.49438e-21 2.52862e-07 
4142.62 3.32258e-05 5.65630e-01 4.71247e-21 1.84695e-07 
4144.43 3.31995e-05 5.66182e-01 4.50009e-21 1.76480e-07 
4150.00 3.32046e-05 5.67881e-01 3.90170e-21 1.53702e-07 
4161.21 3.36133e-05 5.71279e-01 2.92466e-21 1.17646e-07 
4163.33 3.36691e-05 5.71920e-01 2.76853e-21 1.11733e-07 
4170.00 3.35859e-05 5.73929e-01 2.32941e-21 9.42584e-08 
4178.00 3.28362e-05 5.76332e-01 1.89199e-21 7.53070e-08 
4184.15 3.21360e-05 5.78170e-01 1.61138e-21 6.30632e-08 
4190.00 3.17368e-05 5.79913e-01 1.38240e-21 5.36659e-08 
4194.81 3.17699e-05 5.81340e-01 1.21845e-21 4.75215e-08 
4205.07 3.23068e-05 5.84370e-01 9.29410e-22 3.71437e-08 
4210.00 3.23783e-05 5.85818e-01 8.15687e-22 3.27903e-08 
4211.63 3.23283e-05 5.86294e-01 7.81275e-22 3.13961e-08 
4226.10 3.11026e-05 5.90510e-01 5.31331e-22 2.07612e-08 
4228.45 3.09627e-05 5.91194e-01 4.98839e-22 1.94372e-08 
4230.00 3.09094e-05 5.91641e-01 4.78611e-22 1.86378e-08 
4245.30 3.14257e-05 5.96047e-01 3.17201e-22 1.26979e-08 
4247.23 3.14618e-05 5.96600e-01 3.01090e-22 1.20834e-08 
4250.00 3.14326e-05 5.97394e-01 2.79319e-22 1.12215e-08 
4262.15 3.02323e-05 6.00853e-01 2.00899e-22 7.83015e-09 
4268.46 2.94273e-05 6.02640e-01 1.69138e-22 6.44530e-09 
4270.00 2.92648e-05 6.03074e-01 1.62180e-22 6.15267e-09 
4279.01 2.85284e-05 6.05608e-01 1.26749e-22 4.71716e-09 
4289.80 2.66743e-05 6.08620e-01 9.42170e-23 3.30316e-09 
4290.00 2.66168e-05 6.08675e-01 9.37098e-23 3.27874e-09 
4295.89 2.45509e-05 6.10308e-01 7.96682e-23 2.58153e-09 
4310.00 2.21824e-05 6.14196e-01 5.38962e-23 1.59321e-09 
4311.25 2.25205e-05 6.14540e-01 5.20538e-23 1.56353e-09 
4312.78 2.30815e-05 6.14958e-01 4.98941e-23 1.53758e-09 
4329.68 3.22515e-05 6.19563e-01 3.11376e-23 1.35613e-09 
4330.00 3.23424e-05 6.19650e-01 3.08587e-23 1.34806e-09 
4332.81 3.28256e-05 6.20410e-01 2.85229e-23 1.26700e-09 
4346.59 3.10775e-05 6.24116e-01 1.93661e-23 8.21915e-10 
4350.00 3.08015e-05 6.25028e-01 1.75912e-23 7.41614e-10 
4354.47 3.11620e-05 6.26220e-01 1.55033e-23 6.63183e-10 
4363.51 3.31324e-05 6.28618e-01 1.20051e-23 5.49247e-10 
4370.00 3.40234e-05 6.30329e-01 9.98650e-24 4.71155e-10 
4376.25 3.34851e-05 6.31970e-01 8.36160e-24 3.89818e-10 
4380.45 3.26272e-05 6.33071e-01 7.41832e-24 3.37893e-10 
4390.00 3.08991e-05 6.35558e-01 5.64731e-24 2.45093e-10 
4397.40 3.10925e-05 6.37472e-01 4.56986e-24 2.00512e-10 
4398.13 3.11807e-05 6.37660e-01 4.47545e-24 1.97017e-10 
4410.00 3.33861e-05 6.40709e-01 3.18183e-24 1.51100e-10 
4414.36 3.41883e-05 6.41822e-01 2.80679e-24 1.36865e-10 
4420.12 3.50317e-05 6.43290e-01 2.37703e-24 1.19196e-10 
4430.00 3.57254e-05 6.45799e-01 1.78649e-24 9.19182e-11 
4431.33 3.57320e-05 6.46136e-01 1.71903e-24 8.85365e-11 
4442.22 3.53690e-05 6.48870e-01 1.25342e-24 6.43279e-11 
4448.31 3.52906e-05 6.50382e-01 1.05005e-24 5.39707e-11 
4450.00 3.53429e-05 6.50798e-01 9.99790e-25 5.15158e-11 
4464.43 3.68192e-05 6.54310e-01 6.56627e-25 3.55522e-11 
4465.31 3.69096e-05 6.54522e-01 6.39983e-25 3.47541e-11 
4470.00 3.72531e-05 6.55646e-01 5.58074e-25 3.06729e-11 
4482.32 3.72073e-05 6.58581e-01 3.89549e-25 2.15390e-11 
4486.75 3.73522e-05 6.59640e-01 3.42266e-25 1.90477e-11 
4490.00 3.76871e-05 6.60418e-01 3.11328e-25 1.75146e-11 
4499.34 3.96838e-05 6.62663e-01 2.37393e-25 1.41399e-11 
4509.19 4.12177e-05 6.65030e-01 1.78743e-25 1.11218e-11 
4510.00 4.12207e-05 6.65225e-01 1.74630e-25 1.08718e-11 
4516.37 4.04513e-05 6.66746e-01 1.45796e-25 8.94030e-12 
4530.00 3.73689e-05 6.69973e-01 1.00345e-25 5.72909e-12 
4531.73 3.71714e-05 6.70380e-01 9.58861e-26 5.45097e-12 
4533.41 3.70558e-05 6.70774e-01 9.17942e-26 5.20711e-12 
4550.00 3.86014e-05 6.74636e-01 6.22682e-26 3.71426e-12 
4550.47 3.86827e-05 6.74744e-01 6.16824e-26 3.68805e-12 
4554.39 3.93669e-05 6.75650e-01 5.72272e-26 3.48987e-12 
4567.54 4.08846e-05 6.78673e-01 4.76795e-26 3.04198e-12 
4570.00 4.08810e-05 6.79237e-01 4.67225e-26 2.98475e-12 
4577.16 4.02362e-05 6.80870e-01 4.53170e-26 2.86063e-12 
4584.62 3.91841e-05 6.82560e-01 4.59768e-26 2.83803e-12 
4590.00 3.86728e-05 6.83775e-01 4.77749e-26 2.91913e-12 
4600.05 3.89053e-05 6.86030e-01 5.42351e-26 3.35211e-12 
4601.71 3.90270e-05 6.86401e-01 5.57104e-26 3.45718e-12 
4610.00 3.95494e-05 6.88248e-01 6.49505e-26 4.10290e-12 
4618.81 3.94783e-05 6.90198e-01 7.85900e-26 4.97913e-12 
4623.05 3.92934e-05 6.91130e-01 8.67244e-26 5.48115e-12 
4630.00 3.90016e-05 6.92652e-01 1.02638e-25 6.46263e-12 
4635.93 3.89177e-05 6.93944e-01 1.19051e-25 7.50348e-12 
4646.16 3.91430e-05 6.96160e-01 1.54671e-25 9.85802e-12 
4650.00 3.93226e-05 6.96987e-01 1.70816e-25 1.09590e-11 
4653.06 3.94928e-05 6.97644e-01 1.84908e-25 1.19335e-11 
4669.39 4.02977e-05 7.01130e-01 2.82619e-25 1.87700e-11 
4670.00 4.03090e-05 7.01258e-01 2.87094e-25 1.90785e-11 
4670.20 4.03121e-05 7.01300e-01 2.88560e-25 1.91793e-11 
4687.35 3.97307e-05 7.04905e-01 4.48879e-25 2.96645e-11 
4690.00 3.95040e-05 7.05459e-01 4.80333e-25 3.16047e-11 
4692.74 3.92386e-05 7.06030e-01 5.15081e-25 3.37103e-11 
4704.51 3.81870e-05 7.08474e-01 6.94002e-25 4.44670e-11 
4710.00 3.80554e-05 7.09606e-01 7.96427e-25 5.09945e-11 
4716.20 3.83746e-05 7.10880e-01 9.29782e-25 6.02195e-11 
4721.69 3.89192e-05 7.12000e-01 1.06532e-24 7.01689e-11 
4730.00 3.97755e-05 7.13686e-01 1.30702e-24 8.83469e-11 
4738.88 4.02516e-05 7.15478e-01 1.62314e-24 1.11515e-10 
4739.79 4.02760e-05 7.15660e-01 1.65919e-24 1.14112e-10 
4750.00 4.03886e-05 7.17709e-01 2.12247e-24 1.47118e-10 
4756.08 4.04096e-05 7.18921e-01 2.45452e-24 1.70729e-10 
4763.48 4.04261e-05 7.20390e-01 2.92561e-24 2.04312e-10 
4770.00 4.04279e-05 7.21674e-01 3.41070e-24 2.38950e-10 
4773.29 4.04224e-05 7.22320e-01 3.68420e-24 2.58486e-10 
4787.30 4.02758e-05 7.25050e-01 5.09820e-24 3.58792e-10 
4790.00 4.02106e-05 7.25573e-01 5.42436e-24 3.81617e-10 
4790.52 4.01962e-05 7.25673e-01 5.48939e-24 3.86150e-10 
4807.76 3.97738e-05 7.28987e-01 8.12000e-24 5.69821e-10 
4810.00 3.97886e-05 7.29414e-01 8.53953e-24 6.00116e-10 
4811.24 3.98096e-05 7.29650e-01 8.77990e-24 6.17692e-10 
4825.01 4.02733e-05 7.32253e-01 1.19258e-23 8.54254e-10 
4830.00 4.03118e-05 7.33190e-01 1.33105e-23 9.56565e-10 
4835.29 4.01246e-05 7.34180e-01 1.49456e-23 1.07170e-09 
4842.27 3.94299e-05 7.35481e-01 1.73928e-23 1.22952e-09 
4850.00 3.79496e-05 7.36915e-01 2.05460e-23 1.40287e-09 
4859.47 3.53664e-05 7.38660e-01 2.51518e-23 1.60737e-09 
4859.54 3.53476e-05 7.38673e-01 2.51910e-23 1.60908e-09 
4870.00 3.38956e-05 7.40581e-01 3.14133e-23 1.93322e-09 
4876.83 3.49079e-05 7.41819e-01 3.62382e-23 2.30382e-09 
4883.77 3.68121e-05 7.43070e-01 4.18480e-23 2.81432e-09 
4890.00 3.83179e-05 7.44190e-01 4.75810e-23 3.34003e-09 
4894.13 3.88354e-05 7.44930e-01 5.17818e-23 3.69079e-09 
4908.19 3.84607e-05 7.47430e-01 6.88559e-23 4.89072e-09 
4910.00 3.83127e-05 7.47750e-01 7.14109e-23 5.05672e-09 
4911.44 3.81981e-05 7.48004e-01 7.35063e-23 5.19281e-09 
4928.77 3.74937e-05 7.51032e-01 1.03670e-22 7.24320e-09 
4930.00 3.75182e-05 7.51247e-01 1.06214e-22 7.42978e-09 
4932.73 3.76179e-05 7.51720e-01 1.12046e-22 7.86789e-09 
4946.10 3.86408e-05 7.54029e-01 1.45280e-22 1.05396e-08 
4950.00 3.89655e-05 7.54698e-01 1.56590e-22 1.14748e-08 
4957.39 3.94177e-05 7.55960e-01 1.80349e-22 1.34116e-08 
4963.45 3.95390e-05 7.56987e-01 2.02315e-22 1.51303e-08 
4970.00 3.93184e-05 7.58091e-01 2.28872e-22 1.70682e-08 
4980.81 3.81088e-05 7.59902e-01 2.80001e-22 2.03314e-08 
4982.18 3.79087e-05 7.60130e-01 2.87184e-22 2.07554e-08 
4990.00 3.67232e-05 7.61431e-01 3.31696e-22 2.32989e-08 
4998.18 3.56637e-05 7.62786e-01 3.85164e-22 2.63640e-08 
5007.09 3.51516e-05 7.64250e-01 4.52456e-22 3.06383e-08 
5010.00 3.52072e-05 7.64726e-01 4.76741e-22 3.23728e-08 
5015.57 3.56482e-05 7.65634e-01 5.26654e-22 3.62934e-08 
5030.00 3.72038e-05 7.67968e-01 6.79650e-22 4.91708e-08 
5032.12 3.72833e-05 7.68310e-01 7.05414e-22 5.11882e-08 
5032.97 3.72989e-05 7.68445e-01 7.15880e-22 5.19871e-08 
5050.00 3.71424e-05 7.71163e-01 9.61207e-22 6.99918e-08 
5050.38 3.71578e-05 7.71223e-01 9.67450e-22 7.04865e-08 
5057.29 3.76857e-05 7.72310e-01 1.08842e-21 8.06506e-08 
5067.80 3.85185e-05 7.73948e-01 1.29996e-21 9.88677e-08 
5070.00 3.85515e-05 7.74289e-01 1.34879e-21 1.02759e-07 
5082.57 3.76264e-05 7.76240e-01 1.66233e-21 1.24226e-07 
5085.24 3.73728e-05 7.76655e-01 1.73694e-21 1.29063e-07 
5090.00 3.70621e-05 7.77398e-01 1.87816e-21 1.38659e-07 
5102.68 3.73616e-05 7.79344e-01 2.30795e-21 1.72625e-07 
5107.98 3.75812e-05 7.80130e-01 2.51328e-21 1.89475e-07 
5110.00 3.76180e-05 7.80422e-01 2.59568e-21 1.96030e-07 
5120.14 3.73102e-05 7.81856e-01 3.04998e-21 2.29328e-07 
5130.00 3.67313e-05 7.83232e-01 3.56093e-21 2.64564e-07 
5133.52 3.65807e-05 7.83730e-01 3.76217e-21 2.78738e-07 
5137.62 3.64216e-05 7.84317e-01 4.00893e-21 2.96186e-07 
5150.00 3.54115e-05 7.86134e-01 4.84988e-21 3.50027e-07 
5155.10 3.45208e-05 7.86888e-01 5.24154e-21 3.69499e-07 
5159.19 3.36786e-05 7.87490e-01 5.57645e-21 3.84115e-07 
5170.00 3.17285e-05 7.89062e-01 6.55861e-21 4.27353e-07 
5172.60 3.14695e-05 7.89437e-01 6.81748e-21 4.41025e-07 
5184.99 3.16074e-05 7.91210e-01 8.18572e-21 5.34329e-07 
5190.00 3.22200e-05 7.91924e-01 8.80775e-21 5.87171e-07 
5190.11 3.22364e-05 7.91940e-01 8.82180e-21 5.88432e-07 
5207.63 3.52669e-05 7.94419e-01 1.13578e-20 8.34207e-07 
5210.00 3.55255e-05 7.94752e-01 1.17476e-20 8.69924e-07 
5210.91 3.56020e-05 7.94880e-01 1.19012e-20 8.83495e-07 
5225.17 3.59223e-05 7.96864e-01 1.45500e-20 1.09556e-06 
5230.00 3.61343e-05 7.97532e-01 1.55640e-20 1.18090e-06 
5236.97 3.68600e-05 7.98490e-01 1.71400e-20 1.32996e-06 
5242.72 3.74040e-05 7.99277e-01 1.85483e-20 1.46352e-06 
5250.00 3.72468e-05 8.00271e-01 2.04850e-20 1.61378e-06 
5260.28 3.48395e-05 8.01663e-01 2.35313e-20 1.74037e-06 
5263.15 3.40849e-05 8.02050e-01 2.44554e-20 1.77136e-06 
5270.00 3.30062e-05 8.02968e-01 2.67886e-20 1.88355e-06 
5277.85 3.37718e-05 8.04013e-01 2.97112e-20 2.14348e-06 
5289.47 3.67667e-05 8.05550e-01 3.45723e-20 2.72653e-06 
5290.00 3.68943e-05 8.05620e-01 3.48110e-20 2.75540e-06 
5295.43 3.79439e-05 8.06334e-01 3.73387e-20 3.04538e-06 
5310.00 3.80833e-05 8.08235e-01 4.49559e-20 3.69893e-06 
5313.03 3.75603e-05 8.08627e-01 4.67082e-20 3.79434e-06 
5315.92 3.69407e-05 8.09000e-01 4.84318e-20 3.87334e-06 
5330.00 3.44391e-05 8.10805e-01 5.77046e-20 4.32344e-06 
5330.64 3.44234e-05 8.10887e-01 5.81637e-20 4.35682e-06 
5342.50 3.57542e-05 8.12390e-01 6.72401e-20 5.25276e-06 
5348.27 3.66975e-05 8.13117e-01 7.21050e-20 5.79284e-06 
5350.00 3.69079e-05 8.13335e-01 7.36271e-20 5.95256e-06 
5365.90 3.69737e-05 8.15321e-01 8.89944e-20 7.24687e-06 
5369.21 3.68319e-05 8.15730e-01 9.25285e-20 7.51415e-06 
5370.00 3.68033e-05 8.15828e-01 9.33937e-20 7.58056e-06 
5383.55 3.65791e-05 8.17493e-01 1.09364e-19 8.86304e-06 
5390.00 3.63770e-05 8.18278e-01 1.17788e-19 9.51346e-06 
5396.05 3.59844e-05 8.19010e-01 1.26218e-19 1.01047e-05 
5401.21 3.55920e-05 8.19631e-01 1.33821e-19 1.06148e-05 
5410.00 3.51460e-05 8.20682e-01 1.47716e-19 1.16038e-05 
5418.89 3.53208e-05 8.21738e-01 1.63059e-19 1.29105e-05 
5423.03 3.55635e-05 8.22230e-01 1.70692e-19 1.36263e-05 
5430.00 3.60583e-05 8.23054e-01 1.84227e-19 1.49455e-05 
5436.57 3.64934e-05 8.23828e-01 1.97862e-19 1.62803e-05 
5450.00 3.69236e-05 8.25403e-01 2.28515e-19 1.91075e-05 
5450.15 3.69231e-05 8.25420e-01 2.28878e-19 1.91386e-05 
5454.27 3.68610e-05 8.25901e-01 2.39112e-19 1.99874e-05 
5470.00 3.62430e-05 8.27721e-01 2.81942e-19 2.32905e-05 
5471.99 3.61823e-05 8.27950e-01 2.87801e-19 2.37498e-05 
5477.40 3.60711e-05 8.28570e-01 3.04328e-19 2.50800e-05 
5489.71 3.59979e-05 8.29969e-01 3.45030e-19 2.84885e-05 
5490.00 3.59974e-05 8.30002e-01 3.46043e-19 2.85743e-05 
5504.79 3.59802e-05 8.31660e-01 4.01304e-19 3.32772e-05 
5507.45 3.59814e-05 8.31956e-01 4.12025e-19 3.41960e-05 
5510.00 3.59846e-05 8.32239e-01 4.22540e-19 3.51000e-05 
5525.20 3.61071e-05 8.33913e-01 4.90136e-19 4.10489e-05 
5530.00 3.62161e-05 8.34438e-01 5.13353e-19 4.31877e-05 
5532.31 3.62853e-05 8.34690e-01 5.24863e-19 4.42723e-05 
5542.96 3.66070e-05 8.35849e-01 5.80846e-19 4.95927e-05 
5550.00 3.66433e-05 8.36610e-01 6.20602e-19 5.31554e-05 
5559.97 3.62477e-05 8.37680e-01 6.80940e-19 5.78713e-05 
5560.74 3.62012e-05 8.37762e-01 6.85773e-19 5.82211e-05 
5570.00 3.55693e-05 8.38745e-01 7.46622e-19 6.24574e-05 
5578.53 3.50408e-05 8.39643e-01 8.06678e-19 6.66518e-05 
5587.77 3.47889e-05 8.40610e-01 8.76409e-19 7.20948e-05 
5590.00 3.48083e-05 8.40842e-01 8.93957e-19 7.36291e-05 
5596.33 3.50465e-05 8.41501e-01 9.45460e-19 7.85541e-05 
5610.00 3.58206e-05 8.42914e-01 1.06537e-18 9.08452e-05 
5614.14 3.59352e-05 8.43339e-01 1.10416e-18 9.45717e-05 
5615.71 3.59584e-05 8.43500e-01 1.11915e-18 9.59621e-05 
5630.00 3.59496e-05 8.44954e-01 1.26382e-18 1.08804e-04 
5631.97 3.59528e-05 8.45153e-01 1.28496e-18 1.10699e-04 
5643.79 3.59715e-05 8.46340e-01 1.41806e-18 1.22657e-04 
5649.81 3.58504e-05 8.46940e-01 1.49019e-18 1.28690e-04 
5650.00 3.58439e-05 8.46959e-01 1.49249e-18 1.28873e-04 
5667.66 3.50373e-05 8.48704e-01 1.72229e-18 1.46124e-04 
5670.00 3.50139e-05 8.48933e-01 1.75475e-18 1.48880e-04 
5672.01 3.50299e-05 8.49130e-01 1.78309e-18 1.51442e-04 
5685.53 3.54627e-05 8.50448e-01 1.98384e-18 1.71246e-04 
5690.00 3.54649e-05 8.50881e-01 2.05414e-18 1.77555e-04 
5700.37 3.49267e-05 8.51880e-01 2.22520e-18 1.89990e-04 
5703.41 3.47747e-05 8.52171e-01 2.27753e-18 1.93781e-04 
5710.00 3.47536e-05 8.52800e-01 2.39437e-18 2.03985e-04 
5721.30 3.59201e-05 8.53870e-01 2.60615e-18 2.30222e-04 
5728.87 3.66374e-05 8.54580e-01 2.75629e-18 2.48883e-04 
5730.00 3.66806e-05 8.54686e-01 2.77928e-18 2.51335e-04 
5739.21 3.63404e-05 8.55542e-01 2.97258e-18 2.67018e-04 
5750.00 3.55531e-05 8.56539e-01 3.21282e-18 2.83206e-04 
5757.13 3.55492e-05 8.57194e-01 3.37978e-18 2.98488e-04 
5757.52 3.55593e-05 8.57230e-01 3.38911e-18 2.99430e-04 
5770.00 3.58361e-05 8.58373e-01 3.69901e-18 3.30507e-04 
5775.06 3.56669e-05 8.58833e-01 3.83073e-18 3.41143e-04 
5786.30 3.49928e-05 8.59850e-01 4.13708e-18 3.62594e-04 
5790.00 3.48609e-05 8.60182e-01 4.24190e-18 3.70759e-04 
5793.00 3.48381e-05 8.60450e-01 4.32848e-18 3.78392e-04 
5810.00 3.55579e-05 8.61959e-01 4.84557e-18 4.34378e-04 
5810.96 3.56077e-05 8.62044e-01 4.87604e-18 4.37836e-04 
5815.23 3.58036e-05 8.62420e-01 5.01409e-18 4.53240e-04 
5828.93 3.59667e-05 8.63619e-01 5.47643e-18 4.99152e-04 
5830.00 3.59385e-05 8.63712e-01 5.51401e-18 5.02330e-04 
5844.31 3.52518e-05 8.64950e-01 6.03423e-18 5.41317e-04 
5846.91 3.51684e-05 8.65173e-01 6.13260e-18 5.49225e-04 
5850.00 3.51320e-05 8.65438e-01 6.25114e-18 5.59729e-04 
5864.91 3.54127e-05 8.66704e-01 6.84743e-18 6.20500e-04 
5870.00 3.51389e-05 8.67133e-01 7.06073e-18 6.35747e-04 
5873.53 3.46946e-05 8.67430e-01 7.21149e-18 6.41717e-04 
5882.91 3.31243e-05 8.68216e-01 7.62368e-18 6.49313e-04 
5890.00 3.24733e-05 8.68805e-01 7.94632e-18 6.64743e-04 
5900.94 3.34833e-05 8.69709e-01 8.46395e-18 7.32183e-04 
5902.90 3.37891e-05 8.69870e-01 8.55940e-18 7.47590e-04 
5910.00 3.47342e-05 8.70450e-01 8.91124e-18 8.01587e-04 
5918.97 3.50017e-05 8.71178e-01 9.37068e-18 8.51407e-04 
5930.00 3.46251e-05 8.72066e-01 9.95848e-18 8.97659e-04 
5932.41 3.45689e-05 8.72260e-01 1.00906e-17 9.08662e-04 
5937.02 3.45270e-05 8.72629e-01 1.03461e-17 9.31658e-04 
5950.00 3.46428e-05 8.73665e-01 1.10907e-17 1.00544e-03 
5955.08 3.46852e-05 8.74068e-01 1.13922e-17 1.03540e-03 
5962.08 3.47024e-05 8.74620e-01 1.18164e-17 1.07643e-03 
5970.00 3.46653e-05 8.75242e-01 1.23100e-17 1.12248e-03 
5973.16 3.46340e-05 8.75489e-01 1.25106e-17 1.14066e-03 
5990.00 3.43043e-05 8.76795e-01 1.36183e-17 1.23516e-03 
5991.24 3.42688e-05 8.76891e-01 1.37027e-17 1.24191e-03 
5991.89 3.42500e-05 8.76940e-01 1.37464e-17 1.24539e-03 
6009.34 3.37533e-05 8.78275e-01 1.49696e-17 1.34247e-03 
6010.00 3.37408e-05 8.78324e-01 1.50168e-17 1.34644e-03 
6021.85 3.36627e-05 8.79220e-01 1.58879e-17 1.42550e-03 
6027.46 3.37268e-05 8.79642e-01 1.63118e-17 1.46839e-03 
6030.00 3.37779e-05 8.79832e-01 1.65061e-17 1.48908e-03 
6045.59 3.42344e-05 8.80991e-01 1.77297e-17 1.62741e-03 
6050.00 3.43237e-05 8.81316e-01 1.80863e-17 1.66631e-03 
6051.96 3.43463e-05 8.81460e-01 1.82456e-17 1.68291e-03 
6063.73 3.42584e-05 8.82318e-01 1.92231e-17 1.77370e-03 
6070.00 3.40728e-05 8.82772e-01 1.97568e-17 1.81587e-03 
6081.88 3.35779e-05 8.83626e-01 2.07914e-17 1.88872e-03 
6082.21 3.35646e-05 8.83650e-01 2.08210e-17 1.89082e-03 
6090.00 3.33285e-05 8.84206e-01 2.15165e-17 1.94393e-03 
6100.05 3.32508e-05 8.84919e-01 2.24335e-17 2.02702e-03 
6110.00 3.30248e-05 8.85617e-01 2.33633e-17 2.10177e-03 
6112.63 3.28777e-05 8.85800e-01 2.36122e-17 2.11604e-03 
6118.23 3.24789e-05 8.86188e-01 2.41477e-17 2.14069e-03 
6130.00 3.18605e-05 8.86993e-01 2.52948e-17 2.20590e-03 
6136.42 3.19659e-05 8.87426e-01 2.59322e-17 2.27246e-03 
6143.19 3.22219e-05 8.87880e-01 2.66132e-17 2.35461e-03 
6150.00 3.22795e-05 8.88333e-01 2.73075e-17 2.42428e-03 
6154.63 3.20629e-05 8.88639e-01 2.77842e-17 2.45274e-03 
6170.00 3.11990e-05 8.89646e-01 2.93974e-17 2.53440e-03 
6172.85 3.12719e-05 8.89831e-01 2.97009e-17 2.56827e-03 
6173.91 3.13244e-05 8.89900e-01 2.98141e-17 2.58303e-03 
6190.00 3.27058e-05 8.90945e-01 3.15598e-17 2.86566e-03 
6191.08 3.27699e-05 8.91015e-01 3.16786e-17 2.88281e-03 
6204.77 3.28884e-05 8.91920e-01 3.32008e-17 3.04204e-03 
6209.33 3.27607e-05 8.92227e-01 3.37133e-17 3.08033e-03 
6210.00 3.27396e-05 8.92272e-01 3.37894e-17 3.08579e-03 
6227.59 3.20287e-05 8.93474e-01 3.58006e-17 3.21184e-03 
6230.00 3.18894e-05 8.93638e-01 3.60800e-17 3.22467e-03 
6235.80 3.15151e-05 8.94030e-01 3.67546e-17 3.25085e-03 
6245.86 3.10199e-05 8.94698e-01 3.79354e-17 3.31037e-03 
6250.00 3.09943e-05 8.94969e-01 3.84250e-17 3.35356e-03 
6264.15 3.17874e-05 8.95880e-01 4.01125e-17 3.60221e-03 
6266.98 3.19886e-05 8.96060e-01 4.04528e-17 3.65816e-03 
6270.00 3.21732e-05 8.96252e-01 4.08170e-17 3.71498e-03 
6282.45 3.24314e-05 8.97035e-01 4.23259e-17 3.89435e-03 
6290.00 3.22443e-05 8.97506e-01 4.32484e-17 3.96309e-03 
6298.31 3.18360e-05 8.98020e-01 4.42685e-17 4.01279e-03 
6300.76 3.17045e-05 8.98171e-01 4.45697e-17 4.02565e-03 
6310.00 3.13155e-05 8.98736e-01 4.57107e-17 4.08659e-03 
6319.09 3.12523e-05 8.99286e-01 4.68372e-17 4.18744e-03 
6329.80 3.13928e-05 8.99930e-01 4.81708e-17 4.33647e-03 
6330.00 3.13954e-05 8.99942e-01 4.81953e-17 4.33922e-03 
6337.43 3.14607e-05 9.00384e-01 4.91217e-17 4.43921e-03 
6350.00 3.14281e-05 9.01127e-01 5.06931e-17 4.58934e-03 
6355.78 3.13587e-05 9.01467e-01 5.14161e-17 4.65049e-03 
6361.45 3.12906e-05 9.01800e-01 5.21258e-17 4.71038e-03 
6370.00 3.12689e-05 9.02301e-01 5.31947e-17 4.81276e-03 
6374.15 3.13182e-05 9.02544e-01 5.37130e-17 4.87181e-03 
6390.00 3.14157e-05 9.03463e-01 5.56906e-17 5.08466e-03 
6392.53 3.13463e-05 9.03608e-01 5.60051e-17 5.10492e-03 
6393.26 3.13208e-05 9.03650e-01 5.60962e-17 5.10990e-03 
6410.00 3.06706e-05 9.04598e-01 5.81709e-17 5.20792e-03 
6410.92 3.06610e-05 9.04650e-01 5.82847e-17 5.21753e-03 
6425.23 3.08802e-05 9.05450e-01 6.00429e-17 5.43023e-03 
6429.33 3.09320e-05 9.05679e-01 6.05441e-17 5.48963e-03 
6430.00 3.09342e-05 9.05716e-01 6.06260e-17 5.49824e-03 
6447.75 3.05634e-05 9.06702e-01 6.27757e-17 5.64663e-03 
6450.00 3.05202e-05 9.06826e-01 6.30459e-17 5.66568e-03 
6457.35 3.04673e-05 9.07230e-01 6.39248e-17 5.74379e-03 
6466.18 3.04469e-05 9.07710e-01 6.49717e-17 5.84502e-03 
6470.00 3.03996e-05 9.07916e-01 6.54209e-17 5.88110e-03 
6484.63 3.00105e-05 9.08702e-01 6.71246e-17 5.97565e-03 
6489.64 2.99674e-05 9.08970e-01 6.77003e-17 6.02467e-03 
6490.00 2.99691e-05 9.08989e-01 6.77416e-17 6.02914e-03 
6503.09 3.03477e-05 9.09688e-01 6.92269e-17 6.25657e-03 
6510.00 3.05632e-05 9.10055e-01 6.99984e-17 6.38056e-03 
6521.57 3.05898e-05 9.10663e-01 7.12711e-17 6.51813e-03 
6522.09 3.05848e-05 9.10690e-01 7.13276e-17 6.52295e-03 
6530.00 3.05087e-05 9.11100e-01 7.21823e-17 6.59565e-03 
6540.06 3.03787e-05 9.11616e-01 7.32503e-17 6.67876e-03 
6550.00 2.95538e-05 9.12122e-01 7.42847e-17 6.60282e-03 
6554.70 2.87357e-05 9.12360e-01 7.47658e-17 6.46796e-03 
6558.56 2.79771e-05 9.12556e-01 7.51575e-17 6.33530e-03 
6570.00 2.66398e-05 9.13134e-01 7.62972e-17 6.13851e-03 
6577.08 2.73513e-05 9.13490e-01 7.69862e-17 6.36870e-03 
6587.47 2.93746e-05 9.14010e-01 7.79756e-17 6.94262e-03 
6590.00 2.97698e-05 9.14136e-01 7.82121e-17 7.06106e-03 
6595.61 3.02630e-05 9.14415e-01 7.87302e-17 7.23394e-03 
6610.00 3.01197e-05 9.15124e-01 8.00220e-17 7.33947e-03 
6614.15 3.00156e-05 9.15326e-01 8.03836e-17 7.35340e-03 
6620.41 2.99204e-05 9.15630e-01 8.09202e-17 7.38842e-03 
6630.00 2.98726e-05 9.16092e-01 8.17202e-17 7.46411e-03 
6632.71 2.98711e-05 9.16221e-01 8.19411e-17 7.48801e-03 
6650.00 2.97646e-05 9.17044e-01 8.33008e-17 7.61174e-03 
6651.28 2.97383e-05 9.17104e-01 8.33975e-17 7.61580e-03 
6653.51 2.96852e-05 9.17210e-01 8.35656e-17 7.62098e-03 
6669.86 2.93870e-05 9.17983e-01 8.47483e-17 7.67646e-03 
6670.00 2.93877e-05 9.17989e-01 8.47581e-17 7.67774e-03 
6686.78 2.97217e-05 9.18780e-01 8.58822e-17 7.89457e-03 
6688.46 2.97301e-05 9.18859e-01 8.59896e-17 7.90935e-03 
6690.00 2.97248e-05 9.18932e-01 8.60875e-17 7.91938e-03 
6707.07 2.91901e-05 9.19731e-01 8.71178e-17 7.89695e-03 
6710.00 2.91340e-05 9.19868e-01 8.72848e-17 7.90151e-03 
6720.21 2.92272e-05 9.20340e-01 8.78441e-17 7.99382e-03 
6725.70 2.93385e-05 9.20591e-01 8.81297e-17 8.05913e-03 
6730.00 2.93855e-05 9.20788e-01 8.83467e-17 8.09882e-03 
6744.33 2.91557e-05 9.21435e-01 8.90230e-17 8.11993e-03 
6750.00 2.90369e-05 9.21689e-01 8.92705e-17 8.11841e-03 
6753.81 2.89911e-05 9.21860e-01 8.94309e-17 8.12623e-03 
6762.99 2.89683e-05 9.22269e-01 8.97956e-17 8.16765e-03 
6770.00 2.89760e-05 9.22580e-01 9.00544e-17 8.20462e-03 
6781.65 2.89225e-05 9.23092e-01 9.04460e-17 8.24383e-03 
6787.58 2.88577e-05 9.23350e-01 9.06268e-17 8.25132e-03 
6790.00 2.88242e-05 9.23455e-01 9.06970e-17 8.25199e-03 
6800.33 2.86650e-05 9.23899e-01 9.09734e-17 8.24793e-03 
6810.00 2.86056e-05 9.24312e-01 9.11977e-17 8.26656e-03 
6819.03 2.86967e-05 9.24695e-01 9.13774e-17 8.32366e-03 
6821.52 2.87236e-05 9.24800e-01 9.14219e-17 8.33954e-03 
6830.00 2.87136e-05 9.25158e-01 9.15569e-17 8.36255e-03 
6837.74 2.84929e-05 9.25484e-01 9.16580e-17 8.31978e-03 
6850.00 2.81090e-05 9.25996e-01 9.17753e-17 8.23748e-03 
6855.63 2.80895e-05 9.26230e-01 9.18115e-17 8.24386e-03 
6856.46 2.80954e-05 9.26264e-01 9.18159e-17 8.24728e-03 
6870.00 2.83011e-05 9.26821e-01 9.18542e-17 8.33256e-03 
6875.19 2.83422e-05 9.27033e-01 9.18522e-17 8.35270e-03 
6889.91 2.82764e-05 9.27630e-01 9.17965e-17 8.35146e-03 
6890.00 2.82755e-05 9.27634e-01 9.17959e-17 8.35127e-03 
6893.94 2.82332e-05 9.27793e-01 9.17684e-17 8.34249e-03 
6910.00 2.80549e-05 9.28439e-01 9.16029e-17 8.29991e-03 
6912.71 2.80320e-05 9.28547e-01 9.15666e-17 8.29406e-03 
6924.36 2.79566e-05 9.29010e-01 9.13831e-17 8.27320e-03 
6930.00 2.79215e-05 9.29232e-01 9.12784e-17 8.26203e-03 
6931.49 2.79112e-05 9.29290e-01 9.12491e-17 8.25863e-03 
6950.00 2.77726e-05 9.30008e-01 9.08260e-17 8.20768e-03 
6950.28 2.77708e-05 9.30018e-01 9.08189e-17 8.20695e-03 
6958.98 2.77297e-05 9.30350e-01 9.05825e-17 8.18662e-03 
6969.08 2.77216e-05 9.30731e-01 9.02790e-17 8.17200e-03 
6970.00 2.77234e-05 9.30765e-01 9.02499e-17 8.17127e-03 
6987.90 2.76406e-05 9.31427e-01 8.96331e-17 8.11774e-03 
6990.00 2.75843e-05 9.31503e-01 8.95547e-17 8.09720e-03 
6993.77 2.74453e-05 9.31640e-01 8.94106e-17 8.04896e-03 
7006.73 2.69023e-05 9.32106e-01 8.88850e-17 7.86180e-03 
7010.00 2.68330e-05 9.32223e-01 8.87453e-17 7.83386e-03 
7025.58 2.70636e-05 9.32792e-01 8.80388e-17 7.86049e-03 
7028.74 2.71416e-05 9.32910e-01 8.78878e-17 7.87417e-03 
7030.00 2.71683e-05 9.32958e-01 8.78268e-17 7.87825e-03 
7044.44 2.72515e-05 9.33509e-01 8.70990e-17 7.85762e-03 
7050.00 2.72072e-05 9.33719e-01 8.68050e-17 7.82632e-03 
7063.32 2.70345e-05 9.34191e-01 8.60699e-17 7.72925e-03 
7063.88 2.70264e-05 9.34210e-01 8.60377e-17 7.72482e-03 
7070.00 2.69418e-05 9.34405e-01 8.56854e-17 7.67736e-03 
7082.21 2.68177e-05 9.34756e-01 8.49566e-17 7.59291e-03 
7090.00 2.67907e-05 9.34961e-01 8.44741e-17 7.55215e-03 
7099.20 2.68114e-05 9.35190e-01 8.38876e-17 7.51709e-03 
7101.11 2.68154e-05 9.35236e-01 8.37639e-17 7.50951e-03 
7110.00 2.67866e-05 9.35441e-01 8.31773e-17 7.45987e-03 
7120.03 2.66135e-05 9.35623e-01 8.24968e-17 7.36284e-03 
7130.00 2.63899e-05 9.35717e-01 8.18011e-17 7.25027e-03 
7134.70 2.63047e-05 9.35720e-01 8.14669e-17 7.20211e-03 
7138.96 2.62462e-05 9.35698e-01 8.11606e-17 7.16318e-03 
7150.00 2.61876e-05 9.35591e-01 8.03519e-17 7.08609e-03 
7157.90 2.62156e-05 9.35548e-01 7.97604e-17 7.04892e-03 
7170.00 2.61183e-05 9.35699e-01 7.88361e-17 6.95422e-03 
7170.37 2.61085e-05 9.35710e-01 7.88071e-17 6.94949e-03 
7176.86 2.58760e-05 9.35966e-01 7.83016e-17 6.85151e-03 
7190.00 2.54610e-05 9.36746e-01 7.72599e-17 6.66965e-03 
7195.84 2.54960e-05 9.37139e-01 7.67893e-17 6.64631e-03 
7206.23 2.57622e-05 9.37790e-01 7.59411e-17 6.65573e-03 
7210.00 2.58443e-05 9.37988e-01 7.56296e-17 6.65446e-03 
7214.83 2.58920e-05 9.38209e-01 7.52289e-17 6.63742e-03 
7230.00 2.58233e-05 9.38727e-01 7.39516e-17 6.52470e-03 
7233.83 2.58126e-05 9.38832e-01 7.36255e-17 6.49739e-03 
7242.26 2.58283e-05 9.39050e-01 7.29022e-17 6.44647e-03 
7250.00 2.58677e-05 9.39256e-01 7.22319e-17 6.40518e-03 
7252.84 2.58825e-05 9.39336e-01 7.19843e-17 6.38994e-03 
7270.00 2.57470e-05 9.39886e-01 7.04766e-17 6.24172e-03 
7271.87 2.56877e-05 9.39956e-01 7.03105e-17 6.21472e-03 
7278.47 2.54268e-05 9.40220e-01 6.97241e-17 6.10754e-03 
7290.00 2.50821e-05 9.40751e-01 6.86915e-17 5.94830e-03 
7290.92 2.50767e-05 9.40797e-01 6.86089e-17 5.94089e-03 
7309.98 2.54019e-05 9.41755e-01 6.68844e-17 5.88800e-03 
7310.00 2.54021e-05 9.41756e-01 6.68824e-17 5.88790e-03 
7314.86 2.54165e-05 9.41990e-01 6.64397e-17 5.85759e-03 
7329.05 2.52581e-05 9.42612e-01 6.51418e-17 5.72221e-03 
7330.00 2.52491e-05 9.42651e-01 6.50547e-17 5.71351e-03 
7348.14 2.52723e-05 9.43342e-01 6.33855e-17 5.58990e-03 
7350.00 2.52846e-05 9.43409e-01 6.32137e-17 5.57928e-03 
7351.43 2.52939e-05 9.43460e-01 6.30812e-17 5.57103e-03 
7367.24 2.52897e-05 9.44011e-01 6.16201e-17 5.45597e-03 
7370.00 2.52495e-05 9.44104e-01 6.13645e-17 5.42726e-03 
7386.36 2.47686e-05 9.44641e-01 5.98497e-17 5.20695e-03 
7388.19 2.47075e-05 9.44700e-01 5.96795e-17 5.18096e-03 
7390.00 2.46498e-05 9.44757e-01 5.95120e-17 5.15591e-03 
7405.49 2.43263e-05 9.45237e-01 5.80783e-17 4.97860e-03 
7410.00 2.43106e-05 9.45374e-01 5.76607e-17 4.94334e-03 
7424.63 2.44686e-05 9.45805e-01 5.63099e-17 4.87073e-03 
7425.13 2.44751e-05 9.45820e-01 5.62634e-17 4.86841e-03 
7430.00 2.45243e-05 9.45961e-01 5.58150e-17 4.84321e-03 
7443.79 2.45205e-05 9.46353e-01 5.45480e-17 4.74328e-03 
7450.00 2.45204e-05 9.46528e-01 5.39790e-17 4.69857e-03 
7462.26 2.46109e-05 9.46870e-01 5.28601e-17 4.62742e-03 
7462.96 2.46157e-05 9.46890e-01 5.27961e-17 4.62325e-03 
7470.00 2.46288e-05 9.47086e-01 5.21565e-17 4.57494e-03 
7482.15 2.44760e-05 9.47423e-01 5.10575e-17 4.45957e-03 
7490.00 2.43653e-05 9.47639e-01 5.03510e-17 4.38357e-03 
7499.57 2.43270e-05 9.47900e-01 4.94940e-17 4.30887e-03 
7501.35 2.43280e-05 9.47948e-01 4.93352e-17 4.29646e-03 
7510.00 2.43372e-05 9.48181e-01 4.85658e-17 4.23698e-03 
7520.57 2.43141e-05 9.48463e-01 4.76319e-17 4.15864e-03 
7530.00 2.42968e-05 9.48713e-01 4.68041e-17 4.08964e-03 
7537.07 2.43087e-05 9.48900e-01 4.61876e-17 4.04234e-03 
7539.80 2.43140e-05 9.48972e-01 4.59504e-17 4.02423e-03 
7550.00 2.42919e-05 9.49241e-01 4.50685e-17 3.94985e-03 
7559.04 2.41795e-05 9.49477e-01 4.42931e-17 3.86952e-03 
7570.00 2.40281e-05 9.49759e-01 4.33616e-17 3.77101e-03 
7574.75 2.39946e-05 9.49880e-01 4.29604e-17 3.73373e-03 
7578.30 2.39812e-05 9.49969e-01 4.26620e-17 3.70780e-03 
7590.00 2.39423e-05 9.50259e-01 4.16856e-17 3.62377e-03 
7597.58 2.38768e-05 9.50446e-01 4.10593e-17 3.56380e-03 
7610.00 2.37715e-05 9.50754e-01 4.00427e-17 3.46701e-03 
7612.63 2.37642e-05 9.50820e-01 3.98294e-17 3.44892e-03 
7616.86 2.37655e-05 9.50927e-01 3.94868e-17 3.42172e-03 
7630.00 2.38221e-05 9.51260e-01 3.84345e-17 3.34541e-03 
7636.17 2.38423e-05 9.51414e-01 3.79459e-17 3.30888e-03 
7650.00 2.36863e-05 9.51744e-01 3.68627e-17 3.20029e-03 
7650.69 2.36663e-05 9.51760e-01 3.68091e-17 3.19329e-03 
7655.48 2.34989e-05 9.51867e-01 3.64382e-17 3.14106e-03 
7670.00 2.30852e-05 9.52187e-01 3.53286e-17 2.99847e-03 
7674.82 2.31217e-05 9.52300e-01 3.49649e-17 2.97452e-03 
7688.94 2.34351e-05 9.52680e-01 3.39113e-17 2.93055e-03 
7690.00 2.34443e-05 9.52712e-01 3.38333e-17 2.92546e-03 
7694.16 2.34367e-05 9.52845e-01 3.35271e-17 2.90001e-03 
7710.00 2.31605e-05 9.53335e-01 3.23778e-17 2.77472e-03 
7713.52 2.31377e-05 9.53422e-01 3.21256e-17 2.75190e-03 
7727.39 2.31583e-05 9.53580e-01 3.11454e-17 2.67555e-03 
7730.00 2.31441e-05 9.53568e-01 3.09629e-17 2.65911e-03 
7732.90 2.31103e-05 9.53542e-01 3.07612e-17 2.63885e-03 
7750.00 2.28439e-05 9.53482e-01 2.95891e-17 2.51444e-03 
7752.29 2.28445e-05 9.53531e-01 2.94345e-17 2.50222e-03 
7766.03 2.30206e-05 9.54440e-01 2.85183e-17 2.44970e-03 
7770.00 2.30702e-05 9.54951e-01 2.82569e-17 2.43501e-03 
7771.69 2.30839e-05 9.55193e-01 2.81460e-17 2.42804e-03 
7790.00 2.30318e-05 9.57241e-01 2.69664e-17 2.33149e-03 
7791.11 2.30241e-05 9.57255e-01 2.68958e-17 2.32497e-03 
7804.86 2.29225e-05 9.55230e-01 2.60350e-17 2.23984e-03 
7810.00 2.28691e-05 9.53167e-01 2.57178e-17 2.20407e-03 
7810.55 2.28625e-05 9.52910e-01 2.56842e-17 2.20012e-03 
7830.00 2.26031e-05 9.42442e-01 2.45114e-17 2.05813e-03 
7830.00 2.26030e-05 9.42440e-01 2.45111e-17 2.05811e-03 
7843.88 2.25371e-05 9.38660e-01 2.36982e-17 1.97959e-03 
7849.46 2.25494e-05 9.39311e-01 2.33770e-17 1.95657e-03 
7850.00 2.25517e-05 9.39439e-01 2.33461e-17 1.95458e-03 
7868.94 2.26519e-05 9.47845e-01 2.22812e-17 1.89504e-03 
7870.00 2.26523e-05 9.48384e-01 2.22225e-17 1.89142e-03 
7883.10 2.25729e-05 9.53400e-01 2.15089e-17 1.83697e-03 
7888.43 2.25123e-05 9.53979e-01 2.12235e-17 1.81005e-03 
7890.00 2.24932e-05 9.53983e-01 2.11400e-17 1.80176e-03 
7907.94 2.22247e-05 9.50931e-01 2.02036e-17 1.69981e-03 
7910.00 2.21828e-05 9.50451e-01 2.00980e-17 1.68733e-03 
7922.51 2.18944e-05 9.48540e-01 1.94665e-17 1.61236e-03 
7927.46 2.17956e-05 9.48654e-01 1.92212e-17 1.58604e-03 
7930.00 2.17555e-05 9.48915e-01 1.90961e-17 1.57376e-03 
7947.00 2.17165e-05 9.52896e-01 1.82756e-17 1.51298e-03 
7950.00 2.17469e-05 9.53786e-01 1.81336e-17 1.50529e-03 
7962.13 2.19333e-05 9.57000e-01 1.75688e-17 1.47813e-03 
7966.55 2.19992e-05 9.57810e-01 1.73664e-17 1.46754e-03 
7970.00 2.20391e-05 9.58288e-01 1.72097e-17 1.45830e-03 
7986.11 2.20352e-05 9.59204e-01 1.64929e-17 1.40147e-03 
7990.00 2.19909e-05 9.59214e-01 1.63237e-17 1.38499e-03 
8001.94 2.17954e-05 9.59110e-01 1.58126e-17 1.33154e-03 
8005.70 2.17381e-05 9.59104e-01 1.56544e-17 1.31536e-03 
8010.00 2.16893e-05 9.59128e-01 1.54748e-17 1.29809e-03 
8025.29 2.16445e-05 9.59418e-01 1.48502e-17 1.24587e-03 
8030.00 2.16190e-05 9.59549e-01 1.46622e-17 1.22953e-03 
8041.95 2.14692e-05 9.59910e-01 1.41936e-17 1.18420e-03 
8044.90 2.14373e-05 9.59997e-01 1.40796e-17 1.17348e-03 
8050.00 2.14130e-05 9.60142e-01 1.38848e-17 1.15684e-03 
8064.53 2.15225e-05 9.60520e-01 1.33417e-17 1.11972e-03 
8070.00 2.15171e-05 9.60651e-01 1.31418e-17 1.10357e-03 
8082.16 2.12725e-05 9.60920e-01 1.27065e-17 1.05678e-03 
8084.17 2.12252e-05 9.60962e-01 1.26357e-17 1.04885e-03 
8090.00 2.11243e-05 9.61081e-01 1.24322e-17 1.02793e-03 
8103.83 2.11815e-05 9.61352e-01 1.19607e-17 9.93593e-04 
8110.00 2.12557e-05 9.61471e-01 1.17550e-17 9.80797e-04 
8122.57 2.13163e-05 9.61720e-01 1.13456e-17 9.51055e-04 
8123.50 2.13154e-05 9.61739e-01 1.13159e-17 9.48648e-04 
8130.00 2.12891e-05 9.61874e-01 1.11092e-17 9.31051e-04 
8143.18 2.11716e-05 9.62154e-01 1.07003e-17 8.93536e-04 
8150.00 2.11338e-05 9.62298e-01 1.04939e-17 8.75595e-04 
8162.88 2.11307e-05 9.62554e-01 1.01132e-17 8.45266e-04 
8163.18 2.11292e-05 9.62560e-01 1.01045e-17 8.44516e-04 
8170.00 2.10427e-05 9.62684e-01 9.90791e-18 8.25490e-04 
8182.60 2.06238e-05 9.62896e-01 9.55347e-18 7.81492e-04 
8190.00 2.04173e-05 9.63013e-01 9.35031e-18 7.57990e-04 
8202.33 2.04025e-05 9.63204e-01 9.02033e-18 7.31956e-04 
8204.00 2.04166e-05 9.63230e-01 8.97642e-18 7.29063e-04 
8210.00 2.04580e-05 9.63324e-01 8.82007e-18 7.18414e-04 
8222.07 2.04248e-05 9.63522e-01 8.51283e-18 6.93422e-04 
8230.00 2.03908e-05 9.63661e-01 8.31618e-18 6.77024e-04 
8241.83 2.04365e-05 9.63885e-01 8.03006e-18 6.56292e-04 
8245.02 2.04623e-05 9.63950e-01 7.95455e-18 6.51236e-04 
8250.00 2.05058e-05 9.64055e-01 7.83763e-18 6.43487e-04 
8261.61 2.05914e-05 9.64306e-01 7.57113e-18 6.25243e-04 
8270.00 2.06185e-05 9.64476e-01 7.38344e-18 6.11274e-04 
8281.40 2.05778e-05 9.64669e-01 7.13513e-18 5.90482e-04 
8286.24 2.05277e-05 9.64730e-01 7.03186e-18 5.80895e-04 
8290.00 2.04736e-05 9.64767e-01 6.95264e-18 5.73119e-04 
8301.20 2.02520e-05 9.64841e-01 6.72118e-18 5.48825e-04 
8310.00 2.00827e-05 9.64886e-01 6.54427e-18 5.30498e-04 
8321.02 1.99626e-05 9.64968e-01 6.32842e-18 5.10653e-04 
8327.67 1.99344e-05 9.65050e-01 6.20132e-18 5.00131e-04 
8330.00 1.99303e-05 9.65087e-01 6.15738e-18 4.96644e-04 
8340.86 1.99440e-05 9.65307e-01 5.95598e-18 4.81465e-04 
8350.00 1.99990e-05 9.65527e-01 5.79106e-18 4.70046e-04 
8360.71 2.00832e-05 9.65784e-01 5.60304e-18 4.57408e-04 
8369.31 2.00561e-05 9.65960e-01 5.45602e-18 4.45343e-04 
8370.00 2.00468e-05 9.65972e-01 5.44440e-18 4.44230e-04 
8380.58 1.98055e-05 9.66121e-01 5.26875e-18 4.25325e-04 
8390.00 1.96592e-05 9.66217e-01 5.11654e-18 4.10490e-04 
8400.46 1.97920e-05 9.66311e-01 4.95232e-18 4.00537e-04 
8410.00 1.99032e-05 9.66415e-01 4.80663e-18 3.91423e-04 
8411.16 1.98981e-05 9.66430e-01 4.78922e-18 3.89965e-04 
8420.35 1.97254e-05 9.66571e-01 4.65297e-18 3.76049e-04 
8430.00 1.95177e-05 9.66753e-01 4.51382e-18 3.61443e-04 
8440.26 1.95210e-05 9.66969e-01 4.36993e-18 3.50485e-04 
8450.00 1.95799e-05 9.67181e-01 4.23732e-18 3.41341e-04 
8453.21 1.95710e-05 9.67250e-01 4.19437e-18 3.37881e-04 
8460.19 1.95083e-05 9.67396e-01 4.10246e-18 3.29740e-04 
8470.00 1.94203e-05 9.67585e-01 3.97636e-18 3.18594e-04 
8480.13 1.94008e-05 9.67754e-01 3.84984e-18 3.08570e-04 
8490.00 1.91760e-05 9.67885e-01 3.73018e-18 2.95899e-04 
8495.48 1.88660e-05 9.67940e-01 3.66521e-18 2.86245e-04 
8500.09 1.85797e-05 9.67976e-01 3.61137e-18 2.77922e-04 
8510.00 1.83179e-05 9.68040e-01 3.49805e-18 2.65735e-04 
8520.06 1.88399e-05 9.68123e-01 3.38637e-18 2.64917e-04 
8530.00 1.88394e-05 9.68269e-01 3.27928e-18 2.56871e-04 
8537.96 1.76878e-05 9.68460e-01 3.19581e-18 2.35295e-04 
8540.05 1.73191e-05 9.68524e-01 3.17419e-18 2.28904e-04 
8550.00 1.62738e-05 9.68866e-01 3.07319e-18 2.08561e-04 
8560.05 1.75035e-05 9.69142e-01 2.97421e-18 2.17412e-04 
8570.00 1.92017e-05 9.69170e-01 2.87914e-18 2.31157e-04 
8580.07 1.93980e-05 9.68770e-01 2.78580e-18 2.26121e-04 
8580.65 1.93724e-05 9.68730e-01 2.78053e-18 2.25402e-04 
8590.00 1.88491e-05 9.67891e-01 2.69650e-18 2.12732e-04 
8600.10 1.86810e-05 9.66997e-01 2.60839e-18 2.03997e-04 
8610.00 1.87808e-05 9.66763e-01 2.52467e-18 1.98685e-04 
8620.15 1.88275e-05 9.67849e-01 2.44141e-18 1.93055e-04 
8623.55 1.88431e-05 9.68630e-01 2.41411e-18 1.91283e-04 
8630.00 1.89147e-05 9.70692e-01 2.36308e-18 1.88492e-04 
8640.22 1.90688e-05 9.74297e-01 2.28432e-18 1.84595e-04 
8650.00 1.86190e-05 9.76144e-01 2.21119e-18 1.74999e-04 
8660.29 1.71318e-05 9.73977e-01 2.13661e-18 1.55430e-04 
8666.67 1.63492e-05 9.69440e-01 2.09163e-18 1.44637e-04 
8670.00 1.61872e-05 9.65886e-01 2.06847e-18 1.41153e-04 
8680.39 1.69820e-05 9.50917e-01 1.99778e-18 1.40974e-04 
8690.00 1.81968e-05 9.34906e-01 1.93441e-18 1.43965e-04 
8700.50 1.85896e-05 9.19452e-01 1.86735e-18 1.39795e-04 
8710.00 1.84613e-05 9.11161e-01 1.80855e-18 1.33392e-04 
8710.00 1.84613e-05 9.11160e-01 1.80854e-18 1.33391e-04 
8720.63 1.84202e-05 9.11359e-01 1.74486e-18 1.28592e-04 
8730.00 1.83666e-05 9.18059e-01 1.69042e-18 1.25266e-04 
8740.77 1.81084e-05 9.29946e-01 1.62988e-18 1.20772e-04 
8750.00 1.79583e-05 9.40985e-01 1.57959e-18 1.17578e-04 
8753.55 1.79769e-05 9.44900e-01 1.56065e-18 1.16819e-04 
8760.92 1.81204e-05 9.51854e-01 1.52200e-18 1.15778e-04 
8770.00 1.83205e-05 9.58336e-01 1.47565e-18 1.14383e-04 
8781.09 1.83405e-05 9.63541e-01 1.42082e-18 1.10992e-04 
8790.00 1.81865e-05 9.65893e-01 1.37820e-18 1.07128e-04 
8797.32 1.79934e-05 9.66820e-01 1.34409e-18 1.03552e-04 
8801.28 1.78912e-05 9.67001e-01 1.32595e-18 1.01640e-04 
8810.00 1.77534e-05 9.66753e-01 1.28687e-18 9.79561e-05 
8821.49 1.78479e-05 9.65435e-01 1.23705e-18 9.46590e-05 
8830.00 1.79873e-05 9.64051e-01 1.20130e-18 9.25983e-05 
8841.31 1.80405e-05 9.62140e-01 1.15535e-18 8.92570e-05 
8841.70 1.80381e-05 9.62077e-01 1.15377e-18 8.91204e-05 
8850.00 1.79018e-05 9.60897e-01 1.12116e-18 8.59228e-05 
8861.94 1.74980e-05 9.59645e-01 1.07578e-18 8.05884e-05 
8870.00 1.73575e-05 9.59117e-01 1.04612e-18 7.77658e-05 
8882.19 1.76414e-05 9.58841e-01 1.00277e-18 7.58447e-05 
8885.51 1.77582e-05 9.58880e-01 9.91247e-19 7.55005e-05 
8890.00 1.78919e-05 9.59011e-01 9.75889e-19 7.49385e-05 
8902.45 1.79858e-05 9.59755e-01 9.34457e-19 7.22908e-05 
8910.00 1.78975e-05 9.60391e-01 9.10170e-19 7.01718e-05 
8922.73 1.76632e-05 9.61577e-01 8.70555e-19 6.64159e-05 
8929.94 1.75661e-05 9.62220e-01 8.48873e-19 6.45005e-05 
8930.00 1.75655e-05 9.62225e-01 8.48694e-19 6.44858e-05 
8943.03 1.75474e-05 9.63210e-01 8.10802e-19 6.16959e-05 
8950.00 1.75558e-05 9.63683e-01 7.91204e-19 6.03100e-05 
8963.34 1.75181e-05 9.64608e-01 7.54948e-19 5.75637e-05 
8970.00 1.75369e-05 9.65130e-01 7.37458e-19 5.63626e-05 
8974.59 1.75836e-05 9.65530e-01 7.25628e-19 5.56577e-05 
8983.67 1.76398e-05 9.66435e-01 7.02757e-19 5.41813e-05 
8990.00 1.75278e-05 9.67137e-01 6.87225e-19 5.27226e-05 
9004.01 1.67947e-05 9.68800e-01 6.54004e-19 4.82333e-05 
9010.00 1.65934e-05 9.69520e-01 6.40288e-19 4.67212e-05 
9019.46 1.67292e-05 9.70620e-01 6.19171e-19 4.56500e-05 
9024.37 1.69262e-05 9.71157e-01 6.08479e-19 4.54396e-05 
9030.00 1.71544e-05 9.71733e-01 5.96443e-19 4.51962e-05 
9044.75 1.74194e-05 9.72993e-01 5.65981e-19 4.36782e-05 
9050.00 1.74138e-05 9.73335e-01 5.55498e-19 4.28954e-05 
9064.56 1.72207e-05 9.73920e-01 5.27409e-19 4.03637e-05 
9065.14 1.72085e-05 9.73931e-01 5.26322e-19 4.02550e-05 
9070.00 1.70947e-05 9.73986e-01 5.17269e-19 3.93244e-05 
9085.54 1.67075e-05 9.73848e-01 4.89323e-19 3.64143e-05 
9090.00 1.66462e-05 9.73761e-01 4.81586e-19 3.57214e-05 
9105.97 1.67336e-05 9.73497e-01 4.54818e-19 3.39633e-05 
9109.88 1.67956e-05 9.73480e-01 4.48476e-19 3.36277e-05 
9110.00 1.67975e-05 9.73480e-01 4.48286e-19 3.36178e-05 
9126.40 1.70167e-05 9.73738e-01 4.22647e-19 3.21749e-05 
9130.00 1.70296e-05 9.73860e-01 4.17219e-19 3.18024e-05 
9146.86 1.68872e-05 9.74689e-01 3.92661e-19 2.97603e-05 
9150.00 1.68486e-05 9.74885e-01 3.88242e-19 2.93740e-05 
9155.43 1.67914e-05 9.75250e-01 3.80715e-19 2.87345e-05 
9167.33 1.67269e-05 9.76045e-01 3.64721e-19 2.74797e-05 
9170.00 1.67266e-05 9.76177e-01 3.61219e-19 2.72269e-05 
9187.81 1.67536e-05 9.75866e-01 3.38694e-19 2.56120e-05 
9190.00 1.67390e-05 9.75621e-01 3.36024e-19 2.53875e-05 
9201.21 1.65445e-05 9.73360e-01 3.22659e-19 2.40680e-05 
9208.31 1.63435e-05 9.70969e-01 3.14456e-19 2.31320e-05 
9210.00 1.62899e-05 9.70320e-01 3.12540e-19 2.29046e-05 
9228.83 1.57939e-05 9.62851e-01 2.91891e-19 2.06224e-05 
9230.00 1.57854e-05 9.62464e-01 2.90654e-19 2.05182e-05 
9247.21 1.60010e-05 9.59870e-01 2.73015e-19 1.95200e-05 
9249.36 1.60438e-05 9.60103e-01 2.70888e-19 1.94290e-05 
9250.00 1.60559e-05 9.60198e-01 2.70261e-19 1.94019e-05 
9269.91 1.62723e-05 9.67137e-01 2.51344e-19 1.84589e-05 
9270.00 1.62726e-05 9.67176e-01 2.51264e-19 1.84542e-05 
9290.00 1.62727e-05 9.74230e-01 2.33571e-19 1.73172e-05 
9290.48 1.62732e-05 9.74307e-01 2.33164e-19 1.72898e-05 
9293.45 1.62790e-05 9.74630e-01 2.30643e-19 1.71202e-05 
9310.00 1.63112e-05 9.72121e-01 2.17095e-19 1.61335e-05 
9311.06 1.63091e-05 9.71789e-01 2.16255e-19 1.60654e-05 
9330.00 1.61990e-05 9.65319e-01 2.01755e-19 1.48180e-05 
9331.66 1.61902e-05 9.64862e-01 2.00534e-19 1.47159e-05 
9339.92 1.61560e-05 9.63340e-01 1.94545e-19 1.42364e-05 
9350.00 1.61110e-05 9.63631e-01 1.87475e-19 1.36998e-05 
9352.27 1.60968e-05 9.63981e-01 1.85920e-19 1.35823e-05 
9370.00 1.60203e-05 9.68883e-01 1.74185e-19 1.27532e-05 
9372.90 1.60313e-05 9.69866e-01 1.72339e-19 1.26433e-05 
9386.62 1.60328e-05 9.74170e-01 1.63848e-19 1.20925e-05 
9390.00 1.59702e-05 9.74993e-01 1.61819e-19 1.19105e-05 
9393.54 1.58618e-05 9.75728e-01 1.59720e-19 1.16894e-05 
9410.00 1.53420e-05 9.77732e-01 1.50313e-19 1.06810e-05 
9414.20 1.53647e-05 9.77954e-01 1.47999e-19 1.05392e-05 
9430.00 1.57239e-05 9.78193e-01 1.39609e-19 1.01937e-05 
9433.55 1.57323e-05 9.78180e-01 1.37788e-19 1.00698e-05 
9434.88 1.57245e-05 9.78174e-01 1.37114e-19 1.00169e-05 
9450.00 1.55223e-05 9.78105e-01 1.29654e-19 9.36446e-06 
9455.57 1.55332e-05 9.78087e-01 1.27007e-19 9.18493e-06 
9470.00 1.57149e-05 9.78092e-01 1.20396e-19 8.82221e-06 
9476.28 1.57495e-05 9.78128e-01 1.17625e-19 8.64416e-06 
9480.72 1.57476e-05 9.78170e-01 1.15705e-19 8.50635e-06 
9490.00 1.56994e-05 9.78304e-01 1.11788e-19 8.20241e-06 
9497.01 1.56472e-05 9.78438e-01 1.08918e-19 7.97223e-06 
9510.00 1.55777e-05 9.78730e-01 1.03785e-19 7.57540e-06 
9517.75 1.55685e-05 9.78912e-01 1.00839e-19 7.36337e-06 
9528.12 1.54579e-05 9.79140e-01 9.70218e-20 7.04363e-06 
9530.00 1.54101e-05 9.79177e-01 9.63464e-20 6.97460e-06 
9538.50 1.50920e-05 9.79330e-01 9.33443e-20 6.62470e-06 
9550.00 1.47717e-05 9.79491e-01 8.94325e-20 6.22088e-06 
9559.28 1.49172e-05 9.79586e-01 8.63930e-20 6.07517e-06 
9570.00 1.52570e-05 9.79658e-01 8.30074e-20 5.97718e-06 
9575.76 1.53596e-05 9.79680e-01 8.12419e-20 5.89305e-06 
9580.07 1.53900e-05 9.79690e-01 7.99471e-20 5.81327e-06 
9590.00 1.53648e-05 9.79692e-01 7.70373e-20 5.59836e-06 
9600.87 1.52771e-05 9.79672e-01 7.39709e-20 5.35078e-06 
9610.00 1.51932e-05 9.79644e-01 7.14908e-20 5.14770e-06 
9621.70 1.51017e-05 9.79606e-01 6.84314e-20 4.90352e-06 
9623.64 1.50893e-05 9.79600e-01 6.79353e-20 4.86492e-06 
9630.00 1.50553e-05 9.79583e-01 6.63383e-20 4.74291e-06 
9642.54 1.50107e-05 9.79540e-01 6.32975e-20 4.51778e-06 
9650.00 1.49793e-05 9.79498e-01 6.15525e-20 4.38723e-06 
9663.39 1.49041e-05 9.79361e-01 5.85405e-20 4.15680e-06 
9670.00 1.48940e-05 9.79254e-01 5.71078e-20 4.05463e-06 
9671.76 1.48978e-05 9.79220e-01 5.67321e-20 4.02959e-06 
9684.26 1.49683e-05 9.78918e-01 5.41335e-20 3.86700e-06 
9690.00 1.49912e-05 9.78755e-01 5.29802e-20 3.79204e-06 
9705.15 1.49476e-05 9.78305e-01 5.00514e-20 3.57591e-06 
9710.00 1.49274e-05 9.78168e-01 4.91477e-20 3.50786e-06 
9720.12 1.49080e-05 9.77920e-01 4.73144e-20 3.37530e-06 
9726.05 1.48950e-05 9.77808e-01 4.62710e-20 3.29961e-06 
9730.00 1.48780e-05 9.77751e-01 4.55894e-20 3.24843e-06 
9746.97 1.47307e-05 9.77718e-01 4.27705e-20 3.02257e-06 
9750.00 1.47046e-05 9.77756e-01 4.22861e-20 2.98408e-06 
9767.91 1.46856e-05 9.78328e-01 3.95299e-20 2.79272e-06 
9768.72 1.46934e-05 9.78370e-01 3.94094e-20 2.78603e-06 
9770.00 1.47076e-05 9.78439e-01 3.92198e-20 2.77588e-06 
9788.86 1.52800e-05 9.79934e-01 3.65302e-20 2.69543e-06 
