##### EXOPHOT SPECTRAL OVERLAP FILE #####
# Date: 02/12/2021 11:22:11
# SED file: SED_a5v.txt
# atmosphere file: atm_a5v_hzm_os1.txt
# photopigment file: phot1.txt
# Stellar radius (Rs in km): 1.183778e+06
# Exoplanet orbit semi-major axis (sma in km): 5.183426e+08
# Total absorption rate (gamma_t in s-1): 4.36647e+00
# B band absorption rate (gamma_B in s-1): 1.91159e+00
# Q band absorption rate (gamma_Q in s-1): 2.45488e+00
# B-Q bands cut-off (in nm): 500
# photosynthetic photon flux density [ppfd in micromol photon m-2 s-1]: 2.40048e+03
# Total Stellar Irradiance (S in W m-2): 1.37004e+03
# -------------------------------------------------
# Col 1: Wavelength (wl in Angstrom) 
# Col 2: Spectral Flux Density (F_l in J cm-2 s-1 A-1) 
# Col 3: Atmosphere transmitance (T, no units) 
# Col 4: Pigment absorption cross section (sigma_abs in cm-2) 
# Col 5: Spectral Absorption Rate (Gamma_lambda in A-1 s-1)
2501.18 1.82036e-05 4.04255e-21 1.71982e-17 1.59354e-24 
2503.24 1.50186e-05 0.00000e+00 1.77539e-17 0.00000e+00 
2505.00 1.31147e-05 -2.18724e-21 1.82354e-17 -6.59629e-25 
2513.00 1.06490e-05 -2.04504e-21 2.05038e-17 -5.64884e-25 
2515.76 1.08430e-05 0.00000e+00 2.13124e-17 0.00000e+00 
2516.83 1.08914e-05 8.31644e-22 2.16305e-17 2.48237e-25 
2518.00 1.08807e-05 1.69476e-21 2.19788e-17 5.13745e-25 
2525.00 9.68569e-06 3.32455e-21 2.41048e-17 9.86625e-25 
2528.34 9.31834e-06 0.00000e+00 2.51390e-17 0.00000e+00 
2532.49 9.15895e-06 -7.96199e-21 2.64424e-17 -2.45833e-24 
2535.00 9.07097e-06 -1.14458e-20 2.72356e-17 -3.60860e-24 
2540.98 8.70062e-06 0.00000e+00 2.91411e-17 0.00000e+00 
2545.00 8.74682e-06 2.80887e-20 3.04292e-17 9.57819e-24 
2548.16 9.15834e-06 4.35205e-20 3.14431e-17 1.60763e-23 
2553.68 1.00380e-05 0.00000e+00 3.32056e-17 0.00000e+00 
2555.00 1.01470e-05 -3.09524e-20 3.36241e-17 -1.35831e-23 
2563.85 9.89528e-06 -1.34769e-19 3.63995e-17 -6.26512e-23 
2565.00 9.93218e-06 -9.01405e-20 3.67550e-17 -4.24905e-23 
2566.45 1.00596e-05 0.00000e+00 3.72002e-17 0.00000e+00 
2575.00 1.14877e-05 6.16396e-19 3.97551e-17 3.64910e-22 
2579.28 1.17365e-05 0.00000e+00 4.09838e-17 0.00000e+00 
2579.54 1.17376e-05 -7.58095e-20 4.10561e-17 -4.74402e-23 
2585.00 1.15740e-05 -2.01572e-18 4.25580e-17 -1.29204e-21 
2592.18 1.12587e-05 0.00000e+00 4.44140e-17 0.00000e+00 
2595.00 1.11219e-05 3.76788e-18 4.51015e-17 2.46904e-21 
2595.24 1.11093e-05 4.12492e-18 4.51599e-17 2.70369e-21 
2605.00 1.03505e-05 5.54569e-19 4.73291e-17 3.56267e-22 
2605.14 1.03339e-05 0.00000e+00 4.73581e-17 0.00000e+00 
2610.96 9.70005e-06 -2.86613e-17 4.84869e-17 -1.77181e-20 
2615.00 9.76204e-06 -2.94997e-17 4.91942e-17 -1.86495e-20 
2618.17 1.03367e-05 0.00000e+00 4.97029e-17 0.00000e+00 
2625.00 1.18524e-05 1.18906e-16 5.06603e-17 9.43473e-20 
2626.68 1.19947e-05 1.24041e-16 5.08660e-17 1.00072e-19 
2631.26 1.20340e-05 0.00000e+00 5.13635e-17 0.00000e+00 
2635.00 1.22615e-05 -2.67015e-16 5.17035e-17 -2.24546e-19 
2642.42 1.42392e-05 -3.15296e-16 5.21984e-17 -3.11735e-19 
2644.41 1.48095e-05 0.00000e+00 5.22907e-17 0.00000e+00 
2645.00 1.49564e-05 1.31646e-16 5.23145e-17 1.37153e-19 
2655.00 1.52479e-05 1.41342e-15 5.24969e-17 1.51217e-18 
2657.64 1.45591e-05 0.00000e+00 5.24757e-17 0.00000e+00 
2658.17 1.43978e-05 -4.42651e-16 5.24680e-17 -4.47463e-19 
2665.00 1.27237e-05 -6.48633e-15 5.22690e-17 -5.78733e-18 
2670.92 1.32186e-05 0.00000e+00 5.19530e-17 0.00000e+00 
2673.92 1.37642e-05 1.10239e-14 5.17451e-17 1.05688e-17 
2675.00 1.39263e-05 1.52611e-14 5.16628e-17 1.47858e-17 
2684.28 1.39054e-05 0.00000e+00 5.07998e-17 0.00000e+00 
2685.00 1.38186e-05 -8.59412e-15 5.07219e-17 -8.14195e-18 
2689.69 1.31375e-05 -7.46503e-14 5.01806e-17 -6.66354e-17 
2695.00 1.27012e-05 -7.55347e-14 4.95015e-17 -6.44306e-17 
2697.70 1.28464e-05 0.00000e+00 4.91322e-17 0.00000e+00 
2705.00 1.34281e-05 3.41651e-13 4.80658e-17 3.00279e-16 
2705.47 1.34170e-05 3.48951e-13 4.79943e-17 3.06038e-16 
2711.19 1.27288e-05 0.00000e+00 4.71003e-17 0.00000e+00 
2715.00 1.21493e-05 -7.45491e-13 4.64860e-17 -5.75453e-16 
2721.26 1.19497e-05 -1.20829e-12 4.54579e-17 -8.99145e-16 
2724.74 1.23714e-05 0.00000e+00 4.48811e-17 0.00000e+00 
2725.00 1.24188e-05 1.51399e-13 4.48388e-17 1.15651e-16 
2735.00 1.37012e-05 4.46615e-12 4.32040e-17 3.63995e-15 
2737.06 1.31386e-05 2.36696e-12 4.28763e-17 1.83724e-15 
2738.37 1.26249e-05 0.00000e+00 4.26703e-17 0.00000e+00 
2745.00 1.00317e-05 -1.71225e-11 4.16625e-17 -9.88901e-15 
2752.06 1.03693e-05 0.00000e+00 4.06739e-17 0.00000e+00 
2752.87 1.05183e-05 7.11810e-12 4.05674e-17 4.20916e-15 
2755.00 1.08739e-05 2.94998e-11 4.02945e-17 1.79264e-14 
2765.00 1.16100e-05 2.22203e-11 3.91776e-17 1.40682e-14 
2765.82 1.17156e-05 0.00000e+00 3.90994e-17 0.00000e+00 
2768.69 1.21995e-05 -1.07463e-10 3.88436e-17 -7.09770e-14 
2775.00 1.33236e-05 -2.62035e-10 3.83855e-17 -1.87213e-13 
2779.65 1.35029e-05 0.00000e+00 3.81469e-17 0.00000e+00 
2784.52 1.23098e-05 6.99220e-10 3.79949e-17 4.58422e-13 
2785.00 1.20892e-05 7.61920e-10 3.79857e-17 4.90539e-13 
2793.55 6.75031e-06 0.00000e+00 3.80015e-17 0.00000e+00 
2795.00 6.13155e-06 -7.04667e-10 3.80395e-17 -2.31256e-13 
2800.37 5.87919e-06 -3.43944e-09 3.82738e-17 -1.09105e-12 
2805.00 7.73666e-06 -2.82336e-09 3.85993e-17 -1.19057e-12 
2807.52 9.28798e-06 0.00000e+00 3.88252e-17 0.00000e+00 
2815.00 1.38034e-05 1.35628e-08 3.97085e-17 1.05346e-11 
2816.22 1.42422e-05 1.40796e-08 3.98832e-17 1.13383e-11 
2821.55 1.49875e-05 0.00000e+00 4.07503e-17 0.00000e+00 
2825.00 1.48558e-05 -2.56593e-08 4.14011e-17 -2.24438e-11 
2832.08 1.42730e-05 -4.79847e-08 4.29658e-17 -4.19538e-11 
2835.00 1.40562e-05 -1.34308e-08 4.36993e-17 -1.17738e-11 
2835.66 1.40157e-05 0.00000e+00 4.38729e-17 0.00000e+00 
2845.00 1.33128e-05 1.97414e-07 4.66146e-17 1.75459e-10 
2847.96 1.28333e-05 1.21551e-07 4.75961e-17 1.06445e-10 
2849.84 1.25255e-05 0.00000e+00 4.82473e-17 0.00000e+00 
2855.00 1.22075e-05 -5.41742e-07 5.01467e-17 -4.76640e-10 
2863.85 1.39319e-05 -7.26284e-08 5.37754e-17 -7.84465e-11 
2864.09 1.39695e-05 0.00000e+00 5.38812e-17 0.00000e+00 
2865.00 1.40849e-05 3.12289e-07 5.42827e-17 3.44365e-10 
2875.00 1.36899e-05 6.90266e-06 5.89989e-17 8.06902e-09 
2878.41 1.37352e-05 1.00000e-05 6.07329e-17 1.20875e-08 
2879.74 1.37981e-05 1.12684e-05 6.14286e-17 1.38462e-08 
2885.00 1.39067e-05 1.69621e-05 6.42587e-17 2.20144e-08 
2892.80 1.31709e-05 3.00000e-05 6.87093e-17 3.95362e-08 
2895.00 1.30927e-05 3.53024e-05 7.00148e-17 4.71625e-08 
2895.65 1.31056e-05 3.70895e-05 7.04057e-17 4.98866e-08 
2907.27 1.49531e-05 1.00000e-04 7.76671e-17 1.69971e-07 
2910.00 1.53634e-05 1.27742e-04 7.94509e-17 2.28421e-07 
2911.57 1.55129e-05 1.47181e-04 8.04864e-17 2.69352e-07 
2921.80 1.52742e-05 3.70000e-04 8.74157e-17 7.26647e-07 
2927.50 1.47336e-05 5.94290e-04 9.13898e-17 1.17930e-06 
2930.00 1.45243e-05 7.19424e-04 9.31542e-17 1.43573e-06 
2936.41 1.42285e-05 1.12000e-03 9.77235e-17 2.30206e-06 
2943.44 1.42238e-05 1.73627e-03 1.02787e-16 3.76143e-06 
2950.00 1.43975e-05 2.64423e-03 1.07536e-16 6.07974e-06 
2951.09 1.44347e-05 2.84000e-03 1.08327e-16 6.59732e-06 
2959.39 1.47359e-05 4.83512e-03 1.14320e-16 1.21349e-05 
2965.85 1.49417e-05 7.06000e-03 1.18941e-16 1.87330e-05 
2970.00 1.50323e-05 8.83134e-03 1.21880e-16 2.41915e-05 
2975.35 1.50848e-05 1.15465e-02 1.25621e-16 3.27728e-05 
2980.68 1.50928e-05 1.47700e-02 1.29274e-16 4.32414e-05 
2990.00 1.51160e-05 2.18187e-02 1.35473e-16 6.72531e-05 
2991.33 1.51296e-05 2.29803e-02 1.36332e-16 7.13785e-05 
2995.58 1.51921e-05 2.69900e-02 1.39041e-16 8.59742e-05 
3007.31 1.53866e-05 4.04908e-02 1.46129e-16 1.37828e-04 
3010.00 1.54070e-05 4.41279e-02 1.47667e-16 1.52126e-04 
3010.56 1.54091e-05 4.49100e-02 1.47982e-16 1.55202e-04 
3023.31 1.53088e-05 6.46227e-02 1.54742e-16 2.32991e-04 
3025.61 1.52775e-05 6.83900e-02 1.55872e-16 2.48055e-04 
3030.00 1.52244e-05 7.56218e-02 1.57941e-16 2.77363e-04 
3039.31 1.51719e-05 9.22505e-02 1.61965e-16 3.46841e-04 
3040.74 1.51698e-05 9.50800e-02 1.62537e-16 3.58860e-04 
3050.00 1.51769e-05 1.15375e-01 1.65948e-16 4.46158e-04 
3055.33 1.51888e-05 1.27758e-01 1.67675e-16 5.00449e-04 
3055.94 1.51907e-05 1.29180e-01 1.67863e-16 5.06754e-04 
3070.00 1.53131e-05 1.60455e-01 1.71540e-16 6.51393e-04 
3071.22 1.53341e-05 1.63040e-01 1.71804e-16 6.64078e-04 
3071.36 1.53365e-05 1.63323e-01 1.71832e-16 6.65473e-04 
3086.58 1.55812e-05 1.96700e-01 1.74379e-16 8.30423e-04 
3087.40 1.55835e-05 1.98759e-01 1.74479e-16 8.39945e-04 
3090.00 1.55765e-05 2.05553e-01 1.74773e-16 8.70462e-04 
3102.01 1.53003e-05 2.36650e-01 1.75676e-16 9.93310e-04 
3103.45 1.52548e-05 2.39796e-01 1.75736e-16 1.00433e-03 
3110.00 1.50644e-05 2.52375e-01 1.75890e-16 1.04694e-03 
3117.52 1.49397e-05 2.65670e-01 1.75840e-16 1.09531e-03 
3119.51 1.49263e-05 2.69419e-01 1.75789e-16 1.11014e-03 
3130.00 1.49879e-05 2.91051e-01 1.75284e-16 1.20481e-03 
3133.11 1.50479e-05 2.97670e-01 1.75065e-16 1.23683e-03 
3135.58 1.51059e-05 3.02877e-01 1.74872e-16 1.26291e-03 
3148.77 1.54612e-05 3.29680e-01 1.73582e-16 1.40250e-03 
3150.00 1.54895e-05 3.32073e-01 1.73444e-16 1.41470e-03 
3151.66 1.55245e-05 3.35286e-01 1.73252e-16 1.43078e-03 
3164.52 1.55683e-05 3.57910e-01 1.71638e-16 1.52355e-03 
3167.76 1.54868e-05 3.62709e-01 1.71205e-16 1.53359e-03 
3170.00 1.54013e-05 3.65832e-01 1.70901e-16 1.53662e-03 
3180.34 1.48010e-05 3.79000e-01 1.69483e-16 1.52214e-03 
3183.86 1.46088e-05 3.83398e-01 1.69001e-16 1.51716e-03 
3190.00 1.44275e-05 3.91624e-01 1.68173e-16 1.52592e-03 
3196.24 1.45247e-05 4.01450e-01 1.67356e-16 1.57016e-03 
3199.98 1.46613e-05 4.08229e-01 1.66886e-16 1.60903e-03 
3210.00 1.49197e-05 4.24482e-01 1.65707e-16 1.69586e-03 
3212.22 1.48957e-05 4.26600e-01 1.65465e-16 1.70027e-03 
3216.10 1.47800e-05 4.28417e-01 1.65063e-16 1.69217e-03 
3228.29 1.42805e-05 4.31990e-01 1.63978e-16 1.64398e-03 
3230.00 1.42498e-05 4.33902e-01 1.63848e-16 1.64729e-03 
3232.24 1.42411e-05 4.37136e-01 1.63689e-16 1.65807e-03 
3244.43 1.46013e-05 4.59140e-01 1.63011e-16 1.78490e-03 
3248.39 1.47670e-05 4.64027e-01 1.62862e-16 1.82493e-03 
3250.00 1.48276e-05 4.65515e-01 1.62812e-16 1.83864e-03 
3260.65 1.50762e-05 4.71340e-01 1.62627e-16 1.89691e-03 
3264.55 1.51170e-05 4.73066e-01 1.62623e-16 1.91125e-03 
3270.00 1.51481e-05 4.76153e-01 1.62674e-16 1.93149e-03 
3276.95 1.51689e-05 4.82240e-01 1.62830e-16 1.96492e-03 
3280.72 1.51818e-05 4.86856e-01 1.62955e-16 1.98924e-03 
3290.00 1.52555e-05 4.98351e-01 1.63379e-16 2.05720e-03 
3293.34 1.53051e-05 5.00990e-01 1.63568e-16 2.07934e-03 
3296.90 1.53659e-05 5.02275e-01 1.63790e-16 2.09805e-03 
3309.80 1.54955e-05 5.03850e-01 1.64741e-16 2.14305e-03 
3310.00 1.54948e-05 5.03958e-01 1.64757e-16 2.14375e-03 
3313.10 1.54691e-05 5.06273e-01 1.65015e-16 2.15542e-03 
3326.35 1.51906e-05 5.19800e-01 1.66207e-16 2.19761e-03 
3329.30 1.51270e-05 5.21338e-01 1.66485e-16 2.20051e-03 
3330.00 1.51135e-05 5.21584e-01 1.66551e-16 2.20093e-03 
3342.98 1.49640e-05 5.24330e-01 1.67792e-16 2.21555e-03 
3345.52 1.49458e-05 5.25758e-01 1.68031e-16 2.22374e-03 
3350.00 1.49112e-05 5.29210e-01 1.68448e-16 2.24169e-03 
3359.70 1.48129e-05 5.36610e-01 1.69306e-16 2.27612e-03 
3361.75 1.47923e-05 5.37487e-01 1.69476e-16 2.28034e-03 
3370.00 1.47323e-05 5.38979e-01 1.70114e-16 2.29159e-03 
3376.50 1.47269e-05 5.40380e-01 1.70551e-16 2.30703e-03 
3377.98 1.47304e-05 5.41022e-01 1.70641e-16 2.31256e-03 
3390.00 1.47943e-05 5.49040e-01 1.71224e-16 2.37348e-03 
3393.38 1.48165e-05 5.51130e-01 1.71336e-16 2.39002e-03 
3394.23 1.48221e-05 5.51576e-01 1.71360e-16 2.39380e-03 
3410.00 1.49290e-05 5.56743e-01 1.71490e-16 2.44682e-03 
3410.35 1.49314e-05 5.56870e-01 1.71486e-16 2.44797e-03 
3410.50 1.49325e-05 5.56925e-01 1.71484e-16 2.44846e-03 
3426.77 1.50228e-05 5.64586e-01 1.70893e-16 2.50043e-03 
3427.40 1.50240e-05 5.64840e-01 1.70854e-16 2.50164e-03 
3430.00 1.50258e-05 5.65773e-01 1.70682e-16 2.50544e-03 
3443.05 1.49658e-05 5.69552e-01 1.69496e-16 2.50414e-03 
3444.54 1.49537e-05 5.70090e-01 1.69326e-16 2.50305e-03 
3450.00 1.49040e-05 5.72515e-01 1.68639e-16 2.49914e-03 
3459.34 1.48107e-05 5.77322e-01 1.67235e-16 2.49021e-03 
3461.76 1.47861e-05 5.78480e-01 1.66825e-16 2.48670e-03 
3470.00 1.47050e-05 5.81781e-01 1.65278e-16 2.46998e-03 
3475.65 1.46569e-05 5.83747e-01 1.64087e-16 2.45641e-03 
3479.07 1.46370e-05 5.84950e-01 1.63316e-16 2.44898e-03 
3490.00 1.46670e-05 5.89147e-01 1.60592e-16 2.43802e-03 
3491.97 1.46934e-05 5.89909e-01 1.60062e-16 2.43887e-03 
3496.46 1.47723e-05 5.91590e-01 1.58804e-16 2.44277e-03 
3508.30 1.49621e-05 5.95538e-01 1.55198e-16 2.44235e-03 
3510.00 1.49706e-05 5.96091e-01 1.54644e-16 2.43847e-03 
3513.95 1.49623e-05 5.97400e-01 1.53332e-16 2.42445e-03 
3524.64 1.48736e-05 6.01225e-01 1.49560e-16 2.37306e-03 
3530.00 1.48861e-05 6.03192e-01 1.47556e-16 2.35446e-03 
3531.51 1.49060e-05 6.03740e-01 1.46977e-16 2.35150e-03 
3540.99 1.51208e-05 6.07046e-01 1.43236e-16 2.34368e-03 
3549.17 1.52210e-05 6.09770e-01 1.39845e-16 2.31904e-03 
3550.00 1.52162e-05 6.10040e-01 1.39495e-16 2.31407e-03 
3557.35 1.50391e-05 6.12400e-01 1.36328e-16 2.24849e-03 
3566.92 1.46622e-05 6.15330e-01 1.32064e-16 2.13948e-03 
3570.00 1.45651e-05 6.16229e-01 1.30661e-16 2.10761e-03 
3573.72 1.44892e-05 6.17281e-01 1.28949e-16 2.07486e-03 
3584.75 1.44478e-05 6.20150e-01 1.23775e-16 2.00131e-03 
3590.00 1.44607e-05 6.21385e-01 1.21270e-16 1.96934e-03 
3590.11 1.44608e-05 6.21410e-01 1.21219e-16 1.96867e-03 
3602.68 1.44560e-05 6.24680e-01 1.15129e-16 1.88556e-03 
3606.50 1.44704e-05 6.25938e-01 1.13258e-16 1.86248e-03 
3610.00 1.45019e-05 6.27208e-01 1.11542e-16 1.84377e-03 
3620.69 1.46629e-05 6.31560e-01 1.06279e-16 1.79388e-03 
3622.91 1.46806e-05 6.32512e-01 1.05184e-16 1.78133e-03 
3630.00 1.46163e-05 6.35553e-01 1.01690e-16 1.72623e-03 
3638.79 1.44020e-05 6.39100e-01 9.73701e-17 1.64171e-03 
3639.33 1.44064e-05 6.39301e-01 9.71081e-17 1.63855e-03 
3640.00 1.44176e-05 6.39550e-01 9.67793e-17 1.63522e-03 
3650.00 1.50038e-05 6.42959e-01 9.19089e-17 1.62913e-03 
3655.76 1.51942e-05 6.44776e-01 8.91306e-17 1.60699e-03 
3656.99 1.52046e-05 6.45160e-01 8.85407e-17 1.59894e-03 
3670.00 1.48859e-05 6.49237e-01 8.23699e-17 1.47074e-03 
3672.20 1.47873e-05 6.49921e-01 8.13418e-17 1.44515e-03 
3675.27 1.46461e-05 6.50870e-01 7.99143e-17 1.40946e-03 
3688.65 1.42432e-05 6.54918e-01 7.38187e-17 1.27865e-03 
3690.00 1.42441e-05 6.55320e-01 7.32169e-17 1.26955e-03 
3693.65 1.42975e-05 6.56410e-01 7.15981e-17 1.24944e-03 
3705.12 1.46485e-05 6.59829e-01 6.66248e-17 1.20112e-03 
3710.00 1.47080e-05 6.61276e-01 6.45635e-17 1.17279e-03 
3712.12 1.46902e-05 6.61900e-01 6.36805e-17 1.15710e-03 
3721.59 1.45493e-05 6.64672e-01 5.98104e-17 1.08362e-03 
3730.00 1.49743e-05 6.67105e-01 5.64936e-17 1.05968e-03 
3730.68 1.50550e-05 6.67300e-01 5.62312e-17 1.06094e-03 
3738.08 1.63341e-05 6.69423e-01 5.34122e-17 1.09903e-03 
3749.33 1.84869e-05 6.72600e-01 4.93007e-17 1.15704e-03 
3750.00 1.85778e-05 6.72786e-01 4.90628e-17 1.15765e-03 
3754.58 1.90251e-05 6.74051e-01 4.74549e-17 1.15023e-03 
3768.08 1.97055e-05 6.77570e-01 4.29213e-17 1.08707e-03 
3770.00 1.98743e-05 6.78035e-01 4.23008e-17 1.08183e-03 
3771.09 1.99913e-05 6.78293e-01 4.19519e-17 1.07994e-03 
3786.92 2.33619e-05 6.81820e-01 3.71091e-17 1.12685e-03 
3787.61 2.35748e-05 6.81970e-01 3.69067e-17 1.13137e-03 
3790.00 2.43461e-05 6.82486e-01 3.62152e-17 1.14809e-03 
3804.14 2.84559e-05 6.85863e-01 3.23143e-17 1.20777e-03 
3805.85 2.86222e-05 6.86340e-01 3.18653e-17 1.19932e-03 
3810.00 2.84524e-05 6.87582e-01 3.07949e-17 1.15550e-03 
3820.69 2.48130e-05 6.91097e-01 2.81625e-17 9.28871e-04 
3824.88 2.33115e-05 6.92490e-01 2.71787e-17 8.44800e-04 
3830.00 2.24712e-05 6.94127e-01 2.60144e-17 7.82350e-04 
3837.24 2.41030e-05 6.96324e-01 2.44336e-17 7.92158e-04 
3844.01 2.77364e-05 6.98270e-01 2.30280e-17 8.63053e-04 
3850.00 3.16237e-05 6.99928e-01 2.18368e-17 9.36784e-04 
3853.81 3.39898e-05 7.00956e-01 2.11053e-17 9.75541e-04 
3863.23 3.74316e-05 7.03430e-01 1.93841e-17 9.92611e-04 
3870.00 3.58291e-05 7.05172e-01 1.82181e-17 8.96746e-04 
3870.39 3.55905e-05 7.05272e-01 1.81525e-17 8.87779e-04 
3882.54 2.41998e-05 7.08340e-01 1.62122e-17 5.43171e-04 
3886.98 2.11651e-05 7.09448e-01 1.55478e-17 4.56822e-04 
3890.00 2.05252e-05 7.10198e-01 1.51095e-17 4.31310e-04 
3901.96 2.91500e-05 7.13140e-01 1.34739e-17 5.50188e-04 
3903.58 3.08128e-05 7.13538e-01 1.32630e-17 5.73030e-04 
3910.00 3.57938e-05 7.15096e-01 1.24601e-17 6.27760e-04 
3920.20 3.52827e-05 7.17556e-01 1.12694e-17 5.63055e-04 
3921.46 3.48281e-05 7.17860e-01 1.11287e-17 5.49269e-04 
3930.00 3.26902e-05 7.19912e-01 1.02191e-17 4.75798e-04 
3936.82 3.42350e-05 7.21558e-01 9.53897e-18 4.66996e-04 
3941.07 3.57266e-05 7.22590e-01 9.13588e-18 4.67920e-04 
3950.00 3.56292e-05 7.24758e-01 8.33711e-18 4.28090e-04 
3953.46 3.32215e-05 7.25578e-01 8.04440e-18 3.85921e-04 
3960.78 2.55731e-05 7.27220e-01 7.45537e-18 2.76454e-04 
3970.00 1.90904e-05 7.29090e-01 6.76766e-18 1.88256e-04 
3970.11 1.90798e-05 7.29112e-01 6.75982e-18 1.87944e-04 
3980.58 2.53538e-05 7.31240e-01 6.04884e-18 2.24722e-04 
3986.77 3.20571e-05 7.32638e-01 5.66097e-18 2.66839e-04 
3990.00 3.51146e-05 7.33406e-01 5.46757e-18 2.82828e-04 
4000.48 4.00412e-05 7.35960e-01 4.88032e-18 2.89631e-04 
4003.44 4.04374e-05 7.36673e-01 4.72537e-18 2.83695e-04 
4010.00 4.06538e-05 7.38226e-01 4.39767e-18 2.66428e-04 
4020.13 4.07917e-05 7.40567e-01 3.93246e-18 2.40416e-04 
4020.49 4.07970e-05 7.40650e-01 3.91673e-18 2.39534e-04 
4030.00 4.08719e-05 7.42808e-01 3.52294e-18 2.16988e-04 
4036.82 4.07885e-05 7.44335e-01 3.26363e-18 2.01358e-04 
4040.59 4.06901e-05 7.45170e-01 3.12813e-18 1.92929e-04 
4050.00 4.03063e-05 7.47230e-01 2.81251e-18 1.72703e-04 
4053.53 4.01121e-05 7.47994e-01 2.70218e-18 1.65441e-04 
4060.79 3.94770e-05 7.49550e-01 2.48782e-18 1.50486e-04 
4070.00 3.77701e-05 7.51495e-01 2.23956e-18 1.30243e-04 
4070.25 3.77049e-05 7.51547e-01 2.23327e-18 1.29670e-04 
4081.10 3.37382e-05 7.53810e-01 1.97238e-18 1.03056e-04 
4086.98 3.07910e-05 7.55028e-01 1.84386e-18 8.81940e-05 
4090.00 2.90878e-05 7.55652e-01 1.78108e-18 8.06048e-05 
4101.50 2.29336e-05 7.58010e-01 1.56154e-18 5.60486e-05 
4103.72 2.22525e-05 7.58462e-01 1.52256e-18 5.30869e-05 
4110.00 2.21786e-05 7.59737e-01 1.41756e-18 4.94204e-05 
4120.47 2.85801e-05 7.61858e-01 1.25954e-18 5.68878e-05 
4122.01 2.98477e-05 7.62170e-01 1.23803e-18 5.84419e-05 
4130.00 3.57280e-05 7.63787e-01 1.13275e-18 6.42667e-05 
4137.24 3.82716e-05 7.65218e-01 1.04639e-18 6.38244e-05 
4142.62 3.87447e-05 7.66240e-01 9.87359e-19 6.11294e-05 
4150.00 3.85777e-05 7.67572e-01 9.13195e-19 5.64924e-05 
4154.01 3.85138e-05 7.68278e-01 8.75990e-19 5.42032e-05 
4163.33 3.86021e-05 7.69940e-01 7.97626e-19 4.96857e-05 
4170.00 3.86538e-05 7.71193e-01 7.48033e-19 4.68096e-05 
4170.80 3.86493e-05 7.71347e-01 7.42405e-19 4.64703e-05 
4184.15 3.83388e-05 7.73960e-01 6.59243e-19 4.12034e-05 
4187.60 3.82635e-05 7.74637e-01 6.40746e-19 4.00366e-05 
4190.00 3.82330e-05 7.75104e-01 6.28612e-19 3.92933e-05 
4204.42 3.82809e-05 7.77876e-01 5.67068e-19 3.57402e-05 
4205.07 3.82765e-05 7.78000e-01 5.64725e-19 3.55996e-05 
4210.00 3.81711e-05 7.78932e-01 5.48240e-19 3.45470e-05 
4221.24 3.74887e-05 7.81024e-01 5.18274e-19 3.22468e-05 
4226.10 3.71966e-05 7.81910e-01 5.08473e-19 3.14623e-05 
4230.00 3.70543e-05 7.82614e-01 5.01917e-19 3.09943e-05 
4238.08 3.70837e-05 7.84049e-01 4.92017e-19 3.05209e-05 
4247.23 3.71598e-05 7.85640e-01 4.86578e-19 3.03723e-05 
4250.00 3.70839e-05 7.86116e-01 4.86113e-19 3.03195e-05 
4254.92 3.67730e-05 7.86958e-01 4.86620e-19 3.01638e-05 
4268.46 3.56500e-05 7.89280e-01 4.96640e-19 3.00280e-05 
4270.00 3.55832e-05 7.89548e-01 4.98569e-19 3.01092e-05 
4271.78 3.55374e-05 7.89860e-01 5.01006e-19 3.02421e-05 
4288.66 3.56214e-05 7.92839e-01 5.34624e-19 3.25978e-05 
4289.80 3.55800e-05 7.93040e-01 5.37606e-19 3.27586e-05 
4290.00 3.55714e-05 7.93074e-01 5.38124e-19 3.27852e-05 
4305.54 3.33499e-05 7.95745e-01 5.87400e-19 3.37873e-05 
4310.00 3.21386e-05 7.96492e-01 6.04571e-19 3.35781e-05 
4311.25 3.17516e-05 7.96700e-01 6.09639e-19 3.34703e-05 
4322.43 2.76070e-05 7.98533e-01 6.59680e-19 3.16445e-05 
4330.00 2.44341e-05 7.99763e-01 6.98527e-19 2.97544e-05 
4332.81 2.32650e-05 8.00220e-01 7.13996e-19 2.89935e-05 
4339.34 2.10066e-05 8.01288e-01 7.52185e-19 2.76577e-05 
4350.00 2.08186e-05 8.03027e-01 8.21317e-19 3.00680e-05 
4354.47 2.27315e-05 8.03750e-01 8.52912e-19 3.41595e-05 
4356.26 2.37615e-05 8.04037e-01 8.65967e-19 3.62817e-05 
4370.00 3.22211e-05 8.06189e-01 9.74873e-19 5.57095e-05 
4373.19 3.33009e-05 8.06673e-01 1.00238e-18 5.92796e-05 
4376.25 3.38886e-05 8.07130e-01 1.02950e-18 6.20370e-05 
4390.00 3.36675e-05 8.09107e-01 1.16165e-18 6.99323e-05 
4390.13 3.36595e-05 8.09126e-01 1.16301e-18 7.00019e-05 
4398.13 3.34136e-05 8.10220e-01 1.24768e-18 7.47859e-05 
4407.09 3.34048e-05 8.11372e-01 1.34971e-18 8.11601e-05 
4410.00 3.33921e-05 8.11705e-01 1.38452e-18 8.33108e-05 
4420.12 3.31921e-05 8.12570e-01 1.51203e-18 9.07426e-05 
4424.06 3.31086e-05 8.12753e-01 1.56447e-18 9.37582e-05 
4430.00 3.30592e-05 8.12944e-01 1.64671e-18 9.86958e-05 
4441.03 3.32991e-05 8.13543e-01 1.80946e-18 1.09590e-04 
4442.22 3.33363e-05 8.13660e-01 1.82773e-18 1.10865e-04 
4450.00 3.35377e-05 8.14767e-01 1.95174e-18 1.19473e-04 
4458.02 3.35614e-05 8.16332e-01 2.08698e-18 1.28319e-04 
4464.43 3.34497e-05 8.17710e-01 2.20047e-18 1.35268e-04 
4470.00 3.32805e-05 8.18897e-01 2.30327e-18 1.41252e-04 
4475.03 3.30919e-05 8.19939e-01 2.39939e-18 1.46664e-04 
4486.75 3.27912e-05 8.22240e-01 2.63626e-18 1.60546e-04 
4490.00 3.28093e-05 8.22840e-01 2.70511e-18 1.65070e-04 
4492.04 3.28541e-05 8.23209e-01 2.74911e-18 1.68135e-04 
4509.07 3.34191e-05 8.26052e-01 3.13857e-18 1.96672e-04 
4509.19 3.34191e-05 8.26070e-01 3.14139e-18 1.96859e-04 
4510.00 3.34163e-05 8.26197e-01 3.16107e-18 1.98142e-04 
4526.11 3.25445e-05 8.28562e-01 3.57016e-18 2.19351e-04 
4530.00 3.22554e-05 8.29103e-01 3.67489e-18 2.24118e-04 
4531.73 3.21370e-05 8.29340e-01 3.72221e-18 2.26322e-04 
4543.16 3.16334e-05 8.30862e-01 4.04622e-18 2.43223e-04 
4550.00 3.16574e-05 8.31731e-01 4.25018e-18 2.56330e-04 
4554.39 3.18273e-05 8.32270e-01 4.38502e-18 2.66311e-04 
4560.22 3.21325e-05 8.32961e-01 4.56898e-18 2.80736e-04 
4570.00 3.23838e-05 8.34069e-01 4.89031e-18 3.03883e-04 
4577.16 3.20632e-05 8.34850e-01 5.13588e-18 3.16774e-04 
4577.29 3.20544e-05 8.34864e-01 5.14052e-18 3.16988e-04 
4590.00 3.13243e-05 8.36220e-01 5.59831e-18 3.38841e-04 
4594.38 3.13284e-05 8.36691e-01 5.76274e-18 3.49368e-04 
4600.05 3.14999e-05 8.37310e-01 5.98046e-18 3.65271e-04 
4610.00 3.17383e-05 8.38443e-01 6.37683e-18 3.93809e-04 
4611.48 3.17198e-05 8.38617e-01 6.43731e-18 3.97522e-04 
4623.05 3.11671e-05 8.40030e-01 6.92378e-18 4.21877e-04 
4628.59 3.08823e-05 8.40742e-01 7.16563e-18 4.33510e-04 
4630.00 3.08322e-05 8.40925e-01 7.22801e-18 4.36802e-04 
4645.71 3.08885e-05 8.42992e-01 7.94881e-18 4.84059e-04 
4646.16 3.08972e-05 8.43050e-01 7.97008e-18 4.85572e-04 
4650.00 3.09628e-05 8.43544e-01 8.15344e-18 4.98500e-04 
4662.85 3.09446e-05 8.45033e-01 8.78763e-18 5.39393e-04 
4669.39 3.07794e-05 8.45620e-01 9.12262e-18 5.58134e-04 
4670.00 3.07586e-05 8.45666e-01 9.15407e-18 5.59782e-04 
4680.00 3.02846e-05 8.46264e-01 9.68250e-18 5.84633e-04 
4690.00 2.95919e-05 8.46712e-01 1.02301e-17 6.05182e-04 
4692.74 2.93713e-05 8.46840e-01 1.03835e-17 6.10122e-04 
4697.16 2.90205e-05 8.47069e-01 1.06334e-17 6.18095e-04 
4710.00 2.84944e-05 8.47894e-01 1.13812e-17 6.51977e-04 
4714.33 2.86293e-05 8.48221e-01 1.16400e-17 6.70834e-04 
4716.20 2.87314e-05 8.48370e-01 1.17533e-17 6.80172e-04 
4730.00 2.96284e-05 8.49421e-01 1.26059e-17 7.55421e-04 
4731.51 2.96819e-05 8.49506e-01 1.27014e-17 7.62837e-04 
4739.79 2.97246e-05 8.49740e-01 1.32313e-17 7.97421e-04 
4748.71 2.94912e-05 8.49508e-01 1.38162e-17 8.27464e-04 
4750.00 2.94499e-05 8.49455e-01 1.39022e-17 8.31616e-04 
4763.48 2.90661e-05 8.49240e-01 1.48151e-17 8.76938e-04 
4765.92 2.90080e-05 8.49353e-01 1.49829e-17 8.85669e-04 
4770.00 2.89194e-05 8.49675e-01 1.52670e-17 9.00820e-04 
4783.14 2.86657e-05 8.51568e-01 1.61990e-17 9.52152e-04 
4787.30 2.85628e-05 8.52350e-01 1.65003e-17 9.68108e-04 
4790.00 2.84822e-05 8.52882e-01 1.66968e-17 9.78034e-04 
4800.37 2.80744e-05 8.55020e-01 1.74620e-17 1.01293e-03 
4810.00 2.76718e-05 8.56988e-01 1.81867e-17 1.04432e-03 
4811.24 2.76259e-05 8.57230e-01 1.82808e-17 1.04855e-03 
4817.61 2.73601e-05 8.58412e-01 1.87686e-17 1.06906e-03 
4830.00 2.60113e-05 8.60355e-01 1.97315e-17 1.07367e-03 
4834.87 2.49165e-05 8.60971e-01 2.01152e-17 1.05029e-03 
4835.29 2.48054e-05 8.61020e-01 2.01488e-17 1.04750e-03 
4850.00 1.99383e-05 8.62425e-01 2.13248e-17 8.95282e-04 
4852.14 1.91437e-05 8.62610e-01 2.14979e-17 8.67146e-04 
4859.47 1.67426e-05 8.63280e-01 2.20944e-17 7.81213e-04 
4869.42 1.58987e-05 8.64359e-01 2.29121e-17 7.71827e-04 
4870.00 1.59879e-05 8.64426e-01 2.29599e-17 7.77932e-04 
4883.77 2.15768e-05 8.65960e-01 2.41059e-17 1.10736e-03 
4886.71 2.29611e-05 8.66248e-01 2.43530e-17 1.19160e-03 
4890.00 2.42569e-05 8.66550e-01 2.46292e-17 1.27442e-03 
4904.02 2.60992e-05 8.67741e-01 2.58155e-17 1.44336e-03 
4908.19 2.60092e-05 8.68110e-01 2.61700e-17 1.45999e-03 
4910.00 2.59546e-05 8.68279e-01 2.63246e-17 1.46636e-03 
4921.34 2.57794e-05 8.69427e-01 2.72941e-17 1.51559e-03 
4930.00 2.58180e-05 8.70357e-01 2.80373e-17 1.56361e-03 
4932.73 2.58542e-05 8.70650e-01 2.82718e-17 1.58030e-03 
4938.67 2.59600e-05 8.71274e-01 2.87830e-17 1.61856e-03 
4950.00 2.61968e-05 8.72353e-01 2.97585e-17 1.69465e-03 
4956.01 2.62988e-05 8.72832e-01 3.02762e-17 1.73390e-03 
4957.39 2.63162e-05 8.72930e-01 3.03949e-17 1.74253e-03 
4970.00 2.62998e-05 8.73653e-01 3.14787e-17 1.80962e-03 
4973.37 2.62242e-05 8.73820e-01 3.17677e-17 1.82257e-03 
4982.18 2.58948e-05 8.74280e-01 3.25217e-17 1.84663e-03 
4990.00 2.54944e-05 8.74721e-01 3.31885e-17 1.85920e-03 
4990.74 2.54537e-05 8.74755e-01 3.32512e-17 1.86008e-03 
5007.09 2.47457e-05 8.74390e-01 3.46340e-17 1.88893e-03 
5008.12 2.47326e-05 8.74257e-01 3.47203e-17 1.89274e-03 
5010.00 2.47245e-05 8.73972e-01 3.48783e-17 1.90082e-03 
5025.51 2.51121e-05 8.70183e-01 3.61688e-17 1.99955e-03 
5030.00 2.51698e-05 8.68838e-01 3.65384e-17 2.02330e-03 
5032.12 2.51575e-05 8.68200e-01 3.67127e-17 2.03132e-03 
5042.91 2.48547e-05 8.65238e-01 3.75902e-17 2.05222e-03 
5050.00 2.46880e-05 8.63871e-01 3.81594e-17 2.06896e-03 
5057.29 2.47342e-05 8.63280e-01 3.87384e-17 2.10587e-03 
5060.33 2.47944e-05 8.63342e-01 3.89785e-17 2.12551e-03 
5070.00 2.49469e-05 8.64642e-01 3.97320e-17 2.18738e-03 
5077.76 2.48672e-05 8.66625e-01 4.03274e-17 2.22154e-03 
5082.57 2.47581e-05 8.68140e-01 4.06918e-17 2.23779e-03 
5090.00 2.46011e-05 8.70729e-01 4.12473e-17 2.26399e-03 
5095.20 2.45502e-05 8.72612e-01 4.16311e-17 2.28760e-03 
5107.98 2.45044e-05 8.76910e-01 4.25539e-17 2.35132e-03 
5110.00 2.44849e-05 8.77488e-01 4.26967e-17 2.35982e-03 
5112.66 2.44470e-05 8.78200e-01 4.28840e-17 2.36965e-03 
5130.00 2.40121e-05 8.81670e-01 4.40722e-17 2.40959e-03 
5130.13 2.40088e-05 8.81690e-01 4.40807e-17 2.40982e-03 
5133.52 2.39214e-05 8.82190e-01 4.43064e-17 2.41632e-03 
5147.61 2.35803e-05 8.83880e-01 4.52161e-17 2.44210e-03 
5150.00 2.35179e-05 8.84115e-01 4.53664e-17 2.44552e-03 
5159.19 2.32571e-05 8.84900e-01 4.59321e-17 2.45511e-03 
5165.10 2.30918e-05 8.85324e-01 4.62854e-17 2.46041e-03 
5170.00 2.29702e-05 8.85641e-01 4.65725e-17 2.46584e-03 
5182.60 2.27728e-05 8.86368e-01 4.72845e-17 2.49012e-03 
5184.99 2.27576e-05 8.86500e-01 4.74148e-17 2.49684e-03 
5190.00 2.27519e-05 8.86777e-01 4.76843e-17 2.51361e-03 
5200.12 2.28154e-05 8.87300e-01 4.82092e-17 2.55485e-03 
5210.00 2.27983e-05 8.87693e-01 4.86964e-17 2.58478e-03 
5210.91 2.27849e-05 8.87720e-01 4.87402e-17 2.58612e-03 
5217.65 2.26381e-05 8.87870e-01 4.90563e-17 2.58989e-03 
5230.00 2.24878e-05 8.87940e-01 4.96044e-17 2.60780e-03 
5235.19 2.26016e-05 8.87908e-01 4.98226e-17 2.63505e-03 
5236.97 2.26553e-05 8.87890e-01 4.98955e-17 2.64603e-03 
5250.00 2.27866e-05 8.87694e-01 5.04043e-17 2.69459e-03 
5252.75 2.26635e-05 8.87646e-01 5.05056e-17 2.68668e-03 
5263.15 2.19023e-05 8.87490e-01 5.08701e-17 2.61991e-03 
5270.00 2.15605e-05 8.87429e-01 5.10933e-17 2.59352e-03 
5270.32 2.15547e-05 8.87427e-01 5.11033e-17 2.59349e-03 
5287.90 2.21517e-05 8.87406e-01 5.16141e-17 2.70087e-03 
5289.47 2.22077e-05 8.87410e-01 5.16555e-17 2.71068e-03 
5290.00 2.22235e-05 8.87411e-01 5.16693e-17 2.71362e-03 
5305.49 2.20634e-05 8.87551e-01 5.20368e-17 2.72160e-03 
5310.00 2.18717e-05 8.87658e-01 5.21309e-17 2.70546e-03 
5315.92 2.15938e-05 8.87870e-01 5.22454e-17 2.68058e-03 
5323.09 2.13065e-05 8.88252e-01 5.23708e-17 2.65598e-03 
5330.00 2.11905e-05 8.88720e-01 5.24776e-17 2.65174e-03 
5340.71 2.14086e-05 8.89548e-01 5.26161e-17 2.69401e-03 
5342.50 2.14630e-05 8.89690e-01 5.26360e-17 2.70321e-03 
5350.00 2.16276e-05 8.90281e-01 5.27097e-17 2.73340e-03 
5358.34 2.15698e-05 8.90947e-01 5.27728e-17 2.73566e-03 
5369.21 2.13255e-05 8.91870e-01 5.28257e-17 2.71569e-03 
5370.00 2.13108e-05 8.91941e-01 5.28282e-17 2.71455e-03 
5375.99 2.12338e-05 8.92463e-01 5.28419e-17 2.71005e-03 
5390.00 2.10974e-05 8.92869e-01 5.28349e-17 2.70054e-03 
5393.64 2.10238e-05 8.92604e-01 5.28243e-17 2.69159e-03 
5396.05 2.09656e-05 8.92310e-01 5.28153e-17 2.68400e-03 
5410.00 2.06511e-05 8.89240e-01 5.27323e-17 2.63729e-03 
5411.31 2.06363e-05 8.88922e-01 5.27218e-17 2.63458e-03 
5423.03 2.06344e-05 8.86940e-01 5.26079e-17 2.62847e-03 
5428.99 2.06732e-05 8.86952e-01 5.25362e-17 2.63275e-03 
5430.00 2.06791e-05 8.87018e-01 5.25232e-17 2.63354e-03 
5446.69 2.06814e-05 8.89229e-01 5.22699e-17 2.63574e-03 
5450.00 2.06573e-05 8.89596e-01 5.22113e-17 2.63239e-03 
5450.15 2.06560e-05 8.89610e-01 5.22086e-17 2.63220e-03 
5464.39 2.04826e-05 8.90022e-01 5.19256e-17 2.60395e-03 
5470.00 2.04159e-05 8.90062e-01 5.18008e-17 2.59201e-03 
5477.40 2.03545e-05 8.90430e-01 5.16248e-17 2.57998e-03 
5482.11 2.03272e-05 8.90982e-01 5.15061e-17 2.57440e-03 
5490.00 2.02889e-05 8.92334e-01 5.12961e-17 2.56665e-03 
5499.84 2.02297e-05 8.94264e-01 5.10146e-17 2.55519e-03 
5504.79 2.01861e-05 8.95120e-01 5.08653e-17 2.54694e-03 
5510.00 2.01245e-05 8.95829e-01 5.07022e-17 2.53542e-03 
5517.59 2.00072e-05 8.96552e-01 5.04545e-17 2.51382e-03 
5530.00 1.98481e-05 8.97263e-01 5.00243e-17 2.48009e-03 
5532.31 1.98364e-05 8.97370e-01 4.99408e-17 2.47582e-03 
5535.35 1.98297e-05 8.97511e-01 4.98295e-17 2.47122e-03 
5550.00 1.98073e-05 8.98139e-01 4.92680e-17 2.44879e-03 
5553.12 1.97772e-05 8.98246e-01 4.91434e-17 2.44053e-03 
5559.97 1.96743e-05 8.98420e-01 4.88633e-17 2.41745e-03 
5570.00 1.94944e-05 8.98504e-01 4.84390e-17 2.37904e-03 
5570.90 1.94796e-05 8.98502e-01 4.84000e-17 2.37571e-03 
5587.77 1.92835e-05 8.98280e-01 4.76461e-17 2.32160e-03 
5588.70 1.92765e-05 8.98260e-01 4.76034e-17 2.31901e-03 
5590.00 1.92671e-05 8.98231e-01 4.75432e-17 2.31541e-03 
5606.51 1.91900e-05 8.97748e-01 4.67578e-17 2.27353e-03 
5610.00 1.91811e-05 8.97615e-01 4.65866e-17 2.26522e-03 
5615.71 1.91689e-05 8.97370e-01 4.63031e-17 2.25168e-03 
5624.33 1.91446e-05 8.96954e-01 4.58672e-17 2.23004e-03 
5630.00 1.91158e-05 8.96696e-01 4.55752e-17 2.21410e-03 
5642.16 1.90009e-05 8.96375e-01 4.49359e-17 2.17383e-03 
5643.79 1.89806e-05 8.96370e-01 4.48491e-17 2.16793e-03 
5650.00 1.88939e-05 8.96412e-01 4.45151e-17 2.14441e-03 
5660.01 1.87391e-05 8.96120e-01 4.39680e-17 2.10374e-03 
5670.00 1.86227e-05 8.94350e-01 4.34122e-17 2.06381e-03 
5672.01 1.86099e-05 8.93710e-01 4.32993e-17 2.05627e-03 
5677.87 1.85893e-05 8.91257e-01 4.29677e-17 2.03478e-03 
5690.00 1.85515e-05 8.85066e-01 4.22724e-17 1.98814e-03 
5695.75 1.85002e-05 8.82570e-01 4.19390e-17 1.96344e-03 
5700.37 1.84497e-05 8.81190e-01 4.16689e-17 1.94401e-03 
5710.00 1.83705e-05 8.80543e-01 4.11015e-17 1.91113e-03 
5713.63 1.83643e-05 8.80838e-01 4.08860e-17 1.90230e-03 
5728.87 1.83673e-05 8.82490e-01 3.99732e-17 1.86860e-03 
5730.00 1.83604e-05 8.82513e-01 3.99051e-17 1.86513e-03 
5731.53 1.83479e-05 8.82506e-01 3.98126e-17 1.86003e-03 
5749.44 1.80892e-05 8.80732e-01 3.87226e-17 1.78556e-03 
5750.00 1.80825e-05 8.80673e-01 3.86886e-17 1.78340e-03 
5757.52 1.80216e-05 8.80190e-01 3.82273e-17 1.75752e-03 
5767.37 1.79763e-05 8.80878e-01 3.76197e-17 1.72955e-03 
5770.00 1.79610e-05 8.81306e-01 3.74571e-17 1.72222e-03 
5785.31 1.78148e-05 8.85415e-01 3.65075e-17 1.67710e-03 
5786.30 1.78044e-05 8.85760e-01 3.64457e-17 1.67423e-03 
5790.00 1.77679e-05 8.87100e-01 3.62156e-17 1.66382e-03 
5803.26 1.76712e-05 8.92170e-01 3.53894e-17 1.62998e-03 
5810.00 1.76341e-05 8.94498e-01 3.49689e-17 1.61330e-03 
5815.23 1.76061e-05 8.95990e-01 3.46423e-17 1.59979e-03 
5821.22 1.75703e-05 8.97268e-01 3.42686e-17 1.58320e-03 
5830.00 1.75007e-05 8.98670e-01 3.37213e-17 1.55651e-03 
5839.20 1.74011e-05 9.00226e-01 3.31483e-17 1.52639e-03 
5844.31 1.73464e-05 9.01420e-01 3.28305e-17 1.51032e-03 
5850.00 1.72980e-05 9.03044e-01 3.24771e-17 1.49403e-03 
5857.19 1.72610e-05 9.04291e-01 3.20312e-17 1.47421e-03 
5870.00 1.71512e-05 8.98397e-01 3.12399e-17 1.42244e-03 
5873.53 1.70865e-05 8.93730e-01 3.10225e-17 1.40074e-03 
5875.19 1.70514e-05 8.90950e-01 3.09202e-17 1.38932e-03 
5890.00 1.67772e-05 8.56801e-01 3.00136e-17 1.27925e-03 
5893.21 1.67631e-05 8.49166e-01 2.98179e-17 1.25921e-03 
5902.90 1.68065e-05 8.31730e-01 2.92298e-17 1.21416e-03 
5910.00 1.68427e-05 8.27389e-01 2.88012e-17 1.19411e-03 
5911.24 1.68434e-05 8.27297e-01 2.87265e-17 1.19118e-03 
5929.28 1.67011e-05 8.36336e-01 2.76482e-17 1.15271e-03 
5930.00 1.66936e-05 8.36745e-01 2.76058e-17 1.15112e-03 
5932.41 1.66692e-05 8.37940e-01 2.74627e-17 1.14558e-03 
5947.34 1.65493e-05 8.39783e-01 2.65852e-17 1.10620e-03 
5950.00 1.65321e-05 8.39759e-01 2.64300e-17 1.09906e-03 
5962.08 1.64593e-05 8.42160e-01 2.57306e-17 1.07048e-03 
5965.41 1.64377e-05 8.44178e-01 2.55392e-17 1.06425e-03 
5970.00 1.64045e-05 8.47972e-01 2.52764e-17 1.05671e-03 
5983.49 1.62780e-05 8.63230e-01 2.45118e-17 1.03748e-03 
5990.00 1.62053e-05 8.71140e-01 2.41469e-17 1.02791e-03 
5991.89 1.61832e-05 8.73320e-01 2.40417e-17 1.02492e-03 
6001.59 1.60725e-05 8.83209e-01 2.35045e-17 1.00806e-03 
6010.00 1.59970e-05 8.90135e-01 2.30436e-17 9.92753e-04 
6019.69 1.59494e-05 8.96473e-01 2.25187e-17 9.75715e-04 
6021.85 1.59420e-05 8.97670e-01 2.24031e-17 9.71897e-04 
6030.00 1.59116e-05 9.01596e-01 2.19680e-17 9.56656e-04 
6037.82 1.58679e-05 9.04552e-01 2.15555e-17 9.40403e-04 
6050.00 1.57942e-05 9.07876e-01 2.09214e-17 9.13678e-04 
6051.96 1.57848e-05 9.08290e-01 2.08207e-17 9.09446e-04 
6055.95 1.57678e-05 9.09050e-01 2.06158e-17 9.00878e-04 
6070.00 1.57025e-05 9.11027e-01 1.99051e-17 8.70115e-04 
6074.10 1.56728e-05 9.11466e-01 1.97006e-17 8.60542e-04 
6082.21 1.56010e-05 9.12260e-01 1.92996e-17 8.41016e-04 
6090.00 1.55286e-05 9.13005e-01 1.89198e-17 8.22363e-04 
6092.26 1.55089e-05 9.13221e-01 1.88105e-17 8.17071e-04 
6110.00 1.53561e-05 9.14869e-01 1.79664e-17 7.76363e-04 
6110.43 1.53517e-05 9.14907e-01 1.79461e-17 7.75354e-04 
6112.63 1.53290e-05 9.15100e-01 1.78436e-17 7.70225e-04 
6128.62 1.51274e-05 9.16407e-01 1.71078e-17 7.31701e-04 
6130.00 1.51075e-05 9.16511e-01 1.70454e-17 7.28316e-04 
6143.19 1.49177e-05 9.17430e-01 1.64558e-17 6.96484e-04 
6146.82 1.48744e-05 9.17658e-01 1.62959e-17 6.88294e-04 
6150.00 1.48432e-05 9.17850e-01 1.61570e-17 6.81486e-04 
6165.04 1.47897e-05 9.18671e-01 1.55107e-17 6.54049e-04 
6170.00 1.48002e-05 9.18920e-01 1.53015e-17 6.46380e-04 
6173.91 1.48155e-05 9.19110e-01 1.51383e-17 6.40683e-04 
6183.26 1.48555e-05 9.19537e-01 1.47522e-17 6.27268e-04 
6190.00 1.48638e-05 9.19782e-01 1.44788e-17 6.16822e-04 
6201.50 1.48065e-05 9.19969e-01 1.40204e-17 5.96221e-04 
6204.77 1.47810e-05 9.19950e-01 1.38921e-17 5.90048e-04 
6210.00 1.47402e-05 9.19848e-01 1.36889e-17 5.80231e-04 
6219.76 1.46683e-05 9.19571e-01 1.33153e-17 5.62356e-04 
6230.00 1.45454e-05 9.19476e-01 1.29315e-17 5.42408e-04 
6235.80 1.44340e-05 9.19660e-01 1.27179e-17 5.29961e-04 
6238.03 1.43881e-05 9.19792e-01 1.26366e-17 5.25162e-04 
6250.00 1.42171e-05 9.20377e-01 1.22062e-17 5.02528e-04 
6256.31 1.42343e-05 9.19933e-01 1.19841e-17 4.94239e-04 
6266.98 1.43451e-05 9.16520e-01 1.16154e-17 4.81794e-04 
6270.00 1.43669e-05 9.14736e-01 1.15126e-17 4.77556e-04 
6274.60 1.43747e-05 9.11454e-01 1.13575e-17 4.70030e-04 
6290.00 1.42449e-05 8.99740e-01 1.08502e-17 4.40339e-04 
6292.91 1.42079e-05 8.98128e-01 1.07564e-17 4.34819e-04 
6298.31 1.41394e-05 8.96280e-01 1.05839e-17 4.25272e-04 
6310.00 1.40250e-05 8.98066e-01 1.02182e-17 4.08826e-04 
6311.23 1.40179e-05 8.98609e-01 1.01803e-17 4.07431e-04 
6329.56 1.39494e-05 9.09543e-01 9.62888e-18 3.89271e-04 
6329.80 1.39477e-05 9.09680e-01 9.62184e-18 3.89013e-04 
6330.00 1.39463e-05 9.09792e-01 9.61608e-18 3.88799e-04 
6347.91 1.37428e-05 9.17402e-01 9.10149e-18 3.66693e-04 
6350.00 1.37212e-05 9.18039e-01 9.04301e-18 3.64135e-04 
6361.45 1.36498e-05 9.21100e-01 8.72762e-18 3.51405e-04 
6366.27 1.36386e-05 9.22298e-01 8.59760e-18 3.46598e-04 
6370.00 1.36351e-05 9.23198e-01 8.49820e-18 3.43039e-04 
6384.65 1.36216e-05 9.26282e-01 8.11661e-18 3.29159e-04 
6390.00 1.35913e-05 9.27131e-01 7.98081e-18 3.23499e-04 
6393.26 1.35606e-05 9.27550e-01 7.89901e-18 3.19767e-04 
6403.04 1.34428e-05 9.28418e-01 7.65791e-18 3.08073e-04 
6410.00 1.33775e-05 9.28940e-01 7.48997e-18 3.00348e-04 
6421.44 1.33509e-05 9.30320e-01 7.22085e-18 2.89926e-04 
6425.23 1.33424e-05 9.31070e-01 7.13354e-18 2.86637e-04 
6430.00 1.33139e-05 9.32246e-01 7.02480e-18 2.82230e-04 
6439.85 1.31803e-05 9.34185e-01 6.80478e-18 2.71627e-04 
6450.00 1.30520e-05 9.32712e-01 6.58437e-18 2.60268e-04 
6457.35 1.30347e-05 9.27500e-01 6.42850e-18 2.52640e-04 
6458.28 1.30357e-05 9.26516e-01 6.40902e-18 2.51663e-04 
6470.00 1.30320e-05 9.09380e-01 6.16778e-18 2.38074e-04 
6476.72 1.29675e-05 8.98067e-01 6.03290e-18 2.29071e-04 
6489.64 1.27884e-05 8.81520e-01 5.78098e-18 2.12909e-04 
6490.00 1.27843e-05 8.81255e-01 5.77408e-18 2.12534e-04 
6495.18 1.27362e-05 8.78883e-01 5.67574e-18 2.07734e-04 
6510.00 1.26307e-05 8.83043e-01 5.40237e-18 1.97469e-04 
6513.65 1.25898e-05 8.85518e-01 5.33684e-18 1.95096e-04 
6522.09 1.24306e-05 8.91650e-01 5.18797e-18 1.88797e-04 
6530.00 1.21567e-05 8.96580e-01 5.05170e-18 1.81001e-04 
6532.13 1.20556e-05 8.97727e-01 5.01552e-18 1.78496e-04 
6550.00 1.04371e-05 9.04826e-01 4.72118e-18 1.47015e-04 
6550.63 1.03465e-05 9.05007e-01 4.71111e-18 1.45470e-04 
6554.70 9.72028e-06 9.06080e-01 4.64636e-18 1.35031e-04 
6569.14 8.31158e-06 9.09232e-01 4.42291e-18 1.10535e-04 
6570.00 8.33614e-06 9.09431e-01 4.40990e-18 1.10574e-04 
6587.47 1.10294e-05 9.15590e-01 4.15301e-18 1.39078e-04 
6587.66 1.10607e-05 9.15691e-01 4.15028e-18 1.39400e-04 
6590.00 1.14052e-05 9.16995e-01 4.11696e-18 1.42842e-04 
6606.20 1.20692e-05 9.28221e-01 3.89254e-18 1.45023e-04 
6610.00 1.20365e-05 9.30961e-01 3.84151e-18 1.43238e-04 
6620.41 1.20625e-05 9.37490e-01 3.70479e-18 1.39629e-04 
6624.75 1.21014e-05 9.39511e-01 3.64906e-18 1.38360e-04 
6630.00 1.21419e-05 9.41392e-01 3.58269e-18 1.36680e-04 
6643.32 1.21409e-05 9.44180e-01 3.41919e-18 1.31080e-04 
6650.00 1.21081e-05 9.44972e-01 3.33968e-18 1.27922e-04 
6653.51 1.20897e-05 9.45340e-01 3.29859e-18 1.26271e-04 
6661.89 1.20488e-05 9.46254e-01 3.20232e-18 1.22444e-04 
6670.00 1.20179e-05 9.47174e-01 3.11167e-18 1.18933e-04 
6680.49 1.19931e-05 9.48351e-01 2.99785e-18 1.14668e-04 
6686.78 1.19781e-05 9.49020e-01 2.93139e-18 1.12170e-04 
6690.00 1.19681e-05 9.49344e-01 2.89788e-18 1.10886e-04 
6699.09 1.19285e-05 9.50181e-01 2.80519e-18 1.07224e-04 
6710.00 1.18755e-05 9.51014e-01 2.69756e-18 1.02910e-04 
6717.71 1.18449e-05 9.51475e-01 2.62377e-18 9.99999e-05 
6720.21 1.18351e-05 9.51600e-01 2.60023e-18 9.90702e-05 
6730.00 1.17855e-05 9.51995e-01 2.50999e-18 9.54096e-05 
6736.34 1.17386e-05 9.52228e-01 2.45303e-18 9.29839e-05 
6750.00 1.16463e-05 9.52921e-01 2.33445e-18 8.80357e-05 
6753.81 1.16352e-05 9.53210e-01 2.30229e-18 8.68154e-05 
6754.99 1.16332e-05 9.53311e-01 2.29244e-18 8.64529e-05 
6770.00 1.16192e-05 9.54666e-01 2.17029e-18 8.20462e-05 
6773.65 1.16073e-05 9.54875e-01 2.14149e-18 8.09356e-05 
6787.58 1.15313e-05 9.54410e-01 2.03485e-18 7.65219e-05 
6790.00 1.15176e-05 9.54050e-01 2.01685e-18 7.57533e-05 
6792.33 1.15053e-05 9.53640e-01 1.99967e-18 7.50210e-05 
6810.00 1.14225e-05 9.51386e-01 1.87352e-18 6.97990e-05 
6811.02 1.14173e-05 9.51449e-01 1.86651e-18 6.95207e-05 
6821.52 1.13578e-05 9.54630e-01 1.79532e-18 6.68461e-05 
6829.72 1.13109e-05 9.60428e-01 1.74154e-18 6.50463e-05 
6830.00 1.13094e-05 9.60640e-01 1.73971e-18 6.49863e-05 
6848.43 1.12259e-05 9.62820e-01 1.62432e-18 6.05276e-05 
6850.00 1.12200e-05 9.61034e-01 1.61485e-18 6.00454e-05 
6855.63 1.11998e-05 9.50580e-01 1.58126e-18 5.80997e-05 
6867.16 1.11592e-05 9.10427e-01 1.51443e-18 5.31902e-05 
6870.00 1.11485e-05 8.98590e-01 1.49841e-18 5.19146e-05 
6885.91 1.10799e-05 8.42269e-01 1.41147e-18 4.56607e-05 
6889.91 1.10616e-05 8.35690e-01 1.39037e-18 4.45788e-05 
6890.00 1.10612e-05 8.35593e-01 1.38987e-18 4.45567e-05 
6904.66 1.09934e-05 8.46184e-01 1.31503e-18 4.25206e-05 
6910.00 1.09679e-05 8.56831e-01 1.28876e-18 4.21301e-05 
6923.44 1.09024e-05 8.76485e-01 1.22476e-18 4.07908e-05 
6924.36 1.08980e-05 8.76740e-01 1.22049e-18 4.06496e-05 
6930.00 1.08725e-05 8.74138e-01 1.19460e-18 3.96082e-05 
6942.22 1.08226e-05 8.53828e-01 1.14029e-18 3.68248e-05 
6950.00 1.07892e-05 8.40187e-01 1.10696e-18 3.51078e-05 
6958.98 1.07453e-05 8.34400e-01 1.06963e-18 3.35963e-05 
6961.02 1.07353e-05 8.35566e-01 1.06130e-18 3.33601e-05 
6970.00 1.06966e-05 8.50395e-01 1.02542e-18 3.27285e-05 
6979.83 1.06666e-05 8.75615e-01 9.87452e-19 3.24060e-05 
6990.00 1.06218e-05 8.97573e-01 9.49604e-19 3.18575e-05 
6993.77 1.05950e-05 9.01690e-01 9.35913e-19 3.14796e-05 
6998.66 1.05545e-05 9.02390e-01 9.18449e-19 3.08196e-05 
7010.00 1.04681e-05 8.89654e-01 8.79130e-19 2.88925e-05 
7017.50 1.04401e-05 8.76649e-01 8.54000e-19 2.76117e-05 
7028.74 1.04230e-05 8.62540e-01 8.17632e-19 2.60095e-05 
7030.00 1.04210e-05 8.61961e-01 8.13652e-19 2.58651e-05 
7036.36 1.04064e-05 8.62593e-01 7.93830e-19 2.52408e-05 
7050.00 1.03564e-05 8.77673e-01 7.52840e-19 2.42861e-05 
7055.23 1.03335e-05 8.85694e-01 7.37678e-19 2.39790e-05 
7063.88 1.02984e-05 8.98100e-01 7.13202e-19 2.34570e-05 
7070.00 1.02810e-05 9.04564e-01 6.96385e-19 2.30498e-05 
7074.11 1.02741e-05 9.07828e-01 6.85296e-19 2.27624e-05 
7090.00 1.02012e-05 9.15417e-01 6.43994e-19 2.14645e-05 
7093.01 1.01645e-05 9.16450e-01 6.36450e-19 2.11697e-05 
7099.20 1.00723e-05 9.18720e-01 6.21172e-19 2.05427e-05 
7110.00 9.94334e-06 9.23628e-01 5.95392e-19 1.95716e-05 
7111.92 9.93497e-06 9.24517e-01 5.90920e-19 1.94321e-05 
7130.00 9.98616e-06 9.29498e-01 5.50323e-19 1.83349e-05 
7130.84 9.98739e-06 9.29473e-01 5.48495e-19 1.82779e-05 
7134.70 9.98606e-06 9.28930e-01 5.40217e-19 1.79988e-05 
7149.78 9.92220e-06 9.15383e-01 5.08980e-19 1.66390e-05 
7150.00 9.92117e-06 9.14984e-01 5.08544e-19 1.66163e-05 
7168.74 9.84962e-06 8.44683e-01 4.72187e-19 1.41773e-05 
7170.00 9.84450e-06 8.36803e-01 4.69828e-19 1.39701e-05 
7170.37 9.84294e-06 8.34380e-01 4.69132e-19 1.39075e-05 
7187.70 9.76294e-06 6.97743e-01 4.37940e-19 1.07945e-05 
7190.00 9.75370e-06 6.79839e-01 4.33962e-19 1.04155e-05 
7206.23 9.70589e-06 5.99640e-01 4.06822e-19 8.58937e-06 
7206.69 9.70467e-06 5.99158e-01 4.06076e-19 8.56620e-06 
7210.00 9.69549e-06 5.99195e-01 4.00748e-19 8.45022e-06 
7225.68 9.63811e-06 6.56318e-01 3.76437e-19 8.66165e-06 
7230.00 9.61752e-06 6.79343e-01 3.69998e-19 8.79859e-06 
7242.26 9.55397e-06 7.31890e-01 3.52296e-19 8.98120e-06 
7244.69 9.54310e-06 7.37062e-01 3.48878e-19 8.94974e-06 
7250.00 9.52489e-06 7.41315e-01 3.41539e-19 8.80165e-06 
7263.72 9.50617e-06 7.21013e-01 3.23260e-19 8.10184e-06 
7270.00 9.49005e-06 7.04191e-01 3.15207e-19 7.70927e-06 
7278.47 9.44382e-06 6.82480e-01 3.04662e-19 7.19481e-06 
7282.76 9.41550e-06 6.74219e-01 2.99455e-19 6.96939e-06 
7290.00 9.37296e-06 6.65949e-01 2.90851e-19 6.66253e-06 
7301.81 9.33709e-06 6.69564e-01 2.77341e-19 6.37340e-06 
7310.00 9.31918e-06 6.86027e-01 2.68328e-19 6.31285e-06 
7314.86 9.30401e-06 7.01730e-01 2.63116e-19 6.32582e-06 
7320.87 9.28158e-06 7.27176e-01 2.56803e-19 6.38775e-06 
7330.00 9.24825e-06 7.73516e-01 2.47506e-19 6.53343e-06 
7339.96 9.22247e-06 8.24869e-01 2.37736e-19 6.68257e-06 
7350.00 9.20053e-06 8.65451e-01 2.28261e-19 6.72508e-06 
7351.43 9.19704e-06 8.69600e-01 2.26938e-19 6.71690e-06 
7359.05 9.17559e-06 8.83682e-01 2.20038e-19 6.60958e-06 
7370.00 9.13476e-06 8.87390e-01 2.10478e-19 6.33007e-06 
7378.16 9.09603e-06 8.84693e-01 2.03617e-19 6.08597e-06 
7388.19 9.04295e-06 8.84210e-01 1.95482e-19 5.81345e-06 
7390.00 9.03321e-06 8.85182e-01 1.94050e-19 5.77240e-06 
7397.28 8.99444e-06 8.92705e-01 1.88384e-19 5.63276e-06 
7410.00 8.92869e-06 9.14624e-01 1.78878e-19 5.44915e-06 
7416.42 8.89695e-06 9.26975e-01 1.74256e-19 5.36557e-06 
7425.13 8.86056e-06 9.41740e-01 1.68175e-19 5.24544e-06 
7430.00 8.84618e-06 9.47937e-01 1.64868e-19 5.17112e-06 
7435.58 8.83585e-06 9.53228e-01 1.61158e-19 5.08083e-06 
7450.00 8.80477e-06 9.60669e-01 1.51935e-19 4.81979e-06 
7454.74 8.78200e-06 9.61998e-01 1.49017e-19 4.72453e-06 
7462.26 8.73734e-06 9.63900e-01 1.44505e-19 4.57179e-06 
7470.00 8.69602e-06 9.66212e-01 1.39997e-19 4.42340e-06 
7473.92 8.68208e-06 9.67427e-01 1.37766e-19 4.35367e-06 
7490.00 8.65774e-06 9.70710e-01 1.28981e-19 4.08720e-06 
7493.12 8.65400e-06 9.70722e-01 1.27342e-19 4.03523e-06 
7499.57 8.64412e-06 9.69750e-01 1.24016e-19 3.92480e-06 
7510.00 8.62175e-06 9.65644e-01 1.18818e-19 3.73987e-06 
7512.33 8.61566e-06 9.64653e-01 1.17686e-19 3.69900e-06 
7530.00 8.56839e-06 9.64260e-01 1.09442e-19 3.42766e-06 
7531.55 8.56513e-06 9.65307e-01 1.08745e-19 3.40893e-06 
7537.07 8.55488e-06 9.71150e-01 1.06306e-19 3.35109e-06 
7550.00 8.52688e-06 9.94028e-01 1.00796e-19 3.24714e-06 
7550.79 8.52445e-06 9.95350e-01 1.00467e-19 3.24028e-06 
7570.00 8.45068e-06 9.90631e-01 9.28222e-20 2.96125e-06 
7570.05 8.45051e-06 9.90488e-01 9.28047e-20 2.96022e-06 
7574.75 8.43516e-06 9.71020e-01 9.10206e-20 2.84284e-06 
7589.31 8.39488e-06 8.55644e-01 8.57135e-20 2.35225e-06 
7590.00 8.39289e-06 8.48815e-01 8.54710e-20 2.32653e-06 
7608.60 8.33200e-06 6.59399e-01 7.91524e-20 1.66567e-06 
7610.00 8.32743e-06 6.46816e-01 7.86944e-20 1.62384e-06 
7612.63 8.31911e-06 6.24780e-01 7.78446e-20 1.55057e-06 
7627.89 8.27318e-06 5.41616e-01 7.30830e-20 1.25750e-06 
7630.00 8.26667e-06 5.36214e-01 7.24485e-20 1.23352e-06 
7647.20 8.20399e-06 5.47465e-01 6.74695e-20 1.16658e-06 
7650.00 8.19125e-06 5.58632e-01 6.66927e-20 1.17527e-06 
7650.69 8.18796e-06 5.61790e-01 6.65024e-20 1.17818e-06 
7666.53 8.11080e-06 6.68200e-01 6.22787e-20 1.30266e-06 
7670.00 8.09784e-06 6.96869e-01 6.13892e-20 1.33761e-06 
7685.87 8.06413e-06 8.25578e-01 5.74796e-20 1.48063e-06 
7688.94 8.05789e-06 8.46810e-01 5.67513e-20 1.49890e-06 
7690.00 8.05544e-06 8.53616e-01 5.65031e-20 1.50409e-06 
7705.22 8.00754e-06 9.25681e-01 5.30435e-20 1.52511e-06 
7710.00 7.99285e-06 9.39816e-01 5.20021e-20 1.51615e-06 
7724.59 7.96423e-06 9.65492e-01 4.89437e-20 1.46349e-06 
7727.39 7.96101e-06 9.68230e-01 4.83787e-20 1.45063e-06 
7730.00 7.95848e-06 9.70365e-01 4.78565e-20 1.43816e-06 
7743.98 7.92855e-06 9.76285e-01 4.51553e-20 1.36259e-06 
7750.00 7.88473e-06 9.76757e-01 4.40385e-20 1.32322e-06 
7763.38 7.72184e-06 9.75814e-01 4.16553e-20 1.22668e-06 
7766.03 7.69734e-06 9.75570e-01 4.11986e-20 1.20950e-06 
7770.00 7.67720e-06 9.75299e-01 4.05228e-20 1.18682e-06 
7782.79 7.74329e-06 9.75120e-01 3.84222e-20 1.13664e-06 
7790.00 7.79132e-06 9.75356e-01 3.72857e-20 1.11116e-06 
7802.22 7.77082e-06 9.76024e-01 3.54361e-20 1.05564e-06 
7804.86 7.75589e-06 9.76180e-01 3.50488e-20 1.04261e-06 
7810.00 7.72539e-06 9.76464e-01 3.43055e-20 1.01745e-06 
7821.66 7.67167e-06 9.76785e-01 3.26786e-20 9.64217e-07 
7830.00 7.64012e-06 9.76495e-01 3.15620e-20 9.28154e-07 
7841.12 7.59636e-06 9.75041e-01 3.01327e-20 8.80982e-07 
7843.88 7.58590e-06 9.74440e-01 2.97874e-20 8.69459e-07 
7850.00 7.56491e-06 9.72704e-01 2.90367e-20 8.44354e-07 
7860.59 7.53665e-06 9.68161e-01 2.77823e-20 8.02179e-07 
7870.00 7.51192e-06 9.62163e-01 2.67124e-20 7.64910e-07 
7880.07 7.47821e-06 9.53315e-01 2.56127e-20 7.24341e-07 
7883.10 7.46761e-06 9.50110e-01 2.52914e-20 7.12113e-07 
7890.00 7.44516e-06 9.41955e-01 2.45733e-20 6.84492e-07 
7899.58 7.42086e-06 9.30226e-01 2.36104e-20 6.48147e-07 
7910.00 7.39748e-06 9.19849e-01 2.26048e-20 6.12493e-07 
7919.09 7.37306e-06 9.15542e-01 2.17627e-20 5.85649e-07 
7922.51 7.36217e-06 9.15580e-01 2.14538e-20 5.76757e-07 
7930.00 7.33432e-06 9.19117e-01 2.07934e-20 5.59569e-07 
7938.62 7.29776e-06 9.27018e-01 2.00579e-20 5.42289e-07 
7950.00 7.27101e-06 9.38531e-01 1.91267e-20 5.22365e-07 
7958.17 7.28193e-06 9.43829e-01 1.84851e-20 5.08976e-07 
7962.13 7.28889e-06 9.44570e-01 1.81817e-20 5.01744e-07 
7970.00 7.28498e-06 9.41686e-01 1.75933e-20 4.84243e-07 
7977.73 7.24300e-06 9.34565e-01 1.70342e-20 4.63076e-07 
7990.00 7.16518e-06 9.19123e-01 1.61825e-20 4.28663e-07 
7997.30 7.15483e-06 9.10155e-01 1.56960e-20 4.11501e-07 
8001.94 7.15844e-06 9.05450e-01 1.53948e-20 4.01953e-07 
8010.00 7.16252e-06 9.00030e-01 1.48846e-20 3.86916e-07 
8016.89 7.14835e-06 8.97989e-01 1.44619e-20 3.74655e-07 
8030.00 7.10066e-06 8.99472e-01 1.36907e-20 3.53469e-07 
8036.50 7.08409e-06 9.02248e-01 1.33239e-20 3.44533e-07 
8041.95 7.07417e-06 9.05350e-01 1.30237e-20 3.37683e-07 
8050.00 7.06024e-06 9.10850e-01 1.25925e-20 3.28168e-07 
8056.12 7.04641e-06 9.15452e-01 1.22746e-20 3.21113e-07 
8070.00 7.00689e-06 9.25847e-01 1.15823e-20 3.05250e-07 
8075.75 6.98978e-06 9.29603e-01 1.13072e-20 2.98690e-07 
8082.16 6.97183e-06 9.33040e-01 1.10083e-20 2.91352e-07 
8090.00 6.95311e-06 9.35504e-01 1.06532e-20 2.82212e-07 
8095.40 6.94304e-06 9.35171e-01 1.04153e-20 2.75598e-07 
8110.00 6.92031e-06 9.20032e-01 9.79856e-21 2.54704e-07 
8115.06 6.91115e-06 9.08102e-01 9.59331e-21 2.45962e-07 
8122.57 6.89517e-06 8.82220e-01 9.29700e-21 2.31250e-07 
8130.00 6.87650e-06 8.46371e-01 9.01258e-21 2.14680e-07 
8134.74 6.86327e-06 8.19725e-01 8.83565e-21 2.03566e-07 
8150.00 6.82564e-06 7.29602e-01 8.28971e-21 1.69375e-07 
8154.44 6.81907e-06 7.06095e-01 8.13740e-21 1.60839e-07 
8163.18 6.80339e-06 6.69400e-01 7.84535e-21 1.46827e-07 
8170.00 6.77667e-06 6.52685e-01 7.62490e-21 1.38707e-07 
8174.15 6.75026e-06 6.47359e-01 7.49394e-21 1.34754e-07 
8190.00 6.63991e-06 6.52141e-01 7.01351e-21 1.25212e-07 
8193.87 6.62734e-06 6.57528e-01 6.90103e-21 1.24045e-07 
8204.00 6.62003e-06 6.75200e-01 6.61511e-21 1.22117e-07 
8210.00 6.61837e-06 6.86349e-01 6.45125e-21 1.21117e-07 
8213.61 6.61361e-06 6.92991e-01 6.35474e-21 1.20426e-07 
8230.00 6.56799e-06 7.21219e-01 5.93418e-21 1.16462e-07 
8233.36 6.55823e-06 7.26357e-01 5.85144e-21 1.15532e-07 
8245.02 6.53609e-06 7.41550e-01 5.57346e-21 1.12124e-07 
8250.00 6.53529e-06 7.46568e-01 5.45868e-21 1.10611e-07 
8253.13 6.53816e-06 7.49275e-01 5.38779e-21 1.09660e-07 
8270.00 6.55892e-06 7.59089e-01 5.02140e-21 1.04083e-07 
8272.91 6.55625e-06 7.60151e-01 4.96068e-21 1.02962e-07 
8286.24 6.51993e-06 7.63620e-01 4.69230e-21 9.74510e-08 
8290.00 6.50785e-06 7.64363e-01 4.61928e-21 9.58935e-08 
8292.71 6.49996e-06 7.64882e-01 4.56727e-21 9.47942e-08 
8310.00 6.45466e-06 7.68995e-01 4.24948e-21 8.82383e-08 
8312.53 6.44660e-06 7.69868e-01 4.20492e-21 8.73296e-08 
8327.67 6.37280e-06 7.77840e-01 3.94755e-21 8.20342e-08 
8330.00 6.35603e-06 7.79593e-01 3.90943e-21 8.12335e-08 
8332.36 6.33715e-06 7.81542e-01 3.87120e-21 8.04235e-08 
