##### EXOPHOT SPECTRAL OVERLAP FILE #####
# Date: 01/12/2021 13:14:55
# SED file: SED_g2v.txt
# atmosphere file: atm_g2v_hzi_os4.txt
# photopigment file: phot3.txt
# Stellar radius (Rs in km): 6.963400e+05
# Exoplanet orbit semi-major axis (sma in km): 1.070123e+08
# Total absorption rate (gamma_t in s-1): 1.06669e+01
# B band absorption rate (gamma_B in s-1): 6.55674e+00
# Q band absorption rate (gamma_Q in s-1): 4.11018e+00
# B-Q bands cut-off (in nm): 500
# photosynthetic photon flux density [ppfd in micromol photon m-2 s-1]: 4.48002e+03
# Total Stellar Irradiance (S in W m-2): 2.62457e+03
# -------------------------------------------------
# Col 1: Wavelength (wl in Angstrom) 
# Col 2: Spectral Flux Density (F_l in J cm-2 s-1 A-1) 
# Col 3: Atmosphere transmitance (T, no units) 
# Col 4: Pigment absorption cross section (sigma_abs in cm-2) 
# Col 5: Spectral Absorption Rate (Gamma_lambda in A-1 s-1)
2503.42 1.85952e-06 5.44801e-01 2.38831e-20 3.04920e-08 
2505.00 1.59193e-06 5.45621e-01 2.59291e-20 2.84009e-08 
2513.00 7.20367e-07 5.49751e-01 3.84416e-20 1.92591e-08 
2515.76 5.77301e-07 5.51170e-01 4.38495e-20 1.76703e-08 
2516.83 5.39677e-07 5.51721e-01 4.61395e-20 1.74062e-08 
2518.00 5.09218e-07 5.52321e-01 4.87594e-20 1.73833e-08 
2525.00 5.15282e-07 5.55902e-01 6.75815e-20 2.46068e-08 
2528.34 5.96546e-07 5.57600e-01 7.87124e-20 3.33249e-08 
2530.25 6.46691e-07 5.58574e-01 8.58266e-20 3.94900e-08 
2535.00 7.15489e-07 5.60974e-01 1.05932e-19 5.42594e-08 
2540.98 6.97929e-07 5.63980e-01 1.37217e-19 6.90887e-08 
2543.69 8.06547e-07 5.65334e-01 1.53917e-19 8.98688e-08 
2545.00 9.18208e-07 5.65989e-01 1.62651e-19 1.08297e-07 
2553.68 2.13503e-06 5.70300e-01 2.32275e-19 3.63581e-07 
2555.00 2.22178e-06 5.70951e-01 2.44867e-19 3.99525e-07 
2557.12 2.22750e-06 5.72000e-01 2.66448e-19 4.37020e-07 
2565.00 1.87982e-06 5.75870e-01 3.61637e-19 5.05503e-07 
2566.45 1.94933e-06 5.76580e-01 3.82107e-19 5.54863e-07 
2570.57 2.39523e-06 5.78587e-01 4.45789e-19 7.99461e-07 
2575.00 2.84961e-06 5.80733e-01 5.24261e-19 1.12463e-06 
2579.28 2.85795e-06 5.82800e-01 6.11243e-19 1.32193e-06 
2584.03 2.58676e-06 5.85078e-01 7.21709e-19 1.42087e-06 
2585.00 2.53231e-06 5.85545e-01 7.46382e-19 1.44020e-06 
2592.18 2.30527e-06 5.88970e-01 9.51418e-19 1.68568e-06 
2595.00 2.22019e-06 5.90308e-01 1.04403e-18 1.78749e-06 
2597.49 2.11014e-06 5.91485e-01 1.13194e-18 1.84738e-06 
2605.00 1.72809e-06 5.95014e-01 1.43561e-18 1.93580e-06 
2605.14 1.72250e-06 5.95080e-01 1.44191e-18 1.93832e-06 
2610.96 1.58310e-06 5.97788e-01 1.72194e-18 2.14189e-06 
2615.00 1.56465e-06 5.99658e-01 1.94154e-18 2.39806e-06 
2618.17 1.59738e-06 6.01120e-01 2.12909e-18 2.69454e-06 
2624.44 2.18796e-06 6.04004e-01 2.54350e-18 4.44090e-06 
2625.00 2.29914e-06 6.04262e-01 2.58368e-18 4.74333e-06 
2631.26 4.04533e-06 6.07120e-01 3.06491e-18 9.97084e-06 
2635.00 5.01118e-06 6.08817e-01 3.38471e-18 1.36978e-05 
2637.92 5.46725e-06 6.10135e-01 3.65207e-18 1.61778e-05 
2644.41 6.63110e-06 6.13050e-01 4.30411e-18 2.32926e-05 
2645.00 6.82365e-06 6.13312e-01 4.36706e-18 2.43353e-05 
2651.42 9.49814e-06 6.16175e-01 5.10266e-18 3.98603e-05 
2655.00 9.98980e-06 6.17765e-01 5.55173e-18 4.57927e-05 
2657.64 9.25030e-06 6.18930e-01 5.90012e-18 4.51936e-05 
2664.92 5.66203e-06 6.22124e-01 6.94451e-18 3.28169e-05 
2665.00 5.63700e-06 6.22160e-01 6.95700e-18 3.27335e-05 
2670.92 5.56603e-06 6.24740e-01 7.89964e-18 3.69349e-05 
2675.00 6.66834e-06 6.26509e-01 8.59709e-18 4.83663e-05 
2678.43 7.64197e-06 6.27992e-01 9.21488e-18 5.96282e-05 
2684.28 8.24709e-06 6.30510e-01 1.03365e-17 7.26298e-05 
2685.00 8.15790e-06 6.30819e-01 1.04805e-17 7.29007e-05 
2691.94 6.01846e-06 6.33777e-01 1.19326e-17 6.16801e-05 
2695.00 5.44566e-06 6.35071e-01 1.26087e-17 5.91593e-05 
2697.70 5.66222e-06 6.36210e-01 1.32247e-17 6.46980e-05 
2705.00 7.12513e-06 6.39274e-01 1.49751e-17 9.28839e-05 
2705.47 7.13005e-06 6.39470e-01 1.50919e-17 9.37177e-05 
2711.19 5.95769e-06 6.41850e-01 1.65527e-17 8.63900e-05 
2715.00 4.65830e-06 6.43425e-01 1.75644e-17 7.19533e-05 
2719.00 3.61390e-06 6.45072e-01 1.86577e-17 5.95355e-05 
2724.74 3.19232e-06 6.47430e-01 2.02778e-17 5.74868e-05 
2725.00 3.20982e-06 6.47535e-01 2.03511e-17 5.80258e-05 
2732.54 4.32524e-06 6.50621e-01 2.25630e-17 8.73425e-05 
2735.00 4.37698e-06 6.51611e-01 2.33004e-17 9.14971e-05 
2738.37 3.79720e-06 6.52950e-01 2.43231e-17 8.31337e-05 
2745.00 2.24190e-06 6.55514e-01 2.63684e-17 5.35485e-05 
2746.09 2.16742e-06 6.55932e-01 2.67085e-17 5.24915e-05 
2752.06 2.80122e-06 6.58220e-01 2.85777e-17 7.30005e-05 
2755.00 3.38661e-06 6.59363e-01 2.95025e-17 9.13678e-05 
2759.65 4.15309e-06 6.61190e-01 3.09655e-17 1.18128e-04 
2765.00 4.77991e-06 6.63298e-01 3.26432e-17 1.44059e-04 
2765.82 4.85781e-06 6.63620e-01 3.28992e-17 1.47670e-04 
2773.21 5.05151e-06 6.66495e-01 3.51825e-17 1.65368e-04 
2775.00 4.86362e-06 6.67184e-01 3.57260e-17 1.61948e-04 
2779.65 3.86739e-06 6.68970e-01 3.71209e-17 1.34387e-04 
2785.00 2.44368e-06 6.71015e-01 3.86836e-17 8.89307e-05 
2786.79 2.05561e-06 6.71696e-01 3.91934e-17 7.59194e-05 
2793.55 1.11886e-06 6.74260e-01 4.10612e-17 4.35628e-05 
2795.00 1.00457e-06 6.74808e-01 4.14481e-17 3.95340e-05 
2800.37 8.48356e-07 6.76825e-01 4.28292e-17 3.46683e-05 
2805.00 1.26785e-06 6.78555e-01 4.39544e-17 5.33965e-05 
2807.52 1.79018e-06 6.79490e-01 4.45369e-17 7.65676e-05 
2813.95 3.77068e-06 6.81867e-01 4.59299e-17 1.67284e-04 
2815.00 4.13152e-06 6.82251e-01 4.61420e-17 1.84312e-04 
2821.55 6.16294e-06 6.84650e-01 4.73769e-17 2.83946e-04 
2825.00 6.76852e-06 6.85906e-01 4.79581e-17 3.16637e-04 
2827.55 6.87979e-06 6.86833e-01 4.83566e-17 3.25249e-04 
2835.00 5.89106e-06 6.89523e-01 4.93598e-17 2.86149e-04 
2835.66 5.73846e-06 6.89760e-01 4.94371e-17 2.79334e-04 
2841.16 4.25796e-06 6.91722e-01 5.00026e-17 2.10642e-04 
2845.00 3.11641e-06 6.93088e-01 5.03160e-17 1.55652e-04 
2849.84 1.84949e-06 6.94800e-01 5.06126e-17 9.33071e-05 
2854.77 1.44976e-06 6.96539e-01 5.08020e-17 7.37255e-05 
2855.00 1.46711e-06 6.96621e-01 5.08082e-17 7.46314e-05 
2864.09 4.38465e-06 6.99800e-01 5.08486e-17 2.24956e-04 
2865.00 4.81315e-06 7.00116e-01 5.08315e-17 2.47047e-04 
2868.39 6.38825e-06 7.01285e-01 5.07344e-17 3.28201e-04 
2875.00 8.30347e-06 7.03549e-01 5.03951e-17 4.26093e-04 
2878.41 8.16613e-06 7.04710e-01 5.01449e-17 4.18147e-04 
2882.02 7.63696e-06 7.05934e-01 4.98261e-17 3.89728e-04 
2885.00 7.41674e-06 7.06945e-01 4.95213e-17 3.77103e-04 
2892.80 9.07888e-06 7.09570e-01 4.85573e-17 4.55537e-04 
2895.00 9.82772e-06 7.10305e-01 4.82440e-17 4.90809e-04 
2895.65 1.00475e-05 7.10522e-01 4.81478e-17 5.01049e-04 
2907.27 1.30436e-05 7.14370e-01 4.61924e-17 6.29940e-04 
2909.30 1.32916e-05 7.15039e-01 4.58075e-17 6.37607e-04 
2910.00 1.33517e-05 7.15270e-01 4.56711e-17 6.38947e-04 
2921.80 1.27845e-05 7.19120e-01 4.31989e-17 5.84158e-04 
2922.95 1.26366e-05 7.19489e-01 4.29419e-17 5.74487e-04 
2930.00 1.17404e-05 7.21748e-01 4.13069e-17 5.16277e-04 
2936.41 1.12533e-05 7.23790e-01 3.97541e-17 4.78646e-04 
2936.61 1.12440e-05 7.23853e-01 3.97056e-17 4.77740e-04 
2950.00 1.11598e-05 7.28098e-01 3.63297e-17 4.38383e-04 
2950.28 1.11660e-05 7.28185e-01 3.62593e-17 4.37869e-04 
2951.09 1.11854e-05 7.28440e-01 3.60501e-17 4.36375e-04 
2963.95 1.15894e-05 7.32394e-01 3.27593e-17 4.14893e-04 
2965.85 1.16452e-05 7.32970e-01 3.22781e-17 4.11351e-04 
2970.00 1.17424e-05 7.34229e-01 3.12327e-17 4.02605e-04 
2977.64 1.18047e-05 7.36535e-01 2.93485e-17 3.82497e-04 
2980.68 1.17921e-05 7.37450e-01 2.86154e-17 3.73389e-04 
2990.00 1.16569e-05 7.40239e-01 2.64468e-17 3.43496e-04 
2991.33 1.16289e-05 7.40634e-01 2.61489e-17 3.39144e-04 
2995.58 1.15381e-05 7.41900e-01 2.52144e-17 3.25486e-04 
3005.03 1.14540e-05 7.44696e-01 2.32582e-17 3.00114e-04 
3010.00 1.15609e-05 7.46148e-01 2.23006e-17 2.91489e-04 
3010.56 1.15824e-05 7.46310e-01 2.21963e-17 2.90782e-04 
3018.74 1.20666e-05 7.48653e-01 2.07481e-17 2.84835e-04 
3025.61 1.25520e-05 7.50600e-01 1.96484e-17 2.81959e-04 
3030.00 1.27990e-05 7.51839e-01 1.90048e-17 2.78952e-04 
3032.45 1.28945e-05 7.52531e-01 1.86655e-17 2.76494e-04 
3040.74 1.30711e-05 7.54860e-01 1.76266e-17 2.66225e-04 
3046.18 1.31791e-05 7.56377e-01 1.70368e-17 2.60431e-04 
3050.00 1.33107e-05 7.57437e-01 1.66657e-17 2.57985e-04 
3055.94 1.36381e-05 7.59070e-01 1.61611e-17 2.57381e-04 
3059.91 1.38714e-05 7.60149e-01 1.58733e-17 2.57821e-04 
3070.00 1.40833e-05 7.62864e-01 1.53168e-17 2.54320e-04 
3071.22 1.40400e-05 7.63190e-01 1.52666e-17 2.52916e-04 
3073.65 1.39087e-05 7.63836e-01 1.51780e-17 2.49504e-04 
3086.58 1.30504e-05 7.67260e-01 1.49537e-17 2.32657e-04 
3087.40 1.30348e-05 7.67476e-01 1.49537e-17 2.32504e-04 
3090.00 1.30535e-05 7.68162e-01 1.49648e-17 2.33418e-04 
3101.15 1.41359e-05 7.71078e-01 1.52105e-17 2.58828e-04 
3102.01 1.42458e-05 7.71300e-01 1.52429e-17 2.61544e-04 
3110.00 1.50379e-05 7.73349e-01 1.56404e-17 2.84771e-04 
3114.92 1.51195e-05 7.74599e-01 1.59734e-17 2.93347e-04 
3117.52 1.50415e-05 7.75260e-01 1.61781e-17 2.96072e-04 
3128.69 1.42043e-05 7.78068e-01 1.72888e-17 3.00945e-04 
3130.00 1.40910e-05 7.78391e-01 1.74451e-17 3.01497e-04 
3133.11 1.38409e-05 7.79150e-01 1.78389e-17 3.03424e-04 
3142.47 1.33695e-05 7.81368e-01 1.92291e-17 3.17778e-04 
3148.77 1.34307e-05 7.82840e-01 2.03512e-17 3.39177e-04 
3150.00 1.34897e-05 7.83127e-01 2.05878e-17 3.44888e-04 
3156.26 1.39958e-05 7.84601e-01 2.18958e-17 3.82036e-04 
3164.52 1.46946e-05 7.86560e-01 2.38936e-17 4.39949e-04 
3170.00 1.47776e-05 7.87861e-01 2.54046e-17 4.72005e-04 
3170.06 1.47758e-05 7.87874e-01 2.54206e-17 4.72261e-04 
3180.34 1.37688e-05 7.90300e-01 2.86989e-17 4.99979e-04 
3183.86 1.33723e-05 7.91122e-01 2.99629e-17 5.08056e-04 
3190.00 1.30600e-05 7.92545e-01 3.23563e-17 5.37822e-04 
3196.24 1.34936e-05 7.93980e-01 3.50502e-17 6.04212e-04 
3197.67 1.36572e-05 7.94307e-01 3.57061e-17 6.23520e-04 
3210.00 1.44882e-05 7.97108e-01 4.20039e-17 7.83882e-04 
3211.49 1.43757e-05 7.97446e-01 4.28499e-17 7.94166e-04 
3212.22 1.42991e-05 7.97610e-01 4.32699e-17 7.98023e-04 
3225.32 1.21243e-05 8.00536e-01 5.16010e-17 8.13192e-04 
3228.29 1.18883e-05 8.01190e-01 5.37031e-17 8.31284e-04 
3230.00 1.18779e-05 8.01567e-01 5.49585e-17 8.50822e-04 
3239.16 1.34119e-05 8.03563e-01 6.21616e-17 1.09242e-03 
3244.43 1.49943e-05 8.04700e-01 6.66932e-17 1.31433e-03 
3250.00 1.67015e-05 8.05896e-01 7.18128e-17 1.58140e-03 
3253.01 1.74934e-05 8.06538e-01 7.47163e-17 1.72632e-03 
3260.65 1.89881e-05 8.08160e-01 8.25540e-17 2.07943e-03 
3266.86 1.96788e-05 8.09467e-01 8.94182e-17 2.34249e-03 
3270.00 1.98573e-05 8.10124e-01 9.30594e-17 2.46435e-03 
3276.95 1.98899e-05 8.11570e-01 1.01537e-16 2.70381e-03 
3280.72 1.97485e-05 8.12349e-01 1.06375e-16 2.81845e-03 
3290.00 1.91539e-05 8.14252e-01 1.19005e-16 3.07398e-03 
3293.34 1.89174e-05 8.14930e-01 1.23799e-16 3.16417e-03 
3294.59 1.88306e-05 8.15184e-01 1.25637e-16 3.19862e-03 
3308.47 1.80985e-05 8.17965e-01 1.47184e-16 3.62902e-03 
3309.80 1.80628e-05 8.18230e-01 1.49371e-16 3.67835e-03 
3310.00 1.80583e-05 8.18269e-01 1.49695e-16 3.68578e-03 
3322.36 1.80854e-05 8.20702e-01 1.70921e-16 4.24306e-03 
3326.35 1.81968e-05 8.21480e-01 1.78130e-16 4.45883e-03 
3330.00 1.83268e-05 8.22185e-01 1.84851e-16 4.66924e-03 
3336.25 1.85452e-05 8.23386e-01 1.96668e-16 5.04370e-03 
3342.98 1.84952e-05 8.24670e-01 2.09785e-16 5.38483e-03 
3350.00 1.77305e-05 8.26000e-01 2.23848e-16 5.52868e-03 
3350.15 1.77023e-05 8.26029e-01 2.24162e-16 5.52808e-03 
3359.70 1.53247e-05 8.27820e-01 2.43865e-16 5.23241e-03 
3364.07 1.42371e-05 8.28630e-01 2.53061e-16 5.05585e-03 
3370.00 1.33506e-05 8.29723e-01 2.65711e-16 4.99341e-03 
3376.50 1.35690e-05 8.30910e-01 2.79722e-16 5.36065e-03 
3377.98 1.37518e-05 8.31181e-01 2.82947e-16 5.49975e-03 
3390.00 1.56086e-05 8.33354e-01 3.09160e-16 6.86278e-03 
3391.91 1.57893e-05 8.33697e-01 3.13343e-16 7.04303e-03 
3393.38 1.58891e-05 8.33960e-01 3.16555e-16 7.16552e-03 
3405.85 1.59575e-05 8.36171e-01 3.43721e-16 7.86346e-03 
3410.00 1.59350e-05 8.36899e-01 3.52682e-16 8.07397e-03 
3410.35 1.59377e-05 8.36960e-01 3.53429e-16 8.09384e-03 
3419.79 1.62758e-05 8.38603e-01 3.73522e-16 8.77682e-03 
3427.40 1.67241e-05 8.39910e-01 3.89324e-16 9.43574e-03 
3430.00 1.68683e-05 8.40353e-01 3.94632e-16 9.65924e-03 
3433.74 1.70448e-05 8.40987e-01 4.02174e-16 9.96524e-03 
3444.54 1.73931e-05 8.42800e-01 4.23179e-16 1.07567e-02 
3447.70 1.74685e-05 8.43330e-01 4.29113e-16 1.09718e-02 
3450.00 1.75203e-05 8.43713e-01 4.33339e-16 1.11252e-02 
3461.67 1.78283e-05 8.45646e-01 4.53801e-16 1.19226e-02 
3461.76 1.78312e-05 8.45660e-01 4.53943e-16 1.19289e-02 
3470.00 1.82171e-05 8.47002e-01 4.67233e-16 1.25936e-02 
3475.65 1.86184e-05 8.47912e-01 4.75742e-16 1.31409e-02 
3479.07 1.89101e-05 8.48460e-01 4.80636e-16 1.35060e-02 
3489.64 1.99707e-05 8.50144e-01 4.94505e-16 1.47489e-02 
3490.00 2.00101e-05 8.50201e-01 4.94947e-16 1.47938e-02 
3496.46 2.06798e-05 8.51220e-01 5.02394e-16 1.55663e-02 
3503.63 2.11254e-05 8.52338e-01 5.09729e-16 1.61882e-02 
3510.00 2.09635e-05 8.53323e-01 5.15408e-16 1.62914e-02 
3513.95 2.05178e-05 8.53930e-01 5.18519e-16 1.60707e-02 
3517.63 1.99786e-05 8.54495e-01 5.21141e-16 1.57545e-02 
3530.00 1.91994e-05 8.56372e-01 5.27901e-16 1.54242e-02 
3531.51 1.93851e-05 8.56600e-01 5.28511e-16 1.56022e-02 
3531.64 1.94040e-05 8.56619e-01 5.28560e-16 1.56197e-02 
3545.66 2.23491e-05 8.58703e-01 5.31897e-16 1.82201e-02 
3549.17 2.25156e-05 8.59220e-01 5.32093e-16 1.83919e-02 
3550.00 2.24709e-05 8.59341e-01 5.32102e-16 1.83625e-02 
3559.69 1.98645e-05 8.60755e-01 5.31163e-16 1.62750e-02 
3566.92 1.70748e-05 8.61800e-01 5.29223e-16 1.39835e-02 
3570.00 1.61558e-05 8.62243e-01 5.28081e-16 1.32205e-02 
3573.72 1.54793e-05 8.62776e-01 5.26454e-16 1.26489e-02 
3584.75 1.56400e-05 8.64340e-01 5.20086e-16 1.26875e-02 
3587.76 1.60238e-05 8.64763e-01 5.17956e-16 1.29629e-02 
3590.00 1.63463e-05 8.65075e-01 5.16271e-16 1.31938e-02 
3601.82 1.80889e-05 8.66712e-01 5.05926e-16 1.43820e-02 
3602.68 1.82032e-05 8.66830e-01 5.05082e-16 1.44541e-02 
3610.00 1.90030e-05 8.67832e-01 4.97422e-16 1.49078e-02 
3615.88 1.93512e-05 8.68630e-01 4.90686e-16 1.50135e-02 
3620.69 1.94528e-05 8.69280e-01 4.84798e-16 1.49423e-02 
3629.94 1.92902e-05 8.70518e-01 4.72606e-16 1.45023e-02 
3630.00 1.92881e-05 8.70526e-01 4.72530e-16 1.44988e-02 
3638.79 1.93924e-05 8.71690e-01 4.59969e-16 1.42431e-02 
3640.00 1.95771e-05 8.71849e-01 4.58178e-16 1.43301e-02 
3644.02 2.05990e-05 8.72377e-01 4.52096e-16 1.49034e-02 
3650.00 2.24311e-05 8.73157e-01 4.42760e-16 1.59341e-02 
3656.99 2.35541e-05 8.74060e-01 4.31439e-16 1.63521e-02 
3658.11 2.36225e-05 8.74204e-01 4.29588e-16 1.63369e-02 
3670.00 2.31466e-05 8.75716e-01 4.09362e-16 1.53302e-02 
3672.20 2.29240e-05 8.75993e-01 4.05521e-16 1.50541e-02 
3675.27 2.26033e-05 8.76380e-01 4.00113e-16 1.46643e-02 
3686.30 2.18766e-05 8.77760e-01 3.80335e-16 1.35530e-02 
3690.00 2.19802e-05 8.78219e-01 3.73601e-16 1.33965e-02 
3693.65 2.23184e-05 8.78670e-01 3.66918e-16 1.33794e-02 
3700.41 2.31328e-05 8.79500e-01 3.54453e-16 1.34337e-02 
3710.00 2.30337e-05 8.80665e-01 3.36683e-16 1.27554e-02 
3712.12 2.25818e-05 8.80920e-01 3.32753e-16 1.23698e-02 
3714.53 2.18805e-05 8.81210e-01 3.28274e-16 1.18359e-02 
3728.66 1.69444e-05 8.82892e-01 3.02166e-16 8.48509e-03 
3730.00 1.66695e-05 8.83050e-01 2.99703e-16 8.28382e-03 
3730.68 1.65591e-05 8.83130e-01 2.98461e-16 8.19708e-03 
3742.79 1.71580e-05 8.84545e-01 2.76460e-16 7.90564e-03 
3749.33 1.86530e-05 8.85300e-01 2.64793e-16 8.25322e-03 
3750.00 1.88187e-05 8.85377e-01 2.63609e-16 8.29146e-03 
3756.94 2.04864e-05 8.86170e-01 2.51442e-16 8.63330e-03 
3768.08 2.25303e-05 8.87430e-01 2.32392e-16 8.81385e-03 
3770.00 2.27452e-05 8.87646e-01 2.29172e-16 8.78125e-03 
3771.09 2.28441e-05 8.87768e-01 2.27356e-16 8.75325e-03 
3785.25 2.33210e-05 8.89346e-01 2.04399e-16 8.07820e-03 
3786.92 2.33741e-05 8.89530e-01 2.01778e-16 7.99794e-03 
3790.00 2.35297e-05 8.89869e-01 1.96982e-16 7.86924e-03 
3799.42 2.41981e-05 8.90896e-01 1.82724e-16 7.53434e-03 
3805.85 2.38437e-05 8.91590e-01 1.73342e-16 7.06021e-03 
3810.00 2.27954e-05 8.92034e-01 1.67450e-16 6.53076e-03 
3813.60 2.12291e-05 8.92417e-01 1.62442e-16 5.90822e-03 
3824.88 1.51916e-05 8.93610e-01 1.47350e-16 3.85162e-03 
3827.78 1.41522e-05 8.93915e-01 1.43624e-16 3.50121e-03 
3830.00 1.36996e-05 8.94147e-01 1.40819e-16 3.32584e-03 
3841.98 1.59477e-05 8.95391e-01 1.26305e-16 3.48827e-03 
3844.01 1.66753e-05 8.95600e-01 1.23954e-16 3.58224e-03 
3850.00 1.84564e-05 8.96213e-01 1.17186e-16 3.75682e-03 
3856.18 1.90111e-05 8.96840e-01 1.10489e-16 3.65697e-03 
3863.23 1.85642e-05 8.97550e-01 1.03197e-16 3.34408e-03 
3870.00 1.80158e-05 8.98228e-01 9.65276e-17 3.04318e-03 
3870.39 1.80011e-05 8.98267e-01 9.61519e-17 3.02929e-03 
3882.54 1.90296e-05 8.99470e-01 8.50391e-17 2.84495e-03 
3884.61 1.95050e-05 8.99673e-01 8.32487e-17 2.85679e-03 
3890.00 2.11770e-05 9.00198e-01 7.87232e-17 2.93885e-03 
3898.84 2.46267e-05 9.01051e-01 7.17159e-17 3.12341e-03 
3901.96 2.54804e-05 9.01350e-01 6.93674e-17 3.12939e-03 
3910.00 2.50062e-05 9.02117e-01 6.35838e-17 2.82330e-03 
3913.08 2.33995e-05 9.02409e-01 6.14765e-17 2.55718e-03 
3921.46 1.70199e-05 9.03200e-01 5.60172e-17 1.69994e-03 
3927.32 1.36488e-05 9.03748e-01 5.24440e-17 1.27896e-03 
3930.00 1.31590e-05 9.03997e-01 5.08741e-17 1.19730e-03 
3941.07 1.83227e-05 9.05020e-01 4.47879e-17 1.47349e-03 
3941.58 1.86629e-05 9.05066e-01 4.45258e-17 1.49233e-03 
3950.00 2.23890e-05 9.05836e-01 4.03335e-17 1.62656e-03 
3955.84 2.09726e-05 9.06366e-01 3.76265e-17 1.42433e-03 
3960.78 1.83018e-05 9.06810e-01 3.54583e-17 1.17336e-03 
3970.00 1.54497e-05 9.07631e-01 3.16930e-17 8.88193e-04 
3970.11 1.54647e-05 9.07641e-01 3.16503e-17 8.87891e-04 
3980.58 2.22252e-05 9.08560e-01 2.77997e-17 1.12489e-03 
3984.39 2.58592e-05 9.08891e-01 2.65033e-17 1.24943e-03 
3990.00 3.04201e-05 9.09378e-01 2.46887e-17 1.37183e-03 
3998.68 3.32216e-05 9.10125e-01 2.20951e-17 1.34480e-03 
4000.48 3.32949e-05 9.10280e-01 2.15860e-17 1.31753e-03 
4010.00 3.25538e-05 9.11094e-01 1.90713e-17 1.14186e-03 
4012.97 3.23449e-05 9.11346e-01 1.83401e-17 1.09215e-03 
4020.49 3.21769e-05 9.11980e-01 1.66022e-17 9.86043e-04 
4027.28 3.22035e-05 9.12546e-01 1.51583e-17 9.03117e-04 
4030.00 3.21922e-05 9.12771e-01 1.46120e-17 8.71066e-04 
4040.59 3.17771e-05 9.13640e-01 1.26493e-17 7.47004e-04 
4041.59 3.17073e-05 9.13722e-01 1.24761e-17 7.35406e-04 
4050.00 3.09259e-05 9.14404e-01 1.11069e-17 6.40371e-04 
4055.92 3.02317e-05 9.14880e-01 1.02263e-17 5.77508e-04 
4060.79 2.97820e-05 9.15270e-01 9.54820e-18 5.32059e-04 
4070.00 2.99621e-05 9.16001e-01 8.37787e-18 4.71107e-04 
4070.25 2.99947e-05 9.16020e-01 8.34846e-18 4.70002e-04 
4081.10 3.24799e-05 9.16870e-01 7.14144e-18 4.36927e-04 
4084.59 3.33439e-05 9.17141e-01 6.78851e-18 4.26873e-04 
4090.00 3.42632e-05 9.17559e-01 6.27232e-18 4.06010e-04 
4098.93 3.41447e-05 9.18244e-01 5.49866e-18 3.55740e-04 
4101.50 3.38784e-05 9.18440e-01 5.29306e-18 3.40054e-04 
4110.00 3.30079e-05 9.19086e-01 4.66206e-18 2.92629e-04 
4113.29 3.28763e-05 9.19335e-01 4.43696e-18 2.77687e-04 
4122.01 3.30443e-05 9.19990e-01 3.88810e-18 2.45273e-04 
4127.66 3.32745e-05 9.20411e-01 3.56694e-18 2.26995e-04 
4130.00 3.33371e-05 9.20585e-01 3.44096e-18 2.19556e-04 
4142.03 3.32359e-05 9.21467e-01 2.85705e-18 1.82449e-04 
4142.62 3.32258e-05 9.21510e-01 2.83095e-18 1.80761e-04 
4150.00 3.32046e-05 9.22041e-01 2.52248e-18 1.61342e-04 
4156.41 3.34230e-05 9.22498e-01 2.28027e-18 1.47109e-04 
4163.33 3.36691e-05 9.22990e-01 2.04334e-18 1.33087e-04 
4170.00 3.35859e-05 9.23464e-01 1.83706e-18 1.19608e-04 
4170.80 3.35391e-05 9.23521e-01 1.81357e-18 1.17944e-04 
4184.15 3.21360e-05 9.24460e-01 1.46229e-18 9.15046e-05 
4185.20 3.20353e-05 9.24533e-01 1.43746e-18 8.96988e-05 
4190.00 3.17368e-05 9.24864e-01 1.32941e-18 8.23074e-05 
4199.61 3.20115e-05 9.25520e-01 1.13556e-18 7.11270e-05 
4205.07 3.23068e-05 9.25890e-01 1.03769e-18 6.57078e-05 
4210.00 3.23783e-05 9.26223e-01 9.56202e-19 6.07749e-05 
4214.03 3.21912e-05 9.26494e-01 8.94157e-19 5.65737e-05 
4226.10 3.11026e-05 9.27300e-01 7.30368e-19 4.48148e-05 
4228.45 3.09627e-05 9.27456e-01 7.01870e-19 4.29036e-05 
4230.00 3.09094e-05 9.27558e-01 6.83779e-19 4.17456e-05 
4242.89 3.13358e-05 9.28399e-01 5.49282e-19 3.41315e-05 
4247.23 3.14618e-05 9.28680e-01 5.10009e-19 3.18607e-05 
4250.00 3.14326e-05 9.28859e-01 4.86308e-19 3.03776e-05 
4257.33 3.08484e-05 9.29331e-01 4.28653e-19 2.63372e-05 
4268.46 2.94273e-05 9.30040e-01 3.53504e-19 2.07894e-05 
4270.00 2.92648e-05 9.30137e-01 3.44175e-19 2.01383e-05 
4271.78 2.91021e-05 9.30249e-01 3.33653e-19 1.94246e-05 
4286.24 2.75391e-05 9.31150e-01 2.59130e-19 1.43379e-05 
4289.80 2.66743e-05 9.31370e-01 2.43434e-19 1.30604e-05 
4290.00 2.66168e-05 9.31382e-01 2.42597e-19 1.29882e-05 
4300.71 2.28894e-05 9.32039e-01 2.00914e-19 9.27990e-06 
4310.00 2.21824e-05 9.32604e-01 1.70567e-19 7.65600e-06 
4311.25 2.25205e-05 9.32680e-01 1.66840e-19 7.60564e-06 
4315.19 2.42399e-05 9.32918e-01 1.55645e-19 7.64598e-06 
4329.68 3.22515e-05 9.33785e-01 1.20632e-19 7.91843e-06 
4330.00 3.23424e-05 9.33804e-01 1.19954e-19 7.89689e-06 
4332.81 3.28256e-05 9.33970e-01 1.14198e-19 7.63651e-06 
4344.17 3.14762e-05 9.34635e-01 9.37287e-20 6.03015e-06 
4350.00 3.08015e-05 9.34972e-01 8.48064e-20 5.34825e-06 
4354.47 3.11620e-05 9.35230e-01 7.85986e-20 5.02131e-06 
4358.68 3.20071e-05 9.35472e-01 7.32339e-20 4.81136e-06 
4370.00 3.40234e-05 9.36118e-01 6.08212e-20 4.26156e-06 
4373.19 3.39041e-05 9.36298e-01 5.78079e-20 4.03994e-06 
4376.25 3.34851e-05 9.36470e-01 5.51045e-20 3.80677e-06 
4387.71 3.11619e-05 9.37109e-01 4.64028e-20 2.99308e-06 
4390.00 3.08991e-05 9.37235e-01 4.49171e-20 2.87471e-06 
4398.13 3.11807e-05 9.37680e-01 4.02406e-20 2.60493e-06 
4402.24 3.18320e-05 9.37904e-01 3.82056e-20 2.52782e-06 
4410.00 3.33861e-05 9.38324e-01 3.49217e-20 2.42871e-06 
4416.78 3.45765e-05 9.38690e-01 3.25924e-20 2.35206e-06 
4420.12 3.50317e-05 9.38870e-01 3.16171e-20 2.31391e-06 
4430.00 3.57254e-05 9.39402e-01 2.93330e-20 2.19539e-06 
4431.33 3.57320e-05 9.39473e-01 2.90906e-20 2.17847e-06 
4442.22 3.53690e-05 9.40050e-01 2.76374e-20 2.05491e-06 
4445.89 3.52803e-05 9.40241e-01 2.73491e-20 2.03047e-06 
4450.00 3.53429e-05 9.40454e-01 2.71388e-20 2.02076e-06 
4460.45 3.63582e-05 9.40988e-01 2.71136e-20 2.08294e-06 
4464.43 3.68192e-05 9.41190e-01 2.72860e-20 2.12511e-06 
4470.00 3.72531e-05 9.41473e-01 2.76883e-20 2.18524e-06 
4475.03 3.73049e-05 9.41728e-01 2.82076e-20 2.23242e-06 
4486.75 3.73522e-05 9.42320e-01 2.99720e-20 2.38279e-06 
4489.61 3.76339e-05 9.42463e-01 3.05166e-20 2.44631e-06 
4490.00 3.76871e-05 9.42483e-01 3.05943e-20 2.45627e-06 
4504.20 4.07082e-05 9.43187e-01 3.39762e-20 2.95798e-06 
4509.19 4.12177e-05 9.43430e-01 3.54151e-20 3.12610e-06 
4510.00 4.12207e-05 9.43470e-01 3.56629e-20 3.14890e-06 
4518.80 3.99040e-05 9.43894e-01 3.85620e-20 3.30404e-06 
4530.00 3.73689e-05 9.44428e-01 4.28432e-20 3.44812e-06 
4531.73 3.71714e-05 9.44510e-01 4.35651e-20 3.48933e-06 
4533.41 3.70558e-05 9.44590e-01 4.42819e-20 3.53733e-06 
4548.03 3.82664e-05 9.45283e-01 5.11703e-20 4.23783e-06 
4550.00 3.86014e-05 9.45375e-01 5.21898e-20 4.36242e-06 
4554.39 3.93669e-05 9.45580e-01 5.45430e-20 4.65502e-06 
4562.66 4.05624e-05 9.45961e-01 5.92824e-20 5.22473e-06 
4570.00 4.08810e-05 9.46296e-01 6.38353e-20 5.68131e-06 
4577.16 4.02362e-05 9.46620e-01 6.85995e-20 6.02051e-06 
4577.29 4.02184e-05 9.46626e-01 6.86909e-20 6.02607e-06 
4590.00 3.86728e-05 9.47200e-01 7.79709e-20 6.59957e-06 
4591.94 3.86095e-05 9.47287e-01 7.94826e-20 6.71998e-06 
4600.05 3.89053e-05 9.47650e-01 8.60842e-20 7.34964e-06 
4606.59 3.93809e-05 9.47940e-01 9.17554e-20 7.94330e-06 
4610.00 3.95494e-05 9.48090e-01 9.48307e-20 8.25206e-06 
4621.26 3.93764e-05 9.48582e-01 1.05617e-19 9.17755e-06 
4623.05 3.92934e-05 9.48660e-01 1.07424e-19 9.31927e-06 
4630.00 3.90016e-05 9.48960e-01 1.14681e-19 9.89293e-06 
4635.93 3.89177e-05 9.49215e-01 1.21181e-19 1.04473e-05 
4646.16 3.91430e-05 9.49650e-01 1.33104e-19 1.15725e-05 
4650.00 3.93226e-05 9.49812e-01 1.37810e-19 1.20486e-05 
4650.61 3.93549e-05 9.49838e-01 1.38569e-19 1.21268e-05 
4665.30 4.01694e-05 9.50451e-01 1.57906e-19 1.41588e-05 
4669.39 4.02977e-05 9.50620e-01 1.63660e-19 1.47371e-05 
4670.00 4.03090e-05 9.50645e-01 1.64525e-19 1.48215e-05 
4680.00 4.01776e-05 9.51055e-01 1.79321e-19 1.61432e-05 
4690.00 3.95040e-05 9.51460e-01 1.95144e-19 1.73174e-05 
4692.74 3.92386e-05 9.51570e-01 1.99662e-19 1.76116e-05 
4694.70 3.90385e-05 9.51649e-01 2.02947e-19 1.78190e-05 
4709.42 3.80508e-05 9.52233e-01 2.28919e-19 1.96643e-05 
4710.00 3.80554e-05 9.52256e-01 2.29992e-19 1.97618e-05 
4716.20 3.83746e-05 9.52500e-01 2.41714e-19 2.09762e-05 
4724.15 3.91900e-05 9.52812e-01 2.57374e-19 2.28557e-05 
4730.00 3.97755e-05 9.53041e-01 2.69404e-19 2.43174e-05 
4738.88 4.02516e-05 9.53385e-01 2.88455e-19 2.64076e-05 
4739.79 4.02760e-05 9.53420e-01 2.90454e-19 2.66127e-05 
4750.00 4.03886e-05 9.53811e-01 3.13724e-19 2.88992e-05 
4753.62 4.04017e-05 9.53949e-01 3.22303e-19 2.97261e-05 
4763.48 4.04261e-05 9.54320e-01 3.46551e-19 3.20606e-05 
4768.37 4.04288e-05 9.54503e-01 3.59069e-19 3.32613e-05 
4770.00 4.04279e-05 9.54563e-01 3.63303e-19 3.36664e-05 
4783.14 4.03486e-05 9.55048e-01 3.98905e-19 3.70135e-05 
4787.30 4.02758e-05 9.55200e-01 4.10721e-19 3.80802e-05 
4790.00 4.02106e-05 9.55298e-01 4.18512e-19 3.87655e-05 
4797.91 3.99615e-05 9.55583e-01 4.41973e-19 4.07643e-05 
4810.00 3.97886e-05 9.56016e-01 4.79741e-19 4.41874e-05 
4811.24 3.98096e-05 9.56060e-01 4.83739e-19 4.45927e-05 
4812.68 3.98445e-05 9.56112e-01 4.88440e-19 4.50815e-05 
4827.47 4.03135e-05 9.56636e-01 5.38489e-19 5.04681e-05 
4830.00 4.03118e-05 9.56725e-01 5.47411e-19 5.13337e-05 
4835.29 4.01246e-05 9.56910e-01 5.66461e-19 5.29417e-05 
4842.27 3.94299e-05 9.57152e-01 5.92312e-19 5.44915e-05 
4850.00 3.79496e-05 9.57417e-01 6.21987e-19 5.51766e-05 
4857.08 3.60113e-05 9.57658e-01 6.50121e-19 5.48203e-05 
4859.47 3.53664e-05 9.57740e-01 6.59859e-19 5.46767e-05 
4870.00 3.38956e-05 9.58098e-01 7.03989e-19 5.60494e-05 
4871.89 3.40254e-05 9.58162e-01 7.12146e-19 5.69419e-05 
4883.77 3.68121e-05 9.58560e-01 7.65059e-19 6.63718e-05 
4886.71 3.76041e-05 9.58658e-01 7.78642e-19 6.90521e-05 
4890.00 3.83179e-05 9.58766e-01 7.94005e-19 7.18074e-05 
4901.55 3.89100e-05 9.59144e-01 8.49889e-19 7.82643e-05 
4908.19 3.84607e-05 9.59360e-01 8.83383e-19 8.05364e-05 
4910.00 3.83127e-05 9.59419e-01 8.92708e-19 8.11083e-05 
4916.39 3.78469e-05 9.59626e-01 9.26199e-19 8.32543e-05 
4930.00 3.75182e-05 9.60063e-01 1.00087e-18 8.94728e-05 
4931.24 3.75561e-05 9.60103e-01 1.00792e-18 9.02202e-05 
4932.73 3.76179e-05 9.60150e-01 1.01641e-18 9.11618e-05 
4946.10 3.86408e-05 9.60570e-01 1.09543e-18 1.01239e-04 
4950.00 3.89655e-05 9.60691e-01 1.11940e-18 1.04418e-04 
4957.39 3.94177e-05 9.60920e-01 1.16602e-18 1.10220e-04 
4960.97 3.95224e-05 9.61031e-01 1.18917e-18 1.12802e-04 
4970.00 3.93184e-05 9.61309e-01 1.24930e-18 1.18142e-04 
4975.85 3.87665e-05 9.61488e-01 1.28961e-18 1.20406e-04 
4982.18 3.79087e-05 9.61680e-01 1.33447e-18 1.22017e-04 
4990.00 3.67232e-05 9.61915e-01 1.39175e-18 1.23499e-04 
4990.74 3.66149e-05 9.61937e-01 1.39726e-18 1.23643e-04 
5005.63 3.51704e-05 9.62377e-01 1.51270e-18 1.29020e-04 
5007.09 3.51516e-05 9.62420e-01 1.52442e-18 1.29994e-04 
5010.00 3.52072e-05 9.62506e-01 1.54809e-18 1.32309e-04 
5020.54 3.62470e-05 9.62814e-01 1.63655e-18 1.44350e-04 
5030.00 3.72038e-05 9.63089e-01 1.71980e-18 1.56035e-04 
5032.12 3.72833e-05 9.63150e-01 1.73901e-18 1.58192e-04 
5035.45 3.73027e-05 9.63245e-01 1.76950e-18 1.61173e-04 
5050.00 3.71424e-05 9.63656e-01 1.90855e-18 1.73664e-04 
5050.38 3.71578e-05 9.63667e-01 1.91229e-18 1.74092e-04 
5057.29 3.76857e-05 9.63860e-01 1.98189e-18 1.83278e-04 
5065.31 3.83973e-05 9.64083e-01 2.06569e-18 1.94989e-04 
5070.00 3.85515e-05 9.64213e-01 2.11616e-18 2.00768e-04 
5080.25 3.78631e-05 9.64496e-01 2.23056e-18 2.08324e-04 
5082.57 3.76264e-05 9.64560e-01 2.25722e-18 2.09606e-04 
5090.00 3.70621e-05 9.64763e-01 2.34465e-18 2.14817e-04 
5095.20 3.70431e-05 9.64905e-01 2.40779e-18 2.20747e-04 
5107.98 3.75812e-05 9.65250e-01 2.56969e-18 2.39697e-04 
5110.00 3.76180e-05 9.65304e-01 2.59613e-18 2.42511e-04 
5110.17 3.76193e-05 9.65309e-01 2.59831e-18 2.42732e-04 
5125.13 3.70066e-05 9.65709e-01 2.80311e-18 2.58461e-04 
5130.00 3.67313e-05 9.65838e-01 2.87289e-18 2.63208e-04 
5133.52 3.65807e-05 9.65930e-01 2.92446e-18 2.67044e-04 
5140.11 3.63071e-05 9.66101e-01 3.02321e-18 2.74397e-04 
5150.00 3.54115e-05 9.66355e-01 3.17730e-18 2.81883e-04 
5155.10 3.45208e-05 9.66486e-01 3.25966e-18 2.82234e-04 
5159.19 3.36786e-05 9.66590e-01 3.32715e-18 2.81303e-04 
5170.00 3.17285e-05 9.66865e-01 3.51180e-18 2.80388e-04 
5170.10 3.17167e-05 9.66867e-01 3.51353e-18 2.80427e-04 
5184.99 3.16074e-05 9.67240e-01 3.78370e-18 3.01934e-04 
5185.11 3.16184e-05 9.67243e-01 3.78589e-18 3.02221e-04 
5190.00 3.22200e-05 9.67363e-01 3.87888e-18 3.15872e-04 
5200.12 3.40424e-05 9.67609e-01 4.07783e-18 3.51630e-04 
5210.00 3.55255e-05 9.67848e-01 4.28100e-18 3.86059e-04 
5210.91 3.56020e-05 9.67870e-01 4.30024e-18 3.88706e-04 
5215.15 3.58122e-05 9.67973e-01 4.39042e-18 3.99568e-04 
5230.00 3.61343e-05 9.68333e-01 4.72058e-18 4.34876e-04 
5230.18 3.61477e-05 9.68337e-01 4.72471e-18 4.35434e-04 
5236.97 3.68600e-05 9.68500e-01 4.88296e-18 4.59559e-04 
5245.22 3.74971e-05 9.68695e-01 5.08171e-18 4.87396e-04 
5250.00 3.72468e-05 9.68806e-01 5.19993e-18 4.95914e-04 
5260.28 3.48395e-05 9.69044e-01 5.46237e-18 4.88346e-04 
5263.15 3.40849e-05 9.69110e-01 5.53788e-18 4.84673e-04 
5270.00 3.30062e-05 9.69267e-01 5.72118e-18 4.85577e-04 
5275.34 3.33250e-05 9.69389e-01 5.86761e-18 5.03387e-04 
5289.47 3.67667e-05 9.69710e-01 6.27064e-18 5.95310e-04 
5290.00 3.68943e-05 9.69722e-01 6.28623e-18 5.98930e-04 
5290.41 3.69894e-05 9.69731e-01 6.29823e-18 6.01673e-04 
5305.49 3.85005e-05 9.70069e-01 6.75498e-18 6.73816e-04 
5310.00 3.80833e-05 9.70169e-01 6.89674e-18 6.81151e-04 
5315.92 3.69407e-05 9.70300e-01 7.08623e-18 6.79717e-04 
5320.58 3.58613e-05 9.70403e-01 7.23846e-18 6.74693e-04 
5330.00 3.44391e-05 9.70610e-01 7.55399e-18 6.77522e-04 
5335.68 3.46989e-05 9.70733e-01 7.74919e-18 7.01108e-04 
5342.50 3.57542e-05 9.70880e-01 7.98876e-18 7.45830e-04 
5350.00 3.69079e-05 9.71039e-01 8.25889e-18 7.97177e-04 
5350.78 3.69852e-05 9.71055e-01 8.28753e-18 8.01748e-04 
5365.90 3.69737e-05 9.71371e-01 8.85370e-18 8.58952e-04 
5369.21 3.68319e-05 9.71440e-01 8.98117e-18 8.68573e-04 
5370.00 3.68033e-05 9.71457e-01 9.01190e-18 8.71013e-04 
5381.03 3.66161e-05 9.71688e-01 9.44776e-18 9.10575e-04 
5390.00 3.63770e-05 9.71875e-01 9.81303e-18 9.41352e-04 
5396.05 3.59844e-05 9.72000e-01 1.00649e-17 9.56293e-04 
5396.17 3.59760e-05 9.72002e-01 1.00696e-17 9.56536e-04 
5410.00 3.51460e-05 9.72281e-01 1.06617e-17 9.92237e-04 
5411.31 3.51314e-05 9.72307e-01 1.07190e-17 9.97418e-04 
5423.03 3.55635e-05 9.72540e-01 1.12399e-17 1.06131e-03 
5426.47 3.58021e-05 9.72608e-01 1.13953e-17 1.08396e-03 
5430.00 3.60583e-05 9.72679e-01 1.15569e-17 1.10800e-03 
5441.63 3.67491e-05 9.72911e-01 1.20981e-17 1.18492e-03 
5450.00 3.69236e-05 9.73077e-01 1.24969e-17 1.23189e-03 
5450.15 3.69231e-05 9.73080e-01 1.25040e-17 1.23262e-03 
5456.80 3.67847e-05 9.73211e-01 1.28264e-17 1.26136e-03 
5470.00 3.62430e-05 9.73469e-01 1.34794e-17 1.30957e-03 
5471.99 3.61823e-05 9.73507e-01 1.35791e-17 1.31758e-03 
5477.40 3.60711e-05 9.73610e-01 1.38532e-17 1.34150e-03 
5487.18 3.60028e-05 9.73793e-01 1.43551e-17 1.39021e-03 
5490.00 3.59974e-05 9.73846e-01 1.45017e-17 1.40500e-03 
5502.38 3.59807e-05 9.74075e-01 1.51528e-17 1.47106e-03 
5504.79 3.59802e-05 9.74120e-01 1.52811e-17 1.48420e-03 
5510.00 3.59846e-05 9.74217e-01 1.55603e-17 1.51309e-03 
5517.59 3.60147e-05 9.74359e-01 1.59707e-17 1.55666e-03 
5530.00 3.62161e-05 9.74588e-01 1.66512e-17 1.63613e-03 
5532.31 3.62853e-05 9.74630e-01 1.67791e-17 1.65261e-03 
5532.81 3.63013e-05 9.74639e-01 1.68068e-17 1.65623e-03 
5548.04 3.66585e-05 9.74910e-01 1.76592e-17 1.76268e-03 
5550.00 3.66433e-05 9.74944e-01 1.77699e-17 1.77369e-03 
5559.97 3.62477e-05 9.75120e-01 1.83367e-17 1.81407e-03 
5563.28 3.60374e-05 9.75178e-01 1.85257e-17 1.82333e-03 
5570.00 3.55693e-05 9.75298e-01 1.89115e-17 1.83957e-03 
5578.53 3.50408e-05 9.75449e-01 1.94039e-17 1.86256e-03 
5587.77 3.47889e-05 9.75610e-01 1.99407e-17 1.90380e-03 
5590.00 3.48083e-05 9.75648e-01 2.00705e-17 1.91809e-03 
5593.79 3.49239e-05 9.75713e-01 2.02913e-17 1.94708e-03 
5609.05 3.57817e-05 9.75969e-01 2.11854e-17 2.08903e-03 
5610.00 3.58206e-05 9.75985e-01 2.12410e-17 2.09719e-03 
5615.71 3.59584e-05 9.76080e-01 2.15765e-17 2.14089e-03 
5624.33 3.59687e-05 9.76224e-01 2.20833e-17 2.19549e-03 
5630.00 3.59496e-05 9.76319e-01 2.24169e-17 2.22993e-03 
5639.62 3.59838e-05 9.76480e-01 2.29822e-17 2.29264e-03 
5643.79 3.59715e-05 9.76550e-01 2.32274e-17 2.31818e-03 
5650.00 3.58439e-05 9.76653e-01 2.35917e-17 2.34901e-03 
5654.91 3.56207e-05 9.76734e-01 2.38792e-17 2.36509e-03 
5670.00 3.50139e-05 9.76978e-01 2.47588e-17 2.41747e-03 
5670.22 3.50141e-05 9.76982e-01 2.47713e-17 2.41880e-03 
5672.01 3.50299e-05 9.77010e-01 2.48753e-17 2.43090e-03 
5685.53 3.54627e-05 9.77222e-01 2.56554e-17 2.54471e-03 
5690.00 3.54649e-05 9.77291e-01 2.59114e-17 2.57246e-03 
5700.37 3.49267e-05 9.77450e-01 2.65011e-17 2.59622e-03 
5700.86 3.48990e-05 9.77457e-01 2.65286e-17 2.59709e-03 
5710.00 3.47536e-05 9.77598e-01 2.70428e-17 2.64102e-03 
5716.19 3.52851e-05 9.77694e-01 2.73876e-17 2.71880e-03 
5728.87 3.66374e-05 9.77890e-01 2.80848e-17 2.90188e-03 
5730.00 3.66806e-05 9.77908e-01 2.81463e-17 2.91228e-03 
5731.53 3.67022e-05 9.77931e-01 2.82295e-17 2.92346e-03 
5746.88 3.57174e-05 9.78169e-01 2.90512e-17 2.93639e-03 
5750.00 3.55531e-05 9.78216e-01 2.92151e-17 2.94112e-03 
5757.52 3.55593e-05 9.78330e-01 2.96065e-17 2.98528e-03 
5762.25 3.57103e-05 9.78400e-01 2.98498e-17 3.02528e-03 
5770.00 3.58361e-05 9.78514e-01 3.02430e-17 3.08043e-03 
5777.62 3.55220e-05 9.78624e-01 3.06224e-17 3.09617e-03 
5786.30 3.49928e-05 9.78750e-01 3.10462e-17 3.09730e-03 
5790.00 3.48609e-05 9.78804e-01 3.12237e-17 3.10542e-03 
5793.00 3.48381e-05 9.78848e-01 3.13663e-17 3.11932e-03 
5808.39 3.54705e-05 9.79072e-01 3.20788e-17 3.25746e-03 
5810.00 3.55579e-05 9.79095e-01 3.21513e-17 3.27386e-03 
5815.23 3.58036e-05 9.79170e-01 3.23847e-17 3.32365e-03 
5823.79 3.60091e-05 9.79290e-01 3.27572e-17 3.38657e-03 
5830.00 3.59385e-05 9.79375e-01 3.30205e-17 3.41103e-03 
5839.20 3.55005e-05 9.79500e-01 3.33994e-17 3.41392e-03 
5844.31 3.52518e-05 9.79570e-01 3.36038e-17 3.41399e-03 
5850.00 3.51320e-05 9.79648e-01 3.38263e-17 3.42852e-03 
5854.62 3.52166e-05 9.79712e-01 3.40029e-17 3.45767e-03 
5870.00 3.51389e-05 9.79922e-01 3.45640e-17 3.51694e-03 
5870.05 3.51340e-05 9.79923e-01 3.45658e-17 3.51667e-03 
5873.53 3.46946e-05 9.79970e-01 3.46870e-17 3.48709e-03 
5885.49 3.27804e-05 9.80130e-01 3.50862e-17 3.33995e-03 
5890.00 3.24733e-05 9.80189e-01 3.52299e-17 3.32496e-03 
5900.94 3.34833e-05 9.80334e-01 3.55624e-17 3.46766e-03 
5902.90 3.37891e-05 9.80360e-01 3.56196e-17 3.50623e-03 
5910.00 3.47342e-05 9.80455e-01 3.58204e-17 3.62933e-03 
5916.39 3.50187e-05 9.80540e-01 3.59929e-17 3.68097e-03 
5930.00 3.46251e-05 9.80719e-01 3.63328e-17 3.68309e-03 
5931.86 3.45794e-05 9.80743e-01 3.63765e-17 3.68390e-03 
5932.41 3.45689e-05 9.80750e-01 3.63893e-17 3.68444e-03 
5947.34 3.46113e-05 9.80938e-01 3.67121e-17 3.73177e-03 
5950.00 3.46428e-05 9.80971e-01 3.67649e-17 3.74233e-03 
5962.08 3.47024e-05 9.81120e-01 3.69861e-17 3.77956e-03 
5962.83 3.47014e-05 9.81129e-01 3.69989e-17 3.78127e-03 
5970.00 3.46653e-05 9.81218e-01 3.71149e-17 3.79408e-03 
5978.32 3.45624e-05 9.81321e-01 3.72362e-17 3.80087e-03 
5990.00 3.43043e-05 9.81466e-01 3.73821e-17 3.79523e-03 
5991.89 3.42500e-05 9.81490e-01 3.74030e-17 3.79262e-03 
5993.83 3.41913e-05 9.81514e-01 3.74238e-17 3.78954e-03 
6009.34 3.37533e-05 9.81708e-01 3.75613e-17 3.76521e-03 
6010.00 3.37408e-05 9.81716e-01 3.75660e-17 3.76473e-03 
6021.85 3.36627e-05 9.81860e-01 3.76356e-17 3.77095e-03 
6024.87 3.36889e-05 9.81896e-01 3.76488e-17 3.77724e-03 
6030.00 3.37779e-05 9.81956e-01 3.76667e-17 3.79249e-03 
6040.41 3.40847e-05 9.82077e-01 3.76865e-17 3.83602e-03 
6050.00 3.43237e-05 9.82187e-01 3.76852e-17 3.86935e-03 
6051.96 3.43463e-05 9.82210e-01 3.76826e-17 3.87297e-03 
6055.95 3.43579e-05 9.82256e-01 3.76750e-17 3.87624e-03 
6070.00 3.40728e-05 9.82419e-01 3.76226e-17 3.84827e-03 
6071.50 3.40159e-05 9.82436e-01 3.76147e-17 3.84206e-03 
6082.21 3.35646e-05 9.82560e-01 3.75454e-17 3.79124e-03 
6087.07 3.33973e-05 9.82616e-01 3.75066e-17 3.77167e-03 
6090.00 3.33285e-05 9.82649e-01 3.74809e-17 3.76327e-03 
6102.64 3.32278e-05 9.82791e-01 3.73515e-17 3.74725e-03 
6110.00 3.30248e-05 9.82872e-01 3.72624e-17 3.72025e-03 
6112.63 3.28777e-05 9.82900e-01 3.72281e-17 3.70197e-03 
6118.23 3.24789e-05 9.82960e-01 3.71508e-17 3.65304e-03 
6130.00 3.18605e-05 9.83083e-01 3.69697e-17 3.57332e-03 
6133.82 3.18895e-05 9.83123e-01 3.69056e-17 3.57275e-03 
6143.19 3.22219e-05 9.83220e-01 3.67376e-17 3.59940e-03 
6149.42 3.22912e-05 9.83285e-01 3.66174e-17 3.59923e-03 
6150.00 3.22795e-05 9.83291e-01 3.66060e-17 3.59716e-03 
6165.04 3.13271e-05 9.83448e-01 3.62879e-17 3.46970e-03 
6170.00 3.11990e-05 9.83499e-01 3.61748e-17 3.44770e-03 
6173.91 3.13244e-05 9.83540e-01 3.60830e-17 3.45511e-03 
6180.66 3.18702e-05 9.83610e-01 3.59187e-17 3.50338e-03 
6190.00 3.27058e-05 9.83706e-01 3.56798e-17 3.57707e-03 
6196.29 3.29461e-05 9.83771e-01 3.55116e-17 3.59024e-03 
6204.77 3.28884e-05 9.83860e-01 3.52756e-17 3.56533e-03 
6210.00 3.27396e-05 9.83915e-01 3.51251e-17 3.53723e-03 
6211.93 3.26778e-05 9.83936e-01 3.50685e-17 3.52604e-03 
6227.59 3.20287e-05 9.84103e-01 3.45914e-17 3.41815e-03 
6230.00 3.18894e-05 9.84128e-01 3.45149e-17 3.39716e-03 
6235.80 3.15151e-05 9.84190e-01 3.43283e-17 3.34244e-03 
6243.25 3.11030e-05 9.84268e-01 3.40823e-17 3.27928e-03 
6250.00 3.09943e-05 9.84339e-01 3.38536e-17 3.24963e-03 
6258.92 3.14045e-05 9.84430e-01 3.35434e-17 3.26742e-03 
6266.98 3.19886e-05 9.84510e-01 3.32555e-17 3.30415e-03 
6270.00 3.21732e-05 9.84540e-01 3.31457e-17 3.31394e-03 
6274.60 3.23609e-05 9.84584e-01 3.29767e-17 3.31886e-03 
6290.00 3.22443e-05 9.84731e-01 3.23957e-17 3.25711e-03 
6290.29 3.22326e-05 9.84734e-01 3.23844e-17 3.25496e-03 
6298.31 3.18360e-05 9.84810e-01 3.20727e-17 3.18826e-03 
6305.99 3.14519e-05 9.84883e-01 3.17688e-17 3.12398e-03 
6310.00 3.13155e-05 9.84921e-01 3.16083e-17 3.09680e-03 
6321.71 3.12777e-05 9.85033e-01 3.11319e-17 3.05245e-03 
6329.80 3.13928e-05 9.85110e-01 3.07962e-17 3.03477e-03 
6330.00 3.13954e-05 9.85112e-01 3.07880e-17 3.03431e-03 
6337.43 3.14607e-05 9.85182e-01 3.04760e-17 3.01355e-03 
6350.00 3.14281e-05 9.85298e-01 2.99394e-17 2.96365e-03 
6353.16 3.13925e-05 9.85327e-01 2.98032e-17 2.94837e-03 
6361.45 3.12906e-05 9.85400e-01 2.94425e-17 2.90723e-03 
6368.90 3.12626e-05 9.85463e-01 2.91157e-17 2.87594e-03 
6370.00 3.12689e-05 9.85472e-01 2.90670e-17 2.87223e-03 
6384.65 3.14574e-05 9.85595e-01 2.84155e-17 2.83163e-03 
6390.00 3.14157e-05 9.85641e-01 2.81752e-17 2.80644e-03 
6393.26 3.13208e-05 9.85670e-01 2.80282e-17 2.78488e-03 
6400.41 3.10046e-05 9.85736e-01 2.77047e-17 2.72817e-03 
6410.00 3.06706e-05 9.85827e-01 2.72681e-17 2.66047e-03 
6416.18 3.06893e-05 9.85886e-01 2.69854e-17 2.63719e-03 
6425.23 3.08802e-05 9.85970e-01 2.65698e-17 2.61664e-03 
6430.00 3.09342e-05 9.86012e-01 2.63498e-17 2.60155e-03 
6431.96 3.09284e-05 9.86029e-01 2.62594e-17 2.59298e-03 
6447.75 3.05634e-05 9.86160e-01 2.55287e-17 2.49752e-03 
6450.00 3.05202e-05 9.86179e-01 2.54243e-17 2.48471e-03 
6457.35 3.04673e-05 9.86240e-01 2.50829e-17 2.45004e-03 
6463.55 3.04602e-05 9.86293e-01 2.47950e-17 2.42380e-03 
6470.00 3.03996e-05 9.86349e-01 2.44952e-17 2.39226e-03 
6479.36 3.01442e-05 9.86432e-01 2.40601e-17 2.33359e-03 
6489.64 2.99674e-05 9.86520e-01 2.35827e-17 2.27769e-03 
6490.00 2.99691e-05 9.86523e-01 2.35660e-17 2.27633e-03 
6495.18 3.00634e-05 9.86566e-01 2.33257e-17 2.26211e-03 
6510.00 3.05632e-05 9.86685e-01 2.26400e-17 2.23748e-03 
6511.01 3.05818e-05 9.86693e-01 2.25934e-17 2.23459e-03 
6522.09 3.05848e-05 9.86780e-01 2.20832e-17 2.18826e-03 
6526.85 3.05353e-05 9.86818e-01 2.18646e-17 2.16475e-03 
6530.00 3.05087e-05 9.86843e-01 2.17203e-17 2.14968e-03 
6542.70 3.02620e-05 9.86945e-01 2.11408e-17 2.07966e-03 
6550.00 2.95538e-05 9.87003e-01 2.08096e-17 2.00152e-03 
6554.70 2.87357e-05 9.87040e-01 2.05972e-17 1.92771e-03 
6558.56 2.79771e-05 9.87070e-01 2.04232e-17 1.86212e-03 
6570.00 2.66398e-05 9.87158e-01 1.99105e-17 1.73176e-03 
6574.43 2.69583e-05 9.87191e-01 1.97132e-17 1.73633e-03 
6587.47 2.93746e-05 9.87290e-01 1.91364e-17 1.84043e-03 
6590.00 2.97698e-05 9.87309e-01 1.90254e-17 1.85512e-03 
6590.31 2.98109e-05 9.87312e-01 1.90118e-17 1.85644e-03 
6606.20 3.02397e-05 9.87433e-01 1.83201e-17 1.81923e-03 
6610.00 3.01197e-05 9.87462e-01 1.81563e-17 1.79690e-03 
6620.41 2.99204e-05 9.87540e-01 1.77110e-17 1.74411e-03 
6622.10 2.99049e-05 9.87553e-01 1.76392e-17 1.73660e-03 
6630.00 2.98726e-05 9.87611e-01 1.73053e-17 1.70401e-03 
6638.01 2.98683e-05 9.87669e-01 1.69698e-17 1.67286e-03 
6650.00 2.97646e-05 9.87755e-01 1.64738e-17 1.62139e-03 
6653.51 2.96852e-05 9.87780e-01 1.63300e-17 1.60384e-03 
6653.93 2.96746e-05 9.87783e-01 1.63128e-17 1.60168e-03 
6669.86 2.93870e-05 9.87898e-01 1.56689e-17 1.52738e-03 
6670.00 2.93877e-05 9.87899e-01 1.56634e-17 1.52691e-03 
6685.80 2.97110e-05 9.88013e-01 1.50388e-17 1.48583e-03 
6686.78 2.97217e-05 9.88020e-01 1.50006e-17 1.48282e-03 
6690.00 2.97248e-05 9.88043e-01 1.48752e-17 1.47132e-03 
6701.75 2.93696e-05 9.88128e-01 1.44229e-17 1.41214e-03 
6710.00 2.91340e-05 9.88188e-01 1.41104e-17 1.37222e-03 
6717.71 2.91778e-05 9.88242e-01 1.38219e-17 1.34781e-03 
6720.21 2.92272e-05 9.88260e-01 1.37291e-17 1.34155e-03 
6730.00 2.93855e-05 9.88328e-01 1.33697e-17 1.31551e-03 
6733.68 2.93714e-05 9.88353e-01 1.32360e-17 1.30247e-03 
6749.66 2.90425e-05 9.88462e-01 1.26656e-17 1.23545e-03 
6750.00 2.90369e-05 9.88464e-01 1.26538e-17 1.23412e-03 
6753.81 2.89911e-05 9.88490e-01 1.25201e-17 1.21988e-03 
6765.65 2.89722e-05 9.88571e-01 1.21111e-17 1.18142e-03 
6770.00 2.89760e-05 9.88601e-01 1.19631e-17 1.16793e-03 
6781.65 2.89225e-05 9.88680e-01 1.15725e-17 1.12974e-03 
6787.58 2.88577e-05 9.88720e-01 1.13772e-17 1.10919e-03 
6790.00 2.88242e-05 9.88736e-01 1.12981e-17 1.10062e-03 
6797.66 2.87034e-05 9.88786e-01 1.10501e-17 1.07321e-03 
6810.00 2.86056e-05 9.88866e-01 1.06590e-17 1.03365e-03 
6813.69 2.86326e-05 9.88890e-01 1.05440e-17 1.02404e-03 
6821.52 2.87236e-05 9.88940e-01 1.03025e-17 1.00498e-03 
6829.72 2.87179e-05 9.88993e-01 1.00541e-17 9.81784e-04 
6830.00 2.87136e-05 9.88995e-01 1.00456e-17 9.80850e-04 
6845.76 2.82063e-05 9.89097e-01 9.58052e-18 9.21126e-04 
6850.00 2.81090e-05 9.89124e-01 9.45808e-18 9.06803e-04 
6855.63 2.80895e-05 9.89160e-01 9.29737e-18 8.91540e-04 
6861.81 2.81665e-05 9.89199e-01 9.12316e-18 8.78058e-04 
6870.00 2.83011e-05 9.89249e-01 8.89614e-18 8.61372e-04 
6877.87 2.83472e-05 9.89297e-01 8.68192e-18 8.43004e-04 
6889.91 2.82764e-05 9.89370e-01 8.36198e-18 8.11390e-04 
6890.00 2.82755e-05 9.89371e-01 8.35953e-18 8.11136e-04 
6893.94 2.82332e-05 9.89395e-01 8.25666e-18 8.00434e-04 
6910.00 2.80549e-05 9.89493e-01 7.84787e-18 7.57836e-04 
6910.03 2.80547e-05 9.89493e-01 7.84721e-18 7.57769e-04 
6924.36 2.79566e-05 9.89580e-01 7.49575e-18 7.22858e-04 
6926.12 2.79461e-05 9.89590e-01 7.45337e-18 7.18691e-04 
6930.00 2.79215e-05 9.89613e-01 7.36072e-18 7.09546e-04 
6942.22 2.78284e-05 9.89684e-01 7.07488e-18 6.80967e-04 
6950.00 2.77726e-05 9.89728e-01 6.89756e-18 6.63339e-04 
6958.33 2.77318e-05 9.89776e-01 6.71150e-18 6.45303e-04 
6958.98 2.77297e-05 9.89780e-01 6.69731e-18 6.43952e-04 
6970.00 2.77234e-05 9.89844e-01 6.45782e-18 6.21806e-04 
6974.46 2.77354e-05 9.89870e-01 6.36294e-18 6.13343e-04 
6990.00 2.75843e-05 9.89959e-01 6.04086e-18 5.80467e-04 
6990.59 2.75655e-05 9.89962e-01 6.02888e-18 5.78972e-04 
6993.77 2.74453e-05 9.89980e-01 5.96471e-18 5.70582e-04 
7006.73 2.69023e-05 9.90051e-01 5.70900e-18 5.36347e-04 
7010.00 2.68330e-05 9.90068e-01 5.64601e-18 5.29320e-04 
7022.89 2.69918e-05 9.90138e-01 5.40296e-18 5.10504e-04 
7028.74 2.71416e-05 9.90170e-01 5.29547e-18 5.03560e-04 
7030.00 2.71683e-05 9.90177e-01 5.27259e-18 5.01969e-04 
7039.05 2.72615e-05 9.90228e-01 5.11041e-18 4.88853e-04 
7050.00 2.72072e-05 9.90291e-01 4.91984e-18 4.70447e-04 
7055.23 2.71465e-05 9.90321e-01 4.83097e-18 4.61274e-04 
7063.88 2.70264e-05 9.90370e-01 4.68672e-18 4.46089e-04 
7070.00 2.69418e-05 9.90404e-01 4.58703e-18 4.35626e-04 
7071.41 2.69238e-05 9.90411e-01 4.56428e-18 4.33264e-04 
7087.61 2.67935e-05 9.90498e-01 4.30994e-18 4.08110e-04 
7090.00 2.67907e-05 9.90511e-01 4.27340e-18 4.04749e-04 
7099.20 2.68114e-05 9.90560e-01 4.13528e-18 3.92499e-04 
7103.81 2.68167e-05 9.90585e-01 4.06759e-18 3.86411e-04 
7110.00 2.67866e-05 9.90619e-01 3.97816e-18 3.77832e-04 
7120.03 2.66135e-05 9.90673e-01 3.83681e-18 3.62584e-04 
7130.00 2.63899e-05 9.90726e-01 3.70055e-18 3.47272e-04 
7134.70 2.63047e-05 9.90750e-01 3.63777e-18 3.40512e-04 
7136.25 2.62812e-05 9.90758e-01 3.61723e-18 3.38364e-04 
7150.00 2.61876e-05 9.90823e-01 3.43978e-18 3.21256e-04 
7152.49 2.61940e-05 9.90834e-01 3.40846e-18 3.18523e-04 
7168.74 2.61475e-05 9.90903e-01 3.21009e-18 3.00155e-04 
7170.00 2.61183e-05 9.90908e-01 3.19510e-18 2.98473e-04 
7170.37 2.61085e-05 9.90910e-01 3.19068e-18 2.97964e-04 
7184.99 2.55626e-05 9.90968e-01 3.02175e-18 2.76869e-04 
7190.00 2.54610e-05 9.90988e-01 2.96574e-18 2.70850e-04 
7201.26 2.56248e-05 9.91031e-01 2.84306e-18 2.61737e-04 
7206.23 2.57622e-05 9.91050e-01 2.79041e-18 2.58450e-04 
7210.00 2.58443e-05 9.91064e-01 2.75096e-18 2.55746e-04 
7217.54 2.58951e-05 9.91093e-01 2.67362e-18 2.49312e-04 
7230.00 2.58233e-05 9.91136e-01 2.55001e-18 2.37547e-04 
7233.83 2.58126e-05 9.91147e-01 2.51307e-18 2.34135e-04 
7242.26 2.58283e-05 9.91170e-01 2.43339e-18 2.27119e-04 
7250.00 2.58677e-05 9.91187e-01 2.36219e-18 2.21049e-04 
7250.13 2.58684e-05 9.91187e-01 2.36104e-18 2.20952e-04 
7266.44 2.58292e-05 9.91224e-01 2.21718e-18 2.07647e-04 
7270.00 2.57470e-05 9.91235e-01 2.18680e-18 2.04253e-04 
7278.47 2.54268e-05 9.91270e-01 2.11611e-18 1.95427e-04 
7282.76 2.52572e-05 9.91293e-01 2.08111e-18 1.91031e-04 
7290.00 2.50821e-05 9.91341e-01 2.02315e-18 1.84615e-04 
7299.09 2.51738e-05 9.91408e-01 1.95252e-18 1.79056e-04 
7310.00 2.54021e-05 9.91494e-01 1.87060e-18 1.73373e-04 
7314.86 2.54165e-05 9.91530e-01 1.83513e-18 1.70301e-04 
7315.43 2.54141e-05 9.91534e-01 1.83104e-18 1.69920e-04 
7330.00 2.52491e-05 9.91630e-01 1.72851e-18 1.59696e-04 
7331.78 2.52361e-05 9.91641e-01 1.71637e-18 1.58534e-04 
7348.14 2.52723e-05 9.91732e-01 1.60818e-18 1.49099e-04 
7350.00 2.52846e-05 9.91742e-01 1.59627e-18 1.48106e-04 
7351.43 2.52939e-05 9.91750e-01 1.58715e-18 1.47344e-04 
7364.51 2.53143e-05 9.91819e-01 1.50617e-18 1.40197e-04 
7370.00 2.52495e-05 9.91848e-01 1.47330e-18 1.36893e-04 
7380.89 2.49538e-05 9.91904e-01 1.41003e-18 1.29678e-04 
7388.19 2.47075e-05 9.91940e-01 1.36902e-18 1.24792e-04 
7390.00 2.46498e-05 9.91949e-01 1.35904e-18 1.23624e-04 
7397.28 2.44535e-05 9.91984e-01 1.31948e-18 1.19191e-04 
7410.00 2.43106e-05 9.92044e-01 1.25295e-18 1.12720e-04 
7413.69 2.43295e-05 9.92060e-01 1.23424e-18 1.11180e-04 
7425.13 2.44751e-05 9.92110e-01 1.17779e-18 1.06901e-04 
7430.00 2.45243e-05 9.92130e-01 1.15452e-18 1.05070e-04 
7430.10 2.45250e-05 9.92131e-01 1.15404e-18 1.05031e-04 
7446.53 2.45163e-05 9.92197e-01 1.07862e-18 9.83553e-05 
7450.00 2.45204e-05 9.92210e-01 1.06326e-18 9.70181e-05 
7462.26 2.46109e-05 9.92260e-01 1.01067e-18 9.27167e-05 
7462.96 2.46157e-05 9.92263e-01 1.00774e-18 9.24739e-05 
7470.00 2.46288e-05 9.92293e-01 9.78717e-19 8.99466e-05 
7479.41 2.45208e-05 9.92333e-01 9.41146e-19 8.62264e-05 
7490.00 2.43653e-05 9.92379e-01 9.00441e-19 8.20937e-05 
7495.86 2.43309e-05 9.92404e-01 8.78624e-19 8.00560e-05 
7499.57 2.43270e-05 9.92420e-01 8.65082e-19 7.88498e-05 
7510.00 2.43372e-05 9.92463e-01 8.28020e-19 7.56118e-05 
7512.33 2.43353e-05 9.92473e-01 8.19947e-19 7.48927e-05 
7528.81 2.42969e-05 9.92538e-01 7.64907e-19 6.99126e-05 
7530.00 2.42968e-05 9.92543e-01 7.61058e-19 6.95718e-05 
7537.07 2.43087e-05 9.92570e-01 7.38629e-19 6.76199e-05 
7545.29 2.43141e-05 9.92601e-01 7.13303e-19 6.53892e-05 
7550.00 2.42919e-05 9.92619e-01 6.99184e-19 6.40774e-05 
7561.79 2.41370e-05 9.92662e-01 6.64942e-19 6.06481e-05 
7570.00 2.40281e-05 9.92692e-01 6.42046e-19 5.83607e-05 
7574.75 2.39946e-05 9.92710e-01 6.29127e-19 5.71434e-05 
7578.30 2.39812e-05 9.92723e-01 6.19642e-19 5.62774e-05 
7590.00 2.39423e-05 9.92766e-01 5.89315e-19 5.35213e-05 
7594.82 2.39039e-05 9.92784e-01 5.77227e-19 5.23734e-05 
7610.00 2.37715e-05 9.92840e-01 5.40679e-19 4.88859e-05 
7611.35 2.37668e-05 9.92845e-01 5.37533e-19 4.86007e-05 
7612.63 2.37642e-05 9.92850e-01 5.34579e-19 4.83366e-05 
7627.89 2.38116e-05 9.92906e-01 5.00399e-19 4.54298e-05 
7630.00 2.38221e-05 9.92914e-01 4.95846e-19 4.50491e-05 
7644.44 2.37982e-05 9.92967e-01 4.65677e-19 4.23480e-05 
7650.00 2.36863e-05 9.92987e-01 4.54541e-19 4.11717e-05 
7650.69 2.36663e-05 9.92990e-01 4.53176e-19 4.10172e-05 
7661.01 2.32885e-05 9.93028e-01 4.33222e-19 3.86387e-05 
7670.00 2.30852e-05 9.93062e-01 4.16508e-19 3.68682e-05 
7677.58 2.31785e-05 9.93089e-01 4.02900e-19 3.58442e-05 
7688.94 2.34351e-05 9.93130e-01 3.83284e-19 3.45290e-05 
7690.00 2.34443e-05 9.93134e-01 3.81507e-19 3.43872e-05 
7694.16 2.34367e-05 9.93148e-01 3.74582e-19 3.37709e-05 
7710.00 2.31605e-05 9.93202e-01 3.49312e-19 3.11872e-05 
7710.76 2.31531e-05 9.93204e-01 3.48146e-19 3.10763e-05 
7727.36 2.31584e-05 9.93260e-01 3.23477e-19 2.89447e-05 
7727.39 2.31583e-05 9.93260e-01 3.23439e-19 2.89413e-05 
7730.00 2.31441e-05 9.93269e-01 3.19714e-19 2.86004e-05 
7743.98 2.29075e-05 9.93317e-01 3.00465e-19 2.66531e-05 
7750.00 2.28439e-05 9.93338e-01 2.92516e-19 2.58966e-05 
7760.60 2.29349e-05 9.93373e-01 2.79007e-19 2.48339e-05 
7766.03 2.30206e-05 9.93390e-01 2.72333e-19 2.43478e-05 
7770.00 2.30702e-05 9.93402e-01 2.67537e-19 2.39831e-05 
7777.24 2.30986e-05 9.93423e-01 2.59006e-19 2.32691e-05 
7790.00 2.30318e-05 9.93459e-01 2.44605e-19 2.19485e-05 
7793.89 2.30053e-05 9.93470e-01 2.40370e-19 2.15547e-05 
7804.86 2.29225e-05 9.93500e-01 2.28803e-19 2.04730e-05 
7810.00 2.28691e-05 9.93515e-01 2.23563e-19 1.99708e-05 
7810.55 2.28625e-05 9.93516e-01 2.23012e-19 1.99173e-05 
7827.22 2.26338e-05 9.93566e-01 2.06849e-19 1.83290e-05 
7830.00 2.26030e-05 9.93574e-01 2.04263e-19 1.80818e-05 
7843.88 2.25371e-05 9.93620e-01 1.91821e-19 1.69616e-05 
7843.90 2.25371e-05 9.93620e-01 1.91806e-19 1.69603e-05 
7850.00 2.25517e-05 9.93641e-01 1.86569e-19 1.65212e-05 
7860.59 2.26173e-05 9.93680e-01 1.77808e-19 1.58132e-05 
7870.00 2.26523e-05 9.93714e-01 1.70354e-19 1.51923e-05 
7877.29 2.26243e-05 9.93740e-01 1.64789e-19 1.46918e-05 
7883.10 2.25729e-05 9.93760e-01 1.60479e-19 1.42859e-05 
7890.00 2.24932e-05 9.93783e-01 1.55501e-19 1.38063e-05 
7894.00 2.24430e-05 9.93796e-01 1.52683e-19 1.35328e-05 
7910.00 2.21828e-05 9.93841e-01 1.41901e-19 1.24571e-05 
7910.73 2.21673e-05 9.93843e-01 1.41430e-19 1.24083e-05 
7922.51 2.18944e-05 9.93870e-01 1.33983e-19 1.16278e-05 
7927.46 2.17956e-05 9.93880e-01 1.30973e-19 1.13225e-05 
7930.00 2.17555e-05 9.93884e-01 1.29453e-19 1.11741e-05 
7944.20 2.16975e-05 9.93910e-01 1.21259e-19 1.04580e-05 
7950.00 2.17469e-05 9.93921e-01 1.18063e-19 1.02130e-05 
7960.96 2.19143e-05 9.93947e-01 1.12239e-19 9.79769e-06 
7962.13 2.19333e-05 9.93950e-01 1.11636e-19 9.75494e-06 
7970.00 2.20391e-05 9.93975e-01 1.07646e-19 9.46126e-06 
7977.73 2.20754e-05 9.94003e-01 1.03864e-19 9.15305e-06 
7990.00 2.19909e-05 9.94052e-01 9.81218e-20 8.62755e-06 
7994.50 2.19224e-05 9.94070e-01 9.60921e-20 8.42768e-06 
8001.94 2.17954e-05 9.94100e-01 9.28320e-20 8.10234e-06 
8010.00 2.16893e-05 9.94131e-01 8.94172e-20 7.77438e-06 
8011.29 2.16795e-05 9.94136e-01 8.88808e-20 7.72553e-06 
8028.09 2.16324e-05 9.94192e-01 8.21919e-20 7.14397e-06 
8030.00 2.16190e-05 9.94198e-01 8.14642e-20 7.07807e-06 
8041.95 2.14692e-05 9.94230e-01 7.70460e-20 6.65791e-06 
8044.90 2.14373e-05 9.94237e-01 7.59894e-20 6.55930e-06 
8050.00 2.14130e-05 9.94248e-01 7.42005e-20 6.40175e-06 
8061.72 2.15028e-05 9.94273e-01 7.02395e-20 6.09443e-06 
8070.00 2.15171e-05 9.94293e-01 6.75683e-20 5.87271e-06 
8078.56 2.13612e-05 9.94318e-01 6.49106e-20 5.60692e-06 
8082.16 2.12725e-05 9.94330e-01 6.38229e-20 5.49258e-06 
8090.00 2.11243e-05 9.94361e-01 6.15148e-20 5.26232e-06 
8095.40 2.11070e-05 9.94384e-01 5.99732e-20 5.12980e-06 
8110.00 2.12557e-05 9.94442e-01 5.59910e-20 4.83190e-06 
8112.25 2.12769e-05 9.94449e-01 5.53998e-20 4.78701e-06 
8122.57 2.13163e-05 9.94470e-01 5.27707e-20 4.57419e-06 
8129.12 2.12947e-05 9.94471e-01 5.11647e-20 4.43404e-06 
8130.00 2.12891e-05 9.94471e-01 5.09522e-20 4.41495e-06 
8145.99 2.11510e-05 9.94453e-01 4.72437e-20 4.07500e-06 
8150.00 2.11338e-05 9.94450e-01 4.63571e-20 3.99721e-06 
8162.88 2.11307e-05 9.94459e-01 4.36146e-20 3.76617e-06 
8163.18 2.11292e-05 9.94460e-01 4.35528e-20 3.76071e-06 
8170.00 2.10427e-05 9.94484e-01 4.21678e-20 3.62931e-06 
8179.78 2.07265e-05 9.94536e-01 4.02565e-20 3.41701e-06 
8190.00 2.04173e-05 9.94603e-01 3.83495e-20 3.21081e-06 
8196.69 2.03711e-05 9.94647e-01 3.71498e-20 3.10599e-06 
8204.00 2.04166e-05 9.94690e-01 3.58808e-20 3.00941e-06 
8210.00 2.04580e-05 9.94719e-01 3.48702e-20 2.93282e-06 
8213.61 2.04619e-05 9.94734e-01 3.42764e-20 2.88472e-06 
8230.00 2.03908e-05 9.94779e-01 3.17008e-20 2.66411e-06 
8230.54 2.03902e-05 9.94780e-01 3.16194e-20 2.65738e-06 
8245.02 2.04618e-05 9.94800e-01 2.95084e-20 2.49309e-06 
8247.48 2.04833e-05 9.94802e-01 2.91631e-20 2.46726e-06 
8250.00 2.05058e-05 9.94805e-01 2.88142e-20 2.44117e-06 
8264.43 2.06068e-05 9.94819e-01 2.68928e-20 2.29365e-06 
8270.00 2.06185e-05 9.94826e-01 2.61860e-20 2.23615e-06 
8281.40 2.05702e-05 9.94847e-01 2.47950e-20 2.11536e-06 
8286.24 2.05217e-05 9.94860e-01 2.42260e-20 2.06319e-06 
8290.00 2.04736e-05 9.94872e-01 2.37934e-20 2.02254e-06 
8298.37 2.03359e-05 9.94906e-01 2.28568e-20 1.93187e-06 
8310.00 2.00827e-05 9.94972e-01 2.16161e-20 1.80690e-06 
8315.36 1.99451e-05 9.95012e-01 2.10667e-20 1.75011e-06 
