##### EXOPHOT SPECTRAL OVERLAP FILE #####
# Date: 01/12/2021 13:14:59
# SED file: SED_g2v.txt
# atmosphere file: atm_g2v_hzo_os1.txt
# photopigment file: ChlA-TD-DFT.txt
# Stellar radius (Rs in km): 6.963400e+05
# Exoplanet orbit semi-major axis (sma in km): 1.672066e+08
# Total absorption rate (gamma_t in s-1): 6.86285e+00
# B band absorption rate (gamma_B in s-1): 3.20607e+00
# Q band absorption rate (gamma_Q in s-1): 3.65677e+00
# B-Q bands cut-off (in nm): 500
# photosynthetic photon flux density [ppfd in micromol photon m-2 s-1]: 1.66029e+03
# Total Stellar Irradiance (S in W m-2): 1.07502e+03
# -------------------------------------------------
# Col 1: Wavelength (wl in Angstrom) 
# Col 2: Spectral Flux Density (F_l in J cm-2 s-1 A-1) 
# Col 3: Atmosphere transmitance (T, no units) 
# Col 4: Pigment absorption cross section (sigma_abs in cm-2) 
# Col 5: Spectral Absorption Rate (Gamma_lambda in A-1 s-1)
2305.33 7.24650e-07 1.28874e-29 0.00000e+00 0.00000e+00 
2311.24 5.67544e-07 0.00000e+00 -5.56996e-33 -0.00000e+00 
2315.00 5.19780e-07 -2.43756e-30 -4.71514e-33 6.96215e-51 
2320.85 4.90138e-07 -1.09126e-30 0.00000e+00 -0.00000e+00 
2322.80 4.85168e-07 0.00000e+00 1.80862e-33 0.00000e+00 
2325.00 4.78803e-07 1.22086e-30 3.62678e-33 2.48136e-51 
2334.41 3.81708e-07 0.00000e+00 3.01854e-33 0.00000e+00 
2335.00 3.69003e-07 -7.22485e-31 2.25238e-33 -7.05846e-52 
2336.37 3.35585e-07 -2.67374e-30 0.00000e+00 -0.00000e+00 
2345.00 2.18885e-07 -3.72103e-30 -1.72404e-32 1.65765e-50 
2346.09 2.41970e-07 0.00000e+00 -1.75597e-32 -0.00000e+00 
2351.91 4.53364e-07 2.79218e-29 0.00000e+00 0.00000e+00 
2355.00 5.13606e-07 2.65846e-29 2.80562e-32 4.54155e-49 
2357.82 4.76319e-07 0.00000e+00 6.98880e-32 0.00000e+00 
2365.00 2.65208e-07 -1.12880e-28 2.72734e-31 -9.72069e-48 
2367.46 2.62307e-07 -8.56190e-29 3.82353e-31 -1.02341e-47 
2369.61 2.90149e-07 0.00000e+00 5.00904e-31 0.00000e+00 
2375.00 3.60083e-07 3.72235e-28 1.02991e-30 1.65047e-46 
2381.45 2.59113e-07 0.00000e+00 2.49950e-30 0.00000e+00 
2383.02 2.26751e-07 -3.91416e-28 3.05883e-30 -3.25682e-46 
2385.00 1.98040e-07 -9.53595e-28 3.91341e-30 -8.87326e-46 
2393.36 2.47427e-07 0.00000e+00 1.13640e-29 0.00000e+00 
2395.00 2.64745e-07 1.53463e-27 1.39459e-29 6.83135e-45 
2398.60 2.84090e-07 5.10815e-27 2.14118e-29 3.75192e-44 
2405.00 2.73009e-07 9.22154e-28 4.48335e-29 1.36654e-44 
2405.33 2.71592e-07 0.00000e+00 4.66164e-29 0.00000e+00 
2414.18 3.00824e-07 -2.08177e-26 1.30765e-28 -9.95241e-43 
2415.00 3.18745e-07 -1.79084e-26 1.43067e-28 -9.92837e-43 
2417.35 3.89626e-07 0.00000e+00 1.84885e-28 0.00000e+00 
2425.00 6.37855e-07 8.48080e-26 4.37112e-28 2.88660e-41 
2429.44 6.57131e-07 0.00000e+00 7.10986e-28 0.00000e+00 
2429.77 6.55706e-07 -1.41390e-26 7.36030e-28 -8.34662e-42 
2435.00 6.41453e-07 -2.80796e-25 1.27469e-27 -2.81438e-40 
2441.59 7.51653e-07 0.00000e+00 2.58690e-27 0.00000e+00 
2445.00 8.28853e-07 6.70985e-25 3.68835e-27 2.52479e-39 
2445.37 8.36346e-07 7.46250e-25 3.82965e-27 2.94237e-39 
2453.80 9.06227e-07 0.00000e+00 8.97503e-27 0.00000e+00 
2455.00 8.96288e-07 -7.96516e-25 1.01534e-26 -8.95836e-39 
2460.98 7.85269e-07 -4.48597e-24 1.84707e-26 -8.06104e-38 
2465.00 7.13089e-07 -1.97089e-24 2.71287e-26 -4.73125e-38 
2466.07 7.02021e-07 0.00000e+00 3.00615e-26 0.00000e+00 
2475.00 6.07564e-07 1.58978e-23 7.12550e-26 8.57517e-37 
2476.61 5.56802e-07 1.10586e-23 8.27768e-26 6.35461e-37 
2478.40 4.87475e-07 0.00000e+00 9.75004e-26 0.00000e+00 
2485.00 2.56612e-07 -6.14456e-23 1.78877e-25 -3.52835e-36 
2490.79 2.79928e-07 0.00000e+00 3.03626e-25 0.00000e+00 
2492.24 3.17708e-07 5.13540e-23 3.45475e-25 7.07184e-36 
2495.00 4.13061e-07 1.62695e-22 4.39475e-25 3.70951e-35 
2503.24 6.66216e-07 0.00000e+00 9.03827e-25 0.00000e+00 
2505.00 6.52054e-07 -2.37192e-22 1.05264e-24 -2.05301e-34 
2507.89 5.46689e-07 -6.67733e-22 1.34578e-24 -6.20222e-34 
2513.00 2.95063e-07 -7.64340e-22 2.05795e-24 -5.87154e-34 
2515.76 2.29148e-07 0.00000e+00 2.58882e-24 0.00000e+00 
2518.00 2.08576e-07 1.16273e-21 3.11929e-24 9.58910e-34 
2523.54 2.02895e-07 3.39159e-21 4.90352e-24 4.28664e-33 
2525.00 2.11060e-07 3.13255e-21 5.50526e-24 4.62665e-33 
2528.34 2.42790e-07 0.00000e+00 7.16245e-24 0.00000e+00 
2535.00 2.93065e-07 -1.22196e-20 1.21056e-23 -5.53230e-32 
2539.21 2.81762e-07 -8.10712e-21 1.67466e-23 -4.88985e-32 
2540.98 2.86207e-07 0.00000e+00 1.91386e-23 0.00000e+00 
2545.00 3.76098e-07 3.04640e-20 2.58639e-23 3.79660e-31 
2553.68 8.74482e-07 0.00000e+00 4.92436e-23 0.00000e+00 
2554.88 9.08003e-07 -3.03913e-20 5.37152e-23 -1.90646e-30 
2555.00 9.10043e-07 -3.36321e-20 5.41637e-23 -2.13225e-30 
2565.00 7.69975e-07 -9.79668e-20 1.10121e-22 -1.07259e-29 
2566.45 7.98440e-07 0.00000e+00 1.21926e-22 0.00000e+00 
2570.57 9.81078e-07 4.36843e-19 1.62131e-22 8.99182e-29 
2575.00 1.16720e-06 6.69936e-19 2.18669e-22 2.21650e-28 
2579.28 1.17062e-06 0.00000e+00 2.91321e-22 0.00000e+00 
2585.00 1.03724e-06 -2.19081e-18 4.24910e-22 -1.25650e-27 
2586.27 1.01315e-06 -2.47249e-18 4.61367e-22 -1.50471e-27 
2592.18 9.44238e-07 0.00000e+00 6.72713e-22 0.00000e+00 
2595.00 9.09391e-07 4.09518e-18 8.03853e-22 3.91075e-27 
2601.98 7.66310e-07 8.54237e-18 1.24002e-21 1.06326e-26 
2605.00 7.07825e-07 6.02742e-19 1.48903e-21 8.33087e-28 
2605.14 7.05535e-07 0.00000e+00 1.50173e-21 0.00000e+00 
2615.00 6.40879e-07 -3.20622e-17 2.69693e-21 -7.29515e-26 
2617.70 6.49858e-07 -7.18144e-18 3.15339e-21 -1.93932e-26 
2618.17 6.54289e-07 0.00000e+00 3.23976e-21 0.00000e+00 
2625.00 9.41729e-07 1.29235e-16 4.77144e-21 7.67375e-25 
2631.26 1.65697e-06 0.00000e+00 6.75307e-21 0.00000e+00 
2633.43 1.90494e-06 -1.60127e-16 7.60029e-21 -3.07341e-24 
2635.00 2.05258e-06 -2.90210e-16 8.27377e-21 -6.53762e-24 
2644.41 2.71610e-06 0.00000e+00 1.36135e-20 0.00000e+00 
2645.00 2.79497e-06 1.43081e-16 1.40347e-20 7.47328e-24 
2649.17 3.52733e-06 1.37703e-15 1.73900e-20 1.12648e-22 
2655.00 4.09183e-06 1.53619e-15 2.33156e-20 1.95883e-22 
2657.64 3.78893e-06 0.00000e+00 2.65657e-20 0.00000e+00 
2664.92 2.31917e-06 -7.02021e-15 3.78340e-20 -8.26366e-22 
2665.00 2.30892e-06 -7.04976e-15 3.79828e-20 -8.29450e-22 
2670.92 2.27985e-06 0.00000e+00 5.02086e-20 0.00000e+00 
2675.00 2.73135e-06 1.65868e-14 6.06128e-20 3.69787e-21 
2680.68 3.31865e-06 2.51761e-14 7.83871e-20 8.83817e-21 
2684.28 3.37801e-06 0.00000e+00 9.19353e-20 0.00000e+00 
2685.00 3.34148e-06 -9.34065e-15 9.48907e-20 -4.00320e-21 
2695.00 2.23054e-06 -8.20960e-14 1.45765e-19 -3.62132e-20 
2696.45 2.24711e-06 -4.70998e-14 1.54895e-19 -2.22534e-20 
2697.70 2.31925e-06 0.00000e+00 1.63143e-19 0.00000e+00 
2705.00 2.91845e-06 3.71328e-13 2.19698e-19 3.24211e-19 
2711.19 2.44027e-06 0.00000e+00 2.80678e-19 0.00000e+00 
2712.24 2.29459e-06 -1.95381e-13 2.92339e-19 -1.78947e-19 
2715.00 1.90804e-06 -8.10248e-13 3.25211e-19 -6.87171e-19 
2724.74 1.30758e-06 0.00000e+00 4.68408e-19 0.00000e+00 
2725.00 1.31474e-06 1.64550e-13 4.72801e-19 1.40316e-19 
2728.03 1.48214e-06 2.58679e-12 5.27721e-19 2.77861e-18 
2735.00 1.79281e-06 4.85410e-12 6.75387e-19 8.09238e-18 
2738.37 1.55533e-06 0.00000e+00 7.58652e-19 0.00000e+00 
2743.83 9.87592e-07 -1.60773e-11 9.12391e-19 -2.00103e-17 
2745.00 9.18283e-07 -1.86099e-11 9.48411e-19 -2.23966e-17 
2752.06 1.14738e-06 0.00000e+00 1.19304e-18 0.00000e+00 
2755.00 1.38716e-06 3.20623e-11 1.30947e-18 8.07720e-17 
2759.65 1.70111e-06 7.47807e-11 1.51283e-18 2.67356e-16 
2765.00 1.95785e-06 2.41505e-11 1.77848e-18 1.17050e-16 
2765.82 1.98976e-06 0.00000e+00 1.82240e-18 0.00000e+00 
2775.00 1.99214e-06 -2.84797e-10 2.37675e-18 -1.88376e-15 
2775.47 1.96293e-06 -2.77916e-10 2.40876e-18 -1.83599e-15 
2779.65 1.58408e-06 0.00000e+00 2.70517e-18 0.00000e+00 
2785.00 1.00093e-06 8.28104e-10 3.12645e-18 3.63320e-15 
2791.31 5.52027e-07 7.58212e-10 3.68751e-18 2.16878e-15 
2793.55 4.58287e-07 0.00000e+00 3.90386e-18 0.00000e+00 
2795.00 4.11472e-07 -7.65878e-10 4.04946e-18 -1.79557e-15 
2805.00 5.19314e-07 -3.06861e-09 5.16600e-18 -1.16247e-14 
2807.16 6.98136e-07 -5.83796e-10 5.43429e-18 -3.12993e-15 
2807.52 7.33258e-07 0.00000e+00 5.47950e-18 0.00000e+00 
2815.00 1.69227e-06 1.47409e-08 6.49352e-18 2.29550e-13 
2821.55 2.52434e-06 0.00000e+00 7.48399e-18 0.00000e+00 
2823.02 2.65333e-06 -1.08126e-08 7.71876e-18 -3.14706e-13 
2825.00 2.77239e-06 -2.78883e-08 8.04436e-18 -8.84522e-13 
2835.00 2.41298e-06 -1.45974e-08 9.82527e-18 -4.93913e-13 
2835.66 2.35048e-06 0.00000e+00 9.95110e-18 0.00000e+00 
2838.89 2.00931e-06 9.70821e-08 1.05796e-17 2.94934e-12 
2845.00 1.27648e-06 2.14563e-07 1.18351e-17 4.64244e-12 
2849.84 7.57552e-07 0.00000e+00 1.28872e-17 0.00000e+00 
2854.77 5.93824e-07 -5.63687e-07 1.40095e-17 -6.73926e-12 
2855.00 6.00929e-07 -5.88800e-07 1.40637e-17 -7.15189e-12 
2864.09 1.79595e-06 0.00000e+00 1.62637e-17 0.00000e+00 
2865.00 1.97147e-06 3.39193e-07 1.64926e-17 1.59065e-11 
2870.66 2.99121e-06 3.66136e-06 1.79448e-17 2.84010e-10 
2875.00 3.40111e-06 7.11800e-06 1.90927e-17 6.68968e-10 
2878.41 3.34485e-06 1.00000e-05 2.00118e-17 9.69924e-10 
2885.00 3.03790e-06 1.61530e-05 2.18263e-17 1.55552e-09 
2886.56 3.07887e-06 1.81097e-05 2.22619e-17 1.80372e-09 
2892.80 3.71871e-06 3.00000e-05 2.40226e-17 3.90279e-09 
2895.00 4.02544e-06 3.63301e-05 2.46481e-17 5.25332e-09 
2902.47 4.94726e-06 7.16005e-05 2.67832e-17 1.38623e-08 
2907.27 5.34266e-06 1.10000e-04 2.81526e-17 2.42146e-08 
2910.00 5.46886e-06 1.39421e-04 2.89312e-17 3.23152e-08 
2918.40 5.39415e-06 2.90446e-04 3.12938e-17 7.20299e-08 
2921.80 5.23653e-06 3.90000e-04 3.22347e-17 9.68290e-08 
2930.00 4.80888e-06 7.52443e-04 3.44414e-17 1.83818e-07 
2934.33 4.65755e-06 1.02078e-03 3.55658e-17 2.49779e-07 
2936.41 4.60936e-06 1.17000e-03 3.60941e-17 2.87742e-07 
2950.00 4.57106e-06 2.75719e-03 3.93265e-17 7.36062e-07 
2950.28 4.57360e-06 2.80689e-03 3.93876e-17 7.50981e-07 
2951.09 4.58156e-06 2.96000e-03 3.95680e-17 7.97178e-07 
2965.85 4.76986e-06 7.31000e-03 4.25243e-17 2.21377e-06 
2966.23 4.77418e-06 7.46627e-03 4.25931e-17 2.26710e-06 
2970.00 4.80971e-06 9.13010e-03 4.32476e-17 2.83946e-06 
2980.68 4.83004e-06 1.52100e-02 4.48788e-17 4.94720e-06 
2982.20 4.82473e-06 1.62545e-02 4.50842e-17 5.30800e-06 
2990.00 4.77466e-06 2.23887e-02 4.60326e-17 7.40681e-06 
2995.58 4.72600e-06 2.76400e-02 4.66061e-17 9.18077e-06 
2998.18 4.70672e-06 3.03477e-02 4.68440e-17 1.00990e-05 
3010.00 4.73536e-06 4.49898e-02 4.77097e-17 1.54015e-05 
3010.56 4.74414e-06 4.57800e-02 4.77424e-17 1.57148e-05 
3014.16 4.81848e-06 5.10922e-02 4.79365e-17 1.79069e-05 
3025.61 5.14132e-06 6.94600e-02 4.83802e-17 2.63156e-05 
3030.00 5.24246e-06 7.67382e-02 4.84907e-17 2.97558e-05 
3030.16 5.24550e-06 7.70149e-02 4.84943e-17 2.98842e-05 
3040.74 5.35393e-06 9.62800e-02 4.86548e-17 3.83917e-05 
3046.18 5.39818e-06 1.07903e-01 4.86948e-17 4.34952e-05 
3050.00 5.45207e-06 1.16613e-01 4.87112e-17 4.75510e-05 
3055.94 5.58617e-06 1.30430e-01 4.87243e-17 5.46142e-05 
3062.20 5.72816e-06 1.44677e-01 4.87308e-17 6.22552e-05 
3070.00 5.76852e-06 1.61707e-01 4.87436e-17 7.02704e-05 
3071.22 5.75078e-06 1.64290e-01 4.87471e-17 7.12067e-05 
3078.23 5.55621e-06 1.78921e-01 4.87801e-17 7.51462e-05 
3086.58 5.34547e-06 1.97880e-01 4.88588e-17 8.03029e-05 
3090.00 5.34673e-06 2.06705e-01 4.89062e-17 8.40786e-05 
3094.27 5.45871e-06 2.18178e-01 4.89794e-17 9.08648e-05 
3102.01 5.83509e-06 2.37690e-01 4.91548e-17 1.06461e-04 
3110.00 6.15955e-06 2.53349e-01 4.93954e-17 1.20681e-04 
3110.33 6.16627e-06 2.53926e-01 4.94066e-17 1.21128e-04 
3117.52 6.16099e-06 2.66580e-01 4.96778e-17 1.28048e-04 
3126.39 5.90092e-06 2.84216e-01 5.00747e-17 1.32176e-04 
3130.00 5.77170e-06 2.91827e-01 5.02540e-17 1.33373e-04 
3133.11 5.66922e-06 2.98410e-01 5.04158e-17 1.34525e-04 
3142.47 5.47615e-06 3.17725e-01 5.09367e-17 1.40201e-04 
3148.77 5.50121e-06 3.30230e-01 5.13087e-17 1.47751e-04 
3150.00 5.52539e-06 3.32609e-01 5.13823e-17 1.49742e-04 
3158.56 5.82367e-06 3.48460e-01 5.19017e-17 1.67472e-04 
3164.52 6.01891e-06 3.58280e-01 5.22629e-17 1.79541e-04 
3170.00 6.05290e-06 3.66151e-01 5.25889e-17 1.85995e-04 
3174.66 5.91610e-06 3.72205e-01 5.28580e-17 1.86015e-04 
3180.34 5.63972e-06 3.79240e-01 5.31731e-17 1.82079e-04 
3190.00 5.34937e-06 3.91788e-01 5.36646e-17 1.80616e-04 
3190.77 5.35557e-06 3.92890e-01 5.37009e-17 1.81500e-04 
3196.24 5.52697e-06 4.01550e-01 5.39472e-17 1.92645e-04 
3206.89 5.94657e-06 4.20284e-01 5.43589e-17 2.19324e-04 
3210.00 5.93438e-06 4.24422e-01 5.44622e-17 2.21665e-04 
3212.22 5.85693e-06 4.26530e-01 5.45314e-17 2.20290e-04 
3223.02 5.09942e-06 4.29212e-01 5.48182e-17 1.94672e-04 
3228.29 4.86945e-06 4.31940e-01 5.49328e-17 1.87772e-04 
3230.00 4.86517e-06 4.33840e-01 5.49675e-17 1.88651e-04 
3239.16 5.49354e-06 4.49718e-01 5.51395e-17 2.22132e-04 
3244.43 6.14168e-06 4.58880e-01 5.52360e-17 2.54255e-04 
3250.00 6.84092e-06 4.65211e-01 5.53459e-17 2.88175e-04 
3255.32 7.38190e-06 4.68679e-01 5.54666e-17 3.14479e-04 
3260.65 7.77754e-06 4.71020e-01 5.56122e-17 3.34410e-04 
3270.00 8.13357e-06 4.75831e-01 5.59583e-17 3.56508e-04 
3271.48 8.15236e-06 4.76882e-01 5.60267e-17 3.58721e-04 
3276.95 8.14689e-06 4.81890e-01 5.63202e-17 3.64752e-04 
3287.66 7.91379e-06 4.95370e-01 5.71212e-17 3.70613e-04 
3290.00 7.84544e-06 4.97885e-01 5.73447e-17 3.70987e-04 
3293.34 7.74858e-06 5.00510e-01 5.76975e-17 3.70980e-04 
3303.84 7.48714e-06 5.02044e-01 5.91089e-17 3.69533e-04 
3309.80 7.39855e-06 5.03420e-01 6.01429e-17 3.73239e-04 
3310.00 7.39668e-06 5.03528e-01 6.01801e-17 3.73478e-04 
3320.04 7.38911e-06 5.13283e-01 6.23828e-17 3.95440e-04 
3326.35 7.45340e-06 5.19280e-01 6.40921e-17 4.15386e-04 
3330.00 7.50665e-06 5.21063e-01 6.52053e-17 4.27550e-04 
3336.25 7.59611e-06 5.22214e-01 6.73418e-17 4.48649e-04 
3342.98 7.57564e-06 5.23840e-01 6.99859e-17 4.67397e-04 
3350.00 7.26242e-06 5.28699e-01 7.31443e-17 4.73629e-04 
3352.47 7.05318e-06 5.30805e-01 7.43604e-17 4.69840e-04 
3359.70 6.27702e-06 5.36060e-01 7.82351e-17 4.45238e-04 
3368.70 5.51304e-06 5.38298e-01 8.37570e-17 4.21523e-04 
3370.00 5.46843e-06 5.38447e-01 8.46168e-17 4.22683e-04 
3376.50 5.55786e-06 5.39860e-01 8.91834e-17 4.54844e-04 
3384.95 6.09370e-06 5.44881e-01 9.57648e-17 5.41831e-04 
3390.00 6.39330e-06 5.48487e-01 1.00053e-16 5.98750e-04 
3393.38 6.50817e-06 5.50570e-01 1.03070e-16 6.30900e-04 
3401.20 6.56322e-06 5.53624e-01 1.10506e-16 6.87501e-04 
3410.00 6.52699e-06 5.56193e-01 1.19623e-16 7.45474e-04 
3410.35 6.52809e-06 5.56320e-01 1.19999e-16 7.48190e-04 
3417.47 6.61746e-06 5.59534e-01 1.27973e-16 8.15196e-04 
3427.40 6.85021e-06 5.64270e-01 1.39913e-16 9.33117e-04 
3430.00 6.90927e-06 5.65204e-01 1.43191e-16 9.65538e-04 
3433.74 6.98157e-06 5.66324e-01 1.48015e-16 1.01161e-03 
3444.54 7.12424e-06 5.69540e-01 1.62576e-16 1.14386e-03 
3450.00 7.17633e-06 5.71968e-01 1.70293e-16 1.21398e-03 
3450.03 7.17662e-06 5.71984e-01 1.70339e-16 1.21441e-03 
3461.76 7.30368e-06 5.77930e-01 1.87578e-16 1.37981e-03 
3466.33 7.38063e-06 5.79864e-01 1.94518e-16 1.45268e-03 
3470.00 7.46175e-06 5.81231e-01 2.00159e-16 1.51641e-03 
3479.07 7.74559e-06 5.84400e-01 2.14342e-16 1.69925e-03 
3482.64 7.88341e-06 5.85731e-01 2.20008e-16 1.78108e-03 
3490.00 8.19614e-06 5.88596e-01 2.31764e-16 1.96436e-03 
3496.46 8.47044e-06 5.91040e-01 2.42153e-16 2.13385e-03 
3498.96 8.55601e-06 5.91921e-01 2.46179e-16 2.19609e-03 
3510.00 8.58666e-06 5.95549e-01 2.63908e-16 2.38465e-03 
3513.95 8.40408e-06 5.96860e-01 2.70203e-16 2.39757e-03 
3515.30 8.32547e-06 5.97324e-01 2.72351e-16 2.39681e-03 
3530.00 7.86410e-06 6.02652e-01 2.95326e-16 2.48723e-03 
3531.51 7.94016e-06 6.03200e-01 2.97641e-16 2.53436e-03 
3531.64 7.94789e-06 6.03245e-01 2.97834e-16 2.53875e-03 
3548.00 9.22417e-06 6.08844e-01 3.21969e-16 3.22964e-03 
3549.17 9.22241e-06 6.09230e-01 3.23635e-16 3.24887e-03 
3550.00 9.20407e-06 6.09500e-01 3.24802e-16 3.25630e-03 
3564.36 7.37715e-06 6.14028e-01 3.44173e-16 2.79743e-03 
3566.92 6.99384e-06 6.14790e-01 3.47430e-16 2.68242e-03 
3570.00 6.61742e-06 6.15688e-01 3.51278e-16 2.57213e-03 
3580.74 6.26545e-06 6.18607e-01 3.63967e-16 2.54288e-03 
3584.75 6.40613e-06 6.19600e-01 3.68402e-16 2.63883e-03 
3590.00 6.69546e-06 6.20831e-01 3.73947e-16 2.80920e-03 
3597.13 7.13533e-06 6.22559e-01 3.81005e-16 3.06482e-03 
3602.68 7.45603e-06 6.24120e-01 3.86103e-16 3.25858e-03 
3610.00 7.78364e-06 6.26649e-01 3.92310e-16 3.47750e-03 
3613.53 7.88247e-06 6.28026e-01 3.95088e-16 3.55786e-03 
3620.69 7.96789e-06 6.31010e-01 4.00287e-16 3.66831e-03 
3629.94 7.90127e-06 6.34994e-01 4.06167e-16 3.72387e-03 
3630.00 7.90042e-06 6.35017e-01 4.06199e-16 3.72395e-03 
3638.79 7.94315e-06 6.38580e-01 4.10917e-16 3.81806e-03 
3640.00 8.01880e-06 6.39032e-01 4.11500e-16 3.86391e-03 
3646.37 8.74280e-06 6.41265e-01 4.14331e-16 4.26402e-03 
3650.00 9.18777e-06 6.42454e-01 4.15761e-16 4.50933e-03 
3656.99 9.64778e-06 6.44660e-01 4.18150e-16 4.78781e-03 
3662.80 9.68817e-06 6.46485e-01 4.19790e-16 4.84808e-03 
3670.00 9.48084e-06 6.48738e-01 4.21403e-16 4.78854e-03 
3675.27 9.25832e-06 6.50370e-01 4.22310e-16 4.70475e-03 
3679.25 9.10301e-06 6.51585e-01 4.22848e-16 4.64540e-03 
3690.00 9.00310e-06 6.54820e-01 4.23719e-16 4.64025e-03 
3693.65 9.14164e-06 6.55910e-01 4.23836e-16 4.72548e-03 
3695.71 9.24471e-06 6.56525e-01 4.23865e-16 4.78623e-03 
3710.00 9.43462e-06 6.60784e-01 4.23394e-16 4.92976e-03 
3712.12 9.24953e-06 6.61410e-01 4.23234e-16 4.83855e-03 
3712.18 9.24326e-06 6.61428e-01 4.23229e-16 4.83543e-03 
3728.66 6.94044e-06 6.66237e-01 4.21315e-16 3.65678e-03 
3730.00 6.82783e-06 6.66625e-01 4.21114e-16 3.59911e-03 
3730.68 6.78260e-06 6.66820e-01 4.21010e-16 3.57609e-03 
3745.15 7.23100e-06 6.70948e-01 4.18461e-16 3.82767e-03 
3749.33 7.64028e-06 6.72120e-01 4.17623e-16 4.04779e-03 
3750.00 7.70813e-06 6.72306e-01 4.17486e-16 4.08425e-03 
3761.65 8.80164e-06 6.75465e-01 4.14943e-16 4.67150e-03 
3768.08 9.22842e-06 6.77090e-01 4.13440e-16 4.90037e-03 
3770.00 9.31646e-06 6.77554e-01 4.12978e-16 4.94750e-03 
3778.17 9.49547e-06 6.79427e-01 4.10957e-16 5.04267e-03 
3786.92 9.57404e-06 6.81330e-01 4.08700e-16 5.08238e-03 
3790.00 9.63778e-06 6.81995e-01 4.07884e-16 5.11514e-03 
3794.70 9.79211e-06 6.83033e-01 4.06619e-16 5.19524e-03 
3805.85 9.76639e-06 6.85850e-01 4.03512e-16 5.17839e-03 
3810.00 9.33701e-06 6.87097e-01 4.02318e-16 4.95044e-03 
3811.23 9.14255e-06 6.87488e-01 4.01959e-16 4.84733e-03 
3824.88 6.22248e-06 6.92030e-01 3.97846e-16 3.29871e-03 
3827.78 5.79674e-06 6.92970e-01 3.96935e-16 3.07248e-03 
3830.00 5.61137e-06 6.93671e-01 3.96230e-16 2.97367e-03 
3844.01 6.83022e-06 6.97820e-01 3.91564e-16 3.61151e-03 
3844.34 6.87916e-06 6.97915e-01 3.91447e-16 3.63711e-03 
3850.00 7.55976e-06 6.99481e-01 3.89442e-16 3.99127e-03 
3860.92 7.69059e-06 7.02389e-01 3.85351e-16 4.04583e-03 
3863.23 7.60392e-06 7.02990e-01 3.84445e-16 3.99663e-03 
3870.00 7.37930e-06 7.04733e-01 3.81696e-16 3.86716e-03 
3877.50 7.47321e-06 7.06634e-01 3.78486e-16 3.90146e-03 
3882.54 7.79455e-06 7.07900e-01 3.76223e-16 4.05740e-03 
3890.00 8.67411e-06 7.09758e-01 3.72709e-16 4.49343e-03 
3894.10 9.34327e-06 7.10771e-01 3.70690e-16 4.82581e-03 
3901.96 1.04368e-05 7.12700e-01 3.66633e-16 5.35686e-03 
3910.00 1.02425e-05 7.14655e-01 3.62219e-16 5.21884e-03 
3910.70 1.01206e-05 7.14825e-01 3.61819e-16 5.15320e-03 
3921.46 6.97136e-06 7.17420e-01 3.55447e-16 3.50944e-03 
3927.32 5.59054e-06 7.18831e-01 3.51763e-16 2.79480e-03 
3930.00 5.38993e-06 7.19477e-01 3.50028e-16 2.68546e-03 
3941.07 7.50500e-06 7.22170e-01 3.42506e-16 3.68295e-03 
3943.95 8.26550e-06 7.22878e-01 3.40457e-16 4.03879e-03 
3950.00 9.17055e-06 7.24351e-01 3.36034e-16 4.43862e-03 
3960.59 7.53843e-06 7.26762e-01 3.27887e-16 3.58163e-03 
3960.78 7.49641e-06 7.26800e-01 3.27742e-16 3.56044e-03 
3970.00 6.32821e-06 7.28616e-01 3.20241e-16 2.95101e-03 
3977.25 7.88322e-06 7.30021e-01 3.14093e-16 3.61912e-03 
3980.58 9.10346e-06 7.30710e-01 3.11194e-16 4.14812e-03 
3990.00 1.24601e-05 7.32880e-01 3.02767e-16 5.55340e-03 
3993.91 1.32245e-05 7.33844e-01 2.99168e-16 5.83742e-03 
4000.48 1.36376e-05 7.35480e-01 2.93004e-16 5.91860e-03 
4010.00 1.33341e-05 7.37793e-01 2.83829e-16 5.63666e-03 
4010.59 1.33135e-05 7.37933e-01 2.83251e-16 5.61841e-03 
4020.49 1.31797e-05 7.40250e-01 2.73414e-16 5.39889e-03 
4027.28 1.31906e-05 7.41799e-01 2.66520e-16 5.28707e-03 
4030.00 1.31859e-05 7.42413e-01 2.63730e-16 5.23774e-03 
4040.59 1.30159e-05 7.44770e-01 2.52739e-16 4.98353e-03 
4043.98 1.29109e-05 7.45518e-01 2.49182e-16 4.88274e-03 
4050.00 1.26673e-05 7.46838e-01 2.42828e-16 4.68367e-03 
4060.69 1.22015e-05 7.49148e-01 2.31461e-16 4.32495e-03 
4060.79 1.21987e-05 7.49170e-01 2.31353e-16 4.32219e-03 
4070.00 1.22725e-05 7.51117e-01 2.21515e-16 4.18370e-03 
4077.41 1.29051e-05 7.52665e-01 2.13588e-16 4.25841e-03 
4081.10 1.33038e-05 7.53430e-01 2.09659e-16 4.31749e-03 
4090.00 1.40342e-05 7.55274e-01 2.00186e-16 4.36891e-03 
4094.15 1.40995e-05 7.56131e-01 1.95794e-16 4.30215e-03 
4101.50 1.38766e-05 7.57640e-01 1.88062e-16 4.08238e-03 
4110.00 1.35201e-05 7.59372e-01 1.79220e-16 3.80702e-03 
4110.90 1.34991e-05 7.59554e-01 1.78294e-16 3.78321e-03 
4122.01 1.35350e-05 7.61810e-01 1.66948e-16 3.57206e-03 
4127.66 1.36293e-05 7.62955e-01 1.61285e-16 3.48492e-03 
4130.00 1.36549e-05 7.63427e-01 1.58956e-16 3.44514e-03 
4142.62 1.36093e-05 7.65870e-01 1.46664e-16 3.18797e-03 
4144.43 1.35985e-05 7.66199e-01 1.44940e-16 3.15072e-03 
4150.00 1.36006e-05 7.67187e-01 1.39683e-16 3.04491e-03 
4161.21 1.37680e-05 7.69146e-01 1.29403e-16 2.87057e-03 
4163.33 1.37909e-05 7.69530e-01 1.27501e-16 2.83593e-03 
4170.00 1.37568e-05 7.70780e-01 1.21629e-16 2.70735e-03 
4178.00 1.34497e-05 7.72343e-01 1.14786e-16 2.50787e-03 
4184.15 1.31629e-05 7.73560e-01 1.09686e-16 2.35249e-03 
4190.00 1.29994e-05 7.74711e-01 1.04960e-16 2.22958e-03 
4194.81 1.30130e-05 7.75648e-01 1.01172e-16 2.15643e-03 
4205.07 1.32329e-05 7.77630e-01 9.33794e-17 2.03411e-03 
4210.00 1.32622e-05 7.78573e-01 8.97786e-17 1.96468e-03 
4211.63 1.32417e-05 7.78882e-01 8.86121e-17 1.93768e-03 
4226.10 1.27396e-05 7.81580e-01 7.86755e-17 1.66660e-03 
4228.45 1.26823e-05 7.82008e-01 7.71316e-17 1.62835e-03 
4230.00 1.26605e-05 7.82286e-01 7.61320e-17 1.60564e-03 
4245.30 1.28720e-05 7.84969e-01 6.67303e-17 1.44096e-03 
4247.23 1.28867e-05 7.85300e-01 6.56069e-17 1.41957e-03 
4250.00 1.28748e-05 7.85774e-01 6.40163e-17 1.38561e-03 
4262.15 1.23832e-05 7.87842e-01 5.73866e-17 1.20125e-03 
4268.46 1.20534e-05 7.88930e-01 5.41529e-17 1.10654e-03 
4270.00 1.19869e-05 7.89198e-01 5.33864e-17 1.08561e-03 
4279.01 1.16853e-05 7.90788e-01 4.90619e-17 9.76583e-04 
4289.80 1.09258e-05 7.92700e-01 4.42488e-17 8.27608e-04 
4290.00 1.09023e-05 7.92735e-01 4.41649e-17 8.24332e-04 
4295.89 1.00560e-05 7.93765e-01 4.17035e-17 7.19893e-04 
4310.00 9.08591e-06 7.96171e-01 3.62512e-17 5.68981e-04 
4311.25 9.22439e-06 7.96380e-01 3.57963e-17 5.70720e-04 
4312.78 9.45417e-06 7.96633e-01 3.52489e-17 5.76379e-04 
4329.68 1.32102e-05 7.99390e-01 2.96288e-17 6.81965e-04 
4330.00 1.32475e-05 7.99443e-01 2.95295e-17 6.81692e-04 
4332.81 1.34454e-05 7.99900e-01 2.86739e-17 6.72648e-04 
4346.59 1.27294e-05 8.02159e-01 2.47701e-17 5.53436e-04 
4350.00 1.26163e-05 8.02715e-01 2.38766e-17 5.29516e-04 
4354.47 1.27640e-05 8.03440e-01 2.27458e-17 5.11328e-04 
4363.51 1.35711e-05 8.04877e-01 2.05987e-17 4.94244e-04 
4370.00 1.39360e-05 8.05880e-01 1.91675e-17 4.73563e-04 
4376.25 1.37155e-05 8.06820e-01 1.78708e-17 4.35670e-04 
4380.45 1.33641e-05 8.07438e-01 1.70411e-17 4.05499e-04 
4390.00 1.26563e-05 8.08799e-01 1.52800e-17 3.45667e-04 
4397.40 1.27355e-05 8.09821e-01 1.40268e-17 3.20245e-04 
4398.13 1.27716e-05 8.09920e-01 1.39084e-17 3.18535e-04 
4410.00 1.36749e-05 8.11407e-01 1.20989e-17 2.98038e-04 
4414.36 1.40035e-05 8.11820e-01 1.14887e-17 2.90242e-04 
4420.12 1.43490e-05 8.12180e-01 1.07244e-17 2.78101e-04 
4430.00 1.46331e-05 8.12338e-01 9.51760e-18 2.52306e-04 
4431.33 1.46358e-05 8.12349e-01 9.36478e-18 2.48379e-04 
4442.22 1.44872e-05 8.12830e-01 8.19421e-18 2.15781e-04 
4448.31 1.44551e-05 8.13652e-01 7.59792e-18 2.00111e-04 
4450.00 1.44765e-05 8.13947e-01 7.44005e-18 1.96389e-04 
4464.43 1.50812e-05 8.17120e-01 6.20561e-18 1.71868e-04 
4465.31 1.51182e-05 8.17326e-01 6.13669e-18 1.70453e-04 
4470.00 1.52589e-05 8.18407e-01 5.78111e-18 1.62455e-04 
4482.32 1.52401e-05 8.21076e-01 4.93512e-18 1.39346e-04 
4486.75 1.52995e-05 8.21960e-01 4.65951e-18 1.32350e-04 
4490.00 1.54367e-05 8.22578e-01 4.46666e-18 1.28198e-04 
4499.34 1.62545e-05 8.24228e-01 3.95269e-18 1.19946e-04 
4509.19 1.68828e-05 8.25810e-01 3.47047e-18 1.09833e-04 
4510.00 1.68840e-05 8.25936e-01 3.43313e-18 1.08696e-04 
4516.37 1.65689e-05 8.26894e-01 3.15402e-18 9.82469e-05 
4530.00 1.53063e-05 8.28833e-01 2.62676e-18 7.59941e-05 
4531.73 1.52254e-05 8.29070e-01 2.56613e-18 7.38969e-05 
4533.41 1.51781e-05 8.29299e-01 2.50850e-18 7.20595e-05 
4550.00 1.58111e-05 8.31462e-01 2.00272e-18 6.03061e-05 
4550.47 1.58445e-05 8.31520e-01 1.98998e-18 6.00592e-05 
4554.39 1.61247e-05 8.32000e-01 1.88635e-18 5.80218e-05 
4567.54 1.67463e-05 8.33522e-01 1.57625e-18 5.05905e-05 
4570.00 1.67449e-05 8.33796e-01 1.52406e-18 4.89534e-05 
4577.16 1.64808e-05 8.34580e-01 1.38207e-18 4.38020e-05 
4584.62 1.60498e-05 8.35385e-01 1.24866e-18 3.86391e-05 
4590.00 1.58404e-05 8.35967e-01 1.16071e-18 3.55153e-05 
4600.05 1.59356e-05 8.37070e-01 1.01389e-18 3.13191e-05 
4601.71 1.59855e-05 8.37256e-01 9.91655e-19 3.07458e-05 
4610.00 1.61994e-05 8.38207e-01 8.88528e-19 2.79993e-05 
4618.81 1.61703e-05 8.39263e-01 7.92430e-19 2.50052e-05 
4623.05 1.60946e-05 8.39790e-01 7.50774e-19 2.36163e-05 
4630.00 1.59751e-05 8.40683e-01 6.88321e-19 2.15462e-05 
4635.93 1.59407e-05 8.41461e-01 6.40507e-19 2.00505e-05 
4646.16 1.60330e-05 8.42810e-01 5.68719e-19 1.79746e-05 
4650.00 1.61066e-05 8.43307e-01 5.45068e-19 1.73307e-05 
4653.06 1.61763e-05 8.43693e-01 5.27423e-19 1.68610e-05 
4669.39 1.65060e-05 8.45380e-01 4.49575e-19 1.47462e-05 
4670.00 1.65106e-05 8.45424e-01 4.47184e-19 1.46745e-05 
4670.20 1.65119e-05 8.45439e-01 4.46415e-19 1.46513e-05 
4687.35 1.62737e-05 8.46254e-01 3.92159e-19 1.27438e-05 
4690.00 1.61808e-05 8.46352e-01 3.85883e-19 1.24768e-05 
4692.74 1.60722e-05 8.46460e-01 3.79948e-19 1.22111e-05 
4704.51 1.56414e-05 8.47059e-01 3.60530e-19 1.13128e-05 
4710.00 1.55875e-05 8.47419e-01 3.54659e-19 1.11078e-05 
4716.20 1.57182e-05 8.47890e-01 3.50308e-19 1.10843e-05 
4721.69 1.59413e-05 8.48353e-01 3.48402e-19 1.11996e-05 
4730.00 1.62921e-05 8.49001e-01 3.48819e-19 1.14887e-05 
4738.88 1.64871e-05 8.49372e-01 3.53472e-19 1.18085e-05 
4739.79 1.64971e-05 8.49380e-01 3.54183e-19 1.18418e-05 
4750.00 1.65432e-05 8.49137e-01 3.65117e-19 1.22644e-05 
4756.08 1.65518e-05 8.48935e-01 3.74113e-19 1.25862e-05 
4763.48 1.65585e-05 8.48950e-01 3.87496e-19 1.30623e-05 
4770.00 1.65593e-05 8.49393e-01 4.01436e-19 1.35584e-05 
4773.29 1.65570e-05 8.49763e-01 4.09241e-19 1.38357e-05 
4787.30 1.64970e-05 8.52090e-01 4.48032e-19 1.51779e-05 
4790.00 1.64703e-05 8.52627e-01 4.56535e-19 1.54594e-05 
4790.52 1.64644e-05 8.52732e-01 4.58210e-19 1.55142e-05 
4807.76 1.62913e-05 8.56331e-01 5.20716e-19 1.75819e-05 
4810.00 1.62974e-05 8.56784e-01 5.29835e-19 1.79143e-05 
4811.24 1.63060e-05 8.57030e-01 5.34967e-19 1.81072e-05 
4825.01 1.64960e-05 8.59467e-01 5.96718e-19 2.05493e-05 
4830.00 1.65117e-05 8.60189e-01 6.21240e-19 2.14544e-05 
4835.29 1.64351e-05 8.60840e-01 6.48492e-19 2.23329e-05 
4842.27 1.61505e-05 8.61520e-01 6.86370e-19 2.32799e-05 
4850.00 1.55442e-05 8.62143e-01 7.30990e-19 2.39179e-05 
4859.47 1.44861e-05 8.62930e-01 7.89486e-19 2.41426e-05 
4859.54 1.44784e-05 8.62937e-01 7.89956e-19 2.41446e-05 
4870.00 1.38837e-05 8.64046e-01 8.59534e-19 2.52788e-05 
4876.83 1.42983e-05 8.64835e-01 9.07843e-19 2.75606e-05 
4883.77 1.50783e-05 8.65600e-01 9.59235e-19 3.07802e-05 
4890.00 1.56950e-05 8.66211e-01 1.00743e-18 3.37156e-05 
4894.13 1.59070e-05 8.66586e-01 1.04043e-18 3.53356e-05 
4908.19 1.57535e-05 8.67850e-01 1.15918e-18 3.91578e-05 
4910.00 1.56929e-05 8.68027e-01 1.17523e-18 3.95698e-05 
4911.44 1.56460e-05 8.68171e-01 1.18811e-18 3.99022e-05 
4928.77 1.53574e-05 8.70044e-01 1.35123e-18 4.47970e-05 
4930.00 1.53675e-05 8.70180e-01 1.36344e-18 4.52499e-05 
4932.73 1.54083e-05 8.70480e-01 1.39072e-18 4.63195e-05 
4946.10 1.58273e-05 8.71855e-01 1.53005e-18 5.25705e-05 
4950.00 1.59603e-05 8.72208e-01 1.57242e-18 5.45455e-05 
4957.39 1.61455e-05 8.72790e-01 1.65496e-18 5.82004e-05 
4963.45 1.61952e-05 8.73171e-01 1.72474e-18 6.09420e-05 
4970.00 1.61048e-05 8.73520e-01 1.80235e-18 6.34376e-05 
4980.81 1.56094e-05 8.74073e-01 1.93534e-18 6.62085e-05 
4982.18 1.55274e-05 8.74150e-01 1.95260e-18 6.64723e-05 
4990.00 1.50418e-05 8.74590e-01 2.05315e-18 6.78498e-05 
4998.18 1.46079e-05 8.74783e-01 2.16172e-18 6.95060e-05 
5007.09 1.43981e-05 8.74230e-01 2.28373e-18 7.24577e-05 
5010.00 1.44209e-05 8.73800e-01 2.32447e-18 7.38735e-05 
5015.57 1.46015e-05 8.72643e-01 2.40360e-18 7.73286e-05 
5030.00 1.52387e-05 8.68200e-01 2.61567e-18 8.76277e-05 
5032.12 1.52713e-05 8.67440e-01 2.64774e-18 8.88514e-05 
5032.97 1.52776e-05 8.67135e-01 2.66051e-18 8.93009e-05 
5050.00 1.52135e-05 8.61755e-01 2.92578e-18 9.75146e-05 
5050.38 1.52199e-05 8.61678e-01 2.93181e-18 9.77549e-05 
5057.29 1.54361e-05 8.60840e-01 3.04320e-18 1.02951e-04 
5067.80 1.57772e-05 8.61917e-01 3.21664e-18 1.11594e-04 
5070.00 1.57907e-05 8.62443e-01 3.25349e-18 1.13087e-04 
5082.57 1.54118e-05 8.66710e-01 3.46780e-18 1.18519e-04 
5085.24 1.53079e-05 8.67779e-01 3.51398e-18 1.19498e-04 
5090.00 1.51807e-05 8.69743e-01 3.59721e-18 1.21699e-04 
5102.68 1.53033e-05 8.74834e-01 3.82261e-18 1.31460e-04 
5107.98 1.53933e-05 8.76680e-01 3.91837e-18 1.35972e-04 
5110.00 1.54084e-05 8.77309e-01 3.95500e-18 1.37531e-04 
5120.14 1.52823e-05 8.79895e-01 4.14115e-18 1.43531e-04 
5130.00 1.50451e-05 8.81683e-01 4.32466e-18 1.48150e-04 
5133.52 1.49835e-05 8.82200e-01 4.39086e-18 1.49992e-04 
5137.62 1.49183e-05 8.82743e-01 4.46806e-18 1.52180e-04 
5150.00 1.45045e-05 8.84074e-01 4.70376e-18 1.56375e-04 
5155.10 1.41397e-05 8.84513e-01 4.80165e-18 1.55846e-04 
5159.19 1.37948e-05 8.84830e-01 4.88044e-18 1.54717e-04 
5170.00 1.29960e-05 8.85558e-01 5.08965e-18 1.52450e-04 
5172.60 1.28899e-05 8.85715e-01 5.14016e-18 1.52810e-04 
5184.99 1.29464e-05 8.86420e-01 5.38164e-18 1.61204e-04 
5190.00 1.31973e-05 8.86698e-01 5.47956e-18 1.67532e-04 
5190.11 1.32041e-05 8.86704e-01 5.48170e-18 1.67688e-04 
5207.63 1.44453e-05 8.87541e-01 5.82437e-18 1.95762e-04 
5210.00 1.45513e-05 8.87622e-01 5.87064e-18 1.98873e-04 
5210.91 1.45826e-05 8.87650e-01 5.88848e-18 1.99948e-04 
5225.17 1.47138e-05 8.87884e-01 6.16624e-18 2.11896e-04 
5230.00 1.48006e-05 8.87880e-01 6.26001e-18 2.16588e-04 
5236.97 1.50979e-05 8.87810e-01 6.39475e-18 2.25976e-04 
5242.72 1.53207e-05 8.87701e-01 6.50539e-18 2.33506e-04 
5250.00 1.52563e-05 8.87528e-01 6.64487e-18 2.37794e-04 
5260.28 1.42703e-05 8.87297e-01 6.83997e-18 2.29344e-04 
5263.15 1.39612e-05 8.87250e-01 6.89421e-18 2.26268e-04 
5270.00 1.35193e-05 8.87185e-01 7.02254e-18 2.23459e-04 
5277.85 1.38330e-05 8.87177e-01 7.16823e-18 2.33732e-04 
5289.47 1.50596e-05 8.87240e-01 7.38091e-18 2.62604e-04 
5290.00 1.51119e-05 8.87244e-01 7.39055e-18 2.63887e-04 
5295.43 1.55418e-05 8.87288e-01 7.48857e-18 2.75290e-04 
5310.00 1.55989e-05 8.87560e-01 7.74669e-18 2.86699e-04 
5313.03 1.53847e-05 8.87667e-01 7.79953e-18 2.84887e-04 
5315.92 1.51309e-05 8.87790e-01 7.84948e-18 2.82175e-04 
5330.00 1.41063e-05 8.88678e-01 8.08913e-18 2.72088e-04 
5330.64 1.40999e-05 8.88726e-01 8.09989e-18 2.72373e-04 
5342.50 1.46449e-05 8.89660e-01 8.29546e-18 2.90683e-04 
5348.27 1.50313e-05 8.90110e-01 8.38867e-18 3.02183e-04 
5350.00 1.51175e-05 8.90244e-01 8.41642e-18 3.05066e-04 
5365.90 1.51444e-05 8.91552e-01 8.66518e-18 3.16041e-04 
5369.21 1.50864e-05 8.91860e-01 8.71558e-18 3.16965e-04 
5370.00 1.50747e-05 8.91936e-01 8.72759e-18 3.17229e-04 
5383.55 1.49828e-05 8.92988e-01 8.92901e-18 3.23768e-04 
5390.00 1.49000e-05 8.92929e-01 9.02218e-18 3.25707e-04 
5396.05 1.47392e-05 8.92260e-01 9.10809e-18 3.25381e-04 
5401.21 1.45785e-05 8.91134e-01 9.18011e-18 3.24279e-04 
5410.00 1.43958e-05 8.88614e-01 9.30031e-18 3.24017e-04 
5418.89 1.44674e-05 8.86397e-01 9.41876e-18 3.29493e-04 
5423.03 1.45668e-05 8.85840e-01 9.47300e-18 3.33714e-04 
5430.00 1.47695e-05 8.85872e-01 9.56265e-18 3.42010e-04 
5436.57 1.49477e-05 8.86679e-01 9.64563e-18 3.49881e-04 
5450.00 1.51239e-05 8.88754e-01 9.81050e-18 3.61790e-04 
5450.15 1.51237e-05 8.88770e-01 9.81231e-18 3.61868e-04 
5454.27 1.50983e-05 8.89082e-01 9.86175e-18 3.63482e-04 
5470.00 1.48452e-05 8.89325e-01 1.00458e-17 3.65207e-04 
5471.99 1.48203e-05 8.89387e-01 1.00685e-17 3.65580e-04 
5477.40 1.47747e-05 8.89760e-01 1.01301e-17 3.67203e-04 
5489.71 1.47448e-05 8.91875e-01 1.02678e-17 3.73158e-04 
5490.00 1.47446e-05 8.91938e-01 1.02710e-17 3.73315e-04 
5504.79 1.47375e-05 8.95080e-01 1.04329e-17 3.81377e-04 
5507.45 1.47380e-05 8.95510e-01 1.04617e-17 3.82812e-04 
5510.00 1.47393e-05 8.95864e-01 1.04893e-17 3.84185e-04 
5525.20 1.47895e-05 8.97134e-01 1.06528e-17 3.93140e-04 
5530.00 1.48341e-05 8.97365e-01 1.07044e-17 3.96682e-04 
5532.31 1.48625e-05 8.97470e-01 1.07292e-17 3.98574e-04 
5542.96 1.49943e-05 8.97949e-01 1.08440e-17 4.07410e-04 
5550.00 1.50091e-05 8.98230e-01 1.09205e-17 4.11339e-04 
5559.97 1.48471e-05 8.98510e-01 1.10300e-17 4.11847e-04 
5560.74 1.48280e-05 8.98524e-01 1.10385e-17 4.11699e-04 
5570.00 1.45692e-05 8.98594e-01 1.11422e-17 4.09026e-04 
5578.53 1.43527e-05 8.98533e-01 1.12398e-17 4.07071e-04 
5587.77 1.42495e-05 8.98370e-01 1.13483e-17 4.08648e-04 
5590.00 1.42575e-05 8.98320e-01 1.13749e-17 4.09976e-04 
5596.33 1.43551e-05 8.98158e-01 1.14517e-17 4.15963e-04 
5610.00 1.46721e-05 8.97691e-01 1.16240e-17 4.32376e-04 
5614.14 1.47191e-05 8.97512e-01 1.16782e-17 4.36016e-04 
5615.71 1.47286e-05 8.97440e-01 1.16989e-17 4.37160e-04 
5630.00 1.47250e-05 8.96754e-01 1.18953e-17 4.45178e-04 
5631.97 1.47263e-05 8.96675e-01 1.19235e-17 4.46390e-04 
5643.79 1.47339e-05 8.96450e-01 1.20985e-17 4.54014e-04 
5649.81 1.46843e-05 8.96517e-01 1.21919e-17 4.56501e-04 
5650.00 1.46817e-05 8.96519e-01 1.21949e-17 4.56545e-04 
5667.66 1.43513e-05 8.95008e-01 1.24879e-17 4.57652e-04 
5670.00 1.43417e-05 8.94356e-01 1.25289e-17 4.58702e-04 
5672.01 1.43483e-05 8.93670e-01 1.25646e-17 4.60029e-04 
5685.53 1.45255e-05 8.86796e-01 1.28160e-17 4.72502e-04 
5690.00 1.45264e-05 8.84326e-01 1.29036e-17 4.74807e-04 
5700.37 1.43060e-05 8.80060e-01 1.31159e-17 4.73864e-04 
5703.41 1.42437e-05 8.79483e-01 1.31807e-17 4.74074e-04 
5710.00 1.42351e-05 8.79226e-01 1.33251e-17 4.79392e-04 
5721.30 1.47129e-05 8.80455e-01 1.35864e-17 5.06904e-04 
5728.87 1.50067e-05 8.81170e-01 1.37713e-17 5.25184e-04 
5730.00 1.50244e-05 8.81201e-01 1.37996e-17 5.27006e-04 
5739.21 1.48851e-05 8.80733e-01 1.40374e-17 5.31688e-04 
5750.00 1.45626e-05 8.79583e-01 1.43328e-17 5.31418e-04 
5757.13 1.45610e-05 8.79247e-01 1.45380e-17 5.39428e-04 
5757.52 1.45651e-05 8.79250e-01 1.45494e-17 5.40046e-04 
5770.00 1.46785e-05 8.80700e-01 1.49302e-17 5.60626e-04 
5775.06 1.46092e-05 8.81919e-01 1.50920e-17 5.65303e-04 
5786.30 1.43331e-05 8.85570e-01 1.54683e-17 5.71911e-04 
5790.00 1.42790e-05 8.86974e-01 1.55970e-17 5.75774e-04 
5793.00 1.42697e-05 8.88153e-01 1.57033e-17 5.80389e-04 
5810.00 1.45645e-05 8.94538e-01 1.63377e-17 6.22568e-04 
5810.96 1.45849e-05 8.94839e-01 1.63751e-17 6.25179e-04 
5815.23 1.46652e-05 8.96050e-01 1.65443e-17 6.36443e-04 
5828.93 1.47320e-05 8.98624e-01 1.71106e-17 6.64685e-04 
5830.00 1.47204e-05 8.98789e-01 1.71566e-17 6.66194e-04 
5844.31 1.44392e-05 9.01570e-01 1.77923e-17 6.81443e-04 
5846.91 1.44050e-05 9.02308e-01 1.79123e-17 6.85282e-04 
5850.00 1.43901e-05 9.03191e-01 1.80569e-17 6.91138e-04 
5864.91 1.45051e-05 9.02570e-01 1.87825e-17 7.26003e-04 
5870.00 1.43929e-05 8.98394e-01 1.90414e-17 7.27571e-04 
5873.53 1.42109e-05 8.93670e-01 1.92242e-17 7.21887e-04 
5882.91 1.35677e-05 8.74078e-01 1.97229e-17 6.92695e-04 
5890.00 1.33011e-05 8.56294e-01 2.01121e-17 6.79214e-04 
5900.94 1.37148e-05 8.33260e-01 2.07346e-17 7.03895e-04 
5902.90 1.38400e-05 8.30580e-01 2.08491e-17 7.12187e-04 
5910.00 1.42272e-05 8.25761e-01 2.12703e-17 7.43457e-04 
5918.97 1.43367e-05 8.27503e-01 2.18183e-17 7.71277e-04 
5930.00 1.41824e-05 8.34097e-01 2.25161e-17 7.95133e-04 
5932.41 1.41594e-05 8.35280e-01 2.26724e-17 8.00812e-04 
5937.02 1.41423e-05 8.36732e-01 2.29742e-17 8.12526e-04 
5950.00 1.41897e-05 8.37892e-01 2.38492e-17 8.49328e-04 
5955.08 1.42071e-05 8.38587e-01 2.42017e-17 8.64390e-04 
5962.08 1.42141e-05 8.41210e-01 2.46958e-17 8.86275e-04 
5970.00 1.41989e-05 8.47536e-01 2.52681e-17 9.13869e-04 
5973.16 1.41861e-05 8.50864e-01 2.54998e-17 9.25521e-04 
5990.00 1.40511e-05 8.71631e-01 2.67706e-17 9.88667e-04 
5991.24 1.40365e-05 8.73123e-01 2.68667e-17 9.93094e-04 
5991.89 1.40288e-05 8.73880e-01 2.69165e-17 9.95355e-04 
6009.34 1.38254e-05 8.90696e-01 2.83003e-17 1.05426e-03 
6010.00 1.38202e-05 8.91196e-01 2.83534e-17 1.05656e-03 
6021.85 1.37882e-05 8.98810e-01 2.93272e-17 1.10179e-03 
6027.46 1.38145e-05 9.01554e-01 2.97977e-17 1.12608e-03 
6030.00 1.38355e-05 9.02636e-01 3.00126e-17 1.13776e-03 
6045.59 1.40224e-05 9.07497e-01 3.13554e-17 1.21434e-03 
6050.00 1.40590e-05 9.08438e-01 3.17432e-17 1.23475e-03 
6051.96 1.40682e-05 9.08810e-01 3.19160e-17 1.24320e-03 
6063.73 1.40322e-05 9.10602e-01 3.29694e-17 1.28597e-03 
6070.00 1.39562e-05 9.11325e-01 3.35396e-17 1.30350e-03 
6081.88 1.37535e-05 9.12479e-01 3.46352e-17 1.33081e-03 
6082.21 1.37481e-05 9.12510e-01 3.46664e-17 1.33160e-03 
6090.00 1.36514e-05 9.13237e-01 3.53954e-17 1.35284e-03 
6100.05 1.36196e-05 9.14172e-01 3.63478e-17 1.38971e-03 
6110.00 1.35270e-05 9.15071e-01 3.73033e-17 1.42026e-03 
6112.63 1.34667e-05 9.15300e-01 3.75573e-17 1.42453e-03 
6118.23 1.33034e-05 9.15774e-01 3.81015e-17 1.42969e-03 
6130.00 1.30501e-05 9.16701e-01 3.92557e-17 1.44920e-03 
6136.42 1.30933e-05 9.17161e-01 3.98906e-17 1.47980e-03 
6143.19 1.31981e-05 9.17610e-01 4.05636e-17 1.51923e-03 
6150.00 1.32217e-05 9.18022e-01 4.12442e-17 1.54989e-03 
6154.63 1.31330e-05 9.18282e-01 4.17085e-17 1.55843e-03 
6170.00 1.27791e-05 9.19064e-01 4.32599e-17 1.57812e-03 
6172.85 1.28090e-05 9.19200e-01 4.35485e-17 1.59334e-03 
6173.91 1.28305e-05 9.19250e-01 4.36559e-17 1.60031e-03 
6190.00 1.33963e-05 9.19909e-01 4.52936e-17 1.73933e-03 
6191.08 1.34226e-05 9.19940e-01 4.54038e-17 1.74733e-03 
6204.77 1.34711e-05 9.20060e-01 4.68019e-17 1.81189e-03 
6209.33 1.34188e-05 9.19966e-01 4.72669e-17 1.82394e-03 
6210.00 1.34101e-05 9.19948e-01 4.73357e-17 1.82558e-03 
6227.59 1.31190e-05 9.19533e-01 4.91305e-17 1.85807e-03 
6230.00 1.30619e-05 9.19549e-01 4.93764e-17 1.86000e-03 
6235.80 1.29086e-05 9.19740e-01 4.99664e-17 1.86224e-03 
6245.86 1.27058e-05 9.20404e-01 5.09870e-17 1.87480e-03 
6250.00 1.26953e-05 9.20503e-01 5.14057e-17 1.89008e-03 
6264.15 1.30201e-05 9.17959e-01 5.28287e-17 1.99110e-03 
6266.98 1.31026e-05 9.16620e-01 5.31119e-17 2.01242e-03 
6270.00 1.31781e-05 9.14808e-01 5.34135e-17 2.03248e-03 
6282.45 1.32839e-05 9.05069e-01 5.46478e-17 2.07794e-03 
6290.00 1.32073e-05 8.99474e-01 5.53900e-17 2.08357e-03 
6298.31 1.30400e-05 8.95850e-01 5.61999e-17 2.08160e-03 
6300.76 1.29862e-05 8.95564e-01 5.64368e-17 2.08189e-03 
6310.00 1.28268e-05 8.97436e-01 5.73252e-17 2.09614e-03 
6319.09 1.28010e-05 9.02238e-01 5.81881e-17 2.13784e-03 
6329.80 1.28585e-05 9.08850e-01 5.91912e-17 2.20421e-03 
6330.00 1.28596e-05 9.08961e-01 5.92094e-17 2.20541e-03 
6337.43 1.28863e-05 9.12665e-01 5.98942e-17 2.24730e-03 
6350.00 1.28730e-05 9.17254e-01 6.10333e-17 2.30374e-03 
6355.78 1.28446e-05 9.18930e-01 6.15479e-17 2.32438e-03 
6361.45 1.28166e-05 9.20470e-01 6.20471e-17 2.34415e-03 
6370.00 1.28077e-05 9.22743e-01 6.27879e-17 2.37953e-03 
6374.15 1.28280e-05 9.23797e-01 6.31422e-17 2.40104e-03 
6390.00 1.28679e-05 9.27082e-01 6.44646e-17 2.47383e-03 
6392.53 1.28395e-05 9.27445e-01 6.46706e-17 2.47820e-03 
6393.26 1.28290e-05 9.27540e-01 6.47300e-17 2.47900e-03 
6410.00 1.25627e-05 9.28960e-01 6.60554e-17 2.48753e-03 
6410.92 1.25588e-05 9.29034e-01 6.61265e-17 2.48999e-03 
6425.23 1.26486e-05 9.31020e-01 6.72042e-17 2.55981e-03 
6429.33 1.26698e-05 9.32015e-01 6.75041e-17 2.57994e-03 
6430.00 1.26707e-05 9.32187e-01 6.75527e-17 2.58273e-03 
6447.75 1.25188e-05 9.33507e-01 6.87978e-17 2.60967e-03 
6450.00 1.25011e-05 9.32717e-01 6.89497e-17 2.61044e-03 
6457.35 1.24794e-05 9.27570e-01 6.94368e-17 2.61282e-03 
6466.18 1.24711e-05 9.15811e-01 7.00025e-17 2.60252e-03 
6470.00 1.24517e-05 9.09576e-01 7.02402e-17 2.59108e-03 
6484.63 1.22923e-05 8.86698e-01 7.11136e-17 2.53029e-03 
6489.64 1.22747e-05 8.81590e-01 7.13984e-17 2.52411e-03 
6490.00 1.22753e-05 8.81315e-01 7.14186e-17 2.52432e-03 
6503.09 1.24304e-05 8.79111e-01 7.21271e-17 2.58031e-03 
6510.00 1.25187e-05 8.82306e-01 7.24802e-17 2.62363e-03 
6521.57 1.25296e-05 8.90214e-01 7.30392e-17 2.67463e-03 
6522.09 1.25276e-05 8.90570e-01 7.30634e-17 2.67636e-03 
6530.00 1.24964e-05 8.95505e-01 7.34208e-17 2.70090e-03 
6540.06 1.24431e-05 9.00549e-01 7.38471e-17 2.72443e-03 
6550.00 1.21052e-05 9.04360e-01 7.42373e-17 2.67979e-03 
6554.70 1.17702e-05 9.05810e-01 7.44108e-17 2.61777e-03 
6558.56 1.14594e-05 9.06860e-01 7.45481e-17 2.55784e-03 
6570.00 1.09117e-05 9.09750e-01 7.49270e-17 2.46003e-03 
6577.08 1.12031e-05 9.11867e-01 7.51404e-17 2.54155e-03 
6587.47 1.20318e-05 9.16320e-01 7.54245e-17 2.75762e-03 
6590.00 1.21937e-05 9.17748e-01 7.54884e-17 2.80252e-03 
6595.61 1.23958e-05 9.21342e-01 7.56225e-17 2.86763e-03 
6610.00 1.23370e-05 9.31615e-01 7.59202e-17 2.90355e-03 
6614.15 1.22944e-05 9.34382e-01 7.59935e-17 2.90674e-03 
6620.41 1.22554e-05 9.37980e-01 7.60936e-17 2.91526e-03 
6630.00 1.22358e-05 9.41721e-01 7.62223e-17 2.93139e-03 
6632.71 1.22352e-05 9.42443e-01 7.62532e-17 2.93588e-03 
6650.00 1.21916e-05 9.45045e-01 7.63952e-17 2.94662e-03 
6651.28 1.21808e-05 9.45170e-01 7.64018e-17 2.94522e-03 
6653.51 1.21591e-05 9.45390e-01 7.64122e-17 2.94204e-03 
6669.86 1.20369e-05 9.47195e-01 7.64400e-17 2.92628e-03 
6670.00 1.20372e-05 9.47212e-01 7.64399e-17 2.92646e-03 
6686.78 1.21740e-05 9.49110e-01 7.63799e-17 2.97077e-03 
6688.46 1.21775e-05 9.49284e-01 7.63690e-17 2.97248e-03 
6690.00 1.21753e-05 9.49440e-01 7.63583e-17 2.97271e-03 
6707.07 1.19563e-05 9.50902e-01 7.61905e-17 2.92475e-03 
6710.00 1.19333e-05 9.51102e-01 7.61528e-17 2.91957e-03 
6720.21 1.19715e-05 9.51670e-01 7.60010e-17 2.92927e-03 
6725.70 1.20171e-05 9.51895e-01 7.59066e-17 2.93987e-03 
6730.00 1.20363e-05 9.52050e-01 7.58264e-17 2.94383e-03 
6744.33 1.19422e-05 9.52620e-01 7.55200e-17 2.91694e-03 
6750.00 1.18935e-05 9.52954e-01 7.53826e-17 2.90323e-03 
6753.81 1.18748e-05 9.53240e-01 7.52850e-17 2.89739e-03 
6762.99 1.18654e-05 9.54093e-01 7.50335e-17 2.89195e-03 
6770.00 1.18686e-05 9.54685e-01 7.48255e-17 2.88948e-03 
6781.65 1.18467e-05 9.54922e-01 7.44504e-17 2.87535e-03 
6787.58 1.18201e-05 9.54420e-01 7.42457e-17 2.86201e-03 
6790.00 1.18064e-05 9.54059e-01 7.41595e-17 2.85531e-03 
6800.33 1.17412e-05 9.52140e-01 7.37744e-17 2.82340e-03 
6810.00 1.17169e-05 9.51377e-01 7.33896e-17 2.80459e-03 
6819.03 1.17542e-05 9.53361e-01 7.30093e-17 2.80849e-03 
6821.52 1.17652e-05 9.54590e-01 7.29009e-17 2.81160e-03 
6830.00 1.17611e-05 9.60562e-01 7.25209e-17 2.81696e-03 
6837.74 1.16707e-05 9.65183e-01 7.21595e-17 2.79793e-03 
6850.00 1.15135e-05 9.60861e-01 7.15589e-17 2.72988e-03 
6855.63 1.15055e-05 9.50390e-01 7.12721e-17 2.68965e-03 
6856.46 1.15079e-05 9.48250e-01 7.12292e-17 2.68287e-03 
6870.00 1.15921e-05 8.98377e-01 7.05093e-17 2.53951e-03 
6875.19 1.16090e-05 8.76883e-01 7.02232e-17 2.47414e-03 
6889.91 1.15820e-05 8.35320e-01 6.93837e-17 2.32826e-03 
6890.00 1.15817e-05 8.35222e-01 6.93782e-17 2.32776e-03 
6893.94 1.15643e-05 8.33441e-01 6.91461e-17 2.31288e-03 
6910.00 1.14913e-05 8.56538e-01 6.81716e-17 2.33411e-03 
6912.71 1.14819e-05 8.62148e-01 6.80028e-17 2.34258e-03 
6924.36 1.14510e-05 8.78320e-01 6.72624e-17 2.35816e-03 
6930.00 1.14366e-05 8.77168e-01 6.68957e-17 2.34119e-03 
6931.49 1.14324e-05 8.75926e-01 6.67984e-17 2.33411e-03 
6950.00 1.13756e-05 8.48745e-01 6.55567e-17 2.21452e-03 
6950.28 1.13749e-05 8.48410e-01 6.55378e-17 2.21295e-03 
6958.98 1.13581e-05 8.43710e-01 6.49368e-17 2.18001e-03 
6969.08 1.13548e-05 8.56071e-01 6.42261e-17 2.19028e-03 
6970.00 1.13555e-05 8.57896e-01 6.41609e-17 2.19315e-03 
6987.90 1.13216e-05 8.96200e-01 6.28685e-17 2.24397e-03 
6990.00 1.12985e-05 8.99165e-01 6.27146e-17 2.24197e-03 
6993.77 1.12416e-05 9.02570e-01 6.24366e-17 2.23040e-03 
7006.73 1.10192e-05 8.95248e-01 6.14700e-17 2.13892e-03 
7010.00 1.09908e-05 8.90458e-01 6.12238e-17 2.11449e-03 
7025.58 1.10852e-05 8.67826e-01 6.00355e-17 2.04264e-03 
7028.74 1.11172e-05 8.65590e-01 5.97920e-17 2.03588e-03 
7030.00 1.11281e-05 8.65112e-01 5.96947e-17 2.03381e-03 
7044.44 1.11622e-05 8.73431e-01 5.85701e-17 2.02500e-03 
7050.00 1.11441e-05 8.80939e-01 5.81333e-17 2.02548e-03 
7063.32 1.10733e-05 8.99948e-01 5.70784e-17 2.02255e-03 
7063.88 1.10700e-05 9.00630e-01 5.70333e-17 2.02204e-03 
7070.00 1.10354e-05 9.06793e-01 5.65453e-17 2.01389e-03 
7082.21 1.09845e-05 9.14127e-01 5.55654e-17 1.98922e-03 
7090.00 1.09735e-05 9.16851e-01 5.49363e-17 1.97275e-03 
7099.20 1.09820e-05 9.19790e-01 5.41903e-17 1.95624e-03 
7101.11 1.09836e-05 9.20505e-01 5.40355e-17 1.95298e-03 
7110.00 1.09718e-05 9.24264e-01 5.33118e-17 1.93504e-03 
7120.03 1.09009e-05 9.28267e-01 5.24931e-17 1.90390e-03 
7130.00 1.08093e-05 9.30427e-01 5.16770e-17 1.86548e-03 
7134.70 1.07744e-05 9.30350e-01 5.12918e-17 1.84666e-03 
7138.96 1.07505e-05 9.29410e-01 5.09426e-17 1.82925e-03 
7150.00 1.07264e-05 9.19628e-01 5.00368e-17 1.77659e-03 
7157.90 1.07379e-05 9.02149e-01 4.93881e-17 1.72397e-03 
7170.00 1.06981e-05 8.49915e-01 4.83959e-17 1.58829e-03 
7170.37 1.06940e-05 8.47700e-01 4.83652e-17 1.58264e-03 
7176.86 1.05988e-05 8.03952e-01 4.78334e-17 1.47257e-03 
7190.00 1.04288e-05 7.04798e-01 4.67588e-17 1.24398e-03 
7195.84 1.04432e-05 6.67200e-01 4.62822e-17 1.16817e-03 
7206.23 1.05522e-05 6.29490e-01 4.54363e-17 1.09488e-03 
7210.00 1.05858e-05 6.28788e-01 4.51296e-17 1.09031e-03 
7214.83 1.06054e-05 6.37232e-01 4.47381e-17 1.09812e-03 
7230.00 1.05772e-05 7.01664e-01 4.35123e-17 1.17537e-03 
7233.83 1.05728e-05 7.19689e-01 4.32044e-17 1.19717e-03 
7242.26 1.05793e-05 7.49950e-01 4.25286e-17 1.23017e-03 
7250.00 1.05954e-05 7.58725e-01 4.19105e-17 1.22966e-03 
7252.84 1.06015e-05 7.57776e-01 4.16842e-17 1.22267e-03 
7270.00 1.05460e-05 7.25255e-01 4.03275e-17 1.12885e-03 
7271.87 1.05217e-05 7.20617e-01 4.01802e-17 1.11525e-03 
7278.47 1.04148e-05 7.05720e-01 3.96637e-17 1.06817e-03 
7290.00 1.02736e-05 6.91203e-01 3.87664e-17 1.01027e-03 
7290.92 1.02714e-05 6.90794e-01 3.86953e-17 1.00772e-03 
7309.98 1.04046e-05 7.10715e-01 3.72318e-17 1.01315e-03 
7310.00 1.04047e-05 7.10773e-01 3.72300e-17 1.01320e-03 
7314.86 1.04106e-05 7.25400e-01 3.68607e-17 1.02505e-03 
7329.05 1.03457e-05 7.87045e-01 3.57919e-17 1.07527e-03 
7330.00 1.03420e-05 7.91672e-01 3.57209e-17 1.07920e-03 
7348.14 1.03515e-05 8.70339e-01 3.43778e-17 1.14570e-03 
7350.00 1.03566e-05 8.75893e-01 3.42413e-17 1.14929e-03 
7351.43 1.03604e-05 8.79660e-01 3.41363e-17 1.15134e-03 
7367.24 1.03587e-05 8.95632e-01 3.29911e-17 1.13517e-03 
7370.00 1.03422e-05 8.95254e-01 3.27932e-17 1.12651e-03 
7386.36 1.01452e-05 8.91314e-01 3.16336e-17 1.06364e-03 
7388.19 1.01202e-05 8.91820e-01 3.15048e-17 1.05756e-03 
7390.00 1.00966e-05 8.92703e-01 3.13783e-17 1.05215e-03 
7405.49 9.96404e-06 9.12101e-01 3.03067e-17 1.02682e-03 
7410.00 9.95763e-06 9.20049e-01 2.99982e-17 1.02519e-03 
7424.63 1.00224e-05 9.44541e-01 2.90115e-17 1.02650e-03 
7425.13 1.00250e-05 9.45220e-01 2.89779e-17 1.02639e-03 
7430.00 1.00452e-05 9.50916e-01 2.86542e-17 1.02377e-03 
7443.79 1.00436e-05 9.60259e-01 2.77492e-17 1.00288e-03 
7450.00 1.00436e-05 9.62310e-01 2.73474e-17 9.91286e-04 
7462.26 1.00806e-05 9.65080e-01 2.65651e-17 9.70859e-04 
7462.96 1.00826e-05 9.65251e-01 2.65207e-17 9.69687e-04 
7470.00 1.00880e-05 9.67158e-01 2.60785e-17 9.56817e-04 
7482.15 1.00254e-05 9.70258e-01 2.53267e-17 9.27929e-04 
7490.00 9.98004e-06 9.71180e-01 2.48484e-17 9.08103e-04 
7499.57 9.96434e-06 9.70050e-01 2.42736e-17 8.85800e-04 
7501.35 9.96477e-06 9.69485e-01 2.41676e-17 8.81668e-04 
7510.00 9.96854e-06 9.65795e-01 2.36574e-17 8.61085e-04 
7520.57 9.95907e-06 9.62334e-01 2.30440e-17 8.36136e-04 
7530.00 9.95196e-06 9.64242e-01 2.25058e-17 8.18667e-04 
7537.07 9.95684e-06 9.71110e-01 2.21083e-17 8.11094e-04 
7539.80 9.95904e-06 9.75323e-01 2.19561e-17 8.09477e-04 
7550.00 9.94996e-06 9.93994e-01 2.13938e-17 8.04200e-04 
7559.04 9.90392e-06 1.00414e+00 2.09041e-17 7.91082e-04 
7570.00 9.84193e-06 9.90595e-01 2.03215e-17 7.55008e-04 
7574.75 9.82820e-06 9.70960e-01 2.00725e-17 7.30412e-04 
7578.30 9.82269e-06 9.49629e-01 1.98880e-17 7.07735e-04 
7590.00 9.80679e-06 8.48578e-01 1.92886e-17 6.13317e-04 
7597.58 9.77993e-06 7.69849e-01 1.89077e-17 5.44474e-04 
7610.00 9.73681e-06 6.46154e-01 1.82950e-17 4.40953e-04 
7612.63 9.73381e-06 6.24050e-01 1.81673e-17 4.22914e-04 
7616.86 9.73435e-06 5.93104e-01 1.79629e-17 3.97662e-04 
7630.00 9.75756e-06 5.35034e-01 1.73401e-17 3.47714e-04 
7636.17 9.76582e-06 5.27604e-01 1.70535e-17 3.37775e-04 
7650.00 9.70192e-06 5.57285e-01 1.64236e-17 3.41970e-04 
7650.69 9.69374e-06 5.60450e-01 1.63927e-17 3.43006e-04 
7655.48 9.62515e-06 5.86595e-01 1.61789e-17 3.52040e-04 
7670.00 9.45569e-06 6.96057e-01 1.55449e-17 3.95043e-04 
7674.82 9.47064e-06 7.36808e-01 1.53389e-17 4.13540e-04 
7688.94 9.59903e-06 8.46640e-01 1.47468e-17 4.63889e-04 
7690.00 9.60280e-06 8.53471e-01 1.47033e-17 4.66499e-04 
7694.16 9.59970e-06 8.77904e-01 1.45327e-17 4.74390e-04 
7710.00 9.48653e-06 9.39876e-01 1.38980e-17 4.80960e-04 
7713.52 9.47720e-06 9.48242e-01 1.37599e-17 4.80164e-04 
7727.39 9.48564e-06 9.68250e-01 1.32269e-17 4.72572e-04 
7730.00 9.47984e-06 9.70378e-01 1.31284e-17 4.69954e-04 
7732.90 9.46598e-06 9.72311e-01 1.30197e-17 4.66485e-04 
7750.00 9.35689e-06 9.76749e-01 1.23934e-17 4.41907e-04 
7752.29 9.35710e-06 9.76722e-01 1.23115e-17 4.39113e-04 
7766.03 9.42927e-06 9.75570e-01 1.18290e-17 4.25410e-04 
7770.00 9.44957e-06 9.75302e-01 1.16924e-17 4.21500e-04 
7771.69 9.45518e-06 9.75222e-01 1.16345e-17 4.19721e-04 
7790.00 9.43384e-06 9.75358e-01 1.10242e-17 3.97796e-04 
7791.11 9.43069e-06 9.75408e-01 1.09879e-17 3.96432e-04 
7804.86 9.38907e-06 9.76150e-01 1.05486e-17 3.79860e-04 
7810.00 9.36717e-06 9.76414e-01 1.03880e-17 3.73549e-04 
7810.55 9.36448e-06 9.76439e-01 1.03710e-17 3.72867e-04 
7830.00 9.25822e-06 9.76481e-01 9.78282e-18 3.48610e-04 
7830.00 9.25820e-06 9.76480e-01 9.78270e-18 3.48605e-04 
7843.88 9.23119e-06 9.74750e-01 9.38032e-18 3.33290e-04 
7849.46 9.23623e-06 9.73432e-01 9.22254e-18 3.27653e-04 
7850.00 9.23717e-06 9.73281e-01 9.20737e-18 3.27119e-04 
7868.94 9.27822e-06 9.64586e-01 8.68930e-18 3.08056e-04 
7870.00 9.27837e-06 9.63864e-01 8.66098e-18 3.06869e-04 
7883.10 9.24588e-06 9.52400e-01 8.31830e-18 2.90685e-04 
7888.43 9.22106e-06 9.46302e-01 8.18220e-18 2.83527e-04 
7890.00 9.21323e-06 9.44400e-01 8.14248e-18 2.81401e-04 
7907.94 9.10324e-06 9.23829e-01 7.70034e-18 2.57800e-04 
7910.00 9.08609e-06 9.22067e-01 7.65085e-18 2.55240e-04 
7922.51 8.96793e-06 9.17170e-01 7.35644e-18 2.41322e-04 
7927.46 8.92749e-06 9.18701e-01 7.24284e-18 2.37066e-04 
7930.00 8.91106e-06 9.20174e-01 7.18507e-18 2.35194e-04 
7947.00 8.89509e-06 9.35501e-01 6.80879e-18 2.26668e-04 
7950.00 8.90752e-06 9.38118e-01 6.74411e-18 2.25543e-04 
7962.13 8.98390e-06 9.43700e-01 6.48839e-18 2.20490e-04 
7966.55 9.01089e-06 9.42728e-01 6.39730e-18 2.17944e-04 
7970.00 9.02724e-06 9.40852e-01 6.32696e-18 2.15602e-04 
7986.11 9.02564e-06 9.23969e-01 6.00749e-18 2.01413e-04 
7990.00 9.00749e-06 9.19060e-01 5.93263e-18 1.97544e-04 
8001.94 8.92739e-06 9.05800e-01 5.70773e-18 1.85925e-04 
8005.70 8.90392e-06 9.02890e-01 5.63849e-18 1.82685e-04 
8010.00 8.88395e-06 9.00449e-01 5.56013e-18 1.79352e-04 
8025.29 8.86561e-06 8.98465e-01 5.28944e-18 1.70217e-04 
8030.00 8.85516e-06 8.99627e-01 5.20850e-18 1.67730e-04 
8041.95 8.79380e-06 9.05410e-01 5.00801e-18 1.61425e-04 
8044.90 8.78074e-06 9.07342e-01 4.95948e-18 1.60023e-04 
8050.00 8.77078e-06 9.11000e-01 4.87679e-18 1.57910e-04 
8064.53 8.81561e-06 9.22410e-01 4.64779e-18 1.53435e-04 
8070.00 8.81343e-06 9.26538e-01 4.56408e-18 1.51411e-04 
8082.16 8.71322e-06 9.34010e-01 4.38291e-18 1.45125e-04 
8084.17 8.69384e-06 9.34906e-01 4.35355e-18 1.44006e-04 
8090.00 8.65252e-06 9.36594e-01 4.26948e-18 1.40910e-04 
8103.83 8.67595e-06 9.31617e-01 4.07597e-18 1.34400e-04 
8110.00 8.70635e-06 9.23373e-01 3.99212e-18 1.31027e-04 
8122.57 8.73118e-06 8.90440e-01 3.82626e-18 1.21638e-04 
8123.50 8.73080e-06 8.87002e-01 3.81427e-18 1.20797e-04 
8130.00 8.72002e-06 8.59296e-01 3.73114e-18 1.14424e-04 
8143.18 8.67188e-06 7.92180e-01 3.56770e-18 1.00471e-04 
8150.00 8.65640e-06 7.57349e-01 3.48573e-18 9.37579e-05 
8162.88 8.65514e-06 7.04407e-01 3.33554e-18 8.35662e-05 
8163.18 8.65455e-06 7.03500e-01 3.33212e-18 8.33703e-05 
8170.00 8.61908e-06 6.87597e-01 3.25509e-18 7.93421e-05 
8182.60 8.44753e-06 6.78484e-01 3.11707e-18 7.35920e-05 
8190.00 8.36293e-06 6.82336e-01 3.03847e-18 7.14856e-05 
8202.33 8.35688e-06 6.97817e-01 2.91161e-18 7.01098e-05 
8204.00 8.36264e-06 7.00400e-01 2.89480e-18 7.00257e-05 
8210.00 8.37962e-06 7.10051e-01 2.83512e-18 6.97189e-05 
8222.07 8.36600e-06 7.30129e-01 2.71850e-18 6.87307e-05 
8230.00 8.35206e-06 7.42833e-01 2.64433e-18 6.79710e-05 
8241.83 8.37078e-06 7.59338e-01 2.53710e-18 6.69091e-05 
8245.02 8.38135e-06 7.63020e-01 2.50893e-18 6.65968e-05 
8250.00 8.39916e-06 7.67990e-01 2.46543e-18 6.60483e-05 
8261.61 8.43425e-06 7.76232e-01 2.36679e-18 6.44445e-05 
8270.00 8.44533e-06 7.79842e-01 2.29777e-18 6.30025e-05 
8281.40 8.42869e-06 7.82526e-01 2.20700e-18 6.06859e-05 
8286.24 8.40817e-06 7.83150e-01 2.16944e-18 5.95903e-05 
8290.00 8.38600e-06 7.83515e-01 2.14071e-18 5.87000e-05 
8301.20 8.29522e-06 7.84825e-01 2.05715e-18 5.59668e-05 
8310.00 8.22589e-06 7.87229e-01 1.99367e-18 5.40083e-05 
8321.02 8.17670e-06 7.93797e-01 1.91669e-18 5.21122e-05 
8327.67 8.16514e-06 8.00520e-01 1.87161e-18 5.12859e-05 
8330.00 8.16347e-06 8.03469e-01 1.85607e-18 5.10511e-05 
8340.86 8.16906e-06 8.20667e-01 1.78511e-18 5.02503e-05 
8350.00 8.19160e-06 8.37911e-01 1.72736e-18 4.98379e-05 
8360.71 8.22610e-06 8.58750e-01 1.66192e-18 4.94125e-05 
8369.31 8.21499e-06 8.74110e-01 1.61104e-18 4.87409e-05 
8370.00 8.21116e-06 8.75236e-01 1.60703e-18 4.86636e-05 
8380.58 8.11232e-06 8.90444e-01 1.54663e-18 4.71340e-05 
8390.00 8.05242e-06 9.01284e-01 1.49459e-18 4.58138e-05 
8400.46 8.10683e-06 9.11280e-01 1.43879e-18 4.49496e-05 
8410.00 8.15237e-06 9.19392e-01 1.38957e-18 4.40944e-05 
8411.16 8.15027e-06 9.20350e-01 1.38370e-18 4.39488e-05 
8420.35 8.07954e-06 9.27906e-01 1.33797e-18 4.25196e-05 
8430.00 7.99447e-06 9.35624e-01 1.29151e-18 4.09958e-05 
8440.26 7.99583e-06 9.43420e-01 1.24375e-18 3.98641e-05 
8450.00 8.01991e-06 9.50241e-01 1.20000e-18 3.89013e-05 
8453.21 8.01630e-06 9.52340e-01 1.18588e-18 3.85257e-05 
8460.19 7.99059e-06 9.56587e-01 1.15576e-18 3.76248e-05 
8470.00 7.95456e-06 9.61671e-01 1.11463e-18 3.63564e-05 
8480.13 7.94657e-06 9.65549e-01 1.07361e-18 3.51662e-05 
8490.00 7.85451e-06 9.67675e-01 1.03503e-18 3.36227e-05 
8495.48 7.72752e-06 9.68040e-01 1.01418e-18 3.24458e-05 
8500.09 7.61026e-06 9.67870e-01 9.96947e-19 3.14221e-05 
8510.00 7.50303e-06 9.66419e-01 9.60833e-19 2.98471e-05 
8520.06 7.71683e-06 9.64273e-01 9.25443e-19 2.95362e-05 
8530.00 7.71663e-06 9.62498e-01 8.91701e-19 2.84393e-05 
8537.96 7.24492e-06 9.62000e-01 8.65533e-19 2.59280e-05 
8540.05 7.09392e-06 9.62074e-01 8.58777e-19 2.51976e-05 
8550.00 6.66575e-06 9.63536e-01 8.27313e-19 2.28705e-05 
8560.05 7.16944e-06 9.66358e-01 7.96649e-19 2.37843e-05 
8570.00 7.86504e-06 9.69793e-01 7.67366e-19 2.52515e-05 
8580.07 7.94543e-06 9.73220e-01 7.38774e-19 2.46748e-05 
8580.65 7.93495e-06 9.73400e-01 7.37165e-19 2.45948e-05 
8590.00 7.72060e-06 9.75976e-01 7.11573e-19 2.31860e-05 
8600.10 7.65175e-06 9.78125e-01 6.84884e-19 2.21921e-05 
8610.00 7.69261e-06 9.79736e-01 6.59666e-19 2.15493e-05 
8620.15 7.71177e-06 9.81031e-01 6.34725e-19 2.08382e-05 
8623.55 7.71813e-06 9.81410e-01 6.26577e-19 2.06038e-05 
8630.00 7.74745e-06 9.82080e-01 6.11390e-19 2.02096e-05 
8640.22 7.81060e-06 9.83011e-01 5.88056e-19 1.96386e-05 
8650.00 7.62636e-06 9.83755e-01 5.66508e-19 1.85076e-05 
8660.29 7.01720e-06 9.84382e-01 5.44653e-19 1.64023e-05 
8666.67 6.69665e-06 9.84690e-01 5.31532e-19 1.52919e-05 
8670.00 6.63029e-06 9.84827e-01 5.24793e-19 1.49562e-05 
8680.39 6.95582e-06 9.85161e-01 5.04303e-19 1.51011e-05 
8690.00 7.45342e-06 9.85368e-01 4.86035e-19 1.56158e-05 
8700.50 7.61429e-06 9.85520e-01 4.66804e-19 1.53425e-05 
8710.00 7.56177e-06 9.85620e-01 4.50036e-19 1.47069e-05 
8710.00 7.56176e-06 9.85620e-01 4.50034e-19 1.47068e-05 
8720.63 7.54492e-06 9.85712e-01 4.31969e-19 1.41035e-05 
8730.00 7.52297e-06 9.85747e-01 4.16610e-19 1.35776e-05 
8740.77 7.41721e-06 9.85685e-01 3.99619e-19 1.28558e-05 
8750.00 7.35575e-06 9.85507e-01 3.85582e-19 1.23122e-05 
8753.55 7.36334e-06 9.85400e-01 3.80310e-19 1.21600e-05 
8760.92 7.42212e-06 9.85106e-01 3.69589e-19 1.19180e-05 
8770.00 7.50410e-06 9.84648e-01 3.56788e-19 1.16389e-05 
8781.09 7.51226e-06 9.84028e-01 3.41722e-19 1.11667e-05 
8790.00 7.44919e-06 9.83552e-01 3.30076e-19 1.07012e-05 
8797.32 7.37010e-06 9.83220e-01 3.20792e-19 1.02949e-05 
8801.28 7.32826e-06 9.83070e-01 3.15871e-19 1.00824e-05 
8810.00 7.27180e-06 9.82716e-01 3.05302e-19 9.67606e-06 
8821.49 7.31050e-06 9.81859e-01 2.91898e-19 9.30449e-06 
8830.00 7.36761e-06 9.80636e-01 2.82331e-19 9.06728e-06 
8841.31 7.38940e-06 9.77810e-01 2.70096e-19 8.68605e-06 
8841.70 7.38840e-06 9.77680e-01 2.69675e-19 8.67055e-06 
8850.00 7.33259e-06 9.74560e-01 2.61038e-19 8.31069e-06 
8861.94 7.16717e-06 9.69630e-01 2.49080e-19 7.72226e-06 
8870.00 7.10964e-06 9.66841e-01 2.41306e-19 7.40658e-06 
8882.19 7.22593e-06 9.64908e-01 2.30000e-19 7.17052e-06 
8885.51 7.27376e-06 9.65080e-01 2.27006e-19 7.12796e-06 
8890.00 7.32852e-06 9.65838e-01 2.23025e-19 7.06477e-06 
8902.45 7.36700e-06 9.68414e-01 2.12329e-19 6.78882e-06 
8910.00 7.33081e-06 9.67767e-01 2.06091e-19 6.55818e-06 
8922.73 7.23487e-06 9.57070e-01 1.95969e-19 6.09512e-06 
8929.94 7.19506e-06 9.42950e-01 1.90456e-19 5.80885e-06 
8930.00 7.19485e-06 9.42801e-01 1.90411e-19 5.80641e-06 
8943.03 7.18742e-06 8.99437e-01 1.80826e-19 5.26275e-06 
8950.00 7.19086e-06 8.69020e-01 1.75894e-19 4.95230e-06 
8963.34 7.17543e-06 8.03025e-01 1.66815e-19 4.33714e-06 
8970.00 7.18311e-06 7.68767e-01 1.62457e-19 4.05098e-06 
8974.59 7.20225e-06 7.45520e-01 1.59517e-19 3.86966e-06 
8983.67 7.22529e-06 7.02256e-01 1.53854e-19 3.53049e-06 
8990.00 7.17940e-06 6.75840e-01 1.50022e-19 3.29435e-06 
9004.01 6.87913e-06 6.35242e-01 1.41868e-19 2.81006e-06 
9010.00 6.79664e-06 6.28018e-01 1.38518e-19 2.68176e-06 
9019.46 6.85231e-06 6.32520e-01 1.33380e-19 2.62485e-06 
9024.37 6.93297e-06 6.43386e-01 1.30787e-19 2.65031e-06 
9030.00 7.02643e-06 6.61606e-01 1.27876e-19 2.70231e-06 
9044.75 7.13500e-06 7.22701e-01 1.20546e-19 2.83025e-06 
9050.00 7.13271e-06 7.43503e-01 1.18035e-19 2.85181e-06 
9064.56 7.05360e-06 7.77700e-01 1.11341e-19 2.78707e-06 
9065.14 7.04860e-06 7.77974e-01 1.11083e-19 2.77980e-06 
9070.00 7.00201e-06 7.76483e-01 1.08936e-19 2.70431e-06 
9085.54 6.84339e-06 7.36921e-01 1.02342e-19 2.36058e-06 
9090.00 6.81829e-06 7.19371e-01 1.00524e-19 2.25625e-06 
9105.97 6.85407e-06 6.52637e-01 9.42689e-20 1.93303e-06 
9109.88 6.87948e-06 6.38400e-01 9.27938e-20 1.86898e-06 
9110.00 6.88027e-06 6.38001e-01 9.27499e-20 1.86716e-06 
9126.40 6.97003e-06 5.98959e-01 8.68157e-20 1.66515e-06 
9130.00 6.97533e-06 5.94453e-01 8.55655e-20 1.63070e-06 
9146.86 6.91701e-06 5.89537e-01 7.99360e-20 1.50095e-06 
9150.00 6.90117e-06 5.91198e-01 7.89277e-20 1.48330e-06 
9155.43 6.87776e-06 5.95680e-01 7.72140e-20 1.45800e-06 
9167.33 6.85134e-06 6.11467e-01 7.35875e-20 1.42272e-06 
9170.00 6.85121e-06 6.15909e-01 7.27960e-20 1.41802e-06 
9187.81 6.86230e-06 6.50311e-01 6.77303e-20 1.39801e-06 
9190.00 6.85631e-06 6.54809e-01 6.71327e-20 1.39437e-06 
9201.21 6.77665e-06 6.77380e-01 6.41504e-20 1.36400e-06 
9208.31 6.69429e-06 6.90506e-01 6.23279e-20 1.33554e-06 
9210.00 6.67236e-06 6.93421e-01 6.19030e-20 1.32792e-06 
9228.83 6.46918e-06 7.18944e-01 5.73461e-20 1.23913e-06 
9230.00 6.46570e-06 7.20014e-01 5.70743e-20 1.23459e-06 
9247.21 6.55401e-06 7.26780e-01 5.32163e-20 1.18002e-06 
9249.36 6.57155e-06 7.26289e-01 5.27530e-20 1.17236e-06 
9250.00 6.57652e-06 7.26078e-01 5.26167e-20 1.16995e-06 
9269.91 6.66515e-06 6.98832e-01 4.85195e-20 1.05462e-06 
9270.00 6.66527e-06 6.98604e-01 4.85023e-20 1.05393e-06 
9290.00 6.66529e-06 6.12170e-01 4.47051e-20 8.53075e-07 
9290.48 6.66552e-06 6.09159e-01 4.46181e-20 8.47299e-07 
9293.45 6.66789e-06 5.89280e-01 4.40802e-20 8.10316e-07 
9310.00 6.68109e-06 4.50426e-01 4.12013e-20 5.81104e-07 
9311.06 6.68021e-06 4.40617e-01 4.10236e-20 5.65988e-07 
9330.00 6.63512e-06 2.72215e-01 3.79686e-20 3.22100e-07 
9331.66 6.63152e-06 2.59528e-01 3.77125e-20 3.04906e-07 
9339.92 6.61749e-06 2.05510e-01 3.64595e-20 2.33133e-07 
9350.00 6.59909e-06 1.64660e-01 3.49864e-20 1.78939e-07 
9352.27 6.59324e-06 1.59002e-01 3.46632e-20 1.71084e-07 
9370.00 6.56194e-06 1.49118e-01 3.22357e-20 1.48786e-07 
9372.90 6.56644e-06 1.51965e-01 3.18554e-20 1.49987e-07 
9386.62 6.56704e-06 1.74870e-01 3.01135e-20 1.63410e-07 
9390.00 6.54142e-06 1.81808e-01 2.96988e-20 1.66959e-07 
9393.54 6.49698e-06 1.89277e-01 2.92706e-20 1.70213e-07 
9410.00 6.28409e-06 2.24128e-01 2.73594e-20 1.82540e-07 
9414.20 6.29340e-06 2.32347e-01 2.68915e-20 1.86357e-07 
9430.00 6.44050e-06 2.56860e-01 2.52023e-20 1.97921e-07 
9433.55 6.44394e-06 2.60430e-01 2.48374e-20 1.97946e-07 
9434.88 6.44077e-06 2.61538e-01 2.47022e-20 1.97637e-07 
9450.00 6.35794e-06 2.66266e-01 2.32137e-20 1.86953e-07 
9455.57 6.36239e-06 2.64965e-01 2.26879e-20 1.82060e-07 
9470.00 6.43684e-06 2.56432e-01 2.13805e-20 1.68242e-07 
9476.28 6.45100e-06 2.51215e-01 2.08349e-20 1.61074e-07 
9480.72 6.45020e-06 2.47270e-01 2.04578e-20 1.55728e-07 
9490.00 6.43047e-06 2.39055e-01 1.96907e-20 1.44608e-07 
9497.01 6.40910e-06 2.33778e-01 1.91306e-20 1.37038e-07 
9510.00 6.38063e-06 2.29042e-01 1.81334e-20 1.26871e-07 
9517.75 6.37687e-06 2.31068e-01 1.75634e-20 1.23998e-07 
9528.12 6.33158e-06 2.41720e-01 1.68280e-20 1.23534e-07 
9530.00 6.31200e-06 2.44790e-01 1.66982e-20 1.23778e-07 
9538.50 6.18168e-06 2.62559e-01 1.61225e-20 1.25652e-07 
9550.00 6.05048e-06 2.92752e-01 1.53757e-20 1.30933e-07 
9559.28 6.11011e-06 3.17936e-01 1.47979e-20 1.38337e-07 
9570.00 6.24928e-06 3.42722e-01 1.41572e-20 1.46077e-07 
9575.76 6.29129e-06 3.52240e-01 1.38242e-20 1.47677e-07 
9580.07 6.30373e-06 3.57039e-01 1.35805e-20 1.47408e-07 
9590.00 6.29344e-06 3.61941e-01 1.30345e-20 1.43338e-07 
9600.87 6.25752e-06 3.61616e-01 1.24617e-20 1.36289e-07 
9610.00 6.22313e-06 3.60767e-01 1.20003e-20 1.30340e-07 
9621.70 6.18567e-06 3.64586e-01 1.14337e-20 1.24896e-07 
9623.64 6.18058e-06 3.66200e-01 1.13421e-20 1.24367e-07 
9630.00 6.16666e-06 3.73983e-01 1.10477e-20 1.23516e-07 
9642.54 6.14840e-06 4.00174e-01 1.04893e-20 1.25277e-07 
9650.00 6.13551e-06 4.22213e-01 1.01702e-20 1.27986e-07 
9663.39 6.10474e-06 4.72854e-01 9.62184e-21 1.35116e-07 
9670.00 6.10058e-06 5.02747e-01 9.36207e-21 1.39779e-07 
9671.76 6.10215e-06 5.11220e-01 9.29409e-21 1.41165e-07 
9684.26 6.13101e-06 5.76082e-01 8.82513e-21 1.51960e-07 
9690.00 6.14042e-06 6.07174e-01 8.61781e-21 1.56731e-07 
9705.15 6.12252e-06 6.85915e-01 8.09353e-21 1.66060e-07 
9710.00 6.11425e-06 7.08385e-01 7.93243e-21 1.67943e-07 
9720.12 6.10634e-06 7.47810e-01 7.60661e-21 1.69965e-07 
9726.05 6.10099e-06 7.64872e-01 7.42180e-21 1.69574e-07 
9730.00 6.09404e-06 7.73204e-01 7.30131e-21 1.68514e-07 
9746.97 6.03371e-06 7.74950e-01 6.80512e-21 1.56130e-07 
9750.00 6.02302e-06 7.68448e-01 6.72020e-21 1.52665e-07 
9767.91 6.01524e-06 6.77969e-01 6.23907e-21 1.25115e-07 
9768.72 6.01841e-06 6.71540e-01 6.21812e-21 1.23587e-07 
9770.00 6.02425e-06 6.60935e-01 6.18518e-21 1.21124e-07 
9788.86 6.25870e-06 4.35567e-01 5.71955e-21 7.68345e-08 
