##### EXOPHOT SPECTRAL OVERLAP FILE #####
# Date: 02/12/2021 11:19:11
# SED file: SED_a5v.txt
# atmosphere file: atm_a5v_hzm_os3.txt
# photopigment file: phot4.txt
# Stellar radius (Rs in km): 1.183778e+06
# Exoplanet orbit semi-major axis (sma in km): 5.183426e+08
# Total absorption rate (gamma_t in s-1): 7.40348e+00
# B band absorption rate (gamma_B in s-1): 7.25099e+00
# Q band absorption rate (gamma_Q in s-1): 1.52490e-01
# B-Q bands cut-off (in nm): 500
# photosynthetic photon flux density [ppfd in micromol photon m-2 s-1]: 2.44212e+03
# Total Stellar Irradiance (S in W m-2): 1.37004e+03
# -------------------------------------------------
# Col 1: Wavelength (wl in Angstrom) 
# Col 2: Spectral Flux Density (F_l in J cm-2 s-1 A-1) 
# Col 3: Atmosphere transmitance (T, no units) 
# Col 4: Pigment absorption cross section (sigma_abs in cm-2) 
# Col 5: Spectral Absorption Rate (Gamma_lambda in A-1 s-1)
2503.42 1.47989e-05 1.45677e-01 9.18144e-23 2.49452e-10 
2505.00 1.31147e-05 1.46278e-01 1.01415e-22 2.45341e-10 
2513.00 1.06490e-05 1.49324e-01 1.60154e-22 3.22174e-10 
2515.76 1.08430e-05 1.50380e-01 1.86508e-22 3.85147e-10 
2516.83 1.08914e-05 1.50792e-01 1.97896e-22 4.11791e-10 
2518.00 1.08807e-05 1.51241e-01 2.11089e-22 4.40323e-10 
2525.00 9.68569e-06 1.53944e-01 3.10568e-22 5.88619e-10 
2528.34 9.31834e-06 1.55240e-01 3.72636e-22 6.86097e-10 
2530.25 9.22417e-06 1.55988e-01 4.13317e-22 7.57509e-10 
2535.00 9.07097e-06 1.57844e-01 5.32120e-22 9.72285e-10 
2540.98 8.70062e-06 1.60200e-01 7.27891e-22 1.29779e-09 
2543.69 8.67623e-06 1.61273e-01 8.37163e-22 1.49999e-09 
2545.00 8.74682e-06 1.61794e-01 8.95467e-22 1.62358e-09 
2553.68 1.00380e-05 1.65250e-01 1.38790e-21 2.95963e-09 
2555.00 1.01470e-05 1.65774e-01 1.48180e-21 3.20596e-09 
2557.12 1.01742e-05 1.66620e-01 1.64576e-21 3.59142e-09 
2565.00 9.93218e-06 1.69766e-01 2.41169e-21 5.25083e-09 
2566.45 1.00596e-05 1.70350e-01 2.58518e-21 5.72362e-09 
2570.57 1.07397e-05 1.72017e-01 3.14260e-21 7.51288e-09 
2575.00 1.14877e-05 1.73823e-01 3.86345e-21 1.00004e-08 
2579.28 1.17365e-05 1.75580e-01 4.70505e-21 1.25892e-08 
2584.03 1.16173e-05 1.77533e-01 5.83323e-21 1.56500e-08 
2585.00 1.15740e-05 1.77935e-01 6.09350e-21 1.63303e-08 
2592.18 1.12587e-05 1.80910e-01 8.36990e-21 2.22465e-08 
2595.00 1.11219e-05 1.82083e-01 9.46211e-21 2.50322e-08 
2597.49 1.09845e-05 1.83122e-01 1.05328e-20 2.77041e-08 
2605.00 1.03505e-05 1.86271e-01 1.44720e-20 3.65902e-08 
2605.14 1.03339e-05 1.86330e-01 1.45576e-20 3.67613e-08 
2610.96 9.70005e-06 1.88785e-01 1.85144e-20 4.45631e-08 
2615.00 9.76204e-06 1.90496e-01 2.18126e-20 5.33987e-08 
2618.17 1.03367e-05 1.91840e-01 2.47632e-20 6.47218e-08 
2624.44 1.17741e-05 1.94505e-01 3.17034e-20 9.59236e-08 
2625.00 1.18524e-05 1.94745e-01 3.24056e-20 9.88427e-08 
2631.26 1.20340e-05 1.97420e-01 4.12098e-20 1.29684e-07 
2635.00 1.22615e-05 1.99029e-01 4.74597e-20 1.53635e-07 
2637.92 1.28795e-05 2.00290e-01 5.29206e-20 1.81288e-07 
2644.41 1.48095e-05 2.03100e-01 6.71120e-20 2.68722e-07 
2645.00 1.49564e-05 2.03354e-01 6.85478e-20 2.77602e-07 
2651.42 1.56665e-05 2.06139e-01 8.61697e-20 3.71439e-07 
2655.00 1.52479e-05 2.07699e-01 9.76731e-20 4.13435e-07 
2657.64 1.45591e-05 2.08850e-01 1.06988e-19 4.35233e-07 
2664.92 1.27306e-05 2.12043e-01 1.36953e-19 4.95969e-07 
2665.00 1.27237e-05 2.12080e-01 1.37330e-19 4.97164e-07 
2670.92 1.32186e-05 2.14690e-01 1.67006e-19 6.37257e-07 
2675.00 1.39263e-05 2.16490e-01 1.90572e-19 7.73709e-07 
2678.43 1.41933e-05 2.18006e-01 2.12593e-19 8.86959e-07 
2684.28 1.39054e-05 2.20600e-01 2.55339e-19 1.05842e-06 
2685.00 1.38186e-05 2.20920e-01 2.61092e-19 1.07736e-06 
2691.94 1.28600e-05 2.24010e-01 3.22514e-19 1.25905e-06 
2695.00 1.27012e-05 2.25373e-01 3.53255e-19 1.37188e-06 
2697.70 1.28464e-05 2.26580e-01 3.82487e-19 1.51195e-06 
2705.00 1.34281e-05 2.29854e-01 4.72106e-19 1.98425e-06 
2705.47 1.34170e-05 2.30065e-01 4.78437e-19 2.01139e-06 
2711.19 1.27288e-05 2.32640e-01 5.61505e-19 2.26939e-06 
2715.00 1.21493e-05 2.34360e-01 6.23377e-19 2.42594e-06 
2719.00 1.18885e-05 2.36169e-01 6.94428e-19 2.66875e-06 
2724.74 1.23714e-05 2.38770e-01 8.08072e-19 3.27414e-06 
2725.00 1.24188e-05 2.38886e-01 8.13462e-19 3.31053e-06 
2732.54 1.38396e-05 2.42315e-01 9.86732e-19 4.55189e-06 
2735.00 1.37012e-05 2.43434e-01 1.04930e-18 4.81858e-06 
2738.37 1.26249e-05 2.44970e-01 1.14032e-18 4.86162e-06 
2745.00 1.00317e-05 2.47998e-01 1.33823e-18 4.60065e-06 
2746.09 9.86876e-06 2.48497e-01 1.37333e-18 4.65584e-06 
2752.06 1.03693e-05 2.51230e-01 1.57834e-18 5.69643e-06 
2755.00 1.08739e-05 2.52579e-01 1.68787e-18 6.42931e-06 
2759.65 1.12546e-05 2.54716e-01 1.87321e-18 7.46016e-06 
2765.00 1.16100e-05 2.57182e-01 2.10579e-18 8.75200e-06 
2765.82 1.17156e-05 2.57560e-01 2.14334e-18 9.00495e-06 
2773.21 1.30554e-05 2.60974e-01 2.50526e-18 1.19164e-05 
2775.00 1.33236e-05 2.61799e-01 2.59928e-18 1.26658e-05 
2779.65 1.35029e-05 2.63950e-01 2.85639e-18 1.42455e-05 
2785.00 1.20892e-05 2.66426e-01 3.17502e-18 1.43373e-05 
2786.79 1.10926e-05 2.67254e-01 3.28696e-18 1.36703e-05 
2793.55 6.75031e-06 2.70390e-01 3.73673e-18 9.59146e-06 
2795.00 6.13155e-06 2.71064e-01 3.83874e-18 8.97711e-06 
2800.37 5.87919e-06 2.73560e-01 4.23274e-18 9.59688e-06 
2805.00 7.73666e-06 2.75718e-01 4.59476e-18 1.38400e-05 
2807.52 9.28798e-06 2.76890e-01 4.79985e-18 1.74462e-05 
2813.95 1.33284e-05 2.79893e-01 5.35231e-18 2.82846e-05 
2815.00 1.38034e-05 2.80380e-01 5.44575e-18 2.98670e-05 
2821.55 1.49875e-05 2.83440e-01 6.05535e-18 3.65378e-05 
2825.00 1.48558e-05 2.85051e-01 6.39234e-18 3.84965e-05 
2827.55 1.46612e-05 2.86244e-01 6.64894e-18 3.97183e-05 
2835.00 1.40562e-05 2.89730e-01 7.43278e-18 4.32005e-05 
2835.66 1.40157e-05 2.90040e-01 7.50477e-18 4.35500e-05 
2841.16 1.37031e-05 2.92615e-01 8.11805e-18 4.65569e-05 
2845.00 1.33128e-05 2.94418e-01 8.56272e-18 4.80674e-05 
2849.84 1.25255e-05 2.96690e-01 9.13970e-18 4.87274e-05 
2854.77 1.21936e-05 2.99006e-01 9.74604e-18 5.10661e-05 
2855.00 1.22075e-05 2.99116e-01 9.77512e-18 5.13000e-05 
2864.09 1.39695e-05 3.03390e-01 1.09404e-17 6.68536e-05 
2865.00 1.40849e-05 3.03818e-01 1.10602e-17 6.82617e-05 
2868.39 1.41521e-05 3.05410e-01 1.15098e-17 7.18343e-05 
2875.00 1.36899e-05 3.08517e-01 1.24053e-17 7.58312e-05 
2878.41 1.37352e-05 3.10120e-01 1.28749e-17 7.94670e-05 
2882.02 1.38995e-05 3.11817e-01 1.33767e-17 8.41140e-05 
2885.00 1.39067e-05 3.13221e-01 1.37953e-17 8.72726e-05 
2892.80 1.31709e-05 3.16890e-01 1.48997e-17 9.05618e-05 
2895.00 1.30927e-05 3.17922e-01 1.52128e-17 9.22855e-05 
2895.65 1.31056e-05 3.18228e-01 1.53057e-17 9.30498e-05 
2907.27 1.49531e-05 3.23660e-01 1.69604e-17 1.20134e-04 
2909.30 1.52742e-05 3.24607e-01 1.72483e-17 1.25248e-04 
2910.00 1.53634e-05 3.24935e-01 1.73480e-17 1.26867e-04 
2921.80 1.52742e-05 3.30440e-01 1.89944e-17 1.41011e-04 
2922.95 1.51701e-05 3.30977e-01 1.91513e-17 1.41490e-04 
2930.00 1.45243e-05 3.34290e-01 2.01002e-17 1.43949e-04 
2936.41 1.42285e-05 3.37310e-01 2.09340e-17 1.48518e-04 
2936.61 1.42244e-05 3.37403e-01 2.09591e-17 1.48705e-04 
2950.00 1.43975e-05 3.43707e-01 2.25853e-17 1.65977e-04 
2950.28 1.44068e-05 3.43836e-01 2.26168e-17 1.66393e-04 
2951.09 1.44347e-05 3.44220e-01 2.27100e-17 1.67636e-04 
2963.95 1.48877e-05 3.50243e-01 2.40732e-17 1.87294e-04 
2965.85 1.49417e-05 3.51130e-01 2.42566e-17 1.90007e-04 
2970.00 1.50323e-05 3.53073e-01 2.46410e-17 1.95536e-04 
2977.64 1.50914e-05 3.56646e-01 2.52835e-17 2.03986e-04 
2980.68 1.50928e-05 3.58070e-01 2.55153e-17 2.06908e-04 
2990.00 1.51160e-05 3.62432e-01 2.61352e-17 2.15518e-04 
2991.33 1.51296e-05 3.63052e-01 2.62121e-17 2.16812e-04 
2995.58 1.51921e-05 3.65040e-01 2.64389e-17 2.21108e-04 
3005.03 1.53579e-05 3.69446e-01 2.68342e-17 2.30326e-04 
3010.00 1.54070e-05 3.71760e-01 2.69813e-17 2.34171e-04 
3010.56 1.54091e-05 3.72020e-01 2.69951e-17 2.34530e-04 
3018.74 1.53670e-05 3.75816e-01 2.71374e-17 2.38166e-04 
3025.61 1.52775e-05 3.79000e-01 2.71690e-17 2.39607e-04 
3030.00 1.52244e-05 3.81029e-01 2.71479e-17 2.40216e-04 
3032.45 1.52028e-05 3.82162e-01 2.71223e-17 2.40555e-04 
3040.74 1.51698e-05 3.85990e-01 2.69641e-17 2.41682e-04 
3046.18 1.51710e-05 3.88500e-01 2.68023e-17 2.42245e-04 
3050.00 1.51769e-05 3.90264e-01 2.66621e-17 2.42470e-04 
3055.94 1.51907e-05 3.93000e-01 2.64029e-17 2.42488e-04 
3059.91 1.52079e-05 3.94821e-01 2.62034e-17 2.42359e-04 
3070.00 1.53131e-05 3.99441e-01 2.56069e-17 2.42066e-04 
3071.22 1.53341e-05 4.00000e-01 2.55266e-17 2.42073e-04 
3073.65 1.53801e-05 4.01108e-01 2.53627e-17 2.42099e-04 
3086.58 1.55812e-05 4.07000e-01 2.43934e-17 2.40363e-04 
3087.40 1.55835e-05 4.07371e-01 2.43274e-17 2.40031e-04 
3090.00 1.55765e-05 4.08555e-01 2.41139e-17 2.38709e-04 
3101.15 1.53273e-05 4.13611e-01 2.31536e-17 2.29152e-04 
3102.01 1.53003e-05 4.14000e-01 2.30771e-17 2.28269e-04 
3110.00 1.50644e-05 4.17611e-01 2.23550e-17 2.20181e-04 
3114.92 1.49697e-05 4.19828e-01 2.19046e-17 2.15868e-04 
3117.52 1.49397e-05 4.21000e-01 2.16654e-17 2.13858e-04 
3128.69 1.49681e-05 4.26005e-01 2.06503e-17 2.07393e-04 
3130.00 1.49879e-05 4.26591e-01 2.05334e-17 2.06862e-04 
3133.11 1.50479e-05 4.27980e-01 2.02590e-17 2.05786e-04 
3142.47 1.52935e-05 4.32156e-01 1.94663e-17 2.03528e-04 
3148.77 1.54612e-05 4.34960e-01 1.89701e-17 2.02221e-04 
3150.00 1.54895e-05 4.35504e-01 1.88781e-17 2.01940e-04 
3156.26 1.55939e-05 4.38276e-01 1.84335e-17 2.00173e-04 
3164.52 1.55683e-05 4.41920e-01 1.79231e-17 1.96439e-04 
3170.00 1.54013e-05 4.44330e-01 1.76410e-17 1.92649e-04 
3170.06 1.53989e-05 4.44354e-01 1.76384e-17 1.92605e-04 
3180.34 1.48010e-05 4.48860e-01 1.72550e-17 1.83533e-04 
3183.86 1.46088e-05 4.50397e-01 1.71731e-17 1.81107e-04 
3190.00 1.44275e-05 4.53075e-01 1.70976e-17 1.79478e-04 
3196.24 1.45247e-05 4.55790e-01 1.71169e-17 1.82331e-04 
3197.67 1.45737e-05 4.56411e-01 1.71360e-17 1.83482e-04 
3210.00 1.49197e-05 4.61742e-01 1.75500e-17 1.95373e-04 
3211.49 1.49077e-05 4.62386e-01 1.76328e-17 1.96501e-04 
3212.22 1.48957e-05 4.62700e-01 1.76759e-17 1.97003e-04 
3225.32 1.43734e-05 4.68316e-01 1.87762e-17 2.05212e-04 
3228.29 1.42805e-05 4.69580e-01 1.91165e-17 2.08332e-04 
3230.00 1.42498e-05 4.70311e-01 1.93299e-17 2.10645e-04 
3239.16 1.43894e-05 4.74207e-01 2.06868e-17 2.30176e-04 
3244.43 1.46013e-05 4.76440e-01 2.16414e-17 2.45893e-04 
3250.00 1.48276e-05 4.78798e-01 2.28006e-17 2.64835e-04 
3253.01 1.49231e-05 4.80067e-01 2.34924e-17 2.75612e-04 
3260.65 1.50762e-05 4.83280e-01 2.54720e-17 3.04636e-04 
3266.86 1.51330e-05 4.85877e-01 2.73270e-17 3.30445e-04 
3270.00 1.51481e-05 4.87186e-01 2.83529e-17 3.44446e-04 
3276.95 1.51689e-05 4.90080e-01 3.08454e-17 3.78273e-04 
3280.72 1.51818e-05 4.91648e-01 3.23291e-17 3.98533e-04 
3290.00 1.52555e-05 4.95485e-01 3.63967e-17 4.55655e-04 
3293.34 1.53051e-05 4.96850e-01 3.80104e-17 4.79208e-04 
3294.59 1.53261e-05 4.97361e-01 3.86388e-17 4.88486e-04 
3308.47 1.54972e-05 5.02945e-01 4.63945e-17 6.02271e-04 
3309.80 1.54955e-05 5.03480e-01 4.72202e-17 6.13818e-04 
3310.00 1.54948e-05 5.03559e-01 4.73430e-17 6.15520e-04 
3322.36 1.52857e-05 5.08531e-01 5.57281e-17 7.24514e-04 
3326.35 1.51906e-05 5.10140e-01 5.87222e-17 7.62004e-04 
3330.00 1.51135e-05 5.11607e-01 6.15799e-17 7.98195e-04 
3336.25 1.50228e-05 5.14116e-01 6.67599e-17 8.65984e-04 
3342.98 1.49640e-05 5.16810e-01 7.27449e-17 9.46761e-04 
3350.00 1.49112e-05 5.19606e-01 7.94398e-17 1.03799e-03 
3350.15 1.49099e-05 5.19668e-01 7.95927e-17 1.04007e-03 
3359.70 1.48129e-05 5.23450e-01 8.94826e-17 1.17349e-03 
3364.07 1.47709e-05 5.25170e-01 9.43057e-17 1.23889e-03 
3370.00 1.47323e-05 5.27499e-01 1.01165e-16 1.33375e-03 
3376.50 1.47269e-05 5.30040e-01 1.09078e-16 1.44726e-03 
3377.98 1.47304e-05 5.30620e-01 1.10948e-16 1.47469e-03 
3390.00 1.47943e-05 5.35293e-01 1.26869e-16 1.71460e-03 
3391.91 1.48068e-05 5.36033e-01 1.29535e-16 1.75553e-03 
3393.38 1.48165e-05 5.36600e-01 1.31605e-16 1.78741e-03 
3405.85 1.48999e-05 5.41391e-01 1.50037e-16 2.07511e-03 
3410.00 1.49290e-05 5.42978e-01 1.56504e-16 2.17778e-03 
3410.35 1.49314e-05 5.43110e-01 1.57052e-16 2.18653e-03 
3419.79 1.49948e-05 5.46703e-01 1.72383e-16 2.43282e-03 
3427.40 1.50240e-05 5.49580e-01 1.85304e-16 2.63991e-03 
3430.00 1.50258e-05 5.50560e-01 1.89834e-16 2.71165e-03 
3433.74 1.50193e-05 5.51967e-01 1.96453e-16 2.81521e-03 
3444.54 1.49537e-05 5.56000e-01 2.16135e-16 3.11604e-03 
3447.70 1.49257e-05 5.57178e-01 2.22075e-16 3.20539e-03 
3450.00 1.49040e-05 5.58030e-01 2.26421e-16 3.27054e-03 
3461.67 1.47870e-05 5.62339e-01 2.49031e-16 3.60862e-03 
3461.76 1.47861e-05 5.62370e-01 2.49199e-16 3.61114e-03 
3470.00 1.47050e-05 5.65388e-01 2.65618e-16 3.85765e-03 
3475.65 1.46569e-05 5.67448e-01 2.77054e-16 4.03175e-03 
3479.07 1.46370e-05 5.68690e-01 2.84031e-16 4.14075e-03 
3489.64 1.46629e-05 5.72516e-01 3.05835e-16 4.51021e-03 
3490.00 1.46670e-05 5.72647e-01 3.06591e-16 4.52414e-03 
3496.46 1.47723e-05 5.74970e-01 3.20050e-16 4.78480e-03 
3503.63 1.49060e-05 5.77529e-01 3.35026e-16 5.08693e-03 
3510.00 1.49706e-05 5.79793e-01 3.48344e-16 5.34259e-03 
3513.95 1.49623e-05 5.81190e-01 3.56577e-16 5.48514e-03 
3517.63 1.49319e-05 5.82493e-01 3.64250e-16 5.61022e-03 
3530.00 1.48861e-05 5.86841e-01 3.89763e-16 6.05063e-03 
3531.51 1.49060e-05 5.87370e-01 3.92853e-16 6.11488e-03 
3531.64 1.49080e-05 5.87414e-01 3.93110e-16 6.12038e-03 
3545.66 1.52054e-05 5.92271e-01 4.21198e-16 6.77057e-03 
3549.17 1.52210e-05 5.93480e-01 4.28064e-16 6.90890e-03 
3550.00 1.52162e-05 5.93765e-01 4.29670e-16 6.93758e-03 
3559.69 1.49498e-05 5.97087e-01 4.48102e-16 7.16778e-03 
3566.92 1.46622e-05 5.99550e-01 4.61375e-16 7.28275e-03 
3570.00 1.45651e-05 6.00594e-01 4.66888e-16 7.34002e-03 
3573.72 1.44892e-05 6.01849e-01 4.73425e-16 7.42722e-03 
3584.75 1.44478e-05 6.05550e-01 4.91960e-16 7.76719e-03 
3587.76 1.44562e-05 6.06556e-01 4.96786e-16 7.86757e-03 
3590.00 1.44607e-05 6.07302e-01 5.00299e-16 7.94038e-03 
3601.82 1.44549e-05 6.11226e-01 5.17838e-16 8.29572e-03 
3602.68 1.44560e-05 6.11510e-01 5.19044e-16 8.32155e-03 
3610.00 1.45019e-05 6.13920e-01 5.28904e-16 8.55744e-03 
3615.88 1.45932e-05 6.15842e-01 5.36270e-16 8.77282e-03 
3620.69 1.46629e-05 6.17410e-01 5.41927e-16 8.94227e-03 
3629.94 1.46178e-05 6.20406e-01 5.51820e-16 9.14489e-03 
3630.00 1.46163e-05 6.20424e-01 5.51875e-16 9.14530e-03 
3638.79 1.44020e-05 6.23250e-01 5.60025e-16 9.20816e-03 
3640.00 1.44176e-05 6.23636e-01 5.61046e-16 9.24375e-03 
3644.02 1.46031e-05 6.24920e-01 5.64280e-16 9.44643e-03 
3650.00 1.50038e-05 6.26821e-01 5.68595e-16 9.82567e-03 
3656.99 1.52046e-05 6.29030e-01 5.72885e-16 1.00870e-02 
3658.11 1.52062e-05 6.29383e-01 5.73496e-16 1.01075e-02 
3670.00 1.48859e-05 6.33109e-01 5.78680e-16 1.00758e-02 
3672.20 1.47873e-05 6.33795e-01 5.79376e-16 1.00380e-02 
3675.27 1.46461e-05 6.34750e-01 5.80211e-16 9.97984e-03 
3686.30 1.42659e-05 6.38163e-01 5.81890e-16 9.83072e-03 
3690.00 1.42441e-05 6.39301e-01 5.81993e-16 9.84485e-03 
3693.65 1.42975e-05 6.40420e-01 5.81872e-16 9.90675e-03 
3700.41 1.45071e-05 6.42486e-01 5.81063e-16 1.00888e-02 
3710.00 1.47080e-05 6.45392e-01 5.78636e-16 1.02584e-02 
3712.12 1.46902e-05 6.46030e-01 5.77902e-16 1.02489e-02 
3714.53 1.46475e-05 6.46755e-01 5.76979e-16 1.02209e-02 
3728.66 1.48387e-05 6.50970e-01 5.69774e-16 1.03309e-02 
3730.00 1.49743e-05 6.51369e-01 5.68934e-16 1.04200e-02 
3730.68 1.50550e-05 6.51570e-01 5.68500e-16 1.04733e-02 
3742.79 1.73142e-05 6.55151e-01 5.59631e-16 1.19610e-02 
3749.33 1.84869e-05 6.57050e-01 5.54008e-16 1.27015e-02 
3750.00 1.85778e-05 6.57242e-01 5.53401e-16 1.27560e-02 
3756.94 1.91667e-05 6.59214e-01 5.46771e-16 1.30658e-02 
3768.08 1.97055e-05 6.62340e-01 5.34902e-16 1.32430e-02 
3770.00 1.98743e-05 6.62879e-01 5.32710e-16 1.33193e-02 
3771.09 1.99913e-05 6.63185e-01 5.31450e-16 1.33760e-02 
3785.25 2.28704e-05 6.67170e-01 5.13949e-16 1.49434e-02 
3786.92 2.33619e-05 6.67640e-01 5.11758e-16 1.52168e-02 
3790.00 2.43461e-05 6.68507e-01 5.07644e-16 1.57637e-02 
3799.42 2.74619e-05 6.71152e-01 4.94565e-16 1.74347e-02 
3805.85 2.86222e-05 6.72950e-01 4.85230e-16 1.79064e-02 
3810.00 2.84524e-05 6.74105e-01 4.79055e-16 1.76230e-02 
3813.60 2.75748e-05 6.75103e-01 4.73607e-16 1.69261e-02 
3824.88 2.33115e-05 6.78210e-01 4.56017e-16 1.38821e-02 
3827.78 2.26510e-05 6.79002e-01 4.51386e-16 1.33776e-02 
3830.00 2.24712e-05 6.79606e-01 4.47821e-16 1.31859e-02 
3841.98 2.65102e-05 6.82844e-01 4.28211e-16 1.49924e-02 
3844.01 2.77364e-05 6.83390e-01 4.24839e-16 1.55830e-02 
3850.00 3.16237e-05 6.84998e-01 4.14810e-16 1.74155e-02 
3856.18 3.52695e-05 6.86649e-01 4.04379e-16 1.90110e-02 
3863.23 3.74316e-05 6.88520e-01 3.92406e-16 1.96682e-02 
3870.00 3.58291e-05 6.90305e-01 3.80844e-16 1.83509e-02 
3870.39 3.55905e-05 6.90407e-01 3.80174e-16 1.82012e-02 
3882.54 2.41998e-05 6.93580e-01 3.59395e-16 1.17902e-02 
3884.61 2.25400e-05 6.94118e-01 3.55861e-16 1.08877e-02 
3890.00 2.05252e-05 6.95514e-01 3.46674e-16 9.69142e-03 
3898.84 2.59552e-05 6.97792e-01 3.31681e-16 1.17905e-02 
3901.96 2.91500e-05 6.98590e-01 3.26430e-16 1.30574e-02 
3910.00 3.57938e-05 7.00638e-01 3.12963e-16 1.54488e-02 
3913.08 3.65796e-05 7.01417e-01 3.07854e-16 1.55597e-02 
3921.46 3.48281e-05 7.03530e-01 2.94065e-16 1.42242e-02 
3927.32 3.29747e-05 7.04997e-01 2.84570e-16 1.30791e-02 
3930.00 3.26902e-05 7.05665e-01 2.80269e-16 1.27911e-02 
3941.07 3.57266e-05 7.08410e-01 2.62779e-16 1.31949e-02 
3941.58 3.58769e-05 7.08534e-01 2.61994e-16 1.32148e-02 
3950.00 3.56292e-05 7.10600e-01 2.49049e-16 1.25382e-02 
3955.84 3.09348e-05 7.12022e-01 2.40264e-16 1.05388e-02 
3960.78 2.55731e-05 7.13220e-01 2.32961e-16 8.47217e-03 
3970.00 1.90904e-05 7.15447e-01 2.19648e-16 5.99560e-03 
3970.11 1.90798e-05 7.15473e-01 2.19492e-16 5.98840e-03 
3980.58 2.53538e-05 7.17980e-01 2.04917e-16 7.47485e-03 
3984.39 2.94984e-05 7.18885e-01 1.99762e-16 8.49683e-03 
3990.00 3.51146e-05 7.20211e-01 1.92313e-16 9.76907e-03 
3998.68 3.96377e-05 7.22248e-01 1.81138e-16 1.04386e-02 
4000.48 4.00412e-05 7.22670e-01 1.78865e-16 1.04234e-02 
4010.00 4.06538e-05 7.24883e-01 1.67199e-16 9.94649e-03 
4012.97 4.06855e-05 7.25571e-01 1.63660e-16 9.76001e-03 
4020.49 4.07970e-05 7.27300e-01 1.54945e-16 9.30514e-03 
4027.28 4.08687e-05 7.28853e-01 1.47347e-16 8.89830e-03 
4030.00 4.08719e-05 7.29473e-01 1.44378e-16 8.73297e-03 
4040.59 4.06901e-05 7.31870e-01 1.33226e-16 8.07015e-03 
4041.59 4.06582e-05 7.32096e-01 1.32203e-16 8.00632e-03 
4050.00 4.03063e-05 7.33982e-01 1.23852e-16 7.47035e-03 
4055.92 3.99485e-05 7.35300e-01 1.18215e-16 7.09006e-03 
4060.79 3.94770e-05 7.36380e-01 1.13714e-16 6.75761e-03 
4070.00 3.77701e-05 7.38404e-01 1.05570e-16 6.03253e-03 
4070.25 3.77049e-05 7.38458e-01 1.05358e-16 6.01086e-03 
4081.10 3.37382e-05 7.40820e-01 9.63597e-17 4.94800e-03 
4084.59 3.20500e-05 7.41576e-01 9.35966e-17 4.57420e-03 
4090.00 2.90878e-05 7.42744e-01 8.94329e-17 3.97827e-03 
4098.93 2.40262e-05 7.44662e-01 8.28849e-17 3.05995e-03 
4101.50 2.29336e-05 7.45210e-01 8.10753e-17 2.86091e-03 
4110.00 2.21786e-05 7.47015e-01 7.53121e-17 2.58163e-03 
4113.29 2.34915e-05 7.47710e-01 7.31719e-17 2.66135e-03 
4122.01 2.98477e-05 7.49540e-01 6.77395e-17 3.14471e-03 
4127.66 3.42547e-05 7.50716e-01 6.44015e-17 3.44127e-03 
4130.00 3.57280e-05 7.51202e-01 6.30561e-17 3.51856e-03 
4142.03 3.87311e-05 7.53679e-01 5.65144e-17 3.43987e-03 
4142.62 3.87447e-05 7.53800e-01 5.62089e-17 3.42351e-03 
4150.00 3.85777e-05 7.55308e-01 5.25010e-17 3.19595e-03 
4156.41 3.85156e-05 7.56611e-01 4.94494e-17 3.01517e-03 
4163.33 3.86021e-05 7.58010e-01 4.63261e-17 2.84103e-03 
4170.00 3.86538e-05 7.59349e-01 4.34776e-17 2.67891e-03 
4170.80 3.86493e-05 7.59510e-01 4.31448e-17 2.65917e-03 
4184.15 3.83388e-05 7.62160e-01 3.79273e-17 2.33436e-03 
4185.20 3.83128e-05 7.62368e-01 3.75395e-17 2.31013e-03 
4190.00 3.82330e-05 7.63309e-01 3.58178e-17 2.20483e-03 
4199.61 3.82717e-05 7.65182e-01 3.25737e-17 2.01671e-03 
4205.07 3.82765e-05 7.66240e-01 3.08483e-17 1.91525e-03 
4210.00 3.81711e-05 7.67192e-01 2.93592e-17 1.82217e-03 
4214.03 3.79724e-05 7.67967e-01 2.81897e-17 1.74390e-03 
4226.10 3.71966e-05 7.70270e-01 2.49293e-17 1.51956e-03 
4228.45 3.70973e-05 7.70716e-01 2.43323e-17 1.48090e-03 
4230.00 3.70543e-05 7.71007e-01 2.39482e-17 1.45692e-03 
4242.89 3.71619e-05 7.73426e-01 2.09494e-17 1.28609e-03 
4247.23 3.71598e-05 7.74240e-01 2.00186e-17 1.23144e-03 
4250.00 3.70839e-05 7.74762e-01 1.94428e-17 1.19515e-03 
4257.33 3.65658e-05 7.76134e-01 1.79919e-17 1.09433e-03 
4268.46 3.56500e-05 7.78150e-01 1.59753e-17 9.52287e-04 
4270.00 3.55832e-05 7.78418e-01 1.57133e-17 9.35569e-04 
4271.78 3.55374e-05 7.78725e-01 1.54143e-17 9.17330e-04 
4286.24 3.56643e-05 7.81154e-01 1.31746e-17 7.91965e-04 
4289.80 3.55800e-05 7.81760e-01 1.26707e-17 7.61101e-04 
4290.00 3.55714e-05 7.81794e-01 1.26435e-17 7.59349e-04 
4300.71 3.43688e-05 7.83682e-01 1.12341e-17 6.55095e-04 
4310.00 3.21386e-05 7.85347e-01 1.01304e-17 5.54771e-04 
4311.25 3.17516e-05 7.85570e-01 9.98931e-18 5.40770e-04 
4315.19 3.04158e-05 7.86266e-01 9.55758e-18 4.96523e-04 
4329.68 2.45699e-05 7.88782e-01 8.11318e-18 3.42713e-04 
4330.00 2.44341e-05 7.88837e-01 8.08354e-18 3.39622e-04 
4332.81 2.32650e-05 7.89320e-01 7.82878e-18 3.13576e-04 
4344.17 2.01992e-05 7.91268e-01 6.87209e-18 2.40202e-04 
4350.00 2.08186e-05 7.92262e-01 6.42479e-18 2.32055e-04 
4354.47 2.27315e-05 7.93020e-01 6.09988e-18 2.41042e-04 
4358.68 2.53032e-05 7.93729e-01 5.80847e-18 2.55969e-04 
4370.00 3.22211e-05 7.95623e-01 5.08696e-18 2.86886e-04 
4373.19 3.33009e-05 7.96153e-01 4.89926e-18 2.85959e-04 
4376.25 3.38886e-05 7.96660e-01 4.72565e-18 2.81069e-04 
4387.71 3.38207e-05 7.98551e-01 4.12397e-18 2.46015e-04 
4390.00 3.36675e-05 7.98926e-01 4.01288e-18 2.38540e-04 
4398.13 3.34136e-05 8.00250e-01 3.64047e-18 2.15525e-04 
4402.24 3.33993e-05 8.00915e-01 3.46448e-18 2.05381e-04 
4410.00 3.33921e-05 8.02159e-01 3.15435e-18 1.87575e-04 
4416.78 3.32719e-05 8.03240e-01 2.90481e-18 1.72611e-04 
4420.12 3.31921e-05 8.03770e-01 2.78903e-18 1.65568e-04 
4430.00 3.30592e-05 8.05334e-01 2.47103e-18 1.46714e-04 
4431.33 3.30681e-05 8.05544e-01 2.43094e-18 1.44454e-04 
4442.22 3.33363e-05 8.07250e-01 2.12517e-18 1.27891e-04 
4445.89 3.34456e-05 8.07820e-01 2.03061e-18 1.22790e-04 
4450.00 3.35377e-05 8.08457e-01 1.92936e-18 1.17189e-04 
4460.45 3.35311e-05 8.10063e-01 1.69316e-18 1.03268e-04 
4464.43 3.34497e-05 8.10670e-01 1.61074e-18 9.81638e-05 
4470.00 3.32805e-05 8.11518e-01 1.50167e-18 9.12627e-05 
4475.03 3.30919e-05 8.12279e-01 1.40932e-18 8.53408e-05 
4486.75 3.27912e-05 8.14040e-01 1.21451e-18 7.32253e-05 
4489.61 3.28037e-05 8.14466e-01 1.17107e-18 7.07149e-05 
4490.00 3.28093e-05 8.14524e-01 1.16526e-18 7.03872e-05 
4504.20 3.33321e-05 8.16620e-01 9.71501e-19 5.99606e-05 
4509.19 3.34191e-05 8.17350e-01 9.11142e-19 5.64951e-05 
4510.00 3.34163e-05 8.17469e-01 9.01620e-19 5.59183e-05 
4518.80 3.30737e-05 8.18753e-01 8.04668e-19 4.95677e-05 
4530.00 3.22554e-05 8.20372e-01 6.95751e-19 4.19844e-05 
4531.73 3.21370e-05 8.20620e-01 6.80236e-19 4.09255e-05 
4533.41 3.20305e-05 8.20861e-01 6.65483e-19 3.99318e-05 
4548.03 3.16196e-05 8.22936e-01 5.49596e-19 3.27425e-05 
4550.00 3.16574e-05 8.23213e-01 5.35563e-19 3.19692e-05 
4554.39 3.18273e-05 8.23830e-01 5.05516e-19 3.03897e-05 
4562.66 3.22482e-05 8.24986e-01 4.53300e-19 2.76999e-05 
4570.00 3.23838e-05 8.26005e-01 4.11360e-19 2.53146e-05 
4577.16 3.20632e-05 8.26990e-01 3.74106e-19 2.28571e-05 
4577.29 3.20544e-05 8.27008e-01 3.73447e-19 2.28118e-05 
4590.00 3.13243e-05 8.28736e-01 3.15412e-19 1.89196e-05 
4591.94 3.13059e-05 8.28998e-01 3.07370e-19 1.84400e-05 
4600.05 3.14999e-05 8.30090e-01 2.75885e-19 1.67050e-05 
4606.59 3.17109e-05 8.30970e-01 2.52814e-19 1.54490e-05 
4610.00 3.17383e-05 8.31426e-01 2.41577e-19 1.47941e-05 
4621.26 3.12736e-05 8.32924e-01 2.07882e-19 1.25975e-05 
4623.05 3.11671e-05 8.33160e-01 2.02973e-19 1.22664e-05 
4630.00 3.08322e-05 8.34070e-01 1.85009e-19 1.10893e-05 
4635.93 3.07517e-05 8.34840e-01 1.70977e-19 1.02440e-05 
4646.16 3.08972e-05 8.36160e-01 1.49274e-19 9.02006e-06 
4650.00 3.09628e-05 8.36654e-01 1.41896e-19 8.60464e-06 
4650.61 3.09708e-05 8.36732e-01 1.40762e-19 8.53996e-06 
4665.30 3.08955e-05 8.38611e-01 1.16120e-19 7.06586e-06 
4669.39 3.07794e-05 8.39130e-01 1.10115e-19 6.68529e-06 
4670.00 3.07586e-05 8.39207e-01 1.09256e-19 6.63009e-06 
4680.00 3.02846e-05 8.40461e-01 9.61217e-20 5.76407e-06 
4690.00 2.95919e-05 8.41702e-01 8.47716e-20 4.98514e-06 
4692.74 2.93713e-05 8.42040e-01 8.19471e-20 4.78784e-06 
4694.70 2.92123e-05 8.42281e-01 7.99947e-20 4.65174e-06 
4709.42 2.84899e-05 8.44079e-01 6.71005e-20 3.82552e-06 
4710.00 2.84944e-05 8.44149e-01 6.66511e-20 3.80128e-06 
4716.20 2.87314e-05 8.44900e-01 6.20979e-20 3.57895e-06 
4724.15 2.92865e-05 8.45856e-01 5.69136e-20 3.35295e-06 
4730.00 2.96284e-05 8.46557e-01 5.35182e-20 3.19632e-06 
4738.88 2.97365e-05 8.47613e-01 4.90032e-20 2.94653e-06 
4739.79 2.97246e-05 8.47720e-01 4.85830e-20 2.92102e-06 
4750.00 2.94499e-05 8.48922e-01 4.43266e-20 2.64992e-06 
4753.62 2.93376e-05 8.49345e-01 4.30186e-20 2.56515e-06 
4763.48 2.90661e-05 8.50490e-01 3.99484e-20 2.36812e-06 
4768.37 2.89532e-05 8.51053e-01 3.86762e-20 2.28766e-06 
4770.00 2.89194e-05 8.51240e-01 3.82881e-20 2.26332e-06 
4783.14 2.86657e-05 8.52738e-01 3.57490e-20 2.10416e-06 
4787.30 2.85628e-05 8.53210e-01 3.51533e-20 2.06461e-06 
4790.00 2.84822e-05 8.53515e-01 3.48183e-20 2.04104e-06 
4797.91 2.81802e-05 8.54404e-01 3.40573e-20 1.98058e-06 
4810.00 2.76718e-05 8.55753e-01 3.34931e-20 1.92048e-06 
4811.24 2.76259e-05 8.55890e-01 3.34743e-20 1.91702e-06 
4812.68 2.75729e-05 8.56050e-01 3.34611e-20 1.91351e-06 
4827.47 2.64357e-05 8.57671e-01 3.38539e-20 1.86536e-06 
4830.00 2.60113e-05 8.57946e-01 3.40138e-20 1.84564e-06 
4835.29 2.48054e-05 8.58520e-01 3.44334e-20 1.78494e-06 
4842.27 2.26955e-05 8.59272e-01 3.51573e-20 1.67131e-06 
4850.00 1.99383e-05 8.60102e-01 3.61806e-20 1.51488e-06 
4857.08 1.74317e-05 8.60856e-01 3.73164e-20 1.36921e-06 
4859.47 1.67426e-05 8.61110e-01 3.77434e-20 1.33117e-06 
4870.00 1.59879e-05 8.62221e-01 3.98713e-20 1.34748e-06 
4871.89 1.64047e-05 8.62420e-01 4.02965e-20 1.39822e-06 
4883.77 2.15768e-05 8.63660e-01 4.32640e-20 1.98214e-06 
4886.71 2.29611e-05 8.63966e-01 4.40792e-20 2.15112e-06 
4890.00 2.42569e-05 8.64306e-01 4.50251e-20 2.32375e-06 
4901.55 2.60807e-05 8.65494e-01 4.86605e-20 2.71029e-06 
4908.19 2.60092e-05 8.66170e-01 5.09703e-20 2.83721e-06 
4910.00 2.59546e-05 8.66354e-01 5.16291e-20 2.86952e-06 
4916.39 2.58202e-05 8.66999e-01 5.40480e-20 2.99453e-06 
4930.00 2.58180e-05 8.68359e-01 5.97084e-20 3.32222e-06 
4931.24 2.58333e-05 8.68483e-01 6.02597e-20 3.35619e-06 
4932.73 2.58542e-05 8.68630e-01 6.09276e-20 3.39774e-06 
4946.10 2.61168e-05 8.69949e-01 6.73214e-20 3.80849e-06 
4950.00 2.61968e-05 8.70330e-01 6.93179e-20 3.93828e-06 
4957.39 2.63162e-05 8.71050e-01 7.32717e-20 4.19159e-06 
4960.97 2.63470e-05 8.71397e-01 7.52664e-20 4.31558e-06 
4970.00 2.62998e-05 8.72267e-01 8.05354e-20 4.62241e-06 
4975.85 2.61489e-05 8.72827e-01 8.41336e-20 4.80997e-06 
4982.18 2.58948e-05 8.73430e-01 8.81939e-20 5.00289e-06 
4990.00 2.54944e-05 8.74171e-01 9.34564e-20 5.23208e-06 
4990.74 2.54537e-05 8.74240e-01 9.39663e-20 5.25341e-06 
5005.63 2.47737e-05 8.75635e-01 1.04812e-19 5.72938e-06 
5007.09 2.47457e-05 8.75770e-01 1.05928e-19 5.78641e-06 
5010.00 2.47245e-05 8.76039e-01 1.08189e-19 5.91012e-06 
5020.54 2.49671e-05 8.77007e-01 1.16721e-19 6.45942e-06 
5030.00 2.51698e-05 8.77867e-01 1.24851e-19 6.98540e-06 
5032.12 2.51575e-05 8.78060e-01 1.26740e-19 7.09215e-06 
5035.45 2.50935e-05 8.78361e-01 1.29745e-19 7.24916e-06 
5050.00 2.46880e-05 8.79670e-01 1.43565e-19 7.92626e-06 
5050.38 2.46849e-05 8.79704e-01 1.43939e-19 7.94682e-06 
5057.29 2.47342e-05 8.80320e-01 1.50916e-19 8.36593e-06 
5065.31 2.48954e-05 8.81030e-01 1.59355e-19 8.91264e-06 
5070.00 2.49469e-05 8.81443e-01 1.64455e-19 9.22975e-06 
5080.25 2.48131e-05 8.82339e-01 1.76049e-19 9.85733e-06 
5082.57 2.47581e-05 8.82540e-01 1.78757e-19 9.99358e-06 
5090.00 2.46011e-05 8.83183e-01 1.87647e-19 1.04469e-05 
5095.20 2.45502e-05 8.83630e-01 1.94074e-19 1.07989e-05 
5107.98 2.45044e-05 8.84720e-01 2.10566e-19 1.17385e-05 
5110.00 2.44849e-05 8.84891e-01 2.13260e-19 1.18862e-05 
5110.17 2.44830e-05 8.84905e-01 2.13482e-19 1.18982e-05 
5125.13 2.41463e-05 8.86162e-01 2.34322e-19 1.29362e-05 
5130.00 2.40121e-05 8.86567e-01 2.41409e-19 1.32720e-05 
5133.52 2.39214e-05 8.86860e-01 2.46641e-19 1.35222e-05 
5140.11 2.37625e-05 8.87406e-01 2.56643e-19 1.40036e-05 
5150.00 2.35179e-05 8.88219e-01 2.72200e-19 1.47414e-05 
5155.10 2.33754e-05 8.88637e-01 2.80489e-19 1.51203e-05 
5159.19 2.32571e-05 8.88970e-01 2.87265e-19 1.54252e-05 
5170.00 2.29702e-05 8.89844e-01 3.05728e-19 1.62640e-05 
5170.10 2.29679e-05 8.89852e-01 3.05900e-19 1.62720e-05 
5184.99 2.27576e-05 8.91040e-01 3.32697e-19 1.76094e-05 
5185.11 2.27571e-05 8.91049e-01 3.32913e-19 1.76210e-05 
5190.00 2.27519e-05 8.91436e-01 3.42073e-19 1.81266e-05 
5200.12 2.28154e-05 8.92230e-01 3.61560e-19 1.92674e-05 
5210.00 2.27983e-05 8.92999e-01 3.81300e-19 2.03602e-05 
5210.91 2.27849e-05 8.93070e-01 3.83161e-19 2.04527e-05 
5215.15 2.26986e-05 8.93398e-01 3.91865e-19 2.08627e-05 
5230.00 2.24878e-05 8.94540e-01 4.23458e-19 2.24275e-05 
5230.18 2.24898e-05 8.94554e-01 4.23850e-19 2.24515e-05 
5236.97 2.26553e-05 8.95070e-01 4.38840e-19 2.34605e-05 
5245.22 2.28431e-05 8.95693e-01 4.57529e-19 2.47184e-05 
5250.00 2.27866e-05 8.96051e-01 4.68575e-19 2.52856e-05 
5260.28 2.21206e-05 8.96817e-01 4.92908e-19 2.58939e-05 
5263.15 2.19023e-05 8.97030e-01 4.99862e-19 2.60206e-05 
5270.00 2.15605e-05 8.97536e-01 5.16658e-19 2.65245e-05 
5275.34 2.15901e-05 8.97929e-01 5.29989e-19 2.72859e-05 
5289.47 2.22077e-05 8.98960e-01 5.66298e-19 3.01040e-05 
5290.00 2.22235e-05 8.98998e-01 5.67692e-19 3.02039e-05 
5290.41 2.22344e-05 8.99028e-01 5.68764e-19 3.02792e-05 
5305.49 2.20634e-05 9.00110e-01 6.09218e-19 3.23139e-05 
5310.00 2.18717e-05 9.00431e-01 6.21639e-19 3.27258e-05 
5315.92 2.15938e-05 9.00850e-01 6.38146e-19 3.32203e-05 
5320.58 2.13940e-05 9.01179e-01 6.51329e-19 3.36346e-05 
5330.00 2.11905e-05 9.01841e-01 6.78436e-19 3.47882e-05 
5335.68 2.12660e-05 9.02237e-01 6.95065e-19 3.58216e-05 
5342.50 2.14630e-05 9.02710e-01 7.15330e-19 3.72746e-05 
5350.00 2.16276e-05 9.03226e-01 7.37996e-19 3.88272e-05 
5350.78 2.16332e-05 9.03279e-01 7.40388e-19 3.89711e-05 
5365.90 2.13974e-05 9.04307e-01 7.87250e-19 4.11487e-05 
5369.21 2.13255e-05 9.04530e-01 7.97693e-19 4.15903e-05 
5370.00 2.13108e-05 9.04583e-01 8.00205e-19 4.17010e-05 
5381.03 2.11946e-05 9.05325e-01 8.35595e-19 4.34325e-05 
5390.00 2.10974e-05 9.05922e-01 8.64927e-19 4.48551e-05 
5396.05 2.09656e-05 9.06320e-01 8.84990e-19 4.56801e-05 
5396.17 2.09628e-05 9.06327e-01 8.85360e-19 4.56945e-05 
5410.00 2.06511e-05 9.07222e-01 9.31999e-19 4.75546e-05 
5411.31 2.06363e-05 9.07307e-01 9.36471e-19 4.77646e-05 
5423.03 2.06344e-05 9.08060e-01 9.76888e-19 4.99710e-05 
5426.47 2.06568e-05 9.08282e-01 9.88850e-19 5.06820e-05 
5430.00 2.06791e-05 9.08510e-01 1.00124e-18 5.14188e-05 
5441.63 2.07015e-05 9.09263e-01 1.04241e-18 5.37503e-05 
5450.00 2.06573e-05 9.09800e-01 1.07243e-18 5.52977e-05 
5450.15 2.06560e-05 9.09810e-01 1.07297e-18 5.53241e-05 
5456.80 2.05827e-05 9.10232e-01 1.09705e-18 5.64602e-05 
5470.00 2.04159e-05 9.11060e-01 1.14535e-18 5.86628e-05 
5471.99 2.03965e-05 9.11184e-01 1.15267e-18 5.90111e-05 
5477.40 2.03545e-05 9.11520e-01 1.17271e-18 5.99951e-05 
5487.18 2.03024e-05 9.12125e-01 1.20916e-18 6.18527e-05 
5490.00 2.02889e-05 9.12299e-01 1.21974e-18 6.23962e-05 
5502.38 2.02089e-05 9.13055e-01 1.26641e-18 6.47272e-05 
5504.79 2.01861e-05 9.13200e-01 1.27553e-18 6.51590e-05 
5510.00 2.01245e-05 9.13512e-01 1.29534e-18 6.60537e-05 
5517.59 2.00072e-05 9.13963e-01 1.32429e-18 6.72620e-05 
5530.00 1.98481e-05 9.14694e-01 1.37186e-18 6.93352e-05 
5532.31 1.98364e-05 9.14830e-01 1.38075e-18 6.97828e-05 
5532.81 1.98347e-05 9.14859e-01 1.38267e-18 6.98824e-05 
5548.04 1.98192e-05 9.15755e-01 1.44143e-18 7.30672e-05 
5550.00 1.98073e-05 9.15870e-01 1.44902e-18 7.34428e-05 
5559.97 1.96743e-05 9.16450e-01 1.48762e-18 7.50754e-05 
5563.28 1.96148e-05 9.16641e-01 1.50043e-18 7.55533e-05 
5570.00 1.94944e-05 9.17026e-01 1.52648e-18 7.65175e-05 
5578.53 1.93735e-05 9.17510e-01 1.55953e-18 7.78496e-05 
5587.77 1.92835e-05 9.18030e-01 1.59533e-18 7.94433e-05 
5590.00 1.92671e-05 9.18155e-01 1.60395e-18 7.98468e-05 
5593.79 1.92429e-05 9.18367e-01 1.61859e-18 8.05474e-05 
5609.05 1.91834e-05 9.19214e-01 1.67745e-18 8.35227e-05 
5610.00 1.91811e-05 9.19266e-01 1.68110e-18 8.37132e-05 
5615.71 1.91689e-05 9.19580e-01 1.70302e-18 8.48664e-05 
5624.33 1.91446e-05 9.20050e-01 1.73599e-18 8.65762e-05 
5630.00 1.91158e-05 9.20357e-01 1.75759e-18 8.76391e-05 
5639.62 1.90306e-05 9.20876e-01 1.79404e-18 8.92604e-05 
5643.79 1.89806e-05 9.21100e-01 1.80979e-18 8.98955e-05 
5650.00 1.88939e-05 9.21433e-01 1.83311e-18 9.07707e-05 
5654.91 1.88176e-05 9.21696e-01 1.85147e-18 9.14151e-05 
5670.00 1.86227e-05 9.22495e-01 1.90733e-18 9.35275e-05 
5670.22 1.86211e-05 9.22506e-01 1.90813e-18 9.35633e-05 
5672.01 1.86099e-05 9.22600e-01 1.91470e-18 9.38680e-05 
5685.53 1.85728e-05 9.23301e-01 1.96386e-18 9.63885e-05 
5690.00 1.85515e-05 9.23531e-01 1.97993e-18 9.71661e-05 
5700.37 1.84497e-05 9.24060e-01 2.01682e-18 9.86698e-05 
5700.86 1.84444e-05 9.24085e-01 2.01854e-18 9.87366e-05 
5710.00 1.83705e-05 9.24549e-01 2.05059e-18 1.00113e-04 
5716.19 1.83664e-05 9.24862e-01 2.07202e-18 1.01280e-04 
5728.87 1.83673e-05 9.25500e-01 2.11522e-18 1.03698e-04 
5730.00 1.83604e-05 9.25557e-01 2.11902e-18 1.03872e-04 
5731.53 1.83479e-05 9.25633e-01 2.12416e-18 1.04090e-04 
5746.88 1.81236e-05 9.26397e-01 2.17484e-18 1.05639e-04 
5750.00 1.80825e-05 9.26551e-01 2.18493e-18 1.05964e-04 
5757.52 1.80216e-05 9.26920e-01 2.20898e-18 1.06951e-04 
5762.25 1.79994e-05 9.27151e-01 2.22392e-18 1.07657e-04 
5770.00 1.79610e-05 9.27527e-01 2.24803e-18 1.08782e-04 
5777.62 1.78957e-05 9.27894e-01 2.27128e-18 1.09696e-04 
5786.30 1.78044e-05 9.28310e-01 2.29722e-18 1.10598e-04 
5790.00 1.77679e-05 9.28487e-01 2.30807e-18 1.10985e-04 
5793.00 1.77417e-05 9.28630e-01 2.31680e-18 1.11315e-04 
5808.39 1.76427e-05 9.29359e-01 2.36038e-18 1.13165e-04 
5810.00 1.76341e-05 9.29435e-01 2.36482e-18 1.13363e-04 
5815.23 1.76061e-05 9.29680e-01 2.37910e-18 1.13999e-04 
5823.79 1.75526e-05 9.30078e-01 2.40191e-18 1.14960e-04 
5830.00 1.75007e-05 9.30365e-01 2.41805e-18 1.15549e-04 
5839.20 1.74011e-05 9.30787e-01 2.44130e-18 1.16232e-04 
5844.31 1.73464e-05 9.31020e-01 2.45386e-18 1.16593e-04 
5850.00 1.72980e-05 9.31279e-01 2.46755e-18 1.17063e-04 
5854.62 1.72726e-05 9.31489e-01 2.47844e-18 1.17527e-04 
5870.00 1.71512e-05 9.32182e-01 2.51317e-18 1.18735e-04 
5870.05 1.71504e-05 9.32184e-01 2.51328e-18 1.18736e-04 
5873.53 1.70865e-05 9.32340e-01 2.52081e-18 1.18738e-04 
5885.49 1.68348e-05 9.32870e-01 2.54571e-18 1.18453e-04 
5890.00 1.67772e-05 9.33068e-01 2.55473e-18 1.18582e-04 
5900.94 1.67927e-05 9.33545e-01 2.57570e-18 1.19948e-04 
5902.90 1.68065e-05 9.33630e-01 2.57933e-18 1.20267e-04 
5910.00 1.68427e-05 9.33936e-01 2.59211e-18 1.21309e-04 
5916.39 1.68256e-05 9.34210e-01 2.60317e-18 1.21870e-04 
5930.00 1.66936e-05 9.34788e-01 2.62521e-18 1.22294e-04 
5931.86 1.66746e-05 9.34867e-01 2.62807e-18 1.22337e-04 
5932.41 1.66692e-05 9.34890e-01 2.62891e-18 1.22351e-04 
5947.34 1.65493e-05 9.35517e-01 2.65038e-18 1.22853e-04 
5950.00 1.65321e-05 9.35629e-01 2.65395e-18 1.22960e-04 
5962.08 1.64593e-05 9.36130e-01 2.66915e-18 1.23436e-04 
5962.83 1.64546e-05 9.36161e-01 2.67005e-18 1.23461e-04 
5970.00 1.64045e-05 9.36456e-01 2.67825e-18 1.23651e-04 
5978.32 1.63310e-05 9.36797e-01 2.68706e-18 1.23720e-04 
5990.00 1.62053e-05 9.37273e-01 2.69811e-18 1.23575e-04 
5991.89 1.61832e-05 9.37350e-01 2.69975e-18 1.23531e-04 
5993.83 1.61604e-05 9.37429e-01 2.70140e-18 1.23483e-04 
6009.34 1.60016e-05 9.38059e-01 2.71306e-18 1.23198e-04 
6010.00 1.59970e-05 9.38086e-01 2.71349e-18 1.23199e-04 
6021.85 1.59420e-05 9.38560e-01 2.72050e-18 1.23398e-04 
6024.87 1.59318e-05 9.38680e-01 2.72204e-18 1.23466e-04 
6030.00 1.59116e-05 9.38881e-01 2.72442e-18 1.23549e-04 
6040.41 1.58515e-05 9.39286e-01 2.72836e-18 1.23526e-04 
6050.00 1.57942e-05 9.39655e-01 2.73093e-18 1.23440e-04 
6051.96 1.57848e-05 9.39730e-01 2.73133e-18 1.23434e-04 
6055.95 1.57678e-05 9.39883e-01 2.73203e-18 1.23434e-04 
6070.00 1.57025e-05 9.40419e-01 2.73308e-18 1.23326e-04 
6071.50 1.56923e-05 9.40476e-01 2.73307e-18 1.23284e-04 
6082.21 1.56010e-05 9.40880e-01 2.73228e-18 1.22800e-04 
6087.07 1.55553e-05 9.41062e-01 2.73152e-18 1.22527e-04 
6090.00 1.55286e-05 9.41171e-01 2.73094e-18 1.22364e-04 
6102.64 1.54229e-05 9.41638e-01 2.72742e-18 1.21686e-04 
6110.00 1.53561e-05 9.41905e-01 2.72460e-18 1.21215e-04 
6112.63 1.53290e-05 9.42000e-01 2.72347e-18 1.21015e-04 
6118.23 1.52652e-05 9.42200e-01 2.72081e-18 1.20529e-04 
6130.00 1.51075e-05 9.42614e-01 2.71418e-18 1.19275e-04 
6133.82 1.50509e-05 9.42747e-01 2.71174e-18 1.18812e-04 
6143.19 1.49177e-05 9.43070e-01 2.70514e-18 1.17693e-04 
6149.42 1.48483e-05 9.43284e-01 2.70028e-18 1.17081e-04 
6150.00 1.48432e-05 9.43303e-01 2.69981e-18 1.17033e-04 
6165.04 1.47897e-05 9.43814e-01 2.68648e-18 1.16383e-04 
6170.00 1.48002e-05 9.43980e-01 2.68161e-18 1.16369e-04 
6173.91 1.48155e-05 9.44110e-01 2.67763e-18 1.16405e-04 
6180.66 1.48459e-05 9.44334e-01 2.67041e-18 1.16484e-04 
6190.00 1.48638e-05 9.44643e-01 2.65976e-18 1.16373e-04 
6196.29 1.48413e-05 9.44856e-01 2.65215e-18 1.16009e-04 
6204.77 1.47810e-05 9.45150e-01 2.64136e-18 1.15261e-04 
6210.00 1.47402e-05 9.45338e-01 2.63441e-18 1.14759e-04 
6211.93 1.47262e-05 9.45408e-01 2.63177e-18 1.14580e-04 
6227.59 1.45827e-05 9.45988e-01 2.60936e-18 1.12850e-04 
6230.00 1.45454e-05 9.46077e-01 2.60573e-18 1.12459e-04 
6235.80 1.44340e-05 9.46290e-01 2.59682e-18 1.11344e-04 
6243.25 1.42899e-05 9.46557e-01 2.58500e-18 1.09893e-04 
6250.00 1.42171e-05 9.46794e-01 2.57392e-18 1.09009e-04 
6258.92 1.42583e-05 9.47099e-01 2.55876e-18 1.08872e-04 
6266.98 1.43451e-05 9.47370e-01 2.54459e-18 1.09099e-04 
6270.00 1.43669e-05 9.47471e-01 2.53915e-18 1.09096e-04 
6274.60 1.43747e-05 9.47623e-01 2.53076e-18 1.08892e-04 
6290.00 1.42449e-05 9.48124e-01 2.50163e-18 1.06985e-04 
6290.29 1.42412e-05 9.48133e-01 2.50106e-18 1.06939e-04 
6298.31 1.41394e-05 9.48390e-01 2.48528e-18 1.05667e-04 
6305.99 1.40558e-05 9.48634e-01 2.46978e-18 1.04541e-04 
6310.00 1.40250e-05 9.48760e-01 2.46156e-18 1.04045e-04 
6321.71 1.39842e-05 9.49127e-01 2.43700e-18 1.02938e-04 
6329.80 1.39477e-05 9.49380e-01 2.41956e-18 1.02092e-04 
6330.00 1.39463e-05 9.49386e-01 2.41913e-18 1.02068e-04 
6337.43 1.38713e-05 9.49618e-01 2.40282e-18 1.00977e-04 
6350.00 1.37212e-05 9.50009e-01 2.37455e-18 9.89457e-05 
6353.16 1.36939e-05 9.50106e-01 2.36733e-18 9.85076e-05 
6361.45 1.36498e-05 9.50360e-01 2.34813e-18 9.75473e-05 
6368.90 1.36358e-05 9.50585e-01 2.33063e-18 9.68570e-05 
6370.00 1.36351e-05 9.50618e-01 2.32802e-18 9.67640e-05 
6384.65 1.36216e-05 9.51055e-01 2.29282e-18 9.54689e-05 
6390.00 1.35913e-05 9.51214e-01 2.27974e-18 9.48087e-05 
6393.26 1.35606e-05 9.51310e-01 2.27171e-18 9.43191e-05 
6400.41 1.34747e-05 9.51521e-01 2.25398e-18 9.31152e-05 
6410.00 1.33775e-05 9.51804e-01 2.22991e-18 9.16202e-05 
6416.18 1.33566e-05 9.51986e-01 2.21423e-18 9.09388e-05 
6425.23 1.33424e-05 9.52250e-01 2.19105e-18 9.00427e-05 
6430.00 1.33139e-05 9.52388e-01 2.17872e-18 8.94242e-05 
6431.96 1.32938e-05 9.52445e-01 2.17364e-18 8.91137e-05 
6447.75 1.30715e-05 9.52898e-01 2.13232e-18 8.62096e-05 
6450.00 1.30520e-05 9.52962e-01 2.12638e-18 8.58765e-05 
6457.35 1.30347e-05 9.53170e-01 2.10688e-18 8.50920e-05 
6463.55 1.30433e-05 9.53345e-01 2.09035e-18 8.45763e-05 
6470.00 1.30320e-05 9.53526e-01 2.07305e-18 8.39036e-05 
6479.36 1.29318e-05 9.53786e-01 2.04781e-18 8.23862e-05 
6489.64 1.27884e-05 9.54070e-01 2.01992e-18 8.05145e-05 
6490.00 1.27843e-05 9.54080e-01 2.01893e-18 8.04547e-05 
6495.18 1.27362e-05 9.54222e-01 2.00481e-18 7.96669e-05 
6510.00 1.26307e-05 9.54624e-01 1.96419e-18 7.76158e-05 
6511.01 1.26206e-05 9.54652e-01 1.96142e-18 7.74581e-05 
6522.09 1.24306e-05 9.54950e-01 1.93088e-18 7.52555e-05 
6526.85 1.22835e-05 9.55078e-01 1.91772e-18 7.39216e-05 
6530.00 1.21567e-05 9.55162e-01 1.90900e-18 7.28680e-05 
6542.70 1.13000e-05 9.55502e-01 1.87379e-18 6.66363e-05 
6550.00 1.04371e-05 9.55696e-01 1.85351e-18 6.09621e-05 
6554.70 9.72028e-06 9.55820e-01 1.84045e-18 5.64229e-05 
6558.56 9.13229e-06 9.55922e-01 1.82971e-18 5.27372e-05 
6570.00 8.33614e-06 9.56221e-01 1.79789e-18 4.73996e-05 
6574.43 8.72653e-06 9.56336e-01 1.78556e-18 4.93183e-05 
6587.47 1.10294e-05 9.56670e-01 1.74929e-18 6.12096e-05 
6590.00 1.14052e-05 9.56734e-01 1.74226e-18 6.30693e-05 
6590.31 1.14449e-05 9.56742e-01 1.74140e-18 6.32611e-05 
6606.20 1.20692e-05 9.57139e-01 1.69731e-18 6.52062e-05 
6610.00 1.20365e-05 9.57233e-01 1.68678e-18 6.46700e-05 
6620.41 1.20625e-05 9.57490e-01 1.65800e-18 6.38213e-05 
6622.10 1.20772e-05 9.57532e-01 1.65334e-18 6.37384e-05 
6630.00 1.21419e-05 9.57726e-01 1.63157e-18 6.33244e-05 
6638.01 1.21563e-05 9.57922e-01 1.60956e-18 6.26325e-05 
6650.00 1.21081e-05 9.58215e-01 1.57674e-18 6.12413e-05 
6653.51 1.20897e-05 9.58300e-01 1.56717e-18 6.08142e-05 
6653.93 1.20875e-05 9.58310e-01 1.56603e-18 6.07634e-05 
6669.86 1.20183e-05 9.58697e-01 1.52280e-18 5.89125e-05 
6670.00 1.20179e-05 9.58700e-01 1.52242e-18 5.88972e-05 
6685.80 1.19808e-05 9.59086e-01 1.47992e-18 5.72345e-05 
6686.78 1.19781e-05 9.59110e-01 1.47730e-18 5.71305e-05 
6690.00 1.19681e-05 9.59189e-01 1.46870e-18 5.67820e-05 
6701.75 1.19152e-05 9.59480e-01 1.43745e-18 5.54423e-05 
6710.00 1.18755e-05 9.59683e-01 1.41567e-18 5.44990e-05 
6717.71 1.18449e-05 9.59870e-01 1.39543e-18 5.36534e-05 
6720.21 1.18351e-05 9.59930e-01 1.38889e-18 5.33807e-05 
6730.00 1.17855e-05 9.60161e-01 1.36343e-18 5.22712e-05 
6733.68 1.17593e-05 9.60247e-01 1.35390e-18 5.18237e-05 
6749.66 1.16477e-05 9.60615e-01 1.31291e-18 4.99148e-05 
6750.00 1.16463e-05 9.60622e-01 1.31205e-18 4.98791e-05 
6753.81 1.16352e-05 9.60710e-01 1.30235e-18 4.94958e-05 
6765.65 1.16261e-05 9.60983e-01 1.27248e-18 4.84209e-05 
6770.00 1.16192e-05 9.61083e-01 1.26159e-18 4.80142e-05 
6781.65 1.15665e-05 9.61348e-01 1.23265e-18 4.67931e-05 
6787.58 1.15313e-05 9.61480e-01 1.21806e-18 4.61453e-05 
6790.00 1.15176e-05 9.61533e-01 1.21214e-18 4.58851e-05 
6797.66 1.14796e-05 9.61700e-01 1.19346e-18 4.50877e-05 
6810.00 1.14225e-05 9.61964e-01 1.16373e-18 4.38373e-05 
6813.69 1.14029e-05 9.62042e-01 1.15492e-18 4.34581e-05 
6821.52 1.13578e-05 9.62210e-01 1.13634e-18 4.26459e-05 
6829.72 1.13109e-05 9.62387e-01 1.11708e-18 4.18078e-05 
6830.00 1.13094e-05 9.62393e-01 1.11642e-18 4.17795e-05 
6845.76 1.12363e-05 9.62736e-01 1.07994e-18 4.02601e-05 
6850.00 1.12200e-05 9.62829e-01 1.07024e-18 3.98693e-05 
6855.63 1.11998e-05 9.62950e-01 1.05746e-18 3.93595e-05 
6861.81 1.11784e-05 9.63082e-01 1.04352e-18 3.88067e-05 
6870.00 1.11485e-05 9.63256e-01 1.02524e-18 3.80771e-05 
6877.87 1.11160e-05 9.63421e-01 1.00785e-18 3.73712e-05 
6889.91 1.10616e-05 9.63670e-01 9.81640e-19 3.62940e-05 
6890.00 1.10612e-05 9.63672e-01 9.81437e-19 3.62856e-05 
6893.94 1.10431e-05 9.63753e-01 9.72943e-19 3.59363e-05 
6910.00 1.09679e-05 9.64081e-01 9.38859e-19 3.45335e-05 
6910.03 1.09678e-05 9.64081e-01 9.38803e-19 3.45312e-05 
6924.36 1.08980e-05 9.64370e-01 9.09060e-19 3.33033e-05 
6926.12 1.08898e-05 9.64405e-01 9.05445e-19 3.31555e-05 
6930.00 1.08725e-05 9.64483e-01 8.97520e-19 3.28339e-05 
6942.22 1.08226e-05 9.64724e-01 8.72876e-19 3.18500e-05 
6950.00 1.07892e-05 9.64876e-01 8.57434e-19 3.12299e-05 
6958.33 1.07485e-05 9.65038e-01 8.41101e-19 3.05610e-05 
6958.98 1.07453e-05 9.65050e-01 8.39850e-19 3.05097e-05 
6970.00 1.06966e-05 9.65260e-01 8.18608e-19 2.96567e-05 
6974.46 1.06825e-05 9.65344e-01 8.10126e-19 2.93319e-05 
6990.00 1.06218e-05 9.65632e-01 7.81043e-19 2.81894e-05 
6990.59 1.06180e-05 9.65642e-01 7.79952e-19 2.81427e-05 
6993.77 1.05950e-05 9.65700e-01 7.74099e-19 2.78853e-05 
7006.73 1.04889e-05 9.65932e-01 7.50580e-19 2.68233e-05 
7010.00 1.04681e-05 9.65990e-01 7.44738e-19 2.65758e-05 
7022.89 1.04308e-05 9.66222e-01 7.22009e-19 2.57261e-05 
7028.74 1.04230e-05 9.66330e-01 7.11858e-19 2.53696e-05 
7030.00 1.04210e-05 9.66354e-01 7.09689e-19 2.52925e-05 
7039.05 1.03982e-05 9.66526e-01 6.94235e-19 2.47238e-05 
7050.00 1.03564e-05 9.66739e-01 6.75886e-19 2.40162e-05 
7055.23 1.03335e-05 9.66841e-01 6.67255e-19 2.36771e-05 
7063.88 1.02984e-05 9.67010e-01 6.53144e-19 2.31300e-05 
7070.00 1.02810e-05 9.67128e-01 6.43317e-19 2.27660e-05 
7071.41 1.02783e-05 9.67155e-01 6.41064e-19 2.26855e-05 
7087.61 1.02236e-05 9.67463e-01 6.15655e-19 2.17270e-05 
7090.00 1.02012e-05 9.67508e-01 6.11967e-19 2.15577e-05 
7099.20 1.00723e-05 9.67680e-01 5.97944e-19 2.08284e-05 
7103.81 1.00052e-05 9.67765e-01 5.91020e-19 2.04651e-05 
7110.00 9.94334e-06 9.67879e-01 5.81819e-19 2.00417e-05 
7120.03 9.94572e-06 9.68059e-01 5.67150e-19 1.95722e-05 
7130.00 9.98616e-06 9.68231e-01 5.52853e-19 1.91867e-05 
7134.70 9.98606e-06 9.68310e-01 5.46215e-19 1.89702e-05 
7136.25 9.98278e-06 9.68336e-01 5.44035e-19 1.88929e-05 
7150.00 9.92117e-06 9.68551e-01 5.25048e-19 1.81599e-05 
7152.49 9.91000e-06 9.68588e-01 5.21666e-19 1.80296e-05 
7168.74 9.84962e-06 9.68810e-01 5.00030e-19 1.72195e-05 
7170.00 9.84450e-06 9.68825e-01 4.98379e-19 1.71570e-05 
7170.37 9.84294e-06 9.68830e-01 4.97891e-19 1.71385e-05 
7184.99 9.77480e-06 9.68999e-01 4.79116e-19 1.64143e-05 
7190.00 9.75370e-06 9.69052e-01 4.72822e-19 1.61758e-05 
7201.26 9.71889e-06 9.69169e-01 4.58910e-19 1.56702e-05 
7206.23 9.70589e-06 9.69220e-01 4.52885e-19 1.54553e-05 
7210.00 9.69549e-06 9.69259e-01 4.48349e-19 1.52927e-05 
7217.54 9.67106e-06 9.69335e-01 4.39400e-19 1.49665e-05 
7230.00 9.61752e-06 9.69446e-01 4.24934e-19 1.44201e-05 
7233.83 9.59755e-06 9.69474e-01 4.20571e-19 1.42504e-05 
7242.26 9.55397e-06 9.69520e-01 4.11094e-19 1.38829e-05 
7250.00 9.52489e-06 9.69544e-01 4.02548e-19 1.35677e-05 
7250.13 9.52457e-06 9.69544e-01 4.02410e-19 1.35628e-05 
7266.44 9.50095e-06 9.69611e-01 3.84901e-19 1.29705e-05 
7270.00 9.49005e-06 9.69642e-01 3.81161e-19 1.28365e-05 
7278.47 9.44382e-06 9.69760e-01 3.72400e-19 1.24964e-05 
7282.76 9.41550e-06 9.69848e-01 3.68030e-19 1.23211e-05 
7290.00 9.37296e-06 9.70036e-01 3.60744e-19 1.20369e-05 
7299.09 9.34290e-06 9.70315e-01 3.51782e-19 1.17182e-05 
7310.00 9.31918e-06 9.70670e-01 3.41267e-19 1.13602e-05 
7314.86 9.30401e-06 9.70820e-01 3.36672e-19 1.11981e-05 
7315.43 9.30202e-06 9.70837e-01 3.36142e-19 1.11792e-05 
7330.00 9.24825e-06 9.71221e-01 3.22699e-19 1.06955e-05 
7331.78 9.24284e-06 9.71262e-01 3.21093e-19 1.06391e-05 
7348.14 9.20483e-06 9.71606e-01 3.06620e-19 1.01440e-05 
7350.00 9.20053e-06 9.71642e-01 3.05010e-19 1.00889e-05 
7351.43 9.19704e-06 9.71670e-01 3.03773e-19 1.00464e-05 
7364.51 9.15684e-06 9.71918e-01 2.92709e-19 9.65780e-06 
7370.00 9.13476e-06 9.72019e-01 2.88168e-19 9.49311e-06 
7380.89 9.08193e-06 9.72214e-01 2.79342e-19 9.16450e-06 
7388.19 9.04295e-06 9.72340e-01 2.73560e-19 8.94627e-06 
7390.00 9.03321e-06 9.72371e-01 2.72144e-19 8.89285e-06 
7397.28 8.99444e-06 9.72493e-01 2.66505e-19 8.68083e-06 
7410.00 8.92869e-06 9.72698e-01 2.56907e-19 8.32308e-06 
7413.69 8.91018e-06 9.72756e-01 2.54181e-19 8.22227e-06 
7425.13 8.86056e-06 9.72930e-01 2.45884e-19 7.92318e-06 
7430.00 8.84618e-06 9.73002e-01 2.42428e-19 7.80485e-06 
7430.10 8.84594e-06 9.73004e-01 2.42356e-19 7.80244e-06 
7446.53 8.81631e-06 9.73239e-01 2.31014e-19 7.43057e-06 
7450.00 8.80477e-06 9.73288e-01 2.28677e-19 7.34955e-06 
7462.26 8.73734e-06 9.73460e-01 2.20595e-19 7.04834e-06 
7462.96 8.73313e-06 9.73470e-01 2.20140e-19 7.03113e-06 
7470.00 8.69602e-06 9.73568e-01 2.15624e-19 6.86479e-06 
7479.41 8.66992e-06 9.73700e-01 2.09718e-19 6.66601e-06 
7490.00 8.65774e-06 9.73847e-01 2.03241e-19 6.46118e-06 
7495.86 8.65016e-06 9.73929e-01 1.99734e-19 6.34963e-06 
7499.57 8.64412e-06 9.73980e-01 1.97545e-19 6.27907e-06 
7510.00 8.62175e-06 9.74124e-01 1.91500e-19 6.08054e-06 
7512.33 8.61566e-06 9.74156e-01 1.90173e-19 6.03621e-06 
7528.81 8.57107e-06 9.74379e-01 1.81022e-19 5.72984e-06 
7530.00 8.56839e-06 9.74395e-01 1.80374e-19 5.70857e-06 
7537.07 8.55488e-06 9.74490e-01 1.76585e-19 5.58560e-06 
7545.29 8.53906e-06 9.74599e-01 1.72264e-19 5.44541e-06 
7550.00 8.52688e-06 9.74661e-01 1.69836e-19 5.36469e-06 
7561.79 8.48284e-06 9.74814e-01 1.63888e-19 5.15891e-06 
7570.00 8.45068e-06 9.74920e-01 1.59860e-19 5.01904e-06 
7574.75 8.43516e-06 9.74980e-01 1.57569e-19 4.94143e-06 
7578.30 8.42491e-06 9.75025e-01 1.55879e-19 4.88497e-06 
7590.00 8.39289e-06 9.75171e-01 1.50421e-19 4.70398e-06 
7594.82 8.37801e-06 9.75231e-01 1.48223e-19 4.63025e-06 
7610.00 8.32743e-06 9.75418e-01 1.41494e-19 4.40298e-06 
7611.35 8.32312e-06 9.75434e-01 1.40908e-19 4.38334e-06 
7612.63 8.31911e-06 9.75450e-01 1.40358e-19 4.36492e-06 
7627.89 8.27318e-06 9.75638e-01 1.33921e-19 4.15086e-06 
7630.00 8.26667e-06 9.75664e-01 1.33054e-19 4.12200e-06 
7644.44 8.21569e-06 9.75842e-01 1.27250e-19 3.92601e-06 
7650.00 8.19125e-06 9.75911e-01 1.25080e-19 3.85065e-06 
7650.69 8.18796e-06 9.75920e-01 1.24813e-19 3.84126e-06 
7661.01 8.13602e-06 9.76048e-01 1.20882e-19 3.70216e-06 
7670.00 8.09784e-06 9.76160e-01 1.17549e-19 3.58779e-06 
7677.58 8.07880e-06 9.76253e-01 1.14806e-19 3.49963e-06 
7688.94 8.05789e-06 9.76390e-01 1.10804e-19 3.37436e-06 
7690.00 8.05544e-06 9.76402e-01 1.10439e-19 3.36271e-06 
7694.16 8.04408e-06 9.76451e-01 1.09010e-19 3.31649e-06 
7710.00 7.99285e-06 9.76633e-01 1.03730e-19 3.14277e-06 
7710.76 7.99076e-06 9.76642e-01 1.03483e-19 3.13483e-06 
7727.36 7.96104e-06 9.76830e-01 9.82146e-20 2.97111e-06 
7727.39 7.96101e-06 9.76830e-01 9.82063e-20 2.97087e-06 
7730.00 7.95848e-06 9.76860e-01 9.74008e-20 2.94664e-06 
7743.98 7.92855e-06 9.77019e-01 9.31935e-20 2.81430e-06 
7750.00 7.88473e-06 9.77087e-01 9.14334e-20 2.74821e-06 
7760.60 7.75378e-06 9.77203e-01 8.84099e-20 2.61708e-06 
7766.03 7.69734e-06 9.77260e-01 8.69004e-20 2.55561e-06 
7770.00 7.67720e-06 9.77301e-01 8.58090e-20 2.51830e-06 
7777.24 7.69922e-06 9.77372e-01 8.38538e-20 2.47046e-06 
7790.00 7.79132e-06 9.77493e-01 8.05099e-20 2.40455e-06 
7793.89 7.79761e-06 9.77529e-01 7.95159e-20 2.37806e-06 
7804.86 7.75589e-06 9.77630e-01 7.67743e-20 2.28723e-06 
7810.00 7.72539e-06 9.77678e-01 7.55190e-20 2.24257e-06 
7810.55 7.72234e-06 9.77683e-01 7.53866e-20 2.23793e-06 
7827.22 7.65063e-06 9.77843e-01 7.14573e-20 2.10641e-06 
7830.00 7.64012e-06 9.77871e-01 7.08203e-20 2.08557e-06 
7843.88 7.58590e-06 9.78020e-01 6.77229e-20 1.98401e-06 
7843.90 7.58583e-06 9.78020e-01 6.77191e-20 1.98389e-06 
7850.00 7.56491e-06 9.78091e-01 6.63981e-20 1.94147e-06 
7860.59 7.53665e-06 9.78219e-01 6.41638e-20 1.87190e-06 
7870.00 7.51192e-06 9.78334e-01 6.22375e-20 1.81213e-06 
7877.29 7.48799e-06 9.78422e-01 6.07834e-20 1.76594e-06 
7883.10 7.46761e-06 9.78490e-01 5.96476e-20 1.72962e-06 
7890.00 7.44516e-06 9.78567e-01 5.83245e-20 1.68778e-06 
7894.00 7.43417e-06 9.78609e-01 5.75700e-20 1.66440e-06 
7910.00 7.39748e-06 9.78767e-01 5.46455e-20 1.57550e-06 
7910.73 7.39574e-06 9.78774e-01 5.45163e-20 1.57156e-06 
7922.51 7.36217e-06 9.78880e-01 5.24567e-20 1.50773e-06 
7927.46 7.34445e-06 9.78922e-01 5.16150e-20 1.48095e-06 
7930.00 7.33432e-06 9.78944e-01 5.11876e-20 1.46716e-06 
7944.20 7.27911e-06 9.79062e-01 4.88592e-20 1.39254e-06 
7950.00 7.27101e-06 9.79112e-01 4.79385e-20 1.36584e-06 
7960.96 7.28713e-06 9.79209e-01 4.62422e-20 1.32239e-06 
7962.13 7.28889e-06 9.79220e-01 4.60651e-20 1.31785e-06 
7970.00 7.28498e-06 9.79296e-01 4.48865e-20 1.28481e-06 
7977.73 7.24300e-06 9.79375e-01 4.37577e-20 1.24659e-06 
7990.00 7.16518e-06 9.79507e-01 4.20205e-20 1.18622e-06 
7994.50 7.15552e-06 9.79556e-01 4.13995e-20 1.16783e-06 
8001.94 7.15844e-06 9.79640e-01 4.03941e-20 1.14109e-06 
8010.00 7.16252e-06 9.79732e-01 3.93299e-20 1.11289e-06 
8011.29 7.16122e-06 9.79747e-01 3.91617e-20 1.10812e-06 
8028.09 7.10706e-06 9.79940e-01 3.70387e-20 1.04251e-06 
8030.00 7.10066e-06 9.79962e-01 3.68048e-20 1.03526e-06 
8041.95 7.07417e-06 9.80100e-01 3.53713e-20 9.92845e-07 
8044.90 7.06931e-06 9.80134e-01 3.50250e-20 9.82844e-07 
8050.00 7.06024e-06 9.80192e-01 3.44355e-20 9.65732e-07 
8061.72 7.03131e-06 9.80325e-01 3.31154e-20 9.26378e-07 
8070.00 7.00689e-06 9.80417e-01 3.22131e-20 8.99011e-07 
8078.56 6.98171e-06 9.80511e-01 3.13050e-20 8.71535e-07 
8082.16 6.97183e-06 9.80550e-01 3.09302e-20 8.60302e-07 
8090.00 6.95311e-06 9.80634e-01 3.01289e-20 8.36645e-07 
8095.40 6.94304e-06 9.80691e-01 2.95889e-20 8.21054e-07 
8110.00 6.92031e-06 9.80842e-01 2.81749e-20 7.80784e-07 
8112.25 6.91640e-06 9.80865e-01 2.79625e-20 7.74695e-07 
8122.57 6.89517e-06 9.80970e-01 2.70101e-20 7.47041e-07 
8129.12 6.87886e-06 9.81036e-01 2.64216e-20 7.29671e-07 
8130.00 6.87650e-06 9.81045e-01 2.63434e-20 7.27346e-07 
8145.99 6.83358e-06 9.81203e-01 2.49619e-20 6.86360e-07 
8150.00 6.82564e-06 9.81242e-01 2.46270e-20 6.76726e-07 
8162.88 6.80417e-06 9.81367e-01 2.35794e-20 6.47001e-07 
8163.18 6.80339e-06 9.81370e-01 2.35555e-20 6.46299e-07 
8170.00 6.77667e-06 9.81435e-01 2.30190e-20 6.29665e-07 
8179.78 6.70730e-06 9.81527e-01 2.22702e-20 6.03725e-07 
8190.00 6.63991e-06 9.81622e-01 2.15128e-20 5.78111e-07 
8196.69 6.62265e-06 9.81684e-01 2.10308e-20 5.64183e-07 
8204.00 6.62004e-06 9.81750e-01 2.05160e-20 5.50684e-07 
8210.00 6.61837e-06 9.81804e-01 2.01023e-20 5.39869e-07 
8213.61 6.61359e-06 9.81836e-01 1.98576e-20 5.33163e-07 
8230.00 6.56799e-06 9.81980e-01 1.87817e-20 5.01872e-07 
8230.54 6.56637e-06 9.81985e-01 1.87473e-20 5.00865e-07 
8245.02 6.53624e-06 9.82110e-01 1.78459e-20 4.75490e-07 
8247.48 6.53498e-06 9.82131e-01 1.76967e-20 4.71575e-07 
8250.00 6.53529e-06 9.82153e-01 1.75455e-20 4.67720e-07 
8264.43 6.55557e-06 9.82276e-01 1.67028e-20 4.47476e-07 
8270.00 6.55892e-06 9.82323e-01 1.63885e-20 4.39597e-07 
8281.40 6.53811e-06 9.82419e-01 1.57627e-20 4.22092e-07 
8286.24 6.52177e-06 9.82460e-01 1.55039e-20 4.14383e-07 
8290.00 6.50785e-06 9.82492e-01 1.53059e-20 4.08417e-07 
8298.37 6.47793e-06 9.82563e-01 1.48737e-20 3.95485e-07 
8310.00 6.45466e-06 9.82661e-01 1.42931e-20 3.79252e-07 
8315.36 6.45770e-06 9.82707e-01 1.40330e-20 3.72784e-07 
