##### EXOPHOT SPECTRAL OVERLAP FILE #####
# Date: 01/12/2021 13:15:02
# SED file: SED_g2v.txt
# atmosphere file: atm_g2v_hzo_os4.txt
# photopigment file: phot4.txt
# Stellar radius (Rs in km): 6.963400e+05
# Exoplanet orbit semi-major axis (sma in km): 1.672066e+08
# Total absorption rate (gamma_t in s-1): 4.07904e+00
# B band absorption rate (gamma_B in s-1): 3.93773e+00
# Q band absorption rate (gamma_Q in s-1): 1.41311e-01
# B-Q bands cut-off (in nm): 500
# photosynthetic photon flux density [ppfd in micromol photon m-2 s-1]: 1.83542e+03
# Total Stellar Irradiance (S in W m-2): 1.07502e+03
# -------------------------------------------------
# Col 1: Wavelength (wl in Angstrom) 
# Col 2: Spectral Flux Density (F_l in J cm-2 s-1 A-1) 
# Col 3: Atmosphere transmitance (T, no units) 
# Col 4: Pigment absorption cross section (sigma_abs in cm-2) 
# Col 5: Spectral Absorption Rate (Gamma_lambda in A-1 s-1)
2503.42 7.61660e-07 5.46980e-01 9.18144e-23 4.82059e-11 
2505.00 6.52054e-07 5.47808e-01 1.01415e-22 4.56819e-11 
2513.00 2.95063e-07 5.51959e-01 1.60154e-22 3.29971e-11 
2515.76 2.36463e-07 5.53380e-01 1.86508e-22 3.09083e-11 
2516.83 2.21052e-07 5.53932e-01 1.97896e-22 3.07019e-11 
2518.00 2.08576e-07 5.54532e-01 2.11089e-22 3.09482e-11 
2525.00 2.11060e-07 5.58106e-01 3.10568e-22 4.65012e-11 
2528.34 2.44346e-07 5.59800e-01 3.72636e-22 6.48754e-11 
2530.25 2.64885e-07 5.60771e-01 4.13317e-22 7.82011e-11 
2535.00 2.93065e-07 5.63163e-01 5.32120e-22 1.12075e-10 
2540.98 2.85872e-07 5.66160e-01 7.27891e-22 1.50696e-10 
2543.69 3.30362e-07 5.67511e-01 8.37163e-22 2.00984e-10 
2545.00 3.76098e-07 5.68166e-01 8.95467e-22 2.45153e-10 
2553.68 8.74510e-07 5.72470e-01 1.38790e-21 8.93235e-10 
2555.00 9.10043e-07 5.73120e-01 1.48180e-21 9.94054e-10 
2557.12 9.12385e-07 5.74166e-01 1.64576e-21 1.10983e-09 
2565.00 7.69975e-07 5.78023e-01 2.41169e-21 1.38597e-09 
2566.45 7.98445e-07 5.78730e-01 2.58518e-21 1.54336e-09 
2570.57 9.81085e-07 5.80730e-01 3.14260e-21 2.31698e-09 
2575.00 1.16720e-06 5.82869e-01 3.86345e-21 3.40716e-09 
2579.28 1.17062e-06 5.84930e-01 4.70505e-21 4.18316e-09 
2584.03 1.05954e-06 5.87204e-01 5.83323e-21 4.72101e-09 
2585.00 1.03724e-06 5.87669e-01 6.09350e-21 4.83349e-09 
2592.18 9.44239e-07 5.91090e-01 8.36990e-21 6.09599e-09 
2595.00 9.09391e-07 5.92426e-01 9.46211e-21 6.65937e-09 
2597.49 8.64314e-07 5.93601e-01 1.05328e-20 7.06625e-09 
2605.00 7.07825e-07 5.97124e-01 1.44720e-20 8.02142e-09 
2605.14 7.05535e-07 5.97190e-01 1.45576e-20 8.04408e-09 
2610.96 6.48438e-07 5.99890e-01 1.85144e-20 9.46615e-09 
2615.00 6.40879e-07 6.01754e-01 2.18126e-20 1.10738e-08 
2618.17 6.54289e-07 6.03210e-01 2.47632e-20 1.28815e-08 
2624.44 8.96189e-07 6.06084e-01 3.17034e-20 2.27508e-08 
2625.00 9.41729e-07 6.06342e-01 3.24056e-20 2.44521e-08 
2631.26 1.65697e-06 6.09190e-01 4.12098e-20 5.51003e-08 
2635.00 2.05258e-06 6.10881e-01 4.74597e-20 7.89380e-08 
2637.92 2.23939e-06 6.12196e-01 5.29206e-20 9.63452e-08 
2644.41 2.71610e-06 6.15100e-01 6.71120e-20 1.49260e-07 
2645.00 2.79497e-06 6.15361e-01 6.85478e-20 1.56982e-07 
2651.42 3.89044e-06 6.18213e-01 8.61697e-20 2.76626e-07 
2655.00 4.09183e-06 6.19798e-01 9.76731e-20 3.31078e-07 
2657.64 3.78893e-06 6.20960e-01 1.06988e-19 3.36770e-07 
2664.92 2.31917e-06 6.24150e-01 1.36953e-19 2.65951e-07 
2665.00 2.30892e-06 6.24185e-01 1.37330e-19 2.65527e-07 
2670.92 2.27985e-06 6.26760e-01 1.67006e-19 3.20866e-07 
2675.00 2.73135e-06 6.28521e-01 1.90572e-19 4.40558e-07 
2678.43 3.13015e-06 6.29996e-01 2.12593e-19 5.65270e-07 
2684.28 3.37801e-06 6.32500e-01 2.55339e-19 7.37208e-07 
2685.00 3.34148e-06 6.32807e-01 2.61092e-19 7.46228e-07 
2691.94 2.46516e-06 6.35754e-01 3.22514e-19 6.84971e-07 
2695.00 2.23054e-06 6.37043e-01 3.53255e-19 6.81005e-07 
2697.70 2.31925e-06 6.38180e-01 3.82487e-19 7.68820e-07 
2705.00 2.91845e-06 6.41239e-01 4.72106e-19 1.20310e-06 
2705.47 2.92047e-06 6.41435e-01 4.78437e-19 1.22066e-06 
2711.19 2.44027e-06 6.43810e-01 5.61505e-19 1.20402e-06 
2715.00 1.90804e-06 6.45381e-01 6.23377e-19 1.04918e-06 
2719.00 1.48025e-06 6.47021e-01 6.94428e-19 9.10364e-07 
2724.74 1.30758e-06 6.49360e-01 8.08072e-19 9.41133e-07 
2725.00 1.31474e-06 6.49464e-01 8.13462e-19 9.52847e-07 
2732.54 1.77162e-06 6.52519e-01 9.86732e-19 1.56911e-06 
2735.00 1.79281e-06 6.53511e-01 1.04930e-18 1.69265e-06 
2738.37 1.55533e-06 6.54870e-01 1.14032e-18 1.60110e-06 
2745.00 9.18283e-07 6.57535e-01 1.33823e-18 1.11659e-06 
2746.09 8.87776e-07 6.57970e-01 1.37333e-18 1.10898e-06 
2752.06 1.14738e-06 6.60310e-01 1.57834e-18 1.65667e-06 
2755.00 1.38716e-06 6.61433e-01 1.68787e-18 2.14781e-06 
2759.65 1.70111e-06 6.63182e-01 1.87321e-18 2.93581e-06 
2765.00 1.95785e-06 6.65190e-01 2.10579e-18 3.81732e-06 
2765.82 1.98976e-06 6.65500e-01 2.14334e-18 3.95174e-06 
2773.21 2.06910e-06 6.68330e-01 2.50526e-18 4.83651e-06 
2775.00 1.99214e-06 6.69019e-01 2.59928e-18 4.83947e-06 
2779.65 1.58408e-06 6.70810e-01 2.85639e-18 4.24725e-06 
2785.00 1.00093e-06 6.72853e-01 3.17502e-18 2.99792e-06 
2786.79 8.41978e-07 6.73530e-01 3.28696e-18 2.61504e-06 
2793.55 4.58287e-07 6.76080e-01 3.73673e-18 1.62819e-06 
2795.00 4.11472e-07 6.76625e-01 3.83874e-18 1.50377e-06 
2800.37 3.47487e-07 6.78633e-01 4.23274e-18 1.40713e-06 
2805.00 5.19314e-07 6.80358e-01 4.59476e-18 2.29238e-06 
2807.52 7.33258e-07 6.81290e-01 4.79985e-18 3.38893e-06 
2813.95 1.54447e-06 6.83664e-01 5.35231e-18 8.00579e-06 
2815.00 1.69227e-06 6.84047e-01 5.44575e-18 8.93338e-06 
2821.55 2.52434e-06 6.86440e-01 6.05535e-18 1.49040e-05 
2825.00 2.77239e-06 6.87690e-01 6.39234e-18 1.73320e-05 
2827.55 2.81797e-06 6.88611e-01 6.64894e-18 1.83652e-05 
2835.00 2.41298e-06 6.91284e-01 7.43278e-18 1.76945e-05 
2835.66 2.35048e-06 6.91520e-01 7.50477e-18 1.74131e-05 
2841.16 1.74406e-06 6.93473e-01 8.11805e-18 1.40430e-05 
2845.00 1.27648e-06 6.94834e-01 8.56272e-18 1.08771e-05 
2849.84 7.57552e-07 6.96540e-01 9.13970e-18 6.91886e-06 
2854.77 5.93824e-07 6.98272e-01 9.74604e-18 5.80770e-06 
2855.00 6.00929e-07 6.98354e-01 9.77512e-18 5.89590e-06 
2864.09 1.79595e-06 7.01520e-01 1.09404e-17 1.98736e-05 
2865.00 1.97147e-06 7.01835e-01 1.10602e-17 2.20716e-05 
2868.39 2.61663e-06 7.02999e-01 1.15098e-17 3.05721e-05 
2875.00 3.40111e-06 7.05254e-01 1.24053e-17 4.30660e-05 
2878.41 3.34485e-06 7.06410e-01 1.28749e-17 4.40813e-05 
2882.02 3.12810e-06 7.07629e-01 1.33767e-17 4.29592e-05 
2885.00 3.03790e-06 7.08636e-01 1.37953e-17 4.31318e-05 
2892.80 3.71871e-06 7.11250e-01 1.48997e-17 5.73898e-05 
2895.00 4.02544e-06 7.11982e-01 1.52128e-17 6.35424e-05 
2895.65 4.11544e-06 7.12198e-01 1.53057e-17 6.53942e-05 
2907.27 5.34266e-06 7.16030e-01 1.69604e-17 9.49585e-05 
2909.30 5.44423e-06 7.16696e-01 1.72483e-17 9.85662e-05 
2910.00 5.46886e-06 7.16927e-01 1.73480e-17 9.96406e-05 
2921.80 5.23653e-06 7.20760e-01 1.89944e-17 1.05447e-04 
2922.95 5.17595e-06 7.21128e-01 1.91513e-17 1.05183e-04 
2930.00 4.80888e-06 7.23378e-01 2.01002e-17 1.03133e-04 
2936.41 4.60936e-06 7.25410e-01 2.09340e-17 1.03470e-04 
2936.61 4.60554e-06 7.25472e-01 2.09591e-17 1.03524e-04 
2950.00 4.57106e-06 7.29690e-01 2.25853e-17 1.11873e-04 
2950.28 4.57360e-06 7.29776e-01 2.26168e-17 1.12115e-04 
2951.09 4.58156e-06 7.30030e-01 2.27100e-17 1.12844e-04 
2963.95 4.74704e-06 7.33975e-01 2.40732e-17 1.25150e-04 
2965.85 4.76986e-06 7.34550e-01 2.42566e-17 1.26891e-04 
2970.00 4.80971e-06 7.35805e-01 2.46410e-17 1.30382e-04 
2977.64 4.83520e-06 7.38100e-01 2.52835e-17 1.35258e-04 
2980.68 4.83004e-06 7.39010e-01 2.55153e-17 1.36659e-04 
2990.00 4.77466e-06 7.41786e-01 2.61352e-17 1.39329e-04 
2991.33 4.76321e-06 7.42180e-01 2.62121e-17 1.39540e-04 
2995.58 4.72600e-06 7.43440e-01 2.64389e-17 1.40084e-04 
3005.03 4.69158e-06 7.46223e-01 2.68342e-17 1.42117e-04 
3010.00 4.73536e-06 7.47669e-01 2.69813e-17 1.44748e-04 
3010.56 4.74414e-06 7.47830e-01 2.69951e-17 1.45150e-04 
3018.74 4.94250e-06 7.50162e-01 2.71374e-17 1.52904e-04 
3025.61 5.14132e-06 7.52100e-01 2.71690e-17 1.60015e-04 
3030.00 5.24246e-06 7.53334e-01 2.71479e-17 1.63540e-04 
3032.45 5.28160e-06 7.54022e-01 2.71223e-17 1.64889e-04 
3040.74 5.35393e-06 7.56340e-01 2.69641e-17 1.67139e-04 
3046.18 5.39818e-06 7.57850e-01 2.68023e-17 1.68144e-04 
3050.00 5.45207e-06 7.58905e-01 2.66621e-17 1.69382e-04 
3055.94 5.58617e-06 7.60530e-01 2.64029e-17 1.72564e-04 
3059.91 5.68174e-06 7.61604e-01 2.62034e-17 1.74662e-04 
3070.00 5.76852e-06 7.64305e-01 2.56069e-17 1.74482e-04 
3071.22 5.75078e-06 7.64630e-01 2.55266e-17 1.73542e-04 
3073.65 5.69700e-06 7.65273e-01 2.53627e-17 1.71094e-04 
3086.58 5.34547e-06 7.68680e-01 2.43934e-17 1.55741e-04 
3087.40 5.33905e-06 7.68894e-01 2.43274e-17 1.55218e-04 
3090.00 5.34673e-06 7.69575e-01 2.41139e-17 1.54344e-04 
3101.15 5.79008e-06 7.72477e-01 2.31536e-17 1.61672e-04 
3102.01 5.83509e-06 7.72700e-01 2.30771e-17 1.62482e-04 
3110.00 6.15955e-06 7.74755e-01 2.23550e-17 1.67021e-04 
3114.92 6.19294e-06 7.75985e-01 2.19046e-17 1.65065e-04 
3117.52 6.16099e-06 7.76620e-01 2.16654e-17 1.62690e-04 
3128.69 5.81808e-06 7.79233e-01 2.06503e-17 1.47455e-04 
3130.00 5.77170e-06 7.79538e-01 2.05334e-17 1.45569e-04 
3133.11 5.66922e-06 7.80270e-01 2.02590e-17 1.41347e-04 
3142.47 5.47615e-06 7.82553e-01 1.94663e-17 1.31968e-04 
3148.77 5.50121e-06 7.84110e-01 1.89701e-17 1.29709e-04 
3150.00 5.52539e-06 7.84410e-01 1.88781e-17 1.29747e-04 
3156.26 5.73270e-06 7.85923e-01 1.84335e-17 1.31960e-04 
3164.52 6.01891e-06 7.87890e-01 1.79231e-17 1.35403e-04 
3170.00 6.05290e-06 7.89186e-01 1.76410e-17 1.34477e-04 
3170.06 6.05216e-06 7.89199e-01 1.76384e-17 1.34445e-04 
3180.34 5.63972e-06 7.91610e-01 1.72550e-17 1.23333e-04 
3183.86 5.47731e-06 7.92427e-01 1.71731e-17 1.19468e-04 
3190.00 5.34937e-06 7.93842e-01 1.70976e-17 1.16596e-04 
3196.24 5.52697e-06 7.95270e-01 1.71169e-17 1.21057e-04 
3197.67 5.59399e-06 7.95596e-01 1.71360e-17 1.22767e-04 
3210.00 5.93438e-06 7.98381e-01 1.75500e-17 1.34366e-04 
3211.49 5.88831e-06 7.98716e-01 1.76328e-17 1.34071e-04 
3212.22 5.85693e-06 7.98880e-01 1.76759e-17 1.33741e-04 
3225.32 4.96612e-06 8.01790e-01 1.87762e-17 1.21390e-04 
3228.29 4.86945e-06 8.02440e-01 1.91165e-17 1.21393e-04 
3230.00 4.86517e-06 8.02815e-01 1.93299e-17 1.22764e-04 
3239.16 5.49354e-06 8.04799e-01 2.06868e-17 1.49138e-04 
3244.43 6.14168e-06 8.05930e-01 2.16414e-17 1.74957e-04 
3250.00 6.84092e-06 8.07123e-01 2.28006e-17 2.05971e-04 
3253.01 7.16530e-06 8.07764e-01 2.34924e-17 2.22667e-04 
3260.65 7.77754e-06 8.09380e-01 2.54720e-17 2.63199e-04 
3266.86 8.06046e-06 8.10677e-01 2.73270e-17 2.93666e-04 
3270.00 8.13357e-06 8.11327e-01 2.83529e-17 3.07996e-04 
3276.95 8.14689e-06 8.12760e-01 3.08454e-17 3.36929e-04 
3280.72 8.08900e-06 8.13534e-01 3.23291e-17 3.51363e-04 
3290.00 7.84544e-06 8.15426e-01 3.63967e-17 3.85640e-04 
3293.34 7.74858e-06 8.16100e-01 3.80104e-17 3.98499e-04 
3294.59 7.71303e-06 8.16353e-01 3.86388e-17 4.03508e-04 
3308.47 7.41315e-06 8.19117e-01 4.63945e-17 4.69208e-04 
3309.80 7.39855e-06 8.19380e-01 4.72202e-17 4.76963e-04 
3310.00 7.39668e-06 8.19419e-01 4.73430e-17 4.78134e-04 
3322.36 7.40780e-06 8.21845e-01 5.57281e-17 5.67444e-04 
3326.35 7.45340e-06 8.22620e-01 5.87222e-17 6.02904e-04 
3330.00 7.50665e-06 8.23322e-01 6.15799e-17 6.38002e-04 
3336.25 7.59611e-06 8.24515e-01 6.67599e-17 7.02243e-04 
3342.98 7.57564e-06 8.25790e-01 7.27449e-17 7.65860e-04 
3350.00 7.26242e-06 8.27110e-01 7.94398e-17 8.04731e-04 
3350.15 7.25086e-06 8.27139e-01 7.95927e-17 8.05062e-04 
3359.70 6.27702e-06 8.28920e-01 8.94826e-17 7.87460e-04 
3364.07 5.83151e-06 8.29727e-01 9.43057e-17 7.72756e-04 
3370.00 5.46843e-06 8.30817e-01 1.01165e-16 7.79741e-04 
3376.50 5.55786e-06 8.32000e-01 1.09078e-16 8.57350e-04 
3377.98 5.63276e-06 8.32269e-01 1.10948e-16 8.84478e-04 
3390.00 6.39330e-06 8.34428e-01 1.26869e-16 1.15503e-03 
3391.91 6.46730e-06 8.34769e-01 1.29535e-16 1.19411e-03 
3393.38 6.50817e-06 8.35030e-01 1.31605e-16 1.22177e-03 
3405.85 6.53619e-06 8.37226e-01 1.50037e-16 1.40771e-03 
3410.00 6.52699e-06 8.37950e-01 1.56504e-16 1.46938e-03 
3410.35 6.52809e-06 8.38010e-01 1.57052e-16 1.47503e-03 
3419.79 6.66657e-06 8.39641e-01 1.72383e-16 1.66117e-03 
3427.40 6.85021e-06 8.40940e-01 1.85304e-16 1.84180e-03 
3430.00 6.90927e-06 8.41381e-01 1.89834e-16 1.90554e-03 
3433.74 6.98157e-06 8.42013e-01 1.96453e-16 1.99628e-03 
3444.54 7.12424e-06 8.43820e-01 2.16135e-16 2.25303e-03 
3447.70 7.15512e-06 8.44347e-01 2.22075e-16 2.32858e-03 
3450.00 7.17633e-06 8.44728e-01 2.26421e-16 2.38384e-03 
3461.67 7.30246e-06 8.46646e-01 2.49031e-16 2.68308e-03 
3461.76 7.30368e-06 8.46660e-01 2.49199e-16 2.68546e-03 
3470.00 7.46175e-06 8.47991e-01 2.65618e-16 2.93591e-03 
3475.65 7.62611e-06 8.48895e-01 2.77054e-16 3.13821e-03 
3479.07 7.74559e-06 8.49440e-01 2.84031e-16 3.27294e-03 
3489.64 8.18002e-06 8.51118e-01 3.05835e-16 3.74054e-03 
3490.00 8.19614e-06 8.51175e-01 3.06591e-16 3.75783e-03 
3496.46 8.47044e-06 8.52190e-01 3.20050e-16 4.06642e-03 
3503.63 8.65297e-06 8.53301e-01 3.35026e-16 4.36302e-03 
3510.00 8.58666e-06 8.54279e-01 3.48344e-16 4.51505e-03 
3513.95 8.40408e-06 8.54880e-01 3.56577e-16 4.53176e-03 
3517.63 8.18326e-06 8.55440e-01 3.64250e-16 4.51532e-03 
3530.00 7.86410e-06 8.57304e-01 3.89763e-16 4.66962e-03 
3531.51 7.94016e-06 8.57530e-01 3.92853e-16 4.75546e-03 
3531.64 7.94789e-06 8.57549e-01 3.93110e-16 4.76348e-03 
3545.66 9.15419e-06 8.59625e-01 4.21198e-16 5.91609e-03 
3549.17 9.22241e-06 8.60140e-01 4.28064e-16 6.06698e-03 
3550.00 9.20407e-06 8.60261e-01 4.29670e-16 6.07991e-03 
3559.69 8.13653e-06 8.61671e-01 4.48102e-16 5.62980e-03 
3566.92 6.99384e-06 8.62710e-01 4.61375e-16 4.99863e-03 
3570.00 6.61742e-06 8.63148e-01 4.66888e-16 4.79268e-03 
3573.72 6.34032e-06 8.63675e-01 4.73425e-16 4.66398e-03 
3584.75 6.40613e-06 8.65220e-01 4.91960e-16 4.92079e-03 
3587.76 6.56336e-06 8.65639e-01 4.96786e-16 5.09777e-03 
3590.00 6.69546e-06 8.65950e-01 5.00299e-16 5.24229e-03 
3601.82 7.40920e-06 8.67582e-01 5.17838e-16 6.03560e-03 
3602.68 7.45603e-06 8.67700e-01 5.19044e-16 6.09018e-03 
3610.00 7.78364e-06 8.68699e-01 5.28904e-16 6.49919e-03 
3615.88 7.92626e-06 8.69494e-01 5.36270e-16 6.72752e-03 
3620.69 7.96789e-06 8.70140e-01 5.41927e-16 6.84839e-03 
3629.94 7.90127e-06 8.71369e-01 5.51820e-16 6.94257e-03 
3630.00 7.90042e-06 8.71377e-01 5.51875e-16 6.94267e-03 
3638.79 7.94315e-06 8.72530e-01 5.60025e-16 7.10986e-03 
3640.00 8.01880e-06 8.72687e-01 5.61046e-16 7.19435e-03 
3644.02 8.43735e-06 8.73210e-01 5.64280e-16 7.62647e-03 
3650.00 9.18777e-06 8.73982e-01 5.68595e-16 8.38942e-03 
3656.99 9.64778e-06 8.74880e-01 5.72885e-16 8.90205e-03 
3658.11 9.67578e-06 8.75023e-01 5.73496e-16 8.94161e-03 
3670.00 9.48084e-06 8.76537e-01 5.78680e-16 8.88475e-03 
3672.20 9.38967e-06 8.76814e-01 5.79376e-16 8.81797e-03 
3675.27 9.25832e-06 8.77200e-01 5.80211e-16 8.71825e-03 
3686.30 8.96066e-06 8.78568e-01 5.81890e-16 8.50100e-03 
3690.00 9.00310e-06 8.79023e-01 5.81993e-16 8.55578e-03 
3693.65 9.14164e-06 8.79470e-01 5.81872e-16 8.69864e-03 
3700.41 9.47519e-06 8.80296e-01 5.81063e-16 9.02844e-03 
3710.00 9.43462e-06 8.81456e-01 5.78636e-16 8.98728e-03 
3712.12 9.24953e-06 8.81710e-01 5.77902e-16 8.80734e-03 
3714.53 8.96224e-06 8.81998e-01 5.76979e-16 8.52848e-03 
3728.66 6.94044e-06 8.83664e-01 5.69774e-16 6.55923e-03 
3730.00 6.82783e-06 8.83821e-01 5.68934e-16 6.44675e-03 
3730.68 6.78260e-06 8.83900e-01 5.68500e-16 6.40090e-03 
3742.79 7.02790e-06 8.85308e-01 5.59631e-16 6.56056e-03 
3749.33 7.64028e-06 8.86060e-01 5.54008e-16 7.07890e-03 
3750.00 7.70813e-06 8.86137e-01 5.53401e-16 7.13583e-03 
3756.94 8.39122e-06 8.86927e-01 5.46771e-16 7.69618e-03 
3768.08 9.22842e-06 8.88180e-01 5.34902e-16 8.31660e-03 
3770.00 9.31646e-06 8.88394e-01 5.32710e-16 8.36782e-03 
3771.09 9.35693e-06 8.88516e-01 5.31450e-16 8.38786e-03 
3785.25 9.55230e-06 8.90078e-01 5.13949e-16 8.32670e-03 
3786.92 9.57404e-06 8.90260e-01 5.11758e-16 8.31545e-03 
3790.00 9.63778e-06 8.90597e-01 5.07644e-16 8.31342e-03 
3799.42 9.91156e-06 8.91619e-01 4.94565e-16 8.35958e-03 
3805.85 9.76639e-06 8.92310e-01 4.85230e-16 8.10163e-03 
3810.00 9.33701e-06 8.92753e-01 4.79055e-16 7.65900e-03 
3813.60 8.69544e-06 8.93134e-01 4.73607e-16 7.06130e-03 
3824.88 6.22248e-06 8.94320e-01 4.56017e-16 4.88628e-03 
3827.78 5.79674e-06 8.94622e-01 4.51386e-16 4.51069e-03 
3830.00 5.61137e-06 8.94852e-01 4.47821e-16 4.33558e-03 
3841.98 6.53219e-06 8.96083e-01 4.28211e-16 4.84778e-03 
3844.01 6.83022e-06 8.96290e-01 4.24839e-16 5.03287e-03 
3850.00 7.55976e-06 8.96899e-01 4.14810e-16 5.45111e-03 
3856.18 7.78695e-06 8.97523e-01 4.04379e-16 5.48634e-03 
3863.23 7.60392e-06 8.98230e-01 3.92406e-16 5.21236e-03 
3870.00 7.37930e-06 8.98905e-01 3.80844e-16 4.92164e-03 
3870.39 7.37326e-06 8.98944e-01 3.80174e-16 4.90968e-03 
3882.54 7.79455e-06 9.00140e-01 3.59395e-16 4.92847e-03 
3884.61 7.98924e-06 9.00342e-01 3.55861e-16 5.00569e-03 
3890.00 8.67411e-06 9.00864e-01 3.46674e-16 5.30492e-03 
3898.84 1.00871e-05 9.01713e-01 3.31681e-16 5.92126e-03 
3901.96 1.04368e-05 9.02010e-01 3.26430e-16 6.03632e-03 
3910.00 1.02425e-05 9.02773e-01 3.12963e-16 5.69611e-03 
3913.08 9.58445e-06 9.03063e-01 3.07854e-16 5.24894e-03 
3921.46 6.97136e-06 9.03850e-01 2.94065e-16 3.65788e-03 
3927.32 5.59054e-06 9.04396e-01 2.84570e-16 2.84459e-03 
3930.00 5.38993e-06 9.04644e-01 2.80269e-16 2.70366e-03 
3941.07 7.50500e-06 9.05660e-01 2.62779e-16 3.54359e-03 
3941.58 7.64435e-06 9.05706e-01 2.61994e-16 3.59925e-03 
3950.00 9.17055e-06 9.06467e-01 2.49049e-16 4.11672e-03 
3955.84 8.59037e-06 9.06989e-01 2.40264e-16 3.72791e-03 
3960.78 7.49641e-06 9.07430e-01 2.32961e-16 3.15976e-03 
3970.00 6.32821e-06 9.08249e-01 2.19648e-16 2.52306e-03 
3970.11 6.33435e-06 9.08259e-01 2.19492e-16 2.52381e-03 
3980.58 9.10346e-06 9.09180e-01 2.04917e-16 3.39862e-03 
3984.39 1.05919e-05 9.09511e-01 1.99762e-16 3.85995e-03 
3990.00 1.24601e-05 9.09995e-01 1.92313e-16 4.37992e-03 
3998.68 1.36076e-05 9.10737e-01 1.81138e-16 4.51880e-03 
4000.48 1.36376e-05 9.10890e-01 1.78865e-16 4.47470e-03 
4010.00 1.33341e-05 9.11694e-01 1.67199e-16 4.10311e-03 
4012.97 1.32485e-05 9.11943e-01 1.63660e-16 3.99452e-03 
4020.49 1.31797e-05 9.12570e-01 1.54945e-16 3.77182e-03 
4027.28 1.31906e-05 9.13132e-01 1.47347e-16 3.59810e-03 
4030.00 1.31859e-05 9.13356e-01 1.44378e-16 3.52760e-03 
4040.59 1.30159e-05 9.14220e-01 1.33226e-16 3.22466e-03 
4041.59 1.29873e-05 9.14301e-01 1.32203e-16 3.19393e-03 
4050.00 1.26673e-05 9.14979e-01 1.23852e-16 2.92669e-03 
4055.92 1.23829e-05 9.15452e-01 1.18215e-16 2.73618e-03 
4060.79 1.21987e-05 9.15840e-01 1.13714e-16 2.59706e-03 
4070.00 1.22725e-05 9.16566e-01 1.05570e-16 2.43306e-03 
4070.25 1.22858e-05 9.16585e-01 1.05358e-16 2.43103e-03 
4081.10 1.33038e-05 9.17430e-01 9.63597e-17 2.41626e-03 
4084.59 1.36577e-05 9.17699e-01 9.35966e-17 2.41218e-03 
4090.00 1.40342e-05 9.18115e-01 8.94329e-17 2.37263e-03 
4098.93 1.39857e-05 9.18795e-01 8.28849e-17 2.19772e-03 
4101.50 1.38766e-05 9.18990e-01 8.10753e-17 2.13476e-03 
4110.00 1.35201e-05 9.19632e-01 7.53121e-17 1.93742e-03 
4113.29 1.34661e-05 9.19879e-01 7.31719e-17 1.87686e-03 
4122.01 1.35350e-05 9.20530e-01 6.77395e-17 1.75134e-03 
4127.66 1.36293e-05 9.20948e-01 6.44015e-17 1.67969e-03 
4130.00 1.36549e-05 9.21121e-01 6.30561e-17 1.64894e-03 
4142.03 1.36135e-05 9.21998e-01 5.65144e-17 1.47909e-03 
4142.62 1.36093e-05 9.22040e-01 5.62089e-17 1.47092e-03 
4150.00 1.36006e-05 9.22567e-01 5.25010e-17 1.37624e-03 
4156.41 1.36901e-05 9.23022e-01 4.94494e-17 1.30743e-03 
4163.33 1.37909e-05 9.23510e-01 4.63261e-17 1.23658e-03 
4170.00 1.37568e-05 9.23980e-01 4.34776e-17 1.16012e-03 
4170.80 1.37376e-05 9.24037e-01 4.31448e-17 1.14993e-03 
4184.15 1.31629e-05 9.24970e-01 3.79273e-17 9.72662e-04 
4185.20 1.31217e-05 9.25043e-01 3.75395e-17 9.60016e-04 
4190.00 1.29994e-05 9.25372e-01 3.58178e-17 9.08817e-04 
4199.61 1.31119e-05 9.26023e-01 3.25737e-17 8.36158e-04 
4205.07 1.32329e-05 9.26390e-01 3.08483e-17 8.00525e-04 
4210.00 1.32622e-05 9.26720e-01 2.93592e-17 7.64737e-04 
4214.03 1.31855e-05 9.26989e-01 2.81897e-17 7.30944e-04 
4226.10 1.27396e-05 9.27790e-01 2.49293e-17 6.26872e-04 
4228.45 1.26823e-05 9.27946e-01 2.43323e-17 6.09551e-04 
4230.00 1.26605e-05 9.28047e-01 2.39482e-17 5.99181e-04 
4242.89 1.28352e-05 9.28890e-01 2.09494e-17 5.33483e-04 
4247.23 1.28867e-05 9.29170e-01 2.00186e-17 5.12509e-04 
4250.00 1.28748e-05 9.29349e-01 1.94428e-17 4.97724e-04 
4257.33 1.26355e-05 9.29817e-01 1.79919e-17 4.53030e-04 
4268.46 1.20534e-05 9.30520e-01 1.59753e-17 3.85018e-04 
4270.00 1.19869e-05 9.30616e-01 1.57133e-17 3.76786e-04 
4271.78 1.19202e-05 9.30728e-01 1.54143e-17 3.67759e-04 
4286.24 1.12800e-05 9.31622e-01 1.31746e-17 2.98734e-04 
4289.80 1.09258e-05 9.31840e-01 1.26707e-17 2.78585e-04 
4290.00 1.09023e-05 9.31852e-01 1.26435e-17 2.77403e-04 
4300.71 9.37553e-06 9.32504e-01 1.12341e-17 2.12641e-04 
4310.00 9.08591e-06 9.33065e-01 1.01304e-17 1.86340e-04 
4311.25 9.22439e-06 9.33140e-01 9.98931e-18 1.86615e-04 
4315.19 9.92866e-06 9.33376e-01 9.55758e-18 1.92406e-04 
4329.68 1.32102e-05 9.34236e-01 8.11318e-18 2.18241e-04 
4330.00 1.32475e-05 9.34255e-01 8.08354e-18 2.18078e-04 
4332.81 1.34454e-05 9.34420e-01 7.82878e-18 2.14537e-04 
4344.17 1.28927e-05 9.35080e-01 6.87209e-18 1.81180e-04 
4350.00 1.26163e-05 9.35414e-01 6.42479e-18 1.66038e-04 
4354.47 1.27640e-05 9.35670e-01 6.09988e-18 1.59694e-04 
4358.68 1.31101e-05 9.35909e-01 5.80847e-18 1.56380e-04 
4370.00 1.39360e-05 9.36549e-01 5.08696e-18 1.46060e-04 
4373.19 1.38871e-05 9.36729e-01 4.89926e-18 1.40307e-04 
4376.25 1.37155e-05 9.36900e-01 4.72565e-18 1.33780e-04 
4387.71 1.27639e-05 9.37538e-01 4.12397e-18 1.09006e-04 
4390.00 1.26563e-05 9.37665e-01 4.01288e-18 1.05244e-04 
4398.13 1.27716e-05 9.38110e-01 3.64047e-18 9.65713e-05 
4402.24 1.30384e-05 9.38333e-01 3.46448e-18 9.39326e-05 
4410.00 1.36749e-05 9.38750e-01 3.15435e-18 8.98974e-05 
4416.78 1.41625e-05 9.39112e-01 2.90481e-18 8.59023e-05 
4420.12 1.43490e-05 9.39290e-01 2.78903e-18 8.36434e-05 
4430.00 1.46331e-05 9.39816e-01 2.47103e-18 7.57851e-05 
4431.33 1.46358e-05 9.39887e-01 2.43094e-18 7.45975e-05 
4442.22 1.44872e-05 9.40460e-01 2.12517e-18 6.47499e-05 
4445.89 1.44508e-05 9.40651e-01 2.03061e-18 6.17775e-05 
4450.00 1.44765e-05 9.40863e-01 1.92936e-18 5.88688e-05 
4460.45 1.48923e-05 9.41398e-01 1.69316e-18 5.33013e-05 
4464.43 1.50812e-05 9.41600e-01 1.61074e-18 5.14063e-05 
4470.00 1.52589e-05 9.41882e-01 1.50167e-18 4.85652e-05 
4475.03 1.52801e-05 9.42136e-01 1.40932e-18 4.57056e-05 
4486.75 1.52995e-05 9.42720e-01 1.21451e-18 3.95656e-05 
4489.61 1.54148e-05 9.42861e-01 1.17107e-18 3.84682e-05 
4490.00 1.54367e-05 9.42880e-01 1.16526e-18 3.83357e-05 
4504.20 1.66741e-05 9.43570e-01 9.71501e-19 3.46578e-05 
4509.19 1.68828e-05 9.43810e-01 9.11142e-19 3.29561e-05 
4510.00 1.68840e-05 9.43849e-01 9.01620e-19 3.26214e-05 
4518.80 1.63447e-05 9.44273e-01 8.04668e-19 2.82512e-05 
4530.00 1.53063e-05 9.44808e-01 6.95751e-19 2.29451e-05 
4531.73 1.52254e-05 9.44890e-01 6.80236e-19 2.23253e-05 
4533.41 1.51781e-05 9.44970e-01 6.65483e-19 2.17831e-05 
4548.03 1.56739e-05 9.45655e-01 5.49596e-19 1.86510e-05 
4550.00 1.58111e-05 9.45747e-01 5.35563e-19 1.83435e-05 
4554.39 1.61247e-05 9.45950e-01 5.05516e-19 1.76786e-05 
4562.66 1.66144e-05 9.46330e-01 4.53300e-19 1.63702e-05 
4570.00 1.67449e-05 9.46666e-01 4.11360e-19 1.50017e-05 
4577.16 1.64808e-05 9.46990e-01 3.74106e-19 1.34536e-05 
4577.29 1.64735e-05 9.46996e-01 3.73447e-19 1.34244e-05 
4590.00 1.58404e-05 9.47565e-01 3.15412e-19 1.09393e-05 
4591.94 1.58145e-05 9.47651e-01 3.07370e-19 1.06484e-05 
4600.05 1.59356e-05 9.48010e-01 2.75885e-19 9.65153e-06 
4606.59 1.61304e-05 9.48297e-01 2.52814e-19 8.96799e-06 
4610.00 1.61994e-05 9.48446e-01 2.41577e-19 8.61377e-06 
4621.26 1.61286e-05 9.48933e-01 2.07882e-19 7.40171e-06 
4623.05 1.60946e-05 9.49010e-01 2.02973e-19 7.21507e-06 
4630.00 1.59751e-05 9.49307e-01 1.85009e-19 6.53953e-06 
4635.93 1.59407e-05 9.49558e-01 1.70977e-19 6.03983e-06 
4646.16 1.60330e-05 9.49990e-01 1.49274e-19 5.31783e-06 
4650.00 1.61066e-05 9.50152e-01 1.41896e-19 5.08326e-06 
4650.61 1.61198e-05 9.50177e-01 1.40762e-19 5.04756e-06 
4665.30 1.64534e-05 9.50791e-01 1.16120e-19 4.26629e-06 
4669.39 1.65060e-05 9.50960e-01 1.10115e-19 4.06288e-06 
4670.00 1.65106e-05 9.50985e-01 1.09256e-19 4.03292e-06 
4680.00 1.64568e-05 9.51390e-01 9.61217e-20 3.54563e-06 
4690.00 1.61808e-05 9.51791e-01 8.47716e-20 3.08240e-06 
4692.74 1.60722e-05 9.51900e-01 8.19471e-20 2.96175e-06 
4694.70 1.59902e-05 9.51978e-01 7.99947e-20 2.87788e-06 
4709.42 1.55856e-05 9.52563e-01 6.71005e-20 2.36175e-06 
4710.00 1.55875e-05 9.52586e-01 6.66511e-20 2.34656e-06 
4716.20 1.57182e-05 9.52830e-01 6.20979e-20 2.20807e-06 
4724.15 1.60522e-05 9.53140e-01 5.69136e-20 2.07088e-06 
4730.00 1.62921e-05 9.53366e-01 5.35182e-20 1.97935e-06 
4738.88 1.64871e-05 9.53706e-01 4.90032e-20 1.83815e-06 
4739.79 1.64971e-05 9.53740e-01 4.85830e-20 1.82391e-06 
4750.00 1.65432e-05 9.54126e-01 4.43266e-20 1.67304e-06 
4753.62 1.65486e-05 9.54262e-01 4.30186e-20 1.62567e-06 
4763.48 1.65585e-05 9.54630e-01 3.99484e-20 1.51427e-06 
4768.37 1.65596e-05 9.54812e-01 3.86762e-20 1.46793e-06 
4770.00 1.65593e-05 9.54872e-01 3.82881e-20 1.45376e-06 
4783.14 1.65268e-05 9.55358e-01 3.57490e-20 1.35911e-06 
4787.30 1.64970e-05 9.55510e-01 3.51533e-20 1.33543e-06 
4790.00 1.64703e-05 9.55608e-01 3.48183e-20 1.32144e-06 
4797.91 1.63682e-05 9.55894e-01 3.40573e-20 1.28705e-06 
4810.00 1.62974e-05 9.56326e-01 3.34931e-20 1.26400e-06 
4811.24 1.63060e-05 9.56370e-01 3.34743e-20 1.26434e-06 
4812.68 1.63203e-05 9.56421e-01 3.34611e-20 1.26540e-06 
4827.47 1.65124e-05 9.56940e-01 3.38539e-20 1.30001e-06 
4830.00 1.65117e-05 9.57028e-01 3.40138e-20 1.30690e-06 
4835.29 1.64351e-05 9.57210e-01 3.44334e-20 1.31858e-06 
4842.27 1.61505e-05 9.57448e-01 3.51573e-20 1.32522e-06 
4850.00 1.55442e-05 9.57710e-01 3.61806e-20 1.31505e-06 
4857.08 1.47502e-05 9.57949e-01 3.73164e-20 1.28926e-06 
4859.47 1.44861e-05 9.58030e-01 3.77434e-20 1.28140e-06 
4870.00 1.38837e-05 9.58387e-01 3.98713e-20 1.30064e-06 
4871.89 1.39368e-05 9.58452e-01 4.02965e-20 1.32015e-06 
4883.77 1.50783e-05 9.58850e-01 4.32640e-20 1.53782e-06 
4886.71 1.54027e-05 9.58947e-01 4.40792e-20 1.60164e-06 
4890.00 1.56950e-05 9.59055e-01 4.50251e-20 1.66837e-06 
4901.55 1.59376e-05 9.59428e-01 4.86605e-20 1.83598e-06 
4908.19 1.57535e-05 9.59640e-01 5.09703e-20 1.90391e-06 
4910.00 1.56929e-05 9.59698e-01 5.16291e-20 1.92193e-06 
4916.39 1.55021e-05 9.59902e-01 5.40480e-20 1.99052e-06 
4930.00 1.53675e-05 9.60334e-01 5.97084e-20 2.18691e-06 
4931.24 1.53830e-05 9.60373e-01 6.02597e-20 2.20997e-06 
4932.73 1.54083e-05 9.60420e-01 6.09276e-20 2.23893e-06 
4946.10 1.58273e-05 9.60840e-01 6.73214e-20 2.54916e-06 
4950.00 1.59603e-05 9.60962e-01 6.93179e-20 2.64924e-06 
4957.39 1.61455e-05 9.61190e-01 7.32717e-20 2.83775e-06 
4960.97 1.61884e-05 9.61300e-01 7.52664e-20 2.92519e-06 
4970.00 1.61048e-05 9.61574e-01 8.05354e-20 3.12036e-06 
4975.85 1.58788e-05 9.61750e-01 8.41336e-20 3.21839e-06 
4982.18 1.55274e-05 9.61940e-01 8.81939e-20 3.30391e-06 
4990.00 1.50418e-05 9.62174e-01 9.34564e-20 3.39772e-06 
4990.74 1.49975e-05 9.62196e-01 9.39663e-20 3.40676e-06 
5005.63 1.44058e-05 9.62637e-01 1.04812e-19 3.66264e-06 
5007.09 1.43981e-05 9.62680e-01 1.05928e-19 3.70090e-06 
5010.00 1.44209e-05 9.62765e-01 1.08189e-19 3.78841e-06 
5020.54 1.48468e-05 9.63069e-01 1.16721e-19 4.21806e-06 
5030.00 1.52387e-05 9.63340e-01 1.24851e-19 4.64098e-06 
5032.12 1.52713e-05 9.63400e-01 1.26740e-19 4.72355e-06 
5035.45 1.52792e-05 9.63495e-01 1.29745e-19 4.84177e-06 
5050.00 1.52135e-05 9.63905e-01 1.43565e-19 5.35213e-06 
5050.38 1.52199e-05 9.63916e-01 1.43939e-19 5.36877e-06 
5057.29 1.54361e-05 9.64110e-01 1.50916e-19 5.71795e-06 
5065.31 1.57276e-05 9.64334e-01 1.59355e-19 6.16290e-06 
5070.00 1.57907e-05 9.64464e-01 1.64455e-19 6.39244e-06 
5080.25 1.55088e-05 9.64747e-01 1.76049e-19 6.73648e-06 
5082.57 1.54118e-05 9.64810e-01 1.78757e-19 6.80088e-06 
5090.00 1.51807e-05 9.65011e-01 1.87647e-19 7.04376e-06 
5095.20 1.51729e-05 9.65151e-01 1.94074e-19 7.28979e-06 
5107.98 1.53933e-05 9.65490e-01 2.10566e-19 8.04711e-06 
5110.00 1.54084e-05 9.65543e-01 2.13260e-19 8.16171e-06 
5110.17 1.54089e-05 9.65548e-01 2.13482e-19 8.17079e-06 
5125.13 1.51579e-05 9.65941e-01 2.34322e-19 8.85182e-06 
5130.00 1.50451e-05 9.66068e-01 2.41409e-19 9.06147e-06 
5133.52 1.49835e-05 9.66160e-01 2.46641e-19 9.22713e-06 
5140.11 1.48714e-05 9.66331e-01 2.56643e-19 9.54341e-06 
5150.00 1.45045e-05 9.66586e-01 2.72200e-19 9.89383e-06 
5155.10 1.41397e-05 9.66716e-01 2.80489e-19 9.94986e-06 
5159.19 1.37948e-05 9.66820e-01 2.87265e-19 9.95058e-06 
5170.00 1.29960e-05 9.67090e-01 3.05728e-19 1.00006e-05 
5170.10 1.29912e-05 9.67092e-01 3.05900e-19 1.00027e-05 
5184.99 1.29464e-05 9.67460e-01 3.32697e-19 1.08768e-05 
5185.11 1.29509e-05 9.67463e-01 3.32913e-19 1.08880e-05 
5190.00 1.31973e-05 9.67584e-01 3.42073e-19 1.14126e-05 
5200.12 1.39438e-05 9.67835e-01 3.61560e-19 1.27731e-05 
5210.00 1.45513e-05 9.68078e-01 3.81300e-19 1.40876e-05 
5210.91 1.45826e-05 9.68100e-01 3.83161e-19 1.41897e-05 
5215.15 1.46687e-05 9.68203e-01 3.91865e-19 1.46111e-05 
5230.00 1.48006e-05 9.68557e-01 4.23458e-19 1.59824e-05 
5230.18 1.48061e-05 9.68561e-01 4.23850e-19 1.60037e-05 
5236.97 1.50979e-05 9.68720e-01 4.38840e-19 1.69209e-05 
5245.22 1.53588e-05 9.68911e-01 4.57529e-19 1.79783e-05 
5250.00 1.52563e-05 9.69020e-01 4.68575e-19 1.83081e-05 
5260.28 1.42703e-05 9.69254e-01 4.92908e-19 1.80537e-05 
5263.15 1.39612e-05 9.69320e-01 4.99862e-19 1.79230e-05 
5270.00 1.35193e-05 9.69476e-01 5.16658e-19 1.79651e-05 
5275.34 1.36499e-05 9.69598e-01 5.29989e-19 1.86278e-05 
5289.47 1.50596e-05 9.69920e-01 5.66298e-19 2.20258e-05 
5290.00 1.51119e-05 9.69932e-01 5.67692e-19 2.21591e-05 
5290.41 1.51509e-05 9.69941e-01 5.68764e-19 2.22602e-05 
5305.49 1.57698e-05 9.70280e-01 6.09218e-19 2.48969e-05 
5310.00 1.55989e-05 9.70380e-01 6.21639e-19 2.51532e-05 
5315.92 1.51309e-05 9.70510e-01 6.38146e-19 2.50777e-05 
5320.58 1.46888e-05 9.70611e-01 6.51329e-19 2.48722e-05 
5330.00 1.41063e-05 9.70814e-01 6.78436e-19 2.49292e-05 
5335.68 1.42127e-05 9.70935e-01 6.95065e-19 2.57635e-05 
5342.50 1.46449e-05 9.71080e-01 7.15330e-19 2.73600e-05 
5350.00 1.51175e-05 9.71238e-01 7.37996e-19 2.91835e-05 
5350.78 1.51492e-05 9.71255e-01 7.40388e-19 2.93442e-05 
5365.90 1.51444e-05 9.71571e-01 7.87250e-19 3.12901e-05 
5369.21 1.50864e-05 9.71640e-01 7.97693e-19 3.16052e-05 
5370.00 1.50747e-05 9.71656e-01 8.00205e-19 3.16854e-05 
5381.03 1.49980e-05 9.71884e-01 8.35595e-19 3.29937e-05 
5390.00 1.49000e-05 9.72067e-01 8.64927e-19 3.39918e-05 
5396.05 1.47392e-05 9.72190e-01 8.84990e-19 3.44479e-05 
5396.17 1.47358e-05 9.72192e-01 8.85360e-19 3.44551e-05 
5410.00 1.43958e-05 9.72470e-01 9.31999e-19 3.55344e-05 
5411.31 1.43898e-05 9.72496e-01 9.36471e-19 3.56996e-05 
5423.03 1.45668e-05 9.72730e-01 9.76888e-19 3.77892e-05 
5426.47 1.46646e-05 9.72799e-01 9.88850e-19 3.85356e-05 
5430.00 1.47695e-05 9.72870e-01 1.00124e-18 3.93260e-05 
5441.63 1.50524e-05 9.73102e-01 1.04241e-18 4.18268e-05 
5450.00 1.51239e-05 9.73267e-01 1.07243e-18 4.33096e-05 
5450.15 1.51237e-05 9.73270e-01 1.07297e-18 4.33321e-05 
5456.80 1.50670e-05 9.73399e-01 1.09705e-18 4.41982e-05 
5470.00 1.48452e-05 9.73651e-01 1.14535e-18 4.55864e-05 
5471.99 1.48203e-05 9.73688e-01 1.15267e-18 4.58194e-05 
5477.40 1.47747e-05 9.73790e-01 1.17271e-18 4.65238e-05 
5487.18 1.47467e-05 9.73973e-01 1.20916e-18 4.79733e-05 
5490.00 1.47446e-05 9.74026e-01 1.21974e-18 4.84133e-05 
5502.38 1.47377e-05 9.74256e-01 1.26641e-18 5.03675e-05 
5504.79 1.47375e-05 9.74300e-01 1.27553e-18 5.07543e-05 
5510.00 1.47393e-05 9.74396e-01 1.29534e-18 5.16025e-05 
5517.59 1.47516e-05 9.74534e-01 1.32429e-18 5.28801e-05 
5530.00 1.48341e-05 9.74759e-01 1.37186e-18 5.52229e-05 
5532.31 1.48625e-05 9.74800e-01 1.38075e-18 5.57125e-05 
5532.81 1.48690e-05 9.74809e-01 1.38267e-18 5.58201e-05 
5548.04 1.50154e-05 9.75079e-01 1.44143e-18 5.89431e-05 
5550.00 1.50091e-05 9.75114e-01 1.44902e-18 5.92515e-05 
5559.97 1.48471e-05 9.75290e-01 1.48762e-18 6.02925e-05 
5563.28 1.47609e-05 9.75349e-01 1.50043e-18 6.04985e-05 
5570.00 1.45692e-05 9.75468e-01 1.52648e-18 6.08302e-05 
5578.53 1.43527e-05 9.75619e-01 1.55953e-18 6.13270e-05 
5587.77 1.42495e-05 9.75780e-01 1.59533e-18 6.23974e-05 
5590.00 1.42575e-05 9.75818e-01 1.60395e-18 6.27970e-05 
5593.79 1.43048e-05 9.75883e-01 1.61859e-18 6.36276e-05 
5609.05 1.46562e-05 9.76140e-01 1.67745e-18 6.77636e-05 
5610.00 1.46721e-05 9.76156e-01 1.68110e-18 6.79973e-05 
5615.71 1.47286e-05 9.76250e-01 1.70302e-18 6.92261e-05 
5624.33 1.47328e-05 9.76392e-01 1.73599e-18 7.07049e-05 
5630.00 1.47250e-05 9.76484e-01 1.75759e-18 7.16257e-05 
5639.62 1.47390e-05 9.76642e-01 1.79404e-18 7.33176e-05 
5643.79 1.47339e-05 9.76710e-01 1.80979e-18 7.39956e-05 
5650.00 1.46817e-05 9.76812e-01 1.83311e-18 7.47734e-05 
5654.91 1.45903e-05 9.76893e-01 1.85147e-18 7.51235e-05 
5670.00 1.43417e-05 9.77138e-01 1.90733e-18 7.62938e-05 
5670.22 1.43418e-05 9.77141e-01 1.90813e-18 7.63291e-05 
5672.01 1.43483e-05 9.77170e-01 1.91470e-18 7.66532e-05 
5685.53 1.45255e-05 9.77382e-01 1.96386e-18 7.97999e-05 
5690.00 1.45264e-05 9.77450e-01 1.97993e-18 8.05264e-05 
5700.37 1.43060e-05 9.77610e-01 2.01682e-18 8.09426e-05 
5700.86 1.42946e-05 9.77617e-01 2.01854e-18 8.09549e-05 
5710.00 1.42351e-05 9.77759e-01 2.05059e-18 8.20408e-05 
5716.19 1.44528e-05 9.77855e-01 2.07202e-18 8.42654e-05 
5728.87 1.50067e-05 9.78050e-01 2.11522e-18 8.95353e-05 
5730.00 1.50244e-05 9.78067e-01 2.11902e-18 8.98213e-05 
5731.53 1.50332e-05 9.78091e-01 2.12416e-18 9.01184e-05 
5746.88 1.46299e-05 9.78322e-01 2.17484e-18 9.00543e-05 
5750.00 1.45626e-05 9.78368e-01 2.18493e-18 9.01091e-05 
5757.52 1.45651e-05 9.78480e-01 2.20898e-18 9.12464e-05 
5762.25 1.46269e-05 9.78550e-01 2.22392e-18 9.23357e-05 
5770.00 1.46785e-05 9.78664e-01 2.24803e-18 9.38027e-05 
5777.62 1.45498e-05 9.78775e-01 2.27128e-18 9.40767e-05 
5786.30 1.43331e-05 9.78900e-01 2.29722e-18 9.38867e-05 
5790.00 1.42790e-05 9.78953e-01 2.30807e-18 9.40399e-05 
5793.00 1.42697e-05 9.78995e-01 2.31680e-18 9.43867e-05 
5808.39 1.45287e-05 9.79213e-01 2.36038e-18 9.81899e-05 
5810.00 1.45645e-05 9.79236e-01 2.36482e-18 9.86465e-05 
5815.23 1.46652e-05 9.79310e-01 2.37910e-18 1.00025e-04 
5823.79 1.47494e-05 9.79432e-01 2.40191e-18 1.01726e-04 
5830.00 1.47204e-05 9.79520e-01 2.41805e-18 1.02327e-04 
5839.20 1.45410e-05 9.79649e-01 2.44130e-18 1.02226e-04 
5844.31 1.44392e-05 9.79720e-01 2.45386e-18 1.02129e-04 
5850.00 1.43901e-05 9.79797e-01 2.46755e-18 1.02458e-04 
5854.62 1.44247e-05 9.79859e-01 2.47844e-18 1.03246e-04 
5870.00 1.43929e-05 9.80063e-01 2.51317e-18 1.04757e-04 
5870.05 1.43909e-05 9.80064e-01 2.51328e-18 1.04749e-04 
5873.53 1.42109e-05 9.80110e-01 2.52081e-18 1.03815e-04 
5885.49 1.34269e-05 9.80269e-01 2.54571e-18 9.92740e-05 
5890.00 1.33011e-05 9.80329e-01 2.55473e-18 9.87740e-05 
5900.94 1.37148e-05 9.80474e-01 2.57570e-18 1.02888e-04 
5902.90 1.38400e-05 9.80500e-01 2.57933e-18 1.04011e-04 
5910.00 1.42272e-05 9.80592e-01 2.59211e-18 1.07590e-04 
5916.39 1.43437e-05 9.80675e-01 2.60317e-18 1.09061e-04 
5930.00 1.41824e-05 9.80849e-01 2.62521e-18 1.09017e-04 
5931.86 1.41637e-05 9.80873e-01 2.62807e-18 1.09029e-04 
5932.41 1.41594e-05 9.80880e-01 2.62891e-18 1.09042e-04 
5947.34 1.41768e-05 9.81073e-01 2.65038e-18 1.10365e-04 
5950.00 1.41897e-05 9.81107e-01 2.65395e-18 1.10668e-04 
5962.08 1.42141e-05 9.81260e-01 2.66915e-18 1.11737e-04 
5962.83 1.42137e-05 9.81269e-01 2.67005e-18 1.11787e-04 
5970.00 1.41989e-05 9.81357e-01 2.67825e-18 1.12158e-04 
5978.32 1.41568e-05 9.81458e-01 2.68706e-18 1.12361e-04 
5990.00 1.40511e-05 9.81597e-01 2.69811e-18 1.12215e-04 
5991.89 1.40288e-05 9.81620e-01 2.69975e-18 1.12144e-04 
5993.83 1.40048e-05 9.81643e-01 2.70140e-18 1.12059e-04 
6009.34 1.38254e-05 9.81830e-01 2.71306e-18 1.11410e-04 
6010.00 1.38202e-05 9.81838e-01 2.71349e-18 1.11399e-04 
6021.85 1.37882e-05 9.81980e-01 2.72050e-18 1.11664e-04 
6024.87 1.37990e-05 9.82016e-01 2.72204e-18 1.11875e-04 
6030.00 1.38355e-05 9.82076e-01 2.72442e-18 1.12371e-04 
6040.41 1.39611e-05 9.82197e-01 2.72836e-18 1.13765e-04 
6050.00 1.40590e-05 9.82307e-01 2.73093e-18 1.14866e-04 
6051.96 1.40682e-05 9.82330e-01 2.73133e-18 1.14998e-04 
6055.95 1.40730e-05 9.82376e-01 2.73203e-18 1.15148e-04 
6070.00 1.39562e-05 9.82539e-01 2.73308e-18 1.14520e-04 
6071.50 1.39329e-05 9.82557e-01 2.73307e-18 1.14359e-04 
6082.21 1.37481e-05 9.82680e-01 2.73228e-18 1.13022e-04 
6087.07 1.36796e-05 9.82736e-01 2.73152e-18 1.12524e-04 
6090.00 1.36514e-05 9.82769e-01 2.73094e-18 1.12326e-04 
6102.64 1.36101e-05 9.82911e-01 2.72742e-18 1.12091e-04 
6110.00 1.35270e-05 9.82992e-01 2.72460e-18 1.11434e-04 
6112.63 1.34667e-05 9.83020e-01 2.72347e-18 1.10942e-04 
6118.23 1.33034e-05 9.83080e-01 2.72081e-18 1.09597e-04 
6130.00 1.30501e-05 9.83203e-01 2.71418e-18 1.07468e-04 
6133.82 1.30620e-05 9.83243e-01 2.71174e-18 1.07540e-04 
6143.19 1.31981e-05 9.83340e-01 2.70514e-18 1.08573e-04 
6149.42 1.32265e-05 9.83405e-01 2.70028e-18 1.08728e-04 
6150.00 1.32217e-05 9.83411e-01 2.69981e-18 1.08681e-04 
6165.04 1.28316e-05 9.83569e-01 2.68648e-18 1.05227e-04 
6170.00 1.27791e-05 9.83620e-01 2.68161e-18 1.04697e-04 
6173.91 1.28305e-05 9.83660e-01 2.67763e-18 1.05032e-04 
6180.66 1.30541e-05 9.83728e-01 2.67041e-18 1.06698e-04 
6190.00 1.33963e-05 9.83821e-01 2.65976e-18 1.09234e-04 
6196.29 1.34948e-05 9.83884e-01 2.65215e-18 1.09840e-04 
6204.77 1.34711e-05 9.83970e-01 2.64136e-18 1.09361e-04 
6210.00 1.34101e-05 9.84024e-01 2.63441e-18 1.08677e-04 
6211.93 1.33848e-05 9.84045e-01 2.63177e-18 1.08399e-04 
6227.59 1.31190e-05 9.84212e-01 2.60936e-18 1.05625e-04 
6230.00 1.30619e-05 9.84238e-01 2.60573e-18 1.05062e-04 
6235.80 1.29086e-05 9.84300e-01 2.59682e-18 1.03577e-04 
6243.25 1.27398e-05 9.84378e-01 2.58500e-18 1.01887e-04 
6250.00 1.26953e-05 9.84448e-01 2.57392e-18 1.01212e-04 
6258.92 1.28633e-05 9.84539e-01 2.55876e-18 1.02103e-04 
6266.98 1.31026e-05 9.84620e-01 2.54459e-18 1.03568e-04 
6270.00 1.31781e-05 9.84650e-01 2.53915e-18 1.03996e-04 
6274.60 1.32550e-05 9.84695e-01 2.53076e-18 1.04338e-04 
6290.00 1.32073e-05 9.84843e-01 2.50163e-18 1.03033e-04 
6290.29 1.32025e-05 9.84845e-01 2.50106e-18 1.02978e-04 
6298.31 1.30400e-05 9.84920e-01 2.48528e-18 1.01205e-04 
6305.99 1.28827e-05 9.84990e-01 2.46978e-18 9.94888e-05 
6310.00 1.28268e-05 9.85027e-01 2.46156e-18 9.87939e-05 
6321.71 1.28114e-05 9.85134e-01 2.43700e-18 9.78823e-05 
6329.80 1.28585e-05 9.85210e-01 2.41956e-18 9.76717e-05 
6330.00 1.28596e-05 9.85212e-01 2.41913e-18 9.76656e-05 
6337.43 1.28863e-05 9.85284e-01 2.40282e-18 9.73300e-05 
6350.00 1.28730e-05 9.85405e-01 2.37455e-18 9.62880e-05 
6353.16 1.28584e-05 9.85435e-01 2.36733e-18 9.59370e-05 
6361.45 1.28166e-05 9.85510e-01 2.34813e-18 9.49808e-05 
6368.90 1.28052e-05 9.85572e-01 2.33063e-18 9.43050e-05 
6370.00 1.28077e-05 9.85581e-01 2.32802e-18 9.42353e-05 
6384.65 1.28850e-05 9.85698e-01 2.29282e-18 9.35958e-05 
6390.00 1.28679e-05 9.85742e-01 2.27974e-18 9.30205e-05 
6393.26 1.28290e-05 9.85770e-01 2.27171e-18 9.24630e-05 
6400.41 1.26995e-05 9.85835e-01 2.25398e-18 9.09226e-05 
6410.00 1.25627e-05 9.85926e-01 2.22991e-18 8.91239e-05 
6416.18 1.25703e-05 9.85985e-01 2.21423e-18 8.86420e-05 
6425.23 1.26486e-05 9.86070e-01 2.19105e-18 8.83920e-05 
6430.00 1.26707e-05 9.86113e-01 2.17872e-18 8.81174e-05 
6431.96 1.26683e-05 9.86130e-01 2.17364e-18 8.79239e-05 
6447.75 1.25188e-05 9.86261e-01 2.13232e-18 8.54550e-05 
6450.00 1.25011e-05 9.86280e-01 2.12638e-18 8.51278e-05 
6457.35 1.24794e-05 9.86340e-01 2.10688e-18 8.43021e-05 
6463.55 1.24765e-05 9.86391e-01 2.09035e-18 8.37057e-05 
6470.00 1.24517e-05 9.86446e-01 2.07305e-18 8.29354e-05 
6479.36 1.23471e-05 9.86524e-01 2.04781e-18 8.13614e-05 
6489.64 1.22747e-05 9.86610e-01 2.01992e-18 7.99158e-05 
6490.00 1.22753e-05 9.86613e-01 2.01893e-18 7.98860e-05 
6495.18 1.23140e-05 9.86655e-01 2.00481e-18 7.96437e-05 
6510.00 1.25187e-05 9.86774e-01 1.96419e-18 7.95180e-05 
6511.01 1.25263e-05 9.86782e-01 1.96142e-18 7.94667e-05 
6522.09 1.25276e-05 9.86870e-01 1.93088e-18 7.83775e-05 
6526.85 1.25073e-05 9.86908e-01 1.91772e-18 7.77768e-05 
6530.00 1.24964e-05 9.86933e-01 1.90900e-18 7.73953e-05 
6542.70 1.23953e-05 9.87035e-01 1.87379e-18 7.55079e-05 
6550.00 1.21052e-05 9.87093e-01 1.85351e-18 7.30284e-05 
6554.70 1.17702e-05 9.87130e-01 1.84045e-18 7.05599e-05 
6558.56 1.14594e-05 9.87160e-01 1.82971e-18 6.83386e-05 
6570.00 1.09117e-05 9.87248e-01 1.79789e-18 6.40573e-05 
6574.43 1.10421e-05 9.87281e-01 1.78556e-18 6.44244e-05 
6587.47 1.20318e-05 9.87380e-01 1.74929e-18 6.89160e-05 
6590.00 1.21937e-05 9.87399e-01 1.74226e-18 6.95909e-05 
6590.31 1.22105e-05 9.87402e-01 1.74140e-18 6.96557e-05 
6606.20 1.23862e-05 9.87523e-01 1.69731e-18 6.90431e-05 
6610.00 1.23370e-05 9.87552e-01 1.68678e-18 6.83840e-05 
6620.41 1.22554e-05 9.87630e-01 1.65800e-18 6.68829e-05 
6622.10 1.22491e-05 9.87643e-01 1.65334e-18 6.66781e-05 
6630.00 1.22358e-05 9.87700e-01 1.63157e-18 6.58113e-05 
6638.01 1.22341e-05 9.87758e-01 1.60956e-18 6.49965e-05 
6650.00 1.21916e-05 9.87845e-01 1.57674e-18 6.35704e-05 
6653.51 1.21591e-05 9.87870e-01 1.56717e-18 6.30507e-05 
6653.93 1.21547e-05 9.87873e-01 1.56603e-18 6.29863e-05 
6669.86 1.20369e-05 9.87989e-01 1.52280e-18 6.08064e-05 
6670.00 1.20372e-05 9.87990e-01 1.52242e-18 6.07941e-05 
6685.80 1.21696e-05 9.88103e-01 1.47992e-18 5.98956e-05 
6686.78 1.21740e-05 9.88110e-01 1.47730e-18 5.98204e-05 
6690.00 1.21753e-05 9.88133e-01 1.46870e-18 5.95080e-05 
6701.75 1.20298e-05 9.88214e-01 1.43745e-18 5.76520e-05 
6710.00 1.19333e-05 9.88270e-01 1.41567e-18 5.63955e-05 
6717.71 1.19512e-05 9.88323e-01 1.39543e-18 5.57396e-05 
6720.21 1.19715e-05 9.88340e-01 1.38889e-18 5.55940e-05 
6730.00 1.20363e-05 9.88407e-01 1.36343e-18 5.49541e-05 
6733.68 1.20305e-05 9.88432e-01 1.35390e-18 5.45751e-05 
6749.66 1.18958e-05 9.88542e-01 1.31291e-18 5.24600e-05 
6750.00 1.18935e-05 9.88544e-01 1.31205e-18 5.24183e-05 
6753.81 1.18748e-05 9.88570e-01 1.30235e-18 5.19796e-05 
6765.65 1.18670e-05 9.88651e-01 1.27248e-18 5.08473e-05 
6770.00 1.18686e-05 9.88681e-01 1.26159e-18 5.04529e-05 
6781.65 1.18467e-05 9.88760e-01 1.23265e-18 4.92931e-05 
6787.58 1.18201e-05 9.88800e-01 1.21806e-18 4.86450e-05 
6790.00 1.18064e-05 9.88816e-01 1.21214e-18 4.83702e-05 
6797.66 1.17569e-05 9.88867e-01 1.19346e-18 4.74811e-05 
6810.00 1.17169e-05 9.88947e-01 1.16373e-18 4.62282e-05 
6813.69 1.17279e-05 9.88971e-01 1.15492e-18 4.59477e-05 
6821.52 1.17652e-05 9.89020e-01 1.13634e-18 4.54064e-05 
6829.72 1.17629e-05 9.89071e-01 1.11708e-18 4.46838e-05 
6830.00 1.17611e-05 9.89072e-01 1.11642e-18 4.46526e-05 
6845.76 1.15533e-05 9.89168e-01 1.07994e-18 4.25324e-05 
6850.00 1.15135e-05 9.89195e-01 1.07024e-18 4.20323e-05 
6855.63 1.15055e-05 9.89230e-01 1.05746e-18 4.15370e-05 
6861.81 1.15370e-05 9.89270e-01 1.04352e-18 4.11407e-05 
6870.00 1.15921e-05 9.89323e-01 1.02524e-18 4.06637e-05 
6877.87 1.16110e-05 9.89374e-01 1.00785e-18 4.00872e-05 
6889.91 1.15820e-05 9.89450e-01 9.81640e-19 3.90182e-05 
6890.00 1.15817e-05 9.89451e-01 9.81437e-19 3.90094e-05 
6893.94 1.15643e-05 9.89475e-01 9.72943e-19 3.86370e-05 
6910.00 1.14913e-05 9.89568e-01 9.38859e-19 3.71379e-05 
6910.03 1.14912e-05 9.89569e-01 9.38803e-19 3.71355e-05 
6924.36 1.14510e-05 9.89650e-01 9.09060e-19 3.59105e-05 
6926.12 1.14467e-05 9.89660e-01 9.05445e-19 3.57637e-05 
6930.00 1.14366e-05 9.89682e-01 8.97520e-19 3.54401e-05 
6942.22 1.13985e-05 9.89753e-01 8.72876e-19 3.44151e-05 
6950.00 1.13756e-05 9.89798e-01 8.57434e-19 3.37778e-05 
6958.33 1.13590e-05 9.89846e-01 8.41101e-19 3.31271e-05 
6958.98 1.13581e-05 9.89850e-01 8.39850e-19 3.30785e-05 
6970.00 1.13555e-05 9.89914e-01 8.18608e-19 3.22876e-05 
6974.46 1.13604e-05 9.89940e-01 8.10126e-19 3.19882e-05 
6990.00 1.12985e-05 9.90029e-01 7.81043e-19 3.07429e-05 
6990.59 1.12908e-05 9.90032e-01 7.79952e-19 3.06817e-05 
6993.77 1.12416e-05 9.90050e-01 7.74099e-19 3.03331e-05 
7006.73 1.10192e-05 9.90122e-01 7.50580e-19 2.88851e-05 
7010.00 1.09908e-05 9.90139e-01 7.44738e-19 2.86003e-05 
7022.89 1.10559e-05 9.90209e-01 7.22009e-19 2.79448e-05 
7028.74 1.11172e-05 9.90240e-01 7.11858e-19 2.77288e-05 
7030.00 1.11281e-05 9.90247e-01 7.09689e-19 2.76766e-05 
7039.05 1.11663e-05 9.90295e-01 6.94235e-19 2.72031e-05 
7050.00 1.11441e-05 9.90354e-01 6.75886e-19 2.64741e-05 
7055.23 1.11192e-05 9.90382e-01 6.67255e-19 2.60978e-05 
7063.88 1.10700e-05 9.90430e-01 6.53144e-19 2.54653e-05 
7070.00 1.10354e-05 9.90465e-01 6.43317e-19 2.50261e-05 
7071.41 1.10280e-05 9.90473e-01 6.41064e-19 2.49270e-05 
7087.61 1.09746e-05 9.90565e-01 6.15655e-19 2.38799e-05 
7090.00 1.09735e-05 9.90579e-01 6.11967e-19 2.37427e-05 
7099.20 1.09820e-05 9.90630e-01 5.97944e-19 2.32480e-05 
7103.81 1.09841e-05 9.90655e-01 5.91020e-19 2.29988e-05 
7110.00 1.09718e-05 9.90687e-01 5.81819e-19 2.26358e-05 
7120.03 1.09009e-05 9.90739e-01 5.67150e-19 2.19545e-05 
7130.00 1.08093e-05 9.90787e-01 5.52853e-19 2.12521e-05 
7134.70 1.07744e-05 9.90810e-01 5.46215e-19 2.09434e-05 
7136.25 1.07648e-05 9.90817e-01 5.44035e-19 2.08459e-05 
7150.00 1.07264e-05 9.90881e-01 5.25048e-19 2.00865e-05 
7152.49 1.07291e-05 9.90893e-01 5.21666e-19 1.99692e-05 
7168.74 1.07100e-05 9.90963e-01 5.00030e-19 1.91518e-05 
7170.00 1.06981e-05 9.90968e-01 4.98379e-19 1.90707e-05 
7170.37 1.06940e-05 9.90970e-01 4.97891e-19 1.90459e-05 
7184.99 1.04705e-05 9.91029e-01 4.79116e-19 1.79822e-05 
7190.00 1.04288e-05 9.91048e-01 4.72822e-19 1.76880e-05 
7201.26 1.04959e-05 9.91091e-01 4.58910e-19 1.73059e-05 
7206.23 1.05522e-05 9.91110e-01 4.52885e-19 1.71824e-05 
7210.00 1.05858e-05 9.91124e-01 4.48349e-19 1.70737e-05 
7217.54 1.06066e-05 9.91152e-01 4.39400e-19 1.67838e-05 
7230.00 1.05772e-05 9.91196e-01 4.24934e-19 1.62149e-05 
7233.83 1.05728e-05 9.91207e-01 4.20571e-19 1.60504e-05 
7242.26 1.05793e-05 9.91230e-01 4.11094e-19 1.57170e-05 
7250.00 1.05954e-05 9.91247e-01 4.02548e-19 1.54304e-05 
7250.13 1.05957e-05 9.91247e-01 4.02410e-19 1.54258e-05 
7266.44 1.05796e-05 9.91284e-01 3.84901e-19 1.47660e-05 
7270.00 1.05460e-05 9.91295e-01 3.81161e-19 1.45833e-05 
7278.47 1.04148e-05 9.91330e-01 3.72400e-19 1.40878e-05 
7282.76 1.03454e-05 9.91353e-01 3.68030e-19 1.38381e-05 
7290.00 1.02736e-05 9.91400e-01 3.60744e-19 1.34842e-05 
7299.09 1.03112e-05 9.91468e-01 3.51782e-19 1.32146e-05 
7310.00 1.04047e-05 9.91553e-01 3.41267e-19 1.29563e-05 
7314.86 1.04106e-05 9.91590e-01 3.36672e-19 1.27981e-05 
7315.43 1.04096e-05 9.91594e-01 3.36142e-19 1.27777e-05 
7330.00 1.03420e-05 9.91691e-01 3.22699e-19 1.22126e-05 
7331.78 1.03367e-05 9.91702e-01 3.21093e-19 1.21486e-05 
7348.14 1.03515e-05 9.91793e-01 3.06620e-19 1.16447e-05 
7350.00 1.03566e-05 9.91803e-01 3.05010e-19 1.15922e-05 
7351.43 1.03604e-05 9.91810e-01 3.03773e-19 1.15518e-05 
7364.51 1.03687e-05 9.91876e-01 2.92709e-19 1.11606e-05 
7370.00 1.03422e-05 9.91903e-01 2.88168e-19 1.09678e-05 
7380.89 1.02211e-05 9.91955e-01 2.79342e-19 1.05235e-05 
7388.19 1.01202e-05 9.91990e-01 2.73560e-19 1.02144e-05 
7390.00 1.00966e-05 9.91999e-01 2.72144e-19 1.01403e-05 
7397.28 1.00162e-05 9.92033e-01 2.66505e-19 9.86115e-06 
7410.00 9.95763e-06 9.92091e-01 2.56907e-19 9.46729e-06 
7413.69 9.96536e-06 9.92108e-01 2.54181e-19 9.37893e-06 
7425.13 1.00250e-05 9.92160e-01 2.45884e-19 9.14164e-06 
7430.00 1.00452e-05 9.92182e-01 2.42428e-19 9.03741e-06 
7430.10 1.00455e-05 9.92182e-01 2.42356e-19 9.03511e-06 
7446.53 1.00419e-05 9.92254e-01 2.31014e-19 8.62886e-06 
7450.00 1.00436e-05 9.92269e-01 2.28677e-19 8.54711e-06 
7462.26 1.00806e-05 9.92320e-01 2.20595e-19 8.28951e-06 
7462.96 1.00826e-05 9.92323e-01 2.20140e-19 8.27480e-06 
7470.00 1.00880e-05 9.92352e-01 2.15624e-19 8.11728e-06 
7479.41 1.00437e-05 9.92389e-01 2.09718e-19 7.87052e-06 
7490.00 9.98004e-06 9.92432e-01 2.03241e-19 7.59013e-06 
7495.86 9.96593e-06 9.92455e-01 1.99734e-19 7.45462e-06 
7499.57 9.96434e-06 9.92470e-01 1.97545e-19 7.37549e-06 
7510.00 9.96854e-06 9.92512e-01 1.91500e-19 7.16308e-06 
7512.33 9.96776e-06 9.92522e-01 1.90173e-19 7.11517e-06 
7528.81 9.95200e-06 9.92588e-01 1.81022e-19 6.77734e-06 
7530.00 9.95196e-06 9.92592e-01 1.80374e-19 6.75418e-06 
7537.07 9.95684e-06 9.92620e-01 1.76585e-19 6.62191e-06 
7545.29 9.95906e-06 9.92651e-01 1.72264e-19 6.46859e-06 
7550.00 9.94996e-06 9.92669e-01 1.69836e-19 6.37569e-06 
7561.79 9.88654e-06 9.92713e-01 1.63888e-19 6.12298e-06 
7570.00 9.84193e-06 9.92743e-01 1.59860e-19 5.95219e-06 
7574.75 9.82820e-06 9.92760e-01 1.57569e-19 5.86249e-06 
7578.30 9.82269e-06 9.92773e-01 1.55879e-19 5.79912e-06 
7590.00 9.80679e-06 9.92816e-01 1.50421e-19 5.59589e-06 
7594.82 9.79104e-06 9.92834e-01 1.48223e-19 5.50886e-06 
7610.00 9.73681e-06 9.92890e-01 1.41494e-19 5.24038e-06 
7611.35 9.73491e-06 9.92895e-01 1.40908e-19 5.21863e-06 
7612.63 9.73381e-06 9.92900e-01 1.40358e-19 5.19856e-06 
7627.89 9.75324e-06 9.92956e-01 1.33921e-19 4.98031e-06 
7630.00 9.75756e-06 9.92964e-01 1.33054e-19 4.95167e-06 
7644.44 9.74775e-06 9.93017e-01 1.27250e-19 4.74011e-06 
7650.00 9.70192e-06 9.93037e-01 1.25080e-19 4.64084e-06 
7650.69 9.69374e-06 9.93040e-01 1.24813e-19 4.62745e-06 
7661.01 9.53897e-06 9.93078e-01 1.20882e-19 4.41628e-06 
7670.00 9.45569e-06 9.93111e-01 1.17549e-19 4.26215e-06 
7677.58 9.49391e-06 9.93139e-01 1.14806e-19 4.18377e-06 
7688.94 9.59903e-06 9.93180e-01 1.10804e-19 4.08886e-06 
7690.00 9.60280e-06 9.93184e-01 1.10439e-19 4.07755e-06 
7694.16 9.59970e-06 9.93198e-01 1.09010e-19 4.02574e-06 
7710.00 9.48653e-06 9.93253e-01 1.03730e-19 3.79356e-06 
7710.76 9.48351e-06 9.93255e-01 1.03483e-19 3.78373e-06 
7727.36 9.48567e-06 9.93310e-01 9.82146e-20 3.59984e-06 
7727.39 9.48564e-06 9.93310e-01 9.82063e-20 3.59954e-06 
7730.00 9.47984e-06 9.93318e-01 9.74008e-20 3.56907e-06 
7743.98 9.38293e-06 9.93362e-01 9.31935e-20 3.38625e-06 
7750.00 9.35689e-06 9.93381e-01 9.14334e-20 3.31571e-06 
7760.60 9.39416e-06 9.93413e-01 8.84099e-20 3.22335e-06 
7766.03 9.42927e-06 9.93430e-01 8.69004e-20 3.18243e-06 
7770.00 9.44957e-06 9.93442e-01 8.58090e-20 3.15088e-06 
7777.24 9.46119e-06 9.93465e-01 8.38538e-20 3.08582e-06 
7790.00 9.43384e-06 9.93504e-01 8.05099e-20 2.95916e-06 
7793.89 9.42300e-06 9.93516e-01 7.95159e-20 2.92076e-06 
7804.86 9.38907e-06 9.93550e-01 7.67743e-20 2.81395e-06 
7810.00 9.36717e-06 9.93566e-01 7.55190e-20 2.76335e-06 
7810.55 9.36448e-06 9.93567e-01 7.53866e-20 2.75791e-06 
7827.22 9.27082e-06 9.93618e-01 7.14573e-20 2.59367e-06 
7830.00 9.25820e-06 9.93626e-01 7.08203e-20 2.56798e-06 
7843.88 9.23119e-06 9.93670e-01 6.77229e-20 2.45295e-06 
7843.90 9.23119e-06 9.93670e-01 6.77191e-20 2.45282e-06 
7850.00 9.23717e-06 9.93690e-01 6.63981e-20 2.40845e-06 
7860.59 9.26407e-06 9.93726e-01 6.41638e-20 2.33742e-06 
7870.00 9.27837e-06 9.93757e-01 6.22375e-20 2.27354e-06 
7877.29 9.26694e-06 9.93781e-01 6.07834e-20 2.21979e-06 
7883.10 9.24588e-06 9.93800e-01 5.96476e-20 2.17501e-06 
7890.00 9.21323e-06 9.93821e-01 5.83245e-20 2.12115e-06 
7894.00 9.19266e-06 9.93833e-01 5.75700e-20 2.09012e-06 
7910.00 9.08609e-06 9.93878e-01 5.46455e-20 1.96501e-06 
7910.73 9.07974e-06 9.93880e-01 5.45163e-20 1.95917e-06 
7922.51 8.96793e-06 9.93910e-01 5.24567e-20 1.86478e-06 
7927.46 8.92749e-06 9.93922e-01 5.16150e-20 1.82774e-06 
7930.00 8.91106e-06 9.93928e-01 5.11876e-20 1.80986e-06 
7944.20 8.88732e-06 9.93963e-01 4.88592e-20 1.72608e-06 
7950.00 8.90752e-06 9.93978e-01 4.79385e-20 1.69867e-06 
7960.96 8.97612e-06 9.94007e-01 4.62422e-20 1.65350e-06 
7962.13 8.98390e-06 9.94010e-01 4.60651e-20 1.64885e-06 
7970.00 9.02724e-06 9.94033e-01 4.48865e-20 1.61604e-06 
7977.73 9.04210e-06 9.94057e-01 4.37577e-20 1.57957e-06 
7990.00 9.00749e-06 9.94098e-01 4.20205e-20 1.51344e-06 
7994.50 8.97943e-06 9.94114e-01 4.13995e-20 1.48729e-06 
8001.94 8.92739e-06 9.94140e-01 4.03941e-20 1.44414e-06 
8010.00 8.88395e-06 9.94169e-01 3.93299e-20 1.40070e-06 
8011.29 8.87992e-06 9.94173e-01 3.91617e-20 1.39431e-06 
8028.09 8.86064e-06 9.94230e-01 3.70387e-20 1.31869e-06 
8030.00 8.85516e-06 9.94236e-01 3.68048e-20 1.30987e-06 
8041.95 8.79380e-06 9.94270e-01 3.53713e-20 1.25204e-06 
8044.90 8.78074e-06 9.94277e-01 3.50250e-20 1.23840e-06 
8050.00 8.77078e-06 9.94289e-01 3.44355e-20 1.21696e-06 
8061.72 8.80755e-06 9.94314e-01 3.31154e-20 1.17696e-06 
8070.00 8.81343e-06 9.94333e-01 3.22131e-20 1.14685e-06 
8078.56 8.74957e-06 9.94358e-01 3.13050e-20 1.10764e-06 
8082.16 8.71322e-06 9.94370e-01 3.09302e-20 1.09034e-06 
8090.00 8.65252e-06 9.94401e-01 3.01289e-20 1.05575e-06 
8095.40 8.64545e-06 9.94424e-01 2.95889e-20 1.03669e-06 
8110.00 8.70635e-06 9.94482e-01 2.81749e-20 9.95955e-07 
8112.25 8.71503e-06 9.94489e-01 2.79625e-20 9.89715e-07 
8122.57 8.73118e-06 9.94510e-01 2.70101e-20 9.59015e-07 
8129.12 8.72230e-06 9.94511e-01 2.64216e-20 9.37921e-07 
8130.00 8.72002e-06 9.94511e-01 2.63434e-20 9.35000e-07 
8145.99 8.66346e-06 9.94494e-01 2.49619e-20 8.81938e-07 
8150.00 8.65640e-06 9.94490e-01 2.46270e-20 8.69823e-07 
8162.88 8.65514e-06 9.94499e-01 2.35794e-20 8.34021e-07 
8163.18 8.65454e-06 9.94500e-01 2.35555e-20 8.33152e-07 
8170.00 8.61908e-06 9.94524e-01 2.30190e-20 8.11536e-07 
8179.78 8.48957e-06 9.94576e-01 2.22702e-20 7.74306e-07 
8190.00 8.36293e-06 9.94642e-01 2.15128e-20 7.37785e-07 
8196.69 8.34400e-06 9.94687e-01 2.10308e-20 7.20241e-07 
8204.00 8.36263e-06 9.94730e-01 2.05160e-20 7.04838e-07 
8210.00 8.37962e-06 9.94759e-01 2.01023e-20 6.92556e-07 
8213.61 8.38119e-06 9.94774e-01 1.98576e-20 6.84564e-07 
8230.00 8.35206e-06 9.94820e-01 1.87817e-20 6.46541e-07 
8230.54 8.35183e-06 9.94821e-01 1.87473e-20 6.45382e-07 
8245.02 8.38114e-06 9.94840e-01 1.78459e-20 6.17603e-07 
8247.48 8.38998e-06 9.94842e-01 1.76967e-20 6.13271e-07 
8250.00 8.39916e-06 9.94844e-01 1.75455e-20 6.08882e-07 
8264.43 8.44056e-06 9.94853e-01 1.67028e-20 5.83521e-07 
8270.00 8.44533e-06 9.94858e-01 1.63885e-20 5.73252e-07 
8281.40 8.42555e-06 9.94871e-01 1.57627e-20 5.50837e-07 
8286.24 8.40571e-06 9.94880e-01 1.55039e-20 5.40837e-07 
8290.00 8.38600e-06 9.94888e-01 1.53059e-20 5.32925e-07 
8298.37 8.32958e-06 9.94912e-01 1.48737e-20 5.14923e-07 
8310.00 8.22589e-06 9.94962e-01 1.42931e-20 4.89373e-07 
8315.36 8.16954e-06 9.94992e-01 1.40330e-20 4.77498e-07 
