##### EXOPHOT SPECTRAL OVERLAP FILE #####
# Date: 01/12/2021 13:15:00
# SED file: SED_g2v.txt
# atmosphere file: atm_g2v_hzo_os2.txt
# photopigment file: phot3.txt
# Stellar radius (Rs in km): 6.963400e+05
# Exoplanet orbit semi-major axis (sma in km): 1.672066e+08
# Total absorption rate (gamma_t in s-1): 2.66002e+00
# B band absorption rate (gamma_B in s-1): 1.14816e+00
# Q band absorption rate (gamma_Q in s-1): 1.51186e+00
# B-Q bands cut-off (in nm): 500
# photosynthetic photon flux density [ppfd in micromol photon m-2 s-1]: 1.53467e+03
# Total Stellar Irradiance (S in W m-2): 1.07502e+03
# -------------------------------------------------
# Col 1: Wavelength (wl in Angstrom) 
# Col 2: Spectral Flux Density (F_l in J cm-2 s-1 A-1) 
# Col 3: Atmosphere transmitance (T, no units) 
# Col 4: Pigment absorption cross section (sigma_abs in cm-2) 
# Col 5: Spectral Absorption Rate (Gamma_lambda in A-1 s-1)
2503.42 7.61660e-07 3.86031e-02 2.38831e-20 8.84974e-10 
2505.00 6.52054e-07 3.87624e-02 2.59291e-20 8.26441e-10 
2513.00 2.95063e-07 3.96063e-02 3.84416e-20 5.68322e-10 
2515.76 2.36463e-07 3.99100e-02 4.38495e-20 5.24084e-10 
2516.83 2.21052e-07 4.00297e-02 4.61395e-20 5.17282e-10 
2518.00 2.08576e-07 4.01609e-02 4.87594e-20 5.17732e-10 
2525.00 2.11060e-07 4.09617e-02 6.75815e-20 7.42669e-10 
2528.34 2.44346e-07 4.13500e-02 7.87124e-20 1.01224e-09 
2530.25 2.64885e-07 4.15744e-02 8.58266e-20 1.20390e-09 
2535.00 2.93065e-07 4.21309e-02 1.05932e-19 1.66914e-09 
2540.98 2.85872e-07 4.28300e-02 1.37217e-19 2.14908e-09 
2543.69 3.30362e-07 4.31444e-02 1.53917e-19 2.80924e-09 
2545.00 3.76098e-07 4.32973e-02 1.62651e-19 3.39336e-09 
2553.68 8.74510e-07 4.43400e-02 2.32275e-19 1.15785e-08 
2555.00 9.10043e-07 4.45070e-02 2.44867e-19 1.27566e-08 
2557.12 9.12385e-07 4.47831e-02 2.66448e-19 1.40146e-08 
2565.00 7.69975e-07 4.58763e-02 3.61637e-19 1.64948e-08 
2566.45 7.98445e-07 4.60900e-02 3.82107e-19 1.81674e-08 
2570.57 9.81085e-07 4.67160e-02 4.45789e-19 2.64396e-08 
2575.00 1.16720e-06 4.74128e-02 5.24261e-19 3.76088e-08 
2579.28 1.17062e-06 4.81000e-02 6.11243e-19 4.46885e-08 
2584.03 1.05954e-06 4.88661e-02 7.21709e-19 4.86080e-08 
2585.00 1.03724e-06 4.90241e-02 7.46382e-19 4.93893e-08 
2592.18 9.44239e-07 5.02000e-02 9.51418e-19 5.88498e-08 
2595.00 9.09391e-07 5.06684e-02 1.04403e-18 6.28436e-08 
2597.49 8.64314e-07 5.10848e-02 1.13194e-18 6.53529e-08 
2605.00 7.07825e-07 5.23559e-02 1.43561e-18 6.97685e-08 
2605.14 7.05535e-07 5.23800e-02 1.44191e-18 6.98837e-08 
2610.96 6.48438e-07 5.33762e-02 1.72194e-18 7.83353e-08 
2615.00 6.40879e-07 5.40759e-02 1.94154e-18 8.85770e-08 
2618.17 6.54289e-07 5.46300e-02 2.12909e-18 1.00303e-07 
2624.44 8.96189e-07 5.57428e-02 2.54350e-18 1.67873e-07 
2625.00 9.41729e-07 5.58436e-02 2.58368e-18 1.79553e-07 
2631.26 1.65697e-06 5.69700e-02 3.06491e-18 3.83234e-07 
2635.00 2.05258e-06 5.76473e-02 3.38471e-18 5.31257e-07 
2637.92 2.23939e-06 5.81786e-02 3.65207e-18 6.31855e-07 
2644.41 2.71610e-06 5.93700e-02 4.30411e-18 9.23951e-07 
2645.00 2.79497e-06 5.94785e-02 4.36706e-18 9.66663e-07 
2651.42 3.89044e-06 6.06780e-02 5.10266e-18 1.60779e-06 
2655.00 4.09183e-06 6.13568e-02 5.55173e-18 1.86293e-06 
2657.64 3.78893e-06 6.18600e-02 5.90012e-18 1.85014e-06 
2664.92 2.31917e-06 6.32657e-02 6.94451e-18 1.36694e-06 
2665.00 2.30892e-06 6.32817e-02 6.95700e-18 1.36373e-06 
2670.92 2.27985e-06 6.44400e-02 7.89964e-18 1.56046e-06 
2675.00 2.73135e-06 6.52430e-02 8.59709e-18 2.06305e-06 
2678.43 3.13015e-06 6.59220e-02 9.21488e-18 2.56383e-06 
2684.28 3.37801e-06 6.70900e-02 1.03365e-17 3.16549e-06 
2685.00 3.34148e-06 6.72347e-02 1.04805e-17 3.18259e-06 
2691.94 2.46516e-06 6.86388e-02 1.19326e-17 2.73614e-06 
2695.00 2.23054e-06 6.92636e-02 1.26087e-17 2.64281e-06 
2697.70 2.31925e-06 6.98200e-02 1.32247e-17 2.90824e-06 
2705.00 2.91845e-06 7.13434e-02 1.49751e-17 4.24587e-06 
2705.47 2.92047e-06 7.14421e-02 1.50919e-17 4.28860e-06 
2711.19 2.44027e-06 7.26500e-02 1.65527e-17 4.00522e-06 
2715.00 1.90804e-06 7.34586e-02 1.75644e-17 3.36477e-06 
2719.00 1.48025e-06 7.43123e-02 1.86577e-17 2.80924e-06 
2724.74 1.30758e-06 7.55500e-02 2.02778e-17 2.74771e-06 
2725.00 1.31474e-06 7.56055e-02 2.03511e-17 2.77506e-06 
2732.54 1.77162e-06 7.72623e-02 2.25630e-17 4.24840e-06 
2735.00 1.79281e-06 7.78079e-02 2.33004e-17 4.47510e-06 
2738.37 1.55533e-06 7.85600e-02 2.43231e-17 4.09694e-06 
2745.00 9.18283e-07 8.00518e-02 2.63684e-17 2.67853e-06 
2746.09 8.87776e-07 8.02991e-02 2.67085e-17 2.63209e-06 
2752.06 1.14738e-06 8.16600e-02 2.85777e-17 3.70958e-06 
2755.00 1.38716e-06 8.23368e-02 2.95025e-17 4.67329e-06 
2759.65 1.70111e-06 8.34154e-02 3.09655e-17 6.10427e-06 
2765.00 1.95785e-06 8.46672e-02 3.26432e-17 7.53192e-06 
2765.82 1.98976e-06 8.48600e-02 3.28992e-17 7.73458e-06 
2773.21 2.06910e-06 8.66058e-02 3.51825e-17 8.80160e-06 
2775.00 1.99214e-06 8.70302e-02 3.57260e-17 8.65288e-06 
2779.65 1.58408e-06 8.81400e-02 3.71209e-17 7.25242e-06 
2785.00 1.00093e-06 8.94268e-02 3.86836e-17 4.85453e-06 
2786.79 8.41978e-07 8.98591e-02 3.91934e-17 4.16009e-06 
2793.55 4.58287e-07 9.15100e-02 4.10612e-17 2.42168e-06 
2795.00 4.11472e-07 9.18677e-02 4.14481e-17 2.20452e-06 
2800.37 3.47487e-07 9.31991e-02 4.28292e-17 1.95537e-06 
2805.00 5.19314e-07 9.43581e-02 4.39544e-17 3.04135e-06 
2807.52 7.33258e-07 9.49900e-02 4.45369e-17 4.38430e-06 
2813.95 1.54447e-06 9.66147e-02 4.59299e-17 9.70865e-06 
2815.00 1.69227e-06 9.68796e-02 4.61420e-17 1.07202e-05 
2821.55 2.52434e-06 9.85500e-02 4.73769e-17 1.67411e-05 
2825.00 2.77239e-06 9.94361e-02 4.79581e-17 1.88019e-05 
2827.55 2.81797e-06 1.00095e-01 4.83566e-17 1.94151e-05 
2835.00 2.41298e-06 1.02037e-01 4.93598e-17 1.73444e-05 
2835.66 2.35048e-06 1.02210e-01 4.94371e-17 1.69543e-05 
2841.16 1.74406e-06 1.03658e-01 5.00026e-17 1.29294e-05 
2845.00 1.27648e-06 1.04681e-01 5.03160e-17 9.62929e-06 
2849.84 7.57552e-07 1.05980e-01 5.06126e-17 5.82961e-06 
2854.77 5.93824e-07 1.07317e-01 5.08020e-17 4.65267e-06 
2855.00 6.00929e-07 1.07381e-01 5.08082e-17 4.71207e-06 
2864.09 1.79595e-06 1.09870e-01 5.08486e-17 1.44665e-05 
2865.00 1.97147e-06 1.10120e-01 5.08315e-17 1.59161e-05 
2868.39 2.61663e-06 1.11051e-01 5.07344e-17 2.12876e-05 
2875.00 3.40111e-06 1.12874e-01 5.03951e-17 2.80003e-05 
2878.41 3.34485e-06 1.13820e-01 5.01449e-17 2.76629e-05 
2882.02 3.12810e-06 1.14828e-01 4.98261e-17 2.59659e-05 
2885.00 3.03790e-06 1.15667e-01 4.95213e-17 2.52722e-05 
2892.80 3.71871e-06 1.17880e-01 4.85573e-17 3.09977e-05 
2895.00 4.02544e-06 1.18509e-01 4.82440e-17 3.35412e-05 
2895.65 4.11544e-06 1.18696e-01 4.81478e-17 3.42844e-05 
2907.27 5.34266e-06 1.22050e-01 4.61924e-17 4.40833e-05 
2909.30 5.44423e-06 1.22641e-01 4.58075e-17 4.47939e-05 
2910.00 5.46886e-06 1.22846e-01 4.56711e-17 4.49487e-05 
2921.80 5.23653e-06 1.26310e-01 4.31989e-17 4.20269e-05 
2922.95 5.17595e-06 1.26649e-01 4.29419e-17 4.14207e-05 
2930.00 4.80888e-06 1.28750e-01 4.13069e-17 3.77229e-05 
2936.41 4.60936e-06 1.30690e-01 3.97541e-17 3.54001e-05 
2936.61 4.60554e-06 1.30750e-01 3.97056e-17 3.53463e-05 
2950.00 4.57106e-06 1.34883e-01 3.63297e-17 3.32646e-05 
2950.28 4.57360e-06 1.34968e-01 3.62593e-17 3.32426e-05 
2951.09 4.58156e-06 1.35220e-01 3.60501e-17 3.31793e-05 
2963.95 4.74704e-06 1.39158e-01 3.27593e-17 3.22895e-05 
2965.85 4.76986e-06 1.39740e-01 3.22781e-17 3.21223e-05 
2970.00 4.80971e-06 1.41020e-01 3.12327e-17 3.16729e-05 
2977.64 4.83520e-06 1.43400e-01 2.93485e-17 3.05032e-05 
2980.68 4.83004e-06 1.44360e-01 2.86154e-17 2.99389e-05 
2990.00 4.77466e-06 1.47347e-01 2.64468e-17 2.80060e-05 
2991.33 4.76321e-06 1.47778e-01 2.61489e-17 2.77173e-05 
2995.58 4.72600e-06 1.49170e-01 2.52144e-17 2.68058e-05 
3005.03 4.69158e-06 1.52301e-01 2.32582e-17 2.51403e-05 
3010.00 4.73536e-06 1.53946e-01 2.23006e-17 2.46336e-05 
3010.56 4.74414e-06 1.54130e-01 2.21963e-17 2.45978e-05 
3018.74 4.94250e-06 1.56797e-01 2.07481e-17 2.44349e-05 
3025.61 5.14132e-06 1.59040e-01 1.96484e-17 2.44706e-05 
3030.00 5.24246e-06 1.60489e-01 1.90048e-17 2.43899e-05 
3032.45 5.28160e-06 1.61305e-01 1.86655e-17 2.42756e-05 
3040.74 5.35393e-06 1.64090e-01 1.76266e-17 2.37042e-05 
3046.18 5.39818e-06 1.65933e-01 1.70368e-17 2.34017e-05 
3050.00 5.45207e-06 1.67232e-01 1.66657e-17 2.33308e-05 
3055.94 5.58617e-06 1.69250e-01 1.61611e-17 2.35062e-05 
3059.91 5.68174e-06 1.70592e-01 1.58733e-17 2.36994e-05 
3070.00 5.76852e-06 1.74020e-01 1.53168e-17 2.37626e-05 
3071.22 5.75078e-06 1.74440e-01 1.52666e-17 2.36782e-05 
3073.65 5.69700e-06 1.75276e-01 1.51780e-17 2.34510e-05 
3086.58 5.34547e-06 1.79800e-01 1.49537e-17 2.23318e-05 
3087.40 5.33905e-06 1.80088e-01 1.49537e-17 2.23466e-05 
3090.00 5.34673e-06 1.81006e-01 1.49648e-17 2.25286e-05 
3101.15 5.79008e-06 1.84946e-01 1.52105e-17 2.54283e-05 
3102.01 5.83509e-06 1.85250e-01 1.52429e-17 2.57300e-05 
3110.00 6.15955e-06 1.88083e-01 1.56404e-17 2.83681e-05 
3114.92 6.19294e-06 1.89832e-01 1.59734e-17 2.94465e-05 
3117.52 6.16099e-06 1.90760e-01 1.61781e-17 2.98399e-05 
3128.69 5.81808e-06 1.94757e-01 1.72888e-17 3.08548e-05 
3130.00 5.77170e-06 1.95228e-01 1.74451e-17 3.09733e-05 
3133.11 5.66922e-06 1.96350e-01 1.78389e-17 3.13199e-05 
3142.47 5.47615e-06 1.99749e-01 1.92291e-17 3.32746e-05 
3148.77 5.50121e-06 2.02050e-01 2.03512e-17 3.58568e-05 
3150.00 5.52539e-06 2.02497e-01 2.05878e-17 3.65280e-05 
3156.26 5.73270e-06 2.04784e-01 2.18958e-17 4.08424e-05 
3164.52 6.01891e-06 2.07810e-01 2.38936e-17 4.76099e-05 
3170.00 6.05290e-06 2.09827e-01 2.54046e-17 5.14895e-05 
3170.06 6.05216e-06 2.09847e-01 2.54206e-17 5.15215e-05 
3180.34 5.63972e-06 2.13650e-01 2.86989e-17 5.53635e-05 
3183.86 5.47731e-06 2.14956e-01 2.99629e-17 5.65428e-05 
3190.00 5.34937e-06 2.17239e-01 3.23563e-17 6.03829e-05 
3196.24 5.52697e-06 2.19570e-01 3.50502e-17 6.84405e-05 
3197.67 5.59399e-06 2.20105e-01 3.57061e-17 7.07705e-05 
3210.00 5.93438e-06 2.24733e-01 4.20039e-17 9.05233e-05 
3211.49 5.88831e-06 2.25295e-01 4.28499e-17 9.19016e-05 
3212.22 5.85693e-06 2.25570e-01 4.32699e-17 9.24414e-05 
3225.32 4.96612e-06 2.30509e-01 5.16010e-17 9.59091e-05 
3228.29 4.86945e-06 2.31630e-01 5.37031e-17 9.84394e-05 
3230.00 4.86517e-06 2.32280e-01 5.49585e-17 1.00988e-04 
3239.16 5.49354e-06 2.35764e-01 6.21616e-17 1.31283e-04 
3244.43 6.14168e-06 2.37770e-01 6.66932e-17 1.59070e-04 
3250.00 6.84092e-06 2.39893e-01 7.18128e-17 1.92815e-04 
3253.01 7.16530e-06 2.41040e-01 7.47163e-17 2.11323e-04 
3260.65 7.77754e-06 2.43960e-01 8.25540e-17 2.57114e-04 
3266.86 8.06046e-06 2.46344e-01 8.94182e-17 2.91999e-04 
3270.00 8.13357e-06 2.47552e-01 9.30594e-17 3.08446e-04 
3276.95 8.14689e-06 2.50230e-01 1.01537e-16 3.41468e-04 
3280.72 8.08900e-06 2.51682e-01 1.06375e-16 3.57668e-04 
3290.00 7.84544e-06 2.55260e-01 1.19005e-16 3.94717e-04 
3293.34 7.74858e-06 2.56550e-01 1.23799e-16 4.08010e-04 
3294.59 7.71303e-06 2.57036e-01 1.25637e-16 4.13106e-04 
3308.47 7.41315e-06 2.62422e-01 1.47184e-16 4.76887e-04 
3309.80 7.39855e-06 2.62940e-01 1.49371e-16 4.84166e-04 
3310.00 7.39668e-06 2.63016e-01 1.49695e-16 4.85262e-04 
3322.36 7.40780e-06 2.67823e-01 1.70921e-16 5.67156e-04 
3326.35 7.45340e-06 2.69380e-01 1.78130e-16 5.98894e-04 
3330.00 7.50665e-06 2.70803e-01 1.84851e-16 6.29926e-04 
3336.25 7.59611e-06 2.73245e-01 1.96668e-16 6.85580e-04 
3342.98 7.57564e-06 2.75880e-01 2.09785e-16 7.37857e-04 
3350.00 7.26242e-06 2.78631e-01 2.23848e-16 7.63892e-04 
3350.15 7.25086e-06 2.78692e-01 2.24162e-16 7.63948e-04 
3359.70 6.27702e-06 2.82440e-01 2.43865e-16 7.31227e-04 
3364.07 5.83151e-06 2.84155e-01 2.53061e-16 7.10147e-04 
3370.00 5.46843e-06 2.86486e-01 2.65711e-16 7.06199e-04 
3376.50 5.55786e-06 2.89040e-01 2.79722e-16 7.63804e-04 
3377.98 5.63276e-06 2.89625e-01 2.82947e-16 7.84953e-04 
3390.00 6.39330e-06 2.94358e-01 3.09160e-16 9.92902e-04 
3391.91 6.46730e-06 2.95111e-01 3.13343e-16 1.02117e-03 
3393.38 6.50817e-06 2.95690e-01 3.16555e-16 1.04064e-03 
3405.85 6.53619e-06 3.00606e-01 3.43721e-16 1.15791e-03 
3410.00 6.52699e-06 3.02243e-01 3.52682e-16 1.19435e-03 
3410.35 6.52809e-06 3.02380e-01 3.53429e-16 1.19774e-03 
3419.79 6.66657e-06 3.06106e-01 3.73522e-16 1.31224e-03 
3427.40 6.85021e-06 3.09110e-01 3.89324e-16 1.42238e-03 
3430.00 6.90927e-06 3.10138e-01 3.94632e-16 1.46015e-03 
3433.74 6.98157e-06 3.11619e-01 4.02174e-16 1.51245e-03 
3444.54 7.12424e-06 3.15890e-01 4.23179e-16 1.65140e-03 
3447.70 7.15512e-06 3.17144e-01 4.29113e-16 1.69005e-03 
3450.00 7.17633e-06 3.18053e-01 4.33339e-16 1.71780e-03 
3461.67 7.30246e-06 3.22657e-01 4.53801e-16 1.86331e-03 
3461.76 7.30368e-06 3.22690e-01 4.53943e-16 1.86444e-03 
3470.00 7.46175e-06 3.25916e-01 4.67233e-16 1.98487e-03 
3475.65 7.62611e-06 3.28124e-01 4.75742e-16 2.08291e-03 
3479.07 7.74559e-06 3.29460e-01 4.80636e-16 2.14813e-03 
3489.64 8.18002e-06 3.33610e-01 4.94505e-16 2.37065e-03 
3490.00 8.19614e-06 3.33753e-01 4.94947e-16 2.37871e-03 
3496.46 8.47044e-06 3.36300e-01 5.02394e-16 2.51901e-03 
3503.63 8.65297e-06 3.39128e-01 5.09729e-16 2.63821e-03 
3510.00 8.58666e-06 3.41643e-01 5.15408e-16 2.67165e-03 
3513.95 8.40408e-06 3.43200e-01 5.18519e-16 2.64558e-03 
3517.63 8.18326e-06 3.44653e-01 5.21141e-16 2.60278e-03 
3530.00 7.86410e-06 3.49524e-01 5.27901e-16 2.57856e-03 
3531.51 7.94016e-06 3.50120e-01 5.28511e-16 2.61207e-03 
3531.64 7.94789e-06 3.50170e-01 5.28560e-16 2.61532e-03 
3545.66 9.15419e-06 3.55680e-01 5.31897e-16 3.09120e-03 
3549.17 9.22241e-06 3.57060e-01 5.32093e-16 3.13057e-03 
3550.00 9.20407e-06 3.57385e-01 5.32102e-16 3.12797e-03 
3559.69 8.13653e-06 3.61186e-01 5.31163e-16 2.79726e-03 
3566.92 6.99384e-06 3.64020e-01 5.29223e-16 2.41933e-03 
3570.00 6.61742e-06 3.65226e-01 5.28081e-16 2.29373e-03 
3573.72 6.34032e-06 3.66681e-01 5.26454e-16 2.20194e-03 
3584.75 6.40613e-06 3.70990e-01 5.20086e-16 2.23057e-03 
3587.76 6.56336e-06 3.72166e-01 5.17956e-16 2.28509e-03 
3590.00 6.69546e-06 3.73038e-01 5.16271e-16 2.33039e-03 
3601.82 7.40920e-06 3.77645e-01 5.05926e-16 2.56677e-03 
3602.68 7.45603e-06 3.77980e-01 5.05082e-16 2.58159e-03 
3610.00 7.78364e-06 3.80826e-01 4.97422e-16 2.67957e-03 
3615.88 7.92626e-06 3.83105e-01 4.90686e-16 2.71223e-03 
3620.69 7.96789e-06 3.84970e-01 4.84798e-16 2.71048e-03 
3629.94 7.90127e-06 3.88551e-01 4.72606e-16 2.65135e-03 
3630.00 7.90042e-06 3.88572e-01 4.72530e-16 2.65083e-03 
3638.79 7.94315e-06 3.91970e-01 4.59969e-16 2.62334e-03 
3640.00 8.01880e-06 3.92436e-01 4.58178e-16 2.64202e-03 
3644.02 8.43735e-06 3.93988e-01 4.52096e-16 2.75692e-03 
3650.00 9.18777e-06 3.96292e-01 4.42760e-16 2.96217e-03 
3656.99 9.64778e-06 3.98980e-01 4.31439e-16 3.05734e-03 
3658.11 9.67578e-06 3.99410e-01 4.29588e-16 3.05729e-03 
3670.00 9.48084e-06 4.03966e-01 4.09362e-16 2.89660e-03 
3672.20 9.38967e-06 4.04807e-01 4.05521e-16 2.84945e-03 
3675.27 9.25832e-06 4.05980e-01 4.00113e-16 2.78248e-03 
3686.30 8.96066e-06 4.10185e-01 3.80335e-16 2.59418e-03 
3690.00 9.00310e-06 4.11592e-01 3.73601e-16 2.57168e-03 
3693.65 9.14164e-06 4.12980e-01 3.66918e-16 2.57574e-03 
3700.41 9.47519e-06 4.15549e-01 3.54453e-16 2.59981e-03 
3710.00 9.43462e-06 4.19180e-01 3.36683e-16 2.48681e-03 
3712.12 9.24953e-06 4.19980e-01 3.32753e-16 2.41555e-03 
3714.53 8.96224e-06 4.20891e-01 3.28274e-16 2.31553e-03 
3728.66 6.94044e-06 4.26202e-01 3.02166e-16 1.67774e-03 
3730.00 6.82783e-06 4.26706e-01 2.99703e-16 1.63959e-03 
3730.68 6.78260e-06 4.26960e-01 2.98461e-16 1.62324e-03 
3742.79 7.02790e-06 4.31498e-01 2.76460e-16 1.57963e-03 
3749.33 7.64028e-06 4.33940e-01 2.64793e-16 1.65700e-03 
3750.00 7.70813e-06 4.34190e-01 2.63609e-16 1.66549e-03 
3756.94 8.39122e-06 4.36774e-01 2.51442e-16 1.74292e-03 
3768.08 9.22842e-06 4.40910e-01 2.32392e-16 1.79367e-03 
3770.00 9.31646e-06 4.41622e-01 2.29172e-16 1.78948e-03 
3771.09 9.35693e-06 4.42025e-01 2.27356e-16 1.78516e-03 
3785.25 9.55230e-06 4.47247e-01 2.04399e-16 1.66399e-03 
3786.92 9.57404e-06 4.47860e-01 2.01778e-16 1.64938e-03 
3790.00 9.63778e-06 4.48992e-01 1.96982e-16 1.62632e-03 
3799.42 9.91156e-06 4.52442e-01 1.82724e-16 1.56726e-03 
3805.85 9.76639e-06 4.54790e-01 1.73342e-16 1.47511e-03 
3810.00 9.33701e-06 4.56301e-01 1.67450e-16 1.36834e-03 
3813.60 8.69544e-06 4.57609e-01 1.62442e-16 1.24092e-03 
3824.88 6.22248e-06 4.61700e-01 1.47350e-16 8.15110e-04 
3827.78 5.79674e-06 4.62749e-01 1.43624e-16 7.42383e-04 
3830.00 5.61137e-06 4.63550e-01 1.40819e-16 7.06236e-04 
3841.98 6.53219e-06 4.67862e-01 1.26305e-16 7.46579e-04 
3844.01 6.83022e-06 4.68590e-01 1.23954e-16 7.67704e-04 
3850.00 7.55976e-06 4.70736e-01 1.17186e-16 8.08251e-04 
3856.18 7.78695e-06 4.72942e-01 1.10489e-16 7.89903e-04 
3863.23 7.60392e-06 4.75450e-01 1.03197e-16 7.25577e-04 
3870.00 7.37930e-06 4.77856e-01 9.65276e-17 6.63129e-04 
3870.39 7.37326e-06 4.77995e-01 9.61519e-17 6.60266e-04 
3882.54 7.79455e-06 4.82290e-01 8.50391e-17 6.24823e-04 
3884.61 7.98924e-06 4.83018e-01 8.32487e-17 6.28229e-04 
3890.00 8.67411e-06 4.84910e-01 7.87232e-17 6.48428e-04 
3898.84 1.00871e-05 4.88008e-01 7.17159e-17 6.92895e-04 
3901.96 1.04368e-05 4.89100e-01 6.93674e-17 6.95544e-04 
3910.00 1.02425e-05 4.91918e-01 6.35838e-17 6.30589e-04 
3913.08 9.58445e-06 4.92991e-01 6.14765e-17 5.72212e-04 
3921.46 6.97136e-06 4.95880e-01 5.60172e-17 3.82285e-04 
3927.32 5.59054e-06 4.97858e-01 5.24440e-17 2.88585e-04 
3930.00 5.38993e-06 4.98754e-01 5.08741e-17 2.70572e-04 
3941.07 7.50500e-06 5.02460e-01 4.47879e-17 3.35081e-04 
3941.58 7.64435e-06 5.02630e-01 4.45258e-17 3.39464e-04 
3950.00 9.17055e-06 5.05495e-01 4.03335e-17 3.71791e-04 
3955.84 8.59037e-06 5.07493e-01 3.76265e-17 3.26661e-04 
3960.78 7.49641e-06 5.09180e-01 3.54583e-17 2.69865e-04 
3970.00 6.32821e-06 5.12304e-01 3.16930e-17 2.05346e-04 
3970.11 6.33435e-06 5.12341e-01 3.16503e-17 2.05289e-04 
3980.58 9.10346e-06 5.15860e-01 2.77997e-17 2.61606e-04 
3984.39 1.05919e-05 5.17137e-01 2.65033e-17 2.91183e-04 
3990.00 1.24601e-05 5.19015e-01 2.46887e-17 3.20698e-04 
3998.68 1.36076e-05 5.21909e-01 2.20951e-17 3.15873e-04 
4000.48 1.36376e-05 5.22510e-01 2.15860e-17 3.09771e-04 
4010.00 1.33341e-05 5.25660e-01 1.90713e-17 2.69845e-04 
4012.97 1.32485e-05 5.26641e-01 1.83401e-17 2.58507e-04 
4020.49 1.31797e-05 5.29110e-01 1.66022e-17 2.34324e-04 
4027.28 1.31906e-05 5.31334e-01 1.51583e-17 2.15386e-04 
4030.00 1.31859e-05 5.32223e-01 1.46120e-17 2.08038e-04 
4040.59 1.30159e-05 5.35670e-01 1.26493e-17 1.79393e-04 
4041.59 1.29873e-05 5.35996e-01 1.24761e-17 1.76699e-04 
4050.00 1.26673e-05 5.38717e-01 1.11069e-17 1.54531e-04 
4055.92 1.23829e-05 5.40624e-01 1.02263e-17 1.39782e-04 
4060.79 1.21987e-05 5.42190e-01 9.54820e-18 1.29099e-04 
4070.00 1.22725e-05 5.45132e-01 8.37787e-18 1.14838e-04 
4070.25 1.22858e-05 5.45211e-01 8.34846e-18 1.14583e-04 
4081.10 1.33038e-05 5.48660e-01 7.14144e-18 1.07094e-04 
4084.59 1.36577e-05 5.49767e-01 6.78851e-18 1.04810e-04 
4090.00 1.40342e-05 5.51480e-01 6.27232e-18 9.99523e-05 
4098.93 1.39857e-05 5.54295e-01 5.49866e-18 8.79580e-05 
4101.50 1.38766e-05 5.55100e-01 5.29306e-18 8.41838e-05 
4110.00 1.35201e-05 5.57750e-01 4.66206e-18 7.27380e-05 
4113.29 1.34661e-05 5.58772e-01 4.43696e-18 6.91315e-05 
4122.01 1.35350e-05 5.61470e-01 3.88810e-18 6.13131e-05 
4127.66 1.36293e-05 5.63213e-01 3.56694e-18 5.68941e-05 
4130.00 1.36549e-05 5.63936e-01 3.44096e-18 5.50898e-05 
4142.03 1.36135e-05 5.67630e-01 2.85705e-18 4.60349e-05 
4142.62 1.36093e-05 5.67810e-01 2.83095e-18 4.56214e-05 
4150.00 1.36006e-05 5.70059e-01 2.52248e-18 4.08579e-05 
4156.41 1.36901e-05 5.72002e-01 2.28027e-18 3.73621e-05 
4163.33 1.37909e-05 5.74090e-01 2.04334e-18 3.39061e-05 
4170.00 1.37568e-05 5.76094e-01 1.83706e-18 3.05628e-05 
4170.80 1.37376e-05 5.76335e-01 1.81357e-18 3.01484e-05 
4184.15 1.31629e-05 5.80320e-01 1.46229e-18 2.35279e-05 
4185.20 1.31217e-05 5.80633e-01 1.43746e-18 2.30742e-05 
4190.00 1.29994e-05 5.82057e-01 1.32941e-18 2.12171e-05 
4199.61 1.31119e-05 5.84895e-01 1.13556e-18 1.84114e-05 
4205.07 1.32329e-05 5.86500e-01 1.03769e-18 1.70485e-05 
4210.00 1.32622e-05 5.87945e-01 9.56202e-19 1.58018e-05 
4214.03 1.31855e-05 5.89123e-01 8.94157e-19 1.47346e-05 
4226.10 1.27396e-05 5.92630e-01 7.30368e-19 1.17313e-05 
4228.45 1.26823e-05 5.93312e-01 7.01870e-19 1.12420e-05 
4230.00 1.26605e-05 5.93758e-01 6.83779e-19 1.09456e-05 
4242.89 1.28352e-05 5.97461e-01 5.49282e-19 8.99686e-06 
4247.23 1.28867e-05 5.98700e-01 5.10009e-19 8.41316e-06 
4250.00 1.28748e-05 5.99491e-01 4.86308e-19 8.03058e-06 
4257.33 1.26355e-05 6.01576e-01 4.28653e-19 6.98313e-06 
4268.46 1.20534e-05 6.04720e-01 3.53504e-19 5.53674e-06 
4270.00 1.19869e-05 6.05153e-01 3.44175e-19 5.36662e-06 
4271.78 1.19202e-05 6.05654e-01 3.33653e-19 5.18009e-06 
4286.24 1.12800e-05 6.09691e-01 2.59130e-19 3.84536e-06 
4289.80 1.09258e-05 6.10680e-01 2.43434e-19 3.50760e-06 
4290.00 1.09023e-05 6.10734e-01 2.42597e-19 3.48847e-06 
4300.71 9.37553e-06 6.13698e-01 2.00914e-19 2.50279e-06 
4310.00 9.08591e-06 6.16248e-01 1.70567e-19 2.07215e-06 
4311.25 9.22439e-06 6.16590e-01 1.66840e-19 2.05949e-06 
4315.19 9.92866e-06 6.17664e-01 1.55645e-19 2.07349e-06 
4329.68 1.32102e-05 6.21586e-01 1.20632e-19 2.15901e-06 
4330.00 1.32475e-05 6.21673e-01 1.19954e-19 2.15339e-06 
4332.81 1.34454e-05 6.22430e-01 1.14198e-19 2.08455e-06 
4344.17 1.28927e-05 6.25483e-01 9.37287e-20 1.65296e-06 
4350.00 1.26163e-05 6.27039e-01 8.48064e-20 1.46916e-06 
4354.47 1.27640e-05 6.28230e-01 7.85986e-20 1.38159e-06 
4358.68 1.31101e-05 6.29345e-01 7.32339e-20 1.32582e-06 
4370.00 1.39360e-05 6.32326e-01 6.08212e-20 1.17907e-06 
4373.19 1.38871e-05 6.33162e-01 5.78079e-20 1.11902e-06 
4376.25 1.37155e-05 6.33960e-01 5.51045e-20 1.05557e-06 
4387.71 1.27639e-05 6.36941e-01 4.64028e-20 8.33276e-07 
4390.00 1.26563e-05 6.37533e-01 4.49171e-20 8.00956e-07 
4398.13 1.27716e-05 6.39630e-01 4.02406e-20 7.27831e-07 
4402.24 1.30384e-05 6.40688e-01 3.82056e-20 7.07286e-07 
4410.00 1.36749e-05 6.42675e-01 3.49217e-20 6.81357e-07 
4416.78 1.41625e-05 6.44404e-01 3.25924e-20 6.61370e-07 
4420.12 1.43490e-05 6.45250e-01 3.16171e-20 6.51373e-07 
4430.00 1.46331e-05 6.47744e-01 2.93330e-20 6.20047e-07 
4431.33 1.46358e-05 6.48078e-01 2.90906e-20 6.15539e-07 
4442.22 1.44872e-05 6.50800e-01 2.76374e-20 5.82707e-07 
4445.89 1.44508e-05 6.51712e-01 2.73491e-20 5.76466e-07 
4450.00 1.44765e-05 6.52732e-01 2.71388e-20 5.74477e-07 
4460.45 1.48923e-05 6.55318e-01 2.71136e-20 5.94162e-07 
4464.43 1.50812e-05 6.56300e-01 2.72860e-20 6.06970e-07 
4470.00 1.52589e-05 6.57675e-01 2.76883e-20 6.25262e-07 
4475.03 1.52801e-05 6.58909e-01 2.82076e-20 6.39789e-07 
4486.75 1.52995e-05 6.61730e-01 2.99720e-20 6.85376e-07 
4489.61 1.54148e-05 6.62400e-01 3.05166e-20 7.04251e-07 
4490.00 1.54367e-05 6.62490e-01 3.05943e-20 7.07202e-07 
4504.20 1.66741e-05 6.65752e-01 3.39762e-20 8.55206e-07 
4509.19 1.68828e-05 6.66900e-01 3.54151e-20 9.05137e-07 
4510.00 1.68840e-05 6.67089e-01 3.56629e-20 9.11960e-07 
4518.80 1.63447e-05 6.69154e-01 3.85620e-20 9.59419e-07 
4530.00 1.53063e-05 6.71802e-01 4.28432e-20 1.00465e-06 
4531.73 1.52254e-05 6.72210e-01 4.35651e-20 1.01719e-06 
4533.41 1.51781e-05 6.72605e-01 4.42819e-20 1.03170e-06 
4548.03 1.56739e-05 6.76005e-01 5.11703e-20 1.24135e-06 
4550.00 1.58111e-05 6.76460e-01 5.21898e-20 1.27857e-06 
4554.39 1.61247e-05 6.77470e-01 5.45430e-20 1.36607e-06 
4562.66 1.66144e-05 6.79367e-01 5.92824e-20 1.53693e-06 
4570.00 1.67449e-05 6.81043e-01 6.38353e-20 1.67478e-06 
4577.16 1.64808e-05 6.82670e-01 6.85995e-20 1.77840e-06 
4577.29 1.64735e-05 6.82700e-01 6.86909e-20 1.78011e-06 
4590.00 1.58404e-05 6.85565e-01 7.79709e-20 1.95651e-06 
4591.94 1.58145e-05 6.86000e-01 7.94826e-20 1.99329e-06 
4600.05 1.59356e-05 6.87810e-01 8.60842e-20 2.18498e-06 
4606.59 1.61304e-05 6.89263e-01 9.17554e-20 2.36573e-06 
4610.00 1.61994e-05 6.90015e-01 9.48307e-20 2.45998e-06 
4621.26 1.61286e-05 6.92488e-01 1.05617e-19 2.74426e-06 
4623.05 1.60946e-05 6.92880e-01 1.07424e-19 2.78798e-06 
4630.00 1.59751e-05 6.94395e-01 1.14681e-19 2.96513e-06 
4635.93 1.59407e-05 6.95681e-01 1.21181e-19 3.13625e-06 
4646.16 1.60330e-05 6.97890e-01 1.33104e-19 3.48347e-06 
4650.00 1.61066e-05 6.98715e-01 1.37810e-19 3.63046e-06 
4650.61 1.61198e-05 6.98846e-01 1.38569e-19 3.65460e-06 
4665.30 1.64534e-05 7.01983e-01 1.57906e-19 4.28334e-06 
4669.39 1.65060e-05 7.02850e-01 1.63660e-19 4.46302e-06 
4670.00 1.65106e-05 7.02978e-01 1.64525e-19 4.48928e-06 
4680.00 1.64568e-05 7.05078e-01 1.79321e-19 4.90209e-06 
4690.00 1.61808e-05 7.07161e-01 1.95144e-19 5.27194e-06 
4692.74 1.60722e-05 7.07730e-01 1.99662e-19 5.36520e-06 
4694.70 1.59902e-05 7.08137e-01 2.02947e-19 5.43106e-06 
4709.42 1.55856e-05 7.11172e-01 2.28919e-19 6.01548e-06 
4710.00 1.55875e-05 7.11291e-01 2.29992e-19 6.04617e-06 
4716.20 1.57182e-05 7.12560e-01 2.41714e-19 6.42752e-06 
4724.15 1.60522e-05 7.14173e-01 2.57374e-19 7.01699e-06 
4730.00 1.62921e-05 7.15356e-01 2.69404e-19 7.47631e-06 
4738.88 1.64871e-05 7.17139e-01 2.88455e-19 8.13623e-06 
4739.79 1.64971e-05 7.17320e-01 2.90454e-19 8.20123e-06 
4750.00 1.65432e-05 7.19356e-01 3.13724e-19 8.92745e-06 
4753.62 1.65486e-05 7.20074e-01 3.22303e-19 9.19074e-06 
4763.48 1.65585e-05 7.22020e-01 3.46551e-19 9.93543e-06 
4768.37 1.65596e-05 7.22979e-01 3.59069e-19 1.03193e-05 
4770.00 1.65593e-05 7.23298e-01 3.63303e-19 1.04489e-05 
4783.14 1.65268e-05 7.25854e-01 3.98905e-19 1.15224e-05 
4787.30 1.64970e-05 7.26660e-01 4.10721e-19 1.18658e-05 
4790.00 1.64703e-05 7.27181e-01 4.18512e-19 1.20867e-05 
4797.91 1.63682e-05 7.28700e-01 4.41973e-19 1.27327e-05 
4810.00 1.62974e-05 7.31005e-01 4.79741e-19 1.38393e-05 
4811.24 1.63060e-05 7.31240e-01 4.83739e-19 1.39701e-05 
4812.68 1.63203e-05 7.31514e-01 4.88440e-19 1.41278e-05 
4827.47 1.65124e-05 7.34292e-01 5.38489e-19 1.58672e-05 
4830.00 1.65117e-05 7.34764e-01 5.47411e-19 1.61482e-05 
4835.29 1.64351e-05 7.35750e-01 5.66461e-19 1.66732e-05 
4842.27 1.61505e-05 7.37044e-01 5.92312e-19 1.71871e-05 
4850.00 1.55442e-05 7.38471e-01 6.21987e-19 1.74320e-05 
4857.08 1.47502e-05 7.39771e-01 6.50121e-19 1.73456e-05 
4859.47 1.44861e-05 7.40210e-01 6.59859e-19 1.73089e-05 
4870.00 1.38837e-05 7.42128e-01 7.03989e-19 1.77828e-05 
4871.89 1.39368e-05 7.42471e-01 7.12146e-19 1.80731e-05 
4883.77 1.50783e-05 7.44610e-01 7.65059e-19 2.11180e-05 
4886.71 1.54027e-05 7.45137e-01 7.78642e-19 2.19842e-05 
4890.00 1.56950e-05 7.45723e-01 7.94005e-19 2.28768e-05 
4901.55 1.59376e-05 7.47770e-01 8.49889e-19 2.49924e-05 
4908.19 1.57535e-05 7.48940e-01 8.83383e-19 2.57524e-05 
4910.00 1.56929e-05 7.49259e-01 8.92708e-19 2.59447e-05 
4916.39 1.55021e-05 7.50379e-01 9.26199e-19 2.66653e-05 
4930.00 1.53675e-05 7.52748e-01 1.00087e-18 2.87344e-05 
4931.24 1.53830e-05 7.52963e-01 1.00792e-18 2.89815e-05 
4932.73 1.54083e-05 7.53220e-01 1.01641e-18 2.92925e-05 
4946.10 1.58273e-05 7.55514e-01 1.09543e-18 3.26153e-05 
4950.00 1.59603e-05 7.56178e-01 1.11940e-18 3.36648e-05 
4957.39 1.61455e-05 7.57430e-01 1.16602e-18 3.55858e-05 
4960.97 1.61884e-05 7.58034e-01 1.18917e-18 3.64441e-05 
4970.00 1.61048e-05 7.59550e-01 1.24930e-18 3.82347e-05 
4975.85 1.58788e-05 7.60527e-01 1.28961e-18 3.90103e-05 
4982.18 1.55274e-05 7.61580e-01 1.33447e-18 3.95790e-05 
4990.00 1.50418e-05 7.62875e-01 1.39175e-18 4.01180e-05 
4990.74 1.49975e-05 7.62997e-01 1.39726e-18 4.01703e-05 
5005.63 1.44058e-05 7.65443e-01 1.51270e-18 4.20324e-05 
5007.09 1.43981e-05 7.65680e-01 1.52442e-18 4.23609e-05 
5010.00 1.44209e-05 7.66154e-01 1.54809e-18 4.31384e-05 
5020.54 1.48468e-05 7.67859e-01 1.63655e-18 4.71539e-05 
5030.00 1.52387e-05 7.69380e-01 1.71980e-18 5.10572e-05 
5032.12 1.52713e-05 7.69720e-01 1.73901e-18 5.17827e-05 
5035.45 1.52792e-05 7.70252e-01 1.76950e-18 5.27895e-05 
5050.00 1.52135e-05 7.72560e-01 1.90855e-18 5.70268e-05 
5050.38 1.52199e-05 7.72619e-01 1.91229e-18 5.71711e-05 
5057.29 1.54361e-05 7.73700e-01 1.98189e-18 6.02602e-05 
5065.31 1.57276e-05 7.74940e-01 2.06569e-18 6.41984e-05 
5070.00 1.57907e-05 7.75656e-01 2.11616e-18 6.61533e-05 
5080.25 1.55088e-05 7.77196e-01 2.23056e-18 6.87591e-05 
5082.57 1.54118e-05 7.77540e-01 2.25722e-18 6.92081e-05 
5090.00 1.51807e-05 7.78629e-01 2.34465e-18 7.10133e-05 
5095.20 1.51729e-05 7.79387e-01 2.40779e-18 7.30336e-05 
5107.98 1.53933e-05 7.81250e-01 2.56969e-18 7.94646e-05 
5110.00 1.54084e-05 7.81547e-01 2.59613e-18 8.04233e-05 
5110.17 1.54089e-05 7.81571e-01 2.59831e-18 8.04987e-05 
5125.13 1.51579e-05 7.83800e-01 2.80311e-18 8.59239e-05 
5130.00 1.50451e-05 7.84526e-01 2.87289e-18 8.75716e-05 
5133.52 1.49835e-05 7.85050e-01 2.92446e-18 8.88986e-05 
5140.11 1.48714e-05 7.86024e-01 3.02321e-18 9.14434e-05 
5150.00 1.45045e-05 7.87473e-01 3.17730e-18 9.40867e-05 
5155.10 1.41397e-05 7.88216e-01 3.25966e-18 9.42801e-05 
5159.19 1.37948e-05 7.88810e-01 3.32715e-18 9.40296e-05 
5170.00 1.29960e-05 7.90372e-01 3.51180e-18 9.38827e-05 
5170.10 1.29912e-05 7.90387e-01 3.51353e-18 9.38973e-05 
5184.99 1.29464e-05 7.92520e-01 3.78370e-18 1.01332e-04 
5185.11 1.29509e-05 7.92537e-01 3.78589e-18 1.01431e-04 
5190.00 1.31973e-05 7.93232e-01 3.87888e-18 1.06092e-04 
5200.12 1.39438e-05 7.94661e-01 4.07783e-18 1.18284e-04 
5210.00 1.45513e-05 7.96043e-01 4.28100e-18 1.30060e-04 
5210.91 1.45826e-05 7.96170e-01 4.30024e-18 1.30970e-04 
5215.15 1.46687e-05 7.96758e-01 4.39042e-18 1.34714e-04 
5230.00 1.48006e-05 7.98807e-01 4.72058e-18 1.46941e-04 
5230.18 1.48061e-05 7.98831e-01 4.72471e-18 1.47133e-04 
5236.97 1.50979e-05 7.99760e-01 4.88296e-18 1.55440e-04 
5245.22 1.53588e-05 8.00884e-01 5.08171e-18 1.65053e-04 
5250.00 1.52563e-05 8.01531e-01 5.19993e-18 1.68054e-04 
5260.28 1.42703e-05 8.02915e-01 5.46237e-18 1.65735e-04 
5263.15 1.39612e-05 8.03300e-01 5.53788e-18 1.64556e-04 
5270.00 1.35193e-05 8.04213e-01 5.72118e-18 1.65023e-04 
5275.34 1.36499e-05 8.04920e-01 5.86761e-18 1.71205e-04 
5289.47 1.50596e-05 8.06780e-01 6.27064e-18 2.02870e-04 
5290.00 1.51119e-05 8.06850e-01 6.28623e-18 2.04118e-04 
5290.41 1.51509e-05 8.06903e-01 6.29823e-18 2.05065e-04 
5305.49 1.57698e-05 8.08866e-01 6.75498e-18 2.30131e-04 
5310.00 1.55989e-05 8.09449e-01 6.89674e-18 2.32780e-04 
5315.92 1.51309e-05 8.10210e-01 7.08623e-18 2.32477e-04 
5320.58 1.46888e-05 8.10807e-01 7.23846e-18 2.30904e-04 
5330.00 1.41063e-05 8.12005e-01 7.55399e-18 2.32165e-04 
5335.68 1.42127e-05 8.12722e-01 7.74919e-18 2.40429e-04 
5342.50 1.46449e-05 8.13580e-01 7.98876e-18 2.55997e-04 
5350.00 1.51175e-05 8.14519e-01 8.25889e-18 2.73892e-04 
5350.78 1.51492e-05 8.14617e-01 8.28753e-18 2.75491e-04 
5365.90 1.51444e-05 8.16493e-01 8.85370e-18 2.95731e-04 
5369.21 1.50864e-05 8.16900e-01 8.98117e-18 2.99171e-04 
5370.00 1.50747e-05 8.16997e-01 9.01190e-18 3.00042e-04 
5381.03 1.49980e-05 8.18346e-01 9.44776e-18 3.14113e-04 
5390.00 1.49000e-05 8.19432e-01 9.81303e-18 3.25098e-04 
5396.05 1.47392e-05 8.20160e-01 1.00649e-17 3.30509e-04 
5396.17 1.47358e-05 8.20173e-01 1.00696e-17 3.30598e-04 
5410.00 1.43958e-05 8.21821e-01 1.06617e-17 3.43527e-04 
5411.31 1.43898e-05 8.21976e-01 1.07190e-17 3.45377e-04 
5423.03 1.45668e-05 8.23360e-01 1.12399e-17 3.68031e-04 
5426.47 1.46646e-05 8.23764e-01 1.13953e-17 3.76045e-04 
5430.00 1.47695e-05 8.24181e-01 1.15569e-17 3.84549e-04 
5441.63 1.50524e-05 8.25546e-01 1.20981e-17 4.11830e-04 
5450.00 1.51239e-05 8.26523e-01 1.24969e-17 4.28587e-04 
5450.15 1.51237e-05 8.26540e-01 1.25040e-17 4.28849e-04 
5456.80 1.50670e-05 8.27311e-01 1.28264e-17 4.39200e-04 
5470.00 1.48452e-05 8.28828e-01 1.34794e-17 4.56699e-04 
5471.99 1.48203e-05 8.29054e-01 1.35791e-17 4.59601e-04 
5477.40 1.47747e-05 8.29670e-01 1.38532e-17 4.68245e-04 
5487.18 1.47467e-05 8.30774e-01 1.43551e-17 4.85800e-04 
5490.00 1.47446e-05 8.31091e-01 1.45017e-17 4.91127e-04 
5502.38 1.47377e-05 8.32473e-01 1.51528e-17 5.14953e-04 
5504.79 1.47375e-05 8.32740e-01 1.52811e-17 5.19697e-04 
5510.00 1.47393e-05 8.33317e-01 1.55603e-17 5.30125e-04 
5517.59 1.47516e-05 8.34154e-01 1.59707e-17 5.45861e-04 
5530.00 1.48341e-05 8.35509e-01 1.66512e-17 5.74523e-04 
5532.31 1.48625e-05 8.35760e-01 1.67791e-17 5.80459e-04 
5532.81 1.48690e-05 8.35814e-01 1.68068e-17 5.81763e-04 
5548.04 1.50154e-05 8.37451e-01 1.76592e-17 6.20195e-04 
5550.00 1.50091e-05 8.37660e-01 1.77699e-17 6.24202e-04 
5559.97 1.48471e-05 8.38720e-01 1.83367e-17 6.39107e-04 
5563.28 1.47609e-05 8.39070e-01 1.85257e-17 6.42599e-04 
5570.00 1.45692e-05 8.39780e-01 1.89115e-17 6.48793e-04 
5578.53 1.43527e-05 8.40676e-01 1.94039e-17 6.57498e-04 
5587.77 1.42495e-05 8.41640e-01 1.99407e-17 6.72714e-04 
5590.00 1.42575e-05 8.41871e-01 2.00705e-17 6.77926e-04 
5593.79 1.43048e-05 8.42263e-01 2.02913e-17 6.88446e-04 
5609.05 1.46562e-05 8.43831e-01 2.11854e-17 7.39819e-04 
5610.00 1.46721e-05 8.43928e-01 2.12410e-17 7.42779e-04 
5615.71 1.47286e-05 8.44510e-01 2.15765e-17 7.58708e-04 
5624.33 1.47328e-05 8.45385e-01 2.20833e-17 7.78748e-04 
5630.00 1.47250e-05 8.45958e-01 2.24169e-17 7.91424e-04 
5639.62 1.47390e-05 8.46924e-01 2.29822e-17 8.14472e-04 
5643.79 1.47339e-05 8.47340e-01 2.32274e-17 8.23893e-04 
5650.00 1.46817e-05 8.47956e-01 2.35917e-17 8.35370e-04 
5654.91 1.45903e-05 8.48440e-01 2.38792e-17 8.41499e-04 
5670.00 1.43417e-05 8.49915e-01 2.47588e-17 8.61413e-04 
5670.22 1.43418e-05 8.49936e-01 2.47713e-17 8.61908e-04 
5672.01 1.43483e-05 8.50110e-01 2.48753e-17 8.66369e-04 
5685.53 1.45255e-05 8.51417e-01 2.56554e-17 9.08132e-04 
5690.00 1.45264e-05 8.51847e-01 2.59114e-17 9.18431e-04 
5700.37 1.43060e-05 8.52840e-01 2.65011e-17 9.27843e-04 
5700.86 1.42946e-05 8.52886e-01 2.65286e-17 9.28200e-04 
5710.00 1.42351e-05 8.53756e-01 2.70428e-17 9.44724e-04 
5716.19 1.44528e-05 8.54342e-01 2.73876e-17 9.73120e-04 
5728.87 1.50067e-05 8.55530e-01 2.80848e-17 1.03988e-03 
5730.00 1.50244e-05 8.55635e-01 2.81463e-17 1.04372e-03 
5731.53 1.50332e-05 8.55777e-01 2.82295e-17 1.04788e-03 
5746.88 1.46299e-05 8.57191e-01 2.90512e-17 1.05399e-03 
5750.00 1.45626e-05 8.57475e-01 2.92151e-17 1.05599e-03 
5757.52 1.45651e-05 8.58160e-01 2.96065e-17 1.07257e-03 
5762.25 1.46269e-05 8.58590e-01 2.98498e-17 1.08742e-03 
5770.00 1.46785e-05 8.59293e-01 3.02430e-17 1.10802e-03 
5777.62 1.45498e-05 8.59980e-01 3.06224e-17 1.11444e-03 
5786.30 1.43331e-05 8.60760e-01 3.10462e-17 1.11572e-03 
5790.00 1.42790e-05 8.61091e-01 3.12237e-17 1.11901e-03 
5793.00 1.42697e-05 8.61358e-01 3.13663e-17 1.12432e-03 
5808.39 1.45287e-05 8.62720e-01 3.20788e-17 1.17570e-03 
5810.00 1.45645e-05 8.62862e-01 3.21513e-17 1.18178e-03 
5815.23 1.46652e-05 8.63320e-01 3.23847e-17 1.20030e-03 
5823.79 1.47494e-05 8.64065e-01 3.27572e-17 1.22393e-03 
5830.00 1.47204e-05 8.64602e-01 3.30205e-17 1.23342e-03 
5839.20 1.45410e-05 8.65393e-01 3.33994e-17 1.23544e-03 
5844.31 1.44392e-05 8.65830e-01 3.36038e-17 1.23600e-03 
5850.00 1.43901e-05 8.66315e-01 3.38263e-17 1.24186e-03 
5854.62 1.44247e-05 8.66708e-01 3.40029e-17 1.25291e-03 
5870.00 1.43929e-05 8.68005e-01 3.45640e-17 1.27602e-03 
5870.05 1.43909e-05 8.68009e-01 3.45658e-17 1.27592e-03 
5873.53 1.42109e-05 8.68300e-01 3.46870e-17 1.26555e-03 
5885.49 1.34269e-05 8.69293e-01 3.50862e-17 1.21334e-03 
5890.00 1.33011e-05 8.69665e-01 3.52299e-17 1.20834e-03 
5900.94 1.37148e-05 8.70560e-01 3.55624e-17 1.26131e-03 
5902.90 1.38400e-05 8.70720e-01 3.56196e-17 1.27554e-03 
5910.00 1.42272e-05 8.71297e-01 3.58204e-17 1.32107e-03 
5916.39 1.43437e-05 8.71813e-01 3.59929e-17 1.34054e-03 
5930.00 1.41824e-05 8.72907e-01 3.63328e-17 1.34275e-03 
5931.86 1.41637e-05 8.73056e-01 3.63765e-17 1.34324e-03 
5932.41 1.41594e-05 8.73100e-01 3.63893e-17 1.34350e-03 
5947.34 1.41768e-05 8.74289e-01 3.67121e-17 1.36235e-03 
5950.00 1.41897e-05 8.74500e-01 3.67649e-17 1.36649e-03 
5962.08 1.42141e-05 8.75450e-01 3.69861e-17 1.38137e-03 
5962.83 1.42137e-05 8.75509e-01 3.69989e-17 1.38208e-03 
5970.00 1.41989e-05 8.76067e-01 3.71149e-17 1.38752e-03 
5978.32 1.41568e-05 8.76710e-01 3.72362e-17 1.39088e-03 
5990.00 1.40511e-05 8.77606e-01 3.73821e-17 1.39003e-03 
5991.89 1.40288e-05 8.77750e-01 3.74030e-17 1.38926e-03 
5993.83 1.40048e-05 8.77898e-01 3.74238e-17 1.38834e-03 
6009.34 1.38254e-05 8.79079e-01 3.75613e-17 1.38101e-03 
6010.00 1.38202e-05 8.79128e-01 3.75660e-17 1.38089e-03 
6021.85 1.37882e-05 8.80020e-01 3.76356e-17 1.38437e-03 
6024.87 1.37990e-05 8.80246e-01 3.76488e-17 1.38699e-03 
6030.00 1.38355e-05 8.80627e-01 3.76667e-17 1.39311e-03 
6040.41 1.39611e-05 8.81396e-01 3.76865e-17 1.41015e-03 
6050.00 1.40590e-05 8.82098e-01 3.76852e-17 1.42338e-03 
6051.96 1.40682e-05 8.82240e-01 3.76826e-17 1.42491e-03 
6055.95 1.40730e-05 8.82530e-01 3.76750e-17 1.42651e-03 
6070.00 1.39562e-05 8.83545e-01 3.76226e-17 1.41761e-03 
6071.50 1.39329e-05 8.83653e-01 3.76147e-17 1.41547e-03 
6082.21 1.37481e-05 8.84420e-01 3.75454e-17 1.39779e-03 
6087.07 1.36796e-05 8.84766e-01 3.75066e-17 1.39104e-03 
6090.00 1.36514e-05 8.84974e-01 3.74809e-17 1.38822e-03 
6102.64 1.36101e-05 8.85866e-01 3.73515e-17 1.38350e-03 
6110.00 1.35270e-05 8.86379e-01 3.72624e-17 1.37421e-03 
6112.63 1.34667e-05 8.86560e-01 3.72281e-17 1.36770e-03 
6118.23 1.33034e-05 8.86944e-01 3.71508e-17 1.35013e-03 
6130.00 1.30501e-05 8.87741e-01 3.69697e-17 1.32169e-03 
6133.82 1.30620e-05 8.87997e-01 3.69056e-17 1.32180e-03 
6143.19 1.31981e-05 8.88620e-01 3.67376e-17 1.33247e-03 
6149.42 1.32265e-05 8.89032e-01 3.66174e-17 1.33293e-03 
6150.00 1.32217e-05 8.89070e-01 3.66060e-17 1.33221e-03 
6165.04 1.28316e-05 8.90054e-01 3.62879e-17 1.28623e-03 
6170.00 1.27791e-05 8.90377e-01 3.61748e-17 1.27847e-03 
6173.91 1.28305e-05 8.90630e-01 3.60830e-17 1.28152e-03 
6180.66 1.30541e-05 8.91067e-01 3.59187e-17 1.29997e-03 
6190.00 1.33963e-05 8.91671e-01 3.56798e-17 1.32809e-03 
6196.29 1.34948e-05 8.92081e-01 3.55116e-17 1.33350e-03 
6204.77 1.34711e-05 8.92640e-01 3.52756e-17 1.32496e-03 
6210.00 1.34101e-05 8.92989e-01 3.51251e-17 1.31496e-03 
6211.93 1.33848e-05 8.93120e-01 3.50685e-17 1.31096e-03 
6227.59 1.31190e-05 8.94178e-01 3.45914e-17 1.27214e-03 
6230.00 1.30619e-05 8.94341e-01 3.45149e-17 1.26453e-03 
6235.80 1.29086e-05 8.94730e-01 3.43283e-17 1.24462e-03 
6243.25 1.27398e-05 8.95223e-01 3.40823e-17 1.22168e-03 
6250.00 1.26953e-05 8.95663e-01 3.38536e-17 1.21114e-03 
6258.92 1.28633e-05 8.96238e-01 3.35434e-17 1.21844e-03 
6266.98 1.31026e-05 8.96750e-01 3.32555e-17 1.23274e-03 
6270.00 1.31781e-05 8.96941e-01 3.31457e-17 1.23662e-03 
6274.60 1.32550e-05 8.97230e-01 3.29767e-17 1.23880e-03 
6290.00 1.32073e-05 8.98189e-01 3.23957e-17 1.21686e-03 
6290.29 1.32025e-05 8.98207e-01 3.23844e-17 1.21608e-03 
6298.31 1.30400e-05 8.98700e-01 3.20727e-17 1.19173e-03 
6305.99 1.28827e-05 8.99169e-01 3.17688e-17 1.16822e-03 
6310.00 1.28268e-05 8.99412e-01 3.16083e-17 1.15833e-03 
6321.71 1.28114e-05 9.00117e-01 3.11319e-17 1.14250e-03 
6329.80 1.28585e-05 9.00600e-01 3.07962e-17 1.13640e-03 
6330.00 1.28596e-05 9.00612e-01 3.07880e-17 1.13625e-03 
6337.43 1.28863e-05 9.01052e-01 3.04760e-17 1.12894e-03 
6350.00 1.28730e-05 9.01792e-01 2.99394e-17 1.11103e-03 
6353.16 1.28584e-05 9.01977e-01 2.98032e-17 1.10550e-03 
6361.45 1.28166e-05 9.02460e-01 2.94425e-17 1.09058e-03 
6368.90 1.28052e-05 9.02892e-01 2.91157e-17 1.07928e-03 
6370.00 1.28077e-05 9.02955e-01 2.90670e-17 1.07796e-03 
6384.65 1.28850e-05 9.03798e-01 2.84155e-17 1.06358e-03 
6390.00 1.28679e-05 9.04104e-01 2.81752e-17 1.05442e-03 
6393.26 1.28290e-05 9.04290e-01 2.80282e-17 1.04651e-03 
6400.41 1.26995e-05 9.04696e-01 2.77047e-17 1.02559e-03 
6410.00 1.25627e-05 9.05239e-01 2.72681e-17 1.00065e-03 
6416.18 1.25703e-05 9.05586e-01 2.69854e-17 9.92212e-04 
6425.23 1.26486e-05 9.06090e-01 2.65698e-17 9.84945e-04 
6430.00 1.26707e-05 9.06354e-01 2.63498e-17 9.79510e-04 
6431.96 1.26683e-05 9.06462e-01 2.62594e-17 9.76381e-04 
6447.75 1.25188e-05 9.07328e-01 2.55287e-17 9.41209e-04 
6450.00 1.25011e-05 9.07450e-01 2.54243e-17 9.36489e-04 
6457.35 1.24794e-05 9.07850e-01 2.50829e-17 9.23773e-04 
6463.55 1.24765e-05 9.08186e-01 2.47950e-17 9.14169e-04 
6470.00 1.24517e-05 9.08536e-01 2.44952e-17 9.02567e-04 
6479.36 1.23471e-05 9.09040e-01 2.40601e-17 8.80848e-04 
6489.64 1.22747e-05 9.09590e-01 2.35827e-17 8.60189e-04 
6490.00 1.22753e-05 9.09609e-01 2.35660e-17 8.59691e-04 
6495.18 1.23140e-05 9.09884e-01 2.33257e-17 8.54544e-04 
6510.00 1.25187e-05 9.10663e-01 2.26400e-17 8.45860e-04 
6511.01 1.25263e-05 9.10716e-01 2.25934e-17 8.44810e-04 
6522.09 1.25276e-05 9.11290e-01 2.20832e-17 8.27742e-04 
6526.85 1.25073e-05 9.11535e-01 2.18646e-17 8.19037e-04 
6530.00 1.24964e-05 9.11696e-01 2.17203e-17 8.13460e-04 
6542.70 1.23953e-05 9.12343e-01 2.11408e-17 7.87440e-04 
6550.00 1.21052e-05 9.12713e-01 2.08096e-17 7.58115e-04 
6554.70 1.17702e-05 9.12950e-01 2.05972e-17 7.30322e-04 
6558.56 1.14594e-05 9.13145e-01 2.04232e-17 7.05600e-04 
6570.00 1.09117e-05 9.13719e-01 1.99105e-17 6.56560e-04 
6574.43 1.10421e-05 9.13941e-01 1.97132e-17 6.58429e-04 
6587.47 1.20318e-05 9.14590e-01 1.91364e-17 6.98331e-04 
6590.00 1.21937e-05 9.14715e-01 1.90254e-17 7.03987e-04 
6590.31 1.22105e-05 9.14731e-01 1.90118e-17 7.04498e-04 
6606.20 1.23862e-05 9.15513e-01 1.83201e-17 6.90885e-04 
6610.00 1.23370e-05 9.15698e-01 1.81563e-17 6.82522e-04 
6620.41 1.22554e-05 9.16200e-01 1.77110e-17 6.62781e-04 
6622.10 1.22491e-05 9.16281e-01 1.76392e-17 6.59977e-04 
6630.00 1.22358e-05 9.16656e-01 1.73053e-17 6.47820e-04 
6638.01 1.22341e-05 9.17033e-01 1.69698e-17 6.36201e-04 
6650.00 1.21916e-05 9.17595e-01 1.64738e-17 6.16950e-04 
6653.51 1.21591e-05 9.17760e-01 1.63300e-17 6.10364e-04 
6653.93 1.21547e-05 9.17780e-01 1.63128e-17 6.09556e-04 
6669.86 1.20369e-05 9.18532e-01 1.56689e-17 5.81687e-04 
6670.00 1.20372e-05 9.18538e-01 1.56634e-17 5.81510e-04 
6685.80 1.21696e-05 9.19284e-01 1.50388e-17 5.66261e-04 
6686.78 1.21740e-05 9.19330e-01 1.50006e-17 5.65138e-04 
6690.00 1.21753e-05 9.19481e-01 1.48752e-17 5.60834e-04 
6701.75 1.20298e-05 9.20030e-01 1.44229e-17 5.38550e-04 
6710.00 1.19333e-05 9.20412e-01 1.41104e-17 5.23513e-04 
6717.71 1.19512e-05 9.20766e-01 1.38219e-17 5.14367e-04 
6720.21 1.19715e-05 9.20880e-01 1.37291e-17 5.12033e-04 
6730.00 1.20363e-05 9.21324e-01 1.33697e-17 5.02303e-04 
6733.68 1.20305e-05 9.21490e-01 1.32360e-17 4.97402e-04 
6749.66 1.18958e-05 9.22205e-01 1.26656e-17 4.72122e-04 
6750.00 1.18935e-05 9.22220e-01 1.26538e-17 4.71620e-04 
6753.81 1.18748e-05 9.22390e-01 1.25201e-17 4.66251e-04 
6765.65 1.18670e-05 9.22915e-01 1.21111e-17 4.51771e-04 
6770.00 1.18686e-05 9.23106e-01 1.19631e-17 4.46691e-04 
6781.65 1.18467e-05 9.23615e-01 1.15725e-17 4.32289e-04 
6787.58 1.18201e-05 9.23870e-01 1.13772e-17 4.24527e-04 
6790.00 1.18064e-05 9.23973e-01 1.12981e-17 4.21286e-04 
6797.66 1.17569e-05 9.24299e-01 1.10501e-17 4.10918e-04 
6810.00 1.17169e-05 9.24817e-01 1.06590e-17 3.95961e-04 
6813.69 1.17279e-05 9.24972e-01 1.05440e-17 3.92337e-04 
6821.52 1.17652e-05 9.25300e-01 1.03025e-17 3.85150e-04 
6829.72 1.17629e-05 9.25645e-01 1.00541e-17 3.76381e-04 
6830.00 1.17611e-05 9.25657e-01 1.00456e-17 3.76027e-04 
6845.76 1.15533e-05 9.26319e-01 9.58052e-18 3.53347e-04 
6850.00 1.15135e-05 9.26496e-01 9.45808e-18 3.47910e-04 
6855.63 1.15055e-05 9.26730e-01 9.29737e-18 3.42127e-04 
6861.81 1.15370e-05 9.26984e-01 9.12316e-18 3.37033e-04 
6870.00 1.15921e-05 9.27318e-01 8.89614e-18 3.30730e-04 
6877.87 1.16110e-05 9.27636e-01 8.68192e-18 3.23773e-04 
6889.91 1.15820e-05 9.28120e-01 8.36198e-18 3.11771e-04 
6890.00 1.15817e-05 9.28124e-01 8.35953e-18 3.11674e-04 
6893.94 1.15643e-05 9.28282e-01 8.25666e-18 3.07607e-04 
6910.00 1.14913e-05 9.28923e-01 7.84787e-18 2.91409e-04 
6910.03 1.14912e-05 9.28924e-01 7.84721e-18 2.91383e-04 
6924.36 1.14510e-05 9.29490e-01 7.49575e-18 2.78104e-04 
6926.12 1.14467e-05 9.29559e-01 7.45337e-18 2.76519e-04 
6930.00 1.14366e-05 9.29710e-01 7.36072e-18 2.73038e-04 
6942.22 1.13985e-05 9.30182e-01 7.07488e-18 2.62155e-04 
6950.00 1.13756e-05 9.30479e-01 6.89756e-18 2.55439e-04 
6958.33 1.13590e-05 9.30796e-01 6.71150e-18 2.48566e-04 
6958.98 1.13581e-05 9.30820e-01 6.69731e-18 2.48051e-04 
6970.00 1.13555e-05 9.31236e-01 6.45782e-18 2.39612e-04 
6974.46 1.13604e-05 9.31403e-01 6.36294e-18 2.36387e-04 
6990.00 1.12985e-05 9.31974e-01 6.04086e-18 2.23833e-04 
6990.59 1.12908e-05 9.31996e-01 6.02888e-18 2.23261e-04 
6993.77 1.12416e-05 9.32110e-01 5.96471e-18 2.20049e-04 
7006.73 1.10192e-05 9.32569e-01 5.70900e-18 2.06933e-04 
7010.00 1.09908e-05 9.32684e-01 5.64601e-18 2.04243e-04 
7022.89 1.10559e-05 9.33144e-01 5.40296e-18 1.97066e-04 
7028.74 1.11172e-05 9.33360e-01 5.29547e-18 1.94424e-04 
7030.00 1.11281e-05 9.33407e-01 5.27259e-18 1.93819e-04 
7039.05 1.11663e-05 9.33752e-01 5.11041e-18 1.88814e-04 
7050.00 1.11441e-05 9.34169e-01 4.91984e-18 1.81775e-04 
7055.23 1.11192e-05 9.34361e-01 4.83097e-18 1.78261e-04 
7063.88 1.10700e-05 9.34660e-01 4.68672e-18 1.72440e-04 
7070.00 1.10354e-05 9.34853e-01 4.58703e-18 1.68425e-04 
7071.41 1.10280e-05 9.34896e-01 4.56428e-18 1.67518e-04 
7087.61 1.09746e-05 9.35340e-01 4.30994e-18 1.57853e-04 
7090.00 1.09735e-05 9.35401e-01 4.27340e-18 1.56561e-04 
7099.20 1.09820e-05 9.35630e-01 4.13528e-18 1.51853e-04 
7103.81 1.09841e-05 9.35742e-01 4.06759e-18 1.49511e-04 
7110.00 1.09718e-05 9.35883e-01 3.97816e-18 1.46209e-04 
7120.03 1.09009e-05 9.36062e-01 3.83681e-18 1.40328e-04 
7130.00 1.08093e-05 9.36136e-01 3.70055e-18 1.34405e-04 
7134.70 1.07744e-05 9.36120e-01 3.63777e-18 1.31783e-04 
7136.25 1.07648e-05 9.36107e-01 3.61723e-18 1.30949e-04 
7150.00 1.07264e-05 9.35900e-01 3.43978e-18 1.24293e-04 
7152.49 1.07291e-05 9.35866e-01 3.40846e-18 1.23229e-04 
7168.74 1.07100e-05 9.35938e-01 3.21009e-18 1.16124e-04 
7170.00 1.06981e-05 9.35977e-01 3.19510e-18 1.15477e-04 
7170.37 1.06940e-05 9.35990e-01 3.19068e-18 1.15282e-04 
7184.99 1.04705e-05 9.36849e-01 3.02175e-18 1.07212e-04 
7190.00 1.04288e-05 9.37237e-01 2.96574e-18 1.04923e-04 
7201.26 1.04959e-05 9.38106e-01 2.84306e-18 1.01482e-04 
7206.23 1.05522e-05 9.38430e-01 2.79041e-18 1.00241e-04 
7210.00 1.05858e-05 9.38634e-01 2.75096e-18 9.92120e-05 
7217.54 1.06066e-05 9.38941e-01 2.67362e-18 9.67448e-05 
7230.00 1.05772e-05 9.39256e-01 2.55001e-18 9.22062e-05 
7233.83 1.05728e-05 9.39328e-01 2.51307e-18 9.08877e-05 
7242.26 1.05793e-05 9.39490e-01 2.43339e-18 8.81774e-05 
7250.00 1.05954e-05 9.39674e-01 2.36219e-18 8.58363e-05 
7250.13 1.05957e-05 9.39677e-01 2.36104e-18 8.57987e-05 
7266.44 1.05796e-05 9.40196e-01 2.21718e-18 8.06740e-05 
7270.00 1.05460e-05 9.40331e-01 2.18680e-18 7.93657e-05 
7278.47 1.04148e-05 9.40680e-01 2.11611e-18 7.59617e-05 
7282.76 1.03454e-05 9.40871e-01 2.08111e-18 7.42662e-05 
7290.00 1.02736e-05 9.41210e-01 2.02315e-18 7.17943e-05 
7299.09 1.03112e-05 9.41650e-01 1.95252e-18 6.96603e-05 
7310.00 1.04047e-05 9.42176e-01 1.87060e-18 6.74812e-05 
7314.86 1.04106e-05 9.42400e-01 1.83513e-18 6.62989e-05 
7315.43 1.04096e-05 9.42425e-01 1.83104e-18 6.61521e-05 
7330.00 1.03420e-05 9.43041e-01 1.72851e-18 6.22065e-05 
7331.78 1.03367e-05 9.43111e-01 1.71637e-18 6.17575e-05 
7348.14 1.03515e-05 9.43722e-01 1.60818e-18 5.81145e-05 
7350.00 1.03566e-05 9.43789e-01 1.59627e-18 5.77309e-05 
7351.43 1.03604e-05 9.43840e-01 1.58715e-18 5.74364e-05 
7364.51 1.03687e-05 9.44296e-01 1.50617e-18 5.46732e-05 
7370.00 1.03422e-05 9.44483e-01 1.47330e-18 5.33936e-05 
7380.89 1.02211e-05 9.44844e-01 1.41003e-18 5.05962e-05 
7388.19 1.01202e-05 9.45080e-01 1.36902e-18 4.87002e-05 
7390.00 1.00966e-05 9.45138e-01 1.35904e-18 4.82467e-05 
7397.28 1.00162e-05 9.45366e-01 1.31948e-18 4.65264e-05 
7410.00 9.95763e-06 9.45754e-01 1.25295e-18 4.40159e-05 
7413.69 9.96536e-06 9.45865e-01 1.23424e-18 4.34188e-05 
7425.13 1.00250e-05 9.46200e-01 1.17779e-18 4.17605e-05 
7430.00 1.00452e-05 9.46340e-01 1.15452e-18 4.10505e-05 
7430.10 1.00455e-05 9.46343e-01 1.15404e-18 4.10352e-05 
7446.53 1.00419e-05 9.46806e-01 1.07862e-18 3.84434e-05 
7450.00 1.00436e-05 9.46903e-01 1.06326e-18 3.79240e-05 
7462.26 1.00806e-05 9.47240e-01 1.01067e-18 3.62537e-05 
7462.96 1.00826e-05 9.47259e-01 1.00774e-18 3.61594e-05 
7470.00 1.00880e-05 9.47451e-01 9.78717e-19 3.51773e-05 
7479.41 1.00437e-05 9.47706e-01 9.41146e-19 3.37300e-05 
7490.00 9.98004e-06 9.47992e-01 9.00441e-19 3.21216e-05 
7495.86 9.96593e-06 9.48150e-01 8.78624e-19 3.13287e-05 
7499.57 9.96434e-06 9.48250e-01 8.65082e-19 3.08595e-05 
7510.00 9.96854e-06 9.48530e-01 8.28020e-19 2.95996e-05 
7512.33 9.96776e-06 9.48592e-01 8.19947e-19 2.93198e-05 
7528.81 9.95200e-06 9.49032e-01 7.64907e-19 2.73810e-05 
7530.00 9.95196e-06 9.49063e-01 7.61058e-19 2.72483e-05 
7537.07 9.95684e-06 9.49250e-01 7.38629e-19 2.64883e-05 
7545.29 9.95906e-06 9.49466e-01 7.13303e-19 2.56195e-05 
7550.00 9.94996e-06 9.49588e-01 6.99184e-19 2.51084e-05 
7561.79 9.88654e-06 9.49892e-01 6.64942e-19 2.37712e-05 
7570.00 9.84193e-06 9.50100e-01 6.42046e-19 2.28789e-05 
7574.75 9.82820e-06 9.50220e-01 6.29127e-19 2.24041e-05 
7578.30 9.82269e-06 9.50309e-01 6.19642e-19 2.20664e-05 
7590.00 9.80679e-06 9.50599e-01 5.89315e-19 2.09912e-05 
7594.82 9.79104e-06 9.50718e-01 5.77227e-19 2.05432e-05 
7610.00 9.73681e-06 9.51094e-01 5.40679e-19 1.91817e-05 
7611.35 9.73491e-06 9.51128e-01 5.37533e-19 1.90704e-05 
7612.63 9.73381e-06 9.51160e-01 5.34579e-19 1.89673e-05 
7627.89 9.75324e-06 9.51544e-01 5.00399e-19 1.78329e-05 
7630.00 9.75756e-06 9.51596e-01 4.95846e-19 1.76843e-05 
7644.44 9.74775e-06 9.51947e-01 4.65677e-19 1.66292e-05 
7650.00 9.70192e-06 9.52074e-01 4.54541e-19 1.61691e-05 
7650.69 9.69374e-06 9.52090e-01 4.53176e-19 1.61087e-05 
7661.01 9.53897e-06 9.52316e-01 4.33222e-19 1.51776e-05 
7670.00 9.45569e-06 9.52515e-01 4.16508e-19 1.44846e-05 
7677.58 9.49391e-06 9.52696e-01 4.02900e-19 1.40846e-05 
7688.94 9.59903e-06 9.53010e-01 3.83284e-19 1.35717e-05 
7690.00 9.60280e-06 9.53043e-01 3.81507e-19 1.35164e-05 
7694.16 9.59970e-06 9.53177e-01 3.74582e-19 1.32759e-05 
7710.00 9.48653e-06 9.53670e-01 3.49312e-19 1.22658e-05 
7710.76 9.48351e-06 9.53689e-01 3.48146e-19 1.22224e-05 
7727.36 9.48567e-06 9.53900e-01 3.23477e-19 1.13859e-05 
7727.39 9.48564e-06 9.53900e-01 3.23439e-19 1.13846e-05 
7730.00 9.47984e-06 9.53883e-01 3.19714e-19 1.12502e-05 
7743.98 9.38293e-06 9.53731e-01 3.00465e-19 1.04820e-05 
7750.00 9.35689e-06 9.53764e-01 2.92516e-19 1.01847e-05 
7760.60 9.39416e-06 9.54229e-01 2.79007e-19 9.77113e-06 
7766.03 9.42927e-06 9.54760e-01 2.72333e-19 9.58505e-06 
7770.00 9.44957e-06 9.55297e-01 2.67537e-19 9.44665e-06 
7777.24 9.46119e-06 9.56410e-01 2.59006e-19 9.17591e-06 
7790.00 9.43384e-06 9.57698e-01 2.44605e-19 8.66648e-06 
7793.89 9.42300e-06 9.57641e-01 2.40370e-19 8.51040e-06 
7804.86 9.38907e-06 9.55540e-01 2.28803e-19 8.06532e-06 
7810.00 9.36717e-06 9.53343e-01 2.23563e-19 7.84930e-06 
7810.55 9.36448e-06 9.53070e-01 2.23012e-19 7.82602e-06 
7827.22 9.27082e-06 9.43478e-01 2.06849e-19 7.12911e-06 
7830.00 9.25820e-06 9.42032e-01 2.04263e-19 7.02209e-06 
7843.88 9.23119e-06 9.38290e-01 1.91821e-19 6.56062e-06 
7843.90 9.23119e-06 9.38290e-01 1.91806e-19 6.56012e-06 
7850.00 9.23717e-06 9.39320e-01 1.86569e-19 6.39712e-06 
7860.59 9.26407e-06 9.44097e-01 1.77808e-19 6.15388e-06 
7870.00 9.27837e-06 9.49540e-01 1.70354e-19 5.94615e-06 
7877.29 9.26694e-06 9.53185e-01 1.64789e-19 5.77220e-06 
7883.10 9.24588e-06 9.55040e-01 1.60479e-19 5.62354e-06 
7890.00 9.21323e-06 9.55557e-01 1.55501e-19 5.43754e-06 
7894.00 9.19266e-06 9.55160e-01 1.52683e-19 5.32755e-06 
7910.00 9.08609e-06 9.51091e-01 1.41901e-19 4.88297e-06 
7910.73 9.07974e-06 9.50890e-01 1.41430e-19 4.86277e-06 
7922.51 8.96793e-06 9.48700e-01 1.33983e-19 4.54629e-06 
7927.46 8.92749e-06 9.48772e-01 1.30973e-19 4.42721e-06 
7930.00 8.91106e-06 9.49045e-01 1.29453e-19 4.37042e-06 
7944.20 8.88732e-06 9.52551e-01 1.21259e-19 4.10533e-06 
7950.00 8.90752e-06 9.54448e-01 1.18063e-19 4.01710e-06 
7960.96 8.97612e-06 9.57698e-01 1.12239e-19 3.86678e-06 
7962.13 8.98390e-06 9.57970e-01 1.11636e-19 3.85099e-06 
7970.00 9.02724e-06 9.59291e-01 1.07646e-19 3.74011e-06 
7977.73 9.04210e-06 9.59872e-01 1.03864e-19 3.62036e-06 
7990.00 9.00749e-06 9.59872e-01 9.81218e-20 3.41234e-06 
7994.50 8.97943e-06 9.59734e-01 9.60921e-20 3.33275e-06 
8001.94 8.92739e-06 9.59510e-01 9.28320e-20 3.20324e-06 
8010.00 8.88395e-06 9.59421e-01 8.94172e-20 3.07321e-06 
8011.29 8.87992e-06 9.59423e-01 8.88808e-20 3.05389e-06 
8028.09 8.86064e-06 9.59726e-01 8.21919e-20 2.82473e-06 
8030.00 8.85516e-06 9.59783e-01 8.14642e-20 2.79882e-06 
8041.95 8.79380e-06 9.60170e-01 7.70460e-20 2.63366e-06 
8044.90 8.78074e-06 9.60263e-01 7.59894e-20 2.59489e-06 
8050.00 8.77078e-06 9.60416e-01 7.42005e-20 2.53293e-06 
8061.72 8.80755e-06 9.60734e-01 7.02395e-20 2.41208e-06 
8070.00 8.81343e-06 9.60935e-01 6.75683e-20 2.32476e-06 
8078.56 8.74957e-06 9.61125e-01 6.49106e-20 2.21993e-06 
8082.16 8.71322e-06 9.61200e-01 6.38229e-20 2.17480e-06 
8090.00 8.65252e-06 9.61357e-01 6.15148e-20 2.08391e-06 
8095.40 8.64545e-06 9.61461e-01 5.99732e-20 2.03160e-06 
8110.00 8.70635e-06 9.61736e-01 5.59910e-20 1.91406e-06 
8112.25 8.71503e-06 9.61779e-01 5.53998e-20 1.89634e-06 
8122.57 8.73118e-06 9.61980e-01 5.27707e-20 1.81238e-06 
8129.12 8.72230e-06 9.62115e-01 5.11647e-20 1.75709e-06 
8130.00 8.72002e-06 9.62133e-01 5.09522e-20 1.74956e-06 
8145.99 8.66346e-06 9.62473e-01 4.72437e-20 1.61544e-06 
8150.00 8.65640e-06 9.62557e-01 4.63571e-20 1.58475e-06 
8162.88 8.65514e-06 9.62814e-01 4.36146e-20 1.49354e-06 
8163.18 8.65454e-06 9.62820e-01 4.35528e-20 1.49138e-06 
8170.00 8.61908e-06 9.62944e-01 4.21678e-20 1.43942e-06 
8179.78 8.48957e-06 9.63109e-01 4.02565e-20 1.35538e-06 
8190.00 8.36293e-06 9.63271e-01 3.83495e-20 1.27372e-06 
8196.69 8.34400e-06 9.63375e-01 3.71498e-20 1.23222e-06 
8204.00 8.36263e-06 9.63490e-01 3.58808e-20 1.19399e-06 
8210.00 8.37962e-06 9.63586e-01 3.48702e-20 1.16369e-06 
8213.61 8.38119e-06 9.63645e-01 3.42764e-20 1.14466e-06 
8230.00 8.35206e-06 9.63923e-01 3.17008e-20 1.05737e-06 
8230.54 8.35183e-06 9.63933e-01 3.16194e-20 1.05471e-06 
8245.02 8.38114e-06 9.64190e-01 2.95084e-20 9.89751e-07 
8247.48 8.38998e-06 9.64235e-01 2.91631e-20 9.79539e-07 
8250.00 8.39916e-06 9.64281e-01 2.88142e-20 9.69223e-07 
8264.43 8.44056e-06 9.64550e-01 2.68928e-20 9.10896e-07 
8270.00 8.44533e-06 9.64656e-01 2.61860e-20 8.88150e-07 
8281.40 8.42555e-06 9.64875e-01 2.47950e-20 8.40349e-07 
8286.24 8.40571e-06 9.64970e-01 2.42260e-20 8.19693e-07 
8290.00 8.38600e-06 9.65044e-01 2.37934e-20 8.03595e-07 
8298.37 8.32958e-06 9.65209e-01 2.28568e-20 7.67674e-07 
8310.00 8.22589e-06 9.65441e-01 2.16161e-20 7.18141e-07 
8315.36 8.16954e-06 9.65549e-01 2.10667e-20 6.95620e-07 
