##### EXOPHOT SPECTRAL OVERLAP FILE #####
# Date: 01/12/2021 13:14:58
# SED file: SED_g2v.txt
# atmosphere file: atm_g2v_hzm_os3.txt
# photopigment file: phot2f.txt
# Stellar radius (Rs in km): 6.963400e+05
# Exoplanet orbit semi-major axis (sma in km): 1.481139e+08
# Total absorption rate (gamma_t in s-1): 8.74963e+00
# B band absorption rate (gamma_B in s-1): 1.08275e+00
# Q band absorption rate (gamma_Q in s-1): 7.66688e+00
# B-Q bands cut-off (in nm): 500
# photosynthetic photon flux density [ppfd in micromol photon m-2 s-1]: 2.16868e+03
# Total Stellar Irradiance (S in W m-2): 1.37004e+03
# -------------------------------------------------
# Col 1: Wavelength (wl in Angstrom) 
# Col 2: Spectral Flux Density (F_l in J cm-2 s-1 A-1) 
# Col 3: Atmosphere transmitance (T, no units) 
# Col 4: Pigment absorption cross section (sigma_abs in cm-2) 
# Col 5: Spectral Absorption Rate (Gamma_lambda in A-1 s-1)
2507.89 6.21137e-07 1.47374e-01 4.09003e-27 4.72679e-16 
2513.00 3.76036e-07 1.49324e-01 1.09992e-26 7.81328e-16 
2515.76 3.01361e-07 1.50380e-01 1.32518e-26 7.60576e-16 
2518.00 2.65815e-07 1.51241e-01 1.50183e-26 7.65333e-16 
2523.54 2.56585e-07 1.53379e-01 2.19287e-26 1.09634e-15 
2525.00 2.68980e-07 1.53944e-01 2.49277e-26 1.31205e-15 
2528.34 3.11402e-07 1.55240e-01 3.46583e-26 2.13251e-15 
2535.00 3.73490e-07 1.57844e-01 7.07216e-26 5.32061e-15 
2539.21 3.58551e-07 1.59501e-01 1.08906e-25 7.96133e-15 
2540.98 3.64323e-07 1.60200e-01 1.29494e-25 9.66772e-15 
2545.00 4.79310e-07 1.61794e-01 1.91703e-25 1.90468e-14 
2553.68 1.11450e-06 1.65250e-01 4.48395e-25 1.06163e-13 
2554.88 1.15719e-06 1.65728e-01 5.02171e-25 1.23864e-13 
2555.00 1.15978e-06 1.65774e-01 5.07625e-25 1.25531e-13 
2565.00 9.81278e-07 1.69766e-01 1.29123e-24 2.77752e-13 
2566.45 1.01756e-06 1.70350e-01 1.47875e-24 3.31172e-13 
2570.57 1.25032e-06 1.72017e-01 2.15475e-24 5.99713e-13 
2575.00 1.48751e-06 1.73823e-01 3.18911e-24 1.06890e-12 
2579.28 1.49187e-06 1.75580e-01 4.67141e-24 1.58882e-12 
2585.00 1.32188e-06 1.77935e-01 7.73259e-24 2.36681e-12 
2586.27 1.29119e-06 1.78460e-01 8.62225e-24 2.58671e-12 
2592.18 1.20336e-06 1.80910e-01 1.41998e-23 4.03394e-12 
2595.00 1.15895e-06 1.82083e-01 1.80291e-23 4.97018e-12 
2601.98 9.76607e-07 1.85001e-01 3.22431e-23 7.63058e-12 
2605.00 9.02072e-07 1.86271e-01 4.11128e-23 9.05927e-12 
2605.14 8.99153e-07 1.86330e-01 4.15804e-23 9.13608e-12 
2615.00 8.16755e-07 1.90496e-01 9.14863e-23 1.87383e-11 
2617.70 8.28197e-07 1.91640e-01 1.12909e-22 2.36151e-11 
2618.17 8.33844e-07 1.91840e-01 1.17070e-22 2.46825e-11 
2625.00 1.20017e-06 1.94745e-01 1.97055e-22 6.08622e-11 
2631.26 2.11169e-06 1.97420e-01 3.16072e-22 1.74539e-10 
2633.43 2.42771e-06 1.98352e-01 3.70974e-22 2.36821e-10 
2635.00 2.61587e-06 1.99029e-01 4.16021e-22 2.87311e-10 
2644.41 3.46147e-06 2.03100e-01 8.19569e-22 7.67025e-10 
2645.00 3.56199e-06 2.03354e-01 8.54537e-22 8.24185e-10 
2649.17 4.49533e-06 2.05162e-01 1.14580e-21 1.40929e-09 
2655.00 5.21474e-06 2.07699e-01 1.70964e-21 2.47491e-09 
2657.64 4.82872e-06 2.08850e-01 2.04583e-21 2.76029e-09 
2664.92 2.95562e-06 2.12043e-01 3.33295e-21 2.80226e-09 
2665.00 2.94255e-06 2.12080e-01 3.35099e-21 2.80554e-09 
2670.92 2.90550e-06 2.14690e-01 4.92180e-21 4.12802e-09 
2675.00 3.48091e-06 2.16490e-01 6.39341e-21 6.48799e-09 
2680.68 4.22938e-06 2.19004e-01 9.14685e-21 1.14332e-08 
2684.28 4.30503e-06 2.20600e-01 1.14146e-20 1.46485e-08 
2685.00 4.25848e-06 2.20920e-01 1.19286e-20 1.51686e-08 
2695.00 2.84267e-06 2.25373e-01 2.17825e-20 1.89329e-08 
2696.45 2.86379e-06 2.26022e-01 2.37240e-20 2.08447e-08 
2697.70 2.95571e-06 2.26580e-01 2.55164e-20 2.32071e-08 
2705.00 3.71936e-06 2.29854e-01 3.88172e-20 4.51892e-08 
2711.19 3.10995e-06 2.32640e-01 5.49769e-20 5.42877e-08 
2712.24 2.92429e-06 2.33112e-01 5.82511e-20 5.42174e-08 
2715.00 2.43166e-06 2.34360e-01 6.77713e-20 5.27867e-08 
2724.74 1.66641e-06 2.38770e-01 1.14239e-19 6.23482e-08 
2725.00 1.67555e-06 2.38886e-01 1.15783e-19 6.35745e-08 
2728.03 1.88888e-06 2.40261e-01 1.35619e-19 8.45245e-08 
2735.00 2.28481e-06 2.43434e-01 1.93564e-19 1.48230e-07 
2738.37 1.98216e-06 2.44970e-01 2.29153e-19 1.53389e-07 
2743.83 1.25862e-06 2.47465e-01 2.99864e-19 1.29006e-07 
2745.00 1.17029e-06 2.47998e-01 3.17286e-19 1.27249e-07 
2752.06 1.46225e-06 2.51230e-01 4.44014e-19 2.25981e-07 
2755.00 1.76783e-06 2.52579e-01 5.09355e-19 3.15430e-07 
2759.65 2.16794e-06 2.54716e-01 6.30622e-19 4.83783e-07 
2765.00 2.49514e-06 2.57182e-01 8.01740e-19 7.16122e-07 
2765.82 2.53581e-06 2.57560e-01 8.31415e-19 7.56066e-07 
2775.00 2.53884e-06 2.61799e-01 1.23808e-18 1.14957e-06 
2775.47 2.50161e-06 2.62019e-01 1.26328e-18 1.15694e-06 
2779.65 2.01880e-06 2.63950e-01 1.50508e-18 1.12224e-06 
2785.00 1.27562e-06 2.66426e-01 1.87508e-18 8.93438e-07 
2791.31 7.03519e-07 2.69352e-01 2.41397e-18 6.42777e-07 
2793.55 5.84054e-07 2.70390e-01 2.63509e-18 5.85218e-07 
2795.00 5.24392e-07 2.71064e-01 2.78800e-18 5.57604e-07 
2805.00 6.61828e-07 2.75718e-01 4.07016e-18 1.04876e-06 
2807.16 8.89724e-07 2.76724e-01 4.40629e-18 1.53308e-06 
2807.52 9.34485e-07 2.76890e-01 4.46397e-18 1.63247e-06 
2815.00 2.15668e-06 2.80380e-01 5.83588e-18 5.00082e-06 
2821.55 3.21709e-06 2.83440e-01 7.32066e-18 9.48171e-06 
2823.02 3.38148e-06 2.84124e-01 7.69319e-18 1.05041e-05 
2825.00 3.53321e-06 2.85051e-01 8.22270e-18 1.17774e-05 
2835.00 3.07517e-06 2.89730e-01 1.13871e-17 1.44795e-05 
2835.66 2.99551e-06 2.90040e-01 1.16279e-17 1.44215e-05 
2838.89 2.56072e-06 2.91551e-01 1.28647e-17 1.37261e-05 
2845.00 1.62679e-06 2.94418e-01 1.55057e-17 1.06363e-05 
2849.84 9.65446e-07 2.96690e-01 1.78972e-17 7.35460e-06 
2854.77 7.56786e-07 2.99006e-01 2.06304e-17 6.70897e-06 
2855.00 7.65840e-07 2.99116e-01 2.07674e-17 6.83736e-06 
2864.09 2.28881e-06 3.03390e-01 2.67051e-17 2.67371e-05 
2865.00 2.51249e-06 3.03818e-01 2.73671e-17 3.01297e-05 
2870.66 3.81209e-06 3.06477e-01 3.17666e-17 5.36334e-05 
2875.00 4.33447e-06 3.08517e-01 3.54957e-17 6.86992e-05 
2878.41 4.26277e-06 3.10120e-01 3.86480e-17 7.40328e-05 
2885.00 3.87158e-06 3.13221e-01 4.53264e-17 7.98290e-05 
2886.56 3.92379e-06 3.13956e-01 4.70233e-17 8.41765e-05 
2892.80 4.73923e-06 3.16890e-01 5.42730e-17 1.18698e-04 
2895.00 5.13013e-06 3.17922e-01 5.70051e-17 1.35499e-04 
2902.47 6.30493e-06 3.21422e-01 6.69967e-17 1.98381e-04 
2907.27 6.80884e-06 3.23660e-01 7.39893e-17 2.38637e-04 
2910.00 6.96967e-06 3.24935e-01 7.81842e-17 2.59384e-04 
2918.40 6.87445e-06 3.28848e-01 9.19817e-17 3.05494e-04 
2921.80 6.67358e-06 3.30440e-01 9.79697e-17 3.17773e-04 
2930.00 6.12857e-06 3.34290e-01 1.13271e-16 3.42287e-04 
2934.33 5.93571e-06 3.36330e-01 1.21832e-16 3.59279e-04 
2936.41 5.87430e-06 3.37310e-01 1.26057e-16 3.69227e-04 
2950.00 5.82549e-06 3.43707e-01 1.55245e-16 4.61619e-04 
2950.28 5.82872e-06 3.43836e-01 1.55861e-16 4.63927e-04 
2951.09 5.83887e-06 3.44220e-01 1.57697e-16 4.70862e-04 
2965.85 6.07885e-06 3.51130e-01 1.91907e-16 6.11577e-04 
2966.23 6.08435e-06 3.51309e-01 1.92816e-16 6.15425e-04 
2970.00 6.12963e-06 3.53073e-01 2.01785e-16 6.52931e-04 
2980.68 6.15554e-06 3.58070e-01 2.27313e-16 7.51791e-04 
2982.20 6.14877e-06 3.58782e-01 2.30938e-16 7.64847e-04 
2990.00 6.08496e-06 3.62432e-01 2.49355e-16 8.27745e-04 
2995.58 6.02295e-06 3.65040e-01 2.62245e-16 8.69484e-04 
2998.18 5.99837e-06 3.66252e-01 2.68129e-16 8.89073e-04 
3010.00 6.03487e-06 3.71760e-01 2.93734e-16 9.98563e-04 
3010.56 6.04607e-06 3.72020e-01 2.94886e-16 1.00523e-03 
3014.16 6.14080e-06 3.73695e-01 3.02181e-16 1.05220e-03 
3025.61 6.55224e-06 3.79000e-01 3.23468e-16 1.22348e-03 
3030.00 6.68114e-06 3.81029e-01 3.30787e-16 1.28447e-03 
3030.16 6.68501e-06 3.81106e-01 3.31052e-16 1.28657e-03 
3040.74 6.82320e-06 3.85990e-01 3.46472e-16 1.39680e-03 
3046.18 6.87959e-06 3.88500e-01 3.53133e-16 1.44734e-03 
3050.00 6.94828e-06 3.90264e-01 3.57277e-16 1.48752e-03 
3055.94 7.11917e-06 3.93000e-01 3.62815e-16 1.56162e-03 
3062.20 7.30013e-06 3.95871e-01 3.67449e-16 1.63696e-03 
3070.00 7.35157e-06 3.99441e-01 3.71509e-16 1.68603e-03 
3071.22 7.32896e-06 4.00000e-01 3.71975e-16 1.68597e-03 
3078.23 7.08099e-06 4.03198e-01 3.73776e-16 1.65366e-03 
3086.58 6.81241e-06 4.07000e-01 3.74052e-16 1.61149e-03 
3090.00 6.81402e-06 4.08555e-01 3.73611e-16 1.61791e-03 
3094.27 6.95673e-06 4.10494e-01 3.72635e-16 1.65759e-03 
3102.01 7.43640e-06 4.14000e-01 3.69741e-16 1.77757e-03 
3110.00 7.84990e-06 4.17611e-01 3.65396e-16 1.87536e-03 
3110.33 7.85847e-06 4.17759e-01 3.65192e-16 1.87722e-03 
3117.52 7.85174e-06 4.21000e-01 3.60231e-16 1.86880e-03 
3126.39 7.52029e-06 4.24978e-01 3.53064e-16 1.77591e-03 
3130.00 7.35561e-06 4.26591e-01 3.49885e-16 1.72991e-03 
3133.11 7.22502e-06 4.27980e-01 3.47046e-16 1.69258e-03 
3142.47 6.97897e-06 4.32156e-01 3.38092e-16 1.61310e-03 
3148.77 7.01089e-06 4.34960e-01 3.31850e-16 1.60409e-03 
3150.00 7.04171e-06 4.35504e-01 3.30628e-16 1.60784e-03 
3158.56 7.42185e-06 4.39292e-01 3.22102e-16 1.66982e-03 
3164.52 7.67067e-06 4.41920e-01 3.16255e-16 1.70783e-03 
3170.00 7.71399e-06 4.44330e-01 3.11016e-16 1.70118e-03 
3174.66 7.53965e-06 4.46372e-01 3.06706e-16 1.64964e-03 
3180.34 7.18741e-06 4.48860e-01 3.01661e-16 1.55811e-03 
3190.00 6.81738e-06 4.53075e-01 2.93742e-16 1.45703e-03 
3190.77 6.82529e-06 4.53408e-01 2.93153e-16 1.45721e-03 
3196.24 7.04372e-06 4.55790e-01 2.89125e-16 1.49354e-03 
3206.89 7.57848e-06 4.60399e-01 2.82254e-16 1.58988e-03 
3210.00 7.56294e-06 4.61742e-01 2.80494e-16 1.58286e-03 
3212.22 7.46423e-06 4.62700e-01 2.79306e-16 1.55989e-03 
3223.02 6.49884e-06 4.67330e-01 2.74367e-16 1.35200e-03 
3228.29 6.20576e-06 4.69580e-01 2.72446e-16 1.29027e-03 
3230.00 6.20031e-06 4.70311e-01 2.71887e-16 1.28918e-03 
3239.16 7.00112e-06 4.74207e-01 2.69434e-16 1.45863e-03 
3244.43 7.82713e-06 4.76440e-01 2.68407e-16 1.63481e-03 
3250.00 8.71826e-06 4.78798e-01 2.67597e-16 1.82755e-03 
3255.32 9.40771e-06 4.81039e-01 2.67065e-16 1.98060e-03 
3260.65 9.91191e-06 4.83280e-01 2.66743e-16 2.09738e-03 
3270.00 1.03656e-05 4.87186e-01 2.66605e-16 2.21631e-03 
3271.48 1.03896e-05 4.87803e-01 2.66625e-16 2.22542e-03 
3276.95 1.03826e-05 4.90080e-01 2.66779e-16 2.23933e-03 
3287.66 1.00856e-05 4.94520e-01 2.67340e-16 2.20677e-03 
3290.00 9.99845e-06 4.95485e-01 2.67490e-16 2.19477e-03 
3293.34 9.87501e-06 4.96850e-01 2.67710e-16 2.17765e-03 
3303.84 9.54183e-06 5.01090e-01 2.68382e-16 2.13424e-03 
3309.80 9.42891e-06 5.03480e-01 2.68687e-16 2.12528e-03 
3310.00 9.42653e-06 5.03559e-01 2.68696e-16 2.12527e-03 
3320.04 9.41689e-06 5.07599e-01 2.68955e-16 2.14869e-03 
3326.35 9.49883e-06 5.10140e-01 2.68893e-16 2.18188e-03 
3330.00 9.56669e-06 5.11607e-01 2.68762e-16 2.20512e-03 
3336.25 9.68070e-06 5.14116e-01 2.68349e-16 2.24310e-03 
3342.98 9.65460e-06 5.16810e-01 2.67609e-16 2.24711e-03 
3350.00 9.25543e-06 5.19606e-01 2.66481e-16 2.16125e-03 
3352.47 8.98877e-06 5.20589e-01 2.65990e-16 2.10063e-03 
3359.70 7.99961e-06 5.23450e-01 2.64260e-16 1.87154e-03 
3368.70 7.02598e-06 5.26992e-01 2.61465e-16 1.64177e-03 
3370.00 6.96912e-06 5.27499e-01 2.61003e-16 1.62779e-03 
3376.50 7.08309e-06 5.30040e-01 2.58449e-16 1.64928e-03 
3384.95 7.76598e-06 5.33332e-01 2.54539e-16 1.79649e-03 
3390.00 8.14781e-06 5.35293e-01 2.51882e-16 1.87479e-03 
3393.38 8.29419e-06 5.36600e-01 2.49972e-16 1.90052e-03 
3401.20 8.36435e-06 5.39611e-01 2.45151e-16 1.89454e-03 
3410.00 8.31818e-06 5.42978e-01 2.39077e-16 1.85364e-03 
3410.35 8.31958e-06 5.43110e-01 2.38824e-16 1.85263e-03 
3417.47 8.43347e-06 5.45821e-01 2.33407e-16 1.84840e-03 
3427.40 8.73010e-06 5.49580e-01 2.25182e-16 1.86411e-03 
3430.00 8.80537e-06 5.50560e-01 2.22909e-16 1.86593e-03 
3433.74 8.89751e-06 5.51967e-01 2.19554e-16 1.86386e-03 
3444.54 9.07933e-06 5.56000e-01 2.09387e-16 1.83287e-03 
3450.00 9.14571e-06 5.58030e-01 2.03988e-16 1.80810e-03 
3450.03 9.14609e-06 5.58042e-01 2.03956e-16 1.80794e-03 
3461.76 9.30802e-06 5.62370e-01 1.91901e-16 1.75056e-03 
3466.33 9.40608e-06 5.64047e-01 1.87058e-16 1.73178e-03 
3470.00 9.50946e-06 5.65388e-01 1.83126e-16 1.71991e-03 
3479.07 9.87120e-06 5.68690e-01 1.73272e-16 1.70357e-03 
3482.64 1.00468e-05 5.69987e-01 1.69347e-16 1.70022e-03 
3490.00 1.04454e-05 5.72647e-01 1.61229e-16 1.69435e-03 
3496.46 1.07950e-05 5.74970e-01 1.54083e-16 1.68334e-03 
3498.96 1.09040e-05 5.75865e-01 1.51320e-16 1.67366e-03 
3510.00 1.09431e-05 5.79793e-01 1.39200e-16 1.56056e-03 
3513.95 1.07104e-05 5.81190e-01 1.34911e-16 1.48556e-03 
3515.30 1.06102e-05 5.81668e-01 1.33449e-16 1.45748e-03 
3530.00 1.00222e-05 5.86841e-01 1.17856e-16 1.23178e-03 
3531.51 1.01192e-05 5.87370e-01 1.16287e-16 1.22878e-03 
3531.64 1.01290e-05 5.87414e-01 1.16157e-16 1.22873e-03 
3548.00 1.17555e-05 5.93075e-01 9.97954e-17 1.24271e-03 
3549.17 1.17533e-05 5.93480e-01 9.86634e-17 1.22962e-03 
3550.00 1.17299e-05 5.93765e-01 9.78703e-17 1.21818e-03 
3564.36 9.40165e-06 5.98682e-01 8.46361e-17 8.54794e-04 
3566.92 8.91315e-06 5.99550e-01 8.23927e-17 7.90609e-04 
3570.00 8.43342e-06 6.00594e-01 7.97327e-17 7.25793e-04 
3580.74 7.98487e-06 6.04208e-01 7.08661e-17 6.16295e-04 
3584.75 8.16415e-06 6.05550e-01 6.77208e-17 6.04179e-04 
3590.00 8.53289e-06 6.07302e-01 6.37438e-17 5.96976e-04 
3597.13 9.09347e-06 6.09674e-01 5.85906e-17 5.88213e-04 
3602.68 9.50218e-06 6.11510e-01 5.47851e-17 5.77348e-04 
3610.00 9.91970e-06 6.13920e-01 5.00276e-17 5.53669e-04 
3613.53 1.00456e-05 6.15077e-01 4.78412e-17 5.37730e-04 
3620.69 1.01545e-05 6.17410e-01 4.36247e-17 4.98516e-04 
3629.94 1.00696e-05 6.20406e-01 3.85875e-17 4.40512e-04 
3630.00 1.00685e-05 6.20424e-01 3.85588e-17 4.40157e-04 
3638.79 1.01230e-05 6.23250e-01 3.41951e-17 3.95198e-04 
3640.00 1.02194e-05 6.23636e-01 3.36273e-17 3.92711e-04 
3646.37 1.11421e-05 6.25667e-01 3.07505e-17 3.93501e-04 
3650.00 1.17092e-05 6.26821e-01 2.91988e-17 3.93777e-04 
3656.99 1.22954e-05 6.29030e-01 2.63877e-17 3.75719e-04 
3662.80 1.23469e-05 6.30859e-01 2.42169e-17 3.47812e-04 
3670.00 1.20827e-05 6.33109e-01 2.17333e-17 3.07154e-04 
3675.27 1.17991e-05 6.34750e-01 2.00493e-17 2.77820e-04 
3679.25 1.16011e-05 6.35984e-01 1.88513e-17 2.57615e-04 
3690.00 1.14738e-05 6.39301e-01 1.59078e-17 2.16756e-04 
3693.65 1.16504e-05 6.40420e-01 1.50009e-17 2.08114e-04 
3695.71 1.17817e-05 6.41050e-01 1.45087e-17 2.03868e-04 
3710.00 1.20237e-05 6.45392e-01 1.14556e-17 1.66028e-04 
3712.12 1.17879e-05 6.46030e-01 1.10540e-17 1.57309e-04 
3712.18 1.17799e-05 6.46048e-01 1.10428e-17 1.57050e-04 
3728.66 8.84509e-06 6.50970e-01 8.31388e-18 8.98551e-05 
3730.00 8.70158e-06 6.51369e-01 8.12014e-18 8.64212e-05 
3730.68 8.64394e-06 6.51570e-01 8.02384e-18 8.48723e-05 
3745.15 9.21539e-06 6.55840e-01 6.19308e-18 7.05685e-05 
3749.33 9.73699e-06 6.57050e-01 5.73819e-18 6.92908e-05 
3750.00 9.82346e-06 6.57242e-01 5.66822e-18 6.90862e-05 
3761.65 1.12171e-05 6.60540e-01 4.56558e-18 6.40584e-05 
3768.08 1.17610e-05 6.62340e-01 4.04371e-18 5.97512e-05 
3770.00 1.18732e-05 6.62879e-01 3.89833e-18 5.82297e-05 
3778.17 1.21013e-05 6.65176e-01 3.33179e-18 5.10094e-05 
3786.92 1.22014e-05 6.67640e-01 2.80853e-18 4.36155e-05 
3790.00 1.22827e-05 6.68507e-01 2.64282e-18 4.14027e-05 
3794.70 1.24793e-05 6.69827e-01 2.40745e-18 3.84425e-05 
3805.85 1.24466e-05 6.72950e-01 1.92290e-18 3.08578e-05 
3810.00 1.18994e-05 6.74105e-01 1.76692e-18 2.71841e-05 
3811.23 1.16515e-05 6.74447e-01 1.72282e-18 2.59753e-05 
3824.88 7.93010e-06 6.78210e-01 1.29808e-18 1.34427e-05 
3827.78 7.38753e-06 6.79002e-01 1.22133e-18 1.18052e-05 
3830.00 7.15129e-06 6.79606e-01 1.16551e-18 1.09215e-05 
3844.01 8.70462e-06 6.83390e-01 8.64171e-19 9.94777e-06 
3844.34 8.76700e-06 6.83481e-01 8.57894e-19 9.94847e-06 
3850.00 9.63437e-06 6.84998e-01 7.58866e-19 9.70648e-06 
3860.92 9.80110e-06 6.87908e-01 5.97237e-19 7.82648e-06 
3863.23 9.69065e-06 6.88520e-01 5.67453e-19 7.36330e-06 
3870.00 9.40439e-06 6.90305e-01 4.87932e-19 6.17113e-06 
3877.50 9.52408e-06 6.92267e-01 4.12166e-19 5.30449e-06 
3882.54 9.93359e-06 6.93580e-01 3.67605e-19 4.95021e-06 
3890.00 1.10545e-05 6.95514e-01 3.09952e-19 4.66674e-06 
3894.10 1.19073e-05 6.96572e-01 2.82038e-19 4.58583e-06 
3901.96 1.33009e-05 6.98590e-01 2.34990e-19 4.28902e-06 
3910.00 1.30534e-05 7.00638e-01 1.94604e-19 3.50322e-06 
3910.70 1.28980e-05 7.00817e-01 1.91403e-19 3.40608e-06 
3921.46 8.88450e-06 7.03530e-01 1.48261e-19 1.82943e-06 
3927.32 7.12474e-06 7.04997e-01 1.28852e-19 1.27958e-06 
3930.00 6.86908e-06 7.05665e-01 1.20806e-19 1.15852e-06 
3941.07 9.56458e-06 7.08410e-01 9.23441e-20 1.24136e-06 
3943.95 1.05338e-05 7.09119e-01 8.60654e-20 1.27640e-06 
3950.00 1.16872e-05 7.10600e-01 7.41799e-20 1.22502e-06 
3960.59 9.60718e-06 7.13176e-01 5.70494e-20 7.79340e-07 
3960.78 9.55364e-06 7.13220e-01 5.67902e-20 7.71559e-07 
3970.00 8.06486e-06 7.15447e-01 4.50741e-20 5.19774e-07 
3977.25 1.00466e-05 7.17185e-01 3.75360e-20 5.41507e-07 
3980.58 1.16017e-05 7.17980e-01 3.44898e-20 5.75697e-07 
3990.00 1.58795e-05 7.20211e-01 2.71136e-20 6.22845e-07 
3993.91 1.68537e-05 7.21132e-01 2.45192e-20 5.99155e-07 
4000.48 1.73801e-05 7.22670e-01 2.06898e-20 5.23342e-07 
4010.00 1.69933e-05 7.24883e-01 1.61517e-20 4.01635e-07 
4010.59 1.69671e-05 7.25019e-01 1.59042e-20 3.95005e-07 
4020.49 1.67965e-05 7.27300e-01 1.22625e-20 3.03189e-07 
4027.28 1.68104e-05 7.28853e-01 1.02459e-20 2.54510e-07 
4030.00 1.68045e-05 7.29473e-01 9.53121e-21 2.37035e-07 
4040.59 1.65879e-05 7.31870e-01 7.18213e-21 1.77356e-07 
4043.98 1.64540e-05 7.32633e-01 6.55696e-21 1.60914e-07 
4050.00 1.61435e-05 7.33982e-01 5.57354e-21 1.34646e-07 
4060.69 1.55499e-05 7.36358e-01 4.16916e-21 9.75863e-08 
4060.79 1.55464e-05 7.36380e-01 4.15769e-21 9.73013e-08 
4070.00 1.56404e-05 7.38404e-01 3.23102e-21 7.64539e-08 
4077.41 1.64466e-05 7.40021e-01 2.63430e-21 6.58102e-08 
4081.10 1.69547e-05 7.40820e-01 2.37915e-21 6.13939e-08 
4090.00 1.78856e-05 7.42744e-01 1.85752e-21 5.08068e-08 
4094.15 1.79687e-05 7.43637e-01 1.65437e-21 4.55615e-08 
4101.50 1.76848e-05 7.45210e-01 1.34607e-21 3.66277e-08 
4110.00 1.72304e-05 7.47015e-01 1.05935e-21 2.82116e-08 
4110.90 1.72037e-05 7.47205e-01 1.03282e-21 2.74754e-08 
4122.01 1.72494e-05 7.49540e-01 7.53200e-22 2.02074e-08 
4127.66 1.73695e-05 7.50716e-01 6.41083e-22 1.73702e-08 
4130.00 1.74022e-05 7.51202e-01 5.99449e-22 1.62924e-08 
4142.62 1.73441e-05 7.53800e-01 4.16918e-22 1.13673e-08 
4144.43 1.73303e-05 7.54170e-01 3.95713e-22 1.07906e-08 
4150.00 1.73330e-05 7.55308e-01 3.36677e-22 9.20836e-09 
4161.21 1.75463e-05 7.57582e-01 2.42944e-22 6.76495e-09 
4163.33 1.75755e-05 7.58010e-01 2.28315e-22 6.37500e-09 
4170.00 1.75320e-05 7.59349e-01 1.87764e-22 5.24743e-09 
4178.00 1.71407e-05 7.60944e-01 1.48388e-22 4.07074e-09 
4184.15 1.67752e-05 7.62160e-01 1.23737e-22 3.33231e-09 
4190.00 1.65668e-05 7.63309e-01 1.04043e-22 2.77517e-09 
4194.81 1.65841e-05 7.64248e-01 9.02082e-23 2.41439e-09 
4205.07 1.68643e-05 7.66240e-01 6.64386e-23 1.81740e-09 
4210.00 1.69017e-05 7.67192e-01 5.73494e-23 1.57604e-09 
4211.63 1.68756e-05 7.67505e-01 5.46323e-23 1.50025e-09 
4226.10 1.62357e-05 7.70270e-01 3.54485e-23 9.43138e-10 
4228.45 1.61627e-05 7.70716e-01 3.30405e-23 8.76113e-10 
4230.00 1.61349e-05 7.71007e-01 3.15528e-23 8.35848e-10 
4245.30 1.64044e-05 7.73878e-01 2.00825e-23 5.44856e-10 
4247.23 1.64232e-05 7.74240e-01 1.89862e-23 5.16180e-10 
4250.00 1.64080e-05 7.74762e-01 1.75229e-23 4.76585e-10 
4262.15 1.57815e-05 7.77021e-01 1.24776e-23 3.28293e-10 
4268.46 1.53612e-05 7.78150e-01 1.05747e-23 2.71615e-10 
4270.00 1.52764e-05 7.78418e-01 1.01737e-23 2.60054e-10 
4279.01 1.48920e-05 7.79943e-01 8.25685e-24 2.06585e-10 
4289.80 1.39242e-05 7.81760e-01 6.78604e-24 1.59522e-10 
4290.00 1.38941e-05 7.81794e-01 6.76665e-24 1.58737e-10 
4295.89 1.28157e-05 7.82823e-01 6.29471e-24 1.36571e-10 
4310.00 1.15793e-05 7.85347e-01 5.96685e-24 1.17731e-10 
4311.25 1.17558e-05 7.85570e-01 5.99000e-24 1.20058e-10 
4312.78 1.20487e-05 7.85841e-01 6.02932e-24 1.23943e-10 
4329.68 1.68355e-05 7.88782e-01 7.30973e-24 2.11574e-10 
4330.00 1.68830e-05 7.88837e-01 7.34979e-24 2.13364e-10 
4332.81 1.71352e-05 7.89320e-01 7.72624e-24 2.27931e-10 
4346.59 1.62227e-05 7.91681e-01 1.03318e-23 2.90348e-10 
4350.00 1.60786e-05 7.92262e-01 1.11929e-23 3.12227e-10 
4354.47 1.62667e-05 7.93020e-01 1.24722e-23 3.52684e-10 
4363.51 1.72953e-05 7.94541e-01 1.56424e-23 4.72181e-10 
4370.00 1.77604e-05 7.95623e-01 1.84678e-23 5.74092e-10 
4376.25 1.74794e-05 7.96660e-01 2.17036e-23 6.65820e-10 
4380.45 1.70316e-05 7.97356e-01 2.42041e-23 7.24833e-10 
4390.00 1.61295e-05 7.98926e-01 3.09974e-23 8.82757e-10 
4397.40 1.62305e-05 8.00132e-01 3.75193e-23 1.07862e-09 
4398.13 1.62765e-05 8.00250e-01 3.82284e-23 1.10246e-09 
4410.00 1.74277e-05 8.02159e-01 5.17795e-23 1.60702e-09 
4414.36 1.78465e-05 8.02855e-01 5.78241e-23 1.84115e-09 
4420.12 1.82868e-05 8.03770e-01 6.68402e-23 2.18607e-09 
4430.00 1.86489e-05 8.05334e-01 8.55048e-23 2.86382e-09 
4431.33 1.86523e-05 8.05544e-01 8.83643e-23 2.96181e-09 
4442.22 1.84628e-05 8.07250e-01 1.15400e-22 3.84625e-09 
4448.31 1.84219e-05 8.08196e-01 1.33774e-22 4.46009e-09 
4450.00 1.84492e-05 8.08457e-01 1.39320e-22 4.65513e-09 
4464.43 1.92199e-05 8.10670e-01 1.96469e-22 6.87982e-09 
4465.31 1.92670e-05 8.10804e-01 2.00587e-22 7.04382e-09 
4470.00 1.94464e-05 8.11518e-01 2.23916e-22 7.95157e-09 
4482.32 1.94224e-05 8.13377e-01 2.97905e-22 1.06194e-08 
4486.75 1.94981e-05 8.14040e-01 3.29725e-22 1.18208e-08 
4490.00 1.96729e-05 8.14524e-01 3.55032e-22 1.28591e-08 
4499.34 2.07152e-05 8.15905e-01 4.38277e-22 1.67783e-08 
4509.19 2.15159e-05 8.17350e-01 5.45572e-22 2.17791e-08 
4510.00 2.15175e-05 8.17469e-01 5.55472e-22 2.21832e-08 
4516.37 2.11158e-05 8.18399e-01 6.38820e-22 2.50994e-08 
4530.00 1.95068e-05 8.20372e-01 8.57805e-22 3.13045e-08 
4531.73 1.94037e-05 8.20620e-01 8.90150e-22 3.23353e-08 
4533.41 1.93434e-05 8.20861e-01 9.22647e-22 3.34338e-08 
4550.00 2.01502e-05 8.23213e-01 1.30787e-21 4.96924e-08 
4550.47 2.01926e-05 8.23279e-01 1.32065e-21 5.02929e-08 
4554.39 2.05498e-05 8.23830e-01 1.43229e-21 5.55942e-08 
4567.54 2.13420e-05 8.25663e-01 1.87371e-21 7.59181e-08 
4570.00 2.13401e-05 8.26005e-01 1.96928e-21 7.98595e-08 
4577.16 2.10036e-05 8.26990e-01 2.27329e-21 9.09843e-08 
4584.62 2.04544e-05 8.28006e-01 2.63539e-21 1.03013e-07 
4590.00 2.01874e-05 8.28736e-01 2.92918e-21 1.13235e-07 
4600.05 2.03088e-05 8.30090e-01 3.55973e-21 1.38967e-07 
4601.71 2.03723e-05 8.30313e-01 3.67523e-21 1.44015e-07 
4610.00 2.06450e-05 8.31426e-01 4.30527e-21 1.71500e-07 
4618.81 2.06079e-05 8.32600e-01 5.08256e-21 2.02771e-07 
4623.05 2.05114e-05 8.33160e-01 5.50018e-21 2.18752e-07 
4630.00 2.03591e-05 8.34070e-01 6.25440e-21 2.47543e-07 
4635.93 2.03153e-05 8.34840e-01 6.97112e-21 2.75923e-07 
4646.16 2.04329e-05 8.36160e-01 8.38732e-21 3.35166e-07 
4650.00 2.05267e-05 8.36654e-01 8.98278e-21 3.61120e-07 
4653.06 2.06155e-05 8.37046e-01 9.48435e-21 3.83365e-07 
4669.39 2.10357e-05 8.39130e-01 1.26251e-20 5.23847e-07 
4670.00 2.10415e-05 8.39207e-01 1.27580e-20 5.29627e-07 
4670.20 2.10432e-05 8.39231e-01 1.28014e-20 5.31507e-07 
4687.35 2.07397e-05 8.41375e-01 1.71440e-20 7.05920e-07 
4690.00 2.06213e-05 8.41702e-01 1.79230e-20 7.34483e-07 
4692.74 2.04828e-05 8.42040e-01 1.87618e-20 7.64447e-07 
4704.51 1.99339e-05 8.43482e-01 2.27841e-20 9.07270e-07 
4710.00 1.98651e-05 8.44149e-01 2.49113e-20 9.90494e-07 
4716.20 2.00318e-05 8.44900e-01 2.75314e-20 1.10629e-06 
4721.69 2.03160e-05 8.45561e-01 3.00518e-20 1.22709e-06 
4730.00 2.07631e-05 8.46557e-01 3.42646e-20 1.43410e-06 
4738.88 2.10116e-05 8.47613e-01 3.93448e-20 1.67164e-06 
4739.79 2.10243e-05 8.47720e-01 3.98992e-20 1.69676e-06 
4750.00 2.10831e-05 8.48922e-01 4.66505e-20 1.99653e-06 
4756.08 2.10941e-05 8.49632e-01 5.11372e-20 2.19432e-06 
4763.48 2.11027e-05 8.50490e-01 5.71152e-20 2.45814e-06 
4770.00 2.11036e-05 8.51240e-01 6.28819e-20 2.71254e-06 
4773.29 2.11008e-05 8.51617e-01 6.59892e-20 2.84942e-06 
4787.30 2.10242e-05 8.53210e-01 8.07736e-20 3.49188e-06 
4790.00 2.09902e-05 8.53515e-01 8.39356e-20 3.62603e-06 
4790.52 2.09827e-05 8.53573e-01 8.45568e-20 3.65221e-06 
4807.76 2.07621e-05 8.55504e-01 1.07601e-19 4.62570e-06 
4810.00 2.07699e-05 8.55753e-01 1.10971e-19 4.77597e-06 
4811.24 2.07809e-05 8.55890e-01 1.12871e-19 4.86234e-06 
4825.01 2.10229e-05 8.57403e-01 1.35997e-19 5.95427e-06 
4830.00 2.10430e-05 8.57946e-01 1.45348e-19 6.38039e-06 
4835.29 2.09453e-05 8.58520e-01 1.55871e-19 6.82257e-06 
4842.27 2.05826e-05 8.59272e-01 1.70740e-19 7.36106e-06 
4850.00 1.98099e-05 8.60102e-01 1.88639e-19 7.84745e-06 
4859.47 1.84615e-05 8.61110e-01 2.12757e-19 8.27413e-06 
4859.54 1.84517e-05 8.61118e-01 2.12954e-19 8.27757e-06 
4870.00 1.76937e-05 8.62221e-01 2.42639e-19 9.07510e-06 
4876.83 1.82222e-05 8.62937e-01 2.63893e-19 1.01875e-05 
4883.77 1.92162e-05 8.63660e-01 2.87084e-19 1.17138e-05 
4890.00 2.00022e-05 8.64306e-01 3.09375e-19 1.31662e-05 
4894.13 2.02723e-05 8.64732e-01 3.24945e-19 1.40344e-05 
4908.19 2.00767e-05 8.66170e-01 3.83007e-19 1.64568e-05 
4910.00 1.99995e-05 8.66354e-01 3.91095e-19 1.67495e-05 
4911.44 1.99397e-05 8.66500e-01 3.97630e-19 1.69863e-05 
4928.77 1.95719e-05 8.68237e-01 4.83593e-19 2.03898e-05 
4930.00 1.95847e-05 8.68359e-01 4.90269e-19 2.06929e-05 
4932.73 1.96368e-05 8.68630e-01 5.05294e-19 2.14023e-05 
4946.10 2.01707e-05 8.69949e-01 5.84601e-19 2.55423e-05 
4950.00 2.03402e-05 8.70330e-01 6.09564e-19 2.68898e-05 
4957.39 2.05763e-05 8.71050e-01 6.59309e-19 2.94901e-05 
4963.45 2.06396e-05 8.71636e-01 7.02523e-19 3.15794e-05 
4970.00 2.05244e-05 8.72267e-01 7.51819e-19 3.36755e-05 
4980.81 1.98930e-05 8.73300e-01 8.39319e-19 3.65607e-05 
4982.18 1.97886e-05 8.73430e-01 8.50953e-19 3.68885e-05 
4990.00 1.91697e-05 8.74171e-01 9.20008e-19 3.87283e-05 
4998.18 1.86167e-05 8.74940e-01 9.97016e-19 4.08619e-05 
5007.09 1.83493e-05 8.75770e-01 1.08657e-18 4.40127e-05 
5010.00 1.83784e-05 8.76039e-01 1.11719e-18 4.53647e-05 
5015.57 1.86086e-05 8.76552e-01 1.17768e-18 4.85022e-05 
5030.00 1.94206e-05 8.77867e-01 1.34645e-18 5.81264e-05 
5032.12 1.94621e-05 8.78060e-01 1.37282e-18 5.94296e-05 
5032.97 1.94702e-05 8.78136e-01 1.38339e-18 5.99272e-05 
5050.00 1.93886e-05 8.79670e-01 1.61083e-18 6.98443e-05 
5050.38 1.93966e-05 8.79704e-01 1.61619e-18 7.01135e-05 
5057.29 1.96722e-05 8.80320e-01 1.71645e-18 7.56774e-05 
5067.80 2.01069e-05 8.81250e-01 1.87807e-18 8.48983e-05 
5070.00 2.01241e-05 8.81443e-01 1.91328e-18 8.66205e-05 
5082.57 1.96412e-05 8.82540e-01 2.12411e-18 9.42079e-05 
5085.24 1.95088e-05 8.82771e-01 2.17092e-18 9.57099e-05 
5090.00 1.93466e-05 8.83183e-01 2.25651e-18 9.87949e-05 
5102.68 1.95030e-05 8.84270e-01 2.49645e-18 1.10594e-04 
5107.98 1.96176e-05 8.84720e-01 2.60202e-18 1.16128e-04 
5110.00 1.96368e-05 8.84891e-01 2.64298e-18 1.18141e-04 
5120.14 1.94762e-05 8.85744e-01 2.85620e-18 1.27001e-04 
5130.00 1.91740e-05 8.86567e-01 3.07477e-18 1.34982e-04 
5133.52 1.90954e-05 8.86860e-01 3.15569e-18 1.38107e-04 
5137.62 1.90123e-05 8.87199e-01 3.25147e-18 1.41847e-04 
5150.00 1.84850e-05 8.88219e-01 3.55348e-18 1.51260e-04 
5155.10 1.80201e-05 8.88637e-01 3.68324e-18 1.53064e-04 
5159.19 1.75804e-05 8.88970e-01 3.78956e-18 1.53819e-04 
5170.00 1.65625e-05 8.89844e-01 4.08018e-18 1.56507e-04 
5172.60 1.64273e-05 8.90053e-01 4.15219e-18 1.58085e-04 
5184.99 1.64993e-05 8.91040e-01 4.50665e-18 1.72937e-04 
5190.00 1.68190e-05 8.91436e-01 4.65531e-18 1.82361e-04 
5190.11 1.68276e-05 8.91445e-01 4.65859e-18 1.82588e-04 
5207.63 1.84096e-05 8.92815e-01 5.20233e-18 2.24164e-04 
5210.00 1.85445e-05 8.92999e-01 5.27862e-18 2.29270e-04 
5210.91 1.85845e-05 8.93070e-01 5.30822e-18 2.31112e-04 
5225.17 1.87516e-05 8.94170e-01 5.78283e-18 2.55049e-04 
5230.00 1.88623e-05 8.94540e-01 5.94908e-18 2.64284e-04 
5236.97 1.92411e-05 8.95070e-01 6.19344e-18 2.81205e-04 
5242.72 1.95251e-05 8.95504e-01 6.39907e-18 2.95296e-04 
5250.00 1.94431e-05 8.96051e-01 6.66491e-18 3.06884e-04 
5260.28 1.81864e-05 8.96817e-01 7.04950e-18 3.04467e-04 
5263.15 1.77926e-05 8.97030e-01 7.15916e-18 3.02745e-04 
5270.00 1.72294e-05 8.97536e-01 7.42348e-18 3.04554e-04 
5277.85 1.76291e-05 8.98113e-01 7.73210e-18 3.25267e-04 
5289.47 1.91924e-05 8.98960e-01 8.19966e-18 3.76705e-04 
5290.00 1.92591e-05 8.98998e-01 8.22134e-18 3.79066e-04 
5295.43 1.98069e-05 8.99390e-01 8.44436e-18 4.01012e-04 
5310.00 1.98797e-05 9.00431e-01 9.05425e-18 4.33242e-04 
5313.03 1.96067e-05 9.00646e-01 9.18327e-18 4.33732e-04 
5315.92 1.92833e-05 9.00850e-01 9.30661e-18 4.32640e-04 
5330.00 1.79774e-05 9.01841e-01 9.91717e-18 4.31416e-04 
5330.64 1.79692e-05 9.01886e-01 9.94534e-18 4.32518e-04 
5342.50 1.86639e-05 9.02710e-01 1.04690e-17 4.74378e-04 
5348.27 1.91563e-05 9.03107e-01 1.07267e-17 4.99634e-04 
5350.00 1.92662e-05 9.03226e-01 1.08044e-17 5.06370e-04 
5365.90 1.93005e-05 9.04307e-01 1.15229e-17 5.43264e-04 
5369.21 1.92265e-05 9.04530e-01 1.16733e-17 5.48720e-04 
5370.00 1.92116e-05 9.04583e-01 1.17094e-17 5.50104e-04 
5383.55 1.90945e-05 9.05494e-01 1.23293e-17 5.77730e-04 
5390.00 1.89890e-05 9.05922e-01 1.26254e-17 5.89319e-04 
5396.05 1.87841e-05 9.06320e-01 1.29037e-17 5.96741e-04 
5401.21 1.85793e-05 9.06656e-01 1.31410e-17 6.01883e-04 
5410.00 1.83464e-05 9.07222e-01 1.35449e-17 6.13991e-04 
5418.89 1.84377e-05 9.07793e-01 1.39526e-17 6.37061e-04 
5423.03 1.85644e-05 9.08060e-01 1.41424e-17 6.50854e-04 
5430.00 1.88227e-05 9.08510e-01 1.44602e-17 6.75941e-04 
5436.57 1.90498e-05 9.08936e-01 1.47588e-17 6.99395e-04 
5450.00 1.92743e-05 9.09800e-01 1.53634e-17 7.39148e-04 
5450.15 1.92741e-05 9.09810e-01 1.53700e-17 7.39488e-04 
5454.27 1.92417e-05 9.10072e-01 1.55540e-17 7.47859e-04 
5470.00 1.89191e-05 9.11060e-01 1.62464e-17 7.71107e-04 
5471.99 1.88874e-05 9.11184e-01 1.63326e-17 7.74288e-04 
5477.40 1.88294e-05 9.11520e-01 1.65664e-17 7.84021e-04 
5489.71 1.87911e-05 9.12281e-01 1.70892e-17 8.09612e-04 
5490.00 1.87909e-05 9.12299e-01 1.71014e-17 8.10235e-04 
5504.79 1.87819e-05 9.13200e-01 1.77110e-17 8.41804e-04 
5507.45 1.87825e-05 9.13360e-01 1.78184e-17 8.47494e-04 
5510.00 1.87842e-05 9.13512e-01 1.79206e-17 8.52972e-04 
5525.20 1.88482e-05 9.14412e-01 1.85148e-17 8.87566e-04 
5530.00 1.89051e-05 9.14694e-01 1.86968e-17 9.00058e-04 
5532.31 1.89412e-05 9.14830e-01 1.87834e-17 9.06467e-04 
5542.96 1.91091e-05 9.15457e-01 1.91737e-17 9.35940e-04 
5550.00 1.91280e-05 9.15870e-01 1.94231e-17 9.50692e-04 
5559.97 1.89215e-05 9.16450e-01 1.97647e-17 9.59291e-04 
5560.74 1.88973e-05 9.16494e-01 1.97903e-17 9.59483e-04 
5570.00 1.85674e-05 9.17026e-01 2.00933e-17 9.59316e-04 
5578.53 1.82915e-05 9.17510e-01 2.03606e-17 9.59607e-04 
5587.77 1.81600e-05 9.18030e-01 2.06372e-17 9.67802e-04 
5590.00 1.81702e-05 9.18155e-01 2.07018e-17 9.71891e-04 
5596.33 1.82945e-05 9.18509e-01 2.08807e-17 9.88497e-04 
5610.00 1.86986e-05 9.19266e-01 2.12439e-17 1.03126e-03 
5614.14 1.87584e-05 9.19494e-01 2.13475e-17 1.04064e-03 
5615.71 1.87705e-05 9.19580e-01 2.13859e-17 1.04357e-03 
5630.00 1.87659e-05 9.20357e-01 2.17158e-17 1.06300e-03 
5631.97 1.87676e-05 9.20464e-01 2.17584e-17 1.06568e-03 
5643.79 1.87773e-05 9.21100e-01 2.19987e-17 1.08102e-03 
5649.81 1.87141e-05 9.21423e-01 2.21112e-17 1.08442e-03 
5650.00 1.87107e-05 9.21433e-01 2.21146e-17 1.08444e-03 
5667.66 1.82897e-05 9.22372e-01 2.24045e-17 1.07839e-03 
5670.00 1.82775e-05 9.22495e-01 2.24384e-17 1.07989e-03 
5672.01 1.82858e-05 9.22600e-01 2.24668e-17 1.08225e-03 
5685.53 1.85118e-05 9.23301e-01 2.26377e-17 1.10743e-03 
5690.00 1.85129e-05 9.23531e-01 2.26865e-17 1.11104e-03 
5700.37 1.82319e-05 9.24060e-01 2.27853e-17 1.10158e-03 
5703.41 1.81526e-05 9.24215e-01 2.28105e-17 1.09876e-03 
5710.00 1.81416e-05 9.24549e-01 2.28590e-17 1.10210e-03 
5721.30 1.87505e-05 9.25120e-01 2.29234e-17 1.14527e-03 
5728.87 1.91250e-05 9.25500e-01 2.29534e-17 1.17170e-03 
5730.00 1.91475e-05 9.25557e-01 2.29570e-17 1.17357e-03 
5739.21 1.89699e-05 9.26016e-01 2.29777e-17 1.16618e-03 
5750.00 1.85590e-05 9.26551e-01 2.29829e-17 1.14398e-03 
5757.13 1.85569e-05 9.26901e-01 2.29753e-17 1.14533e-03 
5757.52 1.85622e-05 9.26920e-01 2.29746e-17 1.14572e-03 
5770.00 1.87067e-05 9.27527e-01 2.29398e-17 1.15614e-03 
5775.06 1.86184e-05 9.27771e-01 2.29184e-17 1.15092e-03 
5786.30 1.82665e-05 9.28310e-01 2.28564e-17 1.12896e-03 
5790.00 1.81976e-05 9.28487e-01 2.28317e-17 1.12443e-03 
5793.00 1.81857e-05 9.28630e-01 2.28102e-17 1.12339e-03 
5810.00 1.85615e-05 9.29435e-01 2.26638e-17 1.14357e-03 
5810.96 1.85875e-05 9.29480e-01 2.26543e-17 1.14494e-03 
5815.23 1.86897e-05 9.29680e-01 2.26106e-17 1.15011e-03 
5828.93 1.87749e-05 9.30315e-01 2.24548e-17 1.15088e-03 
5830.00 1.87601e-05 9.30365e-01 2.24416e-17 1.14957e-03 
5844.31 1.84017e-05 9.31020e-01 2.22530e-17 1.12166e-03 
5846.91 1.83581e-05 9.31138e-01 2.22163e-17 1.11780e-03 
5850.00 1.83391e-05 9.31279e-01 2.21718e-17 1.11516e-03 
5864.91 1.84857e-05 9.31954e-01 2.19438e-17 1.11616e-03 
5870.00 1.83427e-05 9.32182e-01 2.18613e-17 1.10459e-03 
5873.53 1.81108e-05 9.32340e-01 2.18028e-17 1.08855e-03 
5882.91 1.72911e-05 9.32756e-01 2.16428e-17 1.03376e-03 
5890.00 1.69513e-05 9.33068e-01 2.15178e-17 1.00914e-03 
5900.94 1.74785e-05 9.33545e-01 2.13190e-17 1.03336e-03 
5902.90 1.76381e-05 9.33630e-01 2.12826e-17 1.04146e-03 
5910.00 1.81315e-05 9.33936e-01 2.11495e-17 1.06552e-03 
5918.97 1.82711e-05 9.34320e-01 2.09785e-17 1.06710e-03 
5930.00 1.80745e-05 9.34788e-01 2.07649e-17 1.04734e-03 
5932.41 1.80452e-05 9.34890e-01 2.07178e-17 1.04380e-03 
5937.02 1.80233e-05 9.35084e-01 2.06276e-17 1.03902e-03 
5950.00 1.80837e-05 9.35629e-01 2.03726e-17 1.03247e-03 
5955.08 1.81059e-05 9.35840e-01 2.02728e-17 1.02978e-03 
5962.08 1.81149e-05 9.36130e-01 2.01358e-17 1.02485e-03 
5970.00 1.80955e-05 9.36456e-01 1.99817e-17 1.01763e-03 
5973.16 1.80792e-05 9.36586e-01 1.99207e-17 1.01428e-03 
5990.00 1.79071e-05 9.37273e-01 1.96013e-17 9.92031e-04 
5991.24 1.78885e-05 9.37324e-01 1.95782e-17 9.90095e-04 
5991.89 1.78787e-05 9.37350e-01 1.95662e-17 9.89082e-04 
6009.34 1.76194e-05 9.38059e-01 1.92518e-17 9.62597e-04 
6010.00 1.76129e-05 9.38086e-01 1.92404e-17 9.61802e-04 
6021.85 1.75721e-05 9.38560e-01 1.90396e-17 9.51913e-04 
6027.46 1.76056e-05 9.38782e-01 1.89485e-17 9.50273e-04 
6030.00 1.76323e-05 9.38881e-01 1.89082e-17 9.50190e-04 
6045.59 1.78706e-05 9.39485e-01 1.86750e-17 9.54224e-04 
6050.00 1.79172e-05 9.39655e-01 1.86137e-17 9.54442e-04 
6051.96 1.79290e-05 9.39730e-01 1.85872e-17 9.54096e-04 
6063.73 1.78831e-05 9.40180e-01 1.84379e-17 9.46297e-04 
6070.00 1.77862e-05 9.40419e-01 1.83656e-17 9.38688e-04 
6081.88 1.75279e-05 9.40867e-01 1.82437e-17 9.21152e-04 
6082.21 1.75209e-05 9.40880e-01 1.82406e-17 9.20692e-04 
6090.00 1.73977e-05 9.41171e-01 1.81725e-17 9.12251e-04 
6100.05 1.73571e-05 9.41543e-01 1.80988e-17 9.08290e-04 
6110.00 1.72391e-05 9.41905e-01 1.80426e-17 9.01127e-04 
6112.63 1.71624e-05 9.42000e-01 1.80306e-17 8.96995e-04 
6118.23 1.69542e-05 9.42200e-01 1.80093e-17 8.86068e-04 
6130.00 1.66314e-05 9.42614e-01 1.79838e-17 8.70014e-04 
6136.42 1.66864e-05 9.42837e-01 1.79812e-17 8.73890e-04 
6143.19 1.68200e-05 9.43070e-01 1.79875e-17 8.82389e-04 
6150.00 1.68501e-05 9.43303e-01 1.80035e-17 8.85951e-04 
6154.63 1.67370e-05 9.43461e-01 1.80200e-17 8.81625e-04 
6170.00 1.62861e-05 9.43980e-01 1.81089e-17 8.64726e-04 
6172.85 1.63241e-05 9.44075e-01 1.81312e-17 8.68303e-04 
6173.91 1.63515e-05 9.44110e-01 1.81400e-17 8.70364e-04 
6190.00 1.70726e-05 9.44643e-01 1.83062e-17 9.19986e-04 
6191.08 1.71061e-05 9.44680e-01 1.83196e-17 9.22658e-04 
6204.77 1.71679e-05 9.45150e-01 1.85146e-17 9.38388e-04 
6209.33 1.71013e-05 9.45313e-01 1.85899e-17 9.39397e-04 
6210.00 1.70903e-05 9.45338e-01 1.86015e-17 9.39504e-04 
6227.59 1.67192e-05 9.45988e-01 1.89464e-17 9.39441e-04 
6230.00 1.66465e-05 9.46077e-01 1.90001e-17 9.38460e-04 
6235.80 1.64511e-05 9.46290e-01 1.91357e-17 9.35141e-04 
6245.86 1.61926e-05 9.46649e-01 1.93927e-17 9.34673e-04 
6250.00 1.61792e-05 9.46794e-01 1.95067e-17 9.40154e-04 
6264.15 1.65932e-05 9.47275e-01 1.99324e-17 9.87989e-04 
6266.98 1.66983e-05 9.47370e-01 2.00245e-17 9.99386e-04 
6270.00 1.67946e-05 9.47471e-01 2.01253e-17 1.01081e-03 
6282.45 1.69294e-05 9.47879e-01 2.05683e-17 1.04387e-03 
6290.00 1.68317e-05 9.48124e-01 2.08592e-17 1.05406e-03 
6298.31 1.66186e-05 9.48390e-01 2.11988e-17 1.05935e-03 
6300.76 1.65500e-05 9.48468e-01 2.13027e-17 1.06065e-03 
6310.00 1.63469e-05 9.48760e-01 2.17111e-17 1.06961e-03 
6319.09 1.63139e-05 9.49045e-01 2.21377e-17 1.09032e-03 
6329.80 1.63872e-05 9.49380e-01 2.26728e-17 1.12399e-03 
6330.00 1.63886e-05 9.49386e-01 2.26829e-17 1.12463e-03 
6337.43 1.64227e-05 9.49618e-01 2.30745e-17 1.14805e-03 
6350.00 1.64057e-05 9.50009e-01 2.37756e-17 1.18454e-03 
6355.78 1.63695e-05 9.50187e-01 2.41140e-17 1.20007e-03 
6361.45 1.63339e-05 9.50360e-01 2.44560e-17 1.21575e-03 
6370.00 1.63225e-05 9.50618e-01 2.49897e-17 1.24342e-03 
6374.15 1.63483e-05 9.50743e-01 2.52566e-17 1.25967e-03 
6390.00 1.63992e-05 9.51214e-01 2.63246e-17 1.32095e-03 
6392.53 1.63630e-05 9.51288e-01 2.65019e-17 1.32754e-03 
6393.26 1.63497e-05 9.51310e-01 2.65536e-17 1.32923e-03 
6410.00 1.60102e-05 9.51804e-01 2.77792e-17 1.36598e-03 
6410.92 1.60052e-05 9.51831e-01 2.78490e-17 1.36923e-03 
6425.23 1.61197e-05 9.52250e-01 2.89655e-17 1.43814e-03 
6429.33 1.61467e-05 9.52369e-01 2.92967e-17 1.45813e-03 
6430.00 1.61478e-05 9.52388e-01 2.93513e-17 1.46113e-03 
6447.75 1.59543e-05 9.52898e-01 3.08428e-17 1.52198e-03 
6450.00 1.59318e-05 9.52962e-01 3.10382e-17 1.53010e-03 
6457.35 1.59041e-05 9.53170e-01 3.16866e-17 1.56147e-03 
6466.18 1.58935e-05 9.53419e-01 3.24849e-17 1.60234e-03 
6470.00 1.58688e-05 9.53526e-01 3.28363e-17 1.61830e-03 
6484.63 1.56657e-05 9.53932e-01 3.42198e-17 1.66937e-03 
6489.64 1.56432e-05 9.54070e-01 3.47060e-17 1.69221e-03 
6490.00 1.56440e-05 9.54080e-01 3.47412e-17 1.69413e-03 
6503.09 1.58417e-05 9.54437e-01 3.60438e-17 1.78411e-03 
6510.00 1.59542e-05 9.54624e-01 3.67479e-17 1.83419e-03 
6521.57 1.59681e-05 9.54936e-01 3.79528e-17 1.89996e-03 
6522.09 1.59655e-05 9.54950e-01 3.80075e-17 1.90257e-03 
6530.00 1.59257e-05 9.55162e-01 3.88503e-17 1.94271e-03 
6540.06 1.58579e-05 9.55431e-01 3.99419e-17 1.99241e-03 
6550.00 1.54273e-05 9.55696e-01 4.10422e-17 1.99528e-03 
6554.70 1.50002e-05 9.55820e-01 4.15693e-17 1.96663e-03 
6558.56 1.46042e-05 9.55922e-01 4.20059e-17 1.93617e-03 
6570.00 1.39061e-05 9.56221e-01 4.33162e-17 1.90504e-03 
6577.08 1.42776e-05 9.56404e-01 4.41390e-17 1.99560e-03 
6587.47 1.53337e-05 9.56670e-01 4.53640e-17 2.20680e-03 
6590.00 1.55400e-05 9.56734e-01 4.56647e-17 2.25233e-03 
6595.61 1.57975e-05 9.56875e-01 4.63352e-17 2.32558e-03 
6610.00 1.57227e-05 9.57233e-01 4.80793e-17 2.40784e-03 
6614.15 1.56683e-05 9.57336e-01 4.85876e-17 2.42667e-03 
6620.41 1.56186e-05 9.57490e-01 4.93592e-17 2.46010e-03 
6630.00 1.55937e-05 9.57726e-01 5.05511e-17 2.51975e-03 
6632.71 1.55929e-05 9.57792e-01 5.08894e-17 2.53769e-03 
6650.00 1.55373e-05 9.58215e-01 5.30708e-17 2.64508e-03 
6651.28 1.55236e-05 9.58246e-01 5.32330e-17 2.65141e-03 
6653.51 1.54959e-05 9.58300e-01 5.35174e-17 2.66187e-03 
6669.86 1.53402e-05 9.58697e-01 5.56109e-17 2.74608e-03 
6670.00 1.53406e-05 9.58700e-01 5.56289e-17 2.74709e-03 
6686.78 1.55149e-05 9.59110e-01 5.77971e-17 2.89510e-03 
6688.46 1.55193e-05 9.59151e-01 5.80150e-17 2.90770e-03 
6690.00 1.55165e-05 9.59189e-01 5.82152e-17 2.91799e-03 
6707.07 1.52374e-05 9.59611e-01 6.04372e-17 2.98378e-03 
6710.00 1.52081e-05 9.59683e-01 6.08194e-17 2.99842e-03 
6720.21 1.52568e-05 9.59930e-01 6.21528e-17 3.07942e-03 
6725.70 1.53149e-05 9.60060e-01 6.28690e-17 3.12975e-03 
6730.00 1.53394e-05 9.60161e-01 6.34312e-17 3.16515e-03 
6744.33 1.52194e-05 9.60492e-01 6.53019e-17 3.24101e-03 
6750.00 1.51575e-05 9.60622e-01 6.60399e-17 3.26748e-03 
6753.81 1.51335e-05 9.60710e-01 6.65361e-17 3.28898e-03 
6762.99 1.51216e-05 9.60921e-01 6.77272e-17 3.35052e-03 
6770.00 1.51256e-05 9.61083e-01 6.86349e-17 3.40041e-03 
6781.65 1.50977e-05 9.61348e-01 7.01364e-17 3.47532e-03 
6787.58 1.50639e-05 9.61480e-01 7.08965e-17 3.50865e-03 
6790.00 1.50464e-05 9.61533e-01 7.12055e-17 3.52131e-03 
6800.33 1.49633e-05 9.61757e-01 7.25208e-17 3.57281e-03 
6810.00 1.49323e-05 9.61964e-01 7.37413e-17 3.63134e-03 
6819.03 1.49798e-05 9.62157e-01 7.48718e-17 3.70439e-03 
6821.52 1.49939e-05 9.62210e-01 7.51820e-17 3.72481e-03 
6830.00 1.49887e-05 9.62393e-01 7.62318e-17 3.78091e-03 
6837.74 1.48735e-05 9.62562e-01 7.71809e-17 3.80353e-03 
6850.00 1.46731e-05 9.62829e-01 7.86668e-17 3.83244e-03 
6855.63 1.46629e-05 9.62950e-01 7.93407e-17 3.86625e-03 
6856.46 1.46660e-05 9.62968e-01 7.94397e-17 3.87243e-03 
6870.00 1.47734e-05 9.63256e-01 8.10366e-17 3.98825e-03 
6875.19 1.47948e-05 9.63365e-01 8.16403e-17 4.02729e-03 
6889.91 1.47605e-05 9.63670e-01 8.33210e-17 4.11074e-03 
6890.00 1.47600e-05 9.63672e-01 8.33316e-17 4.11119e-03 
6893.94 1.47379e-05 9.63753e-01 8.37746e-17 4.12957e-03 
6910.00 1.46449e-05 9.64081e-01 8.55427e-17 4.20129e-03 
6912.71 1.46329e-05 9.64136e-01 8.58352e-17 4.21410e-03 
6924.36 1.45935e-05 9.64370e-01 8.70733e-17 4.27161e-03 
6930.00 1.45752e-05 9.64483e-01 8.76613e-17 4.29905e-03 
6931.49 1.45698e-05 9.64512e-01 8.78147e-17 4.30605e-03 
6950.00 1.44974e-05 9.64876e-01 8.96792e-17 4.38898e-03 
6950.28 1.44965e-05 9.64882e-01 8.97064e-17 4.39023e-03 
6958.98 1.44751e-05 9.65050e-01 9.05503e-17 4.43128e-03 
6969.08 1.44709e-05 9.65243e-01 9.15037e-17 4.48403e-03 
6970.00 1.44718e-05 9.65260e-01 9.15889e-17 4.48917e-03 
6987.90 1.44286e-05 9.65593e-01 9.32007e-17 4.56780e-03 
6990.00 1.43992e-05 9.65632e-01 9.33835e-17 4.56898e-03 
6993.77 1.43266e-05 9.65700e-01 9.37085e-17 4.56457e-03 
7006.73 1.40432e-05 9.65932e-01 9.47918e-17 4.53546e-03 
7010.00 1.40070e-05 9.65990e-01 9.50564e-17 4.53880e-03 
7025.58 1.41273e-05 9.66271e-01 9.62719e-17 4.64799e-03 
7028.74 1.41681e-05 9.66330e-01 9.65088e-17 4.67525e-03 
7030.00 1.41820e-05 9.66354e-01 9.66022e-17 4.68532e-03 
7044.44 1.42254e-05 9.66630e-01 9.76365e-17 4.76110e-03 
7050.00 1.42024e-05 9.66739e-01 9.80157e-17 4.77614e-03 
7063.32 1.41122e-05 9.66999e-01 9.88815e-17 4.79807e-03 
7063.88 1.41079e-05 9.67010e-01 9.89170e-17 4.79880e-03 
7070.00 1.40638e-05 9.67128e-01 9.92927e-17 4.80670e-03 
7082.21 1.39990e-05 9.67361e-01 1.00003e-16 4.82828e-03 
7090.00 1.39849e-05 9.67508e-01 1.00430e-16 4.85004e-03 
7099.20 1.39957e-05 9.67680e-01 1.00905e-16 4.88396e-03 
7101.11 1.39978e-05 9.67715e-01 1.01000e-16 4.89076e-03 
7110.00 1.39828e-05 9.67879e-01 1.01423e-16 4.91298e-03 
7120.03 1.38924e-05 9.68059e-01 1.01867e-16 4.91043e-03 
7130.00 1.37757e-05 9.68231e-01 1.02272e-16 4.89624e-03 
7134.70 1.37312e-05 9.68310e-01 1.02450e-16 4.89256e-03 
7138.96 1.37007e-05 9.68379e-01 1.02605e-16 4.89231e-03 
7150.00 1.36701e-05 9.68551e-01 1.02974e-16 4.90739e-03 
7157.90 1.36847e-05 9.68665e-01 1.03211e-16 4.92997e-03 
7170.00 1.36339e-05 9.68825e-01 1.03529e-16 4.93593e-03 
7170.37 1.36288e-05 9.68830e-01 1.03538e-16 4.93478e-03 
7176.86 1.35074e-05 9.68908e-01 1.03685e-16 4.90263e-03 
7190.00 1.32908e-05 9.69052e-01 1.03936e-16 4.84523e-03 
7195.84 1.33091e-05 9.69113e-01 1.04027e-16 4.86039e-03 
7206.23 1.34480e-05 9.69220e-01 1.04158e-16 4.92497e-03 
7210.00 1.34909e-05 9.69259e-01 1.04196e-16 4.94526e-03 
7214.83 1.35158e-05 9.69308e-01 1.04237e-16 4.95990e-03 
7230.00 1.34799e-05 9.69446e-01 1.04310e-16 4.96134e-03 
7233.83 1.34743e-05 9.69474e-01 1.04315e-16 4.96230e-03 
7242.26 1.34825e-05 9.69520e-01 1.04309e-16 4.97102e-03 
7250.00 1.35031e-05 9.69544e-01 1.04280e-16 4.98269e-03 
7252.84 1.35108e-05 9.69551e-01 1.04265e-16 4.98678e-03 
7270.00 1.34401e-05 9.69642e-01 1.04109e-16 4.96546e-03 
7271.87 1.34091e-05 9.69662e-01 1.04086e-16 4.95429e-03 
7278.47 1.32729e-05 9.69760e-01 1.03995e-16 4.90461e-03 
7290.00 1.30930e-05 9.70036e-01 1.03799e-16 4.83807e-03 
7290.92 1.30902e-05 9.70062e-01 1.03782e-16 4.83694e-03 
7309.98 1.32599e-05 9.70669e-01 1.03355e-16 4.89532e-03 
7310.00 1.32601e-05 9.70670e-01 1.03354e-16 4.89536e-03 
7314.86 1.32676e-05 9.70820e-01 1.03226e-16 4.89607e-03 
7329.05 1.31849e-05 9.71198e-01 1.02808e-16 4.85714e-03 
7330.00 1.31802e-05 9.71221e-01 1.02778e-16 4.85473e-03 
7348.14 1.31923e-05 9.71606e-01 1.02145e-16 4.84314e-03 
7350.00 1.31987e-05 9.71642e-01 1.02074e-16 4.84356e-03 
7351.43 1.32036e-05 9.71670e-01 1.02019e-16 4.84381e-03 
7367.24 1.32014e-05 9.71968e-01 1.01370e-16 4.82401e-03 
7370.00 1.31804e-05 9.72019e-01 1.01249e-16 4.81264e-03 
7386.36 1.29293e-05 9.72309e-01 1.00486e-16 4.69722e-03 
7388.19 1.28975e-05 9.72340e-01 1.00396e-16 4.68274e-03 
7390.00 1.28673e-05 9.72371e-01 1.00306e-16 4.66890e-03 
7405.49 1.26985e-05 9.72626e-01 9.94989e-17 4.58134e-03 
7410.00 1.26903e-05 9.72698e-01 9.92514e-17 4.57012e-03 
7424.63 1.27728e-05 9.72922e-01 9.84125e-17 4.57101e-03 
7425.13 1.27762e-05 9.72930e-01 9.83827e-17 4.57118e-03 
7430.00 1.28019e-05 9.73002e-01 9.80908e-17 4.57011e-03 
7443.79 1.27999e-05 9.73201e-01 9.72319e-17 4.53873e-03 
7450.00 1.27998e-05 9.73288e-01 9.68299e-17 4.52413e-03 
7462.26 1.28470e-05 9.73460e-01 9.60102e-17 4.51058e-03 
7462.96 1.28495e-05 9.73470e-01 9.59622e-17 4.50966e-03 
7470.00 1.28564e-05 9.73568e-01 9.54749e-17 4.49386e-03 
7482.15 1.27766e-05 9.73738e-01 9.46085e-17 4.43340e-03 
7490.00 1.27188e-05 9.73847e-01 9.40319e-17 4.39156e-03 
7499.57 1.26988e-05 9.73980e-01 9.33122e-17 4.35724e-03 
7501.35 1.26994e-05 9.74005e-01 9.31762e-17 4.35223e-03 
7510.00 1.27042e-05 9.74124e-01 9.25072e-17 4.32813e-03 
7520.57 1.26921e-05 9.74268e-01 9.16709e-17 4.29159e-03 
7530.00 1.26831e-05 9.74395e-01 9.09072e-17 4.25869e-03 
7537.07 1.26893e-05 9.74490e-01 9.03250e-17 4.23787e-03 
7539.80 1.26921e-05 9.74526e-01 9.00979e-17 4.22984e-03 
7550.00 1.26805e-05 9.74661e-01 8.92383e-17 4.19191e-03 
7559.04 1.26218e-05 9.74779e-01 8.84629e-17 4.14171e-03 
7570.00 1.25428e-05 9.74920e-01 8.75069e-17 4.07780e-03 
7574.75 1.25253e-05 9.74980e-01 8.70869e-17 4.05536e-03 
7578.30 1.25183e-05 9.75025e-01 8.67713e-17 4.04048e-03 
7590.00 1.24981e-05 9.75171e-01 8.57193e-17 3.99178e-03 
7597.58 1.24638e-05 9.75265e-01 8.50288e-17 3.95310e-03 
7610.00 1.24089e-05 9.75418e-01 8.38818e-17 3.88954e-03 
7612.63 1.24050e-05 9.75450e-01 8.36371e-17 3.87847e-03 
7616.86 1.24057e-05 9.75502e-01 8.32408e-17 3.86266e-03 
7630.00 1.24353e-05 9.75664e-01 8.20006e-17 3.82139e-03 
7636.17 1.24458e-05 9.75740e-01 8.14127e-17 3.80057e-03 
7650.00 1.23644e-05 9.75911e-01 8.00819e-17 3.72136e-03 
7650.69 1.23540e-05 9.75920e-01 8.00151e-17 3.71549e-03 
7655.48 1.22666e-05 9.75980e-01 7.95499e-17 3.67028e-03 
7670.00 1.20506e-05 9.76160e-01 7.81315e-17 3.54874e-03 
7674.82 1.20696e-05 9.76219e-01 7.76577e-17 3.53523e-03 
7688.94 1.22333e-05 9.76390e-01 7.62601e-17 3.52577e-03 
7690.00 1.22381e-05 9.76402e-01 7.61552e-17 3.52282e-03 
7694.16 1.22341e-05 9.76451e-01 7.57411e-17 3.50461e-03 
7710.00 1.20899e-05 9.76633e-01 7.41586e-17 3.39855e-03 
7713.52 1.20780e-05 9.76673e-01 7.38051e-17 3.38070e-03 
7727.39 1.20888e-05 9.76830e-01 7.24104e-17 3.32628e-03 
7730.00 1.20814e-05 9.76860e-01 7.21471e-17 3.31337e-03 
7732.90 1.20637e-05 9.76893e-01 7.18546e-17 3.29646e-03 
7750.00 1.19247e-05 9.77087e-01 7.01259e-17 3.18774e-03 
7752.29 1.19249e-05 9.77112e-01 6.98942e-17 3.17830e-03 
7766.03 1.20169e-05 9.77260e-01 6.85027e-17 3.14509e-03 
7770.00 1.20428e-05 9.77301e-01 6.80999e-17 3.13507e-03 
7771.69 1.20499e-05 9.77318e-01 6.79283e-17 3.12976e-03 
7790.00 1.20228e-05 9.77493e-01 6.60739e-17 3.04515e-03 
7791.11 1.20187e-05 9.77503e-01 6.59613e-17 3.03941e-03 
7804.86 1.19657e-05 9.77630e-01 6.45718e-17 2.96786e-03 
7810.00 1.19378e-05 9.77678e-01 6.40524e-17 2.93920e-03 
7810.55 1.19344e-05 9.77683e-01 6.39972e-17 2.93605e-03 
7830.00 1.17989e-05 9.77871e-01 6.20399e-17 2.82150e-03 
7830.00 1.17989e-05 9.77871e-01 6.20395e-17 2.82148e-03 
7843.88 1.17645e-05 9.78020e-01 6.06498e-17 2.75553e-03 
7849.46 1.17709e-05 9.78085e-01 6.00932e-17 2.73385e-03 
7850.00 1.17721e-05 9.78091e-01 6.00393e-17 2.73188e-03 
7868.94 1.18244e-05 9.78321e-01 5.81604e-17 2.66519e-03 
7870.00 1.18246e-05 9.78334e-01 5.80555e-17 2.66082e-03 
7883.10 1.17832e-05 9.78490e-01 5.67667e-17 2.59737e-03 
7888.43 1.17516e-05 9.78550e-01 5.62448e-17 2.56848e-03 
7890.00 1.17416e-05 9.78567e-01 5.60914e-17 2.55985e-03 
7907.94 1.16014e-05 9.78748e-01 5.43495e-17 2.45677e-03 
7910.00 1.15796e-05 9.78767e-01 5.41505e-17 2.44385e-03 
7922.51 1.14290e-05 9.78880e-01 5.29490e-17 2.36255e-03 
7927.46 1.13774e-05 9.78922e-01 5.24772e-17 2.33250e-03 
7930.00 1.13565e-05 9.78944e-01 5.22355e-17 2.31827e-03 
7947.00 1.13362e-05 9.79086e-01 5.06306e-17 2.24816e-03 
7950.00 1.13520e-05 9.79112e-01 5.03493e-17 2.23969e-03 
7962.13 1.14493e-05 9.79220e-01 4.92206e-17 2.21187e-03 
7966.55 1.14837e-05 9.79262e-01 4.88121e-17 2.20142e-03 
7970.00 1.15046e-05 9.79296e-01 4.84942e-17 2.19208e-03 
7986.11 1.15025e-05 9.79464e-01 4.70238e-17 2.12989e-03 
7990.00 1.14794e-05 9.79507e-01 4.66726e-17 2.11085e-03 
8001.94 1.13773e-05 9.79640e-01 4.56020e-17 2.04743e-03 
8005.70 1.13474e-05 9.79683e-01 4.52676e-17 2.02811e-03 
8010.00 1.13220e-05 9.79732e-01 4.48863e-17 2.00770e-03 
8025.29 1.12986e-05 9.79908e-01 4.35455e-17 1.94776e-03 
8030.00 1.12853e-05 9.79962e-01 4.31372e-17 1.92846e-03 
8041.95 1.12071e-05 9.80100e-01 4.21106e-17 1.87257e-03 
8044.90 1.11904e-05 9.80134e-01 4.18589e-17 1.85936e-03 
8050.00 1.11777e-05 9.80192e-01 4.14267e-17 1.83935e-03 
8064.53 1.12349e-05 9.80356e-01 4.02092e-17 1.79795e-03 
8070.00 1.12321e-05 9.80417e-01 3.97563e-17 1.77858e-03 
8082.16 1.11044e-05 9.80550e-01 3.87609e-17 1.71715e-03 
8084.17 1.10797e-05 9.80572e-01 3.85976e-17 1.70658e-03 
8090.00 1.10270e-05 9.80634e-01 3.81269e-17 1.67907e-03 
8103.83 1.10569e-05 9.80779e-01 3.70252e-17 1.63800e-03 
8110.00 1.10956e-05 9.80842e-01 3.65397e-17 1.62353e-03 
8122.57 1.11273e-05 9.80970e-01 3.55641e-17 1.58735e-03 
8123.50 1.11268e-05 9.80979e-01 3.54928e-17 1.58429e-03 
8130.00 1.11130e-05 9.81045e-01 3.49953e-17 1.56151e-03 
8143.18 1.10517e-05 9.81176e-01 3.40011e-17 1.51142e-03 
8150.00 1.10320e-05 9.81242e-01 3.34942e-17 1.48758e-03 
8162.88 1.10304e-05 9.81367e-01 3.25507e-17 1.44793e-03 
8163.18 1.10296e-05 9.81370e-01 3.25289e-17 1.44692e-03 
8170.00 1.09844e-05 9.81435e-01 3.20370e-17 1.42048e-03 
8182.60 1.07658e-05 9.81554e-01 3.11418e-17 1.35556e-03 
8190.00 1.06580e-05 9.81622e-01 3.06239e-17 1.32095e-03 
8202.33 1.06502e-05 9.81735e-01 2.97749e-17 1.28548e-03 
8204.00 1.06576e-05 9.81750e-01 2.96612e-17 1.28173e-03 
8210.00 1.06792e-05 9.81804e-01 2.92549e-17 1.26774e-03 
8222.07 1.06619e-05 9.81911e-01 2.84500e-17 1.23280e-03 
8230.00 1.06441e-05 9.81981e-01 2.79301e-17 1.20951e-03 
8241.83 1.06680e-05 9.82083e-01 2.71671e-17 1.18092e-03 
8245.02 1.06814e-05 9.82110e-01 2.69644e-17 1.17407e-03 
8250.00 1.07041e-05 9.82152e-01 2.66493e-17 1.16357e-03 
8261.61 1.07488e-05 9.82251e-01 2.59261e-17 1.13844e-03 
8270.00 1.07630e-05 9.82322e-01 2.54123e-17 1.11856e-03 
8281.40 1.07418e-05 9.82418e-01 2.47268e-17 1.08784e-03 
8286.24 1.07156e-05 9.82460e-01 2.44397e-17 1.07327e-03 
8290.00 1.06874e-05 9.82492e-01 2.42187e-17 1.06128e-03 
8301.20 1.05717e-05 9.82589e-01 2.35689e-17 1.02310e-03 
8310.00 1.04833e-05 9.82663e-01 2.30681e-17 9.94118e-04 
8321.02 1.04206e-05 9.82751e-01 2.24520e-17 9.63145e-04 
8327.67 1.04059e-05 9.82800e-01 2.20866e-17 9.46934e-04 
8330.00 1.04038e-05 9.82816e-01 2.19598e-17 9.41584e-04 
8340.86 1.04109e-05 9.82888e-01 2.13756e-17 9.18424e-04 
8350.00 1.04396e-05 9.82943e-01 2.08933e-17 9.01216e-04 
8360.71 1.04836e-05 9.83003e-01 2.03391e-17 8.82192e-04 
8369.31 1.04694e-05 9.83050e-01 1.99025e-17 8.63015e-04 
8370.00 1.04645e-05 9.83054e-01 1.98679e-17 8.61186e-04 
8380.58 1.03386e-05 9.83112e-01 1.93420e-17 8.29395e-04 
8390.00 1.02622e-05 9.83167e-01 1.88828e-17 8.04673e-04 
8400.46 1.03316e-05 9.83233e-01 1.83835e-17 7.89727e-04 
8410.00 1.03896e-05 9.83301e-01 1.79371e-17 7.75815e-04 
8411.16 1.03869e-05 9.83310e-01 1.78836e-17 7.73413e-04 
8420.35 1.02968e-05 9.83385e-01 1.74629e-17 7.49541e-04 
8430.00 1.01884e-05 9.83471e-01 1.70302e-17 7.24163e-04 
8440.26 1.01901e-05 9.83568e-01 1.65794e-17 7.06044e-04 
8450.00 1.02208e-05 9.83660e-01 1.61609e-17 6.91156e-04 
8453.21 1.02162e-05 9.83690e-01 1.60247e-17 6.85304e-04 
8460.19 1.01834e-05 9.83754e-01 1.57322e-17 6.71236e-04 
8470.00 1.01375e-05 9.83841e-01 1.53285e-17 6.51872e-04 
8480.13 1.01273e-05 9.83925e-01 1.49205e-17 6.34697e-04 
8490.00 1.00100e-05 9.84001e-01 1.45319e-17 6.11761e-04 
8495.48 9.84817e-06 9.84040e-01 1.43197e-17 5.93491e-04 
8500.09 9.69873e-06 9.84071e-01 1.41433e-17 5.77614e-04 
8510.00 9.56207e-06 9.84131e-01 1.37701e-17 5.55129e-04 
8520.06 9.83454e-06 9.84186e-01 1.33997e-17 5.56279e-04 
8530.00 9.83429e-06 9.84235e-01 1.30421e-17 5.42078e-04 
8537.96 9.23314e-06 9.84270e-01 1.27617e-17 4.98481e-04 
8540.05 9.04069e-06 9.84279e-01 1.26888e-17 4.85427e-04 
8550.00 8.49502e-06 9.84316e-01 1.23470e-17 4.44374e-04 
8560.05 9.13694e-06 9.84337e-01 1.20097e-17 4.65452e-04 
8570.00 1.00234e-05 9.84333e-01 1.16836e-17 4.97323e-04 
8580.07 1.01259e-05 9.84294e-01 1.13613e-17 4.89102e-04 
8580.65 1.01125e-05 9.84290e-01 1.13430e-17 4.87703e-04 
8590.00 9.83935e-06 9.84215e-01 1.10509e-17 4.62777e-04 
8600.10 9.75161e-06 9.84116e-01 1.07427e-17 4.46338e-04 
8610.00 9.80368e-06 9.84030e-01 1.04480e-17 4.36875e-04 
8620.15 9.82809e-06 9.83982e-01 1.01530e-17 4.26078e-04 
8623.55 9.83620e-06 9.83980e-01 1.00559e-17 4.22515e-04 
8630.00 9.87357e-06 9.84001e-01 9.87374e-18 4.16759e-04 
8640.22 9.95405e-06 9.84088e-01 9.59116e-18 4.08651e-04 
8650.00 9.71924e-06 9.84216e-01 9.32712e-18 3.88517e-04 
8660.29 8.94292e-06 9.84376e-01 9.05620e-18 3.47570e-04 
8666.67 8.53440e-06 9.84480e-01 8.89196e-18 3.25951e-04 
8670.00 8.44982e-06 9.84533e-01 8.80713e-18 3.19783e-04 
8680.39 8.86469e-06 9.84690e-01 8.54719e-18 3.26023e-04 
8690.00 9.49885e-06 9.84817e-01 8.31276e-18 3.40185e-04 
8700.50 9.70387e-06 9.84926e-01 8.06315e-18 3.37536e-04 
8710.00 9.63693e-06 9.84990e-01 7.84303e-18 3.26434e-04 
8710.00 9.63692e-06 9.84990e-01 7.84300e-18 3.26433e-04 
8720.63 9.61546e-06 9.85024e-01 7.60316e-18 3.16142e-04 
8730.00 9.58749e-06 9.85051e-01 7.39695e-18 3.07011e-04 
8740.77 9.45270e-06 9.85122e-01 7.16628e-18 2.93638e-04 
8750.00 9.37437e-06 9.85255e-01 6.97357e-18 2.83712e-04 
8753.55 9.38405e-06 9.85330e-01 6.90070e-18 2.81172e-04 
8760.92 9.45896e-06 9.85526e-01 6.75159e-18 2.77582e-04 
8770.00 9.56344e-06 9.85752e-01 6.57195e-18 2.73526e-04 
8781.09 9.57384e-06 9.85811e-01 6.35821e-18 2.65269e-04 
8790.00 9.49346e-06 9.85523e-01 6.19118e-18 2.56317e-04 
8797.32 9.39266e-06 9.84960e-01 6.05687e-18 2.48158e-04 
8801.28 9.33934e-06 9.84509e-01 5.98524e-18 2.43830e-04 
8810.00 9.26739e-06 9.83205e-01 5.83036e-18 2.35611e-04 
8821.49 9.31670e-06 9.81067e-01 5.63183e-18 2.28600e-04 
8830.00 9.38949e-06 9.79374e-01 5.48861e-18 2.24356e-04 
8841.31 9.41726e-06 9.77270e-01 5.30355e-18 2.17243e-04 
8841.70 9.41598e-06 9.77203e-01 5.29713e-18 2.16945e-04 
8850.00 9.34486e-06 9.75943e-01 5.16509e-18 2.09866e-04 
8861.94 9.13405e-06 9.74616e-01 4.98034e-18 1.97791e-04 
8870.00 9.06073e-06 9.74058e-01 4.85898e-18 1.91487e-04 
8882.19 9.20893e-06 9.73756e-01 4.68064e-18 1.87676e-04 
8885.51 9.26988e-06 9.73790e-01 4.63304e-18 1.87073e-04 
8890.00 9.33967e-06 9.73915e-01 4.56948e-18 1.86014e-04 
8902.45 9.38871e-06 9.74644e-01 4.39727e-18 1.80330e-04 
8910.00 9.34259e-06 9.75268e-01 4.29581e-18 1.75565e-04 
8922.73 9.22033e-06 9.76428e-01 4.12948e-18 1.66995e-04 
8929.94 9.16959e-06 9.77050e-01 4.03799e-18 1.62631e-04 
8930.00 9.16932e-06 9.77055e-01 4.03723e-18 1.62598e-04 
8943.03 9.15985e-06 9.77983e-01 3.87653e-18 1.56340e-04 
8950.00 9.16424e-06 9.78410e-01 3.79301e-18 1.53231e-04 
8963.34 9.14457e-06 9.79202e-01 3.63772e-18 1.46980e-04 
8970.00 9.15436e-06 9.79628e-01 3.56245e-18 1.44263e-04 
8974.59 9.17874e-06 9.79950e-01 3.51140e-18 1.42694e-04 
8983.67 9.20811e-06 9.80668e-01 3.41238e-18 1.39356e-04 
8990.00 9.14963e-06 9.81217e-01 3.34489e-18 1.35904e-04 
9004.01 8.76696e-06 9.82497e-01 3.19985e-18 1.24931e-04 
9010.00 8.66184e-06 9.83042e-01 3.13968e-18 1.21259e-04 
9019.46 8.73277e-06 9.83860e-01 3.04671e-18 1.18856e-04 
9024.37 8.83558e-06 9.84252e-01 2.99948e-18 1.18502e-04 
9030.00 8.95468e-06 9.84670e-01 2.94619e-18 1.18090e-04 
9044.75 9.09305e-06 9.85612e-01 2.81068e-18 1.14696e-04 
9050.00 9.09013e-06 9.85896e-01 2.76383e-18 1.12845e-04 
9064.56 8.98930e-06 9.86540e-01 2.63775e-18 1.06744e-04 
9065.14 8.98294e-06 9.86561e-01 2.63286e-18 1.06480e-04 
9070.00 8.92356e-06 9.86729e-01 2.59203e-18 1.04209e-04 
9085.54 8.72141e-06 9.87138e-01 2.46544e-18 9.70809e-05 
9090.00 8.68942e-06 9.87225e-01 2.43024e-18 9.53988e-05 
9105.97 8.73502e-06 9.87457e-01 2.30791e-18 9.12536e-05 
9109.88 8.76741e-06 9.87500e-01 2.27880e-18 9.04795e-05 
9110.00 8.76842e-06 9.87501e-01 2.27793e-18 9.04566e-05 
9126.40 8.88281e-06 9.87648e-01 2.15973e-18 8.70510e-05 
9130.00 8.88956e-06 9.87675e-01 2.13460e-18 8.61399e-05 
9146.86 8.81523e-06 9.87800e-01 2.02040e-18 8.10095e-05 
9150.00 8.79505e-06 9.87825e-01 1.99976e-18 8.00279e-05 
9155.43 8.76521e-06 9.87870e-01 1.96455e-18 7.84021e-05 
9167.33 8.73155e-06 9.87983e-01 1.88947e-18 7.52222e-05 
9170.00 8.73137e-06 9.88010e-01 1.87297e-18 7.45878e-05 
9187.81 8.74551e-06 9.88195e-01 1.76646e-18 7.06100e-05 
9190.00 8.73787e-06 9.88216e-01 1.75378e-18 7.00603e-05 
9201.21 8.63635e-06 9.88320e-01 1.69015e-18 6.68222e-05 
9208.31 8.53140e-06 9.88376e-01 1.65095e-18 6.45326e-05 
9210.00 8.50345e-06 9.88388e-01 1.64177e-18 6.39762e-05 
9228.83 8.24451e-06 9.88504e-01 1.54252e-18 5.84042e-05 
9230.00 8.24007e-06 9.88510e-01 1.53655e-18 5.81546e-05 
9247.21 8.35262e-06 9.88600e-01 1.45113e-18 5.57805e-05 
9249.36 8.37497e-06 9.88612e-01 1.44078e-18 5.55447e-05 
9250.00 8.38130e-06 9.88615e-01 1.43774e-18 5.54732e-05 
9269.91 8.49426e-06 9.88727e-01 1.34536e-18 5.27277e-05 
9270.00 8.49441e-06 9.88728e-01 1.34497e-18 5.27138e-05 
9290.00 8.49443e-06 9.88841e-01 1.25790e-18 4.94136e-05 
9290.48 8.49472e-06 9.88844e-01 1.25589e-18 4.93389e-05 
9293.45 8.49775e-06 9.88860e-01 1.24343e-18 4.88833e-05 
9310.00 8.51456e-06 9.88946e-01 1.17621e-18 4.64188e-05 
9311.06 8.51344e-06 9.88951e-01 1.17203e-18 4.62533e-05 
9330.00 8.45599e-06 9.89043e-01 1.09959e-18 4.31933e-05 
9331.66 8.45139e-06 9.89051e-01 1.09347e-18 4.29373e-05 
9339.92 8.43351e-06 9.89090e-01 1.06338e-18 4.17062e-05 
9350.00 8.41006e-06 9.89138e-01 1.02775e-18 4.02417e-05 
9352.27 8.40262e-06 9.89149e-01 1.01989e-18 3.99088e-05 
9370.00 8.36272e-06 9.89233e-01 9.60396e-19 3.74765e-05 
9372.90 8.36846e-06 9.89247e-01 9.50999e-19 3.71473e-05 
9386.62 8.36921e-06 9.89310e-01 9.07666e-19 3.55120e-05 
9390.00 8.33657e-06 9.89325e-01 8.97279e-19 3.49818e-05 
9393.54 8.27994e-06 9.89341e-01 8.86525e-19 3.43413e-05 
9410.00 8.00863e-06 9.89412e-01 8.38145e-19 3.14606e-05 
9414.20 8.02049e-06 9.89429e-01 8.26204e-19 3.10727e-05 
9430.00 8.20795e-06 9.89495e-01 7.82756e-19 3.01794e-05 
9433.55 8.21234e-06 9.89510e-01 7.73297e-19 2.98422e-05 
9434.88 8.20829e-06 9.89516e-01 7.69787e-19 2.96965e-05 
9450.00 8.10274e-06 9.89577e-01 7.30890e-19 2.78798e-05 
9455.57 8.10841e-06 9.89598e-01 7.17039e-19 2.73873e-05 
9470.00 8.20329e-06 9.89645e-01 6.82335e-19 2.64082e-05 
9476.28 8.22133e-06 9.89661e-01 6.67737e-19 2.59177e-05 
9480.72 8.22032e-06 9.89670e-01 6.57605e-19 2.55334e-05 
9490.00 8.19517e-06 9.89683e-01 6.36891e-19 2.46779e-05 
9497.01 8.16794e-06 9.89689e-01 6.21672e-19 2.40261e-05 
9510.00 8.13165e-06 9.89702e-01 5.94368e-19 2.29004e-05 
9517.75 8.12686e-06 9.89713e-01 5.78643e-19 2.22998e-05 
9528.12 8.06915e-06 9.89740e-01 5.58212e-19 2.13835e-05 
9530.00 8.04419e-06 9.89747e-01 5.54589e-19 2.11833e-05 
9538.50 7.87811e-06 9.89782e-01 5.38463e-19 2.01614e-05 
9550.00 7.71090e-06 9.89833e-01 5.17386e-19 1.89849e-05 
9559.28 7.78690e-06 9.89867e-01 5.00956e-19 1.85819e-05 
9570.00 7.96426e-06 9.89885e-01 4.82599e-19 1.83295e-05 
9575.76 8.01779e-06 9.89880e-01 4.73002e-19 1.80966e-05 
9580.07 8.03366e-06 9.89868e-01 4.65953e-19 1.78700e-05 
9590.00 8.02054e-06 9.89820e-01 4.50078e-19 1.72500e-05 
9600.87 7.97475e-06 9.89746e-01 4.33297e-19 1.65295e-05 
9610.00 7.93093e-06 9.89680e-01 4.19683e-19 1.59363e-05 
9621.70 7.88319e-06 9.89609e-01 4.02839e-19 1.52220e-05 
9623.64 7.87671e-06 9.89600e-01 4.00102e-19 1.51091e-05 
9630.00 7.85897e-06 9.89578e-01 3.91281e-19 1.47521e-05 
9642.54 7.83569e-06 9.89544e-01 3.74440e-19 1.40932e-05 
9650.00 7.81927e-06 9.89514e-01 3.64747e-19 1.37098e-05 
9663.39 7.78006e-06 9.89406e-01 3.47967e-19 1.30301e-05 
9670.00 7.77475e-06 9.89311e-01 3.39963e-19 1.27292e-05 
9671.76 7.77675e-06 9.89280e-01 3.37862e-19 1.26557e-05 
9684.26 7.81354e-06 9.88992e-01 3.23297e-19 1.21796e-05 
9690.00 7.82552e-06 9.88830e-01 3.16818e-19 1.19589e-05 
9705.15 7.80272e-06 9.88372e-01 3.00314e-19 1.13153e-05 
9710.00 7.79217e-06 9.88229e-01 2.95207e-19 1.11118e-05 
9720.12 7.78209e-06 9.87960e-01 2.84827e-19 1.07155e-05 
9726.05 7.77528e-06 9.87831e-01 2.78907e-19 1.04886e-05 
9730.00 7.76642e-06 9.87761e-01 2.75034e-19 1.03346e-05 
9746.97 7.68954e-06 9.87658e-01 2.58973e-19 9.65059e-06 
9750.00 7.67591e-06 9.87680e-01 2.56205e-19 9.53372e-06 
9767.91 7.66600e-06 9.88144e-01 2.40416e-19 8.95524e-06 
9768.72 7.67004e-06 9.88180e-01 2.39724e-19 8.93525e-06 
9770.00 7.67748e-06 9.88240e-01 2.38636e-19 8.90500e-06 
9788.86 7.97626e-06 9.89582e-01 2.23145e-19 8.67950e-06 
