##### EXOPHOT SPECTRAL OVERLAP FILE #####
# Date: 01/12/2021 13:14:57
# SED file: SED_g2v.txt
# atmosphere file: atm_g2v_hzm_os2.txt
# photopigment file: phot1.txt
# Stellar radius (Rs in km): 6.963400e+05
# Exoplanet orbit semi-major axis (sma in km): 1.481139e+08
# Total absorption rate (gamma_t in s-1): 2.99327e+00
# B band absorption rate (gamma_B in s-1): 8.06628e-01
# Q band absorption rate (gamma_Q in s-1): 2.18665e+00
# B-Q bands cut-off (in nm): 500
# photosynthetic photon flux density [ppfd in micromol photon m-2 s-1]: 1.95040e+03
# Total Stellar Irradiance (S in W m-2): 1.37004e+03
# -------------------------------------------------
# Col 1: Wavelength (wl in Angstrom) 
# Col 2: Spectral Flux Density (F_l in J cm-2 s-1 A-1) 
# Col 3: Atmosphere transmitance (T, no units) 
# Col 4: Pigment absorption cross section (sigma_abs in cm-2) 
# Col 5: Spectral Absorption Rate (Gamma_lambda in A-1 s-1)
2501.18 1.19971e-06 3.75952e-02 1.71982e-17 9.76694e-07 
2503.24 9.87155e-07 3.78200e-02 1.77539e-17 8.35270e-07 
2505.00 8.30996e-07 3.80128e-02 1.82354e-17 7.26397e-07 
2513.00 3.76036e-07 3.89004e-02 2.05038e-17 3.79431e-07 
2515.76 3.01355e-07 3.92100e-02 2.13124e-17 3.18933e-07 
2516.83 2.81715e-07 3.93309e-02 2.16305e-17 3.03661e-07 
2518.00 2.65815e-07 3.94629e-02 2.19788e-17 2.92248e-07 
2525.00 2.68980e-07 4.02582e-02 2.41048e-17 3.31790e-07 
2528.34 3.11401e-07 4.06400e-02 2.51390e-17 4.04930e-07 
2532.49 3.62175e-07 4.11176e-02 2.64424e-17 5.02017e-07 
2535.00 3.73490e-07 4.14068e-02 2.72356e-17 5.37512e-07 
2540.98 3.64323e-07 4.21000e-02 2.91411e-17 5.71741e-07 
2545.00 4.79310e-07 4.25694e-02 3.04292e-17 7.95454e-07 
2548.16 7.05512e-07 4.29403e-02 3.14431e-17 1.22193e-06 
2553.68 1.11450e-06 4.35900e-02 3.32056e-17 2.07381e-06 
2555.00 1.15978e-06 4.37455e-02 3.36241e-17 2.19420e-06 
2563.85 9.79574e-07 4.48073e-02 3.63995e-17 2.06204e-06 
2565.00 9.81278e-07 4.49494e-02 3.67550e-17 2.09336e-06 
2566.45 1.01756e-06 4.51300e-02 3.72002e-17 2.20713e-06 
2575.00 1.48751e-06 4.62488e-02 3.97551e-17 3.54531e-06 
2579.28 1.49187e-06 4.68600e-02 4.09838e-17 3.72020e-06 
2579.54 1.48630e-06 4.68980e-02 4.10561e-17 3.71623e-06 
2585.00 1.32188e-06 4.77388e-02 4.25580e-17 3.49486e-06 
2592.18 1.20336e-06 4.89000e-02 4.44140e-17 3.41047e-06 
2595.00 1.15895e-06 4.93593e-02 4.51015e-17 3.37044e-06 
2595.24 1.15409e-06 4.93991e-02 4.51599e-17 3.36367e-06 
2605.00 9.02072e-07 5.09966e-02 4.73291e-17 2.85524e-06 
2605.14 8.99153e-07 5.10200e-02 4.73581e-17 2.84920e-06 
2610.96 8.26387e-07 5.19916e-02 4.84869e-17 2.73820e-06 
2615.00 8.16755e-07 5.26770e-02 4.91942e-17 2.78626e-06 
2618.17 8.33844e-07 5.32200e-02 4.97029e-17 2.90711e-06 
2625.00 1.20017e-06 5.44081e-02 5.06603e-17 4.37145e-06 
2626.68 1.40904e-06 5.47036e-02 5.08660e-17 5.18441e-06 
2631.26 2.11169e-06 5.55100e-02 5.13635e-17 7.97521e-06 
2635.00 2.61587e-06 5.61728e-02 5.17035e-17 1.00778e-05 
2642.42 3.19854e-06 5.74993e-02 5.21984e-17 1.27702e-05 
2644.41 3.46147e-06 5.78600e-02 5.22907e-17 1.39417e-05 
2645.00 3.56199e-06 5.79664e-02 5.23145e-17 1.43827e-05 
2655.00 5.21474e-06 5.98077e-02 5.24969e-17 2.18832e-05 
2657.64 4.82872e-06 6.03000e-02 5.24757e-17 2.04421e-05 
2658.17 4.70459e-06 6.03993e-02 5.24680e-17 1.99505e-05 
2665.00 2.94255e-06 6.16881e-02 5.22690e-17 1.27289e-05 
2670.92 2.90550e-06 6.28200e-02 5.19530e-17 1.27501e-05 
2673.92 3.31180e-06 6.33985e-02 5.17451e-17 1.46246e-05 
2675.00 3.48091e-06 6.36071e-02 5.16628e-17 1.54037e-05 
2684.28 4.30503e-06 6.54200e-02 5.07998e-17 1.93330e-05 
2685.00 4.25848e-06 6.55618e-02 5.07219e-17 1.91412e-05 
2689.69 3.53711e-06 6.64881e-02 5.01806e-17 1.59792e-05 
2695.00 2.84267e-06 6.75464e-02 4.95015e-17 1.28952e-05 
2697.70 2.95571e-06 6.80900e-02 4.91322e-17 1.34285e-05 
2705.00 3.71936e-06 6.95795e-02 4.80658e-17 1.69386e-05 
2705.47 3.72193e-06 6.96762e-02 4.79943e-17 1.69515e-05 
2711.19 3.10995e-06 7.08600e-02 4.71003e-17 1.41665e-05 
2715.00 2.43166e-06 7.16543e-02 4.64860e-17 1.10703e-05 
2721.26 1.70962e-06 7.29697e-02 4.54579e-17 7.76863e-06 
2724.74 1.66641e-06 7.37100e-02 4.48811e-17 7.56172e-06 
2725.00 1.67555e-06 7.37644e-02 4.48388e-17 7.60235e-06 
2735.00 2.28481e-06 7.59230e-02 4.32040e-17 1.03188e-05 
2737.06 2.13722e-06 7.63729e-02 4.28763e-17 9.64305e-06 
2738.37 1.98216e-06 7.66600e-02 4.26703e-17 8.93817e-06 
2745.00 1.17029e-06 7.81235e-02 4.16625e-17 5.26362e-06 
2752.06 1.46225e-06 7.97000e-02 4.06739e-17 6.56717e-06 
2752.87 1.54569e-06 7.98819e-02 4.05674e-17 6.94155e-06 
2755.00 1.76783e-06 8.03622e-02 4.02945e-17 7.93931e-06 
2765.00 2.49514e-06 8.26411e-02 3.91776e-17 1.12447e-05 
2765.82 2.53581e-06 8.28300e-02 3.90994e-17 1.14346e-05 
2768.69 2.64663e-06 8.34929e-02 3.88436e-17 1.19636e-05 
2775.00 2.53884e-06 8.49607e-02 3.83855e-17 1.15666e-05 
2779.65 2.01880e-06 8.60500e-02 3.81469e-17 9.27294e-06 
2784.52 1.33578e-06 8.71977e-02 3.79949e-17 6.20354e-06 
2785.00 1.27562e-06 8.73104e-02 3.79857e-17 5.93136e-06 
2793.55 5.84054e-07 8.93500e-02 3.80015e-17 2.78886e-06 
2795.00 5.24392e-07 8.97009e-02 3.80395e-17 2.51763e-06 
2800.37 4.42847e-07 9.10087e-02 3.82738e-17 2.17459e-06 
2805.00 6.61828e-07 9.21485e-02 3.85993e-17 3.32406e-06 
2807.52 9.34485e-07 9.27700e-02 3.88252e-17 4.75706e-06 
2815.00 2.15668e-06 9.46277e-02 3.97085e-17 1.14839e-05 
2816.22 2.37592e-06 9.49321e-02 3.98832e-17 1.27534e-05 
2821.55 3.21709e-06 9.62700e-02 4.07503e-17 1.79266e-05 
2825.00 3.53321e-06 9.71417e-02 4.14011e-17 2.02083e-05 
2832.08 3.37339e-06 9.89500e-02 4.29658e-17 2.04472e-05 
2835.00 3.07517e-06 9.96996e-02 4.36993e-17 1.91211e-05 
2835.66 2.99551e-06 9.98700e-02 4.38729e-17 1.87361e-05 
2845.00 1.62679e-06 1.02295e-01 4.66146e-17 1.11100e-05 
2847.96 1.19158e-06 1.03073e-01 4.75961e-17 8.38107e-06 
2849.84 9.65446e-07 1.03570e-01 4.82473e-17 6.92115e-06 
2855.00 7.65840e-07 1.04945e-01 5.01467e-17 5.79257e-06 
2863.85 2.23011e-06 1.07325e-01 5.37754e-17 1.85559e-05 
2864.09 2.28881e-06 1.07390e-01 5.38812e-17 1.90951e-05 
2865.00 2.51249e-06 1.07636e-01 5.42827e-17 2.11724e-05 
2875.00 4.33447e-06 1.10341e-01 5.89989e-17 4.08391e-05 
2878.41 4.26277e-06 1.11270e-01 6.07329e-17 4.17417e-05 
2879.74 4.16487e-06 1.11635e-01 6.14286e-17 4.14048e-05 
2885.00 3.87158e-06 1.13084e-01 6.42587e-17 4.08593e-05 
2892.80 4.73923e-06 1.15260e-01 6.87093e-17 5.46568e-05 
2895.00 5.13013e-06 1.15879e-01 7.00148e-17 6.06589e-05 
2895.65 5.24484e-06 1.16063e-01 7.04057e-17 6.24744e-05 
2907.27 6.80884e-06 1.19370e-01 7.76671e-17 9.23875e-05 
2910.00 6.96967e-06 1.20156e-01 7.94509e-17 9.74704e-05 
2911.57 7.01372e-06 1.20608e-01 8.04864e-17 9.97927e-05 
2921.80 6.67358e-06 1.23570e-01 8.74157e-17 1.06032e-04 
2927.50 6.28198e-06 1.25231e-01 9.13898e-17 1.05956e-04 
2930.00 6.12857e-06 1.25965e-01 9.31542e-17 1.06072e-04 
2936.41 5.87430e-06 1.27870e-01 9.77235e-17 1.08508e-04 
2943.44 5.78719e-06 1.30005e-01 1.02787e-16 1.14590e-04 
2950.00 5.82549e-06 1.32008e-01 1.07536e-16 1.22809e-04 
2951.09 5.83887e-06 1.32340e-01 1.08327e-16 1.24355e-04 
2959.39 5.97202e-06 1.34838e-01 1.14320e-16 1.37146e-04 
2965.85 6.07885e-06 1.36780e-01 1.18941e-16 1.47654e-04 
2970.00 6.12963e-06 1.38041e-01 1.21880e-16 1.54190e-04 
2975.35 6.16029e-06 1.39686e-01 1.25621e-16 1.61911e-04 
2980.68 6.15554e-06 1.41340e-01 1.29274e-16 1.68764e-04 
2990.00 6.08496e-06 1.44284e-01 1.35473e-16 1.79029e-04 
2991.33 6.07037e-06 1.44709e-01 1.36332e-16 1.80341e-04 
2995.58 6.02295e-06 1.46080e-01 1.39041e-16 1.84479e-04 
3007.31 5.99554e-06 1.49913e-01 1.46129e-16 1.98842e-04 
3010.00 6.03487e-06 1.50789e-01 1.47667e-16 2.03615e-04 
3010.56 6.04607e-06 1.50970e-01 1.47982e-16 2.04712e-04 
3023.31 6.47046e-06 1.55066e-01 1.54742e-16 2.36301e-04 
3025.61 6.55224e-06 1.55810e-01 1.55872e-16 2.42375e-04 
3030.00 6.68114e-06 1.57238e-01 1.57941e-16 2.53087e-04 
3039.31 6.81121e-06 1.60321e-01 1.61965e-16 2.70605e-04 
3040.74 6.82320e-06 1.60800e-01 1.62537e-16 2.72978e-04 
3050.00 6.94828e-06 1.63929e-01 1.65948e-16 2.90220e-04 
3055.33 7.09967e-06 1.65724e-01 1.67675e-16 3.03442e-04 
3055.94 7.11917e-06 1.65930e-01 1.67863e-16 3.05055e-04 
3070.00 7.35157e-06 1.70608e-01 1.71540e-16 3.32512e-04 
3071.22 7.32896e-06 1.71020e-01 1.71804e-16 3.32933e-04 
3071.36 7.32593e-06 1.71065e-01 1.71832e-16 3.32953e-04 
3086.58 6.81241e-06 1.76310e-01 1.74379e-16 3.25441e-04 
3087.40 6.80423e-06 1.76595e-01 1.74479e-16 3.25848e-04 
3090.00 6.81402e-06 1.77502e-01 1.74773e-16 3.28825e-04 
3102.01 7.43640e-06 1.81700e-01 1.75676e-16 3.70677e-04 
3103.45 7.52979e-06 1.82203e-01 1.75736e-16 3.76674e-04 
3110.00 7.84990e-06 1.84504e-01 1.75890e-16 3.98836e-04 
3117.52 7.85174e-06 1.87150e-01 1.75840e-16 4.05514e-04 
3119.51 7.79836e-06 1.87849e-01 1.75789e-16 4.04401e-04 
3130.00 7.35561e-06 1.91561e-01 1.75284e-16 3.89166e-04 
3133.11 7.22502e-06 1.92670e-01 1.75065e-16 3.84372e-04 
3135.58 7.13493e-06 1.93555e-01 1.74872e-16 3.81202e-04 
3148.77 7.01089e-06 1.98320e-01 1.73582e-16 3.82568e-04 
3150.00 7.04171e-06 1.98763e-01 1.73444e-16 3.84950e-04 
3151.66 7.09721e-06 1.99363e-01 1.73252e-16 3.88930e-04 
3164.52 7.67067e-06 2.04010e-01 1.71638e-16 4.27886e-04 
3167.76 7.72699e-06 2.05186e-01 1.71205e-16 4.32862e-04 
3170.00 7.71399e-06 2.06004e-01 1.70901e-16 4.33393e-04 
3180.34 7.18741e-06 2.09790e-01 1.69483e-16 4.09149e-04 
3183.86 6.98043e-06 2.11085e-01 1.69001e-16 3.99123e-04 
3190.00 6.81738e-06 2.13350e-01 1.68173e-16 3.92807e-04 
3196.24 7.04372e-06 2.15660e-01 1.67356e-16 4.09050e-04 
3199.98 7.27224e-06 2.17044e-01 1.66886e-16 4.24331e-04 
3210.00 7.56294e-06 2.20771e-01 1.65707e-16 4.47097e-04 
3212.22 7.46423e-06 2.21600e-01 1.65465e-16 4.42579e-04 
3216.10 7.16032e-06 2.23048e-01 1.65063e-16 4.26808e-04 
3228.29 6.20576e-06 2.27610e-01 1.63978e-16 3.76414e-04 
3230.00 6.20031e-06 2.28254e-01 1.63848e-16 3.77051e-04 
3232.24 6.27873e-06 2.29096e-01 1.63689e-16 3.83121e-04 
3244.43 7.82713e-06 2.33690e-01 1.63011e-16 4.86991e-04 
3248.39 8.47248e-06 2.35189e-01 1.62862e-16 5.30689e-04 
3250.00 8.71826e-06 2.35799e-01 1.62812e-16 5.47601e-04 
3260.65 9.91191e-06 2.39840e-01 1.62627e-16 6.34599e-04 
3264.55 1.01662e-05 2.41323e-01 1.62623e-16 6.55671e-04 
3270.00 1.03656e-05 2.43398e-01 1.62674e-16 6.75619e-04 
3276.95 1.03826e-05 2.46050e-01 1.62830e-16 6.86212e-04 
3280.72 1.03088e-05 2.47492e-01 1.62955e-16 6.86645e-04 
3290.00 9.99845e-06 2.51048e-01 1.63379e-16 6.79212e-04 
3293.34 9.87501e-06 2.52330e-01 1.63568e-16 6.75717e-04 
3296.90 9.74902e-06 2.53702e-01 1.63790e-16 6.72360e-04 
3309.80 9.42891e-06 2.58670e-01 1.64741e-16 6.69476e-04 
3310.00 9.42653e-06 2.58746e-01 1.64757e-16 6.69608e-04 
3313.10 9.40110e-06 2.59942e-01 1.65015e-16 6.72569e-04 
3326.35 9.49883e-06 2.65070e-01 1.66207e-16 7.00762e-04 
3329.30 9.55284e-06 2.66214e-01 1.66485e-16 7.09604e-04 
3330.00 9.56669e-06 2.66485e-01 1.66551e-16 7.11785e-04 
3342.98 9.65460e-06 2.71530e-01 1.67792e-16 7.40254e-04 
3345.52 9.56551e-06 2.72516e-01 1.68031e-16 7.37696e-04 
3350.00 9.25543e-06 2.74260e-01 1.68448e-16 7.21096e-04 
3359.70 7.99961e-06 2.78040e-01 1.69306e-16 6.36900e-04 
3361.75 7.71939e-06 2.78839e-01 1.69476e-16 6.17354e-04 
3370.00 6.96912e-06 2.82067e-01 1.70114e-16 5.67314e-04 
3376.50 7.08309e-06 2.84610e-01 1.70551e-16 5.84408e-04 
3377.98 7.17854e-06 2.85192e-01 1.70641e-16 5.94071e-04 
3390.00 8.14781e-06 2.89895e-01 1.71224e-16 6.90193e-04 
3393.38 8.29419e-06 2.91220e-01 1.71336e-16 7.06966e-04 
3394.23 8.31731e-06 2.91555e-01 1.71360e-16 7.10031e-04 
3410.00 8.31818e-06 2.97744e-01 1.71490e-16 7.29102e-04 
3410.35 8.31958e-06 2.97880e-01 1.71486e-16 7.29615e-04 
3410.50 8.32032e-06 2.97938e-01 1.71484e-16 7.29846e-04 
3426.77 8.71081e-06 3.04332e-01 1.70893e-16 7.81516e-04 
3427.40 8.73010e-06 3.04580e-01 1.70854e-16 7.83853e-04 
3430.00 8.80537e-06 3.05602e-01 1.70682e-16 7.93065e-04 
3443.05 9.05947e-06 3.10735e-01 1.69496e-16 8.27023e-04 
3444.54 9.07933e-06 3.11320e-01 1.69326e-16 8.29923e-04 
3450.00 9.14571e-06 3.13475e-01 1.68639e-16 8.39694e-04 
3459.34 9.26690e-06 3.17154e-01 1.67235e-16 8.55951e-04 
3461.76 9.30802e-06 3.18100e-01 1.66825e-16 8.60799e-04 
3470.00 9.50946e-06 3.21312e-01 1.65278e-16 8.82167e-04 
3475.65 9.71893e-06 3.23509e-01 1.64087e-16 9.02690e-04 
3479.07 9.87120e-06 3.24840e-01 1.63316e-16 9.17177e-04 
3490.00 1.04454e-05 3.29121e-01 1.60592e-16 9.69960e-04 
3491.97 1.05566e-05 3.29894e-01 1.60062e-16 9.79894e-04 
3496.46 1.07950e-05 3.31660e-01 1.58804e-16 1.00075e-03 
3508.30 1.10010e-05 3.36309e-01 1.55198e-16 1.01409e-03 
3510.00 1.09431e-05 3.36979e-01 1.54644e-16 1.00764e-03 
3513.95 1.07104e-05 3.38530e-01 1.53332e-16 9.83451e-04 
3524.64 9.99684e-06 3.42736e-01 1.49560e-16 9.09236e-04 
3530.00 1.00222e-05 3.44845e-01 1.47556e-16 9.06239e-04 
3531.51 1.01192e-05 3.45440e-01 1.46977e-16 9.13379e-04 
3540.99 1.12219e-05 3.49154e-01 1.43236e-16 1.00042e-03 
3549.17 1.17533e-05 3.52360e-01 1.39845e-16 1.03477e-03 
3550.00 1.17299e-05 3.52684e-01 1.39495e-16 1.03132e-03 
3557.35 1.08257e-05 3.55563e-01 1.36328e-16 9.39742e-04 
3566.92 8.91315e-06 3.59310e-01 1.32064e-16 7.59453e-04 
3570.00 8.43342e-06 3.60515e-01 1.30661e-16 7.13943e-04 
3573.72 8.08029e-06 3.61968e-01 1.28949e-16 6.78514e-04 
3584.75 8.16415e-06 3.66270e-01 1.23775e-16 6.67926e-04 
3590.00 8.53289e-06 3.68313e-01 1.21270e-16 6.88785e-04 
3590.11 8.54109e-06 3.68354e-01 1.21219e-16 6.89255e-04 
3602.68 9.50218e-06 3.73240e-01 1.15129e-16 7.40536e-04 
3606.50 9.74335e-06 3.74724e-01 1.13258e-16 7.50756e-04 
3610.00 9.91970e-06 3.76080e-01 1.11542e-16 7.56219e-04 
3620.69 1.01545e-05 3.80220e-01 1.06279e-16 7.47919e-04 
3622.91 1.01542e-05 3.81080e-01 1.05184e-16 7.42324e-04 
3630.00 1.00685e-05 3.83824e-01 1.01690e-16 7.18135e-04 
3638.79 1.01230e-05 3.87220e-01 9.73701e-17 6.99153e-04 
3639.33 1.01616e-05 3.87426e-01 9.71081e-17 7.00407e-04 
3640.00 1.02194e-05 3.87685e-01 9.67793e-17 7.02604e-04 
3650.00 1.17092e-05 3.91528e-01 9.19089e-17 7.74216e-04 
3655.76 1.22397e-05 3.93738e-01 8.91306e-17 7.90505e-04 
3656.99 1.22954e-05 3.94210e-01 8.85407e-17 7.90060e-04 
3670.00 1.20827e-05 3.99203e-01 8.23699e-17 7.34030e-04 
3672.20 1.19665e-05 4.00045e-01 8.13418e-17 7.19844e-04 
3675.27 1.17991e-05 4.01220e-01 7.99143e-17 6.99951e-04 
3688.65 1.14390e-05 4.06313e-01 7.38187e-17 6.37100e-04 
3690.00 1.14738e-05 4.06825e-01 7.32169e-17 6.34857e-04 
3693.65 1.16504e-05 4.08210e-01 7.15981e-17 6.33145e-04 
3705.12 1.22192e-05 4.12561e-01 6.66248e-17 6.26460e-04 
3710.00 1.20237e-05 4.14409e-01 6.45635e-17 6.00833e-04 
3712.12 1.17879e-05 4.15210e-01 6.36805e-17 5.82444e-04 
3721.59 1.00482e-05 4.18785e-01 5.98104e-17 4.71529e-04 
3730.00 8.70158e-06 4.21946e-01 5.64936e-17 3.89481e-04 
3730.68 8.64394e-06 4.22200e-01 5.62312e-17 3.85406e-04 
3738.08 8.58584e-06 4.24975e-01 5.34122e-17 3.66740e-04 
3749.33 9.73699e-06 4.29180e-01 4.93007e-17 3.88861e-04 
3750.00 9.82346e-06 4.29430e-01 4.90628e-17 3.90718e-04 
3754.58 1.04070e-05 4.31136e-01 4.74549e-17 4.02443e-04 
3768.08 1.17610e-05 4.36150e-01 4.29213e-17 4.17633e-04 
3770.00 1.18732e-05 4.36862e-01 4.23008e-17 4.16413e-04 
3771.09 1.19247e-05 4.37266e-01 4.19519e-17 4.15275e-04 
3786.92 1.22014e-05 4.43110e-01 3.71091e-17 3.82483e-04 
3787.61 1.22159e-05 4.43365e-01 3.69067e-17 3.81135e-04 
3790.00 1.22827e-05 4.44243e-01 3.62152e-17 3.77022e-04 
3804.14 1.25612e-05 4.49426e-01 3.23143e-17 3.49352e-04 
3805.85 1.24466e-05 4.50050e-01 3.18653e-17 3.41982e-04 
3810.00 1.18994e-05 4.51563e-01 3.07949e-17 3.17372e-04 
3820.69 9.02628e-06 4.55450e-01 2.81625e-17 2.22683e-04 
3824.88 7.93010e-06 4.56970e-01 2.71787e-17 1.89643e-04 
3830.00 7.15129e-06 4.58821e-01 2.60144e-17 1.64575e-04 
3837.24 7.52249e-06 4.61435e-01 2.44336e-17 1.63833e-04 
3844.01 8.70462e-06 4.63870e-01 2.30280e-17 1.79933e-04 
3850.00 9.63437e-06 4.66025e-01 2.18368e-17 1.90023e-04 
3853.81 9.89043e-06 4.67393e-01 2.11053e-17 1.89279e-04 
3863.23 9.69065e-06 4.70760e-01 1.93841e-17 1.71978e-04 
3870.00 9.40439e-06 4.73170e-01 1.82181e-17 1.57938e-04 
3870.39 9.39669e-06 4.73309e-01 1.81525e-17 1.57302e-04 
3882.54 9.93359e-06 4.77610e-01 1.62122e-17 1.50335e-04 
3886.98 1.05249e-05 4.79178e-01 1.55478e-17 1.53433e-04 
3890.00 1.10545e-05 4.80242e-01 1.51095e-17 1.57081e-04 
3901.96 1.33009e-05 4.84440e-01 1.34739e-17 1.70537e-04 
3903.58 1.34397e-05 4.85010e-01 1.32630e-17 1.69890e-04 
3910.00 1.30534e-05 4.87246e-01 1.24601e-17 1.55988e-04 
3920.20 9.39147e-06 4.90790e-01 1.12694e-17 1.02509e-04 
3921.46 8.88450e-06 4.91230e-01 1.11287e-17 9.58812e-05 
3930.00 6.86908e-06 4.94192e-01 1.02191e-17 6.86312e-05 
3936.82 8.09964e-06 4.96547e-01 9.53897e-18 7.60321e-05 
3941.07 9.56458e-06 4.98000e-01 9.13588e-18 8.63343e-05 
3950.00 1.16872e-05 5.01018e-01 8.33711e-18 9.70734e-05 
3953.46 1.14369e-05 5.02179e-01 8.04440e-18 9.19523e-05 
3960.78 9.55364e-06 5.04630e-01 7.45537e-18 7.16663e-05 
3970.00 8.06486e-06 5.07725e-01 6.76766e-18 5.53831e-05 
3970.11 8.07268e-06 5.07762e-01 6.75982e-18 5.53782e-05 
3980.58 1.16017e-05 5.11280e-01 6.04884e-18 7.18989e-05 
3986.77 1.46149e-05 5.13355e-01 5.66097e-18 8.52412e-05 
3990.00 1.58795e-05 5.14437e-01 5.46757e-18 8.97138e-05 
4000.48 1.73801e-05 5.17940e-01 4.88032e-18 8.84743e-05 
4003.44 1.73261e-05 5.18926e-01 4.72537e-18 8.56248e-05 
4010.00 1.69933e-05 5.21109e-01 4.39767e-18 7.86134e-05 
4020.13 1.67967e-05 5.24461e-01 3.93246e-18 7.01077e-05 
4020.49 1.67965e-05 5.24580e-01 3.91673e-18 6.98485e-05 
4030.00 1.68045e-05 5.27704e-01 3.52294e-18 6.33798e-05 
4036.82 1.67006e-05 5.29932e-01 3.26363e-18 5.86971e-05 
4040.59 1.65879e-05 5.31160e-01 3.12813e-18 5.60619e-05 
4050.00 1.61435e-05 5.34220e-01 2.81251e-18 4.94527e-05 
4053.53 1.59261e-05 5.35363e-01 2.70218e-18 4.70142e-05 
4060.79 1.55464e-05 5.37710e-01 2.48782e-18 4.25139e-05 
4070.00 1.56404e-05 5.40668e-01 2.23956e-18 3.88024e-05 
4070.25 1.56574e-05 5.40747e-01 2.23327e-18 3.87435e-05 
4081.10 1.69547e-05 5.44210e-01 1.97238e-18 3.73893e-05 
4086.98 1.76619e-05 5.46079e-01 1.84386e-18 3.65885e-05 
4090.00 1.78856e-05 5.47038e-01 1.78108e-18 3.58798e-05 
4101.50 1.76848e-05 5.50670e-01 1.56154e-18 3.13985e-05 
4103.72 1.75515e-05 5.51367e-01 1.52256e-18 3.04390e-05 
4110.00 1.72304e-05 5.53336e-01 1.41756e-18 2.79635e-05 
4120.47 1.72172e-05 5.56602e-01 1.25954e-18 2.50373e-05 
4122.01 1.72494e-05 5.57080e-01 1.23803e-18 2.46861e-05 
4130.00 1.74022e-05 5.59558e-01 1.13275e-18 2.29327e-05 
4137.24 1.73952e-05 5.61794e-01 1.04639e-18 2.12977e-05 
4142.62 1.73441e-05 5.63450e-01 9.87359e-19 2.01224e-05 
4150.00 1.73330e-05 5.65712e-01 9.13195e-19 1.87070e-05 
4154.01 1.73953e-05 5.66938e-01 8.75990e-19 1.80658e-05 
4163.33 1.75755e-05 5.69770e-01 7.97626e-19 1.67406e-05 
4170.00 1.75320e-05 5.71784e-01 7.48033e-19 1.57414e-05 
4170.80 1.75076e-05 5.72026e-01 7.42405e-19 1.56109e-05 
4184.15 1.67752e-05 5.76030e-01 6.59243e-19 1.34180e-05 
4187.60 1.66248e-05 5.77062e-01 6.40746e-19 1.29585e-05 
4190.00 1.65668e-05 5.77777e-01 6.28612e-19 1.26917e-05 
4204.42 1.68496e-05 5.82057e-01 5.67068e-19 1.17712e-05 
4205.07 1.68643e-05 5.82250e-01 5.64725e-19 1.17385e-05 
4210.00 1.69017e-05 5.83703e-01 5.48240e-19 1.14630e-05 
4221.24 1.64599e-05 5.86995e-01 5.18274e-19 1.06411e-05 
4226.10 1.62357e-05 5.88410e-01 5.08473e-19 1.03343e-05 
4230.00 1.61349e-05 5.89545e-01 5.01917e-19 1.01667e-05 
4238.08 1.62297e-05 5.91885e-01 4.92017e-19 1.00837e-05 
4247.23 1.64232e-05 5.94520e-01 4.86578e-19 1.01580e-05 
4250.00 1.64080e-05 5.95316e-01 4.86113e-19 1.01590e-05 
4254.92 1.62375e-05 5.96724e-01 4.86620e-19 1.00994e-05 
4268.46 1.53612e-05 6.00570e-01 4.96640e-19 9.84523e-06 
4270.00 1.52764e-05 6.01005e-01 4.98569e-19 9.83955e-06 
4271.78 1.51915e-05 6.01509e-01 5.01006e-19 9.84505e-06 
4288.66 1.40886e-05 6.06249e-01 5.34624e-19 9.85849e-06 
4289.80 1.39242e-05 6.06570e-01 5.37606e-19 9.80561e-06 
4290.00 1.38941e-05 6.06625e-01 5.38124e-19 9.79523e-06 
4305.54 1.14432e-05 6.10945e-01 5.87400e-19 8.90090e-06 
4310.00 1.15793e-05 6.12175e-01 6.04571e-19 9.29839e-06 
4311.25 1.17558e-05 6.12520e-01 6.09639e-19 9.52737e-06 
4322.43 1.49722e-05 6.15580e-01 6.59680e-19 1.32299e-05 
4330.00 1.68830e-05 6.17638e-01 6.98527e-19 1.58773e-05 
4332.81 1.71352e-05 6.18400e-01 7.13996e-19 1.65024e-05 
4339.34 1.69091e-05 6.20169e-01 7.52185e-19 1.72307e-05 
4350.00 1.60786e-05 6.23041e-01 8.21317e-19 1.80172e-05 
4354.47 1.62667e-05 6.24240e-01 8.52912e-19 1.89852e-05 
4356.26 1.64338e-05 6.24717e-01 8.65967e-19 1.94966e-05 
4370.00 1.77604e-05 6.28365e-01 9.74873e-19 2.39342e-05 
4373.19 1.76981e-05 6.29206e-01 1.00238e-18 2.45738e-05 
4376.25 1.74794e-05 6.30010e-01 1.02950e-18 2.49763e-05 
4390.00 1.61295e-05 6.33610e-01 1.16165e-18 2.62364e-05 
4390.13 1.61241e-05 6.33645e-01 1.16301e-18 2.62607e-05 
4398.13 1.62765e-05 6.35720e-01 1.24768e-18 2.85838e-05 
4407.09 1.71187e-05 6.38032e-01 1.34971e-18 3.27060e-05 
4410.00 1.74277e-05 6.38780e-01 1.38452e-18 3.42178e-05 
4420.12 1.82868e-05 6.41370e-01 1.51203e-18 3.94604e-05 
4424.06 1.84975e-05 6.42374e-01 1.56447e-18 4.14010e-05 
4430.00 1.86489e-05 6.43886e-01 1.64671e-18 4.40967e-05 
4441.03 1.84866e-05 6.46673e-01 1.80946e-18 4.83613e-05 
4442.22 1.84628e-05 6.46970e-01 1.82773e-18 4.88223e-05 
4450.00 1.84492e-05 6.48914e-01 1.95174e-18 5.23444e-05 
4458.02 1.88256e-05 6.50908e-01 2.08698e-18 5.73923e-05 
4464.43 1.92199e-05 6.52500e-01 2.20047e-18 6.20205e-05 
4470.00 1.94464e-05 6.53886e-01 2.30327e-18 6.59047e-05 
4475.03 1.94734e-05 6.55132e-01 2.39939e-18 6.89589e-05 
4486.75 1.94981e-05 6.57980e-01 2.63626e-18 7.63922e-05 
4490.00 1.96729e-05 6.58747e-01 2.70511e-18 7.92396e-05 
4492.04 1.98495e-05 6.59224e-01 2.74911e-18 8.13472e-05 
4509.07 2.15145e-05 6.63163e-01 3.13857e-18 1.01647e-04 
4509.19 2.15159e-05 6.63190e-01 3.14139e-18 1.01751e-04 
4510.00 2.15175e-05 6.63381e-01 3.16107e-18 1.02444e-04 
4526.11 1.98840e-05 6.67210e-01 3.57016e-18 1.07920e-04 
4530.00 1.95068e-05 6.68138e-01 3.67489e-18 1.09224e-04 
4531.73 1.94037e-05 6.68550e-01 3.72221e-18 1.10156e-04 
4543.16 1.95967e-05 6.71239e-01 4.04622e-18 1.21728e-04 
4550.00 2.01502e-05 6.72832e-01 4.25018e-18 1.31986e-04 
4554.39 2.05498e-05 6.73850e-01 4.38502e-18 1.39218e-04 
4560.22 2.10229e-05 6.75198e-01 4.56898e-18 1.48886e-04 
4570.00 2.13401e-05 6.77450e-01 4.89031e-18 1.62649e-04 
4577.16 2.10036e-05 6.79090e-01 5.13588e-18 1.68793e-04 
4577.29 2.09942e-05 6.79120e-01 5.14052e-18 1.68883e-04 
4590.00 2.01874e-05 6.82007e-01 5.59831e-18 1.78099e-04 
4594.38 2.01597e-05 6.82996e-01 5.76274e-18 1.83519e-04 
4600.05 2.03088e-05 6.84270e-01 5.98046e-18 1.92456e-04 
4610.00 2.06450e-05 6.86497e-01 6.37683e-18 2.09741e-04 
4611.48 2.06637e-05 6.86826e-01 6.43731e-18 2.12091e-04 
4623.05 2.05114e-05 6.89390e-01 6.92378e-18 2.27853e-04 
4628.59 2.03836e-05 6.90610e-01 7.16563e-18 2.35039e-04 
4630.00 2.03591e-05 6.90919e-01 7.22801e-18 2.36978e-04 
4645.71 2.04235e-05 6.94343e-01 7.94881e-18 2.63622e-04 
4646.16 2.04329e-05 6.94440e-01 7.97008e-18 2.64512e-04 
4650.00 2.05267e-05 6.95270e-01 8.15344e-18 2.72389e-04 
4662.85 2.09103e-05 6.98033e-01 8.78763e-18 3.01081e-04 
4669.39 2.10357e-05 6.99430e-01 9.12262e-18 3.15503e-04 
4670.00 2.10415e-05 6.99559e-01 9.15407e-18 3.16779e-04 
4680.00 2.09730e-05 7.01679e-01 9.68250e-18 3.35703e-04 
4690.00 2.06213e-05 7.03785e-01 1.02301e-17 3.50538e-04 
4692.74 2.04828e-05 7.04360e-01 1.03835e-17 3.53897e-04 
4697.16 2.02483e-05 7.05283e-01 1.06334e-17 3.59074e-04 
4710.00 1.98651e-05 7.07951e-01 1.13812e-17 3.79513e-04 
4714.33 1.99581e-05 7.08844e-01 1.16400e-17 3.90809e-04 
4716.20 2.00318e-05 7.09230e-01 1.17533e-17 3.96445e-04 
4730.00 2.07631e-05 7.12048e-01 1.26059e-17 4.43771e-04 
4731.51 2.08244e-05 7.12355e-01 1.27014e-17 4.48788e-04 
4739.79 2.10243e-05 7.14030e-01 1.32313e-17 4.73941e-04 
4748.71 2.10804e-05 7.15828e-01 1.38162e-17 4.98399e-04 
4750.00 2.10831e-05 7.16087e-01 1.39022e-17 5.01880e-04 
4763.48 2.11027e-05 7.18780e-01 1.48151e-17 5.38871e-04 
4765.92 2.11039e-05 7.19262e-01 1.49829e-17 5.45650e-04 
4770.00 2.11036e-05 7.20070e-01 1.52670e-17 5.57093e-04 
4783.14 2.10622e-05 7.22648e-01 1.61990e-17 5.93685e-04 
4787.30 2.10242e-05 7.23460e-01 1.65003e-17 6.04837e-04 
4790.00 2.09902e-05 7.23985e-01 1.66968e-17 6.11838e-04 
4800.37 2.08220e-05 7.25992e-01 1.74620e-17 6.37889e-04 
4810.00 2.07699e-05 7.27843e-01 1.81867e-17 6.65724e-04 
4811.24 2.07809e-05 7.28080e-01 1.82808e-17 6.69913e-04 
4817.61 2.08889e-05 7.29297e-01 1.87686e-17 6.93438e-04 
4830.00 2.10430e-05 7.31644e-01 1.97315e-17 7.38648e-04 
4834.87 2.09584e-05 7.32560e-01 2.01152e-17 7.51683e-04 
4835.29 2.09453e-05 7.32640e-01 2.01488e-17 7.52615e-04 
4850.00 1.98099e-05 7.35381e-01 2.13248e-17 7.58483e-04 
4852.14 1.95205e-05 7.35777e-01 2.14979e-17 7.54205e-04 
4859.47 1.84615e-05 7.37130e-01 2.20944e-17 7.35538e-04 
4869.42 1.76881e-05 7.38957e-01 2.29121e-17 7.34118e-04 
4870.00 1.76937e-05 7.39063e-01 2.29599e-17 7.36078e-04 
4883.77 1.92162e-05 7.41570e-01 2.41059e-17 8.44541e-04 
4886.71 1.96296e-05 7.42103e-01 2.43530e-17 8.72707e-04 
4890.00 2.00022e-05 7.42696e-01 2.46292e-17 9.00682e-04 
4904.02 2.02406e-05 7.45209e-01 2.58155e-17 9.61299e-04 
4908.19 2.00767e-05 7.45950e-01 2.61700e-17 9.68391e-04 
4910.00 1.99995e-05 7.46271e-01 2.63246e-17 9.71139e-04 
4921.34 1.96243e-05 7.48270e-01 2.72941e-17 9.92949e-04 
4930.00 1.95847e-05 7.49785e-01 2.80373e-17 1.02179e-03 
4932.73 1.96368e-05 7.50260e-01 2.82718e-17 1.03430e-03 
4938.67 1.98377e-05 7.51293e-01 2.87830e-17 1.06652e-03 
4950.00 2.03402e-05 7.53251e-01 2.97585e-17 1.13615e-03 
4956.01 2.05436e-05 7.54284e-01 3.02762e-17 1.17049e-03 
4957.39 2.05763e-05 7.54520e-01 3.03949e-17 1.17765e-03 
4970.00 2.05244e-05 7.56668e-01 3.14787e-17 1.22313e-03 
4973.37 2.03776e-05 7.57238e-01 3.17677e-17 1.22728e-03 
4982.18 1.97886e-05 7.58720e-01 3.25217e-17 1.22465e-03 
4990.00 1.91697e-05 7.60026e-01 3.31885e-17 1.21466e-03 
4990.74 1.91132e-05 7.60148e-01 3.32512e-17 1.21374e-03 
5007.09 1.83493e-05 7.62850e-01 3.46340e-17 1.22200e-03 
5008.12 1.83519e-05 7.63019e-01 3.47203e-17 1.22574e-03 
5010.00 1.83784e-05 7.63328e-01 3.48783e-17 1.23406e-03 
5025.51 1.92297e-05 7.65858e-01 3.61688e-17 1.34759e-03 
5030.00 1.94206e-05 7.66586e-01 3.65384e-17 1.37742e-03 
5032.12 1.94621e-05 7.66930e-01 3.67127e-17 1.38815e-03 
5042.91 1.93832e-05 7.68667e-01 3.75902e-17 1.42181e-03 
5050.00 1.93886e-05 7.69797e-01 3.81594e-17 1.44790e-03 
5057.29 1.96722e-05 7.70950e-01 3.87384e-17 1.49576e-03 
5060.33 1.98276e-05 7.71429e-01 3.89785e-17 1.51878e-03 
5070.00 2.01241e-05 7.72939e-01 3.97320e-17 1.57737e-03 
5077.76 1.98934e-05 7.74149e-01 4.03274e-17 1.58755e-03 
5082.57 1.96412e-05 7.74900e-01 4.06918e-17 1.58463e-03 
5090.00 1.93466e-05 7.76063e-01 4.12473e-17 1.58686e-03 
5095.20 1.93367e-05 7.76874e-01 4.16311e-17 1.60412e-03 
5107.98 1.96176e-05 7.78810e-01 4.25539e-17 1.67182e-03 
5110.00 1.96368e-05 7.79104e-01 4.26967e-17 1.68037e-03 
5112.66 1.96315e-05 7.79487e-01 4.28840e-17 1.68899e-03 
5130.00 1.91740e-05 7.81929e-01 4.40722e-17 1.70642e-03 
5130.13 1.91708e-05 7.81947e-01 4.40807e-17 1.70654e-03 
5133.52 1.90954e-05 7.82430e-01 4.43064e-17 1.71072e-03 
5147.61 1.86465e-05 7.84491e-01 4.52161e-17 1.71398e-03 
5150.00 1.84850e-05 7.84846e-01 4.53664e-17 1.70636e-03 
5159.19 1.75804e-05 7.86210e-01 4.59321e-17 1.64888e-03 
5165.10 1.69597e-05 7.87077e-01 4.62854e-17 1.60651e-03 
5170.00 1.65625e-05 7.87791e-01 4.65725e-17 1.58154e-03 
5182.60 1.64013e-05 7.89608e-01 4.72845e-17 1.59764e-03 
5184.99 1.64993e-05 7.89950e-01 4.74148e-17 1.61306e-03 
5190.00 1.68190e-05 7.90668e-01 4.76843e-17 1.65677e-03 
5200.12 1.77703e-05 7.92112e-01 4.82092e-17 1.77643e-03 
5210.00 1.85445e-05 7.93511e-01 4.86964e-17 1.87943e-03 
5210.91 1.85845e-05 7.93640e-01 4.87402e-17 1.88581e-03 
5217.65 1.87181e-05 7.94586e-01 4.90563e-17 1.91644e-03 
5230.00 1.88623e-05 7.96306e-01 4.96044e-17 1.96165e-03 
5235.19 1.91334e-05 7.97025e-01 4.98226e-17 2.00238e-03 
5236.97 1.92411e-05 7.97270e-01 4.98955e-17 2.01790e-03 
5250.00 1.94431e-05 7.99060e-01 5.04043e-17 2.06964e-03 
5252.75 1.92023e-05 7.99436e-01 5.05056e-17 2.05016e-03 
5263.15 1.77926e-05 8.00850e-01 5.08701e-17 1.92053e-03 
5270.00 1.72294e-05 8.01774e-01 5.10933e-17 1.87250e-03 
5270.32 1.72238e-05 8.01816e-01 5.11033e-17 1.87246e-03 
5287.90 1.89844e-05 8.04162e-01 5.16141e-17 2.09756e-03 
5289.47 1.91924e-05 8.04370e-01 5.16555e-17 2.12343e-03 
5290.00 1.92591e-05 8.04440e-01 5.16693e-17 2.13177e-03 
5305.49 2.00975e-05 8.06474e-01 5.20368e-17 2.25264e-03 
5310.00 1.98797e-05 8.07062e-01 5.21309e-17 2.23578e-03 
5315.92 1.92833e-05 8.07830e-01 5.22454e-17 2.17796e-03 
5323.09 1.84392e-05 8.08757e-01 5.23708e-17 2.09285e-03 
5330.00 1.79774e-05 8.09645e-01 5.24776e-17 2.04949e-03 
5340.71 1.85010e-05 8.11013e-01 5.26161e-17 2.12258e-03 
5342.50 1.86639e-05 8.11240e-01 5.26360e-17 2.14340e-03 
5350.00 1.92662e-05 8.12192e-01 5.27097e-17 2.22137e-03 
5358.34 1.94384e-05 8.13243e-01 5.27728e-17 2.25032e-03 
5369.21 1.92265e-05 8.14600e-01 5.28257e-17 2.23626e-03 
5370.00 1.92116e-05 8.14698e-01 5.28282e-17 2.23524e-03 
5375.99 1.91437e-05 8.15439e-01 5.28419e-17 2.23242e-03 
5390.00 1.89890e-05 8.17155e-01 5.28349e-17 2.22454e-03 
5393.64 1.88752e-05 8.17598e-01 5.28243e-17 2.21345e-03 
5396.05 1.87841e-05 8.17890e-01 5.28153e-17 2.20416e-03 
5410.00 1.83464e-05 8.19570e-01 5.27323e-17 2.15941e-03 
5411.31 1.83388e-05 8.19727e-01 5.27218e-17 2.15902e-03 
5423.03 1.85644e-05 8.21130e-01 5.26079e-17 2.18932e-03 
5428.99 1.87847e-05 8.21841e-01 5.25362e-17 2.21663e-03 
5430.00 1.88227e-05 8.21962e-01 5.25232e-17 2.22130e-03 
5446.69 1.92615e-05 8.23942e-01 5.22699e-17 2.27454e-03 
5450.00 1.92743e-05 8.24332e-01 5.22113e-17 2.27597e-03 
5450.15 1.92741e-05 8.24350e-01 5.22086e-17 2.27593e-03 
5464.39 1.90367e-05 8.26011e-01 5.19256e-17 2.24607e-03 
5470.00 1.89191e-05 8.26659e-01 5.18008e-17 2.23087e-03 
5477.40 1.88294e-05 8.27510e-01 5.16248e-17 2.21801e-03 
5482.11 1.88045e-05 8.28050e-01 5.15061e-17 2.21333e-03 
5490.00 1.87909e-05 8.28949e-01 5.12961e-17 2.20828e-03 
5499.84 1.87832e-05 8.30064e-01 5.10146e-17 2.20216e-03 
5504.79 1.87819e-05 8.30620e-01 5.08653e-17 2.19901e-03 
5510.00 1.87842e-05 8.31203e-01 5.07022e-17 2.19584e-03 
5517.59 1.87999e-05 8.32048e-01 5.04545e-17 2.19218e-03 
5530.00 1.89051e-05 8.33417e-01 5.00243e-17 2.19416e-03 
5532.31 1.89412e-05 8.33670e-01 4.99408e-17 2.19627e-03 
5535.35 1.89934e-05 8.34002e-01 4.98295e-17 2.19951e-03 
5550.00 1.91280e-05 8.35596e-01 4.92680e-17 2.20013e-03 
5553.12 1.90903e-05 8.35933e-01 4.91434e-17 2.19235e-03 
5559.97 1.89215e-05 8.36670e-01 4.88633e-17 2.16516e-03 
5570.00 1.85674e-05 8.37741e-01 4.84390e-17 2.11268e-03 
5570.90 1.85348e-05 8.37837e-01 4.84000e-17 2.10786e-03 
5587.77 1.81600e-05 8.39620e-01 4.76461e-17 2.04357e-03 
5588.70 1.81619e-05 8.39717e-01 4.76034e-17 2.04252e-03 
5590.00 1.81702e-05 8.39854e-01 4.75432e-17 2.04167e-03 
5606.51 1.86126e-05 8.41579e-01 4.67578e-17 2.06715e-03 
5610.00 1.86986e-05 8.41941e-01 4.65866e-17 2.07128e-03 
5615.71 1.87705e-05 8.42530e-01 4.63031e-17 2.07014e-03 
5624.33 1.87759e-05 8.43412e-01 4.58672e-17 2.05654e-03 
5630.00 1.87659e-05 8.43988e-01 4.55752e-17 2.04582e-03 
5642.16 1.87825e-05 8.45217e-01 4.49359e-17 2.02620e-03 
5643.79 1.87773e-05 8.45380e-01 4.48491e-17 2.02271e-03 
5650.00 1.87107e-05 8.46003e-01 4.45151e-17 2.00420e-03 
5660.01 1.84485e-05 8.47003e-01 4.39680e-17 1.95759e-03 
5670.00 1.82775e-05 8.47992e-01 4.34122e-17 1.92055e-03 
5672.01 1.82858e-05 8.48190e-01 4.32993e-17 1.91756e-03 
5677.87 1.83780e-05 8.48766e-01 4.29677e-17 1.91574e-03 
5690.00 1.85129e-05 8.49947e-01 4.22724e-17 1.90528e-03 
5695.75 1.83802e-05 8.50504e-01 4.19390e-17 1.87983e-03 
5700.37 1.82319e-05 8.50950e-01 4.16689e-17 1.85513e-03 
5710.00 1.81416e-05 8.51876e-01 4.11015e-17 1.82587e-03 
5713.63 1.82768e-05 8.52224e-01 4.08860e-17 1.83173e-03 
5728.87 1.91250e-05 8.53670e-01 3.99732e-17 1.88214e-03 
5730.00 1.91475e-05 8.53776e-01 3.99051e-17 1.88175e-03 
5731.53 1.91588e-05 8.53920e-01 3.98126e-17 1.87931e-03 
5749.44 1.85703e-05 8.55586e-01 3.87226e-17 1.78072e-03 
5750.00 1.85590e-05 8.55637e-01 3.86886e-17 1.77835e-03 
5757.52 1.85622e-05 8.56330e-01 3.82273e-17 1.76117e-03 
5767.37 1.87063e-05 8.57235e-01 3.76197e-17 1.75148e-03 
5770.00 1.87067e-05 8.57476e-01 3.74571e-17 1.74522e-03 
5785.31 1.82930e-05 8.58870e-01 3.65075e-17 1.67049e-03 
5786.30 1.82665e-05 8.58960e-01 3.64457e-17 1.66570e-03 
5790.00 1.81976e-05 8.59294e-01 3.62156e-17 1.65065e-03 
5803.26 1.83671e-05 8.60486e-01 3.53894e-17 1.63400e-03 
5810.00 1.85615e-05 8.61086e-01 3.49689e-17 1.63471e-03 
5815.23 1.86897e-05 8.61550e-01 3.46423e-17 1.63298e-03 
5821.22 1.87815e-05 8.62078e-01 3.42686e-17 1.62596e-03 
5830.00 1.87601e-05 8.62847e-01 3.37213e-17 1.60202e-03 
5839.20 1.85315e-05 8.63648e-01 3.31483e-17 1.55950e-03 
5844.31 1.84017e-05 8.64090e-01 3.28305e-17 1.53585e-03 
5850.00 1.83391e-05 8.64581e-01 3.24771e-17 1.51649e-03 
5857.19 1.84262e-05 8.65198e-01 3.20312e-17 1.50569e-03 
5870.00 1.83427e-05 8.66290e-01 3.12399e-17 1.46689e-03 
5873.53 1.81108e-05 8.66590e-01 3.10225e-17 1.43963e-03 
5875.19 1.79735e-05 8.66731e-01 3.09202e-17 1.42464e-03 
5890.00 1.69513e-05 8.67978e-01 3.00136e-17 1.30938e-03 
5893.21 1.69958e-05 8.68246e-01 2.98179e-17 1.30537e-03 
5902.90 1.76381e-05 8.69050e-01 2.92298e-17 1.33141e-03 
5910.00 1.81315e-05 8.69633e-01 2.88012e-17 1.35111e-03 
5911.24 1.81840e-05 8.69735e-01 2.87265e-17 1.35195e-03 
5929.28 1.80860e-05 8.71198e-01 2.76482e-17 1.30032e-03 
5930.00 1.80745e-05 8.71256e-01 2.76058e-17 1.29775e-03 
5932.41 1.80452e-05 8.71450e-01 2.74627e-17 1.28974e-03 
5947.34 1.80673e-05 8.72648e-01 2.65852e-17 1.25493e-03 
5950.00 1.80837e-05 8.72861e-01 2.64300e-17 1.24960e-03 
5962.08 1.81149e-05 8.73820e-01 2.57306e-17 1.22244e-03 
5965.41 1.81105e-05 8.74083e-01 2.55392e-17 1.21410e-03 
5970.00 1.80955e-05 8.74444e-01 2.52764e-17 1.20203e-03 
5983.49 1.79909e-05 8.75498e-01 2.45118e-17 1.16295e-03 
5990.00 1.79071e-05 8.76004e-01 2.41469e-17 1.14220e-03 
5991.89 1.78787e-05 8.76150e-01 2.40417e-17 1.13597e-03 
6001.59 1.77226e-05 8.76900e-01 2.35045e-17 1.10362e-03 
6010.00 1.76129e-05 8.77547e-01 2.30436e-17 1.07758e-03 
6019.69 1.75684e-05 8.78287e-01 2.25187e-17 1.05296e-03 
6021.85 1.75721e-05 8.78450e-01 2.24031e-17 1.04834e-03 
6030.00 1.76323e-05 8.79065e-01 2.19680e-17 1.03362e-03 
6037.82 1.77494e-05 8.79651e-01 2.15555e-17 1.02295e-03 
6050.00 1.79172e-05 8.80556e-01 2.09214e-17 1.00530e-03 
6051.96 1.79290e-05 8.80700e-01 2.08207e-17 1.00161e-03 
6055.95 1.79351e-05 8.80995e-01 2.06158e-17 9.93076e-04 
6070.00 1.77862e-05 8.82024e-01 1.99051e-17 9.54200e-04 
6074.10 1.77011e-05 8.82322e-01 1.97006e-17 9.40833e-04 
6082.21 1.75209e-05 8.82910e-01 1.92996e-17 9.14126e-04 
6090.00 1.73977e-05 8.83470e-01 1.89198e-17 8.91540e-04 
6092.26 1.73809e-05 8.83632e-01 1.88105e-17 8.86022e-04 
6110.00 1.72391e-05 8.84887e-01 1.79664e-17 8.43004e-04 
6110.43 1.72279e-05 8.84917e-01 1.79461e-17 8.41592e-04 
6112.63 1.71624e-05 8.85070e-01 1.78436e-17 8.34045e-04 
6128.62 1.66436e-05 8.86173e-01 1.71078e-17 7.78480e-04 
6130.00 1.66314e-05 8.86267e-01 1.70454e-17 7.75322e-04 
6143.19 1.68200e-05 8.87160e-01 1.64558e-17 7.59392e-04 
6146.82 1.68610e-05 8.87404e-01 1.62959e-17 7.54497e-04 
6150.00 1.68501e-05 8.87617e-01 1.61570e-17 7.48147e-04 
6165.04 1.63529e-05 8.88617e-01 1.55107e-17 6.99520e-04 
6170.00 1.62861e-05 8.88944e-01 1.53015e-17 6.88069e-04 
6173.91 1.63515e-05 8.89200e-01 1.51383e-17 6.84096e-04 
6183.26 1.67705e-05 8.89811e-01 1.47522e-17 6.85237e-04 
6190.00 1.70726e-05 8.90251e-01 1.44788e-17 6.85741e-04 
6201.50 1.71992e-05 8.91011e-01 1.40204e-17 6.70767e-04 
6204.77 1.71679e-05 8.91230e-01 1.38921e-17 6.63935e-04 
6210.00 1.70903e-05 8.91584e-01 1.36889e-17 6.52070e-04 
6219.76 1.69116e-05 8.92253e-01 1.33153e-17 6.29098e-04 
6230.00 1.66465e-05 8.92956e-01 1.29315e-17 6.02853e-04 
6235.80 1.64511e-05 8.93350e-01 1.27179e-17 5.86741e-04 
6238.03 1.63775e-05 8.93500e-01 1.26366e-17 5.80686e-04 
6250.00 1.61792e-05 8.94293e-01 1.22062e-17 5.55676e-04 
6256.31 1.63053e-05 8.94704e-01 1.19841e-17 5.50622e-04 
6266.98 1.66983e-05 8.95390e-01 1.16154e-17 5.47899e-04 
6270.00 1.67946e-05 8.95583e-01 1.15126e-17 5.46563e-04 
6274.60 1.68926e-05 8.95875e-01 1.13575e-17 5.42918e-04 
6290.00 1.68317e-05 8.96844e-01 1.08502e-17 5.18628e-04 
6292.91 1.67652e-05 8.97025e-01 1.07564e-17 5.12452e-04 
6298.31 1.66186e-05 8.97360e-01 1.05839e-17 5.00440e-04 
6310.00 1.63469e-05 8.98078e-01 1.02182e-17 4.76515e-04 
6311.23 1.63326e-05 8.98153e-01 1.01803e-17 4.74465e-04 
6329.56 1.63856e-05 8.99266e-01 9.62888e-18 4.52088e-04 
6329.80 1.63872e-05 8.99280e-01 9.62184e-18 4.51827e-04 
6330.00 1.63886e-05 8.99292e-01 9.61608e-18 4.51614e-04 
6347.91 1.64151e-05 9.00367e-01 9.10149e-18 4.29862e-04 
6350.00 1.64057e-05 9.00491e-01 9.04301e-18 4.27055e-04 
6361.45 1.63339e-05 9.01170e-01 8.72762e-18 4.11406e-04 
6366.27 1.63179e-05 9.01454e-01 8.59760e-18 4.05317e-04 
6370.00 1.63225e-05 9.01672e-01 8.49820e-18 4.01075e-04 
6384.65 1.64210e-05 9.02524e-01 8.11661e-18 3.86627e-04 
6390.00 1.63992e-05 9.02832e-01 7.98081e-18 3.80102e-04 
6393.26 1.63497e-05 9.03020e-01 7.89901e-18 3.75339e-04 
6403.04 1.61220e-05 9.03580e-01 7.65791e-18 3.59588e-04 
6410.00 1.60102e-05 9.03977e-01 7.48997e-18 3.49797e-04 
6421.44 1.60769e-05 9.04626e-01 7.22085e-18 3.39480e-04 
6425.23 1.61197e-05 9.04840e-01 7.13354e-18 3.36546e-04 
6430.00 1.61478e-05 9.05109e-01 7.02480e-18 3.32340e-04 
6439.85 1.60649e-05 9.05661e-01 6.80478e-18 3.20964e-04 
6450.00 1.59318e-05 9.06225e-01 6.58437e-18 3.08672e-04 
6457.35 1.59041e-05 9.06630e-01 6.42850e-18 3.01320e-04 
6458.28 1.59036e-05 9.06681e-01 6.40902e-18 3.00457e-04 
6470.00 1.58688e-05 9.07320e-01 6.16778e-18 2.89242e-04 
6476.72 1.57774e-05 9.07684e-01 6.03290e-18 2.81692e-04 
6489.64 1.56432e-05 9.08380e-01 5.78098e-18 2.68373e-04 
6490.00 1.56440e-05 9.08399e-01 5.77408e-18 2.68088e-04 
6495.18 1.56933e-05 9.08678e-01 5.67574e-18 2.64643e-04 
6510.00 1.59542e-05 9.09471e-01 5.40237e-18 2.56893e-04 
6513.65 1.59796e-05 9.09665e-01 5.33684e-18 2.54377e-04 
6522.09 1.59655e-05 9.10110e-01 5.18797e-18 2.47505e-04 
6530.00 1.59257e-05 9.10523e-01 5.05170e-18 2.40805e-04 
6532.13 1.59197e-05 9.10633e-01 5.01552e-18 2.39097e-04 
6550.00 1.54273e-05 9.11550e-01 4.72118e-18 2.18920e-04 
6550.63 1.53777e-05 9.11582e-01 4.71111e-18 2.17779e-04 
6554.70 1.50002e-05 9.11790e-01 4.64636e-18 2.09692e-04 
6569.14 1.39072e-05 9.12525e-01 4.42291e-18 1.85620e-04 
6570.00 1.39061e-05 9.12568e-01 4.40990e-18 1.85093e-04 
6587.47 1.53337e-05 9.13450e-01 4.15301e-18 1.92902e-04 
6587.66 1.53510e-05 9.13460e-01 4.15028e-18 1.93000e-04 
6590.00 1.55400e-05 9.13577e-01 4.11696e-18 1.93902e-04 
6606.20 1.57853e-05 9.14383e-01 3.89254e-18 1.86848e-04 
6610.00 1.57227e-05 9.14570e-01 3.84151e-18 1.83811e-04 
6620.41 1.56186e-05 9.15080e-01 3.70479e-18 1.76471e-04 
6624.75 1.56015e-05 9.15291e-01 3.64906e-18 1.73780e-04 
6630.00 1.55937e-05 9.15545e-01 3.58269e-18 1.70716e-04 
6643.32 1.55809e-05 9.16184e-01 3.41919e-18 1.63232e-04 
6650.00 1.55373e-05 9.16503e-01 3.33968e-18 1.59206e-04 
6653.51 1.54959e-05 9.16670e-01 3.29859e-18 1.56939e-04 
6661.89 1.53838e-05 9.17069e-01 3.20232e-18 1.51513e-04 
6670.00 1.53406e-05 9.17454e-01 3.11167e-18 1.47051e-04 
6680.49 1.54524e-05 9.17952e-01 2.99785e-18 1.43007e-04 
6686.78 1.55149e-05 9.18250e-01 2.93139e-18 1.40580e-04 
6690.00 1.55165e-05 9.18403e-01 2.89788e-18 1.39078e-04 
6699.09 1.53857e-05 9.18832e-01 2.80519e-18 1.33738e-04 
6710.00 1.52081e-05 9.19345e-01 2.69756e-18 1.27401e-04 
6717.71 1.52310e-05 9.19704e-01 2.62377e-18 1.24293e-04 
6720.21 1.52568e-05 9.19820e-01 2.60023e-18 1.23448e-04 
6730.00 1.53394e-05 9.20270e-01 2.50999e-18 1.20042e-04 
6736.34 1.53127e-05 9.20560e-01 2.45303e-18 1.17261e-04 
6750.00 1.51575e-05 9.21178e-01 2.33445e-18 1.10760e-04 
6753.81 1.51335e-05 9.21350e-01 2.30229e-18 1.09143e-04 
6754.99 1.51290e-05 9.21403e-01 2.29244e-18 1.08669e-04 
6770.00 1.51256e-05 9.22075e-01 2.17029e-18 1.03160e-04 
6773.65 1.51225e-05 9.22238e-01 2.14149e-18 1.01842e-04 
6787.58 1.50639e-05 9.22850e-01 2.03485e-18 9.66584e-05 
6790.00 1.50464e-05 9.22955e-01 2.01685e-18 9.57373e-05 
6792.33 1.50278e-05 9.23056e-01 1.99967e-18 9.48468e-05 
6810.00 1.49323e-05 9.23812e-01 1.87352e-18 8.86014e-05 
6811.02 1.49348e-05 9.23855e-01 1.86651e-18 8.83016e-05 
6821.52 1.49939e-05 9.24300e-01 1.79532e-18 8.54426e-05 
6829.72 1.49909e-05 9.24647e-01 1.74154e-18 8.29973e-05 
6830.00 1.49887e-05 9.24659e-01 1.73971e-18 8.29023e-05 
6848.43 1.46878e-05 9.25438e-01 1.62432e-18 7.61186e-05 
6850.00 1.46731e-05 9.25504e-01 1.61485e-18 7.56217e-05 
6855.63 1.46629e-05 9.25740e-01 1.58126e-18 7.40767e-05 
6867.16 1.47517e-05 9.26221e-01 1.51443e-18 7.15333e-05 
6870.00 1.47734e-05 9.26339e-01 1.49841e-18 7.09186e-05 
6885.91 1.47794e-05 9.26996e-01 1.41147e-18 6.70330e-05 
6889.91 1.47605e-05 9.27160e-01 1.39037e-18 6.59965e-05 
6890.00 1.47600e-05 9.27164e-01 1.38987e-18 6.59721e-05 
6904.66 1.46732e-05 9.27761e-01 1.31503e-18 6.22246e-05 
6910.00 1.46449e-05 9.27977e-01 1.28876e-18 6.09248e-05 
6923.44 1.45964e-05 9.28514e-01 1.22476e-18 5.78533e-05 
6924.36 1.45935e-05 9.28550e-01 1.22049e-18 5.76504e-05 
6930.00 1.45752e-05 9.28772e-01 1.19460e-18 5.64158e-05 
6942.22 1.45266e-05 9.29248e-01 1.14029e-18 5.37940e-05 
6950.00 1.44974e-05 9.29547e-01 1.10696e-18 5.21917e-05 
6958.98 1.44751e-05 9.29890e-01 1.06963e-18 5.04375e-05 
6961.02 1.44722e-05 9.29968e-01 1.06130e-18 5.00538e-05 
6970.00 1.44718e-05 9.30308e-01 1.02542e-18 4.84404e-05 
6979.83 1.44787e-05 9.30676e-01 9.87452e-19 4.67533e-05 
6990.00 1.43992e-05 9.31052e-01 9.49604e-19 4.47975e-05 
6993.77 1.43266e-05 9.31190e-01 9.35913e-19 4.39594e-05 
6998.66 1.42119e-05 9.31368e-01 9.18449e-19 4.28317e-05 
7010.00 1.40070e-05 9.31778e-01 8.79130e-19 4.04904e-05 
7017.50 1.40246e-05 9.32051e-01 8.54000e-19 3.94360e-05 
7028.74 1.41681e-05 9.32470e-01 8.17632e-19 3.82213e-05 
7030.00 1.41820e-05 9.32518e-01 8.13652e-19 3.80814e-05 
7036.36 1.42248e-05 9.32763e-01 7.93830e-19 3.73091e-05 
7050.00 1.42024e-05 9.33286e-01 7.52840e-19 3.54153e-05 
7055.23 1.41706e-05 9.33479e-01 7.37678e-19 3.46573e-05 
7063.88 1.41079e-05 9.33780e-01 7.13202e-19 3.34108e-05 
7070.00 1.40638e-05 9.33975e-01 6.96385e-19 3.25559e-05 
7074.11 1.40375e-05 9.34098e-01 6.85296e-19 3.20004e-05 
7090.00 1.39849e-05 9.34529e-01 6.43994e-19 3.00402e-05 
7093.01 1.39867e-05 9.34606e-01 6.36450e-19 2.97072e-05 
7099.20 1.39957e-05 9.34760e-01 6.21172e-19 2.90429e-05 
7110.00 1.39828e-05 9.35015e-01 5.95392e-19 2.78617e-05 
7111.92 1.39710e-05 9.35055e-01 5.90920e-19 2.76378e-05 
7130.00 1.37757e-05 9.35272e-01 5.50323e-19 2.54497e-05 
7130.84 1.37669e-05 9.35273e-01 5.48495e-19 2.53520e-05 
7134.70 1.37312e-05 9.35260e-01 5.40217e-19 2.49178e-05 
7149.78 1.36699e-05 9.35059e-01 5.08980e-19 2.34165e-05 
7150.00 1.36701e-05 9.35056e-01 5.08544e-19 2.33973e-05 
7168.74 1.36492e-05 9.35099e-01 4.72187e-19 2.17492e-05 
7170.00 1.36339e-05 9.35137e-01 4.69828e-19 2.16211e-05 
7170.37 1.36288e-05 9.35150e-01 4.69132e-19 2.15823e-05 
7187.70 1.33078e-05 9.36183e-01 4.37940e-19 1.97422e-05 
7190.00 1.32908e-05 9.36359e-01 4.33962e-19 1.95478e-05 
7206.23 1.34480e-05 9.37530e-01 4.06822e-19 1.86071e-05 
7206.69 1.34541e-05 9.37557e-01 4.06076e-19 1.85831e-05 
7210.00 1.34909e-05 9.37736e-01 4.00748e-19 1.84014e-05 
7225.68 1.34942e-05 9.38297e-01 3.76437e-19 1.73373e-05 
7230.00 1.34799e-05 9.38399e-01 3.69998e-19 1.70348e-05 
7242.26 1.34825e-05 9.38660e-01 3.52296e-19 1.62549e-05 
7244.69 1.34883e-05 9.38717e-01 3.48878e-19 1.61105e-05 
7250.00 1.35031e-05 9.38852e-01 3.41539e-19 1.58027e-05 
7263.72 1.35030e-05 9.39278e-01 3.23260e-19 1.49920e-05 
7270.00 1.34401e-05 9.39510e-01 3.15207e-19 1.45666e-05 
7278.47 1.32729e-05 9.39860e-01 3.04662e-19 1.39255e-05 
7282.76 1.31844e-05 9.40053e-01 2.99455e-19 1.36071e-05 
7290.00 1.30930e-05 9.40399e-01 2.90851e-19 1.31424e-05 
7301.81 1.31746e-05 9.40986e-01 2.77341e-19 1.26383e-05 
7310.00 1.32601e-05 9.41390e-01 2.68328e-19 1.23260e-05 
7314.86 1.32676e-05 9.41620e-01 2.63116e-19 1.21044e-05 
7320.87 1.32396e-05 9.41890e-01 2.56803e-19 1.18022e-05 
7330.00 1.31802e-05 9.42273e-01 2.47506e-19 1.13426e-05 
7339.96 1.31694e-05 9.42660e-01 2.37736e-19 1.09052e-05 
7350.00 1.31987e-05 9.43029e-01 2.28261e-19 1.05123e-05 
7351.43 1.32036e-05 9.43080e-01 2.26938e-19 1.04578e-05 
7359.05 1.32209e-05 9.43350e-01 2.20038e-19 1.01666e-05 
7370.00 1.31804e-05 9.43727e-01 2.10478e-19 9.71342e-06 
7378.16 1.30722e-05 9.44001e-01 2.03617e-19 9.33270e-06 
7388.19 1.28975e-05 9.44330e-01 1.95482e-19 8.85519e-06 
7390.00 1.28673e-05 9.44388e-01 1.94050e-19 8.77246e-06 
7397.28 1.27649e-05 9.44621e-01 1.88384e-19 8.45888e-06 
7410.00 1.26903e-05 9.45017e-01 1.78878e-19 8.00220e-06 
7416.42 1.27147e-05 9.45211e-01 1.74256e-19 7.81883e-06 
7425.13 1.27762e-05 9.45470e-01 1.68175e-19 7.59343e-06 
7430.00 1.28019e-05 9.45612e-01 1.64868e-19 7.46509e-06 
7435.58 1.28097e-05 9.45772e-01 1.61158e-19 7.30827e-06 
7450.00 1.27998e-05 9.46179e-01 1.51935e-19 6.90103e-06 
7454.74 1.28145e-05 9.46311e-01 1.49017e-19 6.78151e-06 
7462.26 1.28470e-05 9.46520e-01 1.44505e-19 6.60097e-06 
7470.00 1.28564e-05 9.46735e-01 1.39997e-19 6.40784e-06 
7473.92 1.28403e-05 9.46844e-01 1.37766e-19 6.30180e-06 
7490.00 1.27188e-05 9.47288e-01 1.28981e-19 5.85951e-06 
7493.12 1.27065e-05 9.47373e-01 1.27342e-19 5.78234e-06 
7499.57 1.26988e-05 9.47550e-01 1.24016e-19 5.63381e-06 
7510.00 1.27042e-05 9.47833e-01 1.18818e-19 5.40908e-06 
7512.33 1.27032e-05 9.47896e-01 1.17686e-19 5.35918e-06 
7530.00 1.26831e-05 9.48371e-01 1.09442e-19 4.99006e-06 
7531.55 1.26837e-05 9.48413e-01 1.08745e-19 4.95975e-06 
7537.07 1.26893e-05 9.48560e-01 1.06306e-19 4.85497e-06 
7550.00 1.26805e-05 9.48904e-01 1.00796e-19 4.60968e-06 
7550.79 1.26771e-05 9.48925e-01 1.00467e-19 4.59400e-06 
7570.00 1.25428e-05 9.49428e-01 9.28222e-20 4.21239e-06 
7570.05 1.25426e-05 9.49429e-01 9.28047e-20 4.21155e-06 
7574.75 1.25253e-05 9.49550e-01 9.10206e-20 4.12799e-06 
7589.31 1.25002e-05 9.49917e-01 8.57135e-20 3.88845e-06 
7590.00 1.24981e-05 9.49934e-01 8.54710e-20 3.87721e-06 
7608.60 1.24125e-05 9.50398e-01 7.91524e-20 3.57648e-06 
7610.00 1.24089e-05 9.50434e-01 7.86944e-20 3.55554e-06 
7612.63 1.24050e-05 9.50500e-01 7.78446e-20 3.51752e-06 
7627.89 1.24298e-05 9.50888e-01 7.30830e-20 3.31694e-06 
7630.00 1.24353e-05 9.50941e-01 7.24485e-20 3.29069e-06 
7647.20 1.23992e-05 9.51360e-01 6.74695e-20 3.06387e-06 
7650.00 1.23644e-05 9.51424e-01 6.66927e-20 3.02141e-06 
7650.69 1.23540e-05 9.51440e-01 6.65024e-20 3.01057e-06 
7666.53 1.20730e-05 9.51790e-01 6.22787e-20 2.76196e-06 
7670.00 1.20506e-05 9.51869e-01 6.13892e-20 2.71892e-06 
7685.87 1.22073e-05 9.52277e-01 5.74796e-20 2.58532e-06 
7688.94 1.22333e-05 9.52370e-01 5.67513e-20 2.55926e-06 
7690.00 1.22381e-05 9.52403e-01 5.65031e-20 2.54950e-06 
7705.22 1.21297e-05 9.52900e-01 5.30435e-20 2.37814e-06 
7710.00 1.20899e-05 9.53037e-01 5.20021e-20 2.32558e-06 
7724.59 1.20896e-05 9.53271e-01 4.89437e-20 2.19342e-06 
7727.39 1.20888e-05 9.53270e-01 4.83787e-20 2.16874e-06 
7730.00 1.20814e-05 9.53253e-01 4.78565e-20 2.14471e-06 
7743.98 1.19579e-05 9.53100e-01 4.51553e-20 2.00627e-06 
7750.00 1.19247e-05 9.53134e-01 4.40385e-20 1.95280e-06 
7763.38 1.19954e-05 9.53848e-01 4.16553e-20 1.86268e-06 
7766.03 1.20169e-05 9.54140e-01 4.11986e-20 1.84676e-06 
7770.00 1.20428e-05 9.54682e-01 4.05228e-20 1.82234e-06 
7782.79 1.20477e-05 9.56573e-01 3.84222e-20 1.73486e-06 
7790.00 1.20228e-05 9.57110e-01 3.72857e-20 1.68256e-06 
7802.22 1.19776e-05 9.55761e-01 3.54361e-20 1.59333e-06 
7804.86 1.19657e-05 9.54940e-01 3.50488e-20 1.57353e-06 
7810.00 1.19378e-05 9.52726e-01 3.43055e-20 1.53402e-06 
7821.66 1.18536e-05 9.46013e-01 3.26786e-20 1.44289e-06 
7830.00 1.17989e-05 9.41303e-01 3.15620e-20 1.38172e-06 
7841.12 1.17654e-05 9.37608e-01 3.01327e-20 1.31210e-06 
7843.88 1.17645e-05 9.37460e-01 2.97874e-20 1.29722e-06 
7850.00 1.17721e-05 9.38446e-01 2.90367e-20 1.26766e-06 
7860.59 1.18064e-05 9.43156e-01 2.77823e-20 1.22418e-06 
7870.00 1.18246e-05 9.48561e-01 2.67124e-20 1.18704e-06 
7880.07 1.17985e-05 9.53238e-01 2.56127e-20 1.14271e-06 
7883.10 1.17832e-05 9.54060e-01 2.52914e-20 1.12832e-06 
7890.00 1.17416e-05 9.54607e-01 2.45733e-20 1.09400e-06 
7899.58 1.16754e-05 9.53138e-01 2.36104e-20 1.04486e-06 
7910.00 1.15796e-05 9.50288e-01 2.26048e-20 9.90486e-07 
7919.09 1.14699e-05 9.48301e-01 2.17627e-20 9.43665e-07 
7922.51 1.14290e-05 9.47970e-01 2.14538e-20 9.27028e-07 
7930.00 1.13565e-05 9.48331e-01 2.07934e-20 8.93978e-07 
7938.62 1.13213e-05 9.50158e-01 2.00579e-20 8.62276e-07 
7950.00 1.13520e-05 9.53714e-01 1.91267e-20 8.28746e-07 
7958.17 1.14152e-05 9.56231e-01 1.84851e-20 8.08359e-07 
7962.13 1.14493e-05 9.57230e-01 1.81817e-20 7.98700e-07 
7970.00 1.15046e-05 9.58568e-01 1.75933e-20 7.78433e-07 
7977.73 1.15235e-05 9.59179e-01 1.70342e-20 7.56151e-07 
7990.00 1.14794e-05 9.59240e-01 1.61825e-20 7.16740e-07 
7997.30 1.14187e-05 9.59043e-01 1.56960e-20 6.92010e-07 
8001.94 1.13773e-05 9.58930e-01 1.53948e-20 6.76581e-07 
8010.00 1.13220e-05 9.58863e-01 1.48846e-20 6.51586e-07 
8016.89 1.13055e-05 9.58925e-01 1.44619e-20 6.32744e-07 
8030.00 1.12853e-05 9.59243e-01 1.36907e-20 5.99108e-07 
8036.50 1.12455e-05 9.59452e-01 1.33239e-20 5.81596e-07 
8041.95 1.12071e-05 9.59630e-01 1.30237e-20 5.67040e-07 
8050.00 1.11777e-05 9.59877e-01 1.25925e-20 5.47520e-07 
8056.12 1.11960e-05 9.60049e-01 1.22746e-20 5.35073e-07 
8070.00 1.12321e-05 9.60401e-01 1.15823e-20 5.07580e-07 
8075.75 1.11846e-05 9.60532e-01 1.13072e-20 4.93847e-07 
8082.16 1.11044e-05 9.60670e-01 1.10083e-20 4.77792e-07 
8090.00 1.10270e-05 9.60830e-01 1.06532e-20 4.59678e-07 
8095.40 1.10180e-05 9.60935e-01 1.04153e-20 4.49399e-07 
8110.00 1.10956e-05 9.61213e-01 9.79856e-21 4.26656e-07 
8115.06 1.11171e-05 9.61311e-01 9.59331e-21 4.18831e-07 
8122.57 1.11273e-05 9.61460e-01 9.29700e-21 4.06705e-07 
8130.00 1.11130e-05 9.61615e-01 9.01258e-21 3.94182e-07 
8134.74 1.10929e-05 9.61716e-01 8.83565e-21 3.86007e-07 
8150.00 1.10320e-05 9.62043e-01 8.28971e-21 3.60967e-07 
8154.44 1.10319e-05 9.62136e-01 8.13740e-21 3.54559e-07 
8163.18 1.10296e-05 9.62310e-01 7.84535e-21 3.42192e-07 
8170.00 1.09844e-05 9.62436e-01 7.62490e-21 3.31534e-07 
8174.15 1.09244e-05 9.62509e-01 7.49394e-21 3.24248e-07 
8190.00 1.06580e-05 9.62770e-01 7.01351e-21 2.96715e-07 
8193.87 1.06361e-05 9.62831e-01 6.90103e-21 2.91514e-07 
8204.00 1.06576e-05 9.62990e-01 6.61511e-21 2.80392e-07 
8210.00 1.06792e-05 9.63086e-01 6.45125e-21 2.74230e-07 
8213.61 1.06812e-05 9.63145e-01 6.35474e-21 2.70313e-07 
8230.00 1.06441e-05 9.63423e-01 5.93418e-21 2.52121e-07 
8233.36 1.06449e-05 9.63483e-01 5.85144e-21 2.48741e-07 
8245.02 1.06813e-05 9.63700e-01 5.57346e-21 2.38126e-07 
8250.00 1.07041e-05 9.63798e-01 5.45868e-21 2.33885e-07 
8253.13 1.07181e-05 9.63860e-01 5.38779e-21 2.31251e-07 
8270.00 1.07630e-05 9.64197e-01 5.02140e-21 2.16946e-07 
8272.91 1.07621e-05 9.64253e-01 4.96068e-21 2.14394e-07 
8286.24 1.07147e-05 9.64490e-01 4.69230e-21 2.02275e-07 
8290.00 1.06874e-05 9.64549e-01 4.61928e-21 1.98722e-07 
8292.71 1.06637e-05 9.64588e-01 4.56727e-21 1.96122e-07 
8310.00 1.04833e-05 9.64772e-01 4.24948e-21 1.79797e-07 
8312.53 1.04599e-05 9.64787e-01 4.20492e-21 1.77572e-07 
8327.67 1.03966e-05 9.64800e-01 3.94755e-21 1.65997e-07 
8330.00 1.04038e-05 9.64789e-01 3.90943e-21 1.64552e-07 
8332.36 1.04170e-05 9.64773e-01 3.87120e-21 1.63195e-07 
