##### EXOPHOT SPECTRAL OVERLAP FILE #####
# Date: 01/12/2021 13:14:59
# SED file: SED_g2v.txt
# atmosphere file: atm_g2v_hzm_os4.txt
# photopigment file: phot4.txt
# Stellar radius (Rs in km): 6.963400e+05
# Exoplanet orbit semi-major axis (sma in km): 1.481139e+08
# Total absorption rate (gamma_t in s-1): 5.18965e+00
# B band absorption rate (gamma_B in s-1): 5.00960e+00
# Q band absorption rate (gamma_Q in s-1): 1.80047e-01
# B-Q bands cut-off (in nm): 500
# photosynthetic photon flux density [ppfd in micromol photon m-2 s-1]: 2.33810e+03
# Total Stellar Irradiance (S in W m-2): 1.37004e+03
# -------------------------------------------------
# Col 1: Wavelength (wl in Angstrom) 
# Col 2: Spectral Flux Density (F_l in J cm-2 s-1 A-1) 
# Col 3: Atmosphere transmitance (T, no units) 
# Col 4: Pigment absorption cross section (sigma_abs in cm-2) 
# Col 5: Spectral Absorption Rate (Gamma_lambda in A-1 s-1)
2503.42 9.70681e-07 5.42556e-01 9.18144e-23 6.09381e-11 
2505.00 8.30996e-07 5.43380e-01 1.01415e-22 5.77478e-11 
2513.00 3.76036e-07 5.47526e-01 1.60154e-22 4.17147e-11 
2515.76 3.01355e-07 5.48950e-01 1.86508e-22 3.90751e-11 
2516.83 2.81715e-07 5.49503e-01 1.97896e-22 3.88145e-11 
2518.00 2.65815e-07 5.50105e-01 2.11089e-22 3.91264e-11 
2525.00 2.68980e-07 5.53696e-01 3.10568e-22 5.87941e-11 
2528.34 3.11401e-07 5.55400e-01 3.72636e-22 8.20292e-11 
2530.25 3.37577e-07 5.56377e-01 4.13317e-22 9.88808e-11 
2535.00 3.73490e-07 5.58785e-01 5.32120e-22 1.41721e-10 
2540.98 3.64323e-07 5.61800e-01 7.27891e-22 1.90572e-10 
2543.69 4.21022e-07 5.63159e-01 8.37163e-22 2.54175e-10 
2545.00 4.79310e-07 5.63817e-01 8.95467e-22 3.10038e-10 
2553.68 1.11450e-06 5.68140e-01 1.38790e-21 1.12975e-09 
2555.00 1.15978e-06 5.68792e-01 1.48180e-21 1.25729e-09 
2557.12 1.16277e-06 5.69843e-01 1.64576e-21 1.40375e-09 
2565.00 9.81278e-07 5.73719e-01 2.41169e-21 1.75317e-09 
2566.45 1.01756e-06 5.74430e-01 2.58518e-21 1.95229e-09 
2570.57 1.25032e-06 5.76442e-01 3.14260e-21 2.93103e-09 
2575.00 1.48751e-06 5.78596e-01 3.86345e-21 4.31035e-09 
2579.28 1.49187e-06 5.80670e-01 4.70505e-21 5.29232e-09 
2584.03 1.35031e-06 5.82955e-01 5.83323e-21 5.97306e-09 
2585.00 1.32188e-06 5.83423e-01 6.09350e-21 6.11543e-09 
2592.18 1.20336e-06 5.86860e-01 8.36990e-21 7.71331e-09 
2595.00 1.15895e-06 5.88204e-01 9.46211e-21 8.42641e-09 
2597.49 1.10151e-06 5.89387e-01 1.05328e-20 8.94148e-09 
2605.00 9.02072e-07 5.92934e-01 1.44720e-20 1.01510e-08 
2605.14 8.99153e-07 5.93000e-01 1.45576e-20 1.01797e-08 
2610.96 8.26387e-07 5.95719e-01 1.85144e-20 1.19800e-08 
2615.00 8.16755e-07 5.97595e-01 2.18126e-20 1.40153e-08 
2618.17 8.33844e-07 5.99060e-01 2.47632e-20 1.63036e-08 
2624.44 1.14213e-06 6.01949e-01 3.17034e-20 2.87965e-08 
2625.00 1.20017e-06 6.02207e-01 3.24056e-20 3.09500e-08 
2631.26 2.11169e-06 6.05070e-01 4.12098e-20 6.97464e-08 
2635.00 2.61587e-06 6.06771e-01 4.74597e-20 9.99241e-08 
2637.92 2.85394e-06 6.08095e-01 5.29206e-20 1.21963e-07 
2644.41 3.46147e-06 6.11020e-01 6.71120e-20 1.88960e-07 
2645.00 3.56199e-06 6.11283e-01 6.85478e-20 1.98736e-07 
2651.42 4.95809e-06 6.14155e-01 8.61697e-20 3.50226e-07 
2655.00 5.21474e-06 6.15750e-01 9.76731e-20 4.19180e-07 
2657.64 4.82872e-06 6.16920e-01 1.06988e-19 4.26397e-07 
2664.92 2.95562e-06 6.20131e-01 1.36953e-19 3.36753e-07 
2665.00 2.94255e-06 6.20167e-01 1.37330e-19 3.36217e-07 
2670.92 2.90550e-06 6.22760e-01 1.67006e-19 4.06311e-07 
2675.00 3.48091e-06 6.24534e-01 1.90572e-19 5.57898e-07 
2678.43 3.98915e-06 6.26019e-01 2.12593e-19 7.15848e-07 
2684.28 4.30503e-06 6.28540e-01 2.55339e-19 9.33636e-07 
2685.00 4.25848e-06 6.28849e-01 2.61092e-19 9.45066e-07 
2691.94 3.14167e-06 6.31816e-01 3.22514e-19 8.67540e-07 
2695.00 2.84267e-06 6.33115e-01 3.53255e-19 8.62541e-07 
2697.70 2.95571e-06 6.34260e-01 3.82487e-19 9.73787e-07 
2705.00 3.71936e-06 6.37340e-01 4.72106e-19 1.52395e-06 
2705.47 3.72193e-06 6.37538e-01 4.78437e-19 1.54620e-06 
2711.19 3.10995e-06 6.39930e-01 5.61505e-19 1.52519e-06 
2715.00 2.43166e-06 6.41512e-01 6.23377e-19 1.32908e-06 
2719.00 1.88648e-06 6.43164e-01 6.94428e-19 1.15328e-06 
2724.74 1.66641e-06 6.45520e-01 8.08072e-19 1.19231e-06 
2725.00 1.67555e-06 6.45624e-01 8.13462e-19 1.20716e-06 
2732.54 2.25780e-06 6.48702e-01 9.86732e-19 1.98802e-06 
2735.00 2.28481e-06 6.49701e-01 1.04930e-18 2.14458e-06 
2738.37 1.98216e-06 6.51070e-01 1.14032e-18 2.02865e-06 
2745.00 1.17029e-06 6.53753e-01 1.33823e-18 1.41483e-06 
2746.09 1.13141e-06 6.54192e-01 1.37333e-18 1.40520e-06 
2752.06 1.46225e-06 6.56550e-01 1.57834e-18 2.09929e-06 
2755.00 1.76783e-06 6.57684e-01 1.68787e-18 2.72171e-06 
2759.65 2.16794e-06 6.59451e-01 1.87321e-18 3.72043e-06 
2765.00 2.49514e-06 6.61477e-01 2.10579e-18 4.83775e-06 
2765.82 2.53581e-06 6.61790e-01 2.14334e-18 5.00813e-06 
2773.21 2.63692e-06 6.64636e-01 2.50526e-18 6.12972e-06 
2775.00 2.53884e-06 6.65329e-01 2.59928e-18 6.13353e-06 
2779.65 2.01880e-06 6.67130e-01 2.85639e-18 5.38313e-06 
2785.00 1.27562e-06 6.69190e-01 3.17502e-18 3.79983e-06 
2786.79 1.07304e-06 6.69874e-01 3.28696e-18 3.31459e-06 
2793.55 5.84054e-07 6.72450e-01 3.73673e-18 2.06388e-06 
2795.00 5.24392e-07 6.73000e-01 3.83874e-18 1.90618e-06 
2800.37 4.42847e-07 6.75025e-01 4.23274e-18 1.78375e-06 
2805.00 6.61828e-07 6.76762e-01 4.59476e-18 2.90603e-06 
2807.52 9.34485e-07 6.77700e-01 4.79985e-18 4.29619e-06 
2813.95 1.96832e-06 6.80087e-01 5.35231e-18 1.01494e-05 
2815.00 2.15668e-06 6.80472e-01 5.44575e-18 1.13255e-05 
2821.55 3.21709e-06 6.82880e-01 6.05535e-18 1.88955e-05 
2825.00 3.53321e-06 6.84140e-01 6.39234e-18 2.19743e-05 
2827.55 3.59130e-06 6.85071e-01 6.64894e-18 2.32848e-05 
2835.00 3.07517e-06 6.87772e-01 7.43278e-18 2.24358e-05 
2835.66 2.99551e-06 6.88010e-01 7.50477e-18 2.20791e-05 
2841.16 2.22268e-06 6.89984e-01 8.11805e-18 1.78068e-05 
2845.00 1.62679e-06 6.91358e-01 8.56272e-18 1.37927e-05 
2849.84 9.65446e-07 6.93080e-01 9.13970e-18 8.77379e-06 
2854.77 7.56786e-07 6.94827e-01 9.74604e-18 7.36498e-06 
2855.00 7.65840e-07 6.94909e-01 9.77512e-18 7.47683e-06 
2864.09 2.28881e-06 6.98100e-01 1.09404e-17 2.52040e-05 
2865.00 2.51249e-06 6.98417e-01 1.10602e-17 2.79918e-05 
2868.39 3.33471e-06 6.99591e-01 1.15098e-17 3.87731e-05 
2875.00 4.33447e-06 7.01865e-01 1.24053e-17 5.46208e-05 
2878.41 4.26277e-06 7.03030e-01 1.28749e-17 5.59097e-05 
2882.02 3.98654e-06 7.04259e-01 1.33767e-17 5.44876e-05 
2885.00 3.87158e-06 7.05273e-01 1.37953e-17 5.47075e-05 
2892.80 4.73923e-06 7.07910e-01 1.48997e-17 7.27958e-05 
2895.00 5.13013e-06 7.08650e-01 1.52128e-17 8.06012e-05 
2895.65 5.24484e-06 7.08868e-01 1.53057e-17 8.29506e-05 
2907.27 6.80884e-06 7.12740e-01 1.69604e-17 1.20462e-04 
2909.30 6.93829e-06 7.13411e-01 1.72483e-17 1.25040e-04 
2910.00 6.96967e-06 7.13643e-01 1.73480e-17 1.26403e-04 
2921.80 6.67358e-06 7.17500e-01 1.89944e-17 1.33777e-04 
2922.95 6.59638e-06 7.17871e-01 1.91513e-17 1.33442e-04 
2930.00 6.12857e-06 7.20145e-01 2.01002e-17 1.30849e-04 
2936.41 5.87430e-06 7.22200e-01 2.09340e-17 1.31282e-04 
2936.61 5.86943e-06 7.22263e-01 2.09591e-17 1.31351e-04 
2950.00 5.82549e-06 7.26517e-01 2.25853e-17 1.41954e-04 
2950.28 5.82872e-06 7.26604e-01 2.26168e-17 1.42262e-04 
2951.09 5.83887e-06 7.26860e-01 2.27100e-17 1.43187e-04 
2963.95 6.04976e-06 7.30839e-01 2.40732e-17 1.58814e-04 
2965.85 6.07885e-06 7.31420e-01 2.42566e-17 1.61024e-04 
2970.00 6.12963e-06 7.32689e-01 2.46410e-17 1.65459e-04 
2977.64 6.16212e-06 7.35011e-01 2.52835e-17 1.71655e-04 
2980.68 6.15554e-06 7.35930e-01 2.55153e-17 1.73437e-04 
2990.00 6.08496e-06 7.38726e-01 2.61352e-17 1.76832e-04 
2991.33 6.07037e-06 7.39122e-01 2.62121e-17 1.77101e-04 
2995.58 6.02295e-06 7.40390e-01 2.64389e-17 1.77794e-04 
3005.03 5.97908e-06 7.43196e-01 2.68342e-17 1.80384e-04 
3010.00 6.03487e-06 7.44657e-01 2.69813e-17 1.83728e-04 
3010.56 6.04607e-06 7.44820e-01 2.69951e-17 1.84238e-04 
3018.74 6.29886e-06 7.47180e-01 2.71374e-17 1.94090e-04 
3025.61 6.55224e-06 7.49140e-01 2.71690e-17 2.03125e-04 
3030.00 6.68114e-06 7.50386e-01 2.71479e-17 2.07605e-04 
3032.45 6.73102e-06 7.51081e-01 2.71223e-17 2.09320e-04 
3040.74 6.82320e-06 7.53420e-01 2.69641e-17 2.12184e-04 
3046.18 6.87959e-06 7.54944e-01 2.68023e-17 2.13466e-04 
3050.00 6.94828e-06 7.56009e-01 2.66621e-17 2.15041e-04 
3055.94 7.11917e-06 7.57650e-01 2.64029e-17 2.19088e-04 
3059.91 7.24096e-06 7.58734e-01 2.62034e-17 2.21756e-04 
3070.00 7.35157e-06 7.61462e-01 2.56069e-17 2.21537e-04 
3071.22 7.32896e-06 7.61790e-01 2.55266e-17 2.20346e-04 
3073.65 7.26042e-06 7.62439e-01 2.53627e-17 2.17240e-04 
3086.58 6.81241e-06 7.65880e-01 2.43934e-17 1.97758e-04 
3087.40 6.80423e-06 7.66097e-01 2.43274e-17 1.97094e-04 
3090.00 6.81402e-06 7.66786e-01 2.41139e-17 1.95987e-04 
3101.15 7.37904e-06 7.69717e-01 2.31536e-17 2.05303e-04 
3102.01 7.43640e-06 7.69940e-01 2.30771e-17 2.06332e-04 
3110.00 7.84990e-06 7.71999e-01 2.23550e-17 2.12099e-04 
3114.92 7.89246e-06 7.73256e-01 2.19046e-17 2.09624e-04 
3117.52 7.85174e-06 7.73920e-01 2.16654e-17 2.06615e-04 
3128.69 7.41473e-06 7.76743e-01 2.06503e-17 1.87320e-04 
3130.00 7.35561e-06 7.77068e-01 2.05334e-17 1.84929e-04 
3133.11 7.22502e-06 7.77830e-01 2.02590e-17 1.79573e-04 
3142.47 6.97897e-06 7.80054e-01 1.94663e-17 1.67646e-04 
3148.77 7.01089e-06 7.81530e-01 1.89701e-17 1.64761e-04 
3150.00 7.04171e-06 7.81818e-01 1.88781e-17 1.64807e-04 
3156.26 7.30591e-06 7.83300e-01 1.84335e-17 1.67613e-04 
3164.52 7.67067e-06 7.85270e-01 1.79231e-17 1.71987e-04 
3170.00 7.71399e-06 7.86577e-01 1.76410e-17 1.70815e-04 
3170.06 7.71304e-06 7.86590e-01 1.76384e-17 1.70775e-04 
3180.34 7.18741e-06 7.89030e-01 1.72550e-17 1.56667e-04 
3183.86 6.98043e-06 7.89858e-01 1.71731e-17 1.51760e-04 
3190.00 6.81738e-06 7.91293e-01 1.70976e-17 1.48117e-04 
3196.24 7.04372e-06 7.92740e-01 1.71169e-17 1.53788e-04 
3197.67 7.12914e-06 7.93070e-01 1.71360e-17 1.55961e-04 
3210.00 7.56294e-06 7.95887e-01 1.75500e-17 1.70705e-04 
3211.49 7.50423e-06 7.96225e-01 1.76328e-17 1.70331e-04 
3212.22 7.46423e-06 7.96390e-01 1.76759e-17 1.69911e-04 
3225.32 6.32897e-06 7.99324e-01 1.87762e-17 1.54227e-04 
3228.29 6.20576e-06 7.99980e-01 1.91165e-17 1.54233e-04 
3230.00 6.20031e-06 8.00359e-01 1.93299e-17 1.55975e-04 
3239.16 7.00112e-06 8.02366e-01 2.06868e-17 1.89492e-04 
3244.43 7.82713e-06 8.03510e-01 2.16414e-17 2.22301e-04 
3250.00 8.71826e-06 8.04713e-01 2.28006e-17 2.61712e-04 
3253.01 9.13166e-06 8.05359e-01 2.34924e-17 2.82928e-04 
3260.65 9.91191e-06 8.06990e-01 2.54720e-17 3.34438e-04 
3266.86 1.02725e-05 8.08305e-01 2.73270e-17 3.73161e-04 
3270.00 1.03656e-05 8.08966e-01 2.83529e-17 3.91377e-04 
3276.95 1.03826e-05 8.10420e-01 3.08454e-17 4.28155e-04 
3280.72 1.03088e-05 8.11202e-01 3.23291e-17 4.46504e-04 
3290.00 9.99845e-06 8.13109e-01 3.63967e-17 4.90075e-04 
3293.34 9.87501e-06 8.13790e-01 3.80104e-17 5.06421e-04 
3294.59 9.82971e-06 8.14045e-01 3.86388e-17 5.12788e-04 
3308.47 9.44753e-06 8.16844e-01 4.63945e-17 5.96313e-04 
3309.80 9.42891e-06 8.17110e-01 4.72202e-17 6.06171e-04 
3310.00 9.42653e-06 8.17149e-01 4.73430e-17 6.07660e-04 
3322.36 9.44071e-06 8.19598e-01 5.57281e-17 7.21189e-04 
3326.35 9.49883e-06 8.20380e-01 5.87222e-17 7.66265e-04 
3330.00 9.56669e-06 8.21090e-01 6.15799e-17 8.10884e-04 
3336.25 9.68070e-06 8.22298e-01 6.67599e-17 8.92552e-04 
3342.98 9.65460e-06 8.23590e-01 7.27449e-17 9.73433e-04 
3350.00 9.25543e-06 8.24928e-01 7.94398e-17 1.02287e-03 
3350.15 9.24070e-06 8.24958e-01 7.95927e-17 1.02329e-03 
3359.70 7.99961e-06 8.26760e-01 8.94826e-17 1.00095e-03 
3364.07 7.43185e-06 8.27576e-01 9.43057e-17 9.82268e-04 
3370.00 6.96912e-06 8.28676e-01 1.01165e-16 9.91163e-04 
3376.50 7.08309e-06 8.29870e-01 1.09078e-16 1.08983e-03 
3377.98 7.17854e-06 8.30142e-01 1.10948e-16 1.12432e-03 
3390.00 8.14781e-06 8.32323e-01 1.26869e-16 1.46828e-03 
3391.91 8.24211e-06 8.32667e-01 1.29535e-16 1.51797e-03 
3393.38 8.29419e-06 8.32930e-01 1.31605e-16 1.55315e-03 
3405.85 8.32990e-06 8.35147e-01 1.50037e-16 1.78958e-03 
3410.00 8.31818e-06 8.35879e-01 1.56504e-16 1.86799e-03 
3410.35 8.31958e-06 8.35940e-01 1.57052e-16 1.87518e-03 
3419.79 8.49606e-06 8.37593e-01 1.72383e-16 2.11188e-03 
3427.40 8.73010e-06 8.38910e-01 1.85304e-16 2.34157e-03 
3430.00 8.80537e-06 8.39356e-01 1.89834e-16 2.42263e-03 
3433.74 8.89751e-06 8.39995e-01 1.96453e-16 2.53802e-03 
3444.54 9.07933e-06 8.41820e-01 2.16135e-16 2.86452e-03 
3447.70 9.11869e-06 8.42352e-01 2.22075e-16 2.96060e-03 
3450.00 9.14571e-06 8.42737e-01 2.26421e-16 3.03087e-03 
3461.67 9.30646e-06 8.44676e-01 2.49031e-16 3.41144e-03 
3461.76 9.30802e-06 8.44690e-01 2.49199e-16 3.41446e-03 
3470.00 9.50946e-06 8.46040e-01 2.65618e-16 3.73299e-03 
3475.65 9.71893e-06 8.46958e-01 2.77054e-16 3.99029e-03 
3479.07 9.87120e-06 8.47510e-01 2.84031e-16 4.16166e-03 
3489.64 1.04249e-05 8.49207e-01 3.05835e-16 4.75635e-03 
3490.00 1.04454e-05 8.49265e-01 3.06591e-16 4.77834e-03 
3496.46 1.07950e-05 8.50290e-01 3.20050e-16 5.17081e-03 
3503.63 1.10276e-05 8.51412e-01 3.35026e-16 5.54804e-03 
3510.00 1.09431e-05 8.52401e-01 3.48344e-16 5.74146e-03 
3513.95 1.07104e-05 8.53010e-01 3.56577e-16 5.76277e-03 
3517.63 1.04290e-05 8.53578e-01 3.64250e-16 5.74193e-03 
3530.00 1.00222e-05 8.55470e-01 3.89763e-16 5.93837e-03 
3531.51 1.01192e-05 8.55700e-01 3.92853e-16 6.04756e-03 
3531.64 1.01290e-05 8.55719e-01 3.93110e-16 6.05777e-03 
3545.66 1.16664e-05 8.57820e-01 4.21198e-16 7.52381e-03 
3549.17 1.17533e-05 8.58340e-01 4.28064e-16 7.71575e-03 
3550.00 1.17299e-05 8.58462e-01 4.29670e-16 7.73220e-03 
3559.69 1.03694e-05 8.59881e-01 4.48102e-16 7.15987e-03 
3566.92 8.91315e-06 8.60930e-01 4.61375e-16 6.35725e-03 
3570.00 8.43342e-06 8.61374e-01 4.66888e-16 6.09537e-03 
3573.72 8.08029e-06 8.61909e-01 4.73425e-16 5.93175e-03 
3584.75 8.16415e-06 8.63480e-01 4.91960e-16 6.25858e-03 
3587.76 8.36453e-06 8.63906e-01 4.96786e-16 6.48373e-03 
3590.00 8.53289e-06 8.64221e-01 5.00299e-16 6.66758e-03 
3601.82 9.44250e-06 8.65871e-01 5.17838e-16 7.67677e-03 
3602.68 9.50218e-06 8.65990e-01 5.19044e-16 7.74620e-03 
3610.00 9.91970e-06 8.66996e-01 5.28904e-16 8.26652e-03 
3615.88 1.01015e-05 8.67797e-01 5.36270e-16 8.55701e-03 
3620.69 1.01545e-05 8.68450e-01 5.41927e-16 8.71082e-03 
3629.94 1.00696e-05 8.69699e-01 5.51820e-16 8.83084e-03 
3630.00 1.00685e-05 8.69706e-01 5.51875e-16 8.83098e-03 
3638.79 1.01230e-05 8.70880e-01 5.60025e-16 9.04387e-03 
3640.00 1.02194e-05 8.71040e-01 5.61046e-16 9.15137e-03 
3644.02 1.07528e-05 8.71570e-01 5.64280e-16 9.70114e-03 
3650.00 1.17092e-05 8.72353e-01 5.68595e-16 1.06718e-02 
3656.99 1.22954e-05 8.73260e-01 5.72885e-16 1.13240e-02 
3658.11 1.23311e-05 8.73405e-01 5.73496e-16 1.13744e-02 
3670.00 1.20827e-05 8.74930e-01 5.78680e-16 1.13022e-02 
3672.20 1.19665e-05 8.75210e-01 5.79376e-16 1.12173e-02 
3675.27 1.17991e-05 8.75600e-01 5.80211e-16 1.10905e-02 
3686.30 1.14197e-05 8.76987e-01 5.81890e-16 1.08144e-02 
3690.00 1.14738e-05 8.77447e-01 5.81993e-16 1.08842e-02 
3693.65 1.16504e-05 8.77900e-01 5.81872e-16 1.10660e-02 
3700.41 1.20755e-05 8.78734e-01 5.81063e-16 1.14857e-02 
3710.00 1.20237e-05 8.79904e-01 5.78636e-16 1.14335e-02 
3712.12 1.17879e-05 8.80160e-01 5.77902e-16 1.12046e-02 
3714.53 1.14217e-05 8.80451e-01 5.76979e-16 1.08499e-02 
3728.66 8.84509e-06 8.82140e-01 5.69774e-16 8.34485e-03 
3730.00 8.70158e-06 8.82300e-01 5.68934e-16 8.20178e-03 
3730.68 8.64394e-06 8.82380e-01 5.68500e-16 8.14345e-03 
3742.79 8.95656e-06 8.83809e-01 5.59631e-16 8.34680e-03 
3749.33 9.73699e-06 8.84570e-01 5.54008e-16 9.00638e-03 
3750.00 9.82346e-06 8.84647e-01 5.53401e-16 9.07882e-03 
3756.94 1.06940e-05 8.85445e-01 5.46771e-16 9.79184e-03 
3768.08 1.17610e-05 8.86710e-01 5.34902e-16 1.05814e-02 
3770.00 1.18732e-05 8.86927e-01 5.32710e-16 1.06466e-02 
3771.09 1.19247e-05 8.87050e-01 5.31450e-16 1.06721e-02 
3785.25 1.21737e-05 8.88635e-01 5.13949e-16 1.05946e-02 
3786.92 1.22014e-05 8.88820e-01 5.11758e-16 1.05803e-02 
3790.00 1.22827e-05 8.89160e-01 5.07644e-16 1.05778e-02 
3799.42 1.26316e-05 8.90192e-01 4.94565e-16 1.06366e-02 
3805.85 1.24466e-05 8.90890e-01 4.85230e-16 1.03085e-02 
3810.00 1.18994e-05 8.91338e-01 4.79055e-16 9.74538e-03 
3813.60 1.10817e-05 8.91725e-01 4.73607e-16 8.98492e-03 
3824.88 7.93010e-06 8.92930e-01 4.56017e-16 6.21754e-03 
3827.78 7.38753e-06 8.93237e-01 4.51386e-16 5.73965e-03 
3830.00 7.15129e-06 8.93470e-01 4.47821e-16 5.51685e-03 
3841.98 8.32481e-06 8.94720e-01 4.28211e-16 6.16875e-03 
3844.01 8.70462e-06 8.94930e-01 4.24839e-16 6.40429e-03 
3850.00 9.63437e-06 8.95546e-01 4.14810e-16 6.93656e-03 
3856.18 9.92391e-06 8.96177e-01 4.04379e-16 6.98145e-03 
3863.23 9.69065e-06 8.96890e-01 3.92406e-16 6.63287e-03 
3870.00 9.40439e-06 8.97571e-01 3.80844e-16 6.26297e-03 
3870.39 9.39669e-06 8.97610e-01 3.80174e-16 6.24775e-03 
3882.54 9.93359e-06 8.98820e-01 3.59395e-16 6.27177e-03 
3884.61 1.01817e-05 8.99025e-01 3.55861e-16 6.37006e-03 
3890.00 1.10545e-05 8.99555e-01 3.46674e-16 6.75091e-03 
3898.84 1.28553e-05 9.00418e-01 3.31681e-16 7.53538e-03 
3901.96 1.33009e-05 9.00720e-01 3.26430e-16 7.68185e-03 
3910.00 1.30534e-05 9.01492e-01 3.12963e-16 7.24898e-03 
3913.08 1.22147e-05 9.01786e-01 3.07854e-16 6.67993e-03 
3921.46 8.88450e-06 9.02580e-01 2.94065e-16 4.65515e-03 
3927.32 7.12474e-06 9.03131e-01 2.84570e-16 3.62016e-03 
3930.00 6.86908e-06 9.03382e-01 2.80269e-16 3.44082e-03 
3941.07 9.56458e-06 9.04410e-01 2.62779e-16 4.50982e-03 
3941.58 9.74217e-06 9.04456e-01 2.61994e-16 4.58066e-03 
3950.00 1.16872e-05 9.05226e-01 2.49049e-16 5.23929e-03 
3955.84 1.09478e-05 9.05755e-01 2.40264e-16 4.74448e-03 
3960.78 9.55364e-06 9.06200e-01 2.32961e-16 4.02142e-03 
3970.00 8.06486e-06 9.07029e-01 2.19648e-16 3.21113e-03 
3970.11 8.07268e-06 9.07039e-01 2.19492e-16 3.21209e-03 
3980.58 1.16017e-05 9.07970e-01 2.04917e-16 4.32554e-03 
3984.39 1.34986e-05 9.08305e-01 1.99762e-16 4.91270e-03 
3990.00 1.58795e-05 9.08795e-01 1.92313e-16 5.57453e-03 
3998.68 1.73419e-05 9.09545e-01 1.81138e-16 5.75135e-03 
4000.48 1.73801e-05 9.09700e-01 1.78865e-16 5.69524e-03 
4010.00 1.69933e-05 9.10512e-01 1.67199e-16 5.22234e-03 
4012.97 1.68842e-05 9.10765e-01 1.63660e-16 5.08416e-03 
4020.49 1.67965e-05 9.11400e-01 1.54945e-16 4.80075e-03 
4027.28 1.68104e-05 9.11972e-01 1.47347e-16 4.57969e-03 
4030.00 1.68045e-05 9.12200e-01 1.44378e-16 4.48999e-03 
4040.59 1.65879e-05 9.13080e-01 1.33226e-16 4.10448e-03 
4041.59 1.65514e-05 9.13163e-01 1.32203e-16 4.06536e-03 
4050.00 1.61435e-05 9.13850e-01 1.23852e-16 3.72525e-03 
4055.92 1.57812e-05 9.14328e-01 1.18215e-16 3.48278e-03 
4060.79 1.55464e-05 9.14720e-01 1.13714e-16 3.30571e-03 
4070.00 1.56404e-05 9.15455e-01 1.05570e-16 3.09701e-03 
4070.25 1.56574e-05 9.15474e-01 1.05358e-16 3.09442e-03 
4081.10 1.69547e-05 9.16330e-01 9.63597e-17 3.07566e-03 
4084.59 1.74057e-05 9.16603e-01 9.35966e-17 3.07047e-03 
4090.00 1.78856e-05 9.17023e-01 8.94329e-17 3.02015e-03 
4098.93 1.78238e-05 9.17713e-01 8.28849e-17 2.79753e-03 
4101.50 1.76848e-05 9.17910e-01 8.10753e-17 2.71740e-03 
4110.00 1.72304e-05 9.18561e-01 7.53121e-17 2.46622e-03 
4113.29 1.71616e-05 9.18812e-01 7.31719e-17 2.38914e-03 
4122.01 1.72494e-05 9.19470e-01 6.77395e-17 2.22938e-03 
4127.66 1.73695e-05 9.19891e-01 6.44015e-17 2.13819e-03 
4130.00 1.74022e-05 9.20064e-01 6.30561e-17 2.09905e-03 
4142.03 1.73494e-05 9.20947e-01 5.65144e-17 1.88284e-03 
4142.62 1.73441e-05 9.20990e-01 5.62089e-17 1.87245e-03 
4150.00 1.73330e-05 9.21528e-01 5.25010e-17 1.75195e-03 
4156.41 1.74470e-05 9.21992e-01 4.94494e-17 1.66437e-03 
4163.33 1.75755e-05 9.22490e-01 4.63261e-17 1.57420e-03 
4170.00 1.75320e-05 9.22965e-01 4.34776e-17 1.47687e-03 
4170.80 1.75076e-05 9.23022e-01 4.31448e-17 1.46390e-03 
4184.15 1.67752e-05 9.23960e-01 3.79273e-17 1.23823e-03 
4185.20 1.67226e-05 9.24034e-01 3.75395e-17 1.22214e-03 
4190.00 1.65668e-05 9.24368e-01 3.58178e-17 1.15697e-03 
4199.61 1.67102e-05 9.25035e-01 3.25737e-17 1.06449e-03 
4205.07 1.68643e-05 9.25410e-01 3.08483e-17 1.01913e-03 
4210.00 1.69017e-05 9.25747e-01 2.93592e-17 9.73578e-04 
4214.03 1.68040e-05 9.26020e-01 2.81897e-17 9.30561e-04 
4226.10 1.62357e-05 9.26830e-01 2.49293e-17 7.98077e-04 
4228.45 1.61627e-05 9.26987e-01 2.43323e-17 7.76027e-04 
4230.00 1.61349e-05 9.27090e-01 2.39482e-17 7.62825e-04 
4242.89 1.63575e-05 9.27938e-01 2.09494e-17 6.79190e-04 
4247.23 1.64232e-05 9.28220e-01 2.00186e-17 6.52488e-04 
4250.00 1.64080e-05 9.28400e-01 1.94428e-17 6.33666e-04 
4257.33 1.61031e-05 9.28871e-01 1.79919e-17 5.76767e-04 
4268.46 1.53612e-05 9.29580e-01 1.59753e-17 4.90182e-04 
4270.00 1.52764e-05 9.29677e-01 1.57133e-17 4.79702e-04 
4271.78 1.51915e-05 9.29790e-01 1.54143e-17 4.68211e-04 
4286.24 1.43756e-05 9.30698e-01 1.31746e-17 3.80338e-04 
4289.80 1.39242e-05 9.30920e-01 1.26707e-17 3.54686e-04 
4290.00 1.38941e-05 9.30932e-01 1.26435e-17 3.53182e-04 
4300.71 1.19484e-05 9.31596e-01 1.12341e-17 2.70732e-04 
4310.00 1.15793e-05 9.32164e-01 1.01304e-17 2.37247e-04 
4311.25 1.17558e-05 9.32240e-01 9.98931e-18 2.37598e-04 
4315.19 1.26534e-05 9.32478e-01 9.55758e-18 2.44972e-04 
4329.68 1.68355e-05 9.33345e-01 8.11318e-18 2.77868e-04 
4330.00 1.68830e-05 9.33364e-01 8.08354e-18 2.77659e-04 
4332.81 1.71352e-05 9.33530e-01 7.82878e-18 2.73151e-04 
4344.17 1.64308e-05 9.34199e-01 6.87209e-18 2.30684e-04 
4350.00 1.60786e-05 9.34540e-01 6.42479e-18 2.11406e-04 
4354.47 1.62667e-05 9.34800e-01 6.09988e-18 2.03329e-04 
4358.68 1.67079e-05 9.35044e-01 5.80847e-18 1.99110e-04 
4370.00 1.77604e-05 9.35695e-01 5.08696e-18 1.85973e-04 
4373.19 1.76981e-05 9.35877e-01 4.89926e-18 1.78648e-04 
4376.25 1.74794e-05 9.36050e-01 4.72565e-18 1.70338e-04 
4387.71 1.62667e-05 9.36693e-01 4.12397e-18 1.38795e-04 
4390.00 1.61295e-05 9.36821e-01 4.01288e-18 1.34005e-04 
4398.13 1.62765e-05 9.37270e-01 3.64047e-18 1.22963e-04 
4402.24 1.66165e-05 9.37496e-01 3.46448e-18 1.19604e-04 
4410.00 1.74277e-05 9.37921e-01 3.15435e-18 1.14467e-04 
4416.78 1.80491e-05 9.38290e-01 2.90481e-18 1.09380e-04 
4420.12 1.82868e-05 9.38470e-01 2.78903e-18 1.06504e-04 
4430.00 1.86489e-05 9.39001e-01 2.47103e-18 9.64989e-05 
4431.33 1.86523e-05 9.39072e-01 2.43094e-18 9.49867e-05 
4442.22 1.84628e-05 9.39650e-01 2.12517e-18 8.24481e-05 
4445.89 1.84166e-05 9.39844e-01 2.03061e-18 7.86634e-05 
4450.00 1.84492e-05 9.40060e-01 1.92936e-18 7.49600e-05 
4460.45 1.89792e-05 9.40605e-01 1.69316e-18 6.78714e-05 
4464.43 1.92199e-05 9.40810e-01 1.61074e-18 6.54586e-05 
4470.00 1.94464e-05 9.41095e-01 1.50167e-18 6.18411e-05 
4475.03 1.94734e-05 9.41351e-01 1.40932e-18 5.81999e-05 
4486.75 1.94981e-05 9.41940e-01 1.21451e-18 5.03818e-05 
4489.61 1.96451e-05 9.42082e-01 1.17107e-18 4.89845e-05 
4490.00 1.96729e-05 9.42102e-01 1.16526e-18 4.88157e-05 
4504.20 2.12499e-05 9.42805e-01 9.71501e-19 4.41330e-05 
4509.19 2.15159e-05 9.43050e-01 9.11142e-19 4.19664e-05 
4510.00 2.15175e-05 9.43090e-01 9.01620e-19 4.15401e-05 
4518.80 2.08301e-05 9.43522e-01 8.04668e-19 3.59755e-05 
4530.00 1.95068e-05 9.44067e-01 6.95751e-19 2.92189e-05 
4531.73 1.94037e-05 9.44150e-01 6.80236e-19 2.84297e-05 
4533.41 1.93434e-05 9.44231e-01 6.65483e-19 2.77393e-05 
4548.03 1.99753e-05 9.44923e-01 5.49596e-19 2.37509e-05 
4550.00 2.01502e-05 9.45015e-01 5.35563e-19 2.33594e-05 
4554.39 2.05498e-05 9.45220e-01 5.05516e-19 2.25127e-05 
4562.66 2.11738e-05 9.45604e-01 4.53300e-19 2.08466e-05 
4570.00 2.13401e-05 9.45943e-01 4.11360e-19 1.91039e-05 
4577.16 2.10036e-05 9.46270e-01 3.74106e-19 1.71326e-05 
4577.29 2.09942e-05 9.46276e-01 3.73447e-19 1.70954e-05 
4590.00 2.01874e-05 9.46850e-01 3.15412e-19 1.39308e-05 
4591.94 2.01544e-05 9.46937e-01 3.07370e-19 1.35604e-05 
4600.05 2.03088e-05 9.47300e-01 2.75885e-19 1.22910e-05 
4606.59 2.05571e-05 9.47593e-01 2.52814e-19 1.14206e-05 
4610.00 2.06450e-05 9.47744e-01 2.41577e-19 1.09695e-05 
4621.26 2.05547e-05 9.48242e-01 2.07882e-19 9.42608e-06 
4623.05 2.05114e-05 9.48320e-01 2.02973e-19 9.18840e-06 
4630.00 2.03591e-05 9.48621e-01 1.85009e-19 8.32814e-06 
4635.93 2.03153e-05 9.48875e-01 1.70977e-19 7.69180e-06 
4646.16 2.04329e-05 9.49310e-01 1.49274e-19 6.77234e-06 
4650.00 2.05267e-05 9.49473e-01 1.41896e-19 6.47362e-06 
4650.61 2.05435e-05 9.49499e-01 1.40762e-19 6.42815e-06 
4665.30 2.09687e-05 9.50119e-01 1.16120e-19 5.43324e-06 
4669.39 2.10357e-05 9.50290e-01 1.10115e-19 5.17420e-06 
4670.00 2.10415e-05 9.50315e-01 1.09256e-19 5.13605e-06 
4680.00 2.09730e-05 9.50729e-01 9.61217e-20 4.51551e-06 
4690.00 2.06213e-05 9.51139e-01 8.47716e-20 3.92561e-06 
4692.74 2.04828e-05 9.51250e-01 8.19471e-20 3.77196e-06 
4694.70 2.03784e-05 9.51330e-01 7.99947e-20 3.66516e-06 
4709.42 1.98627e-05 9.51921e-01 6.71005e-20 3.00785e-06 
4710.00 1.98651e-05 9.51944e-01 6.66511e-20 2.98851e-06 
4716.20 2.00318e-05 9.52190e-01 6.20979e-20 2.81213e-06 
4724.15 2.04574e-05 9.52503e-01 5.69136e-20 2.63742e-06 
4730.00 2.07631e-05 9.52731e-01 5.35182e-20 2.52086e-06 
4738.88 2.10116e-05 9.53075e-01 4.90032e-20 2.34104e-06 
4739.79 2.10243e-05 9.53110e-01 4.85830e-20 2.32290e-06 
4750.00 2.10831e-05 9.53500e-01 4.43266e-20 2.13077e-06 
4753.62 2.10900e-05 9.53638e-01 4.30186e-20 2.07044e-06 
4763.48 2.11027e-05 9.54010e-01 3.99484e-20 1.92858e-06 
4768.37 2.11041e-05 9.54194e-01 3.86762e-20 1.86956e-06 
4770.00 2.11036e-05 9.54255e-01 3.82881e-20 1.85151e-06 
4783.14 2.10622e-05 9.54746e-01 3.57490e-20 1.73098e-06 
4787.30 2.10242e-05 9.54900e-01 3.51533e-20 1.70082e-06 
4790.00 2.09902e-05 9.54999e-01 3.48183e-20 1.68300e-06 
4797.91 2.08601e-05 9.55289e-01 3.40573e-20 1.63922e-06 
4810.00 2.07699e-05 9.55726e-01 3.34931e-20 1.60987e-06 
4811.24 2.07809e-05 9.55770e-01 3.34743e-20 1.61030e-06 
4812.68 2.07991e-05 9.55822e-01 3.34611e-20 1.61165e-06 
4827.47 2.10439e-05 9.56345e-01 3.38539e-20 1.65574e-06 
4830.00 2.10430e-05 9.56434e-01 3.40138e-20 1.66452e-06 
4835.29 2.09453e-05 9.56620e-01 3.44334e-20 1.67939e-06 
4842.27 2.05826e-05 9.56864e-01 3.51573e-20 1.68787e-06 
4850.00 1.98099e-05 9.57133e-01 3.61806e-20 1.67493e-06 
4857.08 1.87981e-05 9.57378e-01 3.73164e-20 1.64209e-06 
4859.47 1.84615e-05 9.57460e-01 3.77434e-20 1.63208e-06 
4870.00 1.76937e-05 9.57818e-01 3.98713e-20 1.65659e-06 
4871.89 1.77615e-05 9.57882e-01 4.02965e-20 1.68143e-06 
4883.77 1.92162e-05 9.58280e-01 4.32640e-20 1.95868e-06 
4886.71 1.96296e-05 9.58379e-01 4.40792e-20 2.03996e-06 
4890.00 2.00022e-05 9.58488e-01 4.50251e-20 2.12496e-06 
4901.55 2.03113e-05 9.58872e-01 4.86605e-20 2.33846e-06 
4908.19 2.00767e-05 9.59090e-01 5.09703e-20 2.42501e-06 
4910.00 1.99995e-05 9.59149e-01 5.16291e-20 2.44796e-06 
4916.39 1.97563e-05 9.59356e-01 5.40480e-20 2.53534e-06 
4930.00 1.95847e-05 9.59793e-01 5.97084e-20 2.78548e-06 
4931.24 1.96045e-05 9.59833e-01 6.02597e-20 2.81487e-06 
4932.73 1.96368e-05 9.59880e-01 6.09276e-20 2.85175e-06 
4946.10 2.01707e-05 9.60305e-01 6.73214e-20 3.24691e-06 
4950.00 2.03402e-05 9.60428e-01 6.93179e-20 3.37439e-06 
4957.39 2.05763e-05 9.60660e-01 7.32717e-20 3.61451e-06 
4960.97 2.06309e-05 9.60771e-01 7.52664e-20 3.72589e-06 
4970.00 2.05244e-05 9.61049e-01 8.05354e-20 3.97451e-06 
4975.85 2.02364e-05 9.61228e-01 8.41336e-20 4.09938e-06 
4982.18 1.97886e-05 9.61420e-01 8.81939e-20 4.20832e-06 
4990.00 1.91697e-05 9.61657e-01 9.34564e-20 4.32782e-06 
4990.74 1.91132e-05 9.61680e-01 9.39663e-20 4.33934e-06 
5005.63 1.83592e-05 9.62127e-01 1.04812e-19 4.66529e-06 
5007.09 1.83493e-05 9.62170e-01 1.05928e-19 4.71403e-06 
5010.00 1.83784e-05 9.62256e-01 1.08189e-19 4.82550e-06 
5020.54 1.89212e-05 9.62565e-01 1.16721e-19 5.37280e-06 
5030.00 1.94206e-05 9.62839e-01 1.24851e-19 5.91153e-06 
5032.12 1.94621e-05 9.62900e-01 1.26740e-19 6.01670e-06 
5035.45 1.94723e-05 9.62996e-01 1.29745e-19 6.16729e-06 
5050.00 1.93886e-05 9.63413e-01 1.43565e-19 6.81741e-06 
5050.38 1.93966e-05 9.63423e-01 1.43939e-19 6.83862e-06 
5057.29 1.96722e-05 9.63620e-01 1.50916e-19 7.28341e-06 
5065.31 2.00436e-05 9.63847e-01 1.59355e-19 7.85021e-06 
5070.00 2.01241e-05 9.63980e-01 1.64455e-19 8.14261e-06 
5080.25 1.97648e-05 9.64266e-01 1.76049e-19 8.58089e-06 
5082.57 1.96412e-05 9.64330e-01 1.78757e-19 8.66293e-06 
5090.00 1.93466e-05 9.64534e-01 1.87647e-19 8.97233e-06 
5095.20 1.93367e-05 9.64675e-01 1.94074e-19 9.28574e-06 
5107.98 1.96176e-05 9.65020e-01 2.10566e-19 1.02505e-05 
5110.00 1.96368e-05 9.65074e-01 2.13260e-19 1.03965e-05 
5110.17 1.96375e-05 9.65079e-01 2.13482e-19 1.04080e-05 
5125.13 1.93177e-05 9.65479e-01 2.34322e-19 1.12756e-05 
5130.00 1.91740e-05 9.65608e-01 2.41409e-19 1.15427e-05 
5133.52 1.90954e-05 9.65700e-01 2.46641e-19 1.17537e-05 
5140.11 1.89525e-05 9.65871e-01 2.56643e-19 1.21566e-05 
5150.00 1.84850e-05 9.66125e-01 2.72200e-19 1.26030e-05 
5155.10 1.80201e-05 9.66255e-01 2.80489e-19 1.26743e-05 
5159.19 1.75804e-05 9.66360e-01 2.87265e-19 1.26753e-05 
5170.00 1.65625e-05 9.66638e-01 3.05728e-19 1.27391e-05 
5170.10 1.65563e-05 9.66640e-01 3.05900e-19 1.27418e-05 
5184.99 1.64993e-05 9.67020e-01 3.32697e-19 1.38554e-05 
5185.11 1.65050e-05 9.67023e-01 3.32913e-19 1.38696e-05 
5190.00 1.68190e-05 9.67146e-01 3.42073e-19 1.45379e-05 
5200.12 1.77703e-05 9.67396e-01 3.61560e-19 1.62711e-05 
5210.00 1.85445e-05 9.67638e-01 3.81300e-19 1.79455e-05 
5210.91 1.85845e-05 9.67660e-01 3.83161e-19 1.80756e-05 
5215.15 1.86942e-05 9.67763e-01 3.91865e-19 1.86124e-05 
5230.00 1.88623e-05 9.68124e-01 4.23458e-19 2.03593e-05 
5230.18 1.88693e-05 9.68128e-01 4.23850e-19 2.03864e-05 
5236.97 1.92411e-05 9.68290e-01 4.38840e-19 2.15549e-05 
5245.22 1.95737e-05 9.68484e-01 4.57529e-19 2.29019e-05 
5250.00 1.94431e-05 9.68595e-01 4.68575e-19 2.33221e-05 
5260.28 1.81864e-05 9.68833e-01 4.92908e-19 2.29982e-05 
5263.15 1.77926e-05 9.68900e-01 4.99862e-19 2.28316e-05 
5270.00 1.72294e-05 9.69059e-01 5.16658e-19 2.28854e-05 
5275.34 1.73958e-05 9.69184e-01 5.29989e-19 2.37297e-05 
5289.47 1.91924e-05 9.69510e-01 5.66298e-19 2.80584e-05 
5290.00 1.92591e-05 9.69522e-01 5.67692e-19 2.82283e-05 
5290.41 1.93087e-05 9.69531e-01 5.68764e-19 2.83570e-05 
5305.49 2.00975e-05 9.69870e-01 6.09218e-19 3.17159e-05 
5310.00 1.98797e-05 9.69970e-01 6.21639e-19 3.20423e-05 
5315.92 1.92833e-05 9.70100e-01 6.38146e-19 3.19462e-05 
5320.58 1.87198e-05 9.70202e-01 6.51329e-19 3.16844e-05 
5330.00 1.79774e-05 9.70409e-01 6.78436e-19 3.17572e-05 
5335.68 1.81130e-05 9.70532e-01 6.95065e-19 3.28201e-05 
5342.50 1.86639e-05 9.70680e-01 7.15330e-19 3.48540e-05 
5350.00 1.92662e-05 9.70842e-01 7.37996e-19 3.71770e-05 
5350.78 1.93065e-05 9.70858e-01 7.40388e-19 3.73818e-05 
5365.90 1.93005e-05 9.71180e-01 7.87250e-19 3.98609e-05 
5369.21 1.92265e-05 9.71250e-01 7.97693e-19 4.02624e-05 
5370.00 1.92116e-05 9.71267e-01 8.00205e-19 4.03646e-05 
5381.03 1.91138e-05 9.71498e-01 8.35595e-19 4.20314e-05 
5390.00 1.89890e-05 9.71685e-01 8.64927e-19 4.33031e-05 
5396.05 1.87841e-05 9.71810e-01 8.84990e-19 4.38843e-05 
5396.17 1.87797e-05 9.71812e-01 8.85360e-19 4.38934e-05 
5410.00 1.83464e-05 9.72096e-01 9.31999e-19 4.52686e-05 
5411.31 1.83388e-05 9.72123e-01 9.36471e-19 4.54792e-05 
5423.03 1.85644e-05 9.72360e-01 9.76888e-19 4.81414e-05 
5426.47 1.86889e-05 9.72429e-01 9.88850e-19 4.90923e-05 
5430.00 1.88227e-05 9.72500e-01 1.00124e-18 5.00991e-05 
5441.63 1.91833e-05 9.72732e-01 1.04241e-18 5.32850e-05 
5450.00 1.92743e-05 9.72897e-01 1.07243e-18 5.51739e-05 
5450.15 1.92741e-05 9.72900e-01 1.07297e-18 5.52026e-05 
5456.80 1.92018e-05 9.73030e-01 1.09705e-18 5.63062e-05 
5470.00 1.89191e-05 9.73287e-01 1.14535e-18 5.80749e-05 
5471.99 1.88874e-05 9.73325e-01 1.15267e-18 5.83718e-05 
5477.40 1.88294e-05 9.73430e-01 1.17271e-18 5.92693e-05 
5487.18 1.87937e-05 9.73618e-01 1.20916e-18 6.11162e-05 
5490.00 1.87909e-05 9.73672e-01 1.21974e-18 6.16769e-05 
5502.38 1.87822e-05 9.73905e-01 1.26641e-18 6.41667e-05 
5504.79 1.87819e-05 9.73950e-01 1.27553e-18 6.46594e-05 
5510.00 1.87842e-05 9.74046e-01 1.29534e-18 6.57400e-05 
5517.59 1.87999e-05 9.74184e-01 1.32429e-18 6.73677e-05 
5530.00 1.89051e-05 9.74408e-01 1.37186e-18 7.03523e-05 
5532.31 1.89412e-05 9.74450e-01 1.38075e-18 7.09761e-05 
5532.81 1.89495e-05 9.74459e-01 1.38267e-18 7.11131e-05 
5548.04 1.91360e-05 9.74735e-01 1.44143e-18 7.50922e-05 
5550.00 1.91280e-05 9.74770e-01 1.44902e-18 7.54852e-05 
5559.97 1.89215e-05 9.74950e-01 1.48762e-18 7.68117e-05 
5563.28 1.88118e-05 9.75009e-01 1.50043e-18 7.70742e-05 
5570.00 1.85674e-05 9.75128e-01 1.52648e-18 7.74967e-05 
5578.53 1.82915e-05 9.75279e-01 1.55953e-18 7.81296e-05 
5587.77 1.81600e-05 9.75440e-01 1.59533e-18 7.94933e-05 
5590.00 1.81702e-05 9.75479e-01 1.60395e-18 8.00024e-05 
5593.79 1.82305e-05 9.75544e-01 1.61859e-18 8.10607e-05 
5609.05 1.86782e-05 9.75807e-01 1.67745e-18 8.63303e-05 
5610.00 1.86986e-05 9.75823e-01 1.68110e-18 8.66281e-05 
5615.71 1.87705e-05 9.75920e-01 1.70302e-18 8.81938e-05 
5624.33 1.87759e-05 9.76066e-01 1.73599e-18 9.00782e-05 
5630.00 1.87659e-05 9.76161e-01 1.75759e-18 9.12516e-05 
5639.62 1.87838e-05 9.76321e-01 1.79404e-18 9.34073e-05 
5643.79 1.87773e-05 9.76390e-01 1.80979e-18 9.42712e-05 
5650.00 1.87107e-05 9.76492e-01 1.83311e-18 9.52621e-05 
5654.91 1.85942e-05 9.76573e-01 1.85147e-18 9.57081e-05 
5670.00 1.82775e-05 9.76818e-01 1.90733e-18 9.71991e-05 
5670.22 1.82776e-05 9.76821e-01 1.90813e-18 9.72440e-05 
5672.01 1.82858e-05 9.76850e-01 1.91470e-18 9.76571e-05 
5685.53 1.85118e-05 9.77065e-01 1.96386e-18 1.01666e-04 
5690.00 1.85129e-05 9.77136e-01 1.97993e-18 1.02592e-04 
5700.37 1.82319e-05 9.77300e-01 2.01682e-18 1.03123e-04 
5700.86 1.82175e-05 9.77308e-01 2.01854e-18 1.03139e-04 
5710.00 1.81416e-05 9.77453e-01 2.05059e-18 1.04522e-04 
5716.19 1.84190e-05 9.77552e-01 2.07202e-18 1.07357e-04 
5728.87 1.91250e-05 9.77750e-01 2.11522e-18 1.14071e-04 
5730.00 1.91475e-05 9.77767e-01 2.11902e-18 1.14436e-04 
5731.53 1.91588e-05 9.77791e-01 2.12416e-18 1.14814e-04 
5746.88 1.86447e-05 9.78022e-01 2.17484e-18 1.14733e-04 
5750.00 1.85590e-05 9.78068e-01 2.18493e-18 1.14802e-04 
5757.52 1.85622e-05 9.78180e-01 2.20898e-18 1.16251e-04 
5762.25 1.86410e-05 9.78251e-01 2.22392e-18 1.17639e-04 
5770.00 1.87067e-05 9.78367e-01 2.24803e-18 1.19509e-04 
5777.62 1.85427e-05 9.78481e-01 2.27128e-18 1.19858e-04 
5786.30 1.82665e-05 9.78610e-01 2.29722e-18 1.19616e-04 
5790.00 1.81976e-05 9.78665e-01 2.30807e-18 1.19812e-04 
5793.00 1.81857e-05 9.78709e-01 2.31680e-18 1.20254e-04 
5808.39 1.85158e-05 9.78932e-01 2.36038e-18 1.25100e-04 
5810.00 1.85615e-05 9.78955e-01 2.36482e-18 1.25682e-04 
5815.23 1.86897e-05 9.79030e-01 2.37910e-18 1.27439e-04 
5823.79 1.87970e-05 9.79152e-01 2.40191e-18 1.29606e-04 
5830.00 1.87601e-05 9.79240e-01 2.41805e-18 1.30371e-04 
5839.20 1.85315e-05 9.79369e-01 2.44130e-18 1.30243e-04 
5844.31 1.84017e-05 9.79440e-01 2.45386e-18 1.30119e-04 
5850.00 1.83391e-05 9.79519e-01 2.46755e-18 1.30538e-04 
5854.62 1.83833e-05 9.79583e-01 2.47844e-18 1.31542e-04 
5870.00 1.83427e-05 9.79792e-01 2.51317e-18 1.33469e-04 
5870.05 1.83402e-05 9.79793e-01 2.51328e-18 1.33458e-04 
5873.53 1.81108e-05 9.79840e-01 2.52081e-18 1.32268e-04 
5885.49 1.71116e-05 9.80000e-01 2.54571e-18 1.26483e-04 
5890.00 1.69513e-05 9.80059e-01 2.55473e-18 1.25846e-04 
5900.94 1.74785e-05 9.80204e-01 2.57570e-18 1.31087e-04 
5902.90 1.76381e-05 9.80230e-01 2.57933e-18 1.32518e-04 
5910.00 1.81315e-05 9.80324e-01 2.59211e-18 1.37078e-04 
5916.39 1.82800e-05 9.80409e-01 2.60317e-18 1.38952e-04 
5930.00 1.80745e-05 9.80588e-01 2.62521e-18 1.38898e-04 
5931.86 1.80507e-05 9.80613e-01 2.62807e-18 1.38913e-04 
5932.41 1.80452e-05 9.80620e-01 2.62891e-18 1.38929e-04 
5947.34 1.80673e-05 9.80813e-01 2.65038e-18 1.40616e-04 
5950.00 1.80837e-05 9.80847e-01 2.65395e-18 1.41001e-04 
5962.08 1.81149e-05 9.81000e-01 2.66915e-18 1.42364e-04 
5962.83 1.81144e-05 9.81009e-01 2.67005e-18 1.42426e-04 
5970.00 1.80955e-05 9.81100e-01 2.67825e-18 1.42900e-04 
5978.32 1.80418e-05 9.81203e-01 2.68706e-18 1.43159e-04 
5990.00 1.79071e-05 9.81347e-01 2.69811e-18 1.42974e-04 
5991.89 1.78787e-05 9.81370e-01 2.69975e-18 1.42882e-04 
5993.83 1.78481e-05 9.81394e-01 2.70140e-18 1.42774e-04 
6009.34 1.76194e-05 9.81580e-01 2.71306e-18 1.41947e-04 
6010.00 1.76129e-05 9.81588e-01 2.71349e-18 1.41934e-04 
6021.85 1.75721e-05 9.81730e-01 2.72050e-18 1.42272e-04 
6024.87 1.75858e-05 9.81766e-01 2.72204e-18 1.42540e-04 
6030.00 1.76323e-05 9.81828e-01 2.72442e-18 1.43172e-04 
6040.41 1.77924e-05 9.81953e-01 2.72836e-18 1.44949e-04 
6050.00 1.79172e-05 9.82067e-01 2.73093e-18 1.46353e-04 
6051.96 1.79290e-05 9.82090e-01 2.73133e-18 1.46521e-04 
6055.95 1.79351e-05 9.82137e-01 2.73203e-18 1.46712e-04 
6070.00 1.77862e-05 9.82300e-01 2.73308e-18 1.45912e-04 
6071.50 1.77565e-05 9.82318e-01 2.73307e-18 1.45707e-04 
6082.21 1.75209e-05 9.82440e-01 2.73228e-18 1.44003e-04 
6087.07 1.74336e-05 9.82495e-01 2.73152e-18 1.43368e-04 
6090.00 1.73977e-05 9.82528e-01 2.73094e-18 1.43116e-04 
6102.64 1.73451e-05 9.82670e-01 2.72742e-18 1.42816e-04 
6110.00 1.72391e-05 9.82751e-01 2.72460e-18 1.41980e-04 
6112.63 1.71624e-05 9.82780e-01 2.72347e-18 1.41354e-04 
6118.23 1.69542e-05 9.82841e-01 2.72081e-18 1.39639e-04 
6130.00 1.66314e-05 9.82969e-01 2.71418e-18 1.36928e-04 
6133.82 1.66465e-05 9.83010e-01 2.71174e-18 1.37020e-04 
6143.19 1.68200e-05 9.83110e-01 2.70514e-18 1.38336e-04 
6149.42 1.68562e-05 9.83176e-01 2.70028e-18 1.38534e-04 
6150.00 1.68501e-05 9.83182e-01 2.69981e-18 1.38474e-04 
6165.04 1.63529e-05 9.83338e-01 2.68648e-18 1.34073e-04 
6170.00 1.62861e-05 9.83390e-01 2.68161e-18 1.33397e-04 
6173.91 1.63515e-05 9.83430e-01 2.67763e-18 1.33825e-04 
6180.66 1.66365e-05 9.83500e-01 2.67041e-18 1.35948e-04 
6190.00 1.70726e-05 9.83596e-01 2.65976e-18 1.39179e-04 
6196.29 1.71981e-05 9.83661e-01 2.65215e-18 1.39952e-04 
6204.77 1.71679e-05 9.83750e-01 2.64136e-18 1.39341e-04 
6210.00 1.70903e-05 9.83805e-01 2.63441e-18 1.38470e-04 
6211.93 1.70580e-05 9.83825e-01 2.63177e-18 1.38116e-04 
6227.59 1.67192e-05 9.83992e-01 2.60936e-18 1.34581e-04 
6230.00 1.66465e-05 9.84018e-01 2.60573e-18 1.33865e-04 
6235.80 1.64511e-05 9.84080e-01 2.59682e-18 1.31972e-04 
6243.25 1.62360e-05 9.84160e-01 2.58500e-18 1.29819e-04 
6250.00 1.61792e-05 9.84233e-01 2.57392e-18 1.28959e-04 
6258.92 1.63933e-05 9.84327e-01 2.55876e-18 1.30095e-04 
6266.98 1.66983e-05 9.84410e-01 2.54459e-18 1.31961e-04 
6270.00 1.67946e-05 9.84440e-01 2.53915e-18 1.32507e-04 
6274.60 1.68926e-05 9.84485e-01 2.53076e-18 1.32943e-04 
6290.00 1.68317e-05 9.84632e-01 2.50163e-18 1.31281e-04 
6290.29 1.68256e-05 9.84635e-01 2.50106e-18 1.31210e-04 
6298.31 1.66186e-05 9.84710e-01 2.48528e-18 1.28951e-04 
6305.99 1.64181e-05 9.84782e-01 2.46978e-18 1.26765e-04 
6310.00 1.63469e-05 9.84820e-01 2.46156e-18 1.25879e-04 
6321.71 1.63272e-05 9.84932e-01 2.43700e-18 1.24718e-04 
6329.80 1.63872e-05 9.85010e-01 2.41956e-18 1.24450e-04 
6330.00 1.63886e-05 9.85012e-01 2.41913e-18 1.24443e-04 
6337.43 1.64227e-05 9.85084e-01 2.40282e-18 1.24015e-04 
6350.00 1.64057e-05 9.85205e-01 2.37455e-18 1.22687e-04 
6353.16 1.63871e-05 9.85235e-01 2.36733e-18 1.22240e-04 
6361.45 1.63339e-05 9.85310e-01 2.34813e-18 1.21022e-04 
6368.90 1.63193e-05 9.85374e-01 2.33063e-18 1.20161e-04 
6370.00 1.63225e-05 9.85383e-01 2.32802e-18 1.20072e-04 
6384.65 1.64210e-05 9.85505e-01 2.29282e-18 1.19258e-04 
6390.00 1.63992e-05 9.85551e-01 2.27974e-18 1.18525e-04 
6393.26 1.63497e-05 9.85580e-01 2.27171e-18 1.17815e-04 
6400.41 1.61846e-05 9.85646e-01 2.25398e-18 1.15852e-04 
6410.00 1.60102e-05 9.85737e-01 2.22991e-18 1.13560e-04 
6416.18 1.60200e-05 9.85796e-01 2.21423e-18 1.12946e-04 
6425.23 1.61197e-05 9.85880e-01 2.19105e-18 1.12628e-04 
6430.00 1.61478e-05 9.85922e-01 2.17872e-18 1.12278e-04 
6431.96 1.61448e-05 9.85940e-01 2.17364e-18 1.12031e-04 
6447.75 1.59543e-05 9.86072e-01 2.13232e-18 1.08885e-04 
6450.00 1.59318e-05 9.86090e-01 2.12638e-18 1.08468e-04 
6457.35 1.59041e-05 9.86150e-01 2.10688e-18 1.07416e-04 
6463.55 1.59004e-05 9.86201e-01 2.09035e-18 1.06656e-04 
6470.00 1.58688e-05 9.86255e-01 2.07305e-18 1.05675e-04 
6479.36 1.57355e-05 9.86333e-01 2.04781e-18 1.03669e-04 
6489.64 1.56432e-05 9.86420e-01 2.01992e-18 1.01827e-04 
6490.00 1.56440e-05 9.86423e-01 2.01893e-18 1.01789e-04 
6495.18 1.56933e-05 9.86467e-01 2.00481e-18 1.01481e-04 
6510.00 1.59542e-05 9.86590e-01 1.96419e-18 1.01321e-04 
6511.01 1.59639e-05 9.86599e-01 1.96142e-18 1.01256e-04 
6522.09 1.59655e-05 9.86690e-01 1.93088e-18 9.98683e-05 
6526.85 1.59396e-05 9.86729e-01 1.91772e-18 9.91029e-05 
6530.00 1.59257e-05 9.86754e-01 1.90900e-18 9.86169e-05 
6542.70 1.57970e-05 9.86856e-01 1.87379e-18 9.62119e-05 
6550.00 1.54273e-05 9.86913e-01 1.85351e-18 9.30525e-05 
6554.70 1.50002e-05 9.86950e-01 1.84045e-18 8.99071e-05 
6558.56 1.46042e-05 9.86980e-01 1.82971e-18 8.70768e-05 
6570.00 1.39061e-05 9.87068e-01 1.79789e-18 8.16215e-05 
6574.43 1.40724e-05 9.87101e-01 1.78556e-18 8.20893e-05 
6587.47 1.53337e-05 9.87200e-01 1.74929e-18 8.78125e-05 
6590.00 1.55400e-05 9.87219e-01 1.74226e-18 8.86724e-05 
6590.31 1.55615e-05 9.87221e-01 1.74140e-18 8.87550e-05 
6606.20 1.57853e-05 9.87342e-01 1.69731e-18 8.79743e-05 
6610.00 1.57227e-05 9.87371e-01 1.68678e-18 8.71346e-05 
6620.41 1.56186e-05 9.87450e-01 1.65800e-18 8.52219e-05 
6622.10 1.56106e-05 9.87463e-01 1.65334e-18 8.49610e-05 
6630.00 1.55937e-05 9.87523e-01 1.63157e-18 8.38567e-05 
6638.01 1.55915e-05 9.87584e-01 1.60956e-18 8.28187e-05 
6650.00 1.55373e-05 9.87674e-01 1.57674e-18 8.10019e-05 
6653.51 1.54959e-05 9.87700e-01 1.56717e-18 8.03398e-05 
6653.93 1.54903e-05 9.87703e-01 1.56603e-18 8.02577e-05 
6669.86 1.53402e-05 9.87819e-01 1.52280e-18 7.74801e-05 
6670.00 1.53406e-05 9.87820e-01 1.52242e-18 7.74644e-05 
6685.80 1.55093e-05 9.87933e-01 1.47992e-18 7.63195e-05 
6686.78 1.55149e-05 9.87940e-01 1.47730e-18 7.62237e-05 
6690.00 1.55165e-05 9.87963e-01 1.46870e-18 7.58257e-05 
6701.75 1.53311e-05 9.88047e-01 1.43745e-18 7.34609e-05 
6710.00 1.52081e-05 9.88106e-01 1.41567e-18 7.18601e-05 
6717.71 1.52310e-05 9.88162e-01 1.39543e-18 7.10245e-05 
6720.21 1.52568e-05 9.88180e-01 1.38889e-18 7.08391e-05 
6730.00 1.53394e-05 9.88251e-01 1.36343e-18 7.00240e-05 
6733.68 1.53320e-05 9.88278e-01 1.35390e-18 6.95412e-05 
6749.66 1.51604e-05 9.88392e-01 1.31291e-18 6.68463e-05 
6750.00 1.51575e-05 9.88394e-01 1.31205e-18 6.67932e-05 
6753.81 1.51335e-05 9.88420e-01 1.30235e-18 6.62342e-05 
6765.65 1.51237e-05 9.88498e-01 1.27248e-18 6.47912e-05 
6770.00 1.51256e-05 9.88526e-01 1.26159e-18 6.42885e-05 
6781.65 1.50977e-05 9.88601e-01 1.23265e-18 6.28104e-05 
6787.58 1.50639e-05 9.88640e-01 1.21806e-18 6.19845e-05 
6790.00 1.50464e-05 9.88656e-01 1.21214e-18 6.16344e-05 
6797.66 1.49833e-05 9.88708e-01 1.19346e-18 6.05016e-05 
6810.00 1.49323e-05 9.88793e-01 1.16373e-18 5.89054e-05 
6813.69 1.49464e-05 9.88818e-01 1.15492e-18 5.85480e-05 
6821.52 1.49939e-05 9.88870e-01 1.13634e-18 5.78584e-05 
6829.72 1.49909e-05 9.88922e-01 1.11708e-18 5.69377e-05 
6830.00 1.49887e-05 9.88924e-01 1.11642e-18 5.68979e-05 
6845.76 1.47239e-05 9.89020e-01 1.07994e-18 5.41963e-05 
6850.00 1.46731e-05 9.89045e-01 1.07024e-18 5.35591e-05 
6855.63 1.46629e-05 9.89080e-01 1.05746e-18 5.29279e-05 
6861.81 1.47031e-05 9.89119e-01 1.04352e-18 5.24229e-05 
6870.00 1.47734e-05 9.89171e-01 1.02524e-18 5.18151e-05 
6877.87 1.47974e-05 9.89222e-01 1.00785e-18 5.10804e-05 
6889.91 1.47605e-05 9.89300e-01 9.81640e-19 4.97184e-05 
6890.00 1.47600e-05 9.89301e-01 9.81437e-19 4.97072e-05 
6893.94 1.47379e-05 9.89326e-01 9.72943e-19 4.92327e-05 
6910.00 1.46449e-05 9.89425e-01 9.38859e-19 4.73227e-05 
6910.03 1.46447e-05 9.89425e-01 9.38803e-19 4.73197e-05 
6924.36 1.45935e-05 9.89510e-01 9.09060e-19 4.57589e-05 
6926.12 1.45880e-05 9.89520e-01 9.05445e-19 4.55719e-05 
6930.00 1.45752e-05 9.89543e-01 8.97520e-19 4.51595e-05 
6942.22 1.45266e-05 9.89614e-01 8.72876e-19 4.38534e-05 
6950.00 1.44974e-05 9.89658e-01 8.57434e-19 4.30413e-05 
6958.33 1.44762e-05 9.89706e-01 8.41101e-19 4.22121e-05 
6958.98 1.44751e-05 9.89710e-01 8.39850e-19 4.21502e-05 
6970.00 1.44718e-05 9.89774e-01 8.18608e-19 4.11424e-05 
6974.46 1.44780e-05 9.89800e-01 8.10126e-19 4.07609e-05 
6990.00 1.43992e-05 9.89889e-01 7.81043e-19 3.91741e-05 
6990.59 1.43893e-05 9.89892e-01 7.79952e-19 3.90962e-05 
6993.77 1.43266e-05 9.89910e-01 7.74099e-19 3.86519e-05 
7006.73 1.40432e-05 9.89981e-01 7.50580e-19 3.68068e-05 
7010.00 1.40070e-05 9.89999e-01 7.44738e-19 3.64439e-05 
7022.89 1.40899e-05 9.90068e-01 7.22009e-19 3.56086e-05 
7028.74 1.41681e-05 9.90100e-01 7.11858e-19 3.53334e-05 
7030.00 1.41820e-05 9.90107e-01 7.09689e-19 3.52668e-05 
7039.05 1.42307e-05 9.90157e-01 6.94235e-19 3.46636e-05 
7050.00 1.42024e-05 9.90220e-01 6.75886e-19 3.37347e-05 
7055.23 1.41706e-05 9.90250e-01 6.67255e-19 3.32553e-05 
7063.88 1.41079e-05 9.90300e-01 6.53144e-19 3.24494e-05 
7070.00 1.40638e-05 9.90335e-01 6.43317e-19 3.18899e-05 
7071.41 1.40544e-05 9.90344e-01 6.41064e-19 3.17635e-05 
7087.61 1.39864e-05 9.90436e-01 6.15655e-19 3.04293e-05 
7090.00 1.39849e-05 9.90450e-01 6.11967e-19 3.02544e-05 
7099.20 1.39957e-05 9.90500e-01 5.97944e-19 2.96240e-05 
7103.81 1.39985e-05 9.90524e-01 5.91020e-19 2.93065e-05 
7110.00 1.39828e-05 9.90557e-01 5.81819e-19 2.88438e-05 
7120.03 1.38924e-05 9.90607e-01 5.67150e-19 2.79758e-05 
7130.00 1.37757e-05 9.90657e-01 5.52853e-19 2.70807e-05 
7134.70 1.37312e-05 9.90680e-01 5.46215e-19 2.66873e-05 
7136.25 1.37190e-05 9.90688e-01 5.44035e-19 2.65631e-05 
7150.00 1.36701e-05 9.90755e-01 5.25048e-19 2.55956e-05 
7152.49 1.36734e-05 9.90768e-01 5.21666e-19 2.54461e-05 
7168.74 1.36492e-05 9.90843e-01 5.00030e-19 2.44046e-05 
7170.00 1.36339e-05 9.90848e-01 4.98379e-19 2.43013e-05 
7170.37 1.36288e-05 9.90850e-01 4.97891e-19 2.42697e-05 
7184.99 1.33439e-05 9.90910e-01 4.79116e-19 2.29142e-05 
7190.00 1.32908e-05 9.90929e-01 4.72822e-19 2.25394e-05 
7201.26 1.33763e-05 9.90971e-01 4.58910e-19 2.20525e-05 
7206.23 1.34480e-05 9.90990e-01 4.52885e-19 2.18951e-05 
7210.00 1.34909e-05 9.91004e-01 4.48349e-19 2.17566e-05 
7217.54 1.35174e-05 9.91032e-01 4.39400e-19 2.13871e-05 
7230.00 1.34799e-05 9.91075e-01 4.24934e-19 2.06622e-05 
7233.83 1.34743e-05 9.91087e-01 4.20571e-19 2.04526e-05 
7242.26 1.34825e-05 9.91110e-01 4.11094e-19 2.00277e-05 
7250.00 1.35031e-05 9.91127e-01 4.02548e-19 1.96626e-05 
7250.13 1.35034e-05 9.91127e-01 4.02410e-19 1.96567e-05 
7266.44 1.34830e-05 9.91164e-01 3.84901e-19 1.88159e-05 
7270.00 1.34401e-05 9.91175e-01 3.81161e-19 1.85831e-05 
7278.47 1.32729e-05 9.91210e-01 3.72400e-19 1.79517e-05 
7282.76 1.31844e-05 9.91233e-01 3.68030e-19 1.76336e-05 
7290.00 1.30930e-05 9.91281e-01 3.60744e-19 1.71825e-05 
7299.09 1.31409e-05 9.91348e-01 3.51782e-19 1.68390e-05 
7310.00 1.32601e-05 9.91434e-01 3.41267e-19 1.65099e-05 
7314.86 1.32676e-05 9.91470e-01 3.36672e-19 1.63082e-05 
7315.43 1.32663e-05 9.91474e-01 3.36142e-19 1.62823e-05 
7330.00 1.31802e-05 9.91570e-01 3.22699e-19 1.55622e-05 
7331.78 1.31734e-05 9.91581e-01 3.21093e-19 1.54807e-05 
7348.14 1.31923e-05 9.91672e-01 3.06620e-19 1.48385e-05 
7350.00 1.31987e-05 9.91682e-01 3.05010e-19 1.47716e-05 
7351.43 1.32036e-05 9.91690e-01 3.03773e-19 1.47202e-05 
7364.51 1.32142e-05 9.91759e-01 2.92709e-19 1.42217e-05 
7370.00 1.31804e-05 9.91788e-01 2.88168e-19 1.39760e-05 
7380.89 1.30261e-05 9.91844e-01 2.79342e-19 1.34099e-05 
7388.19 1.28975e-05 9.91880e-01 2.73560e-19 1.30160e-05 
7390.00 1.28673e-05 9.91889e-01 2.72144e-19 1.29217e-05 
7397.28 1.27649e-05 9.91924e-01 2.66505e-19 1.25659e-05 
7410.00 1.26903e-05 9.91982e-01 2.56907e-19 1.20641e-05 
7413.69 1.27001e-05 9.91999e-01 2.54181e-19 1.19515e-05 
7425.13 1.27762e-05 9.92050e-01 2.45884e-19 1.16491e-05 
7430.00 1.28019e-05 9.92071e-01 2.42428e-19 1.15163e-05 
7430.10 1.28022e-05 9.92072e-01 2.42356e-19 1.15133e-05 
7446.53 1.27977e-05 9.92143e-01 2.31014e-19 1.09956e-05 
7450.00 1.27998e-05 9.92158e-01 2.28677e-19 1.08915e-05 
7462.26 1.28470e-05 9.92210e-01 2.20595e-19 1.05632e-05 
7462.96 1.28495e-05 9.92213e-01 2.20140e-19 1.05445e-05 
7470.00 1.28564e-05 9.92242e-01 2.15624e-19 1.03437e-05 
7479.41 1.28000e-05 9.92280e-01 2.09718e-19 1.00293e-05 
7490.00 1.27188e-05 9.92322e-01 2.03241e-19 9.67201e-06 
7495.86 1.27009e-05 9.92345e-01 1.99734e-19 9.49933e-06 
7499.57 1.26988e-05 9.92360e-01 1.97545e-19 9.39849e-06 
7510.00 1.27042e-05 9.92401e-01 1.91500e-19 9.12782e-06 
7512.33 1.27032e-05 9.92411e-01 1.90173e-19 9.06676e-06 
7528.81 1.26831e-05 9.92477e-01 1.81022e-19 8.63626e-06 
7530.00 1.26831e-05 9.92482e-01 1.80374e-19 8.60676e-06 
7537.07 1.26893e-05 9.92510e-01 1.76585e-19 8.43821e-06 
7545.29 1.26921e-05 9.92543e-01 1.72264e-19 8.24286e-06 
7550.00 1.26805e-05 9.92562e-01 1.69836e-19 8.12448e-06 
7561.79 1.25997e-05 9.92609e-01 1.63888e-19 7.80249e-06 
7570.00 1.25428e-05 9.92642e-01 1.59860e-19 7.58487e-06 
7574.75 1.25253e-05 9.92660e-01 1.57569e-19 7.47057e-06 
7578.30 1.25183e-05 9.92674e-01 1.55879e-19 7.38982e-06 
7590.00 1.24981e-05 9.92717e-01 1.50421e-19 7.13085e-06 
7594.82 1.24780e-05 9.92735e-01 1.48223e-19 7.01995e-06 
7610.00 1.24089e-05 9.92790e-01 1.41494e-19 6.67781e-06 
7611.35 1.24064e-05 9.92795e-01 1.40908e-19 6.65010e-06 
7612.63 1.24050e-05 9.92800e-01 1.40358e-19 6.62452e-06 
7627.89 1.24298e-05 9.92856e-01 1.33921e-19 6.34641e-06 
7630.00 1.24353e-05 9.92864e-01 1.33054e-19 6.30990e-06 
7644.44 1.24228e-05 9.92917e-01 1.27250e-19 6.04032e-06 
7650.00 1.23644e-05 9.92937e-01 1.25080e-19 5.91382e-06 
7650.69 1.23540e-05 9.92940e-01 1.24813e-19 5.89676e-06 
7661.01 1.21567e-05 9.92978e-01 1.20882e-19 5.62767e-06 
7670.00 1.20506e-05 9.93012e-01 1.17549e-19 5.43126e-06 
7677.58 1.20993e-05 9.93039e-01 1.14806e-19 5.33138e-06 
7688.94 1.22333e-05 9.93080e-01 1.10804e-19 5.21043e-06 
7690.00 1.22381e-05 9.93084e-01 1.10439e-19 5.19602e-06 
7694.16 1.22341e-05 9.93098e-01 1.09010e-19 5.13000e-06 
7710.00 1.20899e-05 9.93152e-01 1.03730e-19 4.83413e-06 
7710.76 1.20860e-05 9.93154e-01 1.03483e-19 4.82161e-06 
7727.36 1.20888e-05 9.93210e-01 9.82146e-20 4.58728e-06 
7727.39 1.20888e-05 9.93210e-01 9.82063e-20 4.58690e-06 
7730.00 1.20814e-05 9.93219e-01 9.74008e-20 4.54806e-06 
7743.98 1.19579e-05 9.93266e-01 9.31935e-20 4.31512e-06 
7750.00 1.19247e-05 9.93287e-01 9.14334e-20 4.22524e-06 
7760.60 1.19722e-05 9.93322e-01 8.84099e-20 4.10755e-06 
7766.03 1.20169e-05 9.93340e-01 8.69004e-20 4.05541e-06 
7770.00 1.20428e-05 9.93353e-01 8.58090e-20 4.01521e-06 
7777.24 1.20576e-05 9.93376e-01 8.38538e-20 3.93230e-06 
7790.00 1.20228e-05 9.93415e-01 8.05099e-20 3.77090e-06 
7793.89 1.20089e-05 9.93427e-01 7.95159e-20 3.72196e-06 
7804.86 1.19657e-05 9.93460e-01 7.67743e-20 3.58585e-06 
7810.00 1.19378e-05 9.93476e-01 7.55190e-20 3.52137e-06 
7810.55 1.19344e-05 9.93477e-01 7.53866e-20 3.51444e-06 
7827.22 1.18150e-05 9.93528e-01 7.14573e-20 3.30515e-06 
7830.00 1.17989e-05 9.93536e-01 7.08203e-20 3.27242e-06 
7843.88 1.17645e-05 9.93580e-01 6.77229e-20 3.12583e-06 
7843.90 1.17645e-05 9.93580e-01 6.77191e-20 3.12566e-06 
7850.00 1.17721e-05 9.93600e-01 6.63981e-20 3.06912e-06 
7860.59 1.18064e-05 9.93635e-01 6.41638e-20 2.97860e-06 
7870.00 1.18246e-05 9.93666e-01 6.22375e-20 2.89720e-06 
7877.29 1.18100e-05 9.93690e-01 6.07834e-20 2.82871e-06 
7883.10 1.17832e-05 9.93710e-01 5.96476e-20 2.77164e-06 
7890.00 1.17416e-05 9.93733e-01 5.83245e-20 2.70302e-06 
7894.00 1.17154e-05 9.93746e-01 5.75700e-20 2.66348e-06 
7910.00 1.15796e-05 9.93796e-01 5.46455e-20 2.50405e-06 
7910.73 1.15715e-05 9.93798e-01 5.45163e-20 2.49662e-06 
7922.51 1.14290e-05 9.93830e-01 5.24567e-20 2.37633e-06 
7927.46 1.13774e-05 9.93842e-01 5.16150e-20 2.32914e-06 
7930.00 1.13565e-05 9.93847e-01 5.11876e-20 2.30635e-06 
7944.20 1.13263e-05 9.93877e-01 4.88592e-20 2.19957e-06 
7950.00 1.13520e-05 9.93890e-01 4.79385e-20 2.16464e-06 
7960.96 1.14394e-05 9.93917e-01 4.62422e-20 2.10708e-06 
7962.13 1.14493e-05 9.93920e-01 4.60651e-20 2.10114e-06 
7970.00 1.15046e-05 9.93944e-01 4.48865e-20 2.05935e-06 
7977.73 1.15235e-05 9.93970e-01 4.37577e-20 2.01287e-06 
7990.00 1.14794e-05 9.94015e-01 4.20205e-20 1.92860e-06 
7994.50 1.14436e-05 9.94032e-01 4.13995e-20 1.89529e-06 
8001.94 1.13773e-05 9.94060e-01 4.03941e-20 1.84030e-06 
8010.00 1.13220e-05 9.94089e-01 3.93299e-20 1.78495e-06 
8011.29 1.13168e-05 9.94094e-01 3.91617e-20 1.77680e-06 
8028.09 1.12922e-05 9.94150e-01 3.70387e-20 1.68044e-06 
8030.00 1.12853e-05 9.94156e-01 3.68048e-20 1.66920e-06 
8041.95 1.12071e-05 9.94190e-01 3.53713e-20 1.59550e-06 
8044.90 1.11904e-05 9.94198e-01 3.50250e-20 1.57813e-06 
8050.00 1.11777e-05 9.94210e-01 3.44355e-20 1.55081e-06 
8061.72 1.12246e-05 9.94239e-01 3.31154e-20 1.49983e-06 
8070.00 1.12321e-05 9.94261e-01 3.22131e-20 1.46147e-06 
8078.56 1.11507e-05 9.94287e-01 3.13050e-20 1.41151e-06 
8082.16 1.11044e-05 9.94300e-01 3.09302e-20 1.38946e-06 
8090.00 1.10270e-05 9.94330e-01 3.01289e-20 1.34538e-06 
8095.40 1.10180e-05 9.94353e-01 2.95889e-20 1.32109e-06 
8110.00 1.10956e-05 9.94406e-01 2.81749e-20 1.26918e-06 
8112.25 1.11067e-05 9.94412e-01 2.79625e-20 1.26122e-06 
8122.57 1.11273e-05 9.94430e-01 2.70101e-20 1.22210e-06 
8129.12 1.11159e-05 9.94430e-01 2.64216e-20 1.19522e-06 
8130.00 1.11130e-05 9.94429e-01 2.63434e-20 1.19149e-06 
8145.99 1.10410e-05 9.94411e-01 2.49619e-20 1.12387e-06 
8150.00 1.10320e-05 9.94408e-01 2.46270e-20 1.10843e-06 
8162.88 1.10304e-05 9.94419e-01 2.35794e-20 1.06281e-06 
8163.18 1.10296e-05 9.94420e-01 2.35555e-20 1.06171e-06 
8170.00 1.09844e-05 9.94445e-01 2.30190e-20 1.03416e-06 
8179.78 1.08193e-05 9.94500e-01 2.22702e-20 9.86722e-07 
8190.00 1.06580e-05 9.94570e-01 2.15128e-20 9.40186e-07 
8196.69 1.06338e-05 9.94615e-01 2.10308e-20 9.17829e-07 
8204.00 1.06576e-05 9.94660e-01 2.05160e-20 8.98203e-07 
8210.00 1.06792e-05 9.94690e-01 2.01023e-20 8.82551e-07 
8213.61 1.06812e-05 9.94705e-01 1.98576e-20 8.72367e-07 
8230.00 1.06441e-05 9.94751e-01 1.87817e-20 8.23912e-07 
8230.54 1.06438e-05 9.94752e-01 1.87473e-20 8.22436e-07 
8245.02 1.06812e-05 9.94770e-01 1.78459e-20 7.87036e-07 
8247.48 1.06924e-05 9.94772e-01 1.76967e-20 7.81514e-07 
8250.00 1.07041e-05 9.94774e-01 1.75455e-20 7.75922e-07 
8264.43 1.07569e-05 9.94782e-01 1.67028e-20 7.43603e-07 
8270.00 1.07630e-05 9.94787e-01 1.63885e-20 7.30517e-07 
8281.40 1.07378e-05 9.94801e-01 1.57627e-20 7.01953e-07 
8286.24 1.07125e-05 9.94810e-01 1.55039e-20 6.89209e-07 
8290.00 1.06874e-05 9.94819e-01 1.53059e-20 6.79127e-07 
8298.37 1.06155e-05 9.94845e-01 1.48737e-20 6.56188e-07 
8310.00 1.04833e-05 9.94899e-01 1.42931e-20 6.23631e-07 
8315.36 1.04115e-05 9.94932e-01 1.40330e-20 6.08501e-07 
