##### EXOPHOT SPECTRAL OVERLAP FILE #####
# Date: 01/12/2021 13:15:00
# SED file: SED_g2v.txt
# atmosphere file: atm_g2v_hzo_os2.txt
# photopigment file: ChlA-TD-DFT.txt
# Stellar radius (Rs in km): 6.963400e+05
# Exoplanet orbit semi-major axis (sma in km): 1.672066e+08
# Total absorption rate (gamma_t in s-1): 5.88444e+00
# B band absorption rate (gamma_B in s-1): 2.15840e+00
# Q band absorption rate (gamma_Q in s-1): 3.72604e+00
# B-Q bands cut-off (in nm): 500
# photosynthetic photon flux density [ppfd in micromol photon m-2 s-1]: 1.53467e+03
# Total Stellar Irradiance (S in W m-2): 1.07502e+03
# -------------------------------------------------
# Col 1: Wavelength (wl in Angstrom) 
# Col 2: Spectral Flux Density (F_l in J cm-2 s-1 A-1) 
# Col 3: Atmosphere transmitance (T, no units) 
# Col 4: Pigment absorption cross section (sigma_abs in cm-2) 
# Col 5: Spectral Absorption Rate (Gamma_lambda in A-1 s-1)
2305.33 7.24650e-07 2.01594e-02 0.00000e+00 0.00000e+00 
2311.24 5.67544e-07 2.06000e-02 -5.56996e-33 -7.57683e-23 
2315.00 5.19780e-07 2.08832e-02 -4.71514e-33 -5.96466e-23 
2320.85 4.90138e-07 2.13294e-02 0.00000e+00 0.00000e+00 
2322.80 4.85168e-07 2.14800e-02 1.80862e-33 2.20399e-23 
2325.00 4.78803e-07 2.16504e-02 3.62678e-33 4.40038e-23 
2334.41 3.81708e-07 2.23900e-02 3.01854e-33 3.03169e-23 
2335.00 3.69003e-07 2.24366e-02 2.25238e-33 2.19198e-23 
2336.37 3.35585e-07 2.25461e-02 0.00000e+00 0.00000e+00 
2345.00 2.18885e-07 2.32415e-02 -1.72404e-32 -1.03536e-22 
2346.09 2.41970e-07 2.33300e-02 -1.75597e-32 -1.17074e-22 
2351.91 4.53364e-07 2.38087e-02 0.00000e+00 0.00000e+00 
2355.00 5.13606e-07 2.40647e-02 2.80562e-32 4.11107e-22 
2357.82 4.76319e-07 2.43000e-02 6.98880e-32 9.60153e-22 
2365.00 2.65208e-07 2.49067e-02 2.72734e-31 2.14484e-21 
2367.46 2.62307e-07 2.51167e-02 3.82353e-31 3.00223e-21 
2369.61 2.90149e-07 2.53000e-02 5.00904e-31 4.38627e-21 
2375.00 3.60083e-07 2.57648e-02 1.02991e-30 1.14240e-20 
2381.45 2.59113e-07 2.63300e-02 2.49950e-30 2.04436e-20 
2383.02 2.26751e-07 2.64695e-02 3.05883e-30 2.20243e-20 
2385.00 1.98040e-07 2.66461e-02 3.91341e-30 2.47943e-20 
2393.36 2.47427e-07 2.74000e-02 1.13640e-29 9.28238e-20 
2395.00 2.64745e-07 2.75480e-02 1.39459e-29 1.22629e-19 
2398.60 2.84090e-07 2.78731e-02 2.14118e-29 2.04727e-19 
2405.00 2.73009e-07 2.84596e-02 4.48335e-29 4.21741e-19 
2405.33 2.71592e-07 2.84900e-02 4.66164e-29 4.36763e-19 
2414.18 3.00824e-07 2.93264e-02 1.30765e-28 1.40202e-18 
2415.00 3.18745e-07 2.94050e-02 1.43067e-28 1.63021e-18 
2417.35 3.89626e-07 2.96300e-02 1.84885e-28 2.59743e-18 
2425.00 6.37855e-07 3.03611e-02 4.37112e-28 1.03340e-17 
2429.44 6.57131e-07 3.07900e-02 7.10986e-28 1.75935e-17 
2429.77 6.55706e-07 3.08219e-02 7.36030e-28 1.81950e-17 
2435.00 6.41453e-07 3.13352e-02 1.27469e-27 3.14068e-17 
2441.59 7.51653e-07 3.19900e-02 2.58690e-27 7.64553e-17 
2445.00 8.28853e-07 3.23311e-02 3.68835e-27 1.21656e-16 
2445.37 8.36346e-07 3.23683e-02 3.82965e-27 1.27624e-16 
2453.80 9.06227e-07 3.32200e-02 8.97503e-27 3.33760e-16 
2455.00 8.96288e-07 3.33431e-02 1.01534e-26 3.75008e-16 
2460.98 7.85269e-07 3.39606e-02 1.84707e-26 6.10254e-16 
2465.00 7.13089e-07 3.43787e-02 2.71287e-26 8.25283e-16 
2466.07 7.02021e-07 3.44900e-02 3.00615e-26 9.03613e-16 
2475.00 6.07564e-07 3.54289e-02 7.12550e-26 1.91101e-15 
2476.61 5.56802e-07 3.55995e-02 8.27768e-26 2.04566e-15 
2478.40 4.87475e-07 3.57900e-02 9.75004e-26 2.12234e-15 
2485.00 2.56612e-07 3.65007e-02 1.78877e-25 2.09595e-15 
2490.79 2.79928e-07 3.71300e-02 3.03626e-25 3.95703e-15 
2492.24 3.17708e-07 3.72887e-02 3.45475e-25 5.13495e-15 
2495.00 4.13061e-07 3.75904e-02 4.39475e-25 8.57075e-15 
2503.24 6.66216e-07 3.85000e-02 9.03827e-25 2.92137e-14 
2505.00 6.52054e-07 3.86962e-02 1.05264e-24 3.34935e-14 
2507.89 5.46689e-07 3.90200e-02 1.34578e-24 3.62437e-14 
2513.00 2.95063e-07 3.95973e-02 2.05795e-24 3.04181e-14 
2515.76 2.29148e-07 3.99100e-02 2.58882e-24 2.99841e-14 
2518.00 2.08576e-07 4.01646e-02 3.11929e-24 3.31239e-14 
2523.54 2.02895e-07 4.07969e-02 4.90352e-24 5.15632e-14 
2525.00 2.11060e-07 4.09643e-02 5.50526e-24 6.05025e-14 
2528.34 2.42790e-07 4.13500e-02 7.16245e-24 9.15223e-14 
2535.00 2.93065e-07 4.21297e-02 1.21056e-23 1.90739e-13 
2539.21 2.81762e-07 4.26233e-02 1.67466e-23 2.57085e-13 
2540.98 2.86207e-07 4.28300e-02 1.91386e-23 3.00099e-13 
2545.00 3.76098e-07 4.32976e-02 2.58639e-23 5.39599e-13 
2553.68 8.74482e-07 4.43400e-02 4.92436e-23 2.45463e-12 
2554.88 9.08003e-07 4.44922e-02 5.37152e-23 2.79102e-12 
2555.00 9.10043e-07 4.45070e-02 5.41637e-23 2.82171e-12 
2565.00 7.69975e-07 4.58763e-02 1.10121e-22 5.02278e-12 
2566.45 7.98440e-07 4.60900e-02 1.21926e-22 5.79700e-12 
2570.57 9.81078e-07 4.67160e-02 1.62131e-22 9.61585e-12 
2575.00 1.16720e-06 4.74128e-02 2.18669e-22 1.56866e-11 
2579.28 1.17062e-06 4.81000e-02 2.91321e-22 2.12988e-11 
2585.00 1.03724e-06 4.90241e-02 4.24910e-22 2.81170e-11 
2586.27 1.01315e-06 4.92305e-02 4.61367e-22 2.99608e-11 
2592.18 9.44238e-07 5.02000e-02 6.72713e-22 4.16106e-11 
2595.00 9.09391e-07 5.06684e-02 8.03853e-22 4.83866e-11 
2601.98 7.66310e-07 5.18423e-02 1.24002e-21 6.45276e-11 
2605.00 7.07825e-07 5.23559e-02 1.48903e-21 7.23644e-11 
2605.14 7.05535e-07 5.23800e-02 1.50173e-21 7.27832e-11 
2615.00 6.40879e-07 5.40759e-02 2.69693e-21 1.23040e-10 
2617.70 6.49858e-07 5.45474e-02 3.15339e-21 1.47303e-10 
2618.17 6.54289e-07 5.46300e-02 3.23976e-21 1.52628e-10 
2625.00 9.41729e-07 5.58436e-02 4.77144e-21 3.31590e-10 
2631.26 1.65697e-06 5.69700e-02 6.75307e-21 8.44399e-10 
2633.43 1.90494e-06 5.73622e-02 7.60029e-21 1.10099e-09 
2635.00 2.05258e-06 5.76473e-02 8.27377e-21 1.29864e-09 
2644.41 2.71610e-06 5.93700e-02 1.36135e-20 2.92237e-09 
2645.00 2.79497e-06 5.94785e-02 1.40347e-20 3.10663e-09 
2649.17 3.52733e-06 6.02551e-02 1.73900e-20 4.92916e-09 
2655.00 4.09183e-06 6.13568e-02 2.33156e-20 7.82373e-09 
2657.64 3.78893e-06 6.18600e-02 2.65657e-20 8.33042e-09 
2664.92 2.31917e-06 6.32657e-02 3.78340e-20 7.44716e-09 
2665.00 2.30892e-06 6.32817e-02 3.79828e-20 7.44550e-09 
2670.92 2.27985e-06 6.44400e-02 5.02086e-20 9.91801e-09 
2675.00 2.73135e-06 6.52430e-02 6.06128e-20 1.45453e-08 
2680.68 3.31865e-06 6.63702e-02 7.83871e-20 2.32995e-08 
2684.28 3.37801e-06 6.70900e-02 9.19353e-20 2.81548e-08 
2685.00 3.34148e-06 6.72347e-02 9.48907e-20 2.88153e-08 
2695.00 2.23054e-06 6.92636e-02 1.45765e-19 3.05527e-08 
2696.45 2.24711e-06 6.95623e-02 1.54895e-19 3.28663e-08 
2697.70 2.31925e-06 6.98200e-02 1.63143e-19 3.58768e-08 
2705.00 2.91845e-06 7.13434e-02 2.19698e-19 6.22907e-08 
2711.19 2.44027e-06 7.26500e-02 2.80678e-19 6.79149e-08 
2712.24 2.29459e-06 7.28717e-02 2.92339e-19 6.67423e-08 
2715.00 1.90804e-06 7.34586e-02 3.25211e-19 6.23002e-08 
2724.74 1.30758e-06 7.55500e-02 4.68408e-19 6.34709e-08 
2725.00 1.31474e-06 7.56055e-02 4.72801e-19 6.44708e-08 
2728.03 1.48214e-06 7.62669e-02 5.27721e-19 8.19222e-08 
2735.00 1.79281e-06 7.78079e-02 6.75387e-19 1.29715e-07 
2738.37 1.55533e-06 7.85600e-02 7.58652e-19 1.27786e-07 
2743.83 9.87592e-07 7.97882e-02 9.12391e-19 9.93067e-08 
2745.00 9.18283e-07 8.00518e-02 9.48411e-19 9.63407e-08 
2752.06 1.14738e-06 8.16600e-02 1.19304e-18 1.54865e-07 
2755.00 1.38716e-06 8.23368e-02 1.30947e-18 2.07425e-07 
2759.65 1.70111e-06 8.34154e-02 1.51283e-18 2.98227e-07 
2765.00 1.95785e-06 8.46672e-02 1.77848e-18 4.10357e-07 
2765.82 1.98976e-06 8.48600e-02 1.82240e-18 4.28446e-07 
2775.00 1.99214e-06 8.70302e-02 2.37675e-18 5.75651e-07 
2775.47 1.96293e-06 8.71433e-02 2.40876e-18 5.75695e-07 
2779.65 1.58408e-06 8.81400e-02 2.70517e-18 5.28517e-07 
2785.00 1.00093e-06 8.94268e-02 3.12645e-18 3.92349e-07 
2791.31 5.52027e-07 9.09614e-02 3.68751e-18 2.60185e-07 
2793.55 4.58287e-07 9.15100e-02 3.90386e-18 2.30239e-07 
2795.00 4.11472e-07 9.18677e-02 4.04946e-18 2.15380e-07 
2805.00 5.19314e-07 9.43581e-02 5.16600e-18 3.57453e-07 
2807.16 6.98136e-07 9.49004e-02 5.43429e-18 5.08793e-07 
2807.52 7.33258e-07 9.49900e-02 5.47950e-18 5.39413e-07 
2815.00 1.69227e-06 9.68796e-02 6.49352e-18 1.50864e-06 
2821.55 2.52434e-06 9.85500e-02 7.48399e-18 2.64454e-06 
2823.02 2.65333e-06 9.89259e-02 7.71876e-18 2.87929e-06 
2825.00 2.77239e-06 9.94361e-02 8.04436e-18 3.15378e-06 
2835.00 2.41298e-06 1.02037e-01 9.82527e-18 3.45247e-06 
2835.66 2.35048e-06 1.02210e-01 9.95110e-18 3.41270e-06 
2838.89 2.00931e-06 1.03059e-01 1.05796e-17 3.13091e-06 
2845.00 1.27648e-06 1.04681e-01 1.18351e-17 2.26495e-06 
2849.84 7.57552e-07 1.05980e-01 1.28872e-17 1.48436e-06 
2854.77 5.93824e-07 1.07317e-01 1.40095e-17 1.28305e-06 
2855.00 6.00929e-07 1.07381e-01 1.40637e-17 1.30430e-06 
2864.09 1.79595e-06 1.09870e-01 1.62637e-17 4.62704e-06 
2865.00 1.97147e-06 1.10120e-01 1.64926e-17 5.16410e-06 
2870.66 2.99121e-06 1.11675e-01 1.79448e-17 8.66261e-06 
2875.00 3.40111e-06 1.12874e-01 1.90927e-17 1.06082e-05 
2878.41 3.34485e-06 1.13820e-01 2.00118e-17 1.10397e-05 
2885.00 3.03790e-06 1.15667e-01 2.18263e-17 1.11386e-05 
2886.56 3.07887e-06 1.16107e-01 2.22619e-17 1.15642e-05 
2892.80 3.71871e-06 1.17880e-01 2.40226e-17 1.53354e-05 
2895.00 4.02544e-06 1.18509e-01 2.46481e-17 1.71364e-05 
2902.47 4.94726e-06 1.20660e-01 2.67832e-17 2.33605e-05 
2907.27 5.34266e-06 1.22050e-01 2.81526e-17 2.68672e-05 
2910.00 5.46886e-06 1.22846e-01 2.89312e-17 2.84736e-05 
2918.40 5.39415e-06 1.25305e-01 3.12938e-17 3.10755e-05 
2921.80 5.23653e-06 1.26310e-01 3.22347e-17 3.13602e-05 
2930.00 4.80888e-06 1.28750e-01 3.44414e-17 3.14531e-05 
2934.33 4.65755e-06 1.30057e-01 3.55658e-17 3.18240e-05 
2936.41 4.60936e-06 1.30690e-01 3.60941e-17 3.21410e-05 
2950.00 4.57106e-06 1.34883e-01 3.93265e-17 3.60086e-05 
2950.28 4.57360e-06 1.34968e-01 3.93876e-17 3.61106e-05 
2951.09 4.58156e-06 1.35220e-01 3.95680e-17 3.64170e-05 
2965.85 4.76986e-06 1.39740e-01 4.25243e-17 4.23190e-05 
2966.23 4.77418e-06 1.39858e-01 4.25931e-17 4.24672e-05 
2970.00 4.80971e-06 1.41020e-01 4.32476e-17 4.38572e-05 
2980.68 4.83004e-06 1.44360e-01 4.48788e-17 4.69545e-05 
2982.20 4.82473e-06 1.44843e-01 4.50842e-17 4.72992e-05 
2990.00 4.77466e-06 1.47347e-01 4.60326e-17 4.87465e-05 
2995.58 4.72600e-06 1.49170e-01 4.66061e-17 4.95476e-05 
2998.18 4.70672e-06 1.50027e-01 4.68440e-17 4.99253e-05 
3010.00 4.73536e-06 1.53946e-01 4.77097e-17 5.27010e-05 
3010.56 4.74414e-06 1.54130e-01 4.77424e-17 5.29077e-05 
3014.16 4.81848e-06 1.55310e-01 4.79365e-17 5.44335e-05 
3025.61 5.14132e-06 1.59040e-01 4.83802e-17 6.02538e-05 
3030.00 5.24246e-06 1.60489e-01 4.84907e-17 6.22307e-05 
3030.16 5.24550e-06 1.60544e-01 4.84943e-17 6.22960e-05 
3040.74 5.35393e-06 1.64090e-01 4.86548e-17 6.54309e-05 
3046.18 5.39818e-06 1.65933e-01 4.86948e-17 6.68868e-05 
3050.00 5.45207e-06 1.67232e-01 4.87112e-17 6.81922e-05 
3055.94 5.58617e-06 1.69250e-01 4.87243e-17 7.08691e-05 
3062.20 5.72816e-06 1.71366e-01 4.87308e-17 7.37395e-05 
3070.00 5.76852e-06 1.74020e-01 4.87436e-17 7.56212e-05 
3071.22 5.75078e-06 1.74440e-01 4.87471e-17 7.56059e-05 
3078.23 5.55621e-06 1.76869e-01 4.87801e-17 7.42844e-05 
3086.58 5.34547e-06 1.79800e-01 4.88588e-17 7.29657e-05 
3090.00 5.34673e-06 1.81006e-01 4.89062e-17 7.36251e-05 
3094.27 5.45871e-06 1.82513e-01 4.89794e-17 7.60116e-05 
3102.01 5.83509e-06 1.85250e-01 4.91548e-17 8.29732e-05 
3110.00 6.15955e-06 1.88083e-01 4.93954e-17 8.95921e-05 
3110.33 6.16627e-06 1.88200e-01 4.94066e-17 8.97752e-05 
3117.52 6.16099e-06 1.90760e-01 4.96778e-17 9.16290e-05 
3126.39 5.90092e-06 1.93932e-01 5.00747e-17 9.01890e-05 
3130.00 5.77170e-06 1.95228e-01 5.02540e-17 8.92245e-05 
3133.11 5.66922e-06 1.96350e-01 5.04158e-17 8.85157e-05 
3142.47 5.47615e-06 1.99749e-01 5.09367e-17 8.81426e-05 
3148.77 5.50121e-06 2.02050e-01 5.13087e-17 9.04009e-05 
3150.00 5.52539e-06 2.02497e-01 5.13823e-17 9.11652e-05 
3158.56 5.82367e-06 2.05625e-01 5.19017e-17 9.88246e-05 
3164.52 6.01891e-06 2.07810e-01 5.22629e-17 1.04138e-04 
3170.00 6.05290e-06 2.09827e-01 5.25889e-17 1.06586e-04 
3174.66 5.91610e-06 2.11545e-01 5.28580e-17 1.05723e-04 
3180.34 5.63972e-06 2.13650e-01 5.31731e-17 1.02577e-04 
3190.00 5.34937e-06 2.17239e-01 5.36646e-17 1.00148e-04 
3190.77 5.35557e-06 2.17525e-01 5.37009e-17 1.00488e-04 
3196.24 5.52697e-06 2.19570e-01 5.39472e-17 1.05340e-04 
3206.89 5.94657e-06 2.23562e-01 5.43589e-17 1.16665e-04 
3210.00 5.93438e-06 2.24733e-01 5.44622e-17 1.17372e-04 
3212.22 5.85693e-06 2.25570e-01 5.45314e-17 1.16500e-04 
3223.02 5.09942e-06 2.29638e-01 5.48182e-17 1.04154e-04 
3228.29 4.86945e-06 2.31630e-01 5.49328e-17 1.00694e-04 
3230.00 4.86517e-06 2.32280e-01 5.49675e-17 1.01005e-04 
3239.16 5.49354e-06 2.35764e-01 5.51395e-17 1.16452e-04 
3244.43 6.14168e-06 2.37770e-01 5.52360e-17 1.31743e-04 
3250.00 6.84092e-06 2.39893e-01 5.53459e-17 1.48602e-04 
3255.32 7.38190e-06 2.41920e-01 5.54666e-17 1.62326e-04 
3260.65 7.77754e-06 2.43960e-01 5.56122e-17 1.73204e-04 
3270.00 8.13357e-06 2.47552e-01 5.59583e-17 1.85474e-04 
3271.48 8.15236e-06 2.48122e-01 5.60267e-17 1.86643e-04 
3276.95 8.14689e-06 2.50230e-01 5.63202e-17 1.89404e-04 
3287.66 7.91379e-06 2.54356e-01 5.71212e-17 1.90297e-04 
3290.00 7.84544e-06 2.55260e-01 5.73447e-17 1.90201e-04 
3293.34 7.74858e-06 2.56550e-01 5.76975e-17 1.90156e-04 
3303.84 7.48714e-06 2.60624e-01 5.91089e-17 1.91834e-04 
3309.80 7.39855e-06 2.62940e-01 6.01429e-17 1.94945e-04 
3310.00 7.39668e-06 2.63016e-01 6.01801e-17 1.95085e-04 
3320.04 7.38911e-06 2.66922e-01 6.23828e-17 2.05640e-04 
3326.35 7.45340e-06 2.69380e-01 6.40921e-17 2.15484e-04 
3330.00 7.50665e-06 2.70803e-01 6.52053e-17 2.22203e-04 
3336.25 7.59611e-06 2.73245e-01 6.73418e-17 2.34752e-04 
3342.98 7.57564e-06 2.75880e-01 6.99859e-17 2.46154e-04 
3350.00 7.26242e-06 2.78631e-01 7.31443e-17 2.49609e-04 
3352.47 7.05318e-06 2.79602e-01 7.43604e-17 2.47489e-04 
3359.70 6.27702e-06 2.82440e-01 7.82351e-17 2.34588e-04 
3368.70 5.51304e-06 2.85977e-01 8.37570e-17 2.23939e-04 
3370.00 5.46843e-06 2.86486e-01 8.46168e-17 2.24893e-04 
3376.50 5.55786e-06 2.89040e-01 8.91834e-17 2.43522e-04 
3384.95 6.09370e-06 2.92367e-01 9.57648e-17 2.90730e-04 
3390.00 6.39330e-06 2.94358e-01 1.00053e-16 3.21332e-04 
3393.38 6.50817e-06 2.95690e-01 1.03070e-16 3.38832e-04 
3401.20 6.56322e-06 2.98774e-01 1.10506e-16 3.71023e-04 
3410.00 6.52699e-06 3.02243e-01 1.19623e-16 4.05101e-04 
3410.35 6.52809e-06 3.02380e-01 1.19999e-16 4.06668e-04 
3417.47 6.61746e-06 3.05189e-01 1.27973e-16 4.44635e-04 
3427.40 6.85021e-06 3.09110e-01 1.39913e-16 5.11166e-04 
3430.00 6.90927e-06 3.10138e-01 1.43191e-16 5.29809e-04 
3433.74 6.98157e-06 3.11619e-01 1.48015e-16 5.56638e-04 
3444.54 7.12424e-06 3.15890e-01 1.62576e-16 6.34433e-04 
3450.00 7.17633e-06 3.18053e-01 1.70293e-16 6.75055e-04 
3450.03 7.17662e-06 3.18065e-01 1.70339e-16 6.75300e-04 
3461.76 7.30368e-06 3.22690e-01 1.87578e-16 7.70425e-04 
3466.33 7.38063e-06 3.24482e-01 1.94518e-16 8.12898e-04 
3470.00 7.46175e-06 3.25916e-01 2.00159e-16 8.50305e-04 
3479.07 7.74559e-06 3.29460e-01 2.14342e-16 9.57966e-04 
3482.64 7.88341e-06 3.30861e-01 2.20008e-16 1.00607e-03 
3490.00 8.19614e-06 3.33753e-01 2.31764e-16 1.11386e-03 
3496.46 8.47044e-06 3.36300e-01 2.42153e-16 1.21415e-03 
3498.96 8.55601e-06 3.37287e-01 2.46179e-16 1.25137e-03 
3510.00 8.58666e-06 3.41643e-01 2.63908e-16 1.36798e-03 
3513.95 8.40408e-06 3.43200e-01 2.70203e-16 1.37862e-03 
3515.30 8.32547e-06 3.43733e-01 2.72351e-16 1.37925e-03 
3530.00 7.86410e-06 3.49524e-01 2.95326e-16 1.44253e-03 
3531.51 7.94016e-06 3.50120e-01 2.97641e-16 1.47104e-03 
3531.64 7.94789e-06 3.50170e-01 2.97834e-16 1.47368e-03 
3548.00 9.22417e-06 3.56598e-01 3.21969e-16 1.89159e-03 
3549.17 9.22241e-06 3.57060e-01 3.23635e-16 1.90411e-03 
3550.00 9.20407e-06 3.57385e-01 3.24802e-16 1.90936e-03 
3564.36 7.37715e-06 3.63020e-01 3.44173e-16 1.65387e-03 
3566.92 6.99384e-06 3.64020e-01 3.47430e-16 1.58827e-03 
3570.00 6.61742e-06 3.65226e-01 3.51278e-16 1.52578e-03 
3580.74 6.26545e-06 3.69424e-01 3.63967e-16 1.51857e-03 
3584.75 6.40613e-06 3.70990e-01 3.68402e-16 1.58002e-03 
3590.00 6.69546e-06 3.73038e-01 3.73947e-16 1.68796e-03 
3597.13 7.13533e-06 3.75820e-01 3.81005e-16 1.85014e-03 
3602.68 7.45603e-06 3.77980e-01 3.86103e-16 1.97346e-03 
3610.00 7.78364e-06 3.80826e-01 3.92310e-16 2.11334e-03 
3613.53 7.88247e-06 3.82197e-01 3.95088e-16 2.16520e-03 
3620.69 7.96789e-06 3.84970e-01 4.00287e-16 2.23798e-03 
3629.94 7.90127e-06 3.88551e-01 4.06167e-16 2.27862e-03 
3630.00 7.90042e-06 3.88572e-01 4.06199e-16 2.27872e-03 
3638.79 7.94315e-06 3.91970e-01 4.10917e-16 2.34358e-03 
3640.00 8.01880e-06 3.92436e-01 4.11500e-16 2.37287e-03 
3646.37 8.74280e-06 3.94893e-01 4.14331e-16 2.62579e-03 
3650.00 9.18777e-06 3.96292e-01 4.15761e-16 2.78154e-03 
3656.99 9.64778e-06 3.98980e-01 4.18150e-16 2.96318e-03 
3662.80 9.68817e-06 4.01211e-01 4.19790e-16 3.00874e-03 
3670.00 9.48084e-06 4.03966e-01 4.21403e-16 2.98180e-03 
3675.27 9.25832e-06 4.05980e-01 4.22310e-16 2.93684e-03 
3679.25 9.10301e-06 4.07498e-01 4.22848e-16 2.90521e-03 
3690.00 9.00310e-06 4.11592e-01 4.23719e-16 2.91667e-03 
3693.65 9.14164e-06 4.12980e-01 4.23836e-16 2.97530e-03 
3695.71 9.24471e-06 4.13763e-01 4.23865e-16 3.01643e-03 
3710.00 9.43462e-06 4.19180e-01 4.23394e-16 3.12728e-03 
3712.12 9.24953e-06 4.19980e-01 4.23234e-16 3.07237e-03 
3712.18 9.24326e-06 4.20003e-01 4.23229e-16 3.07047e-03 
3728.66 6.94044e-06 4.26202e-01 4.21315e-16 2.33930e-03 
3730.00 6.82783e-06 4.26706e-01 4.21114e-16 2.30379e-03 
3730.68 6.78260e-06 4.26960e-01 4.21010e-16 2.28974e-03 
3745.15 7.23100e-06 4.32379e-01 4.18461e-16 2.46666e-03 
3749.33 7.64028e-06 4.33940e-01 4.17623e-16 2.61337e-03 
3750.00 7.70813e-06 4.34190e-01 4.17486e-16 2.63769e-03 
3761.65 8.80164e-06 4.38528e-01 4.14943e-16 3.03285e-03 
3768.08 9.22842e-06 4.40910e-01 4.13440e-16 3.19104e-03 
3770.00 9.31646e-06 4.41622e-01 4.12978e-16 3.22472e-03 
3778.17 9.49547e-06 4.44639e-01 4.10957e-16 3.30009e-03 
3786.92 9.57404e-06 4.47860e-01 4.08700e-16 3.34081e-03 
3790.00 9.63778e-06 4.48992e-01 4.07884e-16 3.36755e-03 
3794.70 9.79211e-06 4.50713e-01 4.06619e-16 3.42818e-03 
3805.85 9.76639e-06 4.54790e-01 4.03512e-16 3.43381e-03 
3810.00 9.33701e-06 4.56301e-01 4.02318e-16 3.28758e-03 
3811.23 9.14255e-06 4.56749e-01 4.01959e-16 3.22044e-03 
3824.88 6.22248e-06 4.61700e-01 3.97846e-16 2.20079e-03 
3827.78 5.79674e-06 4.62749e-01 3.96935e-16 2.05173e-03 
3830.00 5.61137e-06 4.63550e-01 3.96230e-16 1.98717e-03 
3844.01 6.83022e-06 4.68590e-01 3.91564e-16 2.42515e-03 
3844.34 6.87916e-06 4.68711e-01 3.91447e-16 2.44264e-03 
3850.00 7.55976e-06 4.70736e-01 3.89442e-16 2.68604e-03 
3860.92 7.69059e-06 4.74628e-01 3.85351e-16 2.73391e-03 
3863.23 7.60392e-06 4.75450e-01 3.84445e-16 2.70302e-03 
3870.00 7.37930e-06 4.77856e-01 3.81696e-16 2.62219e-03 
3877.50 7.47321e-06 4.80512e-01 3.78486e-16 2.65300e-03 
3882.54 7.79455e-06 4.82290e-01 3.76223e-16 2.76429e-03 
3890.00 8.67411e-06 4.84910e-01 3.72709e-16 3.06993e-03 
3894.10 9.34327e-06 4.86346e-01 3.70690e-16 3.30207e-03 
3901.96 1.04368e-05 4.89100e-01 3.66633e-16 3.67622e-03 
3910.00 1.02425e-05 4.91918e-01 3.62219e-16 3.59229e-03 
3910.70 1.01206e-05 4.92164e-01 3.61819e-16 3.54803e-03 
3921.46 6.97136e-06 4.95880e-01 3.55447e-16 2.42572e-03 
3927.32 5.59054e-06 4.97858e-01 3.51763e-16 1.93566e-03 
3930.00 5.38993e-06 4.98754e-01 3.50028e-16 1.86161e-03 
3941.07 7.50500e-06 5.02460e-01 3.42506e-16 2.56246e-03 
3943.95 8.26550e-06 5.03434e-01 3.40457e-16 2.81274e-03 
3950.00 9.17055e-06 5.05495e-01 3.36034e-16 3.09753e-03 
3960.59 7.53843e-06 5.09118e-01 3.27887e-16 2.50903e-03 
3960.78 7.49641e-06 5.09180e-01 3.27742e-16 2.49437e-03 
3970.00 6.32821e-06 5.12304e-01 3.20241e-16 2.07491e-03 
3977.25 7.88322e-06 5.14742e-01 3.14093e-16 2.55186e-03 
3980.58 9.10346e-06 5.15860e-01 3.11194e-16 2.92846e-03 
3990.00 1.24601e-05 5.19015e-01 3.02767e-16 3.93283e-03 
3993.91 1.32245e-05 5.20322e-01 2.99168e-16 4.13894e-03 
4000.48 1.36376e-05 5.22510e-01 2.93004e-16 4.20477e-03 
4010.00 1.33341e-05 5.25660e-01 2.83829e-16 4.01599e-03 
4010.59 1.33135e-05 5.25855e-01 2.83251e-16 4.00371e-03 
4020.49 1.31797e-05 5.29110e-01 2.73414e-16 3.85897e-03 
4027.28 1.31906e-05 5.31334e-01 2.66520e-16 3.78701e-03 
4030.00 1.31859e-05 5.32223e-01 2.63730e-16 3.75485e-03 
4040.59 1.30159e-05 5.35670e-01 2.52739e-16 3.58436e-03 
4043.98 1.29109e-05 5.36770e-01 2.49182e-16 3.51555e-03 
4050.00 1.26673e-05 5.38717e-01 2.42828e-16 3.37847e-03 
4060.69 1.22015e-05 5.42158e-01 2.31461e-16 3.12996e-03 
4060.79 1.21987e-05 5.42190e-01 2.31353e-16 3.12806e-03 
4070.00 1.22725e-05 5.45132e-01 2.21515e-16 3.03637e-03 
4077.41 1.29051e-05 5.47491e-01 2.13588e-16 3.09758e-03 
4081.10 1.33038e-05 5.48660e-01 2.09659e-16 3.14407e-03 
4090.00 1.40342e-05 5.51480e-01 2.00186e-16 3.19006e-03 
4094.15 1.40995e-05 5.52790e-01 1.95794e-16 3.14520e-03 
4101.50 1.38766e-05 5.55100e-01 1.88062e-16 2.99104e-03 
4110.00 1.35201e-05 5.57750e-01 1.79220e-16 2.79621e-03 
4110.90 1.34991e-05 5.58029e-01 1.78294e-16 2.77945e-03 
4122.01 1.35350e-05 5.61470e-01 1.66948e-16 2.63268e-03 
4127.66 1.36293e-05 5.63213e-01 1.61285e-16 2.57256e-03 
4130.00 1.36549e-05 5.63936e-01 1.58956e-16 2.54489e-03 
4142.62 1.36093e-05 5.67810e-01 1.46664e-16 2.36353e-03 
4144.43 1.35985e-05 5.68362e-01 1.44940e-16 2.33719e-03 
4150.00 1.36006e-05 5.70059e-01 1.39683e-16 2.26252e-03 
4161.21 1.37680e-05 5.73450e-01 1.29403e-16 2.14020e-03 
4163.33 1.37909e-05 5.74090e-01 1.27501e-16 2.11568e-03 
4170.00 1.37568e-05 5.76094e-01 1.21629e-16 2.02352e-03 
4178.00 1.34497e-05 5.78489e-01 1.14786e-16 1.87841e-03 
4184.15 1.31629e-05 5.80320e-01 1.09686e-16 1.76482e-03 
4190.00 1.29994e-05 5.82057e-01 1.04960e-16 1.67513e-03 
4194.81 1.30130e-05 5.83479e-01 1.01172e-16 1.62217e-03 
4205.07 1.32329e-05 5.86500e-01 9.33794e-17 1.53416e-03 
4210.00 1.32622e-05 5.87945e-01 8.97786e-17 1.48364e-03 
4211.63 1.32417e-05 5.88420e-01 8.86121e-17 1.46385e-03 
4226.10 1.27396e-05 5.92630e-01 7.86755e-17 1.26370e-03 
4228.45 1.26823e-05 5.93312e-01 7.71316e-17 1.23543e-03 
4230.00 1.26605e-05 5.93758e-01 7.61320e-17 1.21869e-03 
4245.30 1.28720e-05 5.98149e-01 6.67303e-17 1.09802e-03 
4247.23 1.28867e-05 5.98700e-01 6.56069e-17 1.08226e-03 
4250.00 1.28748e-05 5.99491e-01 6.40163e-17 1.05712e-03 
4262.15 1.23832e-05 6.02940e-01 5.73866e-17 9.19323e-04 
4268.46 1.20534e-05 6.04720e-01 5.41529e-17 8.48167e-04 
4270.00 1.19869e-05 6.05153e-01 5.33864e-17 8.32439e-04 
4279.01 1.16853e-05 6.07677e-01 4.90619e-17 7.50451e-04 
4289.80 1.09258e-05 6.10680e-01 4.42488e-17 6.37572e-04 
4290.00 1.09023e-05 6.10734e-01 4.41649e-17 6.35078e-04 
4295.89 1.00560e-05 6.12366e-01 4.17035e-17 5.55376e-04 
4310.00 9.08591e-06 6.16248e-01 3.62512e-17 4.40399e-04 
4311.25 9.22439e-06 6.16590e-01 3.57963e-17 4.41875e-04 
4312.78 9.45417e-06 6.17006e-01 3.52489e-17 4.46416e-04 
4329.68 1.32102e-05 6.21586e-01 2.96288e-17 5.30279e-04 
4330.00 1.32475e-05 6.21673e-01 2.95295e-17 5.30106e-04 
4332.81 1.34454e-05 6.22430e-01 2.86739e-17 5.23411e-04 
4346.59 1.27294e-05 6.26129e-01 2.47701e-17 4.31987e-04 
4350.00 1.26163e-05 6.27039e-01 2.38766e-17 4.13631e-04 
4354.47 1.27640e-05 6.28230e-01 2.27458e-17 3.99820e-04 
4363.51 1.35711e-05 6.30622e-01 2.05987e-17 3.87241e-04 
4370.00 1.39360e-05 6.32326e-01 1.91675e-17 3.71577e-04 
4376.25 1.37155e-05 6.33960e-01 1.78708e-17 3.42329e-04 
4380.45 1.33641e-05 6.35056e-01 1.70411e-17 3.18928e-04 
4390.00 1.26563e-05 6.37533e-01 1.52800e-17 2.72471e-04 
4397.40 1.27355e-05 6.39442e-01 1.40268e-17 2.52869e-04 
4398.13 1.27716e-05 6.39630e-01 1.39084e-17 2.51562e-04 
4410.00 1.36749e-05 6.42675e-01 1.20989e-17 2.36061e-04 
4414.36 1.40035e-05 6.43787e-01 1.14887e-17 2.30167e-04 
4420.12 1.43490e-05 6.45250e-01 1.07244e-17 2.20942e-04 
4430.00 1.46331e-05 6.47744e-01 9.51760e-18 2.01185e-04 
4431.33 1.46358e-05 6.48078e-01 9.36478e-18 1.98153e-04 
4442.22 1.44872e-05 6.50800e-01 8.19421e-18 1.72767e-04 
4448.31 1.44551e-05 6.52314e-01 7.59792e-18 1.60432e-04 
4450.00 1.44765e-05 6.52732e-01 7.44005e-18 1.57491e-04 
4464.43 1.50812e-05 6.56300e-01 6.20561e-18 1.38042e-04 
4465.31 1.51182e-05 6.56517e-01 6.13669e-18 1.36916e-04 
4470.00 1.52589e-05 6.57675e-01 5.78111e-18 1.30550e-04 
4482.32 1.52401e-05 6.60676e-01 4.93512e-18 1.12125e-04 
4486.75 1.52995e-05 6.61730e-01 4.65951e-18 1.06550e-04 
4490.00 1.54367e-05 6.62490e-01 4.46666e-18 1.03249e-04 
4499.34 1.62545e-05 6.64639e-01 3.95269e-18 9.67218e-05 
4509.19 1.68828e-05 6.66900e-01 3.47047e-18 8.86979e-05 
4510.00 1.68840e-05 6.67089e-01 3.43313e-18 8.77909e-05 
4516.37 1.65689e-05 6.68580e-01 3.15402e-18 7.94369e-05 
4530.00 1.53063e-05 6.71802e-01 2.62676e-18 6.15962e-05 
4531.73 1.52254e-05 6.72210e-01 2.56613e-18 5.99156e-05 
4533.41 1.51781e-05 6.72605e-01 2.50850e-18 5.84441e-05 
4550.00 1.58111e-05 6.76460e-01 2.00272e-18 4.90637e-05 
4550.47 1.58445e-05 6.76568e-01 1.98998e-18 4.88672e-05 
4554.39 1.61247e-05 6.77470e-01 1.88635e-18 4.72453e-05 
4567.54 1.67463e-05 6.80481e-01 1.57625e-18 4.13017e-05 
4570.00 1.67449e-05 6.81043e-01 1.52406e-18 3.99850e-05 
4577.16 1.64808e-05 6.82670e-01 1.38207e-18 3.58292e-05 
4584.62 1.60498e-05 6.84354e-01 1.24866e-18 3.16534e-05 
4590.00 1.58404e-05 6.85565e-01 1.16071e-18 2.91256e-05 
4600.05 1.59356e-05 6.87810e-01 1.01389e-18 2.57345e-05 
4601.71 1.59855e-05 6.88179e-01 9.91655e-19 2.52714e-05 
4610.00 1.61994e-05 6.90015e-01 8.88528e-19 2.30491e-05 
4618.81 1.61703e-05 6.91953e-01 7.92430e-19 2.06163e-05 
4623.05 1.60946e-05 6.92880e-01 7.50774e-19 1.94849e-05 
4630.00 1.59751e-05 6.94395e-01 6.88321e-19 1.77969e-05 
4635.93 1.59407e-05 6.95681e-01 6.40507e-19 1.65768e-05 
4646.16 1.60330e-05 6.97890e-01 5.68719e-19 1.48839e-05 
4650.00 1.61066e-05 6.98715e-01 5.45068e-19 1.43592e-05 
4653.06 1.61763e-05 6.99371e-01 5.27423e-19 1.39768e-05 
4669.39 1.65060e-05 7.02850e-01 4.49575e-19 1.22600e-05 
4670.00 1.65106e-05 7.02978e-01 4.47184e-19 1.22020e-05 
4670.20 1.65119e-05 7.03020e-01 4.46415e-19 1.21832e-05 
4687.35 1.62737e-05 7.06610e-01 3.92159e-19 1.06409e-05 
4690.00 1.61808e-05 7.07161e-01 3.85883e-19 1.04249e-05 
4692.74 1.60722e-05 7.07730e-01 3.79948e-19 1.02098e-05 
4704.51 1.56414e-05 7.10163e-01 3.60530e-19 9.48448e-06 
4710.00 1.55875e-05 7.11291e-01 3.54659e-19 9.32349e-06 
4716.20 1.57182e-05 7.12560e-01 3.50308e-19 9.31520e-06 
4721.69 1.59413e-05 7.13676e-01 3.48402e-19 9.42162e-06 
4730.00 1.62921e-05 7.15356e-01 3.48819e-19 9.68017e-06 
4738.88 1.64871e-05 7.17139e-01 3.53472e-19 9.97014e-06 
4739.79 1.64971e-05 7.17320e-01 3.54183e-19 1.00007e-05 
4750.00 1.65432e-05 7.19356e-01 3.65117e-19 1.03899e-05 
4756.08 1.65518e-05 7.20561e-01 3.74113e-19 1.06830e-05 
4763.48 1.65585e-05 7.22020e-01 3.87496e-19 1.11093e-05 
4770.00 1.65593e-05 7.23298e-01 4.01436e-19 1.15456e-05 
4773.29 1.65570e-05 7.23941e-01 4.09241e-19 1.17871e-05 
4787.30 1.64970e-05 7.26660e-01 4.48032e-19 1.29437e-05 
4790.00 1.64703e-05 7.27181e-01 4.56535e-19 1.31849e-05 
4790.52 1.64644e-05 7.27281e-01 4.58210e-19 1.32318e-05 
4807.76 1.62913e-05 7.30580e-01 5.20716e-19 1.50000e-05 
4810.00 1.62974e-05 7.31005e-01 5.29835e-19 1.52844e-05 
4811.24 1.63060e-05 7.31240e-01 5.34967e-19 1.54495e-05 
4825.01 1.64960e-05 7.33831e-01 5.96718e-19 1.75454e-05 
4830.00 1.65117e-05 7.34764e-01 6.21240e-19 1.83261e-05 
4835.29 1.64351e-05 7.35750e-01 6.48492e-19 1.90877e-05 
4842.27 1.61505e-05 7.37044e-01 6.86370e-19 1.99163e-05 
4850.00 1.55442e-05 7.38471e-01 7.30990e-19 2.04870e-05 
4859.47 1.44861e-05 7.40210e-01 7.89486e-19 2.07092e-05 
4859.54 1.44784e-05 7.40223e-01 7.89956e-19 2.07112e-05 
4870.00 1.38837e-05 7.42128e-01 8.59534e-19 2.17119e-05 
4876.83 1.42983e-05 7.43363e-01 9.07843e-19 2.36896e-05 
4883.77 1.50783e-05 7.44610e-01 9.59235e-19 2.64779e-05 
4890.00 1.56950e-05 7.45723e-01 1.00743e-18 2.90258e-05 
4894.13 1.59070e-05 7.46457e-01 1.04043e-18 3.04372e-05 
4908.19 1.57535e-05 7.48940e-01 1.15918e-18 3.37926e-05 
4910.00 1.56929e-05 7.49259e-01 1.17523e-18 3.41556e-05 
4911.44 1.56460e-05 7.49512e-01 1.18811e-18 3.44484e-05 
4928.77 1.53574e-05 7.52535e-01 1.35123e-18 3.87466e-05 
4930.00 1.53675e-05 7.52748e-01 1.36344e-18 3.91434e-05 
4932.73 1.54083e-05 7.53220e-01 1.39072e-18 4.00799e-05 
4946.10 1.58273e-05 7.55514e-01 1.53005e-18 4.55554e-05 
4950.00 1.59603e-05 7.56178e-01 1.57242e-18 4.72893e-05 
4957.39 1.61455e-05 7.57430e-01 1.65496e-18 5.05078e-05 
4963.45 1.61952e-05 7.58451e-01 1.72474e-18 5.29353e-05 
4970.00 1.61048e-05 7.59550e-01 1.80235e-18 5.51608e-05 
4980.81 1.56094e-05 7.61353e-01 1.93534e-18 5.76703e-05 
4982.18 1.55274e-05 7.61580e-01 1.95260e-18 5.79122e-05 
4990.00 1.50418e-05 7.62875e-01 2.05315e-18 5.91831e-05 
4998.18 1.46079e-05 7.64223e-01 2.16172e-18 6.07215e-05 
5007.09 1.43981e-05 7.65680e-01 2.28373e-18 6.34609e-05 
5010.00 1.44209e-05 7.66154e-01 2.32447e-18 6.47728e-05 
5015.57 1.46015e-05 7.67057e-01 2.40360e-18 6.79722e-05 
5030.00 1.52387e-05 7.69380e-01 2.61567e-18 7.76538e-05 
5032.12 1.52713e-05 7.69720e-01 2.64774e-18 7.88420e-05 
5032.97 1.52776e-05 7.69855e-01 2.66051e-18 7.92826e-05 
5050.00 1.52135e-05 7.72560e-01 2.92578e-18 8.74214e-05 
5050.38 1.52199e-05 7.72619e-01 2.93181e-18 8.76515e-05 
5057.29 1.54361e-05 7.73700e-01 3.04320e-18 9.25296e-05 
5067.80 1.57772e-05 7.75321e-01 3.21664e-18 1.00382e-04 
5070.00 1.57907e-05 7.75656e-01 3.25349e-18 1.01707e-04 
5082.57 1.54118e-05 7.77540e-01 3.46780e-18 1.06326e-04 
5085.24 1.53079e-05 7.77932e-01 3.51398e-18 1.07125e-04 
5090.00 1.51807e-05 7.78629e-01 3.59721e-18 1.08950e-04 
5102.68 1.53033e-05 7.80474e-01 3.82261e-18 1.17281e-04 
5107.98 1.53933e-05 7.81250e-01 3.91837e-18 1.21171e-04 
5110.00 1.54084e-05 7.81547e-01 3.95500e-18 1.22518e-04 
5120.14 1.52823e-05 7.83054e-01 4.14115e-18 1.27734e-04 
5130.00 1.50451e-05 7.84526e-01 4.32466e-18 1.31825e-04 
5133.52 1.49835e-05 7.85050e-01 4.39086e-18 1.33475e-04 
5137.62 1.49183e-05 7.85656e-01 4.46806e-18 1.35443e-04 
5150.00 1.45045e-05 7.87473e-01 4.70376e-18 1.39289e-04 
5155.10 1.41397e-05 7.88216e-01 4.80165e-18 1.38879e-04 
5159.19 1.37948e-05 7.88810e-01 4.88044e-18 1.37928e-04 
5170.00 1.29960e-05 7.90372e-01 5.08965e-18 1.36064e-04 
5172.60 1.28899e-05 7.90747e-01 5.14016e-18 1.36426e-04 
5184.99 1.29464e-05 7.92520e-01 5.38164e-18 1.44127e-04 
5190.00 1.31973e-05 7.93232e-01 5.47956e-18 1.49873e-04 
5190.11 1.32041e-05 7.93248e-01 5.48170e-18 1.50014e-04 
5207.63 1.44453e-05 7.95713e-01 5.82437e-18 1.75508e-04 
5210.00 1.45513e-05 7.96043e-01 5.87064e-18 1.78354e-04 
5210.91 1.45826e-05 7.96170e-01 5.88848e-18 1.79342e-04 
5225.17 1.47138e-05 7.98143e-01 6.16624e-18 1.90479e-04 
5230.00 1.48006e-05 7.98807e-01 6.26001e-18 1.94860e-04 
5236.97 1.50979e-05 7.99760e-01 6.39475e-18 2.03564e-04 
5242.72 1.53207e-05 8.00543e-01 6.50539e-18 2.10579e-04 
5250.00 1.52563e-05 8.01531e-01 6.64487e-18 2.14753e-04 
5260.28 1.42703e-05 8.02915e-01 6.83997e-18 2.07533e-04 
5263.15 1.39612e-05 8.03300e-01 6.89421e-18 2.04859e-04 
5270.00 1.35193e-05 8.04213e-01 7.02254e-18 2.02560e-04 
5277.85 1.38330e-05 8.05252e-01 7.16823e-18 2.12148e-04 
5289.47 1.50596e-05 8.06780e-01 7.38091e-18 2.38789e-04 
5290.00 1.51119e-05 8.06850e-01 7.39055e-18 2.39976e-04 
5295.43 1.55418e-05 8.07560e-01 7.48857e-18 2.50553e-04 
5310.00 1.55989e-05 8.09449e-01 7.74669e-18 2.61468e-04 
5313.03 1.53847e-05 8.09840e-01 7.79953e-18 2.59910e-04 
5315.92 1.51309e-05 8.10210e-01 7.84948e-18 2.57517e-04 
5330.00 1.41063e-05 8.12005e-01 8.08913e-18 2.48613e-04 
5330.64 1.40999e-05 8.12086e-01 8.09989e-18 2.48885e-04 
5342.50 1.46449e-05 8.13580e-01 8.29546e-18 2.65825e-04 
5348.27 1.50313e-05 8.14303e-01 8.38867e-18 2.76447e-04 
5350.00 1.51175e-05 8.14519e-01 8.41642e-18 2.79117e-04 
5365.90 1.51444e-05 8.16493e-01 8.66518e-18 2.89434e-04 
5369.21 1.50864e-05 8.16900e-01 8.71558e-18 2.90324e-04 
5370.00 1.50747e-05 8.16997e-01 8.72759e-18 2.90576e-04 
5383.55 1.49828e-05 8.18652e-01 8.92901e-18 2.96817e-04 
5390.00 1.49000e-05 8.19432e-01 9.02218e-18 2.98898e-04 
5396.05 1.47392e-05 8.20160e-01 9.10809e-18 2.99089e-04 
5401.21 1.45785e-05 8.20776e-01 9.18011e-18 2.98676e-04 
5410.00 1.43958e-05 8.21821e-01 9.30031e-18 2.99662e-04 
5418.89 1.44674e-05 8.22871e-01 9.41876e-18 3.05879e-04 
5423.03 1.45668e-05 8.23360e-01 9.47300e-18 3.10176e-04 
5430.00 1.47695e-05 8.24181e-01 9.56265e-18 3.18192e-04 
5436.57 1.49477e-05 8.24953e-01 9.64563e-18 3.25524e-04 
5450.00 1.51239e-05 8.26523e-01 9.81050e-18 3.36457e-04 
5450.15 1.51237e-05 8.26540e-01 9.81231e-18 3.36531e-04 
5454.27 1.50983e-05 8.27019e-01 9.86175e-18 3.38109e-04 
5470.00 1.48452e-05 8.28828e-01 1.00458e-17 3.40364e-04 
5471.99 1.48203e-05 8.29054e-01 1.00685e-17 3.40781e-04 
5477.40 1.47747e-05 8.29670e-01 1.01301e-17 3.42404e-04 
5489.71 1.47448e-05 8.31058e-01 1.02678e-17 3.47712e-04 
5490.00 1.47446e-05 8.31091e-01 1.02710e-17 3.47848e-04 
5504.79 1.47375e-05 8.32740e-01 1.04329e-17 3.54815e-04 
5507.45 1.47380e-05 8.33035e-01 1.04617e-17 3.56105e-04 
5510.00 1.47393e-05 8.33317e-01 1.04893e-17 3.57363e-04 
5525.20 1.47895e-05 8.34987e-01 1.06528e-17 3.65906e-04 
5530.00 1.48341e-05 8.35509e-01 1.07044e-17 3.69338e-04 
5532.31 1.48625e-05 8.35760e-01 1.07292e-17 3.71168e-04 
5542.96 1.49943e-05 8.36908e-01 1.08440e-17 3.79715e-04 
5550.00 1.50091e-05 8.37660e-01 1.09205e-17 3.83601e-04 
5559.97 1.48471e-05 8.38720e-01 1.10300e-17 3.84441e-04 
5560.74 1.48280e-05 8.38801e-01 1.10385e-17 3.84334e-04 
5570.00 1.45692e-05 8.39780e-01 1.11422e-17 3.82254e-04 
5578.53 1.43527e-05 8.40676e-01 1.12398e-17 3.80860e-04 
5587.77 1.42495e-05 8.41640e-01 1.13483e-17 3.82843e-04 
5590.00 1.42575e-05 8.41871e-01 1.13749e-17 3.84214e-04 
5596.33 1.43551e-05 8.42525e-01 1.14517e-17 3.90198e-04 
5610.00 1.46721e-05 8.43928e-01 1.16240e-17 4.06481e-04 
5614.14 1.47191e-05 8.44350e-01 1.16782e-17 4.10190e-04 
5615.71 1.47286e-05 8.44510e-01 1.16989e-17 4.11377e-04 
5630.00 1.47250e-05 8.45958e-01 1.18953e-17 4.19962e-04 
5631.97 1.47263e-05 8.46157e-01 1.19235e-17 4.21241e-04 
5643.79 1.47339e-05 8.47340e-01 1.20985e-17 4.29141e-04 
5649.81 1.46843e-05 8.47937e-01 1.21919e-17 4.31764e-04 
5650.00 1.46817e-05 8.47956e-01 1.21949e-17 4.31815e-04 
5667.66 1.43513e-05 8.49688e-01 1.24879e-17 4.34478e-04 
5670.00 1.43417e-05 8.49915e-01 1.25289e-17 4.35909e-04 
5672.01 1.43483e-05 8.50110e-01 1.25646e-17 4.37605e-04 
5685.53 1.45255e-05 8.51417e-01 1.28160e-17 4.53651e-04 
5690.00 1.45264e-05 8.51847e-01 1.29036e-17 4.57368e-04 
5700.37 1.43060e-05 8.52840e-01 1.31159e-17 4.59208e-04 
5703.41 1.42437e-05 8.53130e-01 1.31807e-17 4.59869e-04 
5710.00 1.42351e-05 8.53756e-01 1.33251e-17 4.65505e-04 
5721.30 1.47129e-05 8.54823e-01 1.35864e-17 4.92147e-04 
5728.87 1.50067e-05 8.55530e-01 1.37713e-17 5.09902e-04 
5730.00 1.50244e-05 8.55635e-01 1.37996e-17 5.11717e-04 
5739.21 1.48851e-05 8.56486e-01 1.40374e-17 5.17050e-04 
5750.00 1.45626e-05 8.57475e-01 1.43328e-17 5.18061e-04 
5757.13 1.45610e-05 8.58125e-01 1.45380e-17 5.26470e-04 
5757.52 1.45651e-05 8.58160e-01 1.45494e-17 5.27092e-04 
5770.00 1.46785e-05 8.59293e-01 1.49302e-17 5.46999e-04 
5775.06 1.46092e-05 8.59749e-01 1.50920e-17 5.51092e-04 
5786.30 1.43331e-05 8.60760e-01 1.54683e-17 5.55888e-04 
5790.00 1.42790e-05 8.61091e-01 1.55970e-17 5.58972e-04 
5793.00 1.42697e-05 8.61358e-01 1.57033e-17 5.62879e-04 
5810.00 1.45645e-05 8.62862e-01 1.63377e-17 6.00522e-04 
5810.96 1.45849e-05 8.62946e-01 1.63751e-17 6.02897e-04 
5815.23 1.46652e-05 8.63320e-01 1.65443e-17 6.13196e-04 
5828.93 1.47320e-05 8.64509e-01 1.71106e-17 6.39451e-04 
5830.00 1.47204e-05 8.64602e-01 1.71566e-17 6.40854e-04 
5844.31 1.44392e-05 8.65830e-01 1.77923e-17 6.54430e-04 
5846.91 1.44050e-05 8.66052e-01 1.79123e-17 6.57747e-04 
5850.00 1.43901e-05 8.66315e-01 1.80569e-17 6.62920e-04 
5864.91 1.45051e-05 8.67577e-01 1.87825e-17 6.97855e-04 
5870.00 1.43929e-05 8.68005e-01 1.90414e-17 7.02959e-04 
5873.53 1.42109e-05 8.68300e-01 1.92242e-17 7.01394e-04 
5882.91 1.35677e-05 8.69080e-01 1.97229e-17 6.88734e-04 
5890.00 1.33011e-05 8.69665e-01 2.01121e-17 6.89820e-04 
5900.94 1.37148e-05 8.70560e-01 2.07346e-17 7.35405e-04 
5902.90 1.38400e-05 8.70720e-01 2.08491e-17 7.46605e-04 
5910.00 1.42272e-05 8.71297e-01 2.12703e-17 7.84455e-04 
5918.97 1.43367e-05 8.72021e-01 2.18183e-17 8.12770e-04 
5930.00 1.41824e-05 8.72907e-01 2.25161e-17 8.32129e-04 
5932.41 1.41594e-05 8.73100e-01 2.26724e-17 8.37072e-04 
5937.02 1.41423e-05 8.73468e-01 2.29742e-17 8.48199e-04 
5950.00 1.41897e-05 8.74500e-01 2.38492e-17 8.86436e-04 
5955.08 1.42071e-05 8.74901e-01 2.42017e-17 9.01821e-04 
5962.08 1.42141e-05 8.75450e-01 2.46958e-17 9.22350e-04 
5970.00 1.41989e-05 8.76067e-01 2.52681e-17 9.44633e-04 
5973.16 1.41861e-05 8.76311e-01 2.54998e-17 9.53202e-04 
5990.00 1.40511e-05 8.77606e-01 2.67706e-17 9.95444e-04 
5991.24 1.40365e-05 8.77701e-01 2.68667e-17 9.98301e-04 
5991.89 1.40288e-05 8.77750e-01 2.69165e-17 9.99763e-04 
6009.34 1.38254e-05 8.79079e-01 2.83003e-17 1.04051e-03 
6010.00 1.38202e-05 8.79128e-01 2.83534e-17 1.04225e-03 
6021.85 1.37882e-05 8.80020e-01 2.93272e-17 1.07876e-03 
6027.46 1.38145e-05 8.80439e-01 2.97977e-17 1.09970e-03 
6030.00 1.38355e-05 8.80627e-01 3.00126e-17 1.11002e-03 
6045.59 1.40224e-05 8.81775e-01 3.13554e-17 1.17993e-03 
6050.00 1.40590e-05 8.82098e-01 3.17432e-17 1.19895e-03 
6051.96 1.40682e-05 8.82240e-01 3.19160e-17 1.20685e-03 
6063.73 1.40322e-05 8.83093e-01 3.29694e-17 1.24712e-03 
6070.00 1.39562e-05 8.83545e-01 3.35396e-17 1.26377e-03 
6081.88 1.37535e-05 8.84396e-01 3.46352e-17 1.28985e-03 
6082.21 1.37481e-05 8.84420e-01 3.46664e-17 1.29061e-03 
6090.00 1.36514e-05 8.84974e-01 3.53954e-17 1.31097e-03 
6100.05 1.36196e-05 8.85684e-01 3.63478e-17 1.34641e-03 
6110.00 1.35270e-05 8.86379e-01 3.73033e-17 1.37573e-03 
6112.63 1.34667e-05 8.86560e-01 3.75573e-17 1.37980e-03 
6118.23 1.33034e-05 8.86944e-01 3.81015e-17 1.38468e-03 
6130.00 1.30501e-05 8.87741e-01 3.92557e-17 1.40341e-03 
6136.42 1.30933e-05 8.88170e-01 3.98906e-17 1.43302e-03 
6143.19 1.31981e-05 8.88620e-01 4.05636e-17 1.47123e-03 
6150.00 1.32217e-05 8.89070e-01 4.12442e-17 1.50101e-03 
6154.63 1.31330e-05 8.89374e-01 4.17085e-17 1.50937e-03 
6170.00 1.27791e-05 8.90377e-01 4.32599e-17 1.52886e-03 
6172.85 1.28090e-05 8.90561e-01 4.35485e-17 1.54369e-03 
6173.91 1.28305e-05 8.90630e-01 4.36559e-17 1.55048e-03 
6190.00 1.33963e-05 8.91671e-01 4.52936e-17 1.68594e-03 
6191.08 1.34226e-05 8.91741e-01 4.54038e-17 1.69377e-03 
6204.77 1.34711e-05 8.92640e-01 4.68019e-17 1.75789e-03 
6209.33 1.34188e-05 8.92944e-01 4.72669e-17 1.77036e-03 
6210.00 1.34101e-05 8.92989e-01 4.73357e-17 1.77208e-03 
6227.59 1.31190e-05 8.94178e-01 4.91305e-17 1.80684e-03 
6230.00 1.30619e-05 8.94341e-01 4.93764e-17 1.80901e-03 
6235.80 1.29086e-05 8.94730e-01 4.99664e-17 1.81160e-03 
6245.86 1.27058e-05 8.95394e-01 5.09870e-17 1.82385e-03 
6250.00 1.26953e-05 8.95663e-01 5.14057e-17 1.83908e-03 
6264.15 1.30201e-05 8.96571e-01 5.28287e-17 1.94471e-03 
6266.98 1.31026e-05 8.96750e-01 5.31119e-17 1.96880e-03 
6270.00 1.31781e-05 8.96941e-01 5.34135e-17 1.99278e-03 
6282.45 1.32839e-05 8.97721e-01 5.46478e-17 2.06107e-03 
6290.00 1.32073e-05 8.98189e-01 5.53900e-17 2.08059e-03 
6298.31 1.30400e-05 8.98700e-01 5.61999e-17 2.08822e-03 
6300.76 1.29862e-05 8.98850e-01 5.64368e-17 2.08952e-03 
6310.00 1.28268e-05 8.99412e-01 5.73252e-17 2.10076e-03 
6319.09 1.28010e-05 8.99959e-01 5.81881e-17 2.13244e-03 
6329.80 1.28585e-05 9.00600e-01 5.91912e-17 2.18420e-03 
6330.00 1.28596e-05 9.00612e-01 5.92094e-17 2.18515e-03 
6337.43 1.28863e-05 9.01052e-01 5.98942e-17 2.21870e-03 
6350.00 1.28730e-05 9.01792e-01 6.10333e-17 2.26490e-03 
6355.78 1.28446e-05 9.02130e-01 6.15479e-17 2.28188e-03 
6361.45 1.28166e-05 9.02460e-01 6.20471e-17 2.29828e-03 
6370.00 1.28077e-05 9.02955e-01 6.27879e-17 2.32851e-03 
6374.15 1.28280e-05 9.03195e-01 6.31422e-17 2.34749e-03 
6390.00 1.28679e-05 9.04104e-01 6.44646e-17 2.41252e-03 
6392.53 1.28395e-05 9.04248e-01 6.46706e-17 2.41622e-03 
6393.26 1.28290e-05 9.04290e-01 6.47300e-17 2.41686e-03 
6410.00 1.25627e-05 9.05239e-01 6.60554e-17 2.42401e-03 
6410.92 1.25588e-05 9.05290e-01 6.61265e-17 2.42635e-03 
6425.23 1.26486e-05 9.06090e-01 6.72042e-17 2.49127e-03 
6429.33 1.26698e-05 9.06317e-01 6.75041e-17 2.50881e-03 
6430.00 1.26707e-05 9.06354e-01 6.75527e-17 2.51116e-03 
6447.75 1.25188e-05 9.07328e-01 6.87978e-17 2.53648e-03 
6450.00 1.25011e-05 9.07450e-01 6.89497e-17 2.53972e-03 
6457.35 1.24794e-05 9.07850e-01 6.94368e-17 2.55727e-03 
6466.18 1.24711e-05 9.08329e-01 7.00025e-17 2.58126e-03 
6470.00 1.24517e-05 9.08536e-01 7.02402e-17 2.58812e-03 
6484.63 1.22923e-05 9.09323e-01 7.11136e-17 2.59486e-03 
6489.64 1.22747e-05 9.09590e-01 7.13984e-17 2.60428e-03 
6490.00 1.22753e-05 9.09609e-01 7.14186e-17 2.60536e-03 
6503.09 1.24304e-05 9.10302e-01 7.21271e-17 2.67186e-03 
6510.00 1.25187e-05 9.10663e-01 7.24802e-17 2.70795e-03 
6521.57 1.25296e-05 9.11263e-01 7.30392e-17 2.73787e-03 
6522.09 1.25276e-05 9.11290e-01 7.30634e-17 2.73862e-03 
6530.00 1.24964e-05 9.11696e-01 7.34208e-17 2.74973e-03 
6540.06 1.24431e-05 9.12209e-01 7.38471e-17 2.75971e-03 
6550.00 1.21052e-05 9.12713e-01 7.42373e-17 2.70454e-03 
6554.70 1.17702e-05 9.12950e-01 7.44108e-17 2.63840e-03 
6558.56 1.14594e-05 9.13145e-01 7.45481e-17 2.57556e-03 
6570.00 1.09117e-05 9.13719e-01 7.49270e-17 2.47076e-03 
6577.08 1.12031e-05 9.14073e-01 7.51404e-17 2.54770e-03 
6587.47 1.20318e-05 9.14590e-01 7.54245e-17 2.75241e-03 
6590.00 1.21937e-05 9.14715e-01 7.54884e-17 2.79326e-03 
6595.61 1.23958e-05 9.14993e-01 7.56225e-17 2.84786e-03 
6610.00 1.23370e-05 9.15698e-01 7.59202e-17 2.85394e-03 
6614.15 1.22944e-05 9.15899e-01 7.59935e-17 2.84924e-03 
6620.41 1.22554e-05 9.16200e-01 7.60936e-17 2.84757e-03 
6630.00 1.22358e-05 9.16656e-01 7.62223e-17 2.85337e-03 
6632.71 1.22352e-05 9.16783e-01 7.62532e-17 2.85595e-03 
6650.00 1.21916e-05 9.17595e-01 7.63952e-17 2.86103e-03 
6651.28 1.21808e-05 9.17655e-01 7.64018e-17 2.85948e-03 
6653.51 1.21591e-05 9.17760e-01 7.64122e-17 2.85606e-03 
6669.86 1.20369e-05 9.18532e-01 7.64400e-17 2.83773e-03 
6670.00 1.20372e-05 9.18538e-01 7.64399e-17 2.83787e-03 
6686.78 1.21740e-05 9.19330e-01 7.63799e-17 2.87756e-03 
6688.46 1.21775e-05 9.19409e-01 7.63690e-17 2.87894e-03 
6690.00 1.21753e-05 9.19481e-01 7.63583e-17 2.87891e-03 
6707.07 1.19563e-05 9.20276e-01 7.61905e-17 2.83055e-03 
6710.00 1.19333e-05 9.20412e-01 7.61528e-17 2.82536e-03 
6720.21 1.19715e-05 9.20880e-01 7.60010e-17 2.83450e-03 
6725.70 1.20171e-05 9.21129e-01 7.59066e-17 2.84485e-03 
6730.00 1.20363e-05 9.21324e-01 7.58264e-17 2.84882e-03 
6744.33 1.19422e-05 9.21968e-01 7.55200e-17 2.82308e-03 
6750.00 1.18935e-05 9.22220e-01 7.53826e-17 2.80960e-03 
6753.81 1.18748e-05 9.22390e-01 7.52850e-17 2.80362e-03 
6762.99 1.18654e-05 9.22797e-01 7.50335e-17 2.79709e-03 
6770.00 1.18686e-05 9.23106e-01 7.48255e-17 2.79390e-03 
6781.65 1.18467e-05 9.23615e-01 7.44504e-17 2.78108e-03 
6787.58 1.18201e-05 9.23870e-01 7.42457e-17 2.77040e-03 
6790.00 1.18064e-05 9.23973e-01 7.41595e-17 2.76527e-03 
6800.33 1.17412e-05 9.24411e-01 7.37744e-17 2.74117e-03 
6810.00 1.17169e-05 9.24817e-01 7.33896e-17 2.72629e-03 
6819.03 1.17542e-05 9.25195e-01 7.30093e-17 2.72552e-03 
6821.52 1.17652e-05 9.25300e-01 7.29009e-17 2.72533e-03 
6830.00 1.17611e-05 9.25657e-01 7.25209e-17 2.71460e-03 
6837.74 1.16707e-05 9.25983e-01 7.21595e-17 2.68429e-03 
6850.00 1.15135e-05 9.26496e-01 7.15589e-17 2.63225e-03 
6855.63 1.15055e-05 9.26730e-01 7.12721e-17 2.62269e-03 
6856.46 1.15079e-05 9.26764e-01 7.12292e-17 2.62208e-03 
6870.00 1.15921e-05 9.27318e-01 7.05093e-17 2.62132e-03 
6875.19 1.16090e-05 9.27528e-01 7.02232e-17 2.61704e-03 
6889.91 1.15820e-05 9.28120e-01 6.93837e-17 2.58692e-03 
6890.00 1.15817e-05 9.28124e-01 6.93782e-17 2.58668e-03 
6893.94 1.15643e-05 9.28282e-01 6.91461e-17 2.57608e-03 
6910.00 1.14913e-05 9.28923e-01 6.81716e-17 2.53136e-03 
6912.71 1.14819e-05 9.29031e-01 6.80028e-17 2.52431e-03 
6924.36 1.14510e-05 9.29490e-01 6.72624e-17 2.49554e-03 
6930.00 1.14366e-05 9.29710e-01 6.68957e-17 2.48142e-03 
6931.49 1.14324e-05 9.29768e-01 6.67984e-17 2.47758e-03 
6950.00 1.13756e-05 9.30479e-01 6.55567e-17 2.42777e-03 
6950.28 1.13749e-05 9.30490e-01 6.55378e-17 2.42704e-03 
6958.98 1.13581e-05 9.30820e-01 6.49368e-17 2.40509e-03 
6969.08 1.13548e-05 9.31201e-01 6.42261e-17 2.38250e-03 
6970.00 1.13555e-05 9.31236e-01 6.41609e-17 2.38064e-03 
6987.90 1.13216e-05 9.31898e-01 6.28685e-17 2.33335e-03 
6990.00 1.12985e-05 9.31974e-01 6.27146e-17 2.32378e-03 
6993.77 1.12416e-05 9.32110e-01 6.24366e-17 2.30340e-03 
7006.73 1.10192e-05 9.32569e-01 6.14700e-17 2.22809e-03 
7010.00 1.09908e-05 9.32684e-01 6.12238e-17 2.21476e-03 
7025.58 1.10852e-05 9.33243e-01 6.00355e-17 2.19661e-03 
7028.74 1.11172e-05 9.33360e-01 5.97920e-17 2.19528e-03 
7030.00 1.11281e-05 9.33407e-01 5.96947e-17 2.19436e-03 
7044.44 1.11622e-05 9.33959e-01 5.85701e-17 2.16533e-03 
7050.00 1.11441e-05 9.34169e-01 5.81333e-17 2.14787e-03 
7063.32 1.10733e-05 9.34641e-01 5.70784e-17 2.10052e-03 
7063.88 1.10700e-05 9.34660e-01 5.70333e-17 2.09844e-03 
7070.00 1.10354e-05 9.34853e-01 5.65453e-17 2.07620e-03 
7082.21 1.09845e-05 9.35199e-01 5.55654e-17 2.03508e-03 
7090.00 1.09735e-05 9.35401e-01 5.49363e-17 2.01266e-03 
7099.20 1.09820e-05 9.35630e-01 5.41903e-17 1.98993e-03 
7101.11 1.09836e-05 9.35677e-01 5.40355e-17 1.98517e-03 
7110.00 1.09718e-05 9.35883e-01 5.33118e-17 1.95937e-03 
7120.03 1.09009e-05 9.36062e-01 5.24931e-17 1.91988e-03 
7130.00 1.08093e-05 9.36136e-01 5.16770e-17 1.87693e-03 
7134.70 1.07744e-05 9.36120e-01 5.12918e-17 1.85812e-03 
7138.96 1.07505e-05 9.36075e-01 5.09426e-17 1.84237e-03 
7150.00 1.07264e-05 9.35900e-01 5.00368e-17 1.80802e-03 
7157.90 1.07379e-05 9.35820e-01 4.93881e-17 1.78831e-03 
7170.00 1.06981e-05 9.35977e-01 4.83959e-17 1.74913e-03 
7170.37 1.06940e-05 9.35990e-01 4.83652e-17 1.74748e-03 
7176.86 1.05988e-05 9.36298e-01 4.78334e-17 1.71499e-03 
7190.00 1.04288e-05 9.37237e-01 4.67588e-17 1.65425e-03 
7195.84 1.04432e-05 9.37700e-01 4.62822e-17 1.64178e-03 
7206.23 1.05522e-05 9.38430e-01 4.54363e-17 1.63222e-03 
7210.00 1.05858e-05 9.38634e-01 4.51296e-17 1.62758e-03 
7214.83 1.06054e-05 9.38844e-01 4.47381e-17 1.61788e-03 
7230.00 1.05772e-05 9.39256e-01 4.35123e-17 1.57337e-03 
7233.83 1.05728e-05 9.39328e-01 4.32044e-17 1.56253e-03 
7242.26 1.05793e-05 9.39490e-01 4.25286e-17 1.54108e-03 
7250.00 1.05954e-05 9.39674e-01 4.19105e-17 1.52292e-03 
7252.84 1.06015e-05 9.39752e-01 4.16842e-17 1.51629e-03 
7270.00 1.05460e-05 9.40331e-01 4.03275e-17 1.46361e-03 
7271.87 1.05217e-05 9.40405e-01 4.01802e-17 1.45540e-03 
7278.47 1.04148e-05 9.40680e-01 3.96637e-17 1.42380e-03 
7290.00 1.02736e-05 9.41210e-01 3.87664e-17 1.37568e-03 
7290.92 1.02714e-05 9.41254e-01 3.86953e-17 1.37309e-03 
7309.98 1.04046e-05 9.42175e-01 3.72318e-17 1.34311e-03 
7310.00 1.04047e-05 9.42176e-01 3.72300e-17 1.34306e-03 
7314.86 1.04106e-05 9.42400e-01 3.68607e-17 1.33169e-03 
7329.05 1.03457e-05 9.43003e-01 3.57919e-17 1.28834e-03 
7330.00 1.03420e-05 9.43041e-01 3.57209e-17 1.28554e-03 
7348.14 1.03515e-05 9.43722e-01 3.43778e-17 1.24230e-03 
7350.00 1.03566e-05 9.43789e-01 3.42413e-17 1.23837e-03 
7351.43 1.03604e-05 9.43840e-01 3.41363e-17 1.23534e-03 
7367.24 1.03587e-05 9.44389e-01 3.29911e-17 1.19696e-03 
7370.00 1.03422e-05 9.44483e-01 3.27932e-17 1.18845e-03 
7386.36 1.01452e-05 9.45021e-01 3.16336e-17 1.12773e-03 
7388.19 1.01202e-05 9.45080e-01 3.15048e-17 1.12072e-03 
7390.00 1.00966e-05 9.45138e-01 3.13783e-17 1.11395e-03 
7405.49 9.96404e-06 9.45618e-01 3.03067e-17 1.06455e-03 
7410.00 9.95763e-06 9.45754e-01 2.99982e-17 1.05383e-03 
7424.63 1.00224e-05 9.46185e-01 2.90115e-17 1.02829e-03 
7425.13 1.00250e-05 9.46200e-01 2.89779e-17 1.02746e-03 
7430.00 1.00452e-05 9.46340e-01 2.86542e-17 1.01884e-03 
7443.79 1.00436e-05 9.46730e-01 2.77492e-17 9.88746e-04 
7450.00 1.00436e-05 9.46903e-01 2.73474e-17 9.75415e-04 
7462.26 1.00806e-05 9.47240e-01 2.65651e-17 9.52912e-04 
7462.96 1.00826e-05 9.47259e-01 2.65207e-17 9.51613e-04 
7470.00 1.00880e-05 9.47451e-01 2.60785e-17 9.37321e-04 
7482.15 1.00254e-05 9.47781e-01 2.53267e-17 9.06432e-04 
7490.00 9.98004e-06 9.47992e-01 2.48484e-17 8.86421e-04 
7499.57 9.96434e-06 9.48250e-01 2.42736e-17 8.65893e-04 
7501.35 9.96477e-06 9.48298e-01 2.41676e-17 8.62400e-04 
7510.00 9.96854e-06 9.48530e-01 2.36574e-17 8.45692e-04 
7520.57 9.95907e-06 9.48813e-01 2.30440e-17 8.24388e-04 
7530.00 9.95196e-06 9.49063e-01 2.25058e-17 8.05780e-04 
7537.07 9.95684e-06 9.49250e-01 2.21083e-17 7.92836e-04 
7539.80 9.95904e-06 9.49322e-01 2.19561e-17 7.87898e-04 
7550.00 9.94996e-06 9.49588e-01 2.13938e-17 7.68274e-04 
7559.04 9.90392e-06 9.49821e-01 2.09041e-17 7.48292e-04 
7570.00 9.84193e-06 9.50100e-01 2.03215e-17 7.24144e-04 
7574.75 9.82820e-06 9.50220e-01 2.00725e-17 7.14810e-04 
7578.30 9.82269e-06 9.50309e-01 1.98880e-17 7.08242e-04 
7590.00 9.80679e-06 9.50599e-01 1.92886e-17 6.87054e-04 
7597.58 9.77993e-06 9.50786e-01 1.89077e-17 6.72442e-04 
7610.00 9.73681e-06 9.51094e-01 1.82950e-17 6.49053e-04 
7612.63 9.73381e-06 9.51160e-01 1.81673e-17 6.44593e-04 
7616.86 9.73435e-06 9.51266e-01 1.79629e-17 6.37801e-04 
7630.00 9.75756e-06 9.51596e-01 1.73401e-17 6.18435e-04 
7636.17 9.76582e-06 9.51748e-01 1.70535e-17 6.09316e-04 
7650.00 9.70192e-06 9.52074e-01 1.64236e-17 5.84228e-04 
7650.69 9.69374e-06 9.52090e-01 1.63927e-17 5.82697e-04 
7655.48 9.62515e-06 9.52196e-01 1.61789e-17 5.71452e-04 
7670.00 9.45569e-06 9.52515e-01 1.55449e-17 5.40594e-04 
7674.82 9.47064e-06 9.52628e-01 1.53389e-17 5.34671e-04 
7688.94 9.59903e-06 9.53010e-01 1.47468e-17 5.22171e-04 
7690.00 9.60280e-06 9.53043e-01 1.47033e-17 5.20923e-04 
7694.16 9.59970e-06 9.53177e-01 1.45327e-17 5.15065e-04 
7710.00 9.48653e-06 9.53670e-01 1.38980e-17 4.88018e-04 
7713.52 9.47720e-06 9.53755e-01 1.37599e-17 4.82956e-04 
7727.39 9.48564e-06 9.53900e-01 1.32269e-17 4.65568e-04 
7730.00 9.47984e-06 9.53883e-01 1.31284e-17 4.61965e-04 
7732.90 9.46598e-06 9.53852e-01 1.30197e-17 4.57629e-04 
7750.00 9.35689e-06 9.53764e-01 1.23934e-17 4.31508e-04 
7752.29 9.35710e-06 9.53813e-01 1.23115e-17 4.28814e-04 
7766.03 9.42927e-06 9.54760e-01 1.18290e-17 4.16336e-04 
7770.00 9.44957e-06 9.55297e-01 1.16924e-17 4.12855e-04 
7771.69 9.45518e-06 9.55551e-01 1.16345e-17 4.11255e-04 
7790.00 9.43384e-06 9.57698e-01 1.10242e-17 3.90593e-04 
7791.11 9.43069e-06 9.57711e-01 1.09879e-17 3.89240e-04 
7804.86 9.38907e-06 9.55540e-01 1.05486e-17 3.71840e-04 
7810.00 9.36717e-06 9.53343e-01 1.03880e-17 3.64722e-04 
7810.55 9.36448e-06 9.53070e-01 1.03710e-17 3.63943e-04 
7830.00 9.25822e-06 9.42033e-01 9.78282e-18 3.36312e-04 
7830.00 9.25820e-06 9.42032e-01 9.78270e-18 3.36307e-04 
7843.88 9.23119e-06 9.38290e-01 9.38032e-18 3.20824e-04 
7849.46 9.23623e-06 9.39164e-01 9.22254e-18 3.16118e-04 
7850.00 9.23717e-06 9.39320e-01 9.20737e-18 3.15705e-04 
7868.94 9.27822e-06 9.48937e-01 8.68930e-18 3.03058e-04 
7870.00 9.27837e-06 9.49540e-01 8.66098e-18 3.02308e-04 
7883.10 9.24588e-06 9.55040e-01 8.31830e-18 2.91491e-04 
7888.43 9.22106e-06 9.55588e-01 8.18220e-18 2.86309e-04 
7890.00 9.21323e-06 9.55557e-01 8.14248e-18 2.84725e-04 
7907.94 9.10324e-06 9.51680e-01 7.70034e-18 2.65573e-04 
7910.00 9.08609e-06 9.51091e-01 7.65085e-18 2.63274e-04 
7922.51 8.96793e-06 9.48700e-01 7.35644e-18 2.49618e-04 
7927.46 8.92749e-06 9.48772e-01 7.24284e-18 2.44826e-04 
7930.00 8.91106e-06 9.49045e-01 7.18507e-18 2.42574e-04 
7947.00 8.89509e-06 9.53458e-01 6.80879e-18 2.31019e-04 
7950.00 8.90752e-06 9.54448e-01 6.74411e-18 2.29469e-04 
7962.13 8.98390e-06 9.57970e-01 6.48839e-18 2.23824e-04 
7966.55 9.01089e-06 9.58816e-01 6.39730e-18 2.21663e-04 
7970.00 9.02724e-06 9.59291e-01 6.32696e-18 2.19828e-04 
7986.11 9.02564e-06 9.59953e-01 6.00749e-18 2.09257e-04 
7990.00 9.00749e-06 9.59872e-01 5.93263e-18 2.06317e-04 
8001.94 8.92739e-06 9.59510e-01 5.70773e-18 1.96950e-04 
8005.70 8.90392e-06 9.59446e-01 5.63849e-18 1.94128e-04 
8010.00 8.88395e-06 9.59421e-01 5.56013e-18 1.91098e-04 
8025.29 8.86561e-06 9.59648e-01 5.28944e-18 1.81808e-04 
8030.00 8.85516e-06 9.59783e-01 5.20850e-18 1.78945e-04 
8041.95 8.79380e-06 9.60170e-01 5.00801e-18 1.71188e-04 
8044.90 8.78074e-06 9.60263e-01 4.95948e-18 1.69356e-04 
8050.00 8.77078e-06 9.60416e-01 4.87679e-18 1.66476e-04 
8064.53 8.81561e-06 9.60804e-01 4.64779e-18 1.59822e-04 
8070.00 8.81343e-06 9.60935e-01 4.56408e-18 1.57032e-04 
8082.16 8.71322e-06 9.61200e-01 4.38291e-18 1.49350e-04 
8084.17 8.69384e-06 9.61241e-01 4.35355e-18 1.48063e-04 
8090.00 8.65252e-06 9.61357e-01 4.26948e-18 1.44635e-04 
8103.83 8.67595e-06 9.61620e-01 4.07597e-18 1.38728e-04 
8110.00 8.70635e-06 9.61736e-01 3.99212e-18 1.36471e-04 
8122.57 8.73118e-06 9.61980e-01 3.82626e-18 1.31410e-04 
8123.50 8.73080e-06 9.61999e-01 3.81427e-18 1.31010e-04 
8130.00 8.72002e-06 9.62133e-01 3.73114e-18 1.28117e-04 
8143.18 8.67188e-06 9.62412e-01 3.56770e-18 1.22062e-04 
8150.00 8.65640e-06 9.62556e-01 3.48573e-18 1.19162e-04 
8162.88 8.65514e-06 9.62814e-01 3.33554e-18 1.14222e-04 
8163.18 8.65455e-06 9.62820e-01 3.33212e-18 1.14102e-04 
8170.00 8.61908e-06 9.62945e-01 3.25509e-18 1.11115e-04 
8182.60 8.44753e-06 9.63158e-01 3.11707e-18 1.04469e-04 
8190.00 8.36293e-06 9.63275e-01 3.03847e-18 1.00918e-04 
8202.33 8.35688e-06 9.63465e-01 2.91161e-18 9.67995e-05 
8204.00 8.36264e-06 9.63490e-01 2.89480e-18 9.63294e-05 
8210.00 8.37962e-06 9.63582e-01 2.83512e-18 9.46128e-05 
8222.07 8.36600e-06 9.63773e-01 2.71850e-18 9.07248e-05 
8230.00 8.35206e-06 9.63907e-01 2.64433e-18 8.81998e-05 
8241.83 8.37078e-06 9.64126e-01 2.53710e-18 8.49540e-05 
8245.02 8.38135e-06 9.64190e-01 2.50893e-18 8.41550e-05 
8250.00 8.39916e-06 9.64295e-01 2.46543e-18 8.29308e-05 
8261.61 8.43425e-06 9.64545e-01 2.36679e-18 8.00788e-05 
8270.00 8.44533e-06 9.64717e-01 2.29777e-18 7.79384e-05 
8281.40 8.42869e-06 9.64910e-01 2.20700e-18 7.48300e-05 
8286.24 8.40817e-06 9.64970e-01 2.16944e-18 7.34250e-05 
8290.00 8.38600e-06 9.65006e-01 2.14071e-18 7.22971e-05 
8301.20 8.29522e-06 9.65074e-01 2.05715e-18 6.88205e-05 
8310.00 8.22589e-06 9.65113e-01 1.99367e-18 6.62122e-05 
8321.02 8.17670e-06 9.65190e-01 1.91669e-18 6.33640e-05 
8327.67 8.16514e-06 9.65270e-01 1.87161e-18 6.18407e-05 
8330.00 8.16347e-06 9.65307e-01 1.85607e-18 6.13340e-05 
8340.86 8.16906e-06 9.65529e-01 1.78511e-18 5.91204e-05 
8350.00 8.19160e-06 9.65752e-01 1.72736e-18 5.74417e-05 
8360.71 8.22610e-06 9.66013e-01 1.66192e-18 5.55844e-05 
8369.31 8.21499e-06 9.66190e-01 1.61104e-18 5.38753e-05 
8370.00 8.21116e-06 9.66202e-01 1.60703e-18 5.37213e-05 
8380.58 8.11232e-06 9.66349e-01 1.54663e-18 5.11519e-05 
8390.00 8.05242e-06 9.66441e-01 1.49459e-18 4.91258e-05 
8400.46 8.10683e-06 9.66532e-01 1.43879e-18 4.76749e-05 
8410.00 8.15237e-06 9.66635e-01 1.38957e-18 4.63602e-05 
8411.16 8.15027e-06 9.66650e-01 1.38370e-18 4.61597e-05 
8420.35 8.07954e-06 9.66794e-01 1.33797e-18 4.43016e-05 
8430.00 7.99447e-06 9.66981e-01 1.29151e-18 4.23698e-05 
8440.26 7.99583e-06 9.67203e-01 1.24375e-18 4.08691e-05 
8450.00 8.01991e-06 9.67420e-01 1.20000e-18 3.96046e-05 
8453.21 8.01630e-06 9.67490e-01 1.18588e-18 3.91386e-05 
8460.19 7.99059e-06 9.67637e-01 1.15576e-18 3.80594e-05 
8470.00 7.95456e-06 9.67824e-01 1.11463e-18 3.65890e-05 
8480.13 7.94657e-06 9.67989e-01 1.07361e-18 3.52551e-05 
8490.00 7.85451e-06 9.68111e-01 1.03503e-18 3.36378e-05 
8495.48 7.72752e-06 9.68160e-01 1.01418e-18 3.24498e-05 
8500.09 7.61026e-06 9.68191e-01 9.96947e-19 3.14325e-05 
8510.00 7.50303e-06 9.68243e-01 9.60833e-19 2.99035e-05 
8520.06 7.71683e-06 9.68319e-01 9.25443e-19 2.96601e-05 
8530.00 7.71663e-06 9.68466e-01 8.91701e-19 2.86157e-05 
8537.96 7.24492e-06 9.68670e-01 8.65533e-19 2.61078e-05 
8540.05 7.09392e-06 9.68739e-01 8.58777e-19 2.53721e-05 
8550.00 6.66575e-06 9.69111e-01 8.27313e-19 2.30029e-05 
8560.05 7.16944e-06 9.69412e-01 7.96649e-19 2.38594e-05 
8570.00 7.86504e-06 9.69439e-01 7.67366e-19 2.52422e-05 
8580.07 7.94543e-06 9.68994e-01 7.38774e-19 2.45677e-05 
8580.65 7.93495e-06 9.68950e-01 7.37165e-19 2.44824e-05 
8590.00 7.72060e-06 9.68019e-01 7.11573e-19 2.29970e-05 
8600.10 7.65175e-06 9.67028e-01 6.84884e-19 2.19404e-05 
8610.00 7.69261e-06 9.66772e-01 6.59666e-19 2.12642e-05 
8620.15 7.71177e-06 9.67982e-01 6.34725e-19 2.05610e-05 
8623.55 7.71813e-06 9.68850e-01 6.26577e-19 2.03401e-05 
8630.00 7.74745e-06 9.71142e-01 6.11390e-19 1.99845e-05 
8640.22 7.81060e-06 9.75142e-01 5.88056e-19 1.94813e-05 
8650.00 7.62636e-06 9.77176e-01 5.66508e-19 1.83838e-05 
8660.29 7.01720e-06 9.74729e-01 5.44653e-19 1.62414e-05 
8666.67 6.69665e-06 9.69650e-01 5.31532e-19 1.50583e-05 
8670.00 6.63029e-06 9.65677e-01 5.24793e-19 1.46654e-05 
8680.39 6.95582e-06 9.49008e-01 5.04303e-19 1.45469e-05 
8690.00 7.45342e-06 9.31343e-01 4.86035e-19 1.47596e-05 
8700.50 7.61429e-06 9.14641e-01 4.66804e-19 1.42391e-05 
8710.00 7.56177e-06 9.06290e-01 4.50036e-19 1.35232e-05 
8710.00 7.56176e-06 9.06290e-01 4.50034e-19 1.35231e-05 
8720.63 7.54492e-06 9.08021e-01 4.31969e-19 1.29919e-05 
8730.00 7.52297e-06 9.16994e-01 4.16610e-19 1.26306e-05 
8740.77 7.41721e-06 9.31754e-01 3.99619e-19 1.21524e-05 
8750.00 7.35575e-06 9.44827e-01 3.85582e-19 1.18039e-05 
8753.55 7.36334e-06 9.49290e-01 3.80310e-19 1.17144e-05 
8760.92 7.42212e-06 9.56846e-01 3.69589e-19 1.15761e-05 
8770.00 7.50410e-06 9.63246e-01 3.56788e-19 1.13860e-05 
8781.09 7.51226e-06 9.67532e-01 3.41722e-19 1.09795e-05 
8790.00 7.44919e-06 9.68843e-01 3.30076e-19 1.05412e-05 
8797.32 7.37010e-06 9.68930e-01 3.20792e-19 1.01453e-05 
8801.28 7.32826e-06 9.68719e-01 3.15871e-19 9.93522e-06 
8810.00 7.27180e-06 9.67777e-01 3.05302e-19 9.52897e-06 
8821.49 7.31050e-06 9.65834e-01 2.91898e-19 9.15263e-06 
8830.00 7.36761e-06 9.64141e-01 2.82331e-19 8.91476e-06 
8841.31 7.38940e-06 9.61940e-01 2.70096e-19 8.54507e-06 
8841.70 7.38840e-06 9.61868e-01 2.69675e-19 8.53032e-06 
8850.00 7.33259e-06 9.60518e-01 2.61038e-19 8.19094e-06 
8861.94 7.16717e-06 9.59070e-01 2.49080e-19 7.63816e-06 
8870.00 7.10964e-06 9.58448e-01 2.41306e-19 7.34229e-06 
8882.19 7.22593e-06 9.58096e-01 2.30000e-19 7.11990e-06 
8885.51 7.27376e-06 9.58130e-01 2.27006e-19 7.07663e-06 
8890.00 7.32852e-06 9.58265e-01 2.23025e-19 7.00938e-06 
8902.45 7.36700e-06 9.59070e-01 2.12329e-19 6.72331e-06 
8910.00 7.33081e-06 9.59765e-01 2.06091e-19 6.50395e-06 
8922.73 7.23487e-06 9.61058e-01 1.95969e-19 6.12052e-06 
8929.94 7.19506e-06 9.61750e-01 1.90456e-19 5.92467e-06 
8930.00 7.19485e-06 9.61755e-01 1.90411e-19 5.92315e-06 
8943.03 7.18742e-06 9.62790e-01 1.80826e-19 5.63344e-06 
8950.00 7.19086e-06 9.63274e-01 1.75894e-19 5.48943e-06 
8963.34 7.17543e-06 9.64215e-01 1.66815e-19 5.20773e-06 
8970.00 7.18311e-06 9.64748e-01 1.62457e-19 5.08369e-06 
8974.59 7.20225e-06 9.65160e-01 1.59517e-19 5.00971e-06 
8983.67 7.22529e-06 9.66103e-01 1.53854e-19 4.85695e-06 
8990.00 7.17940e-06 9.66840e-01 1.50022e-19 4.71282e-06 
9004.01 6.87913e-06 9.68595e-01 1.41868e-19 4.28469e-06 
9010.00 6.79664e-06 9.69357e-01 1.38518e-19 4.13935e-06 
9019.46 6.85231e-06 9.70520e-01 1.33380e-19 4.02749e-06 
9024.37 6.93297e-06 9.71086e-01 1.30787e-19 4.00021e-06 
9030.00 7.02643e-06 9.71693e-01 1.27876e-19 3.96886e-06 
9044.75 7.13500e-06 9.73020e-01 1.20546e-19 3.81055e-06 
9050.00 7.13271e-06 9.73381e-01 1.18035e-19 3.73354e-06 
9064.56 7.05360e-06 9.74010e-01 1.11341e-19 3.49059e-06 
9065.14 7.04860e-06 9.74022e-01 1.11083e-19 3.48030e-06 
9070.00 7.00201e-06 9.74089e-01 1.08936e-19 3.39253e-06 
9085.54 6.84339e-06 9.73975e-01 1.02342e-19 3.11993e-06 
9090.00 6.81829e-06 9.73890e-01 1.00524e-19 3.05453e-06 
9105.97 6.85407e-06 9.73616e-01 9.42689e-20 2.88373e-06 
9109.88 6.87948e-06 9.73590e-01 9.27938e-20 2.85028e-06 
9110.00 6.88027e-06 9.73590e-01 9.27499e-20 2.84929e-06 
9126.40 6.97003e-06 9.73806e-01 8.68157e-20 2.70725e-06 
9130.00 6.97533e-06 9.73924e-01 8.55655e-20 2.67167e-06 
9146.86 6.91701e-06 9.74823e-01 7.99360e-20 2.48189e-06 
9150.00 6.90117e-06 9.75053e-01 7.89277e-20 2.44639e-06 
9155.43 6.87776e-06 9.75500e-01 7.72140e-20 2.38766e-06 
9167.33 6.85134e-06 9.76554e-01 7.35875e-20 2.27218e-06 
9170.00 6.85121e-06 9.76749e-01 7.27960e-20 2.24880e-06 
9187.81 6.86230e-06 9.76703e-01 6.77303e-20 2.09967e-06 
9190.00 6.85631e-06 9.76457e-01 6.71327e-20 2.07930e-06 
9201.21 6.77665e-06 9.74000e-01 6.41504e-20 1.96129e-06 
9208.31 6.69429e-06 9.71294e-01 6.23279e-20 1.87863e-06 
9210.00 6.67236e-06 9.70553e-01 6.19030e-20 1.85863e-06 
9228.83 6.46918e-06 9.61926e-01 5.73461e-20 1.65792e-06 
9230.00 6.46570e-06 9.61475e-01 5.70743e-20 1.64861e-06 
9247.21 6.55401e-06 9.58400e-01 5.32163e-20 1.55608e-06 
9249.36 6.57155e-06 9.58659e-01 5.27530e-20 1.54744e-06 
9250.00 6.57652e-06 9.58767e-01 5.26167e-20 1.54489e-06 
9269.91 6.66515e-06 9.66714e-01 4.85195e-20 1.45889e-06 
9270.00 6.66527e-06 9.66759e-01 4.85023e-20 1.45848e-06 
9290.00 6.66529e-06 9.74879e-01 4.47051e-20 1.35852e-06 
9290.48 6.66552e-06 9.74967e-01 4.46181e-20 1.35611e-06 
9293.45 6.66789e-06 9.75340e-01 4.40802e-20 1.34118e-06 
9310.00 6.68109e-06 9.72456e-01 4.12013e-20 1.25459e-06 
9311.06 6.68021e-06 9.72075e-01 4.10236e-20 1.24866e-06 
9330.00 6.63512e-06 9.64671e-01 3.79686e-20 1.14145e-06 
9331.66 6.63152e-06 9.64152e-01 3.77125e-20 1.13273e-06 
9339.92 6.61749e-06 9.62450e-01 3.64595e-20 1.09181e-06 
9350.00 6.59909e-06 9.62870e-01 3.49864e-20 1.04637e-06 
9352.27 6.59324e-06 9.63293e-01 3.46632e-20 1.03649e-06 
9370.00 6.56194e-06 9.69052e-01 3.22357e-20 9.66893e-07 
9372.90 6.56644e-06 9.70188e-01 3.18554e-20 9.57560e-07 
9386.62 6.56704e-06 9.75060e-01 3.01135e-20 9.11158e-07 
9390.00 6.54142e-06 9.75956e-01 2.96988e-20 8.96251e-07 
9393.54 6.49698e-06 9.76734e-01 2.92706e-20 8.78359e-07 
9410.00 6.28409e-06 9.78613e-01 2.73594e-20 7.97026e-07 
9414.20 6.29340e-06 9.78746e-01 2.68915e-20 7.85014e-07 
9430.00 6.44050e-06 9.78598e-01 2.52023e-20 7.54049e-07 
9433.55 6.44394e-06 9.78510e-01 2.48374e-20 7.43739e-07 
9434.88 6.44077e-06 9.78479e-01 2.47022e-20 7.39408e-07 
9450.00 6.35794e-06 9.78227e-01 2.32137e-20 6.86840e-07 
9455.57 6.36239e-06 9.78182e-01 2.26879e-20 6.72117e-07 
9470.00 6.43684e-06 9.78182e-01 2.13805e-20 6.41775e-07 
9476.28 6.45100e-06 9.78234e-01 2.08349e-20 6.27223e-07 
9480.72 6.45020e-06 9.78290e-01 2.04578e-20 6.16117e-07 
9490.00 6.43047e-06 9.78454e-01 1.96907e-20 5.91881e-07 
9497.01 6.40910e-06 9.78609e-01 1.91306e-20 5.73648e-07 
9510.00 6.38063e-06 9.78935e-01 1.81334e-20 5.42249e-07 
9517.75 6.37687e-06 9.79131e-01 1.75634e-20 5.25431e-07 
9528.12 6.33158e-06 9.79370e-01 1.68280e-20 5.00520e-07 
9530.00 6.31200e-06 9.79408e-01 1.66982e-20 4.95240e-07 
9538.50 6.18168e-06 9.79559e-01 1.61225e-20 4.68785e-07 
9550.00 6.05048e-06 9.79709e-01 1.53757e-20 4.38175e-07 
9559.28 6.11011e-06 9.79790e-01 1.47979e-20 4.26317e-07 
9570.00 6.24928e-06 9.79846e-01 1.41572e-20 4.17637e-07 
9575.76 6.29129e-06 9.79860e-01 1.38242e-20 4.10809e-07 
9580.07 6.30373e-06 9.79865e-01 1.35805e-20 4.04550e-07 
9590.00 6.29344e-06 9.79859e-01 1.30345e-20 3.88051e-07 
9600.87 6.25752e-06 9.79834e-01 1.24617e-20 3.69288e-07 
9610.00 6.22313e-06 9.79804e-01 1.20003e-20 3.53988e-07 
9621.70 6.18567e-06 9.79766e-01 1.14337e-20 3.35638e-07 
9623.64 6.18058e-06 9.79760e-01 1.13421e-20 3.32740e-07 
9630.00 6.16666e-06 9.79743e-01 1.10477e-20 3.23581e-07 
9642.54 6.14840e-06 9.79703e-01 1.04893e-20 3.06703e-07 
9650.00 6.13551e-06 9.79663e-01 1.01702e-20 2.96967e-07 
9663.39 6.10474e-06 9.79534e-01 9.62184e-21 2.79897e-07 
9670.00 6.10058e-06 9.79432e-01 9.36207e-21 2.72312e-07 
9671.76 6.10215e-06 9.79400e-01 9.29409e-21 2.70445e-07 
9684.26 6.13101e-06 9.79112e-01 8.82513e-21 2.58271e-07 
9690.00 6.14042e-06 9.78957e-01 8.61781e-21 2.52700e-07 
9705.15 6.12252e-06 9.78528e-01 8.09353e-21 2.36901e-07 
9710.00 6.11425e-06 9.78397e-01 7.93243e-21 2.31957e-07 
9720.12 6.10634e-06 9.78160e-01 7.60661e-21 2.22319e-07 
9726.05 6.10099e-06 9.78053e-01 7.42180e-21 2.16836e-07 
9730.00 6.09404e-06 9.77998e-01 7.30131e-21 2.13148e-07 
9746.97 6.03371e-06 9.77967e-01 6.80512e-21 1.97032e-07 
9750.00 6.02302e-06 9.78003e-01 6.72020e-21 1.94297e-07 
9767.91 6.01524e-06 9.78550e-01 6.23907e-21 1.80585e-07 
9768.72 6.01841e-06 9.78590e-01 6.21812e-21 1.80096e-07 
9770.00 6.02425e-06 9.78656e-01 6.18518e-21 1.79351e-07 
9788.86 6.25870e-06 9.80085e-01 5.71955e-21 1.72888e-07 
