##### EXOPHOT SPECTRAL OVERLAP FILE #####
# Date: 01/12/2021 13:15:00
# SED file: SED_g2v.txt
# atmosphere file: atm_g2v_hzo_os2.txt
# photopigment file: phot2s.txt
# Stellar radius (Rs in km): 6.963400e+05
# Exoplanet orbit semi-major axis (sma in km): 1.672066e+08
# Total absorption rate (gamma_t in s-1): 1.97283e+00
# B band absorption rate (gamma_B in s-1): 7.99414e-01
# Q band absorption rate (gamma_Q in s-1): 1.17342e+00
# B-Q bands cut-off (in nm): 500
# photosynthetic photon flux density [ppfd in micromol photon m-2 s-1]: 1.53467e+03
# Total Stellar Irradiance (S in W m-2): 1.07502e+03
# -------------------------------------------------
# Col 1: Wavelength (wl in Angstrom) 
# Col 2: Spectral Flux Density (F_l in J cm-2 s-1 A-1) 
# Col 3: Atmosphere transmitance (T, no units) 
# Col 4: Pigment absorption cross section (sigma_abs in cm-2) 
# Col 5: Spectral Absorption Rate (Gamma_lambda in A-1 s-1)
2505.65 6.10850e-07 3.88287e-02 5.68047e-19 1.69948e-08 
2513.00 2.95063e-07 3.96063e-02 5.54211e-19 8.19349e-09 
2515.76 2.36467e-07 3.99100e-02 5.47350e-19 6.54200e-09 
2516.83 2.21055e-07 4.00297e-02 5.44451e-19 6.10405e-09 
2518.00 2.08576e-07 4.01609e-02 5.41154e-19 5.74602e-09 
2525.00 2.11060e-07 4.09617e-02 5.18529e-19 5.69824e-09 
2528.02 2.40838e-07 4.13127e-02 5.07387e-19 6.42469e-09 
2528.34 2.44347e-07 4.13500e-02 5.06162e-19 6.50922e-09 
2535.00 2.93065e-07 4.21309e-02 4.78859e-19 7.54525e-09 
2539.21 2.81343e-07 4.26237e-02 4.60125e-19 7.05317e-09 
2540.98 2.85872e-07 4.28300e-02 4.51960e-19 7.07854e-09 
2545.00 3.76098e-07 4.32973e-02 4.32893e-19 9.03136e-09 
2550.40 7.01130e-07 4.39364e-02 4.06394e-19 1.60732e-08 
2553.68 8.74510e-07 4.43400e-02 3.89990e-19 1.94404e-08 
2555.00 9.10043e-07 4.45070e-02 3.83359e-19 1.99715e-08 
2561.61 8.06229e-07 4.53915e-02 3.49956e-19 1.65151e-08 
2565.00 7.69975e-07 4.58763e-02 3.32866e-19 1.51826e-08 
2566.45 7.98445e-07 4.60900e-02 3.25601e-19 1.54808e-08 
2572.81 1.09130e-06 4.70663e-02 2.94274e-19 1.95767e-08 
2575.00 1.16720e-06 4.74128e-02 2.83764e-19 2.03563e-08 
2579.28 1.17062e-06 4.81000e-02 2.63666e-19 1.92769e-08 
2584.03 1.05954e-06 4.88661e-02 2.42314e-19 1.63201e-08 
2585.00 1.03724e-06 4.90241e-02 2.38061e-19 1.57529e-08 
2592.18 9.44239e-07 5.02000e-02 2.08289e-19 1.28837e-08 
2595.00 9.09391e-07 5.06684e-02 1.97433e-19 1.18841e-08 
2595.24 9.05577e-07 5.07091e-02 1.96516e-19 1.17899e-08 
2605.00 7.07825e-07 5.23559e-02 1.63320e-19 7.93710e-09 
2605.14 7.05535e-07 5.23800e-02 1.62891e-19 7.89471e-09 
2606.47 6.86346e-07 5.26063e-02 1.58943e-19 7.53007e-09 
2615.00 6.40879e-07 5.40759e-02 1.37108e-19 6.25517e-09 
2617.70 6.49858e-07 5.45474e-02 1.31590e-19 6.14690e-09 
2618.17 6.54289e-07 5.46300e-02 1.30700e-19 6.15739e-09 
2625.00 9.41729e-07 5.58436e-02 1.20385e-19 8.36611e-09 
2628.93 1.36841e-06 5.65501e-02 1.16847e-19 1.19666e-08 
2631.26 1.65697e-06 5.69700e-02 1.15653e-19 1.44612e-08 
2635.00 2.05258e-06 5.76473e-02 1.15256e-19 1.80904e-08 
2640.17 2.35721e-06 5.85893e-02 1.18099e-19 2.16780e-08 
2644.41 2.71610e-06 5.93700e-02 1.23697e-19 2.65537e-08 
2645.00 2.79497e-06 5.94785e-02 1.24724e-19 2.76080e-08 
2651.42 3.89044e-06 6.06780e-02 1.40423e-19 4.42457e-08 
2655.00 4.09183e-06 6.13568e-02 1.53095e-19 5.13722e-08 
2657.64 3.78893e-06 6.18600e-02 1.64433e-19 5.15624e-08 
2662.67 2.70569e-06 6.28289e-02 1.91353e-19 4.36028e-08 
2665.00 2.30892e-06 6.32817e-02 2.06410e-19 4.04611e-08 
2670.92 2.27985e-06 6.44400e-02 2.52992e-19 4.99750e-08 
2673.92 2.59865e-06 6.50303e-02 2.81651e-19 6.40690e-08 
2675.00 2.73135e-06 6.52430e-02 2.92850e-19 7.02754e-08 
2684.28 3.37801e-06 6.70900e-02 4.11957e-19 1.26160e-07 
2685.00 3.34148e-06 6.72347e-02 4.23086e-19 1.28478e-07 
2685.18 3.32906e-06 6.72718e-02 4.25986e-19 1.28958e-07 
2695.00 2.23054e-06 6.92636e-02 6.10507e-19 1.27964e-07 
2696.45 2.24711e-06 6.95623e-02 6.43403e-19 1.36520e-07 
2697.70 2.31925e-06 6.98200e-02 6.72956e-19 1.47989e-07 
2705.00 2.91845e-06 7.13434e-02 8.71259e-19 2.47027e-07 
2707.72 2.82462e-06 7.19174e-02 9.57418e-19 2.65108e-07 
2711.19 2.44027e-06 7.26500e-02 1.07745e-18 2.60707e-07 
2715.00 1.90804e-06 7.34586e-02 1.22402e-18 2.34483e-07 
2719.00 1.48025e-06 7.43123e-02 1.39558e-18 2.10128e-07 
2724.74 1.30758e-06 7.55500e-02 1.67597e-18 2.27100e-07 
2725.00 1.31474e-06 7.56055e-02 1.68943e-18 2.30369e-07 
2730.29 1.64549e-06 7.67632e-02 1.98835e-18 3.45202e-07 
2735.00 1.79281e-06 7.78079e-02 2.28920e-18 4.39666e-07 
2738.37 1.55533e-06 7.85600e-02 2.52528e-18 4.25353e-07 
2741.58 1.19966e-06 7.92794e-02 2.76717e-18 3.63226e-07 
2745.00 9.18283e-07 8.00518e-02 3.04477e-18 3.09291e-07 
2752.06 1.14738e-06 8.16600e-02 3.68279e-18 4.78051e-07 
2752.87 1.21285e-06 8.18459e-02 3.76178e-18 5.17495e-07 
2755.00 1.38716e-06 8.23368e-02 3.97568e-18 6.29761e-07 
2764.17 1.92372e-06 8.44723e-02 4.99688e-18 1.12990e-06 
2765.00 1.95785e-06 8.46672e-02 5.09761e-18 1.17620e-06 
2765.82 1.98976e-06 8.48600e-02 5.19852e-18 1.22217e-06 
2775.00 1.99214e-06 8.70302e-02 6.42038e-18 1.55502e-06 
2775.47 1.96293e-06 8.71433e-02 6.48828e-18 1.55070e-06 
2779.65 1.58408e-06 8.81400e-02 7.10475e-18 1.38807e-06 
2785.00 1.00093e-06 8.94268e-02 7.94587e-18 9.97154e-07 
2786.79 8.41978e-07 8.98591e-02 8.23921e-18 8.74530e-07 
2793.55 4.58287e-07 9.15100e-02 9.40499e-18 5.54682e-07 
2795.00 4.11472e-07 9.18677e-02 9.66629e-18 5.14124e-07 
2798.10 3.48518e-07 9.26358e-02 1.02370e-17 4.65547e-07 
2805.00 5.19314e-07 9.43581e-02 1.15629e-17 8.00075e-07 
2807.52 7.33258e-07 9.49900e-02 1.20644e-17 1.18764e-06 
2809.42 9.43800e-07 9.54704e-02 1.24507e-17 1.58666e-06 
2815.00 1.69227e-06 9.68796e-02 1.36054e-17 3.16094e-06 
2820.75 2.44153e-06 9.83447e-02 1.48306e-17 5.05661e-06 
2821.55 2.52434e-06 9.85500e-02 1.50036e-17 5.30164e-06 
2825.00 2.77239e-06 9.94361e-02 1.57524e-17 6.17569e-06 
2832.08 2.64698e-06 1.01274e-01 1.73088e-17 6.61523e-06 
2835.00 2.41298e-06 1.02037e-01 1.79521e-17 6.30815e-06 
2835.66 2.35048e-06 1.02210e-01 1.80980e-17 6.20666e-06 
2843.42 1.46874e-06 1.04261e-01 1.98024e-17 4.34058e-06 
2845.00 1.27648e-06 1.04681e-01 2.01452e-17 3.85531e-06 
2849.84 7.57552e-07 1.05980e-01 2.11849e-17 2.44009e-06 
2854.77 5.93824e-07 1.07317e-01 2.22186e-17 2.03487e-06 
2855.00 6.00929e-07 1.07381e-01 2.22666e-17 2.06506e-06 
2864.09 1.79595e-06 1.09870e-01 2.40767e-17 6.84985e-06 
2865.00 1.97147e-06 1.10120e-01 2.42500e-17 7.59306e-06 
2866.12 2.18851e-06 1.10427e-01 2.44601e-17 8.52900e-06 
2875.00 3.40111e-06 1.12874e-01 2.60310e-17 1.44632e-05 
2877.47 3.38603e-06 1.13559e-01 2.64331e-17 1.47230e-05 
2878.41 3.34485e-06 1.13820e-01 2.65812e-17 1.46638e-05 
2885.00 3.03790e-06 1.15667e-01 2.75510e-17 1.40601e-05 
2888.83 3.24234e-06 1.16750e-01 2.80538e-17 1.54438e-05 
2892.80 3.71871e-06 1.17880e-01 2.85237e-17 1.82087e-05 
2895.00 4.02544e-06 1.18509e-01 2.87611e-17 1.99959e-05 
2900.20 4.69778e-06 1.20003e-01 2.92549e-17 2.40789e-05 
2907.27 5.34266e-06 1.22050e-01 2.97691e-17 2.84098e-05 
2910.00 5.46886e-06 1.22846e-01 2.99184e-17 2.94451e-05 
2911.57 5.50343e-06 1.23304e-01 2.99914e-17 2.98304e-05 
2921.80 5.23653e-06 1.26310e-01 3.02395e-17 2.94191e-05 
2922.95 5.17595e-06 1.26649e-01 3.02428e-17 2.91715e-05 
2930.00 4.80888e-06 1.28750e-01 3.01567e-17 2.75402e-05 
2934.33 4.65755e-06 1.30057e-01 3.00152e-17 2.68574e-05 
2936.41 4.60936e-06 1.30690e-01 2.99239e-17 2.66466e-05 
2945.72 4.54363e-06 1.33559e-01 2.93397e-17 2.64026e-05 
2950.00 4.57106e-06 1.34883e-01 2.89802e-17 2.65352e-05 
2951.09 4.58156e-06 1.35220e-01 2.88800e-17 2.65802e-05 
2957.11 4.65478e-06 1.37066e-01 2.82695e-17 2.68497e-05 
2965.85 4.76986e-06 1.39740e-01 2.72262e-17 2.70948e-05 
2968.51 4.79735e-06 1.40560e-01 2.68760e-17 2.70826e-05 
2970.00 4.80971e-06 1.41020e-01 2.66745e-17 2.70505e-05 
2979.92 4.83204e-06 1.44119e-01 2.52431e-17 2.63708e-05 
2980.68 4.83004e-06 1.44360e-01 2.51280e-17 2.62902e-05 
2990.00 4.77466e-06 1.47347e-01 2.36744e-17 2.50701e-05 
2991.33 4.76321e-06 1.47778e-01 2.34628e-17 2.48701e-05 
2995.58 4.72600e-06 1.49170e-01 2.27809e-17 2.42187e-05 
3002.74 4.68890e-06 1.51542e-01 2.16299e-17 2.32328e-05 
3010.00 4.73536e-06 1.53946e-01 2.04812e-17 2.26239e-05 
3010.56 4.74414e-06 1.54130e-01 2.03942e-17 2.26007e-05 
3014.16 4.81848e-06 1.55310e-01 1.98389e-17 2.25277e-05 
3025.59 5.14081e-06 1.59034e-01 1.81817e-17 2.26406e-05 
3025.61 5.14132e-06 1.59040e-01 1.81791e-17 2.26406e-05 
3030.00 5.24246e-06 1.60489e-01 1.75974e-17 2.25837e-05 
3037.02 5.32831e-06 1.62837e-01 1.67474e-17 2.22159e-05 
3040.74 5.35393e-06 1.64090e-01 1.63442e-17 2.19797e-05 
3048.46 5.42710e-06 1.66710e-01 1.56238e-17 2.16931e-05 
3050.00 5.45207e-06 1.67232e-01 1.55014e-17 2.17008e-05 
3055.94 5.58617e-06 1.69250e-01 1.50996e-17 2.19622e-05 
3059.91 5.68174e-06 1.70592e-01 1.48997e-17 2.22458e-05 
3070.00 5.76852e-06 1.74020e-01 1.46675e-17 2.27552e-05 
3071.22 5.75078e-06 1.74440e-01 1.46687e-17 2.27509e-05 
3071.36 5.74840e-06 1.74486e-01 1.46692e-17 2.27493e-05 
3082.81 5.41627e-06 1.78475e-01 1.50359e-17 2.25567e-05 
3086.58 5.34547e-06 1.79800e-01 1.53062e-17 2.28583e-05 
3090.00 5.34673e-06 1.81006e-01 1.56225e-17 2.35186e-05 
3094.27 5.45871e-06 1.82513e-01 1.61175e-17 2.50129e-05 
3102.01 5.83509e-06 1.85250e-01 1.73192e-17 2.92348e-05 
3105.74 6.01624e-06 1.86571e-01 1.80498e-17 3.16760e-05 
3110.00 6.15955e-06 1.88083e-01 1.90150e-17 3.44888e-05 
3117.21 6.16627e-06 1.90649e-01 2.09891e-17 3.87206e-05 
3117.52 6.16099e-06 1.90760e-01 2.10842e-17 3.88891e-05 
3128.69 5.81808e-06 1.94757e-01 2.51131e-17 4.48186e-05 
3130.00 5.77170e-06 1.95228e-01 2.56680e-17 4.55729e-05 
3133.11 5.66922e-06 1.96350e-01 2.70579e-17 4.75059e-05 
3140.17 5.50238e-06 1.98913e-01 3.06193e-17 5.29767e-05 
3148.77 5.50121e-06 2.02050e-01 3.57747e-17 6.30315e-05 
3150.00 5.52539e-06 2.02497e-01 3.65869e-17 6.49144e-05 
3151.66 5.56894e-06 2.03104e-01 3.77206e-17 6.76911e-05 
3163.16 5.98415e-06 2.07310e-01 4.66383e-17 9.21315e-05 
3164.52 6.01891e-06 2.07810e-01 4.78262e-17 9.52975e-05 
3170.00 6.05290e-06 2.09827e-01 5.28991e-17 1.07215e-04 
3174.66 5.91610e-06 2.11545e-01 5.75921e-17 1.15192e-04 
3180.34 5.63972e-06 2.13650e-01 6.38215e-17 1.23119e-04 
3186.16 5.39830e-06 2.15811e-01 7.07879e-17 1.32276e-04 
3190.00 5.34937e-06 2.17239e-01 7.57189e-17 1.41306e-04 
3196.24 5.52697e-06 2.19570e-01 8.43268e-17 1.64660e-04 
3197.67 5.59399e-06 2.20105e-01 8.64029e-17 1.71253e-04 
3209.19 5.94802e-06 2.24428e-01 1.04570e-16 2.25516e-04 
3210.00 5.93438e-06 2.24733e-01 1.05946e-16 2.28325e-04 
3212.22 5.85693e-06 2.25570e-01 1.09791e-16 2.34555e-04 
3220.71 5.26428e-06 2.28768e-01 1.25364e-16 2.44783e-04 
3228.29 4.86945e-06 2.31630e-01 1.40457e-16 2.57461e-04 
3230.00 4.86517e-06 2.32280e-01 1.44029e-16 2.64658e-04 
3232.24 4.92670e-06 2.33131e-01 1.48784e-16 2.78060e-04 
3243.78 6.05751e-06 2.37522e-01 1.74741e-16 4.10550e-04 
3244.43 6.14168e-06 2.37770e-01 1.76279e-16 4.20443e-04 
3250.00 6.84092e-06 2.39893e-01 1.89738e-16 5.09441e-04 
3255.32 7.38190e-06 2.41920e-01 2.03053e-16 5.94246e-04 
3260.65 7.77754e-06 2.43960e-01 2.16855e-16 6.75393e-04 
3266.86 8.06046e-06 2.46344e-01 2.33433e-16 7.62287e-04 
3270.00 8.13357e-06 2.47552e-01 2.42002e-16 8.02117e-04 
3276.95 8.14689e-06 2.50230e-01 2.61370e-16 8.78983e-04 
3278.41 8.12882e-06 2.50792e-01 2.65497e-16 8.93279e-04 
3289.97 7.84637e-06 2.55248e-01 2.98760e-16 9.90989e-04 
3290.00 7.84544e-06 2.55260e-01 2.98853e-16 9.91237e-04 
3293.34 7.74858e-06 2.56550e-01 3.08600e-16 1.01707e-03 
3301.53 7.53562e-06 2.59726e-01 3.32658e-16 1.08211e-03 
3309.80 7.39855e-06 2.62940e-01 3.56940e-16 1.15697e-03 
3310.00 7.39668e-06 2.63016e-01 3.57514e-16 1.15895e-03 
3313.10 7.37672e-06 2.64221e-01 3.66554e-16 1.19159e-03 
3324.67 7.43237e-06 2.68725e-01 3.99766e-16 1.33633e-03 
3326.35 7.45340e-06 2.69380e-01 4.04488e-16 1.35993e-03 
3330.00 7.50665e-06 2.70803e-01 4.14625e-16 1.41293e-03 
3336.25 7.59611e-06 2.73245e-01 4.31589e-16 1.50451e-03 
3342.98 7.57564e-06 2.75880e-01 4.49168e-16 1.57981e-03 
3347.84 7.40103e-06 2.77783e-01 4.61320e-16 1.59841e-03 
3350.00 7.26242e-06 2.78631e-01 4.66583e-16 1.59224e-03 
3359.43 6.30707e-06 2.82333e-01 4.88289e-16 1.47047e-03 
3359.70 6.27702e-06 2.82440e-01 4.88882e-16 1.46591e-03 
3370.00 5.46843e-06 2.86486e-01 5.09946e-16 1.35532e-03 
3371.02 5.44975e-06 2.86888e-01 5.11879e-16 1.35813e-03 
3376.50 5.55786e-06 2.89040e-01 5.21680e-16 1.42449e-03 
3382.63 5.93182e-06 2.91452e-01 5.31557e-16 1.56489e-03 
3390.00 6.39330e-06 2.94358e-01 5.41823e-16 1.74013e-03 
3393.38 6.50817e-06 2.95690e-01 5.45918e-16 1.79464e-03 
3394.23 6.52631e-06 2.96027e-01 5.46890e-16 1.80536e-03 
3405.85 6.53619e-06 3.00606e-01 5.57561e-16 1.87829e-03 
3410.00 6.52699e-06 3.02243e-01 5.60203e-16 1.89711e-03 
3410.35 6.52809e-06 3.02380e-01 5.60396e-16 1.89914e-03 
3417.47 6.61746e-06 3.05189e-01 5.63379e-16 1.95744e-03 
3427.40 6.85021e-06 3.09110e-01 5.64457e-16 2.06222e-03 
3429.09 6.88939e-06 3.09779e-01 5.64285e-16 2.07890e-03 
3430.00 6.90927e-06 3.10138e-01 5.64150e-16 2.08737e-03 
3440.72 7.08224e-06 3.14381e-01 5.60347e-16 2.16101e-03 
3444.54 7.12424e-06 3.15890e-01 5.58031e-16 2.17764e-03 
3450.00 7.17633e-06 3.18053e-01 5.53861e-16 2.19555e-03 
3452.36 7.19800e-06 3.18986e-01 5.51756e-16 2.20176e-03 
3461.76 7.30368e-06 3.22690e-01 5.41628e-16 2.22458e-03 
3464.00 7.33851e-06 3.23570e-01 5.38813e-16 2.23108e-03 
3470.00 7.46175e-06 3.25916e-01 5.30576e-16 2.25396e-03 
3475.65 7.62611e-06 3.28124e-01 5.21912e-16 2.28506e-03 
3479.07 7.74559e-06 3.29460e-01 5.16272e-16 2.30740e-03 
3487.30 8.07813e-06 3.32692e-01 5.01525e-16 2.36624e-03 
3490.00 8.19614e-06 3.33753e-01 4.96369e-16 2.38555e-03 
3496.46 8.47044e-06 3.36300e-01 4.83405e-16 2.42380e-03 
3498.96 8.55601e-06 3.37287e-01 4.78176e-16 2.43064e-03 
3510.00 8.58666e-06 3.41643e-01 4.53865e-16 2.35264e-03 
3510.63 8.56413e-06 3.41892e-01 4.52425e-16 2.34114e-03 
3513.95 8.40408e-06 3.43200e-01 4.44749e-16 2.26919e-03 
3522.30 7.92769e-06 3.46493e-01 4.24847e-16 2.06930e-03 
3530.00 7.86410e-06 3.49524e-01 4.05936e-16 1.98281e-03 
3531.51 7.94016e-06 3.50120e-01 4.02165e-16 1.98763e-03 
3533.98 8.12206e-06 3.51088e-01 3.96009e-16 2.00898e-03 
3545.66 9.15419e-06 3.55680e-01 3.66458e-16 2.12973e-03 
3549.17 9.22241e-06 3.57060e-01 3.57513e-16 2.10343e-03 
3550.00 9.20407e-06 3.57385e-01 3.55405e-16 2.08926e-03 
3557.35 8.49459e-06 3.60269e-01 3.36704e-16 1.84530e-03 
3566.92 6.99384e-06 3.64020e-01 3.12526e-16 1.42871e-03 
3569.04 6.72136e-06 3.64851e-01 3.07209e-16 1.35357e-03 
3570.00 6.61742e-06 3.65226e-01 3.04818e-16 1.32398e-03 
3580.74 6.26545e-06 3.69424e-01 2.78380e-16 1.16148e-03 
3584.75 6.40613e-06 3.70990e-01 2.68717e-16 1.15249e-03 
3590.00 6.69546e-06 3.73038e-01 2.56279e-16 1.15682e-03 
3592.45 6.84572e-06 3.73994e-01 2.50561e-16 1.16014e-03 
3602.68 7.45603e-06 3.77980e-01 2.27312e-16 1.16184e-03 
3604.16 7.53334e-06 3.78557e-01 2.24035e-16 1.15921e-03 
3610.00 7.78364e-06 3.80826e-01 2.11363e-16 1.13860e-03 
3615.88 7.92626e-06 3.83105e-01 1.99019e-16 1.10006e-03 
3620.69 7.96789e-06 3.84970e-01 1.89222e-16 1.05793e-03 
3627.60 7.93322e-06 3.87644e-01 1.75672e-16 9.86567e-04 
3630.00 7.90042e-06 3.88572e-01 1.71108e-16 9.59893e-04 
3638.79 7.94315e-06 3.91970e-01 1.55039e-16 8.84235e-04 
3639.33 7.97345e-06 3.92177e-01 1.54095e-16 8.82796e-04 
3640.00 8.01880e-06 3.92436e-01 1.52914e-16 8.81762e-04 
3650.00 9.18777e-06 3.96292e-01 1.36053e-16 9.10225e-04 
3651.06 9.29357e-06 3.96702e-01 1.34339e-16 9.10312e-04 
3656.99 9.64778e-06 3.98980e-01 1.25064e-16 8.86249e-04 
3662.80 9.68817e-06 4.01211e-01 1.16410e-16 8.34339e-04 
3670.00 9.48084e-06 4.03966e-01 1.06316e-16 7.52277e-04 
3674.55 9.28898e-06 4.05704e-01 1.00277e-16 6.99048e-04 
3675.27 9.25832e-06 4.05980e-01 9.93425e-17 6.90851e-04 
3686.30 8.96066e-06 4.10185e-01 8.58780e-17 5.85755e-04 
3690.00 9.00310e-06 4.11592e-01 8.16939e-17 5.62339e-04 
3693.65 9.14164e-06 4.12980e-01 7.77230e-17 5.45609e-04 
3698.06 9.36613e-06 4.14656e-01 7.31266e-17 5.28714e-04 
3709.82 9.44665e-06 4.19114e-01 6.19194e-17 4.57839e-04 
3710.00 9.43462e-06 4.19180e-01 6.17627e-17 4.56193e-04 
3712.12 9.24953e-06 4.19980e-01 5.99054e-17 4.34870e-04 
3721.59 7.88448e-06 4.23550e-01 5.21410e-17 3.26218e-04 
3730.00 6.82783e-06 4.26706e-01 4.59663e-17 2.51468e-04 
3730.68 6.78260e-06 4.26960e-01 4.54963e-17 2.47441e-04 
3733.37 6.67728e-06 4.27969e-01 4.36692e-17 2.34537e-04 
3745.15 7.23100e-06 4.32379e-01 3.63795e-17 2.14443e-04 
3749.33 7.64028e-06 4.33940e-01 3.40541e-17 2.13101e-04 
3750.00 7.70813e-06 4.34190e-01 3.36940e-17 2.12881e-04 
3756.94 8.39122e-06 4.36774e-01 3.01485e-17 2.08980e-04 
3768.08 9.22842e-06 4.40910e-01 2.51267e-17 1.93935e-04 
3768.73 9.26063e-06 4.41152e-01 2.48565e-17 1.92658e-04 
3770.00 9.31646e-06 4.41622e-01 2.43381e-17 1.90043e-04 
3780.53 9.51427e-06 4.45509e-01 2.03903e-17 1.64487e-04 
3786.92 9.57404e-06 4.47860e-01 1.82794e-17 1.49420e-04 
3790.00 9.63778e-06 4.48992e-01 1.73320e-17 1.43096e-04 
3792.33 9.71034e-06 4.49848e-01 1.66438e-17 1.38798e-04 
3804.14 9.85632e-06 4.54167e-01 1.35197e-17 1.15899e-04 
3805.85 9.76639e-06 4.54790e-01 1.31141e-17 1.11599e-04 
3810.00 9.33701e-06 4.56301e-01 1.21744e-17 9.94844e-05 
3815.96 8.17979e-06 4.58467e-01 1.09297e-17 7.87382e-05 
3824.88 6.22248e-06 4.61700e-01 9.28023e-18 5.13361e-05 
3827.78 5.79674e-06 4.62749e-01 8.79456e-18 4.54584e-05 
3830.00 5.61137e-06 4.63550e-01 8.43905e-18 4.23235e-05 
3839.61 6.19590e-06 4.67012e-01 7.04414e-18 3.93977e-05 
3844.01 6.83022e-06 4.68590e-01 6.47925e-18 4.01292e-05 
3850.00 7.55976e-06 4.70736e-01 5.77568e-18 3.98357e-05 
3851.45 7.66237e-06 4.71252e-01 5.61688e-18 3.93241e-05 
3863.23 7.60392e-06 4.75450e-01 4.46447e-18 3.13896e-05 
3863.29 7.60158e-06 4.75471e-01 4.45931e-18 3.13456e-05 
3870.00 7.37930e-06 4.77856e-01 3.90505e-18 2.68270e-05 
3875.13 7.39503e-06 4.79674e-01 3.52540e-18 2.43952e-05 
3882.54 7.79455e-06 4.82290e-01 3.03725e-18 2.23161e-05 
3886.98 8.25851e-06 4.83851e-01 2.77585e-18 2.17043e-05 
3890.00 8.67411e-06 4.84910e-01 2.61039e-18 2.15013e-05 
3898.84 1.00871e-05 4.88008e-01 2.17743e-18 2.10376e-05 
3901.96 1.04368e-05 4.89100e-01 2.04172e-18 2.04723e-05 
3910.00 1.02425e-05 4.91918e-01 1.72740e-18 1.71314e-05 
3910.70 1.01206e-05 4.92164e-01 1.70221e-18 1.66920e-05 
3921.46 6.97136e-06 4.95880e-01 1.35827e-18 9.26944e-06 
3922.57 6.64220e-06 4.96257e-01 1.32693e-18 8.63695e-06 
3930.00 5.38993e-06 4.98754e-01 1.13429e-18 6.03267e-06 
3934.45 5.83300e-06 5.00240e-01 1.03235e-18 5.96627e-06 
3941.07 7.50500e-06 5.02460e-01 8.97160e-19 6.71212e-06 
3946.33 8.77430e-06 5.04243e-01 8.02670e-19 7.05514e-06 
3950.00 9.17055e-06 5.05495e-01 7.42784e-19 6.84692e-06 
3958.22 8.08755e-06 5.08306e-01 6.25038e-19 5.12002e-06 
3960.78 7.49641e-06 5.09180e-01 5.92544e-19 4.50972e-06 
3970.00 6.32821e-06 5.12304e-01 4.90142e-19 3.17574e-06 
3970.11 6.33435e-06 5.12341e-01 4.89050e-19 3.17205e-06 
3980.58 9.10346e-06 5.15860e-01 3.97161e-19 3.73744e-06 
3982.01 9.66181e-06 5.16339e-01 3.86372e-19 3.86389e-06 
3990.00 1.24601e-05 5.19015e-01 3.32758e-19 4.32241e-06 
3993.91 1.32245e-05 5.20322e-01 3.10380e-19 4.29407e-06 
4000.48 1.36376e-05 5.22510e-01 2.77928e-19 3.98841e-06 
4005.82 1.35091e-05 5.24281e-01 2.55863e-19 3.65437e-06 
4010.00 1.33341e-05 5.25660e-01 2.41056e-19 3.41078e-06 
4017.74 1.31869e-05 5.28209e-01 2.18769e-19 3.08204e-06 
4020.49 1.31797e-05 5.29110e-01 2.12349e-19 2.99711e-06 
4029.66 1.31873e-05 5.32113e-01 1.95989e-19 2.78986e-06 
4030.00 1.31859e-05 5.32223e-01 1.95530e-19 2.78386e-06 
4040.59 1.30159e-05 5.35670e-01 1.85677e-19 2.63329e-06 
4041.59 1.29873e-05 5.35996e-01 1.85184e-19 2.62276e-06 
4050.00 1.26673e-05 5.38717e-01 1.83805e-19 2.55729e-06 
4053.53 1.24967e-05 5.39855e-01 1.84628e-19 2.54171e-06 
4060.79 1.21987e-05 5.42190e-01 1.88764e-19 2.55223e-06 
4065.47 1.21441e-05 5.43686e-01 1.93092e-19 2.60923e-06 
4070.00 1.22725e-05 5.45132e-01 1.98479e-19 2.72062e-06 
4077.41 1.29051e-05 5.47491e-01 2.09741e-19 3.04178e-06 
4081.10 1.33038e-05 5.48660e-01 2.16429e-19 3.24559e-06 
4089.37 1.40063e-05 5.51280e-01 2.34044e-19 3.72024e-06 
4090.00 1.40342e-05 5.51480e-01 2.35537e-19 3.75339e-06 
4101.33 1.38847e-05 5.55045e-01 2.65714e-19 4.22791e-06 
4101.50 1.38766e-05 5.55100e-01 2.66234e-19 4.23433e-06 
4110.00 1.35201e-05 5.57750e-01 2.93217e-19 4.57480e-06 
4113.29 1.34661e-05 5.58772e-01 3.04644e-19 4.74660e-06 
4122.01 1.35350e-05 5.61470e-01 3.37581e-19 5.32347e-06 
4125.26 1.35919e-05 5.62474e-01 3.50859e-19 5.57047e-06 
4130.00 1.36549e-05 5.63936e-01 3.71185e-19 5.94268e-06 
4137.24 1.36494e-05 5.66162e-01 4.04478e-19 6.51002e-06 
4142.62 1.36093e-05 5.67810e-01 4.31018e-19 6.94597e-06 
4149.22 1.35958e-05 5.69821e-01 4.65674e-19 7.53558e-06 
4150.00 1.36006e-05 5.70059e-01 4.69925e-19 7.61164e-06 
4161.21 1.37680e-05 5.73450e-01 5.34650e-19 8.84258e-06 
4163.33 1.37909e-05 5.74090e-01 5.47695e-19 9.08813e-06 
4170.00 1.37568e-05 5.76094e-01 5.90272e-19 9.82024e-06 
4173.20 1.36609e-05 5.77054e-01 6.11609e-19 1.01289e-05 
4184.15 1.31629e-05 5.80320e-01 6.88922e-19 1.10846e-05 
4185.20 1.31217e-05 5.80633e-01 6.96729e-19 1.11839e-05 
4190.00 1.29994e-05 5.82057e-01 7.33056e-19 1.16994e-05 
4197.21 1.30565e-05 5.84187e-01 7.90146e-19 1.27341e-05 
4205.07 1.32329e-05 5.86500e-01 8.55807e-19 1.40603e-05 
4209.22 1.32661e-05 5.87717e-01 8.91934e-19 1.47356e-05 
4210.00 1.32622e-05 5.87945e-01 8.98814e-19 1.48534e-05 
4221.24 1.29155e-05 5.91223e-01 1.00209e-18 1.62605e-05 
4226.10 1.27396e-05 5.92630e-01 1.04893e-18 1.68480e-05 
4230.00 1.26605e-05 5.93758e-01 1.08757e-18 1.74092e-05 
4233.27 1.26599e-05 5.94699e-01 1.12053e-18 1.79783e-05 
4245.30 1.28720e-05 5.98149e-01 1.24705e-18 2.05196e-05 
4247.23 1.28867e-05 5.98700e-01 1.26807e-18 2.09182e-05 
4250.00 1.28748e-05 5.99491e-01 1.29864e-18 2.14449e-05 
4257.33 1.26355e-05 6.01576e-01 1.38134e-18 2.25033e-05 
4268.46 1.20534e-05 6.04720e-01 1.51202e-18 2.36819e-05 
4269.37 1.20129e-05 6.04977e-01 1.52300e-18 2.37890e-05 
4270.00 1.19869e-05 6.05153e-01 1.53055e-18 2.38654e-05 
4281.42 1.15840e-05 6.08349e-01 1.67148e-18 2.53879e-05 
4289.80 1.09258e-05 6.10680e-01 1.77839e-18 2.56245e-05 
4290.00 1.09023e-05 6.10734e-01 1.78093e-18 2.56092e-05 
4293.48 1.04234e-05 6.11698e-01 1.82613e-18 2.51658e-05 
4305.54 8.97909e-06 6.15025e-01 1.98616e-18 2.37733e-05 
4310.00 9.08591e-06 6.16248e-01 2.04653e-18 2.48623e-05 
4311.25 9.22439e-06 6.16590e-01 2.06358e-18 2.54731e-05 
4317.61 1.04993e-05 6.18320e-01 2.15069e-18 3.03473e-05 
4329.68 1.32102e-05 6.21586e-01 2.31873e-18 4.14993e-05 
4330.00 1.32475e-05 6.21673e-01 2.32324e-18 4.17062e-05 
4332.81 1.34454e-05 6.22430e-01 2.36273e-18 4.31291e-05 
4341.76 1.30842e-05 6.24835e-01 2.48918e-18 4.44793e-05 
4350.00 1.26163e-05 6.27039e-01 2.60624e-18 4.51496e-05 
4353.84 1.27257e-05 6.28062e-01 2.66088e-18 4.66128e-05 
4354.47 1.27640e-05 6.28230e-01 2.66985e-18 4.69300e-05 
4365.93 1.37635e-05 6.31259e-01 2.83259e-18 5.40903e-05 
4370.00 1.39360e-05 6.32326e-01 2.89009e-18 5.60269e-05 
4376.25 1.37155e-05 6.33960e-01 2.97800e-18 5.70457e-05 
4378.03 1.35771e-05 6.34426e-01 3.00301e-18 5.70093e-05 
4390.00 1.26563e-05 6.37533e-01 3.16899e-18 5.65089e-05 
4390.13 1.26520e-05 6.37568e-01 3.17082e-18 5.65274e-05 
4398.13 1.27716e-05 6.39630e-01 3.27952e-18 5.93167e-05 
4402.24 1.30384e-05 6.40688e-01 3.33469e-18 6.17340e-05 
4410.00 1.36749e-05 6.42675e-01 3.43693e-18 6.70579e-05 
4414.36 1.40035e-05 6.43787e-01 3.49329e-18 6.99851e-05 
4420.12 1.43490e-05 6.45250e-01 3.56643e-18 7.34751e-05 
4426.48 1.45831e-05 6.46858e-01 3.64531e-18 7.66258e-05 
4430.00 1.46331e-05 6.47744e-01 3.68804e-18 7.79583e-05 
4438.61 1.45483e-05 6.49900e-01 3.78951e-18 8.00591e-05 
4442.22 1.44872e-05 6.50800e-01 3.83074e-18 8.07674e-05 
4450.00 1.44765e-05 6.52732e-01 3.91671e-18 8.29092e-05 
4450.74 1.44914e-05 6.52916e-01 3.92469e-18 8.32013e-05 
4462.88 1.50109e-05 6.55918e-01 4.04975e-18 8.95825e-05 
4464.43 1.50812e-05 6.56300e-01 4.06492e-18 9.04230e-05 
4470.00 1.52589e-05 6.57675e-01 4.11796e-18 9.29923e-05 
4475.03 1.52801e-05 6.58909e-01 4.16371e-18 9.44389e-05 
4486.75 1.52995e-05 6.61730e-01 4.26230e-18 9.74669e-05 
4487.18 1.53122e-05 6.61831e-01 4.26568e-18 9.76492e-05 
4490.00 1.54367e-05 6.62490e-01 4.28755e-18 9.91086e-05 
4499.34 1.62545e-05 6.64639e-01 4.35492e-18 1.06564e-04 
4509.19 1.68828e-05 6.66900e-01 4.41744e-18 1.12901e-04 
4510.00 1.68840e-05 6.67089e-01 4.42222e-18 1.13084e-04 
4511.50 1.68579e-05 6.67438e-01 4.43085e-18 1.13226e-04 
4523.67 1.58407e-05 6.70305e-01 4.49303e-18 1.08642e-04 
4530.00 1.53063e-05 6.71802e-01 4.51982e-18 1.05987e-04 
4531.73 1.52254e-05 6.72210e-01 4.52648e-18 1.05687e-04 
4535.85 1.51587e-05 6.73176e-01 4.54118e-18 1.05814e-04 
4548.03 1.56739e-05 6.76005e-01 4.57522e-18 1.10991e-04 
4550.00 1.58111e-05 6.76460e-01 4.57940e-18 1.12189e-04 
4554.39 1.61247e-05 6.77470e-01 4.58740e-18 1.14895e-04 
4560.22 1.64960e-05 6.78808e-01 4.59522e-18 1.18125e-04 
4570.00 1.67449e-05 6.81043e-01 4.60128e-18 1.20718e-04 
4572.41 1.66925e-05 6.81592e-01 4.60143e-18 1.20506e-04 
4577.16 1.64808e-05 6.82670e-01 4.60020e-18 1.19257e-04 
4584.62 1.60498e-05 6.84354e-01 4.59427e-18 1.16465e-04 
4590.00 1.58404e-05 6.85565e-01 4.58701e-18 1.15101e-04 
4596.82 1.58548e-05 6.87092e-01 4.57434e-18 1.15315e-04 
4600.05 1.59356e-05 6.87810e-01 4.56704e-18 1.15920e-04 
4609.04 1.61845e-05 6.89803e-01 4.54240e-18 1.17664e-04 
4610.00 1.61994e-05 6.90015e-01 4.53939e-18 1.17755e-04 
4621.26 1.61286e-05 6.92488e-01 4.49936e-18 1.16908e-04 
4623.05 1.60946e-05 6.92880e-01 4.49219e-18 1.16586e-04 
4630.00 1.59751e-05 6.94395e-01 4.46237e-18 1.15377e-04 
4633.48 1.59460e-05 6.95151e-01 4.44631e-18 1.14964e-04 
4645.71 1.60256e-05 6.97793e-01 4.38444e-18 1.14665e-04 
4646.16 1.60330e-05 6.97890e-01 4.38202e-18 1.14681e-04 
4650.00 1.61066e-05 6.98715e-01 4.36093e-18 1.14884e-04 
4657.95 1.62962e-05 7.00419e-01 4.31510e-18 1.15492e-04 
4669.39 1.65060e-05 7.02850e-01 4.24487e-18 1.15758e-04 
4670.00 1.65106e-05 7.02978e-01 4.24102e-18 1.15722e-04 
4670.20 1.65119e-05 7.03020e-01 4.23978e-18 1.15708e-04 
4682.45 1.64084e-05 7.05589e-01 4.16003e-18 1.13530e-04 
4690.00 1.61808e-05 7.07161e-01 4.10941e-18 1.11019e-04 
4692.74 1.60722e-05 7.07730e-01 4.09087e-18 1.09928e-04 
4694.70 1.59902e-05 7.08137e-01 4.07755e-18 1.09119e-04 
4706.97 1.55987e-05 7.10668e-01 3.99411e-18 1.04915e-04 
4710.00 1.55875e-05 7.11291e-01 3.97354e-18 1.04459e-04 
4716.20 1.57182e-05 7.12560e-01 3.93176e-18 1.04551e-04 
4719.24 1.58344e-05 7.13177e-01 3.91156e-18 1.04941e-04 
4730.00 1.62921e-05 7.15356e-01 3.84142e-18 1.06604e-04 
4731.51 1.63402e-05 7.15660e-01 3.83182e-18 1.06731e-04 
4739.79 1.64971e-05 7.17320e-01 3.78069e-18 1.06751e-04 
4743.79 1.65265e-05 7.18120e-01 3.75689e-18 1.06477e-04 
4750.00 1.65432e-05 7.19356e-01 3.72150e-18 1.05901e-04 
4756.08 1.65518e-05 7.20561e-01 3.68879e-18 1.05335e-04 
4763.48 1.65585e-05 7.22020e-01 3.65195e-18 1.04699e-04 
4768.37 1.65596e-05 7.22979e-01 3.62961e-18 1.04311e-04 
4770.00 1.65593e-05 7.23298e-01 3.62257e-18 1.04188e-04 
4780.67 1.65389e-05 7.25377e-01 3.58145e-18 1.03405e-04 
4787.30 1.64970e-05 7.26660e-01 3.56082e-18 1.02873e-04 
4790.00 1.64703e-05 7.27181e-01 3.55359e-18 1.02629e-04 
4792.98 1.64339e-05 7.27755e-01 3.54644e-18 1.02340e-04 
4805.29 1.62972e-05 7.30111e-01 3.52673e-18 1.01512e-04 
4810.00 1.62974e-05 7.31005e-01 3.52369e-18 1.01650e-04 
4811.24 1.63060e-05 7.31240e-01 3.52333e-18 1.01752e-04 
4817.61 1.63908e-05 7.32444e-01 3.52448e-18 1.02618e-04 
4829.94 1.65120e-05 7.34753e-01 3.54183e-18 1.04480e-04 
4830.00 1.65117e-05 7.34764e-01 3.54197e-18 1.04485e-04 
4835.29 1.64351e-05 7.35750e-01 3.55602e-18 1.04667e-04 
4842.27 1.61505e-05 7.37044e-01 3.58092e-18 1.03907e-04 
4850.00 1.55442e-05 7.38471e-01 3.61744e-18 1.01384e-04 
4854.61 1.50357e-05 7.39319e-01 3.64387e-18 9.89908e-05 
4859.47 1.44861e-05 7.40210e-01 3.67569e-18 9.64178e-05 
4866.95 1.39205e-05 7.41574e-01 3.73276e-18 9.44105e-05 
4870.00 1.38837e-05 7.42128e-01 3.75893e-18 9.49509e-05 
4879.30 1.45591e-05 7.43808e-01 3.84962e-18 1.02399e-04 
4883.77 1.50783e-05 7.44610e-01 3.89914e-18 1.07628e-04 
4890.00 1.56950e-05 7.45723e-01 3.97493e-18 1.14525e-04 
4891.66 1.58010e-05 7.46018e-01 3.99643e-18 1.16007e-04 
4904.02 1.58821e-05 7.48207e-01 4.17512e-18 1.22483e-04 
4908.19 1.57535e-05 7.48940e-01 4.24282e-18 1.23687e-04 
4910.00 1.56929e-05 7.49259e-01 4.27348e-18 1.24200e-04 
4916.39 1.55021e-05 7.50379e-01 4.38752e-18 1.26317e-04 
4928.77 1.53574e-05 7.52535e-01 4.63535e-18 1.32920e-04 
4930.00 1.53675e-05 7.52748e-01 4.66208e-18 1.33845e-04 
4932.73 1.54083e-05 7.53220e-01 4.72244e-18 1.36099e-04 
4941.15 1.56496e-05 7.54668e-01 4.92027e-18 1.44543e-04 
4950.00 1.59603e-05 7.56178e-01 5.14744e-18 1.54805e-04 
4953.54 1.60626e-05 7.56778e-01 5.24376e-18 1.58952e-04 
4957.39 1.61455e-05 7.57430e-01 5.35252e-18 1.63354e-04 
4965.93 1.61807e-05 7.58868e-01 5.60719e-18 1.72121e-04 
4970.00 1.61048e-05 7.59550e-01 5.73543e-18 1.75533e-04 
4978.33 1.57506e-05 7.60940e-01 6.01178e-18 1.80576e-04 
4982.18 1.55274e-05 7.61580e-01 6.14584e-18 1.82280e-04 
4990.00 1.50418e-05 7.62875e-01 6.43083e-18 1.85372e-04 
4990.74 1.49975e-05 7.62997e-01 6.45855e-18 1.85680e-04 
5003.15 1.44452e-05 7.65037e-01 6.94836e-18 1.93399e-04 
5007.09 1.43981e-05 7.65680e-01 7.11285e-18 1.97654e-04 
5010.00 1.44209e-05 7.66154e-01 7.23719e-18 2.01669e-04 
5015.57 1.46015e-05 7.67057e-01 7.48183e-18 2.11581e-04 
5028.00 1.51839e-05 7.69058e-01 8.05940e-18 2.38212e-04 
5030.00 1.52387e-05 7.69380e-01 8.15669e-18 2.42155e-04 
5032.12 1.52713e-05 7.69720e-01 8.26108e-18 2.45991e-04 
5040.43 1.52359e-05 7.71045e-01 8.68125e-18 2.58774e-04 
5050.00 1.52135e-05 7.72560e-01 9.18994e-18 2.74593e-04 
5052.87 1.52792e-05 7.73010e-01 9.34729e-18 2.80823e-04 
5057.29 1.54361e-05 7.73700e-01 9.59445e-18 2.91723e-04 
5065.31 1.57276e-05 7.74940e-01 1.00572e-17 3.12562e-04 
5070.00 1.57907e-05 7.75656e-01 1.03359e-17 3.23109e-04 
5077.76 1.56096e-05 7.76825e-01 1.08104e-17 3.35085e-04 
5082.57 1.54118e-05 7.77540e-01 1.11127e-17 3.40723e-04 
5090.00 1.51807e-05 7.78629e-01 1.15916e-17 3.51080e-04 
5090.22 1.51775e-05 7.78661e-01 1.16060e-17 3.51473e-04 
5102.68 1.53033e-05 7.80474e-01 1.24428e-17 3.81754e-04 
5107.98 1.53933e-05 7.81250e-01 1.28107e-17 3.96157e-04 
5110.00 1.54084e-05 7.81547e-01 1.29524e-17 4.01242e-04 
5115.15 1.53784e-05 7.82311e-01 1.33193e-17 4.12623e-04 
5127.63 1.50968e-05 7.84172e-01 1.42339e-17 4.34970e-04 
5130.00 1.50451e-05 7.84526e-01 1.44116e-17 4.39295e-04 
5133.52 1.49835e-05 7.85050e-01 1.46784e-17 4.46196e-04 
5140.11 1.48714e-05 7.86024e-01 1.51843e-17 4.59280e-04 
5150.00 1.45045e-05 7.87473e-01 1.59606e-17 4.72628e-04 
5152.60 1.43320e-05 7.87853e-01 1.61683e-17 4.73548e-04 
5159.19 1.37948e-05 7.88810e-01 1.66998e-17 4.71959e-04 
5165.10 1.33077e-05 7.89665e-01 1.71831e-17 4.69516e-04 
5170.00 1.29960e-05 7.90372e-01 1.75889e-17 4.70212e-04 
5177.60 1.28067e-05 7.91465e-01 1.82260e-17 4.81516e-04 
5184.99 1.29464e-05 7.92520e-01 1.88539e-17 5.04930e-04 
5190.00 1.31973e-05 7.93232e-01 1.92843e-17 5.27448e-04 
5190.11 1.32041e-05 7.93248e-01 1.92937e-17 5.27997e-04 
5202.62 1.41304e-05 7.95012e-01 2.03827e-17 5.99705e-04 
5210.00 1.45513e-05 7.96043e-01 2.10328e-17 6.38993e-04 
5210.91 1.45826e-05 7.96170e-01 2.11137e-17 6.43047e-04 
5215.15 1.46687e-05 7.96758e-01 2.14895e-17 6.59377e-04 
5227.67 1.47458e-05 7.98487e-01 2.26100e-17 7.00599e-04 
5230.00 1.48006e-05 7.98807e-01 2.28193e-17 7.10312e-04 
5236.97 1.50979e-05 7.99760e-01 2.34476e-17 7.46407e-04 
5240.21 1.52398e-05 8.00202e-01 2.37403e-17 7.63727e-04 
5250.00 1.52563e-05 8.01531e-01 2.46271e-17 7.95911e-04 
5252.75 1.50674e-05 8.01902e-01 2.48761e-17 7.94791e-04 
5263.15 1.39612e-05 8.03300e-01 2.58191e-17 7.67205e-04 
5265.29 1.37652e-05 8.03586e-01 2.60131e-17 7.62697e-04 
5270.00 1.35193e-05 8.04213e-01 2.64387e-17 7.62605e-04 
5277.85 1.38330e-05 8.05252e-01 2.71467e-17 8.03422e-04 
5289.47 1.50596e-05 8.06780e-01 2.81886e-17 9.11965e-04 
5290.00 1.51119e-05 8.06850e-01 2.82360e-17 9.16841e-04 
5290.41 1.51509e-05 8.06903e-01 2.82724e-17 9.20523e-04 
5302.97 1.57882e-05 8.08541e-01 2.93856e-17 1.00141e-03 
5310.00 1.55989e-05 8.09449e-01 3.00006e-17 1.01258e-03 
5315.55 1.51651e-05 8.10163e-01 3.04817e-17 1.00214e-03 
5315.92 1.51309e-05 8.10210e-01 3.05135e-17 1.00105e-03 
5328.13 1.41559e-05 8.11767e-01 3.15561e-17 9.72635e-04 
5330.00 1.41063e-05 8.12005e-01 3.17140e-17 9.74702e-04 
5340.71 1.45171e-05 8.13356e-01 3.26043e-17 1.03504e-03 
5342.50 1.46449e-05 8.13580e-01 3.27504e-17 1.04948e-03 
5350.00 1.51175e-05 8.14519e-01 3.33581e-17 1.10627e-03 
5353.30 1.52206e-05 8.14931e-01 3.36218e-17 1.12388e-03 
5365.90 1.51444e-05 8.16493e-01 3.46043e-17 1.15585e-03 
5369.21 1.50864e-05 8.16900e-01 3.48557e-17 1.16108e-03 
5370.00 1.50747e-05 8.16997e-01 3.49155e-17 1.16248e-03 
5378.51 1.50095e-05 8.18039e-01 3.55476e-17 1.18178e-03 
5390.00 1.49000e-05 8.19432e-01 3.63698e-17 1.20491e-03 
5391.12 1.48758e-05 8.19567e-01 3.64478e-17 1.20597e-03 
5396.05 1.47392e-05 8.20160e-01 3.67874e-17 1.20801e-03 
5403.74 1.45073e-05 8.21077e-01 3.73010e-17 1.20867e-03 
5410.00 1.43958e-05 8.21821e-01 3.77058e-17 1.21491e-03 
5416.36 1.44234e-05 8.22573e-01 3.81037e-17 1.23265e-03 
5423.03 1.45668e-05 8.23360e-01 3.85063e-17 1.26082e-03 
5428.99 1.47397e-05 8.24062e-01 3.88526e-17 1.28977e-03 
5430.00 1.47695e-05 8.24181e-01 3.89099e-17 1.29471e-03 
5441.63 1.50524e-05 8.25546e-01 3.95446e-17 1.34613e-03 
5450.00 1.51239e-05 8.26523e-01 3.99702e-17 1.37080e-03 
5450.15 1.51237e-05 8.26540e-01 3.99776e-17 1.37111e-03 
5454.27 1.50983e-05 8.27019e-01 4.01772e-17 1.37747e-03 
5466.92 1.48929e-05 8.28476e-01 4.07478e-17 1.38366e-03 
5470.00 1.48452e-05 8.28828e-01 4.08769e-17 1.38496e-03 
5477.40 1.47747e-05 8.29670e-01 4.11718e-17 1.39163e-03 
5479.58 1.47638e-05 8.29917e-01 4.12544e-17 1.39436e-03 
5490.00 1.47446e-05 8.31091e-01 4.16220e-17 1.40961e-03 
5492.24 1.47430e-05 8.31342e-01 4.16952e-17 1.41294e-03 
5504.79 1.47375e-05 8.32740e-01 4.20656e-17 1.43062e-03 
5504.91 1.47375e-05 8.32754e-01 4.20690e-17 1.43079e-03 
5510.00 1.47393e-05 8.33317e-01 4.21999e-17 1.43772e-03 
5517.59 1.47516e-05 8.34154e-01 4.23746e-17 1.44832e-03 
5530.00 1.48341e-05 8.35509e-01 4.26070e-17 1.47009e-03 
5530.27 1.48373e-05 8.35539e-01 4.26114e-17 1.47067e-03 
5532.31 1.48625e-05 8.35760e-01 4.26430e-17 1.47520e-03 
5542.96 1.49943e-05 8.36908e-01 4.27790e-17 1.49795e-03 
5550.00 1.50091e-05 8.37660e-01 4.28421e-17 1.50491e-03 
5555.66 1.49398e-05 8.38262e-01 4.28775e-17 1.50180e-03 
5559.97 1.48471e-05 8.38720e-01 4.28952e-17 1.49507e-03 
5568.36 1.46163e-05 8.39607e-01 4.29071e-17 1.47602e-03 
5570.00 1.45692e-05 8.39780e-01 4.29060e-17 1.47196e-03 
5581.07 1.43062e-05 8.40942e-01 4.28686e-17 1.44900e-03 
5587.77 1.42495e-05 8.41640e-01 4.28213e-17 1.44460e-03 
5590.00 1.42575e-05 8.41871e-01 4.28014e-17 1.44571e-03 
5593.79 1.43048e-05 8.42263e-01 4.27631e-17 1.45087e-03 
5606.51 1.46047e-05 8.43571e-01 4.25916e-17 1.48099e-03 
5610.00 1.46721e-05 8.43928e-01 4.25333e-17 1.48735e-03 
5615.71 1.47286e-05 8.44510e-01 4.24275e-17 1.49190e-03 
5619.24 1.47377e-05 8.44868e-01 4.23559e-17 1.49188e-03 
5630.00 1.47250e-05 8.45958e-01 4.21080e-17 1.48662e-03 
5631.97 1.47263e-05 8.46157e-01 4.20578e-17 1.48585e-03 
5643.79 1.47339e-05 8.47340e-01 4.17274e-17 1.48010e-03 
5644.71 1.47302e-05 8.47432e-01 4.16994e-17 1.47913e-03 
5650.00 1.46817e-05 8.47956e-01 4.15336e-17 1.47069e-03 
5657.46 1.45332e-05 8.48691e-01 4.12830e-17 1.45020e-03 
5670.00 1.43417e-05 8.49915e-01 4.08196e-17 1.42021e-03 
5670.22 1.43418e-05 8.49936e-01 4.08112e-17 1.42001e-03 
5672.01 1.43483e-05 8.50110e-01 4.07406e-17 1.41893e-03 
5682.98 1.44989e-05 8.51171e-01 4.02866e-17 1.42236e-03 
5690.00 1.45264e-05 8.51847e-01 3.99765e-17 1.41697e-03 
5695.75 1.44223e-05 8.52398e-01 3.97121e-17 1.39983e-03 
5700.37 1.43060e-05 8.52840e-01 3.94924e-17 1.38269e-03 
5708.52 1.42160e-05 8.53616e-01 3.90907e-17 1.36320e-03 
5710.00 1.42351e-05 8.53756e-01 3.90159e-17 1.36299e-03 
5721.30 1.47129e-05 8.54823e-01 3.84256e-17 1.39191e-03 
5728.87 1.50067e-05 8.55530e-01 3.80125e-17 1.40747e-03 
5730.00 1.50244e-05 8.55635e-01 3.79498e-17 1.40725e-03 
5734.09 1.50137e-05 8.56014e-01 3.77199e-17 1.39936e-03 
5746.88 1.46299e-05 8.57191e-01 3.69769e-17 1.34154e-03 
5750.00 1.45626e-05 8.57475e-01 3.67908e-17 1.32981e-03 
5757.52 1.45651e-05 8.58160e-01 3.63340e-17 1.31630e-03 
5759.69 1.45919e-05 8.58357e-01 3.62000e-17 1.31465e-03 
5770.00 1.46785e-05 8.59293e-01 3.55520e-17 1.30252e-03 
5772.49 1.46544e-05 8.59518e-01 3.53926e-17 1.29545e-03 
5785.31 1.43539e-05 8.60671e-01 3.45578e-17 1.24338e-03 
5786.30 1.43331e-05 8.60760e-01 3.44920e-17 1.23955e-03 
5790.00 1.42790e-05 8.61091e-01 3.42461e-17 1.22733e-03 
5798.13 1.43153e-05 8.61814e-01 3.36992e-17 1.21351e-03 
5810.00 1.45645e-05 8.62862e-01 3.28861e-17 1.20879e-03 
5810.96 1.45849e-05 8.62946e-01 3.28199e-17 1.20836e-03 
5815.23 1.46652e-05 8.63320e-01 3.25228e-17 1.20542e-03 
5823.79 1.47494e-05 8.64065e-01 3.19233e-17 1.19277e-03 
5830.00 1.47204e-05 8.64602e-01 3.14844e-17 1.17605e-03 
5836.63 1.45987e-05 8.65172e-01 3.10125e-17 1.15090e-03 
5844.31 1.44392e-05 8.65830e-01 3.04626e-17 1.12046e-03 
5849.48 1.43903e-05 8.66271e-01 3.00905e-17 1.10457e-03 
5850.00 1.43901e-05 8.66315e-01 3.00530e-17 1.10333e-03 
5862.33 1.45085e-05 8.67360e-01 2.91605e-17 1.08296e-03 
5870.00 1.43929e-05 8.68005e-01 2.86035e-17 1.05597e-03 
5873.53 1.42109e-05 8.68300e-01 2.83464e-17 1.03422e-03 
5875.19 1.41032e-05 8.68439e-01 2.82253e-17 1.02245e-03 
5888.06 1.33321e-05 8.69505e-01 2.72877e-17 9.37634e-04 
5890.00 1.33011e-05 8.69665e-01 2.71465e-17 9.31089e-04 
5900.94 1.37148e-05 8.70560e-01 2.63503e-17 9.34580e-04 
5902.90 1.38400e-05 8.70720e-01 2.62076e-17 9.38494e-04 
5910.00 1.42272e-05 8.71297e-01 2.56921e-17 9.47535e-04 
5913.82 1.43235e-05 8.71605e-01 2.54156e-17 9.44626e-04 
5926.71 1.42300e-05 8.72643e-01 2.44860e-17 9.07184e-04 
5930.00 1.41824e-05 8.72907e-01 2.42496e-17 8.96192e-04 
5932.41 1.41594e-05 8.73100e-01 2.40766e-17 8.88915e-04 
5939.60 1.41444e-05 8.73674e-01 2.35638e-17 8.70680e-04 
5950.00 1.41897e-05 8.74500e-01 2.28271e-17 8.48445e-04 
5952.50 1.41996e-05 8.74698e-01 2.26510e-17 8.43030e-04 
5962.08 1.42141e-05 8.75450e-01 2.19810e-17 8.20956e-04 
5965.41 1.42107e-05 8.75710e-01 2.17496e-17 8.12810e-04 
5970.00 1.41989e-05 8.76067e-01 2.14321e-17 8.01224e-04 
5978.32 1.41568e-05 8.76710e-01 2.08612e-17 7.79224e-04 
5990.00 1.40511e-05 8.77606e-01 2.00710e-17 7.46327e-04 
5991.24 1.40365e-05 8.77701e-01 1.99876e-17 7.42691e-04 
5991.89 1.40288e-05 8.77750e-01 1.99446e-17 7.40806e-04 
6004.17 1.38760e-05 8.78687e-01 1.91303e-17 7.05011e-04 
6010.00 1.38202e-05 8.79128e-01 1.87496e-17 6.89220e-04 
6017.11 1.37870e-05 8.79664e-01 1.82905e-17 6.71931e-04 
6021.85 1.37882e-05 8.80020e-01 1.79875e-17 6.61645e-04 
6030.00 1.38355e-05 8.80627e-01 1.74724e-17 6.46218e-04 
6030.05 1.38359e-05 8.80631e-01 1.74694e-17 6.46136e-04 
6043.00 1.39934e-05 8.81586e-01 1.66681e-17 6.25532e-04 
6050.00 1.40590e-05 8.82098e-01 1.62434e-17 6.13516e-04 
6051.96 1.40682e-05 8.82240e-01 1.61259e-17 6.09775e-04 
6055.95 1.40730e-05 8.82530e-01 1.58875e-17 6.01558e-04 
6068.91 1.39719e-05 8.83467e-01 1.51282e-17 5.70518e-04 
6070.00 1.39562e-05 8.83545e-01 1.50655e-17 5.67666e-04 
6081.88 1.37535e-05 8.84396e-01 1.43911e-17 5.35938e-04 
6082.21 1.37481e-05 8.84420e-01 1.43723e-17 5.35072e-04 
6090.00 1.36514e-05 8.84974e-01 1.39411e-17 5.16352e-04 
6094.85 1.36297e-05 8.85318e-01 1.36765e-17 5.06346e-04 
6107.84 1.35633e-05 8.86229e-01 1.29848e-17 4.79908e-04 
6110.00 1.35270e-05 8.86379e-01 1.28719e-17 4.74707e-04 
6112.63 1.34667e-05 8.86560e-01 1.27356e-17 4.67887e-04 
6120.83 1.32253e-05 8.87121e-01 1.23164e-17 4.45253e-04 
6130.00 1.30501e-05 8.87741e-01 1.18586e-17 4.23951e-04 
6133.82 1.30620e-05 8.87997e-01 1.16715e-17 4.18022e-04 
6143.19 1.31981e-05 8.88620e-01 1.12213e-17 4.06993e-04 
6146.82 1.32302e-05 8.88860e-01 1.10500e-17 4.02103e-04 
6150.00 1.32217e-05 8.89070e-01 1.09017e-17 3.96750e-04 
6159.83 1.29753e-05 8.89715e-01 1.04520e-17 3.74164e-04 
6170.00 1.27791e-05 8.90377e-01 1.00011e-17 3.53453e-04 
6172.85 1.28090e-05 8.90561e-01 9.87748e-18 3.50133e-04 
6173.91 1.28305e-05 8.90630e-01 9.83179e-18 3.49186e-04 
6185.87 1.32615e-05 8.91403e-01 9.32615e-18 3.43315e-04 
6190.00 1.33963e-05 8.91671e-01 9.15614e-18 3.40813e-04 
6198.90 1.35025e-05 8.92252e-01 8.79781e-18 3.30761e-04 
6204.77 1.34711e-05 8.92640e-01 8.56706e-18 3.21781e-04 
6210.00 1.34101e-05 8.92989e-01 8.36576e-18 3.13184e-04 
6211.93 1.33848e-05 8.93120e-01 8.29217e-18 3.09985e-04 
6224.98 1.31746e-05 8.94002e-01 7.80885e-18 2.88220e-04 
6230.00 1.30619e-05 8.94341e-01 7.62864e-18 2.79491e-04 
6235.80 1.29086e-05 8.94730e-01 7.42467e-18 2.69192e-04 
6238.03 1.28508e-05 8.94878e-01 7.34744e-18 2.65339e-04 
6250.00 1.26953e-05 8.95663e-01 6.94316e-18 2.48397e-04 
6251.08 1.27031e-05 8.95733e-01 6.90748e-18 2.47335e-04 
6264.15 1.30201e-05 8.96571e-01 6.48847e-18 2.38851e-04 
6266.98 1.31026e-05 8.96750e-01 6.40039e-18 2.37255e-04 
6270.00 1.31781e-05 8.96941e-01 6.30743e-18 2.35321e-04 
6277.22 1.32782e-05 8.97394e-01 6.08989e-18 2.29310e-04 
6290.00 1.32073e-05 8.98189e-01 5.71943e-18 2.14836e-04 
6290.29 1.32025e-05 8.98207e-01 5.71116e-18 2.14462e-04 
6298.31 1.30400e-05 8.98700e-01 5.48856e-18 2.03938e-04 
6303.38 1.29315e-05 8.99009e-01 5.35170e-18 1.97424e-04 
6310.00 1.28268e-05 8.99412e-01 5.17695e-18 1.89716e-04 
6316.47 1.27967e-05 8.99802e-01 5.01090e-18 1.83467e-04 
6329.56 1.28572e-05 9.00586e-01 4.68814e-18 1.72969e-04 
6329.80 1.28585e-05 9.00600e-01 4.68241e-18 1.72785e-04 
6330.00 1.28596e-05 9.00612e-01 4.67772e-18 1.72633e-04 
6342.67 1.28898e-05 9.01361e-01 4.38280e-18 1.62589e-04 
6350.00 1.28730e-05 9.01792e-01 4.21939e-18 1.56579e-04 
6355.78 1.28446e-05 9.02130e-01 4.09423e-18 1.51793e-04 
6361.45 1.28166e-05 9.02460e-01 3.97444e-18 1.47217e-04 
6368.90 1.28052e-05 9.02892e-01 3.82178e-18 1.41669e-04 
6370.00 1.28077e-05 9.02955e-01 3.79961e-18 1.40909e-04 
6382.02 1.28772e-05 9.03648e-01 3.56482e-18 1.33272e-04 
6390.00 1.28679e-05 9.04104e-01 3.41599e-18 1.27839e-04 
6393.26 1.28290e-05 9.04290e-01 3.35672e-18 1.25332e-04 
6395.15 1.27985e-05 9.04398e-01 3.32270e-18 1.23818e-04 
6408.29 1.25756e-05 9.05142e-01 3.09478e-18 1.13642e-04 
6410.00 1.25627e-05 9.05239e-01 3.06618e-18 1.12519e-04 
6421.44 1.26150e-05 9.05879e-01 2.88044e-18 1.06407e-04 
6425.23 1.26486e-05 9.06090e-01 2.82112e-18 1.04579e-04 
6430.00 1.26707e-05 9.06354e-01 2.74789e-18 1.02148e-04 
6434.59 1.26551e-05 9.06607e-01 2.67905e-18 9.95658e-05 
6447.75 1.25188e-05 9.07328e-01 2.49001e-18 9.18033e-05 
6450.00 1.25011e-05 9.07450e-01 2.45888e-18 9.05716e-05 
6457.35 1.24794e-05 9.07850e-01 2.35956e-18 8.68996e-05 
6460.92 1.24783e-05 9.08043e-01 2.31271e-18 8.52320e-05 
6470.00 1.24517e-05 9.08536e-01 2.19698e-18 8.09515e-05 
6474.09 1.24119e-05 9.08756e-01 2.14659e-18 7.89110e-05 
6487.27 1.22773e-05 9.09464e-01 1.99106e-18 7.26034e-05 
6489.64 1.22747e-05 9.09590e-01 1.96417e-18 7.16438e-05 
6490.00 1.22753e-05 9.09609e-01 1.96011e-18 7.15051e-05 
6500.46 1.23889e-05 9.10163e-01 1.84557e-18 6.81003e-05 
6510.00 1.25187e-05 9.10663e-01 1.74628e-18 6.52433e-05 
6513.65 1.25386e-05 9.10853e-01 1.70960e-18 6.40236e-05 
6522.09 1.25276e-05 9.11290e-01 1.62742e-18 6.10004e-05 
6526.85 1.25073e-05 9.11535e-01 1.58263e-18 5.92844e-05 
6530.00 1.24964e-05 9.11696e-01 1.55361e-18 5.81853e-05 
6540.06 1.24431e-05 9.12209e-01 1.46415e-18 5.47160e-05 
6550.00 1.21052e-05 9.12713e-01 1.38031e-18 5.02863e-05 
6553.27 1.18808e-05 9.12878e-01 1.35369e-18 4.84348e-05 
6554.70 1.17702e-05 9.12950e-01 1.34223e-18 4.75919e-05 
6566.49 1.09679e-05 9.13543e-01 1.25078e-18 4.14279e-05 
6570.00 1.09117e-05 9.13719e-01 1.22472e-18 4.03857e-05 
6579.72 1.14029e-05 9.14205e-01 1.15500e-18 3.98814e-05 
6587.47 1.20318e-05 9.14590e-01 1.10204e-18 4.02158e-05 
6590.00 1.21937e-05 9.14715e-01 1.08524e-18 4.01568e-05 
6592.96 1.23257e-05 9.14862e-01 1.06590e-18 3.98919e-05 
6606.20 1.23862e-05 9.15513e-01 9.83084e-19 3.70739e-05 
6610.00 1.23370e-05 9.15698e-01 9.60434e-19 3.61040e-05 
6619.45 1.22597e-05 9.16154e-01 9.06171e-19 3.39159e-05 
6620.41 1.22554e-05 9.16200e-01 9.00821e-19 3.37104e-05 
6630.00 1.22358e-05 9.16656e-01 8.48923e-19 3.17793e-05 
6632.71 1.22352e-05 9.16783e-01 8.34789e-19 3.12657e-05 
6645.97 1.22162e-05 9.17406e-01 7.68589e-19 2.88187e-05 
6650.00 1.21916e-05 9.17595e-01 7.49451e-19 2.80672e-05 
6653.51 1.21591e-05 9.17760e-01 7.33142e-19 2.74026e-05 
6659.24 1.20971e-05 9.18030e-01 7.07237e-19 2.63301e-05 
6670.00 1.20372e-05 9.18538e-01 6.60851e-19 2.45344e-05 
6672.52 1.20483e-05 9.18657e-01 6.50418e-19 2.41816e-05 
6685.80 1.21696e-05 9.19284e-01 5.97834e-19 2.25105e-05 
6686.78 1.21740e-05 9.19330e-01 5.94123e-19 2.23832e-05 
6690.00 1.21753e-05 9.19481e-01 5.82051e-19 2.19449e-05 
6699.09 1.20726e-05 9.19906e-01 5.49201e-19 2.05691e-05 
6710.00 1.19333e-05 9.20412e-01 5.12070e-19 1.89984e-05 
6712.39 1.19283e-05 9.20522e-01 5.04253e-19 1.87094e-05 
6720.21 1.19715e-05 9.20880e-01 4.79443e-19 1.78811e-05 
6725.70 1.20171e-05 9.21129e-01 4.62738e-19 1.73426e-05 
6730.00 1.20363e-05 9.21324e-01 4.50006e-19 1.69069e-05 
6739.01 1.19939e-05 9.21729e-01 4.24418e-19 1.59176e-05 
6750.00 1.18935e-05 9.22220e-01 3.95040e-19 1.47236e-05 
6752.33 1.18806e-05 9.22324e-01 3.89071e-19 1.44920e-05 
6753.81 1.18748e-05 9.22390e-01 3.85301e-19 1.43487e-05 
6765.65 1.18670e-05 9.22915e-01 3.56485e-19 1.32977e-05 
6770.00 1.18686e-05 9.23106e-01 3.46423e-19 1.29351e-05 
6778.99 1.18553e-05 9.23499e-01 3.26464e-19 1.21975e-05 
6787.58 1.18201e-05 9.23870e-01 3.08389e-19 1.15072e-05 
6790.00 1.18064e-05 9.23973e-01 3.03479e-19 1.13161e-05 
6792.33 1.17918e-05 9.24073e-01 2.98822e-19 1.11337e-05 
6805.67 1.17194e-05 9.24636e-01 2.73387e-19 1.01496e-05 
6810.00 1.17169e-05 9.24817e-01 2.65592e-19 9.86628e-06 
6819.03 1.17542e-05 9.25195e-01 2.49995e-19 9.33262e-06 
6821.52 1.17652e-05 9.25300e-01 2.45846e-19 9.19074e-06 
6830.00 1.17611e-05 9.25657e-01 2.32209e-19 8.69202e-06 
6832.39 1.17408e-05 9.25757e-01 2.28496e-19 8.54221e-06 
6845.76 1.15533e-05 9.26319e-01 2.08748e-19 7.69896e-06 
6850.00 1.15135e-05 9.26496e-01 2.02828e-19 7.46092e-06 
6855.63 1.15056e-05 9.26730e-01 1.95220e-19 7.18381e-06 
6859.13 1.15202e-05 9.26875e-01 1.90617e-19 7.02805e-06 
6870.00 1.15921e-05 9.27319e-01 1.77001e-19 6.58035e-06 
6872.52 1.16025e-05 9.27421e-01 1.73982e-19 6.47694e-06 
6885.91 1.15964e-05 9.27960e-01 1.58726e-19 5.92085e-06 
6889.91 1.15820e-05 9.28120e-01 1.54422e-19 5.75752e-06 
6890.00 1.15817e-05 9.28124e-01 1.54323e-19 5.75373e-06 
6899.30 1.15408e-05 9.28495e-01 1.44743e-19 5.38692e-06 
6910.00 1.14913e-05 9.28919e-01 1.34432e-19 4.99172e-06 
6912.71 1.14799e-05 9.29027e-01 1.31935e-19 4.89661e-06 
6924.36 1.14434e-05 9.29490e-01 1.21690e-19 4.51186e-06 
6926.12 1.14404e-05 9.29560e-01 1.20207e-19 4.45717e-06 
6930.00 1.14366e-05 9.29715e-01 1.17003e-19 4.34014e-06 
6939.54 1.14485e-05 9.30097e-01 1.09475e-19 4.07236e-06 
