##### EXOPHOT SPECTRAL OVERLAP FILE #####
# Date: 01/12/2021 13:14:59
# SED file: SED_g2v.txt
# atmosphere file: atm_g2v_hzo_os1.txt
# photopigment file: phot2s.txt
# Stellar radius (Rs in km): 6.963400e+05
# Exoplanet orbit semi-major axis (sma in km): 1.672066e+08
# Total absorption rate (gamma_t in s-1): 2.60416e+00
# B band absorption rate (gamma_B in s-1): 1.36744e+00
# Q band absorption rate (gamma_Q in s-1): 1.23672e+00
# B-Q bands cut-off (in nm): 500
# photosynthetic photon flux density [ppfd in micromol photon m-2 s-1]: 1.66029e+03
# Total Stellar Irradiance (S in W m-2): 1.07502e+03
# -------------------------------------------------
# Col 1: Wavelength (wl in Angstrom) 
# Col 2: Spectral Flux Density (F_l in J cm-2 s-1 A-1) 
# Col 3: Atmosphere transmitance (T, no units) 
# Col 4: Pigment absorption cross section (sigma_abs in cm-2) 
# Col 5: Spectral Absorption Rate (Gamma_lambda in A-1 s-1)
2505.65 6.10850e-07 -1.61572e-19 5.68047e-19 -7.07179e-26 
2513.00 2.95063e-07 -2.36060e-20 5.54211e-19 -4.88347e-27 
2515.76 2.36467e-07 0.00000e+00 5.47350e-19 0.00000e+00 
2516.83 2.21055e-07 5.94929e-21 5.44451e-19 9.07196e-28 
2518.00 2.08576e-07 1.06234e-20 5.41154e-19 1.51994e-27 
2525.00 2.11060e-07 9.82911e-21 5.18529e-19 1.36734e-27 
2528.02 2.40838e-07 1.01328e-21 5.07387e-19 1.57579e-28 
2528.34 2.44347e-07 0.00000e+00 5.06162e-19 0.00000e+00 
2535.00 2.93065e-07 -1.52907e-20 4.78859e-19 -2.73842e-27 
2539.21 2.81343e-07 -9.00305e-21 4.60125e-19 -1.48979e-27 
2540.98 2.85872e-07 0.00000e+00 4.51960e-19 0.00000e+00 
2545.00 3.76098e-07 3.13639e-20 4.32893e-19 6.54219e-27 
2550.40 7.01130e-07 4.42692e-20 4.06394e-19 1.61950e-26 
2553.68 8.74510e-07 0.00000e+00 3.89990e-19 0.00000e+00 
2555.00 9.10043e-07 -3.37571e-20 3.83359e-19 -1.51477e-26 
2561.61 8.06229e-07 -1.80489e-19 3.49956e-19 -6.56686e-26 
2565.00 7.69975e-07 -9.80186e-20 3.32866e-19 -3.24389e-26 
2566.45 7.98445e-07 0.00000e+00 3.25601e-19 0.00000e+00 
2572.81 1.09130e-06 6.28653e-19 2.94274e-19 2.61481e-25 
2575.00 1.16720e-06 6.69981e-19 2.83764e-19 2.87651e-25 
2579.28 1.17062e-06 0.00000e+00 2.63666e-19 0.00000e+00 
2584.03 1.05954e-06 -1.87119e-18 2.42314e-19 -6.24932e-25 
2585.00 1.03724e-06 -2.19083e-18 2.38061e-19 -7.03977e-25 
2592.18 9.44239e-07 0.00000e+00 2.08289e-19 0.00000e+00 
2595.00 9.09391e-07 4.09518e-18 1.97433e-19 9.60513e-25 
2595.24 9.05577e-07 4.48324e-18 1.96516e-19 1.04236e-24 
2605.00 7.07825e-07 6.02742e-19 1.63320e-19 9.13749e-26 
2605.14 7.05535e-07 0.00000e+00 1.62891e-19 0.00000e+00 
2606.47 6.86346e-07 -6.63003e-18 1.58943e-19 -9.49024e-25 
2615.00 6.40879e-07 -3.20622e-17 1.37108e-19 -3.70876e-24 
2617.70 6.49858e-07 -7.18144e-18 1.31590e-19 -8.09272e-25 
2618.17 6.54289e-07 0.00000e+00 1.30700e-19 0.00000e+00 
2625.00 9.41729e-07 1.29235e-16 1.20385e-19 1.93611e-23 
2628.93 1.36841e-06 1.01326e-16 1.16847e-19 2.14416e-23 
2631.26 1.65697e-06 0.00000e+00 1.15653e-19 0.00000e+00 
2635.00 2.05258e-06 -2.90210e-16 1.15256e-19 -9.10709e-23 
2640.17 2.35721e-06 -5.00152e-16 1.18099e-19 -1.85056e-22 
2644.41 2.71610e-06 0.00000e+00 1.23697e-19 0.00000e+00 
2645.00 2.79497e-06 1.43081e-16 1.24724e-19 6.64136e-23 
2651.42 3.89044e-06 1.83994e-15 1.40423e-19 1.34166e-21 
2655.00 4.09183e-06 1.53619e-15 1.53095e-19 1.28621e-21 
2657.64 3.78893e-06 0.00000e+00 1.64433e-19 0.00000e+00 
2662.67 2.70569e-06 -5.43039e-15 1.91353e-19 -3.76865e-21 
2665.00 2.30892e-06 -7.04976e-15 2.06410e-19 -4.50748e-21 
2670.92 2.27985e-06 0.00000e+00 2.52992e-19 0.00000e+00 
2673.92 2.59865e-06 1.19815e-14 2.81651e-19 1.18044e-20 
2675.00 2.73135e-06 1.65868e-14 2.92850e-19 1.78662e-20 
2684.28 3.37801e-06 0.00000e+00 4.11957e-19 0.00000e+00 
2685.00 3.34148e-06 -9.34065e-15 4.23086e-19 -1.78489e-20 
2685.18 3.32906e-06 -1.19446e-14 4.25986e-19 -2.28974e-20 
2695.00 2.23054e-06 -8.20960e-14 6.10507e-19 -1.51672e-19 
2696.45 2.24711e-06 -4.70998e-14 6.43403e-19 -9.24364e-20 
2697.70 2.31925e-06 0.00000e+00 6.72956e-19 0.00000e+00 
2705.00 2.91845e-06 3.71328e-13 8.71259e-19 1.28573e-18 
2707.72 2.82462e-06 3.49077e-13 9.57418e-19 1.28680e-18 
2711.19 2.44027e-06 0.00000e+00 1.07745e-18 0.00000e+00 
2715.00 1.90804e-06 -8.10248e-13 1.22402e-18 -2.58634e-18 
2719.00 1.48025e-06 -1.42632e-12 1.39558e-18 -4.03313e-18 
2724.74 1.30758e-06 0.00000e+00 1.67597e-18 0.00000e+00 
2725.00 1.31474e-06 1.64550e-13 1.68943e-18 5.01384e-19 
2730.29 1.64549e-06 4.34483e-12 1.98835e-18 1.95385e-17 
2735.00 1.79281e-06 4.85410e-12 2.28920e-18 2.74289e-17 
2738.37 1.55533e-06 0.00000e+00 2.52528e-18 0.00000e+00 
2741.58 1.19966e-06 -9.42698e-12 2.76717e-18 -4.31906e-17 
2745.00 9.18283e-07 -1.86099e-11 3.04477e-18 -7.19019e-17 
2752.06 1.14738e-06 0.00000e+00 3.68279e-18 0.00000e+00 
2752.87 1.21285e-06 7.73642e-12 3.76178e-18 4.89158e-17 
2755.00 1.38716e-06 3.20623e-11 3.97568e-18 2.45231e-16 
2764.17 1.92372e-06 4.33693e-11 4.99688e-18 5.80110e-16 
2765.00 1.95785e-06 2.41505e-11 5.09761e-18 3.35498e-16 
2765.82 1.98976e-06 0.00000e+00 5.19852e-18 0.00000e+00 
2775.00 1.99214e-06 -2.84797e-10 6.42038e-18 -5.08865e-15 
2775.47 1.96293e-06 -2.77916e-10 6.48828e-18 -4.94547e-15 
2779.65 1.58408e-06 0.00000e+00 7.10475e-18 0.00000e+00 
2785.00 1.00093e-06 8.28104e-10 7.94587e-18 9.23377e-15 
2786.79 8.41978e-07 1.02351e-09 8.23921e-18 9.96109e-15 
2793.55 4.58287e-07 0.00000e+00 9.40499e-18 0.00000e+00 
2795.00 4.11472e-07 -7.65878e-10 9.66629e-18 -4.28612e-15 
2798.10 3.48518e-07 -2.66293e-09 1.02370e-17 -1.33827e-14 
2805.00 5.19314e-07 -3.06861e-09 1.15629e-17 -2.60192e-14 
2807.52 7.33258e-07 0.00000e+00 1.20644e-17 0.00000e+00 
2809.42 9.43800e-07 3.87999e-09 1.24507e-17 6.44832e-14 
2815.00 1.69227e-06 1.47409e-08 1.36054e-17 4.80959e-13 
2820.75 2.44153e-06 4.64326e-09 1.48306e-17 2.38743e-13 
2821.55 2.52434e-06 0.00000e+00 1.50036e-17 0.00000e+00 
2825.00 2.77239e-06 -2.78883e-08 1.57524e-17 -1.73206e-12 
2832.08 2.64698e-06 -5.21529e-08 1.73088e-17 -3.40663e-12 
2835.00 2.41298e-06 -1.45974e-08 1.79521e-17 -9.02449e-13 
2835.66 2.35048e-06 0.00000e+00 1.80980e-17 0.00000e+00 
2843.42 1.46874e-06 2.10751e-07 1.98024e-17 8.77397e-12 
2845.00 1.27648e-06 2.14563e-07 2.01452e-17 7.90216e-12 
2849.84 7.57552e-07 0.00000e+00 2.11849e-17 0.00000e+00 
2854.77 5.93824e-07 -5.63687e-07 2.22186e-17 -1.06882e-11 
2855.00 6.00929e-07 -5.88800e-07 2.22666e-17 -1.13233e-11 
2864.09 1.79595e-06 0.00000e+00 2.40767e-17 0.00000e+00 
2865.00 1.97147e-06 3.39193e-07 2.42500e-17 2.33882e-11 
2866.12 2.18851e-06 8.40079e-07 2.44601e-17 6.48848e-11 
2875.00 3.40111e-06 7.11800e-06 2.60310e-17 9.12074e-10 
2877.47 3.38603e-06 9.21008e-06 2.64331e-17 1.19409e-09 
2878.41 3.34485e-06 1.00000e-05 2.65812e-17 1.28833e-09 
2885.00 3.03790e-06 1.61530e-05 2.75510e-17 1.96351e-09 
2888.83 3.24234e-06 2.15812e-05 2.80538e-17 2.85476e-09 
2892.80 3.71871e-06 3.00000e-05 2.85237e-17 4.63405e-09 
2895.00 4.02544e-06 3.63301e-05 2.87611e-17 6.12993e-09 
2900.20 4.69778e-06 5.81452e-05 2.92549e-17 1.16669e-08 
2907.27 5.34266e-06 1.10000e-04 2.97691e-17 2.56049e-08 
2910.00 5.46886e-06 1.39421e-04 2.99184e-17 3.34179e-08 
2911.57 5.50343e-06 1.59740e-04 2.99914e-17 3.86451e-08 
2921.80 5.23653e-06 3.90000e-04 3.02395e-17 9.08357e-08 
2922.95 5.17595e-06 4.29858e-04 3.02428e-17 9.90106e-08 
2930.00 4.80888e-06 7.52443e-04 3.01567e-17 1.60950e-07 
2934.33 4.65755e-06 1.02078e-03 3.00152e-17 2.10797e-07 
2936.41 4.60936e-06 1.17000e-03 2.99239e-17 2.38553e-07 
2945.72 4.54363e-06 2.09375e-03 2.93397e-17 4.13902e-07 
2950.00 4.57106e-06 2.75719e-03 2.89802e-17 5.42413e-07 
2951.09 4.58156e-06 2.96000e-03 2.88800e-17 5.81847e-07 
2957.11 4.65478e-06 4.35932e-03 2.82695e-17 8.53939e-07 
2965.85 4.76986e-06 7.31000e-03 2.72262e-17 1.41737e-06 
2968.51 4.79735e-06 8.44488e-03 2.68760e-17 1.62713e-06 
2970.00 4.80971e-06 9.13010e-03 2.66745e-17 1.75134e-06 
2979.92 4.83204e-06 1.47052e-02 2.52431e-17 2.69075e-06 
2980.68 4.83004e-06 1.52100e-02 2.51280e-17 2.76998e-06 
2990.00 4.77466e-06 2.23887e-02 2.36744e-17 3.80929e-06 
2991.33 4.76321e-06 2.35692e-02 2.34628e-17 3.96654e-06 
2995.58 4.72600e-06 2.76400e-02 2.27809e-17 4.48753e-06 
3002.74 4.68890e-06 3.55431e-02 2.16299e-17 5.44907e-06 
3010.00 4.73536e-06 4.49898e-02 2.04812e-17 6.61167e-06 
3010.56 4.74414e-06 4.57800e-02 2.03942e-17 6.71290e-06 
3014.16 4.81848e-06 5.10922e-02 1.98389e-17 7.41091e-06 
3025.59 5.14081e-06 6.94285e-02 1.81817e-17 9.88410e-06 
3025.61 5.14132e-06 6.94600e-02 1.81791e-17 9.88820e-06 
3030.00 5.24246e-06 7.67382e-02 1.75974e-17 1.07985e-05 
3037.02 5.32831e-06 8.90802e-02 1.67474e-17 1.21532e-05 
3040.74 5.35393e-06 9.62800e-02 1.63442e-17 1.28966e-05 
3048.46 5.42710e-06 1.13079e-01 1.56238e-17 1.47143e-05 
3050.00 5.45207e-06 1.16613e-01 1.55014e-17 1.51321e-05 
3055.94 5.58617e-06 1.30430e-01 1.50996e-17 1.69249e-05 
3059.91 5.68174e-06 1.39518e-01 1.48997e-17 1.81937e-05 
3070.00 5.76852e-06 1.61707e-01 1.46675e-17 2.11451e-05 
3071.22 5.75078e-06 1.64290e-01 1.46687e-17 2.14271e-05 
3071.36 5.74840e-06 1.64572e-01 1.46692e-17 2.14567e-05 
3082.81 5.41627e-06 1.88941e-01 1.50359e-17 2.38795e-05 
3086.58 5.34547e-06 1.97880e-01 1.53062e-17 2.51569e-05 
3090.00 5.34673e-06 2.06705e-01 1.56225e-17 2.68578e-05 
3094.27 5.45871e-06 2.18178e-01 1.61175e-17 2.99006e-05 
3102.01 5.83509e-06 2.37690e-01 1.73192e-17 3.75105e-05 
3105.74 6.01624e-06 2.45487e-01 1.80498e-17 4.16787e-05 
3110.00 6.15955e-06 2.53349e-01 1.90150e-17 4.64566e-05 
3117.21 6.16627e-06 2.66012e-01 2.09891e-17 5.40265e-05 
3117.52 6.16099e-06 2.66580e-01 2.10842e-17 5.43460e-05 
3128.69 5.81808e-06 2.89050e-01 2.51131e-17 6.65181e-05 
3130.00 5.77170e-06 2.91827e-01 2.56680e-17 6.81224e-05 
3133.11 5.66922e-06 2.98410e-01 2.70579e-17 7.21988e-05 
3140.17 5.50238e-06 3.13065e-01 3.06193e-17 8.33790e-05 
3148.77 5.50121e-06 3.30230e-01 3.57747e-17 1.03019e-04 
3150.00 5.52539e-06 3.32609e-01 3.65869e-17 1.06624e-04 
3151.66 5.56894e-06 3.35801e-01 3.77206e-17 1.11917e-04 
3163.16 5.98415e-06 3.56150e-01 4.66383e-17 1.58278e-04 
3164.52 6.01891e-06 3.58280e-01 4.78262e-17 1.64300e-04 
3170.00 6.05290e-06 3.66151e-01 5.28991e-17 1.87092e-04 
3174.66 5.91610e-06 3.72205e-01 5.75921e-17 2.02675e-04 
3180.34 5.63972e-06 3.79240e-01 6.38215e-17 2.18542e-04 
3186.16 5.39830e-06 3.86565e-01 7.07879e-17 2.36935e-04 
3190.00 5.34937e-06 3.91788e-01 7.57189e-17 2.54843e-04 
3196.24 5.52697e-06 4.01550e-01 8.43268e-17 3.01131e-04 
3197.67 5.59399e-06 4.04073e-01 8.64029e-17 3.14389e-04 
3209.19 5.94802e-06 4.23465e-01 1.04570e-16 4.25517e-04 
3210.00 5.93438e-06 4.24422e-01 1.05946e-16 4.31206e-04 
3212.22 5.85693e-06 4.26530e-01 1.09791e-16 4.43520e-04 
3220.71 5.26428e-06 4.28902e-01 1.25364e-16 4.58929e-04 
3228.29 4.86945e-06 4.31940e-01 1.40457e-16 4.80109e-04 
3230.00 4.86517e-06 4.33840e-01 1.44029e-16 4.94314e-04 
3232.24 4.92670e-06 4.37051e-01 1.48784e-16 5.21279e-04 
3243.78 6.05751e-06 4.57891e-01 1.74741e-16 7.91454e-04 
3244.43 6.14168e-06 4.58880e-01 1.76279e-16 8.11427e-04 
3250.00 6.84092e-06 4.65211e-01 1.89738e-16 9.87928e-04 
3255.32 7.38190e-06 4.68679e-01 2.03053e-16 1.15125e-03 
3260.65 7.77754e-06 4.71020e-01 2.16855e-16 1.30400e-03 
3266.86 8.06046e-06 4.73927e-01 2.33433e-16 1.46652e-03 
3270.00 8.13357e-06 4.75831e-01 2.42002e-16 1.54179e-03 
3276.95 8.14689e-06 4.81890e-01 2.61370e-16 1.69273e-03 
3278.41 8.12882e-06 4.83574e-01 2.65497e-16 1.72241e-03 
3289.97 7.84637e-06 4.97854e-01 2.98760e-16 1.93290e-03 
3290.00 7.84544e-06 4.97885e-01 2.98853e-16 1.93341e-03 
3293.34 7.74858e-06 5.00510e-01 3.08600e-16 1.98422e-03 
3301.53 7.53562e-06 5.02048e-01 3.32658e-16 2.09170e-03 
3309.80 7.39855e-06 5.03420e-01 3.56940e-16 2.21512e-03 
3310.00 7.39668e-06 5.03528e-01 3.57514e-16 2.21873e-03 
3313.10 7.37672e-06 5.05834e-01 3.66554e-16 2.28122e-03 
3324.67 7.43237e-06 5.17986e-01 3.99766e-16 2.57587e-03 
3326.35 7.45340e-06 5.19280e-01 4.04488e-16 2.62152e-03 
3330.00 7.50665e-06 5.21063e-01 4.14625e-16 2.71869e-03 
3336.25 7.59611e-06 5.22214e-01 4.31589e-16 2.87536e-03 
3342.98 7.57564e-06 5.23840e-01 4.49168e-16 2.99974e-03 
3347.84 7.40103e-06 5.26938e-01 4.61320e-16 3.03209e-03 
3350.00 7.26242e-06 5.28699e-01 4.66583e-16 3.02125e-03 
3359.43 6.30707e-06 5.35918e-01 4.88289e-16 2.79121e-03 
3359.70 6.27702e-06 5.36060e-01 4.88882e-16 2.78224e-03 
3370.00 5.46843e-06 5.38447e-01 5.09946e-16 2.54732e-03 
3371.02 5.44975e-06 5.38575e-01 5.11879e-16 2.54962e-03 
3376.50 5.55786e-06 5.39860e-01 5.21680e-16 2.66062e-03 
3382.63 5.93182e-06 5.43250e-01 5.31557e-16 2.91685e-03 
3390.00 6.39330e-06 5.48487e-01 5.41823e-16 3.24244e-03 
3393.38 6.50817e-06 5.50570e-01 5.45918e-16 3.34160e-03 
3394.23 6.52631e-06 5.51015e-01 5.46890e-16 3.36044e-03 
3405.85 6.53619e-06 5.54899e-01 5.57561e-16 3.46720e-03 
3410.00 6.52699e-06 5.56193e-01 5.60203e-16 3.49110e-03 
3410.35 6.52809e-06 5.56320e-01 5.60396e-16 3.49404e-03 
3417.47 6.61746e-06 5.59534e-01 5.63379e-16 3.58877e-03 
3427.40 6.85021e-06 5.64270e-01 5.64457e-16 3.76452e-03 
3429.09 6.88939e-06 5.64896e-01 5.64285e-16 3.79097e-03 
3430.00 6.90927e-06 5.65204e-01 5.64150e-16 3.80408e-03 
3440.72 7.08224e-06 5.68251e-01 5.60347e-16 3.90607e-03 
3444.54 7.12424e-06 5.69540e-01 5.58031e-16 3.92622e-03 
3450.00 7.17633e-06 5.71968e-01 5.53861e-16 3.94836e-03 
3452.36 7.19800e-06 5.73161e-01 5.51756e-16 3.95616e-03 
3461.76 7.30368e-06 5.77930e-01 5.41628e-16 3.98417e-03 
3464.00 7.33851e-06 5.78918e-01 5.38813e-16 3.99176e-03 
3470.00 7.46175e-06 5.81231e-01 5.30576e-16 4.01966e-03 
3475.65 7.62611e-06 5.83197e-01 5.21912e-16 4.06139e-03 
3479.07 7.74559e-06 5.84400e-01 5.16272e-16 4.09288e-03 
3487.30 8.07813e-06 5.87541e-01 5.01525e-16 4.17883e-03 
3490.00 8.19614e-06 5.88596e-01 4.96369e-16 4.20707e-03 
3496.46 8.47044e-06 5.91040e-01 4.83405e-16 4.25977e-03 
3498.96 8.55601e-06 5.91921e-01 4.78176e-16 4.26566e-03 
3510.00 8.58666e-06 5.95549e-01 4.53865e-16 4.10109e-03 
3510.63 8.56413e-06 5.95755e-01 4.52425e-16 4.07949e-03 
3513.95 8.40408e-06 5.96860e-01 4.44749e-16 3.94635e-03 
3522.30 7.92769e-06 5.99829e-01 4.24847e-16 3.58225e-03 
3530.00 7.86410e-06 6.02652e-01 4.05936e-16 3.41878e-03 
3531.51 7.94016e-06 6.03200e-01 4.02165e-16 3.42436e-03 
3533.98 8.12206e-06 6.04079e-01 3.96009e-16 3.45662e-03 
3545.66 9.15419e-06 6.08073e-01 3.66458e-16 3.64099e-03 
3549.17 9.22241e-06 6.09230e-01 3.57513e-16 3.58896e-03 
3550.00 9.20407e-06 6.09500e-01 3.55405e-16 3.56311e-03 
3557.35 8.49459e-06 6.11861e-01 3.36704e-16 3.13396e-03 
3566.92 6.99384e-06 6.14790e-01 3.12526e-16 2.41294e-03 
3569.04 6.72136e-06 6.15412e-01 3.07209e-16 2.28314e-03 
3570.00 6.61742e-06 6.15688e-01 3.04818e-16 2.23194e-03 
3580.74 6.26545e-06 6.18607e-01 2.78380e-16 1.94492e-03 
3584.75 6.40613e-06 6.19600e-01 2.68717e-16 1.92480e-03 
3590.00 6.69546e-06 6.20831e-01 2.56279e-16 1.92524e-03 
3592.45 6.84572e-06 6.21405e-01 2.50561e-16 1.92762e-03 
3602.68 7.45603e-06 6.24120e-01 2.27312e-16 1.91844e-03 
3604.16 7.53334e-06 6.24590e-01 2.24035e-16 1.91260e-03 
3610.00 7.78364e-06 6.26649e-01 2.11363e-16 1.87356e-03 
3615.88 7.92626e-06 6.28980e-01 1.99019e-16 1.80608e-03 
3620.69 7.96789e-06 6.31010e-01 1.89222e-16 1.73407e-03 
3627.60 7.93322e-06 6.33991e-01 1.75672e-16 1.61353e-03 
3630.00 7.90042e-06 6.35017e-01 1.71108e-16 1.56869e-03 
3638.79 7.94315e-06 6.38580e-01 1.55039e-16 1.44056e-03 
3639.33 7.97345e-06 6.38782e-01 1.54095e-16 1.43791e-03 
3640.00 8.01880e-06 6.39032e-01 1.52914e-16 1.43584e-03 
3650.00 9.18777e-06 6.42454e-01 1.36053e-16 1.47562e-03 
3651.06 9.29357e-06 6.42795e-01 1.34339e-16 1.47502e-03 
3656.99 9.64778e-06 6.44660e-01 1.25064e-16 1.43198e-03 
3662.80 9.68817e-06 6.46485e-01 1.16410e-16 1.34440e-03 
3670.00 9.48084e-06 6.48738e-01 1.06316e-16 1.20810e-03 
3674.55 9.28898e-06 6.50148e-01 1.00277e-16 1.12024e-03 
3675.27 9.25832e-06 6.50370e-01 9.93425e-17 1.10673e-03 
3686.30 8.96066e-06 6.53712e-01 8.58780e-17 9.33518e-04 
3690.00 9.00310e-06 6.54820e-01 8.16939e-17 8.94649e-04 
3693.65 9.14164e-06 6.55910e-01 7.77230e-17 8.66557e-04 
3698.06 9.36613e-06 6.57228e-01 7.31266e-17 8.38010e-04 
3709.82 9.44665e-06 6.60732e-01 6.19194e-17 7.21783e-04 
3710.00 9.43462e-06 6.60784e-01 6.17627e-17 7.19130e-04 
3712.12 9.24953e-06 6.61410e-01 5.99054e-17 6.84859e-04 
3721.59 7.88448e-06 6.64188e-01 5.21410e-17 5.11559e-04 
3730.00 6.82783e-06 6.66625e-01 4.59663e-17 3.92858e-04 
3730.68 6.78260e-06 6.66820e-01 4.54963e-17 3.86449e-04 
3733.37 6.67728e-06 6.67594e-01 4.36692e-17 3.65857e-04 
3745.15 7.23100e-06 6.70948e-01 3.63795e-17 3.32764e-04 
3749.33 7.64028e-06 6.72120e-01 3.40541e-17 3.30068e-04 
3750.00 7.70813e-06 6.72306e-01 3.36940e-17 3.29628e-04 
3756.94 8.39122e-06 6.74212e-01 3.01485e-17 3.22585e-04 
3768.08 9.22842e-06 6.77090e-01 2.51267e-17 2.97819e-04 
3768.73 9.26063e-06 6.77249e-01 2.48565e-17 2.95766e-04 
3770.00 9.31646e-06 6.77554e-01 2.43381e-17 2.91572e-04 
3780.53 9.51427e-06 6.79947e-01 2.03903e-17 2.51044e-04 
3786.92 9.57404e-06 6.81330e-01 1.82794e-17 2.27313e-04 
3790.00 9.63778e-06 6.81995e-01 1.73320e-17 2.17355e-04 
3792.33 9.71034e-06 6.82505e-01 1.66438e-17 2.10583e-04 
3804.14 9.85632e-06 6.85371e-01 1.35197e-17 1.74899e-04 
3805.85 9.76639e-06 6.85850e-01 1.31141e-17 1.68297e-04 
3810.00 9.33701e-06 6.87097e-01 1.21744e-17 1.49804e-04 
3815.96 8.17979e-06 6.89038e-01 1.09297e-17 1.18337e-04 
3824.88 6.22248e-06 6.92030e-01 9.28023e-18 7.69464e-05 
3827.78 5.79674e-06 6.92970e-01 8.79456e-18 6.80743e-05 
3830.00 5.61137e-06 6.93671e-01 8.43905e-18 6.33343e-05 
3839.61 6.19590e-06 6.96564e-01 7.04414e-18 5.87630e-05 
3844.01 6.83022e-06 6.97820e-01 6.47925e-18 5.97600e-05 
3850.00 7.55976e-06 6.99481e-01 5.77568e-18 5.91931e-05 
3851.45 7.66237e-06 6.99874e-01 5.61688e-18 5.84016e-05 
3863.23 7.60392e-06 7.02990e-01 4.46447e-18 4.64120e-05 
3863.29 7.60158e-06 7.03005e-01 4.45931e-18 4.63458e-05 
3870.00 7.37930e-06 7.04733e-01 3.90505e-18 3.95640e-05 
3875.13 7.39503e-06 7.06036e-01 3.52540e-18 3.59075e-05 
3882.54 7.79455e-06 7.07900e-01 3.03725e-18 3.27553e-05 
3886.98 8.25851e-06 7.09008e-01 2.77585e-18 3.18043e-05 
3890.00 8.67411e-06 7.09758e-01 2.61039e-18 3.14713e-05 
3898.84 1.00871e-05 7.11938e-01 2.17743e-18 3.06910e-05 
3901.96 1.04368e-05 7.12700e-01 2.04172e-18 2.98315e-05 
3910.00 1.02425e-05 7.14655e-01 1.72740e-18 2.48883e-05 
3910.70 1.01206e-05 7.14825e-01 1.70221e-18 2.42437e-05 
3921.46 6.97136e-06 7.17420e-01 1.35827e-18 1.34107e-05 
3922.57 6.64220e-06 7.17687e-01 1.32693e-18 1.24908e-05 
3930.00 5.38993e-06 7.19477e-01 1.13429e-18 8.70242e-06 
3934.45 5.83300e-06 7.20554e-01 1.03235e-18 8.59392e-06 
3941.07 7.50500e-06 7.22170e-01 8.97160e-19 9.64711e-06 
3946.33 8.77430e-06 7.23461e-01 8.02670e-19 1.01223e-05 
3950.00 9.17055e-06 7.24351e-01 7.42784e-19 9.81132e-06 
3958.22 8.08755e-06 7.26250e-01 6.25038e-19 7.31530e-06 
3960.78 7.49641e-06 7.26800e-01 5.92544e-19 6.43714e-06 
3970.00 6.32821e-06 7.28616e-01 4.90142e-19 4.51664e-06 
3970.11 6.33435e-06 7.28637e-01 4.89050e-19 4.51121e-06 
3980.58 9.10346e-06 7.30710e-01 3.97161e-19 5.29405e-06 
3982.01 9.66181e-06 7.31019e-01 3.86372e-19 5.47040e-06 
3990.00 1.24601e-05 7.32880e-01 3.32758e-19 6.10350e-06 
3993.91 1.32245e-05 7.33844e-01 3.10380e-19 6.05620e-06 
4000.48 1.36376e-05 7.35480e-01 2.77928e-19 5.61405e-06 
4005.82 1.35091e-05 7.36788e-01 2.55863e-19 5.13560e-06 
4010.00 1.33341e-05 7.37793e-01 2.41056e-19 4.78722e-06 
4017.74 1.31869e-05 7.39615e-01 2.18769e-19 4.31557e-06 
4020.49 1.31797e-05 7.40250e-01 2.12349e-19 4.19309e-06 
4029.66 1.31873e-05 7.42337e-01 1.95989e-19 3.89207e-06 
4030.00 1.31859e-05 7.42413e-01 1.95530e-19 3.88329e-06 
4040.59 1.30159e-05 7.44770e-01 1.85677e-19 3.66120e-06 
4041.59 1.29873e-05 7.44992e-01 1.85184e-19 3.64543e-06 
4050.00 1.26673e-05 7.46838e-01 1.83805e-19 3.54524e-06 
4053.53 1.24967e-05 7.47606e-01 1.84628e-19 3.51983e-06 
4060.79 1.21987e-05 7.49170e-01 1.88764e-19 3.52654e-06 
4065.47 1.21441e-05 7.50163e-01 1.93092e-19 3.60014e-06 
4070.00 1.22725e-05 7.51117e-01 1.98479e-19 3.74863e-06 
4077.41 1.29051e-05 7.52665e-01 2.09741e-19 4.18169e-06 
4081.10 1.33038e-05 7.53430e-01 2.16429e-19 4.45690e-06 
4089.37 1.40063e-05 7.55144e-01 2.34044e-19 5.09599e-06 
4090.00 1.40342e-05 7.55274e-01 2.35537e-19 5.14042e-06 
4101.33 1.38847e-05 7.57604e-01 2.65714e-19 5.77085e-06 
4101.50 1.38766e-05 7.57640e-01 2.66234e-19 5.77931e-06 
4110.00 1.35201e-05 7.59372e-01 2.93217e-19 6.22855e-06 
4113.29 1.34661e-05 7.60040e-01 3.04644e-19 6.45632e-06 
4122.01 1.35350e-05 7.61810e-01 3.37581e-19 7.22295e-06 
4125.26 1.35919e-05 7.62470e-01 3.50859e-19 7.55113e-06 
4130.00 1.36549e-05 7.63427e-01 3.71185e-19 8.04489e-06 
4137.24 1.36494e-05 7.64855e-01 4.04478e-19 8.79470e-06 
4142.62 1.36093e-05 7.65870e-01 4.31018e-19 9.36882e-06 
4149.22 1.35958e-05 7.67050e-01 4.65674e-19 1.01438e-05 
4150.00 1.36006e-05 7.67187e-01 4.69925e-19 1.02438e-05 
4161.21 1.37680e-05 7.69146e-01 5.34650e-19 1.18602e-05 
4163.33 1.37909e-05 7.69530e-01 5.47695e-19 1.21820e-05 
4170.00 1.37568e-05 7.70780e-01 5.90272e-19 1.31389e-05 
4173.20 1.36609e-05 7.71400e-01 6.11609e-19 1.35403e-05 
4184.15 1.31629e-05 7.73560e-01 6.88922e-19 1.47756e-05 
4185.20 1.31217e-05 7.73768e-01 6.96729e-19 1.49040e-05 
4190.00 1.29994e-05 7.74711e-01 7.33056e-19 1.55718e-05 
4197.21 1.30565e-05 7.76115e-01 7.90146e-19 1.69177e-05 
4205.07 1.32329e-05 7.77630e-01 8.55807e-19 1.86423e-05 
4209.22 1.32661e-05 7.78425e-01 8.91934e-19 1.95172e-05 
4210.00 1.32622e-05 7.78573e-01 8.98814e-19 1.96693e-05 
4221.24 1.29155e-05 7.80688e-01 1.00209e-18 2.14715e-05 
4226.10 1.27396e-05 7.81580e-01 1.04893e-18 2.22197e-05 
4230.00 1.26605e-05 7.82286e-01 1.08757e-18 2.29370e-05 
4233.27 1.26599e-05 7.82869e-01 1.12053e-18 2.36668e-05 
4245.30 1.28720e-05 7.84969e-01 1.24705e-18 2.69285e-05 
4247.23 1.28867e-05 7.85300e-01 1.26807e-18 2.74379e-05 
4250.00 1.28748e-05 7.85774e-01 1.29864e-18 2.81085e-05 
4257.33 1.26355e-05 7.87021e-01 1.38134e-18 2.94403e-05 
4268.46 1.20534e-05 7.88930e-01 1.51202e-18 3.08959e-05 
4269.37 1.20129e-05 7.89089e-01 1.52300e-18 3.10286e-05 
4270.00 1.19869e-05 7.89198e-01 1.53055e-18 3.11236e-05 
4281.42 1.15840e-05 7.91216e-01 1.67148e-18 3.30193e-05 
4289.80 1.09258e-05 7.92700e-01 1.77839e-18 3.32622e-05 
4290.00 1.09023e-05 7.92735e-01 1.78093e-18 3.32408e-05 
4293.48 1.04234e-05 7.93345e-01 1.82613e-18 3.26388e-05 
4305.54 8.97909e-06 7.95421e-01 1.98616e-18 3.07464e-05 
4310.00 9.08591e-06 7.96171e-01 2.04653e-18 3.21213e-05 
4311.25 9.22439e-06 7.96380e-01 2.06358e-18 3.29008e-05 
4317.61 1.04993e-05 7.97427e-01 2.15069e-18 3.91379e-05 
4329.68 1.32102e-05 7.99390e-01 2.31873e-18 5.33701e-05 
4330.00 1.32475e-05 7.99443e-01 2.32324e-18 5.36322e-05 
4332.81 1.34454e-05 7.99900e-01 2.36273e-18 5.54263e-05 
4341.76 1.30842e-05 8.01366e-01 2.48918e-18 5.70458e-05 
4350.00 1.26163e-05 8.02715e-01 2.60624e-18 5.77990e-05 
4353.84 1.27257e-05 8.03338e-01 2.66088e-18 5.96212e-05 
4354.47 1.27640e-05 8.03440e-01 2.66985e-18 6.00185e-05 
4365.93 1.37635e-05 8.05254e-01 2.83259e-18 6.89994e-05 
4370.00 1.39360e-05 8.05880e-01 2.89009e-18 7.14044e-05 
4376.25 1.37155e-05 8.06820e-01 2.97800e-18 7.26002e-05 
4378.03 1.35771e-05 8.07084e-01 3.00301e-18 7.25244e-05 
4390.00 1.26563e-05 8.08799e-01 3.16899e-18 7.16894e-05 
4390.13 1.26520e-05 8.08818e-01 3.17082e-18 7.17106e-05 
4398.13 1.27716e-05 8.09920e-01 3.27952e-18 7.51087e-05 
4402.24 1.30384e-05 8.10472e-01 3.33469e-18 7.80936e-05 
4410.00 1.36749e-05 8.11407e-01 3.43693e-18 8.46637e-05 
4414.36 1.40035e-05 8.11820e-01 3.49329e-18 8.82516e-05 
4420.12 1.43490e-05 8.12180e-01 3.56643e-18 9.24835e-05 
4426.48 1.45831e-05 8.12314e-01 3.64531e-18 9.62255e-05 
4430.00 1.46331e-05 8.12338e-01 3.68804e-18 9.77677e-05 
4438.61 1.45483e-05 8.12556e-01 3.78951e-18 1.00096e-04 
4442.22 1.44872e-05 8.12830e-01 3.83074e-18 1.00876e-04 
4450.00 1.44765e-05 8.13947e-01 3.91671e-18 1.03387e-04 
4450.74 1.44914e-05 8.14085e-01 3.92469e-18 1.03739e-04 
4462.88 1.50109e-05 8.16756e-01 4.04975e-18 1.11549e-04 
4464.43 1.50812e-05 8.17120e-01 4.06492e-18 1.12580e-04 
4470.00 1.52589e-05 8.18407e-01 4.11796e-18 1.15719e-04 
4475.03 1.52801e-05 8.19529e-01 4.16371e-18 1.17460e-04 
4486.75 1.52995e-05 8.21960e-01 4.26230e-18 1.21067e-04 
4487.18 1.53122e-05 8.22043e-01 4.26568e-18 1.21288e-04 
4490.00 1.54367e-05 8.22578e-01 4.28755e-18 1.23058e-04 
4499.34 1.62545e-05 8.24228e-01 4.35492e-18 1.32152e-04 
4509.19 1.68828e-05 8.25810e-01 4.41744e-18 1.39803e-04 
4510.00 1.68840e-05 8.25936e-01 4.42222e-18 1.40011e-04 
4511.50 1.68579e-05 8.26165e-01 4.43085e-18 1.40153e-04 
4523.67 1.58407e-05 8.27949e-01 4.49303e-18 1.34193e-04 
4530.00 1.53063e-05 8.28833e-01 4.51982e-18 1.30761e-04 
4531.73 1.52254e-05 8.29070e-01 4.52648e-18 1.30349e-04 
4535.85 1.51587e-05 8.29628e-01 4.54118e-18 1.30406e-04 
4548.03 1.56739e-05 8.31216e-01 4.57522e-18 1.36474e-04 
4550.00 1.58111e-05 8.31462e-01 4.57940e-18 1.37895e-04 
4554.39 1.61247e-05 8.32000e-01 4.58740e-18 1.41102e-04 
4560.22 1.64960e-05 8.32690e-01 4.59522e-18 1.44903e-04 
4570.00 1.67449e-05 8.33796e-01 4.60128e-18 1.47795e-04 
4572.41 1.66925e-05 8.34062e-01 4.60143e-18 1.47463e-04 
4577.16 1.64808e-05 8.34580e-01 4.60020e-18 1.45795e-04 
4584.62 1.60498e-05 8.35385e-01 4.59427e-18 1.42167e-04 
4590.00 1.58404e-05 8.35967e-01 4.58701e-18 1.40353e-04 
4596.82 1.58548e-05 8.36712e-01 4.57434e-18 1.40426e-04 
4600.05 1.59356e-05 8.37070e-01 4.56704e-18 1.41075e-04 
4609.04 1.61845e-05 8.38094e-01 4.54240e-18 1.42958e-04 
4610.00 1.61994e-05 8.38207e-01 4.53939e-18 1.43045e-04 
4621.26 1.61286e-05 8.39565e-01 4.49936e-18 1.41738e-04 
4623.05 1.60946e-05 8.39790e-01 4.49219e-18 1.41306e-04 
4630.00 1.59751e-05 8.40683e-01 4.46237e-18 1.39683e-04 
4633.48 1.59460e-05 8.41139e-01 4.44631e-18 1.39107e-04 
4645.71 1.60256e-05 8.42751e-01 4.38444e-18 1.38485e-04 
4646.16 1.60330e-05 8.42810e-01 4.38202e-18 1.38496e-04 
4650.00 1.61066e-05 8.43307e-01 4.36093e-18 1.38658e-04 
4657.95 1.62962e-05 8.44278e-01 4.31510e-18 1.39213e-04 
4669.39 1.65060e-05 8.45380e-01 4.24487e-18 1.39233e-04 
4670.00 1.65106e-05 8.45424e-01 4.24102e-18 1.39171e-04 
4670.20 1.65119e-05 8.45439e-01 4.23978e-18 1.39149e-04 
4682.45 1.64084e-05 8.46072e-01 4.16003e-18 1.36134e-04 
4690.00 1.61808e-05 8.46352e-01 4.10941e-18 1.32870e-04 
4692.74 1.60722e-05 8.46460e-01 4.09087e-18 1.31476e-04 
4694.70 1.59902e-05 8.46544e-01 4.07755e-18 1.30447e-04 
4706.97 1.55987e-05 8.47214e-01 3.99411e-18 1.25073e-04 
4710.00 1.55875e-05 8.47419e-01 3.97354e-18 1.24450e-04 
4716.20 1.57182e-05 8.47890e-01 3.93176e-18 1.24408e-04 
4719.24 1.58344e-05 8.48144e-01 3.91156e-18 1.24800e-04 
4730.00 1.62921e-05 8.49001e-01 3.84142e-18 1.26520e-04 
4731.51 1.63402e-05 8.49095e-01 3.83182e-18 1.26631e-04 
4739.79 1.64971e-05 8.49380e-01 3.78069e-18 1.26404e-04 
4743.79 1.65265e-05 8.49341e-01 3.75689e-18 1.25933e-04 
4750.00 1.65432e-05 8.49137e-01 3.72150e-18 1.25007e-04 
4756.08 1.65518e-05 8.48935e-01 3.68879e-18 1.24101e-04 
4763.48 1.65585e-05 8.48950e-01 3.65195e-18 1.23105e-04 
4768.37 1.65596e-05 8.49245e-01 3.62961e-18 1.22529e-04 
4770.00 1.65593e-05 8.49393e-01 3.62257e-18 1.22351e-04 
4780.67 1.65389e-05 8.50867e-01 3.58145e-18 1.21294e-04 
4787.30 1.64970e-05 8.52090e-01 3.56082e-18 1.20630e-04 
4790.00 1.64703e-05 8.52627e-01 3.55359e-18 1.20333e-04 
4792.98 1.64339e-05 8.53236e-01 3.54644e-18 1.19986e-04 
4805.29 1.62972e-05 8.55823e-01 3.52673e-18 1.18991e-04 
4810.00 1.62974e-05 8.56784e-01 3.52369e-18 1.19140e-04 
4811.24 1.63060e-05 8.57030e-01 3.52333e-18 1.19255e-04 
4817.61 1.63908e-05 8.58231e-01 3.52448e-18 1.20242e-04 
4829.94 1.65120e-05 8.60180e-01 3.54183e-18 1.22315e-04 
4830.00 1.65117e-05 8.60189e-01 3.54197e-18 1.22321e-04 
4835.29 1.64351e-05 8.60840e-01 3.55602e-18 1.22463e-04 
4842.27 1.61505e-05 8.61520e-01 3.58092e-18 1.21456e-04 
4850.00 1.55442e-05 8.62143e-01 3.61744e-18 1.18362e-04 
4854.61 1.50357e-05 8.62507e-01 3.64387e-18 1.15485e-04 
4859.47 1.44861e-05 8.62930e-01 3.67569e-18 1.12403e-04 
4866.95 1.39205e-05 8.63702e-01 3.73276e-18 1.09959e-04 
4870.00 1.38837e-05 8.64046e-01 3.75893e-18 1.10550e-04 
4879.30 1.45591e-05 8.65115e-01 3.84962e-18 1.19099e-04 
4883.77 1.50783e-05 8.65600e-01 3.89914e-18 1.25117e-04 
4890.00 1.56950e-05 8.66211e-01 3.97493e-18 1.33029e-04 
4891.66 1.58010e-05 8.66364e-01 3.99643e-18 1.34721e-04 
4904.02 1.58821e-05 8.67462e-01 4.17512e-18 1.42005e-04 
4908.19 1.57535e-05 8.67850e-01 4.24282e-18 1.43325e-04 
4910.00 1.56929e-05 8.68027e-01 4.27348e-18 1.43888e-04 
4916.39 1.55021e-05 8.68685e-01 4.38752e-18 1.46232e-04 
4928.77 1.53574e-05 8.70044e-01 4.63535e-18 1.53675e-04 
4930.00 1.53675e-05 8.70180e-01 4.66208e-18 1.54725e-04 
4932.73 1.54083e-05 8.70480e-01 4.72244e-18 1.57286e-04 
4941.15 1.56496e-05 8.71370e-01 4.92027e-18 1.66895e-04 
4950.00 1.59603e-05 8.72208e-01 5.14744e-18 1.78559e-04 
4953.54 1.60626e-05 8.72502e-01 5.24376e-18 1.83259e-04 
4957.39 1.61455e-05 8.72790e-01 5.35252e-18 1.88233e-04 
4965.93 1.61807e-05 8.73309e-01 5.60719e-18 1.98077e-04 
4970.00 1.61048e-05 8.73520e-01 5.73543e-18 2.01871e-04 
4978.33 1.57506e-05 8.73940e-01 6.01178e-18 2.07391e-04 
4982.18 1.55274e-05 8.74150e-01 6.14584e-18 2.09223e-04 
4990.00 1.50418e-05 8.74590e-01 6.43083e-18 2.12518e-04 
4990.74 1.49975e-05 8.74624e-01 6.45855e-18 2.12845e-04 
5003.15 1.44452e-05 8.74603e-01 6.94836e-18 2.21097e-04 
5007.09 1.43981e-05 8.74230e-01 7.11285e-18 2.25675e-04 
5010.00 1.44209e-05 8.73800e-01 7.23719e-18 2.30004e-04 
5015.57 1.46015e-05 8.72643e-01 7.48183e-18 2.40706e-04 
5028.00 1.51839e-05 8.68902e-01 8.05940e-18 2.69138e-04 
5030.00 1.52387e-05 8.68200e-01 8.15669e-18 2.73258e-04 
5032.12 1.52713e-05 8.67440e-01 8.26108e-18 2.77221e-04 
5040.43 1.52359e-05 8.64471e-01 8.68125e-18 2.90129e-04 
5050.00 1.52135e-05 8.61755e-01 9.18994e-18 3.06296e-04 
5052.87 1.52792e-05 8.61244e-01 9.34729e-18 3.12877e-04 
5057.29 1.54361e-05 8.60840e-01 9.59445e-18 3.24579e-04 
5065.31 1.57276e-05 8.61432e-01 1.00572e-17 3.47448e-04 
5070.00 1.57907e-05 8.62443e-01 1.03359e-17 3.59262e-04 
5077.76 1.56096e-05 8.64883e-01 1.08104e-17 3.73068e-04 
5082.57 1.54118e-05 8.66710e-01 1.11127e-17 3.79798e-04 
5090.00 1.51807e-05 8.69743e-01 1.15916e-17 3.92163e-04 
5090.22 1.51775e-05 8.69834e-01 1.16060e-17 3.92627e-04 
5102.68 1.53033e-05 8.74834e-01 1.24428e-17 4.27909e-04 
5107.98 1.53933e-05 8.76680e-01 1.28107e-17 4.44548e-04 
5110.00 1.54084e-05 8.77309e-01 1.29524e-17 4.50405e-04 
5115.15 1.53784e-05 8.78735e-01 1.33193e-17 4.63482e-04 
5127.63 1.50968e-05 8.81304e-01 1.42339e-17 4.88848e-04 
5130.00 1.50451e-05 8.81683e-01 1.44116e-17 4.93698e-04 
5133.52 1.49835e-05 8.82200e-01 1.46784e-17 5.01413e-04 
5140.11 1.48714e-05 8.83046e-01 1.51843e-17 5.15971e-04 
5150.00 1.45045e-05 8.84074e-01 1.59606e-17 5.30606e-04 
5152.60 1.43320e-05 8.84305e-01 1.61683e-17 5.31521e-04 
5159.19 1.37948e-05 8.84830e-01 1.66998e-17 5.29409e-04 
5165.10 1.33077e-05 8.85244e-01 1.71831e-17 5.26346e-04 
5170.00 1.29960e-05 8.85558e-01 1.75889e-17 5.26841e-04 
5177.60 1.28067e-05 8.86006e-01 1.82260e-17 5.39034e-04 
5184.99 1.29464e-05 8.86420e-01 1.88539e-17 5.64756e-04 
5190.00 1.31973e-05 8.86698e-01 1.92843e-17 5.89597e-04 
5190.11 1.32041e-05 8.86704e-01 1.92937e-17 5.90203e-04 
5202.62 1.41304e-05 8.87338e-01 2.03827e-17 6.69349e-04 
5210.00 1.45513e-05 8.87622e-01 2.10328e-17 7.12504e-04 
5210.91 1.45826e-05 8.87650e-01 2.11137e-17 7.16933e-04 
5215.15 1.46687e-05 8.87760e-01 2.14895e-17 7.34687e-04 
5227.67 1.47458e-05 8.87887e-01 2.26100e-17 7.79039e-04 
5230.00 1.48006e-05 8.87880e-01 2.28193e-17 7.89518e-04 
5236.97 1.50979e-05 8.87810e-01 2.34476e-17 8.28583e-04 
5240.21 1.52398e-05 8.87753e-01 2.37403e-17 8.47288e-04 
5250.00 1.52563e-05 8.87528e-01 2.46271e-17 8.81305e-04 
5252.75 1.50674e-05 8.87461e-01 2.48761e-17 8.79591e-04 
5263.15 1.39612e-05 8.87250e-01 2.58191e-17 8.47383e-04 
5265.29 1.37652e-05 8.87223e-01 2.60131e-17 8.42078e-04 
5270.00 1.35193e-05 8.87185e-01 2.64387e-17 8.41285e-04 
5277.85 1.38330e-05 8.87177e-01 2.71467e-17 8.85161e-04 
5289.47 1.50596e-05 8.87240e-01 2.81886e-17 1.00292e-03 
5290.00 1.51119e-05 8.87244e-01 2.82360e-17 1.00819e-03 
5290.41 1.51509e-05 8.87247e-01 2.82724e-17 1.01218e-03 
5302.97 1.57882e-05 8.87389e-01 2.93856e-17 1.09907e-03 
5310.00 1.55989e-05 8.87560e-01 3.00006e-17 1.11030e-03 
5315.55 1.51651e-05 8.87773e-01 3.04817e-17 1.09814e-03 
5315.92 1.51309e-05 8.87790e-01 3.05135e-17 1.09691e-03 
5328.13 1.41559e-05 8.88539e-01 3.15561e-17 1.06462e-03 
5330.00 1.41063e-05 8.88678e-01 3.17140e-17 1.06674e-03 
5340.71 1.45171e-05 8.89519e-01 3.26043e-17 1.13196e-03 
5342.50 1.46449e-05 8.89660e-01 3.27504e-17 1.14761e-03 
5350.00 1.51175e-05 8.90244e-01 3.33581e-17 1.20911e-03 
5353.30 1.52206e-05 8.90502e-01 3.36218e-17 1.22810e-03 
5365.90 1.51444e-05 8.91552e-01 3.46043e-17 1.26211e-03 
5369.21 1.50864e-05 8.91860e-01 3.48557e-17 1.26762e-03 
5370.00 1.50747e-05 8.91936e-01 3.49155e-17 1.26911e-03 
5378.51 1.50095e-05 8.92711e-01 3.55476e-17 1.28965e-03 
5390.00 1.49000e-05 8.92929e-01 3.63698e-17 1.31298e-03 
5391.12 1.48758e-05 8.92856e-01 3.64478e-17 1.31382e-03 
5396.05 1.47392e-05 8.92260e-01 3.67874e-17 1.31421e-03 
5403.74 1.45073e-05 8.90451e-01 3.73010e-17 1.31079e-03 
5410.00 1.43958e-05 8.88614e-01 3.77058e-17 1.31365e-03 
5416.36 1.44234e-05 8.86918e-01 3.81037e-17 1.32907e-03 
5423.03 1.45668e-05 8.85840e-01 3.85063e-17 1.35649e-03 
5428.99 1.47397e-05 8.85803e-01 3.88526e-17 1.38640e-03 
5430.00 1.47695e-05 8.85872e-01 3.89099e-17 1.39162e-03 
5441.63 1.50524e-05 8.87523e-01 3.95446e-17 1.44719e-03 
5450.00 1.51239e-05 8.88754e-01 3.99702e-17 1.47402e-03 
5450.15 1.51237e-05 8.88770e-01 3.99776e-17 1.47434e-03 
5454.27 1.50983e-05 8.89082e-01 4.01772e-17 1.48084e-03 
5466.92 1.48929e-05 8.89278e-01 4.07478e-17 1.48520e-03 
5470.00 1.48452e-05 8.89325e-01 4.08769e-17 1.48605e-03 
5477.40 1.47747e-05 8.89760e-01 4.11718e-17 1.49242e-03 
5479.58 1.47638e-05 8.90019e-01 4.12544e-17 1.49534e-03 
5490.00 1.47446e-05 8.91938e-01 4.16220e-17 1.51281e-03 
5492.24 1.47430e-05 8.92436e-01 4.16952e-17 1.51678e-03 
5504.79 1.47375e-05 8.95080e-01 4.20656e-17 1.53772e-03 
5504.91 1.47375e-05 8.95102e-01 4.20690e-17 1.53791e-03 
5510.00 1.47393e-05 8.95864e-01 4.21999e-17 1.54563e-03 
5517.59 1.47516e-05 8.96643e-01 4.23746e-17 1.55682e-03 
5530.00 1.48341e-05 8.97365e-01 4.26070e-17 1.57892e-03 
5530.27 1.48373e-05 8.97378e-01 4.26114e-17 1.57952e-03 
5532.31 1.48625e-05 8.97470e-01 4.26430e-17 1.58412e-03 
5542.96 1.49943e-05 8.97949e-01 4.27790e-17 1.60721e-03 
5550.00 1.50091e-05 8.98230e-01 4.28421e-17 1.61373e-03 
5555.66 1.49398e-05 8.98411e-01 4.28775e-17 1.60956e-03 
5559.97 1.48471e-05 8.98510e-01 4.28952e-17 1.60165e-03 
5568.36 1.46163e-05 8.98593e-01 4.29071e-17 1.57972e-03 
5570.00 1.45692e-05 8.98594e-01 4.29060e-17 1.57505e-03 
5581.07 1.43062e-05 8.98497e-01 4.28686e-17 1.54817e-03 
5587.77 1.42495e-05 8.98370e-01 4.28213e-17 1.54198e-03 
5590.00 1.42575e-05 8.98320e-01 4.28014e-17 1.54265e-03 
5593.79 1.43048e-05 8.98227e-01 4.27631e-17 1.54727e-03 
5606.51 1.46047e-05 8.97827e-01 4.25916e-17 1.57625e-03 
5610.00 1.46721e-05 8.97691e-01 4.25333e-17 1.58210e-03 
5615.71 1.47286e-05 8.97440e-01 4.24275e-17 1.58541e-03 
5619.24 1.47377e-05 8.97268e-01 4.23559e-17 1.58441e-03 
5630.00 1.47250e-05 8.96754e-01 4.21080e-17 1.57588e-03 
5631.97 1.47263e-05 8.96675e-01 4.20578e-17 1.57456e-03 
5643.79 1.47339e-05 8.96450e-01 4.17274e-17 1.56588e-03 
5644.71 1.47302e-05 8.96456e-01 4.16994e-17 1.56470e-03 
5650.00 1.46817e-05 8.96519e-01 4.15336e-17 1.55491e-03 
5657.46 1.45332e-05 8.96412e-01 4.12830e-17 1.53174e-03 
5670.00 1.43417e-05 8.94356e-01 4.08196e-17 1.49447e-03 
5670.22 1.43418e-05 8.94288e-01 4.08112e-17 1.49411e-03 
5672.01 1.43483e-05 8.93670e-01 4.07406e-17 1.49164e-03 
5682.98 1.44989e-05 8.88246e-01 4.02866e-17 1.48432e-03 
5690.00 1.45264e-05 8.84326e-01 3.99765e-17 1.47100e-03 
5695.75 1.44223e-05 8.81595e-01 3.97121e-17 1.44778e-03 
5700.37 1.43060e-05 8.80060e-01 3.94924e-17 1.42682e-03 
5708.52 1.42160e-05 8.79187e-01 3.90907e-17 1.40404e-03 
5710.00 1.42351e-05 8.79226e-01 3.90159e-17 1.40366e-03 
5721.30 1.47129e-05 8.80455e-01 3.84256e-17 1.43365e-03 
5728.87 1.50067e-05 8.81170e-01 3.80125e-17 1.44965e-03 
5730.00 1.50244e-05 8.81201e-01 3.79498e-17 1.44930e-03 
5734.09 1.50137e-05 8.81126e-01 3.77199e-17 1.44041e-03 
5746.88 1.46299e-05 8.79891e-01 3.69769e-17 1.37707e-03 
5750.00 1.45626e-05 8.79583e-01 3.67908e-17 1.36410e-03 
5757.52 1.45651e-05 8.79250e-01 3.63340e-17 1.34865e-03 
5759.69 1.45919e-05 8.79319e-01 3.62000e-17 1.34676e-03 
5770.00 1.46785e-05 8.80700e-01 3.55520e-17 1.33497e-03 
5772.49 1.46544e-05 8.81262e-01 3.53926e-17 1.32823e-03 
5785.31 1.43539e-05 8.85206e-01 3.45578e-17 1.27882e-03 
5786.30 1.43331e-05 8.85570e-01 3.44920e-17 1.27528e-03 
5790.00 1.42790e-05 8.86974e-01 3.42461e-17 1.26422e-03 
5798.13 1.43153e-05 8.90192e-01 3.36992e-17 1.25347e-03 
5810.00 1.45645e-05 8.94538e-01 3.28861e-17 1.25316e-03 
5810.96 1.45849e-05 8.94839e-01 3.28199e-17 1.25302e-03 
5815.23 1.46652e-05 8.96050e-01 3.25228e-17 1.25112e-03 
5823.79 1.47494e-05 8.97807e-01 3.19233e-17 1.23935e-03 
5830.00 1.47204e-05 8.98789e-01 3.14844e-17 1.22255e-03 
5836.63 1.45987e-05 8.99876e-01 3.10125e-17 1.19706e-03 
5844.31 1.44392e-05 9.01570e-01 3.04626e-17 1.16671e-03 
5849.48 1.43903e-05 9.03048e-01 3.00905e-17 1.15146e-03 
5850.00 1.43901e-05 9.03191e-01 3.00530e-17 1.15030e-03 
5862.33 1.45085e-05 9.03693e-01 2.91605e-17 1.12832e-03 
5870.00 1.43929e-05 8.98394e-01 2.86035e-17 1.09294e-03 
5873.53 1.42109e-05 8.93670e-01 2.83464e-17 1.06444e-03 
5875.19 1.41032e-05 8.90860e-01 2.82253e-17 1.04884e-03 
5888.06 1.33321e-05 8.61158e-01 2.72877e-17 9.28633e-04 
5890.00 1.33011e-05 8.56294e-01 2.71465e-17 9.16774e-04 
5900.94 1.37148e-05 8.33260e-01 2.63503e-17 8.94537e-04 
5902.90 1.38400e-05 8.30580e-01 2.62076e-17 8.95230e-04 
5910.00 1.42272e-05 8.25761e-01 2.56921e-17 8.98015e-04 
5913.82 1.43235e-05 8.25704e-01 2.54156e-17 8.94878e-04 
5926.71 1.42300e-05 8.32149e-01 2.44860e-17 8.65087e-04 
5930.00 1.41824e-05 8.34097e-01 2.42496e-17 8.56347e-04 
5932.41 1.41594e-05 8.35280e-01 2.40766e-17 8.50410e-04 
5939.60 1.41444e-05 8.37176e-01 2.35638e-17 8.34307e-04 
5950.00 1.41897e-05 8.37892e-01 2.28271e-17 8.12927e-04 
5952.50 1.41996e-05 8.38149e-01 2.26510e-17 8.07804e-04 
5962.08 1.42141e-05 8.41210e-01 2.19810e-17 7.88848e-04 
5965.41 1.42107e-05 8.43457e-01 2.17496e-17 7.82873e-04 
5970.00 1.41989e-05 8.47536e-01 2.14321e-17 7.75130e-04 
5978.32 1.41568e-05 8.56950e-01 2.08612e-17 7.61662e-04 
5990.00 1.40511e-05 8.71631e-01 2.00710e-17 7.41246e-04 
5991.24 1.40365e-05 8.73123e-01 1.99876e-17 7.38817e-04 
5991.89 1.40288e-05 8.73880e-01 1.99446e-17 7.37539e-04 
6004.17 1.38760e-05 8.86431e-01 1.91303e-17 7.11225e-04 
6010.00 1.38202e-05 8.91196e-01 1.87496e-17 6.98680e-04 
6017.11 1.37870e-05 8.96077e-01 1.82905e-17 6.84468e-04 
6021.85 1.37882e-05 8.98810e-01 1.79875e-17 6.75772e-04 
6030.00 1.38355e-05 9.02636e-01 1.74724e-17 6.62368e-04 
6030.05 1.38359e-05 9.02656e-01 1.74694e-17 6.62296e-04 
6043.00 1.39934e-05 9.06869e-01 1.66681e-17 6.43473e-04 
6050.00 1.40590e-05 9.08438e-01 1.62434e-17 6.31836e-04 
6051.96 1.40682e-05 9.08810e-01 1.61259e-17 6.28139e-04 
6055.95 1.40730e-05 9.09498e-01 1.58875e-17 6.19939e-04 
6068.91 1.39719e-05 9.11208e-01 1.51282e-17 5.88433e-04 
6070.00 1.39562e-05 9.11325e-01 1.50655e-17 5.85514e-04 
6081.88 1.37535e-05 9.12479e-01 1.43911e-17 5.52956e-04 
6082.21 1.37481e-05 9.12510e-01 1.43723e-17 5.52066e-04 
6090.00 1.36514e-05 9.13237e-01 1.39411e-17 5.32842e-04 
6094.85 1.36297e-05 9.13691e-01 1.36765e-17 5.22573e-04 
6107.84 1.35633e-05 9.14879e-01 1.29848e-17 4.95423e-04 
6110.00 1.35270e-05 9.15071e-01 1.28719e-17 4.90073e-04 
6112.63 1.34667e-05 9.15300e-01 1.27356e-17 4.83055e-04 
6120.83 1.32253e-05 9.15987e-01 1.23164e-17 4.59741e-04 
6130.00 1.30501e-05 9.16701e-01 1.18586e-17 4.37781e-04 
6133.82 1.30620e-05 9.16979e-01 1.16715e-17 4.31665e-04 
6143.19 1.31981e-05 9.17610e-01 1.12213e-17 4.20270e-04 
6146.82 1.32302e-05 9.17834e-01 1.10500e-17 4.15210e-04 
6150.00 1.32217e-05 9.18022e-01 1.09017e-17 4.09670e-04 
6159.83 1.29753e-05 9.18559e-01 1.04520e-17 3.86294e-04 
6170.00 1.27791e-05 9.19064e-01 1.00011e-17 3.64841e-04 
6172.85 1.28090e-05 9.19200e-01 9.87748e-18 3.61393e-04 
6173.91 1.28305e-05 9.19250e-01 9.83179e-18 3.60407e-04 
6185.87 1.32615e-05 9.19771e-01 9.32615e-18 3.54240e-04 
6190.00 1.33963e-05 9.19909e-01 9.15614e-18 3.51606e-04 
6198.90 1.35025e-05 9.20077e-01 8.79781e-18 3.41076e-04 
6204.77 1.34711e-05 9.20060e-01 8.56706e-18 3.31665e-04 
6210.00 1.34101e-05 9.19948e-01 8.36576e-18 3.22639e-04 
6211.93 1.33848e-05 9.19891e-01 8.29217e-18 3.19277e-04 
6224.98 1.31746e-05 9.19548e-01 7.80885e-18 2.96455e-04 
6230.00 1.30619e-05 9.19549e-01 7.62864e-18 2.87369e-04 
6235.80 1.29086e-05 9.19740e-01 7.42467e-18 2.76717e-04 
6238.03 1.28508e-05 9.19878e-01 7.34744e-18 2.72752e-04 
6250.00 1.26953e-05 9.20503e-01 6.94316e-18 2.55286e-04 
6251.08 1.27031e-05 9.20488e-01 6.90748e-18 2.54170e-04 
6264.15 1.30201e-05 9.17959e-01 6.48847e-18 2.44549e-04 
6266.98 1.31026e-05 9.16620e-01 6.40039e-18 2.42512e-04 
6270.00 1.31781e-05 9.14808e-01 6.30743e-18 2.40009e-04 
6277.22 1.32782e-05 9.09374e-01 6.08989e-18 2.32371e-04 
6290.00 1.32073e-05 8.99474e-01 5.71943e-18 2.15144e-04 
6290.29 1.32025e-05 8.99290e-01 5.71116e-18 2.14721e-04 
6298.31 1.30400e-05 8.95850e-01 5.48856e-18 2.03292e-04 
6303.38 1.29315e-05 8.95661e-01 5.35170e-18 1.96689e-04 
6310.00 1.28268e-05 8.97436e-01 5.17695e-18 1.89299e-04 
6316.47 1.27967e-05 9.00674e-01 5.01090e-18 1.83645e-04 
6329.56 1.28572e-05 9.08714e-01 4.68814e-18 1.74531e-04 
6329.80 1.28585e-05 9.08850e-01 4.68241e-18 1.74368e-04 
6330.00 1.28596e-05 9.08961e-01 4.67772e-18 1.74234e-04 
6342.67 1.28898e-05 9.14786e-01 4.38280e-18 1.65010e-04 
6350.00 1.28730e-05 9.17254e-01 4.21939e-18 1.59263e-04 
6355.78 1.28446e-05 9.18930e-01 4.09423e-18 1.54620e-04 
6361.45 1.28166e-05 9.20470e-01 3.97444e-18 1.50155e-04 
6368.90 1.28052e-05 9.22456e-01 3.82178e-18 1.44739e-04 
6370.00 1.28077e-05 9.22743e-01 3.79961e-18 1.43997e-04 
6382.02 1.28772e-05 9.25613e-01 3.56482e-18 1.36511e-04 
6390.00 1.28679e-05 9.27082e-01 3.41599e-18 1.31088e-04 
6393.26 1.28290e-05 9.27540e-01 3.35672e-18 1.28554e-04 
6395.15 1.27985e-05 9.27763e-01 3.32270e-18 1.27017e-04 
6408.29 1.25756e-05 9.28830e-01 3.09478e-18 1.16616e-04 
6410.00 1.25627e-05 9.28960e-01 3.06618e-18 1.15467e-04 
6421.44 1.26150e-05 9.30285e-01 2.88044e-18 1.09274e-04 
6425.23 1.26486e-05 9.31020e-01 2.82112e-18 1.07457e-04 
6430.00 1.26707e-05 9.32187e-01 2.74789e-18 1.05060e-04 
6434.59 1.26551e-05 9.33297e-01 2.67905e-18 1.02497e-04 
6447.75 1.25188e-05 9.33507e-01 2.49001e-18 9.44521e-05 
6450.00 1.25011e-05 9.32717e-01 2.45888e-18 9.30935e-05 
6457.35 1.24794e-05 9.27570e-01 2.35956e-18 8.87872e-05 
6460.92 1.24783e-05 9.23448e-01 2.31271e-18 8.66780e-05 
6470.00 1.24517e-05 9.09576e-01 2.19698e-18 8.10442e-05 
6474.09 1.24119e-05 9.02672e-01 2.14659e-18 7.83826e-05 
6487.27 1.22773e-05 8.83726e-01 1.99106e-18 7.05487e-05 
6489.64 1.22747e-05 8.81590e-01 1.96417e-18 6.94384e-05 
6490.00 1.22753e-05 8.81315e-01 1.96011e-18 6.92809e-05 
6500.46 1.23889e-05 8.78522e-01 1.84557e-18 6.57329e-05 
6510.00 1.25187e-05 8.82306e-01 1.74628e-18 6.32116e-05 
6513.65 1.25386e-05 8.84644e-01 1.70960e-18 6.21814e-05 
6522.09 1.25276e-05 8.90570e-01 1.62742e-18 5.96134e-05 
6526.85 1.25073e-05 8.93649e-01 1.58263e-18 5.81211e-05 
6530.00 1.24964e-05 8.95505e-01 1.55361e-18 5.71519e-05 
6540.06 1.24431e-05 9.00549e-01 1.46415e-18 5.40166e-05 
6550.00 1.21052e-05 9.04361e-01 1.38031e-18 4.98261e-05 
6553.27 1.18808e-05 9.05392e-01 1.35369e-18 4.80376e-05 
6554.70 1.17702e-05 9.05810e-01 1.34223e-18 4.72197e-05 
6566.49 1.09679e-05 9.08844e-01 1.25078e-18 4.12147e-05 
6570.00 1.09117e-05 9.09750e-01 1.22472e-18 4.02103e-05 
6579.72 1.14029e-05 9.12815e-01 1.15500e-18 3.98208e-05 
6587.47 1.20318e-05 9.16320e-01 1.10204e-18 4.02919e-05 
6590.00 1.21937e-05 9.17748e-01 1.08524e-18 4.02899e-05 
6592.96 1.23257e-05 9.19582e-01 1.06590e-18 4.00977e-05 
6606.20 1.23862e-05 9.28924e-01 9.83084e-19 3.76169e-05 
6610.00 1.23370e-05 9.31616e-01 9.60434e-19 3.67316e-05 
6619.45 1.22597e-05 9.37486e-01 9.06171e-19 3.47056e-05 
6620.41 1.22554e-05 9.37980e-01 9.00821e-19 3.45118e-05 
6630.00 1.22358e-05 9.41721e-01 8.48923e-19 3.26483e-05 
6632.71 1.22352e-05 9.42443e-01 8.34789e-19 3.21408e-05 
6645.97 1.22162e-05 9.44629e-01 7.68589e-19 2.96738e-05 
6650.00 1.21916e-05 9.45044e-01 7.49451e-19 2.89068e-05 
6653.51 1.21591e-05 9.45390e-01 7.33142e-19 2.82276e-05 
6659.24 1.20971e-05 9.45990e-01 7.07237e-19 2.71320e-05 
6670.00 1.20372e-05 9.47215e-01 6.60851e-19 2.53004e-05 
6672.52 1.20483e-05 9.47509e-01 6.50418e-19 2.49411e-05 
6685.80 1.21696e-05 9.49007e-01 5.97834e-19 2.32383e-05 
6686.78 1.21740e-05 9.49110e-01 5.94123e-19 2.31083e-05 
6690.00 1.21753e-05 9.49438e-01 5.82051e-19 2.26598e-05 
6699.09 1.20726e-05 9.50270e-01 5.49201e-19 2.12480e-05 
6710.00 1.19333e-05 9.51088e-01 5.12070e-19 1.96316e-05 
6712.39 1.19283e-05 9.51240e-01 5.04253e-19 1.93338e-05 
6720.21 1.19715e-05 9.51670e-01 4.79443e-19 1.84789e-05 
6725.70 1.20171e-05 9.51912e-01 4.62738e-19 1.79222e-05 
6730.00 1.20363e-05 9.52081e-01 4.50006e-19 1.74713e-05 
6739.01 1.19939e-05 9.52431e-01 4.24418e-19 1.64478e-05 
6750.00 1.18935e-05 9.52983e-01 3.95040e-19 1.52147e-05 
6752.33 1.18806e-05 9.53135e-01 3.89071e-19 1.49761e-05 
6753.81 1.18748e-05 9.53240e-01 3.85301e-19 1.48286e-05 
6765.65 1.18670e-05 9.54198e-01 3.56485e-19 1.37485e-05 
6770.00 1.18686e-05 9.54502e-01 3.46423e-19 1.33750e-05 
6778.99 1.18553e-05 9.54808e-01 3.26464e-19 1.26110e-05 
6787.58 1.18201e-05 9.54420e-01 3.08389e-19 1.18877e-05 
6790.00 1.18064e-05 9.54153e-01 3.03479e-19 1.16858e-05 
6792.33 1.17918e-05 9.53845e-01 2.98822e-19 1.14924e-05 
6805.67 1.17194e-05 9.52190e-01 2.73387e-19 1.04521e-05 
6810.00 1.17169e-05 9.52125e-01 2.65592e-19 1.01576e-05 
6819.03 1.17542e-05 9.53647e-01 2.49995e-19 9.61961e-06 
6821.52 1.17652e-05 9.54590e-01 2.45846e-19 9.48166e-06 
6830.00 1.17611e-05 9.59160e-01 2.32209e-19 9.00663e-06 
6832.39 1.17408e-05 9.60458e-01 2.28496e-19 8.86240e-06 
6845.76 1.15533e-05 9.62036e-01 2.08748e-19 7.99581e-06 
6850.00 1.15135e-05 9.58839e-01 2.02828e-19 7.72137e-06 
6855.63 1.15056e-05 9.50390e-01 1.95220e-19 7.36722e-06 
6859.13 1.15202e-05 9.42334e-01 1.90617e-19 7.14527e-06 
6870.00 1.15921e-05 9.07159e-01 1.77001e-19 6.43730e-06 
6872.52 1.16025e-05 8.97692e-01 1.73982e-19 6.26932e-06 
6885.91 1.15964e-05 8.47872e-01 1.58726e-19 5.40985e-06 
6889.91 1.15820e-05 8.35320e-01 1.54422e-19 5.18184e-06 
6890.00 1.15817e-05 8.35049e-01 1.54323e-19 5.17673e-06 
6899.30 1.15408e-05 8.15284e-01 1.44743e-19 4.73010e-06 
6910.00 1.14913e-05 8.16680e-01 1.34432e-19 4.38858e-06 
6912.71 1.14799e-05 8.22408e-01 1.31935e-19 4.33466e-06 
6924.36 1.14434e-05 8.78320e-01 1.21690e-19 4.26348e-06 
6926.12 1.14404e-05 8.91798e-01 1.20207e-19 4.27611e-06 
6930.00 1.14366e-05 9.26703e-01 1.17003e-19 4.32608e-06 
6939.54 1.14485e-05 1.04608e+00 1.09475e-19 4.58018e-06 
