##### EXOPHOT SPECTRAL OVERLAP FILE #####
# Date: 01/12/2021 13:14:58
# SED file: SED_g2v.txt
# atmosphere file: atm_g2v_hzm_os3.txt
# photopigment file: phot4.txt
# Stellar radius (Rs in km): 6.963400e+05
# Exoplanet orbit semi-major axis (sma in km): 1.481139e+08
# Total absorption rate (gamma_t in s-1): 3.86663e+00
# B band absorption rate (gamma_B in s-1): 3.69412e+00
# Q band absorption rate (gamma_Q in s-1): 1.72508e-01
# B-Q bands cut-off (in nm): 500
# photosynthetic photon flux density [ppfd in micromol photon m-2 s-1]: 2.16868e+03
# Total Stellar Irradiance (S in W m-2): 1.37004e+03
# -------------------------------------------------
# Col 1: Wavelength (wl in Angstrom) 
# Col 2: Spectral Flux Density (F_l in J cm-2 s-1 A-1) 
# Col 3: Atmosphere transmitance (T, no units) 
# Col 4: Pigment absorption cross section (sigma_abs in cm-2) 
# Col 5: Spectral Absorption Rate (Gamma_lambda in A-1 s-1)
2503.42 9.70681e-07 1.45677e-01 9.18144e-23 1.63620e-11 
2505.00 8.30996e-07 1.46278e-01 1.01415e-22 1.55457e-11 
2513.00 3.76036e-07 1.49324e-01 1.60154e-22 1.13766e-11 
2515.76 3.01355e-07 1.50380e-01 1.86508e-22 1.07043e-11 
2516.83 2.81715e-07 1.50792e-01 1.97896e-22 1.06513e-11 
2518.00 2.65815e-07 1.51241e-01 2.11089e-22 1.07571e-11 
2525.00 2.68980e-07 1.53944e-01 3.10568e-22 1.63465e-11 
2528.34 3.11401e-07 1.55240e-01 3.72636e-22 2.29280e-11 
2530.25 3.37577e-07 1.55988e-01 4.13317e-22 2.77225e-11 
2535.00 3.73490e-07 1.57844e-01 5.32120e-22 4.00331e-11 
2540.98 3.64323e-07 1.60200e-01 7.27891e-22 5.43425e-11 
2543.69 4.21022e-07 1.61273e-01 8.37163e-22 7.27885e-11 
2545.00 4.79310e-07 1.61794e-01 8.95467e-22 8.89694e-11 
2553.68 1.11450e-06 1.65250e-01 1.38790e-21 3.28602e-10 
2555.00 1.15978e-06 1.65774e-01 1.48180e-21 3.66435e-10 
2557.12 1.16277e-06 1.66620e-01 1.64576e-21 4.10451e-10 
2565.00 9.81278e-07 1.69766e-01 2.41169e-21 5.18771e-10 
2566.45 1.01756e-06 1.70350e-01 2.58518e-21 5.78961e-10 
2570.57 1.25032e-06 1.72017e-01 3.14260e-21 8.74654e-10 
2575.00 1.48751e-06 1.73823e-01 3.86345e-21 1.29492e-09 
2579.28 1.49187e-06 1.75580e-01 4.70505e-21 1.60026e-09 
2584.03 1.35031e-06 1.77533e-01 5.83323e-21 1.81903e-09 
2585.00 1.32188e-06 1.77935e-01 6.09350e-21 1.86511e-09 
2592.18 1.20336e-06 1.80910e-01 8.36990e-21 2.37776e-09 
2595.00 1.15895e-06 1.82083e-01 9.46211e-21 2.60847e-09 
2597.49 1.10151e-06 1.83122e-01 1.05328e-20 2.77811e-09 
2605.00 9.02072e-07 1.86271e-01 1.44720e-20 3.18894e-09 
2605.14 8.99153e-07 1.86330e-01 1.45576e-20 3.19861e-09 
2610.96 8.26387e-07 1.88785e-01 1.85144e-20 3.79651e-09 
2615.00 8.16755e-07 1.90496e-01 2.18126e-20 4.46767e-09 
2618.17 8.33844e-07 1.91840e-01 2.47632e-20 5.22098e-09 
2624.44 1.14213e-06 1.94505e-01 3.17034e-20 9.30489e-09 
2625.00 1.20017e-06 1.94745e-01 3.24056e-20 1.00088e-08 
2631.26 2.11169e-06 1.97420e-01 4.12098e-20 2.27566e-08 
2635.00 2.61587e-06 1.99029e-01 4.74597e-20 3.27764e-08 
2637.92 2.85394e-06 2.00290e-01 5.29206e-20 4.01712e-08 
2644.41 3.46147e-06 2.03100e-01 6.71120e-20 6.28093e-08 
2645.00 3.56199e-06 2.03354e-01 6.85478e-20 6.61131e-08 
2651.42 4.95809e-06 2.06139e-01 8.61697e-20 1.17552e-07 
2655.00 5.21474e-06 2.07699e-01 9.76731e-20 1.41394e-07 
2657.64 4.82872e-06 2.08850e-01 1.06988e-19 1.44351e-07 
2664.92 2.95562e-06 2.12043e-01 1.36953e-19 1.15147e-07 
2665.00 2.94255e-06 2.12080e-01 1.37330e-19 1.14977e-07 
2670.92 2.90550e-06 2.14690e-01 1.67006e-19 1.40071e-07 
2675.00 3.48091e-06 2.16490e-01 1.90572e-19 1.93391e-07 
2678.43 3.98915e-06 2.18006e-01 2.12593e-19 2.49288e-07 
2684.28 4.30503e-06 2.20600e-01 2.55339e-19 3.27680e-07 
2685.00 4.25848e-06 2.20920e-01 2.61092e-19 3.32010e-07 
2691.94 3.14167e-06 2.24010e-01 3.22514e-19 3.07585e-07 
2695.00 2.84267e-06 2.25373e-01 3.53255e-19 3.07042e-07 
2697.70 2.95571e-06 2.26580e-01 3.82487e-19 3.47871e-07 
2705.00 3.71936e-06 2.29854e-01 4.72106e-19 5.49605e-07 
2705.47 3.72193e-06 2.30065e-01 4.78437e-19 5.57968e-07 
2711.19 3.10995e-06 2.32640e-01 5.61505e-19 5.54466e-07 
2715.00 2.43166e-06 2.34360e-01 6.23377e-19 4.85545e-07 
2719.00 1.88648e-06 2.36169e-01 6.94428e-19 4.23481e-07 
2724.74 1.66641e-06 2.38770e-01 8.08072e-19 4.41023e-07 
2725.00 1.67555e-06 2.38886e-01 8.13462e-19 4.46657e-07 
2732.54 2.25780e-06 2.42315e-01 9.86732e-19 7.42601e-07 
2735.00 2.28481e-06 2.43434e-01 1.04930e-18 8.03545e-07 
2738.37 1.98216e-06 2.44970e-01 1.14032e-18 7.63295e-07 
2745.00 1.17029e-06 2.47998e-01 1.33823e-18 5.36707e-07 
2746.09 1.13141e-06 2.48497e-01 1.37333e-18 5.33770e-07 
2752.06 1.46225e-06 2.51230e-01 1.57834e-18 8.03295e-07 
2755.00 1.76783e-06 2.52579e-01 1.68787e-18 1.04525e-06 
2759.65 2.16794e-06 2.54716e-01 1.87321e-18 1.43703e-06 
2765.00 2.49514e-06 2.57182e-01 2.10579e-18 1.88091e-06 
2765.82 2.53581e-06 2.57560e-01 2.14334e-18 1.94910e-06 
2773.21 2.63692e-06 2.60974e-01 2.50526e-18 2.40687e-06 
2775.00 2.53884e-06 2.61799e-01 2.59928e-18 2.41348e-06 
2779.65 2.01880e-06 2.63950e-01 2.85639e-18 2.12983e-06 
2785.00 1.27562e-06 2.66426e-01 3.17502e-18 1.51284e-06 
2786.79 1.07304e-06 2.67254e-01 3.28696e-18 1.32239e-06 
2793.55 5.84054e-07 2.70390e-01 3.73673e-18 8.29878e-07 
2795.00 5.24392e-07 2.71064e-01 3.83874e-18 7.67754e-07 
2800.37 4.42847e-07 2.73560e-01 4.23274e-18 7.22880e-07 
2805.00 6.61828e-07 2.75718e-01 4.59476e-18 1.18394e-06 
2807.52 9.34485e-07 2.76890e-01 4.79985e-18 1.75531e-06 
2813.95 1.96832e-06 2.79893e-01 5.35231e-18 4.17704e-06 
2815.00 2.15668e-06 2.80380e-01 5.44575e-18 4.66651e-06 
2821.55 3.21709e-06 2.83440e-01 6.05535e-18 7.84288e-06 
2825.00 3.53321e-06 2.85051e-01 6.39234e-18 9.15573e-06 
2827.55 3.59130e-06 2.86244e-01 6.64894e-18 9.72912e-06 
2835.00 3.07517e-06 2.89730e-01 7.43278e-18 9.45128e-06 
2835.66 2.99551e-06 2.90040e-01 7.50477e-18 9.30774e-06 
2841.16 2.22268e-06 2.92615e-01 8.11805e-18 7.55167e-06 
2845.00 1.62679e-06 2.94418e-01 8.56272e-18 5.87370e-06 
2849.84 9.65446e-07 2.96690e-01 9.13970e-18 3.75584e-06 
2854.77 7.56786e-07 2.99006e-01 9.74604e-18 3.16939e-06 
2855.00 7.65840e-07 2.99116e-01 9.77512e-18 3.21832e-06 
2864.09 2.28881e-06 3.03390e-01 1.09404e-17 1.09535e-05 
2865.00 2.51249e-06 3.03818e-01 1.10602e-17 1.21767e-05 
2868.39 3.33471e-06 3.05410e-01 1.15098e-17 1.69266e-05 
2875.00 4.33447e-06 3.08517e-01 1.24053e-17 2.40095e-05 
2878.41 4.26277e-06 3.10120e-01 1.28749e-17 2.46628e-05 
2882.02 3.98654e-06 3.11817e-01 1.33767e-17 2.41249e-05 
2885.00 3.87158e-06 3.13221e-01 1.37953e-17 2.42964e-05 
2892.80 4.73923e-06 3.16890e-01 1.48997e-17 3.25864e-05 
2895.00 5.13013e-06 3.17922e-01 1.52128e-17 3.61602e-05 
2895.65 5.24484e-06 3.18228e-01 1.53057e-17 3.72385e-05 
2907.27 6.80884e-06 3.23660e-01 1.69604e-17 5.47025e-05 
2909.30 6.93829e-06 3.24607e-01 1.72483e-17 5.68939e-05 
2910.00 6.96967e-06 3.24935e-01 1.73480e-17 5.75537e-05 
2921.80 6.67358e-06 3.30440e-01 1.89944e-17 6.16101e-05 
2922.95 6.59638e-06 3.30977e-01 1.91513e-17 6.15240e-05 
2930.00 6.12857e-06 3.34290e-01 2.01002e-17 6.07397e-05 
2936.41 5.87430e-06 3.37310e-01 2.09340e-17 6.13164e-05 
2936.61 5.86943e-06 3.37403e-01 2.09591e-17 6.13601e-05 
2950.00 5.82549e-06 3.43707e-01 2.25853e-17 6.71570e-05 
2950.28 5.82872e-06 3.43836e-01 2.26168e-17 6.73198e-05 
2951.09 5.83887e-06 3.44220e-01 2.27100e-17 6.78092e-05 
2963.95 6.04976e-06 3.50243e-01 2.40732e-17 7.61089e-05 
2965.85 6.07885e-06 3.51130e-01 2.42566e-17 7.73021e-05 
2970.00 6.12963e-06 3.53073e-01 2.46410e-17 7.97326e-05 
2977.64 6.16212e-06 3.56646e-01 2.52835e-17 8.32914e-05 
2980.68 6.15554e-06 3.58070e-01 2.55153e-17 8.43864e-05 
2990.00 6.08496e-06 3.62432e-01 2.61352e-17 8.67570e-05 
2991.33 6.07037e-06 3.63052e-01 2.62121e-17 8.69908e-05 
2995.58 6.02295e-06 3.65040e-01 2.64389e-17 8.76591e-05 
3005.03 5.97908e-06 3.69446e-01 2.68342e-17 8.96696e-05 
3010.00 6.03487e-06 3.71760e-01 2.69813e-17 9.17240e-05 
3010.56 6.04607e-06 3.72020e-01 2.69951e-17 9.20227e-05 
3018.74 6.29886e-06 3.75816e-01 2.71374e-17 9.76231e-05 
3025.61 6.55224e-06 3.79000e-01 2.71690e-17 1.02764e-04 
3030.00 6.68114e-06 3.81029e-01 2.71479e-17 1.05417e-04 
3032.45 6.73102e-06 3.82162e-01 2.71223e-17 1.06505e-04 
3040.74 6.82320e-06 3.85990e-01 2.69641e-17 1.08706e-04 
3046.18 6.87959e-06 3.88500e-01 2.68023e-17 1.09851e-04 
3050.00 6.94828e-06 3.90264e-01 2.66621e-17 1.11008e-04 
3055.94 7.11917e-06 3.93000e-01 2.64029e-17 1.13643e-04 
3059.91 7.24096e-06 3.94821e-01 2.62034e-17 1.15395e-04 
3070.00 7.35157e-06 3.99441e-01 2.56069e-17 1.16212e-04 
3071.22 7.32896e-06 4.00000e-01 2.55266e-17 1.15699e-04 
3073.65 7.26042e-06 4.01108e-01 2.53627e-17 1.14286e-04 
3086.58 6.81241e-06 4.07000e-01 2.43934e-17 1.05092e-04 
3087.40 6.80423e-06 4.07371e-01 2.43274e-17 1.04805e-04 
3090.00 6.81402e-06 4.08555e-01 2.41139e-17 1.04425e-04 
3101.15 7.37904e-06 4.13611e-01 2.31536e-17 1.10320e-04 
3102.01 7.43640e-06 4.14000e-01 2.30771e-17 1.10946e-04 
3110.00 7.84990e-06 4.17611e-01 2.23550e-17 1.14735e-04 
3114.92 7.89246e-06 4.19828e-01 2.19046e-17 1.13812e-04 
3117.52 7.85174e-06 4.21000e-01 2.16654e-17 1.12395e-04 
3128.69 7.41473e-06 4.26005e-01 2.06503e-17 1.02736e-04 
3130.00 7.35561e-06 4.26591e-01 2.05334e-17 1.01522e-04 
3133.11 7.22502e-06 4.27980e-01 2.02590e-17 9.88050e-05 
3142.47 6.97897e-06 4.32156e-01 1.94663e-17 9.28772e-05 
3148.77 7.01089e-06 4.34960e-01 1.89701e-17 9.16975e-05 
3150.00 7.04171e-06 4.35504e-01 1.88781e-17 9.18039e-05 
3156.26 7.30591e-06 4.38276e-01 1.84335e-17 9.37835e-05 
3164.52 7.67067e-06 4.41920e-01 1.79231e-17 9.67879e-05 
3170.00 7.71399e-06 4.44330e-01 1.76410e-17 9.64917e-05 
3170.06 7.71304e-06 4.44354e-01 1.76384e-17 9.64725e-05 
3180.34 7.18741e-06 4.48860e-01 1.72550e-17 8.91241e-05 
3183.86 6.98043e-06 4.50397e-01 1.71731e-17 8.65372e-05 
3190.00 6.81738e-06 4.53075e-01 1.70976e-17 8.48079e-05 
3196.24 7.04372e-06 4.55790e-01 1.71169e-17 8.84212e-05 
3197.67 7.12914e-06 4.56411e-01 1.71360e-17 8.97554e-05 
3210.00 7.56294e-06 4.61742e-01 1.75500e-17 9.90364e-05 
3211.49 7.50423e-06 4.62386e-01 1.76328e-17 9.89148e-05 
3212.22 7.46423e-06 4.62700e-01 1.76759e-17 9.87180e-05 
3225.32 6.32897e-06 4.68316e-01 1.87762e-17 9.03600e-05 
3228.29 6.20576e-06 4.69580e-01 1.91165e-17 9.05331e-05 
3230.00 6.20031e-06 4.70311e-01 1.93299e-17 9.16548e-05 
3239.16 7.00112e-06 4.74207e-01 2.06868e-17 1.11992e-04 
3244.43 7.82713e-06 4.76440e-01 2.16414e-17 1.31813e-04 
3250.00 8.71826e-06 4.78798e-01 2.28006e-17 1.55716e-04 
3253.01 9.13166e-06 4.80067e-01 2.34924e-17 1.68650e-04 
3260.65 9.91191e-06 4.83280e-01 2.54720e-17 2.00284e-04 
3266.86 1.02725e-05 4.85877e-01 2.73270e-17 2.24310e-04 
3270.00 1.03656e-05 4.87186e-01 2.83529e-17 2.35700e-04 
3276.95 1.03826e-05 4.90080e-01 3.08454e-17 2.58915e-04 
3280.72 1.03088e-05 4.91648e-01 3.23291e-17 2.70614e-04 
3290.00 9.99845e-06 4.95485e-01 3.63967e-17 2.98637e-04 
3293.34 9.87501e-06 4.96850e-01 3.80104e-17 3.09189e-04 
3294.59 9.82971e-06 4.97361e-01 3.86388e-17 3.13300e-04 
3308.47 9.44753e-06 5.02945e-01 4.63945e-17 3.67160e-04 
3309.80 9.42891e-06 5.03480e-01 4.72202e-17 3.73506e-04 
3310.00 9.42653e-06 5.03559e-01 4.73430e-17 3.74464e-04 
3322.36 9.44071e-06 5.08531e-01 5.57281e-17 4.47472e-04 
3326.35 9.49883e-06 5.10140e-01 5.87222e-17 4.76490e-04 
3330.00 9.56669e-06 5.11607e-01 6.15799e-17 5.05248e-04 
3336.25 9.68070e-06 5.14116e-01 6.67599e-17 5.58040e-04 
3342.98 9.65460e-06 5.16810e-01 7.27449e-17 6.10838e-04 
3350.00 9.25543e-06 5.19606e-01 7.94398e-17 6.44284e-04 
3350.15 9.24070e-06 5.19668e-01 7.95927e-17 6.44603e-04 
3359.70 7.99961e-06 5.23450e-01 8.94826e-17 6.33733e-04 
3364.07 7.43185e-06 5.25170e-01 9.43057e-17 6.23336e-04 
3370.00 6.96912e-06 5.27499e-01 1.01165e-16 6.30932e-04 
3376.50 7.08309e-06 5.30040e-01 1.09078e-16 6.96080e-04 
3377.98 7.17854e-06 5.30620e-01 1.10948e-16 7.18659e-04 
3390.00 8.14781e-06 5.35293e-01 1.26869e-16 9.44299e-04 
3391.91 8.24211e-06 5.36033e-01 1.29535e-16 9.77200e-04 
3393.38 8.29419e-06 5.36600e-01 1.31605e-16 1.00059e-03 
3405.85 8.32990e-06 5.41391e-01 1.50037e-16 1.16011e-03 
3410.00 8.31818e-06 5.42978e-01 1.56504e-16 1.21342e-03 
3410.35 8.31958e-06 5.43110e-01 1.57052e-16 1.21830e-03 
3419.79 8.49606e-06 5.46703e-01 1.72383e-16 1.37844e-03 
3427.40 8.73010e-06 5.49580e-01 1.85304e-16 1.53399e-03 
3430.00 8.80537e-06 5.50560e-01 1.89834e-16 1.58908e-03 
3433.74 8.89751e-06 5.51967e-01 1.96453e-16 1.66775e-03 
3444.54 9.07933e-06 5.56000e-01 2.16135e-16 1.89194e-03 
3447.70 9.11869e-06 5.57178e-01 2.22075e-16 1.95830e-03 
3450.00 9.14571e-06 5.58030e-01 2.26421e-16 2.00694e-03 
3461.67 9.30646e-06 5.62339e-01 2.49031e-16 2.27115e-03 
3461.76 9.30802e-06 5.62370e-01 2.49199e-16 2.27325e-03 
3470.00 9.50946e-06 5.65388e-01 2.65618e-16 2.49467e-03 
3475.65 9.71893e-06 5.67448e-01 2.77054e-16 2.67343e-03 
3479.07 9.87120e-06 5.68690e-01 2.84031e-16 2.79252e-03 
3489.64 1.04249e-05 5.72516e-01 3.05835e-16 3.20662e-03 
3490.00 1.04454e-05 5.72647e-01 3.06591e-16 3.22196e-03 
3496.46 1.07950e-05 5.74970e-01 3.20050e-16 3.49652e-03 
3503.63 1.10276e-05 5.77529e-01 3.35026e-16 3.76334e-03 
3510.00 1.09431e-05 5.79793e-01 3.48344e-16 3.90527e-03 
3513.95 1.07104e-05 5.81190e-01 3.56577e-16 3.92641e-03 
3517.63 1.04290e-05 5.82493e-01 3.64250e-16 3.91837e-03 
3530.00 1.00222e-05 5.86841e-01 3.89763e-16 4.07364e-03 
3531.51 1.01192e-05 5.87370e-01 3.92853e-16 4.15117e-03 
3531.64 1.01290e-05 5.87414e-01 3.93110e-16 4.15839e-03 
3545.66 1.16664e-05 5.92271e-01 4.21198e-16 5.19471e-03 
3549.17 1.17533e-05 5.93480e-01 4.28064e-16 5.33489e-03 
3550.00 1.17299e-05 5.93765e-01 4.29670e-16 5.34806e-03 
3559.69 1.03694e-05 5.97087e-01 4.48102e-16 4.97169e-03 
3566.92 8.91315e-06 5.99550e-01 4.61375e-16 4.42718e-03 
3570.00 8.43342e-06 6.00594e-01 4.66888e-16 4.25000e-03 
3573.72 8.08029e-06 6.01849e-01 4.73425e-16 4.14200e-03 
3584.75 8.16415e-06 6.05550e-01 4.91960e-16 4.38908e-03 
3587.76 8.36453e-06 6.06556e-01 4.96786e-16 4.55228e-03 
3590.00 8.53289e-06 6.07302e-01 5.00299e-16 4.68541e-03 
3601.82 9.44250e-06 6.11226e-01 5.17838e-16 5.41910e-03 
3602.68 9.50218e-06 6.11510e-01 5.19044e-16 5.46990e-03 
3610.00 9.91970e-06 6.13920e-01 5.28904e-16 5.85352e-03 
3615.88 1.01015e-05 6.15842e-01 5.36270e-16 6.07259e-03 
3620.69 1.01545e-05 6.17410e-01 5.41927e-16 6.19281e-03 
3629.94 1.00696e-05 6.20406e-01 5.51820e-16 6.29955e-03 
3630.00 1.00685e-05 6.20424e-01 5.51875e-16 6.29977e-03 
3638.79 1.01230e-05 6.23250e-01 5.60025e-16 6.47229e-03 
3640.00 1.02194e-05 6.23636e-01 5.61046e-16 6.55208e-03 
3644.02 1.07528e-05 6.24920e-01 5.64280e-16 6.95576e-03 
3650.00 1.17092e-05 6.26821e-01 5.68595e-16 7.66811e-03 
3656.99 1.22954e-05 6.29030e-01 5.72885e-16 8.15695e-03 
3658.11 1.23311e-05 6.29383e-01 5.73496e-16 8.19646e-03 
3670.00 1.20827e-05 6.33109e-01 5.78680e-16 8.17841e-03 
3672.20 1.19665e-05 6.33795e-01 5.79376e-16 8.12315e-03 
3675.27 1.17991e-05 6.34750e-01 5.80211e-16 8.03987e-03 
3686.30 1.14197e-05 6.38163e-01 5.81890e-16 7.86939e-03 
3690.00 1.14738e-05 6.39301e-01 5.81993e-16 7.93012e-03 
3693.65 1.16504e-05 6.40420e-01 5.81872e-16 8.07255e-03 
3700.41 1.20755e-05 6.42486e-01 5.81063e-16 8.39776e-03 
3710.00 1.20237e-05 6.45392e-01 5.78636e-16 8.38623e-03 
3712.12 1.17879e-05 6.46030e-01 5.77902e-16 8.22408e-03 
3714.53 1.14217e-05 6.46755e-01 5.76979e-16 7.97001e-03 
3728.66 8.84509e-06 6.50970e-01 5.69774e-16 6.15803e-03 
3730.00 8.70158e-06 6.51369e-01 5.68934e-16 6.05506e-03 
3730.68 8.64394e-06 6.51570e-01 5.68500e-16 6.01332e-03 
3742.79 8.95656e-06 6.55151e-01 5.59631e-16 6.18733e-03 
3749.33 9.73699e-06 6.57050e-01 5.54008e-16 6.68985e-03 
3750.00 9.82346e-06 6.57242e-01 5.53401e-16 6.74504e-03 
3756.94 1.06940e-05 6.59214e-01 5.46771e-16 7.29004e-03 
3768.08 1.17610e-05 6.62340e-01 5.34902e-16 7.90389e-03 
3770.00 1.18732e-05 6.62879e-01 5.32710e-16 7.95713e-03 
3771.09 1.19247e-05 6.63185e-01 5.31450e-16 7.97878e-03 
3785.25 1.21737e-05 6.67170e-01 5.13949e-16 7.95422e-03 
3786.92 1.22014e-05 6.67640e-01 5.11758e-16 7.94743e-03 
3790.00 1.22827e-05 6.68507e-01 5.07644e-16 7.95280e-03 
3799.42 1.26316e-05 6.71152e-01 4.94565e-16 8.01939e-03 
3805.85 1.24466e-05 6.72950e-01 4.85230e-16 7.78672e-03 
3810.00 1.18994e-05 6.74105e-01 4.79055e-16 7.37028e-03 
3813.60 1.10817e-05 6.75103e-01 4.73607e-16 6.80225e-03 
3824.88 7.93010e-06 6.78210e-01 4.56017e-16 4.72243e-03 
3827.78 7.38753e-06 6.79002e-01 4.51386e-16 4.36304e-03 
3830.00 7.15129e-06 6.79606e-01 4.47821e-16 4.19631e-03 
3841.98 8.32481e-06 6.82844e-01 4.28211e-16 4.70795e-03 
3844.01 8.70462e-06 6.83390e-01 4.24839e-16 4.89047e-03 
3850.00 9.63437e-06 6.84998e-01 4.14810e-16 5.30574e-03 
3856.18 9.92391e-06 6.86649e-01 4.04379e-16 5.34918e-03 
3863.23 9.69065e-06 6.88520e-01 3.92406e-16 5.09189e-03 
3870.00 9.40439e-06 6.90305e-01 3.80844e-16 4.81673e-03 
3870.39 9.39669e-06 6.90407e-01 3.80174e-16 4.80553e-03 
3882.54 9.93359e-06 6.93580e-01 3.59395e-16 4.83965e-03 
3884.61 1.01817e-05 6.94118e-01 3.55861e-16 4.91819e-03 
3890.00 1.10545e-05 6.95514e-01 3.46674e-16 5.21964e-03 
3898.84 1.28553e-05 6.97792e-01 3.31681e-16 5.83965e-03 
3901.96 1.33009e-05 6.98590e-01 3.26430e-16 5.95797e-03 
3910.00 1.30534e-05 7.00638e-01 3.12963e-16 5.63390e-03 
3913.08 1.22147e-05 7.01417e-01 3.07854e-16 5.19571e-03 
3921.46 8.88450e-06 7.03530e-01 2.94065e-16 3.62853e-03 
3927.32 7.12474e-06 7.04997e-01 2.84570e-16 2.82595e-03 
3930.00 6.86908e-06 7.05665e-01 2.80269e-16 2.68775e-03 
3941.07 9.56458e-06 7.08410e-01 2.62779e-16 3.53247e-03 
3941.58 9.74217e-06 7.08534e-01 2.61994e-16 3.58840e-03 
3950.00 1.16872e-05 7.10600e-01 2.49049e-16 4.11283e-03 
3955.84 1.09478e-05 7.12022e-01 2.40264e-16 3.72968e-03 
3960.78 9.55364e-06 7.13220e-01 2.32961e-16 3.16504e-03 
3970.00 8.06486e-06 7.15447e-01 2.19648e-16 2.53288e-03 
3970.11 8.07268e-06 7.15473e-01 2.19492e-16 2.53370e-03 
3980.58 1.16017e-05 7.17980e-01 2.04917e-16 3.42043e-03 
3984.39 1.34986e-05 7.18885e-01 1.99762e-16 3.88820e-03 
3990.00 1.58795e-05 7.20211e-01 1.92313e-16 4.41776e-03 
3998.68 1.73419e-05 7.22248e-01 1.81138e-16 4.56701e-03 
4000.48 1.73801e-05 7.22670e-01 1.78865e-16 4.52432e-03 
4010.00 1.69933e-05 7.24883e-01 1.67199e-16 4.15764e-03 
4012.97 1.68842e-05 7.25571e-01 1.63660e-16 4.05035e-03 
4020.49 1.67965e-05 7.27300e-01 1.54945e-16 3.83101e-03 
4027.28 1.68104e-05 7.28853e-01 1.47347e-16 3.66012e-03 
4030.00 1.68045e-05 7.29473e-01 1.44378e-16 3.59058e-03 
4040.59 1.65879e-05 7.31870e-01 1.33226e-16 3.28990e-03 
4041.59 1.65514e-05 7.32096e-01 1.32203e-16 3.25926e-03 
4050.00 1.61435e-05 7.33982e-01 1.23852e-16 2.99203e-03 
4055.92 1.57812e-05 7.35300e-01 1.18215e-16 2.80084e-03 
4060.79 1.55464e-05 7.36380e-01 1.13714e-16 2.66121e-03 
4070.00 1.56404e-05 7.38404e-01 1.05570e-16 2.49804e-03 
4070.25 1.56574e-05 7.38458e-01 1.05358e-16 2.49608e-03 
4081.10 1.69547e-05 7.40820e-01 9.63597e-17 2.48656e-03 
4084.59 1.74057e-05 7.41576e-01 9.35966e-17 2.48416e-03 
4090.00 1.78856e-05 7.42744e-01 8.94329e-17 2.44617e-03 
4098.93 1.78238e-05 7.44662e-01 8.28849e-17 2.27001e-03 
4101.50 1.76848e-05 7.45210e-01 8.10753e-17 2.20614e-03 
4110.00 1.72304e-05 7.47015e-01 7.53121e-17 2.00564e-03 
4113.29 1.71616e-05 7.47710e-01 7.31719e-17 1.94424e-03 
4122.01 1.72494e-05 7.49540e-01 6.77395e-17 1.81736e-03 
4127.66 1.73695e-05 7.50716e-01 6.44015e-17 1.74496e-03 
4130.00 1.74022e-05 7.51202e-01 6.30561e-17 1.71380e-03 
4142.03 1.73494e-05 7.53679e-01 5.65144e-17 1.54087e-03 
4142.62 1.73441e-05 7.53800e-01 5.62089e-17 1.53254e-03 
4150.00 1.73330e-05 7.55308e-01 5.25010e-17 1.43594e-03 
4156.41 1.74470e-05 7.56611e-01 4.94494e-17 1.36583e-03 
4163.33 1.75755e-05 7.58010e-01 4.63261e-17 1.29352e-03 
4170.00 1.75320e-05 7.59349e-01 4.34776e-17 1.21506e-03 
4170.80 1.75076e-05 7.59510e-01 4.31448e-17 1.20457e-03 
4184.15 1.67752e-05 7.62160e-01 3.79273e-17 1.02140e-03 
4185.20 1.67226e-05 7.62368e-01 3.75395e-17 1.00832e-03 
4190.00 1.65668e-05 7.63309e-01 3.58178e-17 9.55380e-04 
4199.61 1.67102e-05 7.65182e-01 3.25737e-17 8.80536e-04 
4205.07 1.68643e-05 7.66240e-01 3.08483e-17 8.43843e-04 
4210.00 1.69017e-05 7.67192e-01 2.93592e-17 8.06831e-04 
4214.03 1.68040e-05 7.67967e-01 2.81897e-17 7.71734e-04 
4226.10 1.62357e-05 7.70270e-01 2.49293e-17 6.63266e-04 
4228.45 1.61627e-05 7.70716e-01 2.43323e-17 6.45204e-04 
4230.00 1.61349e-05 7.71007e-01 2.39482e-17 6.34398e-04 
4242.89 1.63575e-05 7.73426e-01 2.09494e-17 5.66097e-04 
4247.23 1.64232e-05 7.74240e-01 2.00186e-17 5.44248e-04 
4250.00 1.64080e-05 7.74762e-01 1.94428e-17 5.28802e-04 
4257.33 1.61031e-05 7.76134e-01 1.79919e-17 4.81928e-04 
4268.46 1.53612e-05 7.78150e-01 1.59753e-17 4.10331e-04 
4270.00 1.52764e-05 7.78418e-01 1.57133e-17 4.01654e-04 
4271.78 1.51915e-05 7.78725e-01 1.54143e-17 3.92139e-04 
4286.24 1.43756e-05 7.81154e-01 1.31746e-17 3.19226e-04 
4289.80 1.39242e-05 7.81760e-01 1.26707e-17 2.97855e-04 
4290.00 1.38941e-05 7.81794e-01 1.26435e-17 2.96601e-04 
4300.71 1.19484e-05 7.83682e-01 1.12341e-17 2.27746e-04 
4310.00 1.15793e-05 7.85347e-01 1.01304e-17 1.99881e-04 
4311.25 1.17558e-05 7.85570e-01 9.98931e-18 2.00217e-04 
4315.19 1.26534e-05 7.86266e-01 9.55758e-18 2.06560e-04 
4329.68 1.68355e-05 7.88782e-01 8.11318e-18 2.34830e-04 
4330.00 1.68830e-05 7.88837e-01 8.08354e-18 2.34665e-04 
4332.81 1.71352e-05 7.89320e-01 7.82878e-18 2.30955e-04 
4344.17 1.64308e-05 7.91268e-01 6.87209e-18 1.95390e-04 
4350.00 1.60786e-05 7.92262e-01 6.42479e-18 1.79220e-04 
4354.47 1.62667e-05 7.93020e-01 6.09988e-18 1.72490e-04 
4358.68 1.67079e-05 7.93729e-01 5.80847e-18 1.69019e-04 
4370.00 1.77604e-05 7.95623e-01 5.08696e-18 1.58134e-04 
4373.19 1.76981e-05 7.96153e-01 4.89926e-18 1.51976e-04 
4376.25 1.74794e-05 7.96660e-01 4.72565e-18 1.44973e-04 
4387.71 1.62667e-05 7.98551e-01 4.12397e-18 1.18326e-04 
4390.00 1.61295e-05 7.98926e-01 4.01288e-18 1.14280e-04 
4398.13 1.62765e-05 8.00250e-01 3.64047e-18 1.04987e-04 
4402.24 1.66165e-05 8.00915e-01 3.46448e-18 1.02179e-04 
4410.00 1.74277e-05 8.02159e-01 3.15435e-18 9.78978e-05 
4416.78 1.80491e-05 8.03240e-01 2.90481e-18 9.36372e-05 
4420.12 1.82868e-05 8.03770e-01 2.78903e-18 9.12177e-05 
4430.00 1.86489e-05 8.05334e-01 2.47103e-18 8.27623e-05 
4431.33 1.86523e-05 8.05544e-01 2.43094e-18 8.14804e-05 
4442.22 1.84628e-05 8.07250e-01 2.12517e-18 7.08309e-05 
4445.89 1.84166e-05 8.07820e-01 2.03061e-18 6.76133e-05 
4450.00 1.84492e-05 8.08457e-01 1.92936e-18 6.44660e-05 
4460.45 1.89792e-05 8.10063e-01 1.69316e-18 5.84519e-05 
4464.43 1.92199e-05 8.10670e-01 1.61074e-18 5.64039e-05 
4470.00 1.94464e-05 8.11518e-01 1.50167e-18 5.33263e-05 
4475.03 1.94734e-05 8.12279e-01 1.40932e-18 5.02199e-05 
4486.75 1.94981e-05 8.14040e-01 1.21451e-18 4.35407e-05 
4489.61 1.96451e-05 8.14466e-01 1.17107e-18 4.23490e-05 
4490.00 1.96729e-05 8.14524e-01 1.16526e-18 4.22052e-05 
4504.20 2.12499e-05 8.16620e-01 9.71501e-19 3.82263e-05 
4509.19 2.15159e-05 8.17350e-01 9.11142e-19 3.63726e-05 
4510.00 2.15175e-05 8.17469e-01 9.01620e-19 3.60069e-05 
4518.80 2.08301e-05 8.18753e-01 8.04668e-19 3.12182e-05 
4530.00 1.95068e-05 8.20372e-01 6.95751e-19 2.53905e-05 
4531.73 1.94037e-05 8.20620e-01 6.80236e-19 2.47101e-05 
4533.41 1.93434e-05 8.20861e-01 6.65483e-19 2.41150e-05 
4548.03 1.99753e-05 8.22936e-01 5.49596e-19 2.06847e-05 
4550.00 2.01502e-05 8.23213e-01 5.35563e-19 2.03487e-05 
4554.39 2.05498e-05 8.23830e-01 5.05516e-19 1.96215e-05 
4562.66 2.11738e-05 8.24986e-01 4.53300e-19 1.81875e-05 
4570.00 2.13401e-05 8.26005e-01 4.11360e-19 1.66817e-05 
4577.16 2.10036e-05 8.26990e-01 3.74106e-19 1.49730e-05 
4577.29 2.09942e-05 8.27008e-01 3.73447e-19 1.49407e-05 
4590.00 2.01874e-05 8.28736e-01 3.15412e-19 1.21930e-05 
4591.94 2.01544e-05 8.28998e-01 3.07370e-19 1.18715e-05 
4600.05 2.03088e-05 8.30090e-01 2.75885e-19 1.07702e-05 
4606.59 2.05571e-05 8.30970e-01 2.52814e-19 1.00150e-05 
4610.00 2.06450e-05 8.31426e-01 2.41577e-19 9.62321e-06 
4621.26 2.05547e-05 8.32924e-01 2.07882e-19 8.27975e-06 
4623.05 2.05114e-05 8.33160e-01 2.02973e-19 8.07260e-06 
4630.00 2.03591e-05 8.34070e-01 1.85009e-19 7.32248e-06 
4635.93 2.03153e-05 8.34840e-01 1.70977e-19 6.76740e-06 
4646.16 2.04329e-05 8.36160e-01 1.49274e-19 5.96513e-06 
4650.00 2.05267e-05 8.36654e-01 1.41896e-19 5.70440e-06 
4650.61 2.05435e-05 8.36732e-01 1.40762e-19 5.66472e-06 
4665.30 2.09687e-05 8.38611e-01 1.16120e-19 4.79558e-06 
4669.39 2.10357e-05 8.39130e-01 1.10115e-19 4.56895e-06 
4670.00 2.10415e-05 8.39207e-01 1.09256e-19 4.53556e-06 
4680.00 2.09730e-05 8.40461e-01 9.61217e-20 3.99179e-06 
4690.00 2.06213e-05 8.41702e-01 8.47716e-20 3.47393e-06 
4692.74 2.04828e-05 8.42040e-01 8.19471e-20 3.33892e-06 
4694.70 2.03784e-05 8.42281e-01 7.99947e-20 3.24503e-06 
4709.42 1.98627e-05 8.44079e-01 6.71005e-20 2.66710e-06 
4710.00 1.98651e-05 8.44149e-01 6.66511e-20 2.65010e-06 
4716.20 2.00318e-05 8.44900e-01 6.20979e-20 2.49527e-06 
4724.15 2.04574e-05 8.45856e-01 5.69136e-20 2.34212e-06 
4730.00 2.07631e-05 8.46557e-01 5.35182e-20 2.23993e-06 
4738.88 2.10116e-05 8.47613e-01 4.90032e-20 2.08199e-06 
4739.79 2.10243e-05 8.47720e-01 4.85830e-20 2.06605e-06 
4750.00 2.10831e-05 8.48922e-01 4.43266e-20 1.89707e-06 
4753.62 2.10900e-05 8.49345e-01 4.30186e-20 1.84401e-06 
4763.48 2.11027e-05 8.50490e-01 3.99484e-20 1.71931e-06 
4768.37 2.11041e-05 8.51053e-01 3.86762e-20 1.66748e-06 
4770.00 2.11036e-05 8.51240e-01 3.82881e-20 1.65163e-06 
4783.14 2.10622e-05 8.52738e-01 3.57490e-20 1.54604e-06 
4787.30 2.10242e-05 8.53210e-01 3.51533e-20 1.51969e-06 
4790.00 2.09902e-05 8.53515e-01 3.48183e-20 1.50416e-06 
4797.91 2.08601e-05 8.54404e-01 3.40573e-20 1.46611e-06 
4810.00 2.07699e-05 8.55753e-01 3.34931e-20 1.44147e-06 
4811.24 2.07809e-05 8.55890e-01 3.34743e-20 1.44202e-06 
4812.68 2.07991e-05 8.56050e-01 3.34611e-20 1.44342e-06 
4827.47 2.10439e-05 8.57671e-01 3.38539e-20 1.48491e-06 
4830.00 2.10430e-05 8.57946e-01 3.40138e-20 1.49311e-06 
4835.29 2.09453e-05 8.58520e-01 3.44334e-20 1.50717e-06 
4842.27 2.05826e-05 8.59272e-01 3.51573e-20 1.51572e-06 
4850.00 1.98099e-05 8.60102e-01 3.61806e-20 1.50513e-06 
4857.08 1.87981e-05 8.60856e-01 3.73164e-20 1.47653e-06 
4859.47 1.84615e-05 8.61110e-01 3.77434e-20 1.46784e-06 
4870.00 1.76937e-05 8.62221e-01 3.98713e-20 1.49125e-06 
4871.89 1.77615e-05 8.62420e-01 4.02965e-20 1.51386e-06 
4883.77 1.92162e-05 8.63660e-01 4.32640e-20 1.76528e-06 
4886.71 1.96296e-05 8.63966e-01 4.40792e-20 1.83900e-06 
4890.00 2.00022e-05 8.64306e-01 4.50251e-20 1.91616e-06 
4901.55 2.03113e-05 8.65494e-01 4.86605e-20 2.11074e-06 
4908.19 2.00767e-05 8.66170e-01 5.09703e-20 2.19007e-06 
4910.00 1.99995e-05 8.66354e-01 5.16291e-20 2.21112e-06 
4916.39 1.97563e-05 8.66999e-01 5.40480e-20 2.29126e-06 
4930.00 1.95847e-05 8.68359e-01 5.97084e-20 2.52013e-06 
4931.24 1.96045e-05 8.68483e-01 6.02597e-20 2.54697e-06 
4932.73 1.96368e-05 8.68630e-01 6.09276e-20 2.58065e-06 
4946.10 2.01707e-05 8.69949e-01 6.73214e-20 2.94140e-06 
4950.00 2.03402e-05 8.70330e-01 6.93179e-20 3.05784e-06 
4957.39 2.05763e-05 8.71050e-01 7.32717e-20 3.27735e-06 
4960.97 2.06309e-05 8.71397e-01 7.52664e-20 3.37930e-06 
4970.00 2.05244e-05 8.72267e-01 8.05354e-20 3.60734e-06 
4975.85 2.02364e-05 8.72827e-01 8.41336e-20 3.72238e-06 
4982.18 1.97886e-05 8.73430e-01 8.81939e-20 3.82318e-06 
4990.00 1.91697e-05 8.74171e-01 9.34564e-20 3.93410e-06 
4990.74 1.91132e-05 8.74240e-01 9.39663e-20 3.94480e-06 
5005.63 1.83592e-05 8.75635e-01 1.04812e-19 4.24590e-06 
5007.09 1.83493e-05 8.75770e-01 1.05928e-19 4.29072e-06 
5010.00 1.83784e-05 8.76039e-01 1.08189e-19 4.39314e-06 
5020.54 1.89212e-05 8.77007e-01 1.16721e-19 4.89523e-06 
5030.00 1.94206e-05 8.77867e-01 1.24851e-19 5.38983e-06 
5032.12 1.94621e-05 8.78060e-01 1.26740e-19 5.48658e-06 
5035.45 1.94723e-05 8.78361e-01 1.29745e-19 5.62527e-06 
5050.00 1.93886e-05 8.79670e-01 1.43565e-19 6.22483e-06 
5050.38 1.93966e-05 8.79704e-01 1.43939e-19 6.24436e-06 
5057.29 1.96722e-05 8.80320e-01 1.50916e-19 6.65379e-06 
5065.31 2.00436e-05 8.81030e-01 1.59355e-19 7.17569e-06 
5070.00 2.01241e-05 8.81443e-01 1.64455e-19 7.44544e-06 
5080.25 1.97648e-05 8.82339e-01 1.76049e-19 7.85182e-06 
5082.57 1.96412e-05 8.82540e-01 1.78757e-19 7.92818e-06 
5090.00 1.93466e-05 8.83183e-01 1.87647e-19 8.21558e-06 
5095.20 1.93367e-05 8.83630e-01 1.94074e-19 8.50562e-06 
5107.98 1.96176e-05 8.84720e-01 2.10566e-19 9.39753e-06 
5110.00 1.96368e-05 8.84891e-01 2.13260e-19 9.53267e-06 
5110.17 1.96375e-05 8.84905e-01 2.13482e-19 9.54338e-06 
5125.13 1.93177e-05 8.86162e-01 2.34322e-19 1.03493e-05 
5130.00 1.91740e-05 8.86567e-01 2.41409e-19 1.05979e-05 
5133.52 1.90954e-05 8.86860e-01 2.46641e-19 1.07941e-05 
5140.11 1.89525e-05 8.87406e-01 2.56643e-19 1.11690e-05 
5150.00 1.84850e-05 8.88219e-01 2.72200e-19 1.15867e-05 
5155.10 1.80201e-05 8.88637e-01 2.80489e-19 1.16562e-05 
5159.19 1.75804e-05 8.88970e-01 2.87265e-19 1.16602e-05 
5170.00 1.65625e-05 8.89844e-01 3.05728e-19 1.17270e-05 
5170.10 1.65563e-05 8.89852e-01 3.05900e-19 1.17296e-05 
5184.99 1.64993e-05 8.91040e-01 3.32697e-19 1.27668e-05 
5185.11 1.65050e-05 8.91049e-01 3.32913e-19 1.27800e-05 
5190.00 1.68190e-05 8.91436e-01 3.42073e-19 1.33999e-05 
5200.12 1.77703e-05 8.92230e-01 3.61560e-19 1.50068e-05 
5210.00 1.85445e-05 8.92999e-01 3.81300e-19 1.65613e-05 
5210.91 1.85845e-05 8.93070e-01 3.83161e-19 1.66822e-05 
5215.15 1.86942e-05 8.93398e-01 3.91865e-19 1.71822e-05 
5230.00 1.88623e-05 8.94540e-01 4.23458e-19 1.88118e-05 
5230.18 1.88693e-05 8.94554e-01 4.23850e-19 1.88371e-05 
5236.97 1.92411e-05 8.95070e-01 4.38840e-19 1.99249e-05 
5245.22 1.95737e-05 8.95693e-01 4.57529e-19 2.11806e-05 
5250.00 1.94431e-05 8.96051e-01 4.68575e-19 2.15754e-05 
5260.28 1.81864e-05 8.96817e-01 4.92908e-19 2.12887e-05 
5263.15 1.77926e-05 8.97030e-01 4.99862e-19 2.11381e-05 
5270.00 1.72294e-05 8.97536e-01 5.16658e-19 2.11963e-05 
5275.34 1.73958e-05 8.97929e-01 5.29989e-19 2.19851e-05 
5289.47 1.91924e-05 8.98960e-01 5.66298e-19 2.60166e-05 
5290.00 1.92591e-05 8.98998e-01 5.67692e-19 2.61749e-05 
5290.41 1.93087e-05 8.99028e-01 5.68764e-19 2.62949e-05 
5305.49 2.00975e-05 9.00110e-01 6.09218e-19 2.94347e-05 
5310.00 1.98797e-05 9.00431e-01 6.21639e-19 2.97452e-05 
5315.92 1.92833e-05 9.00850e-01 6.38146e-19 2.96657e-05 
5320.58 1.87198e-05 9.01179e-01 6.51329e-19 2.94303e-05 
5330.00 1.79774e-05 9.01841e-01 6.78436e-19 2.95133e-05 
5335.68 1.81130e-05 9.02237e-01 6.95065e-19 3.05106e-05 
5342.50 1.86639e-05 9.02710e-01 7.15330e-19 3.24134e-05 
5350.00 1.92662e-05 9.03226e-01 7.37996e-19 3.45878e-05 
5350.78 1.93065e-05 9.03279e-01 7.40388e-19 3.47797e-05 
5365.90 1.93005e-05 9.04307e-01 7.87250e-19 3.71162e-05 
5369.21 1.92265e-05 9.04530e-01 7.97693e-19 3.74966e-05 
5370.00 1.92116e-05 9.04583e-01 8.00205e-19 3.75933e-05 
5381.03 1.91138e-05 9.05325e-01 8.35595e-19 3.91685e-05 
5390.00 1.89890e-05 9.05922e-01 8.64927e-19 4.03724e-05 
5396.05 1.87841e-05 9.06320e-01 8.84990e-19 4.09269e-05 
5396.17 1.87797e-05 9.06327e-01 8.85360e-19 4.09357e-05 
5410.00 1.83464e-05 9.07222e-01 9.31999e-19 4.22476e-05 
5411.31 1.83388e-05 9.07307e-01 9.36471e-19 4.24469e-05 
5423.03 1.85644e-05 9.08060e-01 9.76888e-19 4.49579e-05 
5426.47 1.86889e-05 9.08282e-01 9.88850e-19 4.58538e-05 
5430.00 1.88227e-05 9.08510e-01 1.00124e-18 4.68027e-05 
5441.63 1.91833e-05 9.09263e-01 1.04241e-18 4.98082e-05 
5450.00 1.92743e-05 9.09800e-01 1.07243e-18 5.15957e-05 
5450.15 1.92741e-05 9.09810e-01 1.07297e-18 5.16229e-05 
5456.80 1.92018e-05 9.10232e-01 1.09705e-18 5.26722e-05 
5470.00 1.89191e-05 9.11060e-01 1.14535e-18 5.43618e-05 
5471.99 1.88874e-05 9.11184e-01 1.15267e-18 5.46450e-05 
5477.40 1.88294e-05 9.11520e-01 1.17271e-18 5.54998e-05 
5487.18 1.87937e-05 9.12125e-01 1.20916e-18 5.72561e-05 
5490.00 1.87909e-05 9.12299e-01 1.21974e-18 5.77892e-05 
5502.38 1.87822e-05 9.13055e-01 1.26641e-18 6.01575e-05 
5504.79 1.87819e-05 9.13200e-01 1.27553e-18 6.06263e-05 
5510.00 1.87842e-05 9.13512e-01 1.29534e-18 6.16545e-05 
5517.59 1.87999e-05 9.13963e-01 1.32429e-18 6.32032e-05 
5530.00 1.89051e-05 9.14694e-01 1.37186e-18 6.60409e-05 
5532.31 1.89412e-05 9.14830e-01 1.38075e-18 6.66335e-05 
5532.81 1.89495e-05 9.14859e-01 1.38267e-18 6.67637e-05 
5548.04 1.91360e-05 9.15755e-01 1.44143e-18 7.05485e-05 
5550.00 1.91280e-05 9.15870e-01 1.44902e-18 7.09240e-05 
5559.97 1.89215e-05 9.16450e-01 1.48762e-18 7.22027e-05 
5563.28 1.88118e-05 9.16641e-01 1.50043e-18 7.24602e-05 
5570.00 1.85674e-05 9.17026e-01 1.52648e-18 7.28791e-05 
5578.53 1.82915e-05 9.17510e-01 1.55953e-18 7.35018e-05 
5587.77 1.81600e-05 9.18030e-01 1.59533e-18 7.48147e-05 
5590.00 1.81702e-05 9.18155e-01 1.60395e-18 7.53011e-05 
5593.79 1.82305e-05 9.18367e-01 1.61859e-18 7.63096e-05 
5609.05 1.86782e-05 9.19214e-01 1.67745e-18 8.13235e-05 
5610.00 1.86986e-05 9.19266e-01 1.68110e-18 8.16073e-05 
5615.71 1.87705e-05 9.19580e-01 1.70302e-18 8.31024e-05 
5624.33 1.87759e-05 9.20050e-01 1.73599e-18 8.49087e-05 
5630.00 1.87659e-05 9.20357e-01 1.75759e-18 8.60351e-05 
5639.62 1.87838e-05 9.20876e-01 1.79404e-18 8.81027e-05 
5643.79 1.87773e-05 9.21100e-01 1.80979e-18 8.89329e-05 
5650.00 1.87107e-05 9.21433e-01 1.83311e-18 8.98908e-05 
5654.91 1.85942e-05 9.21696e-01 1.85147e-18 9.03299e-05 
5670.00 1.82775e-05 9.22495e-01 1.90733e-18 9.17936e-05 
5670.22 1.82776e-05 9.22506e-01 1.90813e-18 9.18369e-05 
5672.01 1.82858e-05 9.22600e-01 1.91470e-18 9.22336e-05 
5685.53 1.85118e-05 9.23301e-01 1.96386e-18 9.60720e-05 
5690.00 1.85129e-05 9.23531e-01 1.97993e-18 9.69639e-05 
5700.37 1.82319e-05 9.24060e-01 2.01682e-18 9.75051e-05 
5700.86 1.82175e-05 9.24085e-01 2.01854e-18 9.75217e-05 
5710.00 1.81416e-05 9.24549e-01 2.05059e-18 9.88652e-05 
5716.19 1.84190e-05 9.24862e-01 2.07202e-18 1.01570e-04 
5728.87 1.91250e-05 9.25500e-01 2.11522e-18 1.07976e-04 
5730.00 1.91475e-05 9.25557e-01 2.11902e-18 1.08325e-04 
5731.53 1.91588e-05 9.25633e-01 2.12416e-18 1.08690e-04 
5746.88 1.86447e-05 9.26397e-01 2.17484e-18 1.08676e-04 
5750.00 1.85590e-05 9.26551e-01 2.18493e-18 1.08755e-04 
5757.52 1.85622e-05 9.26920e-01 2.20898e-18 1.10159e-04 
5762.25 1.86410e-05 9.27151e-01 2.22392e-18 1.11494e-04 
5770.00 1.87067e-05 9.27527e-01 2.24803e-18 1.13298e-04 
5777.62 1.85427e-05 9.27894e-01 2.27128e-18 1.13661e-04 
5786.30 1.82665e-05 9.28310e-01 2.29722e-18 1.13468e-04 
5790.00 1.81976e-05 9.28487e-01 2.30807e-18 1.13669e-04 
5793.00 1.81857e-05 9.28630e-01 2.31680e-18 1.14101e-04 
5808.39 1.85158e-05 9.29359e-01 2.36038e-18 1.18765e-04 
5810.00 1.85615e-05 9.29435e-01 2.36482e-18 1.19324e-04 
5815.23 1.86897e-05 9.29680e-01 2.37910e-18 1.21015e-04 
5823.79 1.87970e-05 9.30078e-01 2.40191e-18 1.23110e-04 
5830.00 1.87601e-05 9.30365e-01 2.41805e-18 1.23864e-04 
5839.20 1.85315e-05 9.30787e-01 2.44130e-18 1.23782e-04 
5844.31 1.84017e-05 9.31020e-01 2.45386e-18 1.23687e-04 
5850.00 1.83391e-05 9.31279e-01 2.46755e-18 1.24109e-04 
5854.62 1.83833e-05 9.31489e-01 2.47844e-18 1.25084e-04 
5870.00 1.83427e-05 9.32182e-01 2.51317e-18 1.26983e-04 
5870.05 1.83402e-05 9.32184e-01 2.51328e-18 1.26973e-04 
5873.53 1.81108e-05 9.32340e-01 2.52081e-18 1.25856e-04 
5885.49 1.71116e-05 9.32870e-01 2.54571e-18 1.20400e-04 
5890.00 1.69513e-05 9.33068e-01 2.55473e-18 1.19812e-04 
5900.94 1.74785e-05 9.33545e-01 2.57570e-18 1.24847e-04 
5902.90 1.76381e-05 9.33630e-01 2.57933e-18 1.26218e-04 
5910.00 1.81315e-05 9.33936e-01 2.59211e-18 1.30592e-04 
5916.39 1.82800e-05 9.34210e-01 2.60317e-18 1.32405e-04 
5930.00 1.80745e-05 9.34788e-01 2.62521e-18 1.32410e-04 
5931.86 1.80507e-05 9.34867e-01 2.62807e-18 1.32433e-04 
5932.41 1.80452e-05 9.34890e-01 2.62891e-18 1.32450e-04 
5947.34 1.80673e-05 9.35517e-01 2.65038e-18 1.34122e-04 
5950.00 1.80837e-05 9.35629e-01 2.65395e-18 1.34501e-04 
5962.08 1.81149e-05 9.36130e-01 2.66915e-18 1.35852e-04 
5962.83 1.81144e-05 9.36161e-01 2.67005e-18 1.35915e-04 
5970.00 1.80955e-05 9.36456e-01 2.67825e-18 1.36398e-04 
5978.32 1.80418e-05 9.36797e-01 2.68706e-18 1.36680e-04 
5990.00 1.79071e-05 9.37273e-01 2.69811e-18 1.36553e-04 
5991.89 1.78787e-05 9.37350e-01 2.69975e-18 1.36473e-04 
5993.83 1.78481e-05 9.37429e-01 2.70140e-18 1.36378e-04 
6009.34 1.76194e-05 9.38059e-01 2.71306e-18 1.35654e-04 
6010.00 1.76129e-05 9.38086e-01 2.71349e-18 1.35644e-04 
6021.85 1.75721e-05 9.38560e-01 2.72050e-18 1.36015e-04 
6024.87 1.75858e-05 9.38680e-01 2.72204e-18 1.36284e-04 
6030.00 1.76323e-05 9.38881e-01 2.72442e-18 1.36910e-04 
6040.41 1.77924e-05 9.39286e-01 2.72836e-18 1.38651e-04 
6050.00 1.79172e-05 9.39655e-01 2.73093e-18 1.40032e-04 
6051.96 1.79290e-05 9.39730e-01 2.73133e-18 1.40201e-04 
6055.95 1.79351e-05 9.39883e-01 2.73203e-18 1.40400e-04 
6070.00 1.77862e-05 9.40419e-01 2.73308e-18 1.39691e-04 
6071.50 1.77565e-05 9.40476e-01 2.73307e-18 1.39500e-04 
6082.21 1.75209e-05 9.40880e-01 2.73228e-18 1.37912e-04 
6087.07 1.74336e-05 9.41062e-01 2.73152e-18 1.37322e-04 
6090.00 1.73977e-05 9.41171e-01 2.73094e-18 1.37092e-04 
6102.64 1.73451e-05 9.41638e-01 2.72742e-18 1.36853e-04 
6110.00 1.72391e-05 9.41905e-01 2.72460e-18 1.36079e-04 
6112.63 1.71624e-05 9.42000e-01 2.72347e-18 1.35488e-04 
6118.23 1.69542e-05 9.42200e-01 2.72081e-18 1.33865e-04 
6130.00 1.66314e-05 9.42614e-01 2.71418e-18 1.31306e-04 
6133.82 1.66465e-05 9.42747e-01 2.71174e-18 1.31408e-04 
6143.19 1.68200e-05 9.43070e-01 2.70514e-18 1.32702e-04 
6149.42 1.68562e-05 9.43284e-01 2.70028e-18 1.32913e-04 
6150.00 1.68501e-05 9.43303e-01 2.69981e-18 1.32857e-04 
6165.04 1.63529e-05 9.43814e-01 2.68648e-18 1.28684e-04 
6170.00 1.62861e-05 9.43980e-01 2.68161e-18 1.28051e-04 
6173.91 1.63515e-05 9.44110e-01 2.67763e-18 1.28474e-04 
6180.66 1.66365e-05 9.44334e-01 2.67041e-18 1.30534e-04 
6190.00 1.70726e-05 9.44643e-01 2.65976e-18 1.33667e-04 
6196.29 1.71981e-05 9.44856e-01 2.65215e-18 1.34431e-04 
6204.77 1.71679e-05 9.45150e-01 2.64136e-18 1.33874e-04 
6210.00 1.70903e-05 9.45338e-01 2.63441e-18 1.33056e-04 
6211.93 1.70580e-05 9.45408e-01 2.63177e-18 1.32723e-04 
6227.59 1.67192e-05 9.45988e-01 2.60936e-18 1.29383e-04 
6230.00 1.66465e-05 9.46077e-01 2.60573e-18 1.28703e-04 
6235.80 1.64511e-05 9.46290e-01 2.59682e-18 1.26904e-04 
6243.25 1.62360e-05 9.46557e-01 2.58500e-18 1.24859e-04 
6250.00 1.61792e-05 9.46794e-01 2.57392e-18 1.24054e-04 
6258.92 1.63933e-05 9.47099e-01 2.55876e-18 1.25175e-04 
6266.98 1.66983e-05 9.47370e-01 2.54459e-18 1.26996e-04 
6270.00 1.67946e-05 9.47471e-01 2.53915e-18 1.27531e-04 
6274.60 1.68926e-05 9.47623e-01 2.53076e-18 1.27965e-04 
6290.00 1.68317e-05 9.48124e-01 2.50163e-18 1.26413e-04 
6290.29 1.68256e-05 9.48133e-01 2.50106e-18 1.26346e-04 
6298.31 1.66186e-05 9.48390e-01 2.48528e-18 1.24195e-04 
6305.99 1.64181e-05 9.48634e-01 2.46978e-18 1.22111e-04 
6310.00 1.63469e-05 9.48760e-01 2.46156e-18 1.21270e-04 
6321.71 1.63272e-05 9.49127e-01 2.43700e-18 1.20184e-04 
6329.80 1.63872e-05 9.49380e-01 2.41956e-18 1.19949e-04 
6330.00 1.63886e-05 9.49386e-01 2.41913e-18 1.19942e-04 
6337.43 1.64227e-05 9.49618e-01 2.40282e-18 1.19550e-04 
6350.00 1.64057e-05 9.50009e-01 2.37455e-18 1.18304e-04 
6353.16 1.63871e-05 9.50106e-01 2.36733e-18 1.17881e-04 
6361.45 1.63339e-05 9.50360e-01 2.34813e-18 1.16729e-04 
6368.90 1.63193e-05 9.50585e-01 2.33063e-18 1.15918e-04 
6370.00 1.63225e-05 9.50618e-01 2.32802e-18 1.15836e-04 
6384.65 1.64210e-05 9.51055e-01 2.29282e-18 1.15089e-04 
6390.00 1.63992e-05 9.51214e-01 2.27974e-18 1.14395e-04 
6393.26 1.63497e-05 9.51310e-01 2.27171e-18 1.13718e-04 
6400.41 1.61846e-05 9.51521e-01 2.25398e-18 1.11841e-04 
6410.00 1.60102e-05 9.51804e-01 2.22991e-18 1.09651e-04 
6416.18 1.60200e-05 9.51986e-01 2.21423e-18 1.09072e-04 
6425.23 1.61197e-05 9.52250e-01 2.19105e-18 1.08786e-04 
6430.00 1.61478e-05 9.52388e-01 2.17872e-18 1.08459e-04 
6431.96 1.61448e-05 9.52445e-01 2.17364e-18 1.08225e-04 
6447.75 1.59543e-05 9.52898e-01 2.13232e-18 1.05222e-04 
6450.00 1.59318e-05 9.52962e-01 2.12638e-18 1.04824e-04 
6457.35 1.59041e-05 9.53170e-01 2.10688e-18 1.03824e-04 
6463.55 1.59004e-05 9.53345e-01 2.09035e-18 1.03103e-04 
6470.00 1.58688e-05 9.53526e-01 2.07305e-18 1.02168e-04 
6479.36 1.57355e-05 9.53786e-01 2.04781e-18 1.00248e-04 
6489.64 1.56432e-05 9.54070e-01 2.01992e-18 9.84879e-05 
6490.00 1.56440e-05 9.54080e-01 2.01893e-18 9.84518e-05 
6495.18 1.56933e-05 9.54222e-01 2.00481e-18 9.81636e-05 
6510.00 1.59542e-05 9.54624e-01 1.96419e-18 9.80383e-05 
6511.01 1.59639e-05 9.54652e-01 1.96142e-18 9.79770e-05 
6522.09 1.59655e-05 9.54950e-01 1.93088e-18 9.66557e-05 
6526.85 1.59396e-05 9.55078e-01 1.91772e-18 9.59240e-05 
6530.00 1.59257e-05 9.55162e-01 1.90900e-18 9.54595e-05 
6542.70 1.57970e-05 9.55502e-01 1.87379e-18 9.31551e-05 
6550.00 1.54273e-05 9.55696e-01 1.85351e-18 9.01091e-05 
6554.70 1.50002e-05 9.55820e-01 1.84045e-18 8.70713e-05 
6558.56 1.46042e-05 9.55922e-01 1.82971e-18 8.43366e-05 
6570.00 1.39061e-05 9.56221e-01 1.79789e-18 7.90708e-05 
6574.43 1.40724e-05 9.56336e-01 1.78556e-18 7.95308e-05 
6587.47 1.53337e-05 9.56670e-01 1.74929e-18 8.50968e-05 
6590.00 1.55400e-05 9.56734e-01 1.74226e-18 8.59342e-05 
6590.31 1.55615e-05 9.56742e-01 1.74140e-18 8.60148e-05 
6606.20 1.57853e-05 9.57139e-01 1.69731e-18 8.52832e-05 
6610.00 1.57227e-05 9.57233e-01 1.68678e-18 8.44750e-05 
6620.41 1.56186e-05 9.57490e-01 1.65800e-18 8.26362e-05 
6622.10 1.56106e-05 9.57532e-01 1.65334e-18 8.23857e-05 
6630.00 1.55937e-05 9.57726e-01 1.63157e-18 8.13264e-05 
6638.01 1.55915e-05 9.57922e-01 1.60956e-18 8.03313e-05 
6650.00 1.55373e-05 9.58215e-01 1.57674e-18 7.85859e-05 
6653.51 1.54959e-05 9.58300e-01 1.56717e-18 7.79484e-05 
6653.93 1.54903e-05 9.58310e-01 1.56603e-18 7.78693e-05 
6669.86 1.53402e-05 9.58697e-01 1.52280e-18 7.51959e-05 
6670.00 1.53406e-05 9.58700e-01 1.52242e-18 7.51809e-05 
6685.80 1.55093e-05 9.59086e-01 1.47992e-18 7.40910e-05 
6686.78 1.55149e-05 9.59110e-01 1.47730e-18 7.39994e-05 
6690.00 1.55165e-05 9.59189e-01 1.46870e-18 7.36173e-05 
6701.75 1.53311e-05 9.59480e-01 1.43745e-18 7.13370e-05 
6710.00 1.52081e-05 9.59683e-01 1.41567e-18 6.97930e-05 
6717.71 1.52310e-05 9.59870e-01 1.39543e-18 6.89910e-05 
6720.21 1.52568e-05 9.59930e-01 1.38889e-18 6.88140e-05 
6730.00 1.53394e-05 9.60161e-01 1.36343e-18 6.80337e-05 
6733.68 1.53320e-05 9.60247e-01 1.35390e-18 6.75688e-05 
6749.66 1.51604e-05 9.60615e-01 1.31291e-18 6.49677e-05 
6750.00 1.51575e-05 9.60622e-01 1.31205e-18 6.49165e-05 
6753.81 1.51335e-05 9.60710e-01 1.30235e-18 6.43773e-05 
6765.65 1.51237e-05 9.60983e-01 1.27248e-18 6.29877e-05 
6770.00 1.51256e-05 9.61083e-01 1.26159e-18 6.25038e-05 
6781.65 1.50977e-05 9.61348e-01 1.23265e-18 6.10789e-05 
6787.58 1.50639e-05 9.61480e-01 1.21806e-18 6.02816e-05 
6790.00 1.50464e-05 9.61533e-01 1.21214e-18 5.99435e-05 
6797.66 1.49833e-05 9.61700e-01 1.19346e-18 5.88489e-05 
6810.00 1.49323e-05 9.61964e-01 1.16373e-18 5.73071e-05 
6813.69 1.49464e-05 9.62042e-01 1.15492e-18 5.69626e-05 
6821.52 1.49939e-05 9.62210e-01 1.13634e-18 5.62986e-05 
6829.72 1.49909e-05 9.62387e-01 1.11708e-18 5.54099e-05 
6830.00 1.49887e-05 9.62393e-01 1.11642e-18 5.53715e-05 
6845.76 1.47239e-05 9.62736e-01 1.07994e-18 5.27560e-05 
6850.00 1.46731e-05 9.62829e-01 1.07024e-18 5.21394e-05 
6855.63 1.46629e-05 9.62950e-01 1.05746e-18 5.15296e-05 
6861.81 1.47031e-05 9.63082e-01 1.04352e-18 5.10429e-05 
6870.00 1.47734e-05 9.63256e-01 1.02524e-18 5.04575e-05 
6877.87 1.47974e-05 9.63421e-01 1.00785e-18 4.97481e-05 
6889.91 1.47605e-05 9.63670e-01 9.81640e-19 4.84303e-05 
6890.00 1.47600e-05 9.63672e-01 9.81437e-19 4.84195e-05 
6893.94 1.47379e-05 9.63753e-01 9.72943e-19 4.79601e-05 
6910.00 1.46449e-05 9.64081e-01 9.38859e-19 4.61105e-05 
6910.03 1.46447e-05 9.64081e-01 9.38803e-19 4.61076e-05 
6924.36 1.45935e-05 9.64370e-01 9.09060e-19 4.45964e-05 
6926.12 1.45880e-05 9.64405e-01 9.05445e-19 4.44152e-05 
6930.00 1.45752e-05 9.64483e-01 8.97520e-19 4.40159e-05 
6942.22 1.45266e-05 9.64724e-01 8.72876e-19 4.27505e-05 
6950.00 1.44974e-05 9.64876e-01 8.57434e-19 4.19635e-05 
6958.33 1.44762e-05 9.65038e-01 8.41101e-19 4.11599e-05 
6958.98 1.44751e-05 9.65050e-01 8.39850e-19 4.11000e-05 
6970.00 1.44718e-05 9.65260e-01 8.18608e-19 4.01235e-05 
6974.46 1.44780e-05 9.65344e-01 8.10126e-19 3.97537e-05 
6990.00 1.43992e-05 9.65632e-01 7.81043e-19 3.82141e-05 
6990.59 1.43893e-05 9.65642e-01 7.79952e-19 3.81384e-05 
6993.77 1.43266e-05 9.65700e-01 7.74099e-19 3.77066e-05 
7006.73 1.40432e-05 9.65932e-01 7.50580e-19 3.59126e-05 
7010.00 1.40070e-05 9.65990e-01 7.44738e-19 3.55601e-05 
7022.89 1.40899e-05 9.66222e-01 7.22009e-19 3.47509e-05 
7028.74 1.41681e-05 9.66330e-01 7.11858e-19 3.44851e-05 
7030.00 1.41820e-05 9.66354e-01 7.09689e-19 3.44208e-05 
7039.05 1.42307e-05 9.66526e-01 6.94235e-19 3.38363e-05 
7050.00 1.42024e-05 9.66739e-01 6.75886e-19 3.29348e-05 
7055.23 1.41706e-05 9.66841e-01 6.67255e-19 3.24691e-05 
7063.88 1.41079e-05 9.67010e-01 6.53144e-19 3.16862e-05 
7070.00 1.40638e-05 9.67128e-01 6.43317e-19 3.11426e-05 
7071.41 1.40544e-05 9.67155e-01 6.41064e-19 3.10198e-05 
7087.61 1.39864e-05 9.67463e-01 6.15655e-19 2.97235e-05 
7090.00 1.39849e-05 9.67508e-01 6.11967e-19 2.95537e-05 
7099.20 1.39957e-05 9.67680e-01 5.97944e-19 2.89415e-05 
7103.81 1.39985e-05 9.67765e-01 5.91020e-19 2.86331e-05 
7110.00 1.39828e-05 9.67879e-01 5.81819e-19 2.81835e-05 
7120.03 1.38924e-05 9.68059e-01 5.67150e-19 2.73390e-05 
7130.00 1.37757e-05 9.68231e-01 5.52853e-19 2.64677e-05 
7134.70 1.37312e-05 9.68310e-01 5.46215e-19 2.60847e-05 
7136.25 1.37190e-05 9.68336e-01 5.44035e-19 2.59638e-05 
7150.00 1.36701e-05 9.68551e-01 5.25048e-19 2.50220e-05 
7152.49 1.36734e-05 9.68588e-01 5.21666e-19 2.48765e-05 
7168.74 1.36492e-05 9.68810e-01 5.00030e-19 2.38620e-05 
7170.00 1.36339e-05 9.68825e-01 4.98379e-19 2.37612e-05 
7170.37 1.36288e-05 9.68830e-01 4.97891e-19 2.37303e-05 
7184.99 1.33439e-05 9.68999e-01 4.79116e-19 2.24076e-05 
7190.00 1.32908e-05 9.69052e-01 4.72822e-19 2.20418e-05 
7201.26 1.33763e-05 9.69169e-01 4.58910e-19 2.15673e-05 
7206.23 1.34480e-05 9.69220e-01 4.52885e-19 2.14141e-05 
7210.00 1.34909e-05 9.69259e-01 4.48349e-19 2.12792e-05 
7217.54 1.35174e-05 9.69335e-01 4.39400e-19 2.09189e-05 
7230.00 1.34799e-05 9.69446e-01 4.24934e-19 2.02113e-05 
7233.83 1.34743e-05 9.69474e-01 4.20571e-19 2.00066e-05 
7242.26 1.34825e-05 9.69520e-01 4.11094e-19 1.95914e-05 
7250.00 1.35031e-05 9.69544e-01 4.02548e-19 1.92344e-05 
7250.13 1.35034e-05 9.69544e-01 4.02410e-19 1.92287e-05 
7266.44 1.34830e-05 9.69611e-01 3.84901e-19 1.84067e-05 
7270.00 1.34401e-05 9.69642e-01 3.81161e-19 1.81794e-05 
7278.47 1.32729e-05 9.69760e-01 3.72400e-19 1.75632e-05 
7282.76 1.31844e-05 9.69848e-01 3.68030e-19 1.72531e-05 
7290.00 1.30930e-05 9.70036e-01 3.60744e-19 1.68143e-05 
7299.09 1.31409e-05 9.70315e-01 3.51782e-19 1.64817e-05 
7310.00 1.32601e-05 9.70670e-01 3.41267e-19 1.61641e-05 
7314.86 1.32676e-05 9.70820e-01 3.36672e-19 1.59686e-05 
7315.43 1.32663e-05 9.70837e-01 3.36142e-19 1.59434e-05 
7330.00 1.31802e-05 9.71221e-01 3.22699e-19 1.52428e-05 
7331.78 1.31734e-05 9.71262e-01 3.21093e-19 1.51635e-05 
7348.14 1.31923e-05 9.71606e-01 3.06620e-19 1.45382e-05 
7350.00 1.31987e-05 9.71642e-01 3.05010e-19 1.44731e-05 
7351.43 1.32036e-05 9.71670e-01 3.03773e-19 1.44230e-05 
7364.51 1.32142e-05 9.71918e-01 2.92709e-19 1.39371e-05 
7370.00 1.31804e-05 9.72019e-01 2.88168e-19 1.36975e-05 
7380.89 1.30261e-05 9.72214e-01 2.79342e-19 1.31445e-05 
7388.19 1.28975e-05 9.72340e-01 2.73560e-19 1.27596e-05 
7390.00 1.28673e-05 9.72371e-01 2.72144e-19 1.26674e-05 
7397.28 1.27649e-05 9.72493e-01 2.66505e-19 1.23198e-05 
7410.00 1.26903e-05 9.72698e-01 2.56907e-19 1.18295e-05 
7413.69 1.27001e-05 9.72756e-01 2.54181e-19 1.17196e-05 
7425.13 1.27762e-05 9.72930e-01 2.45884e-19 1.14246e-05 
7430.00 1.28019e-05 9.73002e-01 2.42428e-19 1.12949e-05 
7430.10 1.28022e-05 9.73004e-01 2.42356e-19 1.12920e-05 
7446.53 1.27977e-05 9.73239e-01 2.31014e-19 1.07861e-05 
7450.00 1.27998e-05 9.73288e-01 2.28677e-19 1.06843e-05 
7462.26 1.28470e-05 9.73460e-01 2.20595e-19 1.03636e-05 
7462.96 1.28495e-05 9.73470e-01 2.20140e-19 1.03453e-05 
7470.00 1.28564e-05 9.73568e-01 2.15624e-19 1.01491e-05 
7479.41 1.28000e-05 9.73700e-01 2.09718e-19 9.84151e-06 
7490.00 1.27188e-05 9.73847e-01 2.03241e-19 9.49193e-06 
7495.86 1.27009e-05 9.73929e-01 1.99734e-19 9.32303e-06 
7499.57 1.26988e-05 9.73980e-01 1.97545e-19 9.22441e-06 
7510.00 1.27042e-05 9.74124e-01 1.91500e-19 8.95970e-06 
7512.33 1.27032e-05 9.74156e-01 1.90173e-19 8.89997e-06 
7528.81 1.26831e-05 9.74379e-01 1.81022e-19 8.47879e-06 
7530.00 1.26831e-05 9.74395e-01 1.80374e-19 8.44991e-06 
7537.07 1.26893e-05 9.74490e-01 1.76585e-19 8.28500e-06 
7545.29 1.26921e-05 9.74599e-01 1.72264e-19 8.09384e-06 
7550.00 1.26805e-05 9.74661e-01 1.69836e-19 7.97795e-06 
7561.79 1.25997e-05 9.74814e-01 1.63888e-19 7.66261e-06 
7570.00 1.25428e-05 9.74920e-01 1.59860e-19 7.44946e-06 
7574.75 1.25253e-05 9.74980e-01 1.57569e-19 7.33751e-06 
7578.30 1.25183e-05 9.75025e-01 1.55879e-19 7.25843e-06 
7590.00 1.24981e-05 9.75171e-01 1.50421e-19 7.00481e-06 
7594.82 1.24780e-05 9.75231e-01 1.48223e-19 6.89617e-06 
7610.00 1.24089e-05 9.75418e-01 1.41494e-19 6.56096e-06 
7611.35 1.24064e-05 9.75434e-01 1.40908e-19 6.53381e-06 
7612.63 1.24050e-05 9.75450e-01 1.40358e-19 6.50875e-06 
7627.89 1.24298e-05 9.75638e-01 1.33921e-19 6.23635e-06 
7630.00 1.24353e-05 9.75664e-01 1.33054e-19 6.20060e-06 
7644.44 1.24228e-05 9.75842e-01 1.27250e-19 5.93645e-06 
7650.00 1.23644e-05 9.75911e-01 1.25080e-19 5.81242e-06 
7650.69 1.23540e-05 9.75920e-01 1.24813e-19 5.79569e-06 
7661.01 1.21567e-05 9.76048e-01 1.20882e-19 5.53172e-06 
7670.00 1.20506e-05 9.76160e-01 1.17549e-19 5.33909e-06 
7677.58 1.20993e-05 9.76253e-01 1.14806e-19 5.24126e-06 
7688.94 1.22333e-05 9.76390e-01 1.10804e-19 5.12286e-06 
7690.00 1.22381e-05 9.76402e-01 1.10439e-19 5.10874e-06 
7694.16 1.22341e-05 9.76451e-01 1.09010e-19 5.04400e-06 
7710.00 1.20899e-05 9.76633e-01 1.03730e-19 4.75373e-06 
7710.76 1.20860e-05 9.76642e-01 1.03483e-19 4.74144e-06 
7727.36 1.20888e-05 9.76830e-01 9.82146e-20 4.51162e-06 
7727.39 1.20888e-05 9.76830e-01 9.82063e-20 4.51125e-06 
7730.00 1.20814e-05 9.76860e-01 9.74008e-20 4.47315e-06 
7743.98 1.19579e-05 9.77019e-01 9.31935e-20 4.24453e-06 
7750.00 1.19247e-05 9.77087e-01 9.14334e-20 4.15633e-06 
7760.60 1.19722e-05 9.77203e-01 8.84099e-20 4.04089e-06 
7766.03 1.20169e-05 9.77260e-01 8.69004e-20 3.98976e-06 
7770.00 1.20428e-05 9.77301e-01 8.58090e-20 3.95032e-06 
7777.24 1.20576e-05 9.77372e-01 8.38538e-20 3.86895e-06 
7790.00 1.20228e-05 9.77493e-01 8.05099e-20 3.71046e-06 
7793.89 1.20089e-05 9.77529e-01 7.95159e-20 3.66240e-06 
7804.86 1.19657e-05 9.77630e-01 7.67743e-20 3.52872e-06 
7810.00 1.19378e-05 9.77678e-01 7.55190e-20 3.46538e-06 
7810.55 1.19344e-05 9.77683e-01 7.53866e-20 3.45857e-06 
7827.22 1.18150e-05 9.77843e-01 7.14573e-20 3.25297e-06 
7830.00 1.17989e-05 9.77871e-01 7.08203e-20 3.22082e-06 
7843.88 1.17645e-05 9.78020e-01 6.77229e-20 3.07688e-06 
7843.90 1.17645e-05 9.78020e-01 6.77191e-20 3.07672e-06 
7850.00 1.17721e-05 9.78091e-01 6.63981e-20 3.02122e-06 
7860.59 1.18064e-05 9.78219e-01 6.41638e-20 2.93239e-06 
7870.00 1.18246e-05 9.78334e-01 6.22375e-20 2.85250e-06 
7877.29 1.18100e-05 9.78422e-01 6.07834e-20 2.78524e-06 
7883.10 1.17832e-05 9.78490e-01 5.96476e-20 2.72919e-06 
7890.00 1.17416e-05 9.78567e-01 5.83245e-20 2.66176e-06 
7894.00 1.17154e-05 9.78609e-01 5.75700e-20 2.62291e-06 
7910.00 1.15796e-05 9.78767e-01 5.46455e-20 2.46619e-06 
7910.73 1.15715e-05 9.78774e-01 5.45163e-20 2.45888e-06 
7922.51 1.14290e-05 9.78880e-01 5.24567e-20 2.34059e-06 
7927.46 1.13774e-05 9.78922e-01 5.16150e-20 2.29417e-06 
7930.00 1.13565e-05 9.78944e-01 5.11876e-20 2.27176e-06 
7944.20 1.13263e-05 9.79062e-01 4.88592e-20 2.16679e-06 
7950.00 1.13520e-05 9.79112e-01 4.79385e-20 2.13245e-06 
7960.96 1.14394e-05 9.79209e-01 4.62422e-20 2.07590e-06 
7962.13 1.14493e-05 9.79220e-01 4.60651e-20 2.07007e-06 
7970.00 1.15046e-05 9.79296e-01 4.48865e-20 2.02900e-06 
7977.73 1.15235e-05 9.79375e-01 4.37577e-20 1.98331e-06 
7990.00 1.14794e-05 9.79507e-01 4.20205e-20 1.90045e-06 
7994.50 1.14436e-05 9.79556e-01 4.13995e-20 1.86769e-06 
8001.94 1.13773e-05 9.79640e-01 4.03941e-20 1.81360e-06 
8010.00 1.13220e-05 9.79732e-01 3.93299e-20 1.75917e-06 
8011.29 1.13168e-05 9.79747e-01 3.91617e-20 1.75116e-06 
8028.09 1.12922e-05 9.79940e-01 3.70387e-20 1.65642e-06 
8030.00 1.12853e-05 9.79962e-01 3.68048e-20 1.64537e-06 
8041.95 1.12071e-05 9.80100e-01 3.53713e-20 1.57289e-06 
8044.90 1.11904e-05 9.80134e-01 3.50250e-20 1.55580e-06 
8050.00 1.11777e-05 9.80192e-01 3.44355e-20 1.52894e-06 
8061.72 1.12246e-05 9.80325e-01 3.31154e-20 1.47884e-06 
8070.00 1.12321e-05 9.80417e-01 3.22131e-20 1.44112e-06 
8078.56 1.11507e-05 9.80511e-01 3.13050e-20 1.39196e-06 
8082.16 1.11044e-05 9.80550e-01 3.09302e-20 1.37024e-06 
8090.00 1.10270e-05 9.80634e-01 3.01289e-20 1.32684e-06 
8095.40 1.10180e-05 9.80691e-01 2.95889e-20 1.30294e-06 
8110.00 1.10956e-05 9.80842e-01 2.81749e-20 1.25186e-06 
8112.25 1.11067e-05 9.80865e-01 2.79625e-20 1.24404e-06 
8122.57 1.11273e-05 9.80970e-01 2.70101e-20 1.20556e-06 
8129.12 1.11159e-05 9.81036e-01 2.64216e-20 1.17912e-06 
8130.00 1.11130e-05 9.81045e-01 2.63434e-20 1.17546e-06 
8145.99 1.10410e-05 9.81203e-01 2.49619e-20 1.10895e-06 
8150.00 1.10320e-05 9.81242e-01 2.46270e-20 1.09376e-06 
8162.88 1.10304e-05 9.81367e-01 2.35794e-20 1.04887e-06 
8163.18 1.10296e-05 9.81370e-01 2.35555e-20 1.04777e-06 
8170.00 1.09844e-05 9.81435e-01 2.30190e-20 1.02063e-06 
8179.78 1.08193e-05 9.81527e-01 2.22702e-20 9.73851e-07 
8190.00 1.06580e-05 9.81622e-01 2.15128e-20 9.27946e-07 
8196.69 1.06338e-05 9.81684e-01 2.10308e-20 9.05896e-07 
8204.00 1.06576e-05 9.81750e-01 2.05160e-20 8.86545e-07 
8210.00 1.06792e-05 9.81804e-01 2.01023e-20 8.71118e-07 
8213.61 1.06812e-05 9.81836e-01 1.98576e-20 8.61081e-07 
8230.00 1.06441e-05 9.81980e-01 1.87817e-20 8.13335e-07 
8230.54 1.06438e-05 9.81985e-01 1.87473e-20 8.11880e-07 
8245.02 1.06812e-05 9.82110e-01 1.78459e-20 7.77019e-07 
8247.48 1.06924e-05 9.82131e-01 1.76967e-20 7.71583e-07 
8250.00 1.07041e-05 9.82153e-01 1.75455e-20 7.66078e-07 
8264.43 1.07569e-05 9.82276e-01 1.67028e-20 7.34254e-07 
8270.00 1.07630e-05 9.82323e-01 1.63885e-20 7.21364e-07 
8281.40 1.07378e-05 9.82419e-01 1.57627e-20 6.93216e-07 
8286.24 1.07125e-05 9.82460e-01 1.55039e-20 6.80653e-07 
8290.00 1.06874e-05 9.82492e-01 1.53059e-20 6.70712e-07 
8298.37 1.06155e-05 9.82563e-01 1.48737e-20 6.48086e-07 
8310.00 1.04833e-05 9.82661e-01 1.42931e-20 6.15960e-07 
8315.36 1.04115e-05 9.82707e-01 1.40330e-20 6.01024e-07 
