##### EXOPHOT SPECTRAL OVERLAP FILE #####
# Date: 02/12/2021 11:19:11
# SED file: SED_a5v.txt
# atmosphere file: atm_a5v_hzm_os3.txt
# photopigment file: ChlA-TD-DFT.txt
# Stellar radius (Rs in km): 1.183778e+06
# Exoplanet orbit semi-major axis (sma in km): 5.183426e+08
# Total absorption rate (gamma_t in s-1): 1.23127e+01
# B band absorption rate (gamma_B in s-1): 8.37037e+00
# Q band absorption rate (gamma_Q in s-1): 3.94230e+00
# B-Q bands cut-off (in nm): 500
# photosynthetic photon flux density [ppfd in micromol photon m-2 s-1]: 2.44212e+03
# Total Stellar Irradiance (S in W m-2): 1.37004e+03
# -------------------------------------------------
# Col 1: Wavelength (wl in Angstrom) 
# Col 2: Spectral Flux Density (F_l in J cm-2 s-1 A-1) 
# Col 3: Atmosphere transmitance (T, no units) 
# Col 4: Pigment absorption cross section (sigma_abs in cm-2) 
# Col 5: Spectral Absorption Rate (Gamma_lambda in A-1 s-1)
2305.33 1.33680e-05 8.08634e-02 0.00000e+00 0.00000e+00 
2311.24 1.26566e-05 8.25000e-02 -5.56996e-33 -6.76692e-21 
2315.00 1.24685e-05 8.35443e-02 -4.71514e-33 -5.72402e-21 
2320.85 1.23076e-05 8.51799e-02 0.00000e+00 0.00000e+00 
2322.80 1.22338e-05 8.57300e-02 1.80862e-33 2.21809e-21 
2325.00 1.21100e-05 8.63513e-02 3.62678e-33 4.43894e-21 
2334.41 1.06216e-05 8.90400e-02 3.01854e-33 3.35486e-21 
2335.00 1.04550e-05 8.92091e-02 2.25238e-33 2.46937e-21 
2336.37 1.00283e-05 8.96067e-02 0.00000e+00 0.00000e+00 
2345.00 8.60308e-06 9.21290e-02 -1.72404e-32 -1.61311e-20 
2346.09 8.88058e-06 9.24500e-02 -1.75597e-32 -1.70268e-20 
2351.91 1.13812e-05 9.41844e-02 0.00000e+00 0.00000e+00 
2355.00 1.20433e-05 9.51105e-02 2.80562e-32 3.80992e-20 
2357.82 1.15143e-05 9.59600e-02 6.98880e-32 9.16563e-20 
2365.00 8.98158e-06 9.81442e-02 2.72734e-31 2.86227e-19 
2367.46 9.11364e-06 9.89000e-02 3.82353e-31 4.10733e-19 
2369.61 9.62284e-06 9.95600e-02 5.00904e-31 5.72456e-19 
2375.00 1.06426e-05 1.01235e-01 1.02991e-30 1.32668e-18 
2381.45 8.75087e-06 1.03260e-01 2.49950e-30 2.70771e-18 
2383.02 8.20028e-06 1.03756e-01 3.05883e-30 3.12211e-18 
2385.00 7.74490e-06 1.04381e-01 3.91341e-30 3.79844e-18 
2393.36 8.89326e-06 1.07050e-01 1.13640e-29 1.30349e-17 
2395.00 9.18311e-06 1.07577e-01 1.39459e-29 1.66106e-17 
2398.60 9.35218e-06 1.08740e-01 2.14118e-29 2.62928e-17 
2405.00 8.86026e-06 1.10832e-01 4.48335e-29 5.33032e-17 
2405.33 8.83617e-06 1.10940e-01 4.66164e-29 5.53335e-17 
2414.18 9.12722e-06 1.13877e-01 1.30765e-28 1.65180e-16 
2415.00 9.27589e-06 1.14152e-01 1.43067e-28 1.84169e-16 
2417.35 9.82213e-06 1.14940e-01 1.84885e-28 2.54004e-16 
2425.00 1.14960e-05 1.17512e-01 4.37112e-28 7.20871e-16 
2429.44 1.14163e-05 1.19020e-01 7.10986e-28 1.18150e-15 
2429.77 1.13883e-05 1.19132e-01 7.36030e-28 1.22144e-15 
2435.00 1.10475e-05 1.20927e-01 1.27469e-27 2.08745e-15 
2441.59 1.16944e-05 1.23210e-01 2.58690e-27 4.58141e-15 
2445.00 1.20558e-05 1.24399e-01 3.68835e-27 6.80843e-15 
2445.37 1.20770e-05 1.24528e-01 3.82965e-27 7.09013e-15 
2453.80 1.18884e-05 1.27490e-01 8.97503e-27 1.68035e-14 
2455.00 1.18580e-05 1.27917e-01 1.01534e-26 1.90339e-14 
2460.98 1.19269e-05 1.30053e-01 1.84707e-26 3.54949e-14 
2465.00 1.18422e-05 1.31496e-01 2.71287e-26 5.24222e-14 
2466.07 1.17578e-05 1.31880e-01 3.00615e-26 5.78687e-14 
2475.00 1.08803e-05 1.35111e-01 7.12550e-26 1.30511e-13 
2476.61 1.08975e-05 1.35697e-01 8.27768e-26 1.52611e-13 
2478.40 1.09885e-05 1.36350e-01 9.75004e-26 1.82260e-13 
2485.00 1.11773e-05 1.38781e-01 1.78877e-25 3.47113e-13 
2490.79 1.04402e-05 1.40930e-01 3.03626e-25 5.60160e-13 
2492.24 1.03379e-05 1.41472e-01 3.45475e-25 6.33916e-13 
2495.00 1.05226e-05 1.42501e-01 4.39475e-25 8.27694e-13 
2503.24 1.30598e-05 1.45600e-01 9.03827e-25 2.16576e-12 
2505.00 1.31147e-05 1.46267e-01 1.05264e-24 2.54632e-12 
2507.89 1.23540e-05 1.47365e-01 1.34578e-24 3.09318e-12 
2513.00 1.06490e-05 1.49321e-01 2.05795e-24 4.13980e-12 
2515.76 1.07122e-05 1.50380e-01 2.58882e-24 5.28154e-12 
2518.00 1.08807e-05 1.51242e-01 3.11929e-24 6.50675e-12 
2523.54 9.98684e-06 1.53380e-01 4.90352e-24 9.54200e-12 
2525.00 9.68569e-06 1.53945e-01 5.50526e-24 1.04342e-11 
2528.34 9.29053e-06 1.55240e-01 7.16245e-24 1.31481e-11 
2535.00 9.07097e-06 1.57844e-01 1.21056e-23 2.21192e-11 
2539.21 8.80407e-06 1.59500e-01 1.67466e-23 3.00603e-11 
2540.98 8.70662e-06 1.60200e-01 1.91386e-23 3.41466e-11 
2545.00 8.74682e-06 1.61795e-01 2.58639e-23 4.68943e-11 
2553.68 1.00375e-05 1.65250e-01 4.92436e-23 1.05004e-10 
2554.88 1.01403e-05 1.65728e-01 5.37152e-23 1.16102e-10 
2555.00 1.01470e-05 1.65774e-01 5.41637e-23 1.17186e-10 
2565.00 9.93218e-06 1.69766e-01 1.10121e-22 2.39759e-10 
2566.45 1.00595e-05 1.70350e-01 1.21926e-22 2.69944e-10 
2570.57 1.07396e-05 1.72017e-01 1.62131e-22 3.87595e-10 
2575.00 1.14877e-05 1.73823e-01 2.18669e-22 5.66016e-10 
2579.28 1.17365e-05 1.75580e-01 2.91321e-22 7.79487e-10 
2585.00 1.15740e-05 1.77935e-01 4.24910e-22 1.13874e-09 
2586.27 1.15180e-05 1.78460e-01 4.61367e-22 1.23470e-09 
2592.18 1.12587e-05 1.80910e-01 6.72713e-22 1.78801e-09 
2595.00 1.11219e-05 1.82083e-01 8.03853e-22 2.12661e-09 
2601.98 1.06584e-05 1.85001e-01 1.24002e-21 3.20275e-09 
2605.00 1.03505e-05 1.86271e-01 1.48903e-21 3.76476e-09 
2605.14 1.03339e-05 1.86330e-01 1.50173e-21 3.79222e-09 
2615.00 9.76204e-06 1.90496e-01 2.69693e-21 6.60225e-09 
2617.70 1.02294e-05 1.91640e-01 3.15339e-21 8.14621e-09 
2618.17 1.03367e-05 1.91840e-01 3.23976e-21 8.46750e-09 
2625.00 1.18524e-05 1.94745e-01 4.77144e-21 1.45537e-08 
2631.26 1.20340e-05 1.97420e-01 6.75307e-21 2.12514e-08 
2633.43 1.21020e-05 1.98352e-01 7.60029e-21 2.41863e-08 
2635.00 1.22615e-05 1.99029e-01 8.27377e-21 2.67836e-08 
2644.41 1.48095e-05 2.03100e-01 1.36135e-20 5.45096e-08 
2645.00 1.49564e-05 2.03354e-01 1.40347e-20 5.68372e-08 
2649.17 1.56169e-05 2.05162e-01 1.73900e-20 7.43063e-08 
2655.00 1.52479e-05 2.07699e-01 2.33156e-20 9.86913e-08 
2657.64 1.45591e-05 2.08850e-01 2.65657e-20 1.08071e-07 
2664.92 1.27306e-05 2.12043e-01 3.78340e-20 1.37014e-07 
2665.00 1.27237e-05 2.12080e-01 3.79828e-20 1.37506e-07 
2670.92 1.32186e-05 2.14690e-01 5.02086e-20 1.91585e-07 
2675.00 1.39263e-05 2.16490e-01 6.06128e-20 2.46084e-07 
2680.68 1.41803e-05 2.19004e-01 7.83871e-20 3.28510e-07 
2684.28 1.39054e-05 2.20600e-01 9.19353e-20 3.81085e-07 
2685.00 1.38186e-05 2.20920e-01 9.48907e-20 3.91553e-07 
2695.00 1.27012e-05 2.25373e-01 1.45765e-19 5.66084e-07 
2696.45 1.27510e-05 2.26022e-01 1.54895e-19 6.05962e-07 
2697.70 1.28464e-05 2.26580e-01 1.63143e-19 6.44898e-07 
2705.00 1.34281e-05 2.29854e-01 2.19698e-19 9.23387e-07 
2711.19 1.27288e-05 2.32640e-01 2.80678e-19 1.13439e-06 
2712.24 1.25553e-05 2.33112e-01 2.92339e-19 1.16823e-06 
2715.00 1.21493e-05 2.34360e-01 3.25211e-19 1.26559e-06 
2724.74 1.23714e-05 2.38770e-01 4.68408e-19 1.89789e-06 
2725.00 1.24188e-05 2.38886e-01 4.72801e-19 1.92415e-06 
2728.03 1.30932e-05 2.40261e-01 5.27721e-19 2.27985e-06 
2735.00 1.37012e-05 2.43434e-01 6.75387e-19 3.10151e-06 
2738.37 1.26249e-05 2.44970e-01 7.58652e-19 3.23443e-06 
2743.83 1.03335e-05 2.47465e-01 9.12391e-19 3.22273e-06 
2745.00 1.00317e-05 2.47998e-01 9.48411e-19 3.26050e-06 
2752.06 1.03693e-05 2.51230e-01 1.19304e-18 4.30584e-06 
2755.00 1.08739e-05 2.52579e-01 1.30947e-18 4.98795e-06 
2759.65 1.12546e-05 2.54716e-01 1.51283e-18 6.02496e-06 
2765.00 1.16100e-05 2.57182e-01 1.77848e-18 7.39164e-06 
2765.82 1.17156e-05 2.57560e-01 1.82240e-18 7.65656e-06 
2775.00 1.33236e-05 2.61799e-01 2.37675e-18 1.15814e-05 
2775.47 1.33812e-05 2.62019e-01 2.40876e-18 1.18000e-05 
2779.65 1.35029e-05 2.63950e-01 2.70517e-18 1.34913e-05 
2785.00 1.20892e-05 2.66426e-01 3.12645e-18 1.41180e-05 
2791.31 8.05500e-06 2.69352e-01 3.68751e-18 1.12422e-05 
2793.55 6.75031e-06 2.70390e-01 3.90386e-18 1.00205e-05 
2795.00 6.13155e-06 2.71064e-01 4.04946e-18 9.46988e-06 
2805.00 7.73666e-06 2.75718e-01 5.16600e-18 1.55607e-05 
2807.16 9.05469e-06 2.76724e-01 5.43429e-18 1.92421e-05 
2807.52 9.28798e-06 2.76890e-01 5.47950e-18 1.99166e-05 
2815.00 1.38034e-05 2.80380e-01 6.49352e-18 3.56135e-05 
2821.55 1.49875e-05 2.83440e-01 7.48399e-18 4.51581e-05 
2823.02 1.49642e-05 2.84124e-01 7.71876e-18 4.66387e-05 
2825.00 1.48558e-05 2.85051e-01 8.04436e-18 4.84454e-05 
2835.00 1.40562e-05 2.89730e-01 9.82527e-18 5.71060e-05 
2835.66 1.40157e-05 2.90040e-01 9.95110e-18 5.77460e-05 
2838.89 1.38426e-05 2.91551e-01 1.05796e-17 6.10200e-05 
2845.00 1.33128e-05 2.94418e-01 1.18351e-17 6.64369e-05 
2849.84 1.25255e-05 2.96690e-01 1.28872e-17 6.87070e-05 
2854.77 1.21936e-05 2.99006e-01 1.40095e-17 7.34053e-05 
2855.00 1.22075e-05 2.99116e-01 1.40637e-17 7.38067e-05 
2864.09 1.39695e-05 3.03390e-01 1.62637e-17 9.93829e-05 
2865.00 1.40849e-05 3.03818e-01 1.64926e-17 1.01790e-04 
2870.66 1.39973e-05 3.06477e-01 1.79448e-17 1.11246e-04 
2875.00 1.36899e-05 3.08517e-01 1.90927e-17 1.16710e-04 
2878.41 1.37352e-05 3.10120e-01 2.00118e-17 1.23517e-04 
2885.00 1.39067e-05 3.13221e-01 2.18263e-17 1.38079e-04 
2886.56 1.38090e-05 3.13956e-01 2.22619e-17 1.40247e-04 
2892.80 1.31709e-05 3.16890e-01 2.40226e-17 1.46011e-04 
2895.00 1.30927e-05 3.17922e-01 2.46481e-17 1.49523e-04 
2902.47 1.40145e-05 3.21422e-01 2.67832e-17 1.76281e-04 
2907.27 1.49531e-05 3.23660e-01 2.81526e-17 1.99410e-04 
2910.00 1.53634e-05 3.24935e-01 2.89312e-17 2.11576e-04 
2918.40 1.55253e-05 3.28848e-01 3.12938e-17 2.34725e-04 
2921.80 1.52742e-05 3.30440e-01 3.22347e-17 2.39303e-04 
2930.00 1.45243e-05 3.34290e-01 3.44414e-17 2.46655e-04 
2934.33 1.42883e-05 3.36330e-01 3.55658e-17 2.52471e-04 
2936.41 1.42285e-05 3.37310e-01 3.60941e-17 2.56074e-04 
2950.00 1.43975e-05 3.43707e-01 3.93265e-17 2.89006e-04 
2950.28 1.44068e-05 3.43836e-01 3.93876e-17 2.89777e-04 
2951.09 1.44347e-05 3.44220e-01 3.95680e-17 2.92075e-04 
2965.85 1.49417e-05 3.51130e-01 4.25243e-17 3.33102e-04 
2966.23 1.49518e-05 3.51309e-01 4.25931e-17 3.34080e-04 
2970.00 1.50323e-05 3.53073e-01 4.32476e-17 3.43187e-04 
2980.68 1.50928e-05 3.58070e-01 4.48788e-17 3.63930e-04 
2982.20 1.50924e-05 3.58782e-01 4.50842e-17 3.66499e-04 
2990.00 1.51160e-05 3.62432e-01 4.60326e-17 3.79597e-04 
2995.58 1.51921e-05 3.65040e-01 4.66061e-17 3.89767e-04 
2998.18 1.52388e-05 3.66252e-01 4.68440e-17 3.94606e-04 
3010.00 1.54070e-05 3.71760e-01 4.77097e-17 4.14075e-04 
3010.56 1.54091e-05 3.72020e-01 4.77424e-17 4.14779e-04 
3014.16 1.54050e-05 3.73695e-01 4.79365e-17 4.18733e-04 
3025.61 1.52775e-05 3.79000e-01 4.83802e-17 4.26672e-04 
3030.00 1.52244e-05 3.81029e-01 4.84907e-17 4.29066e-04 
3030.16 1.52228e-05 3.81106e-01 4.84943e-17 4.29160e-04 
3040.74 1.51698e-05 3.85990e-01 4.86548e-17 4.36099e-04 
3046.18 1.51710e-05 3.88500e-01 4.86948e-17 4.40113e-04 
3050.00 1.51769e-05 3.90264e-01 4.87112e-17 4.42988e-04 
3055.94 1.51907e-05 3.93000e-01 4.87243e-17 4.47491e-04 
3062.20 1.52228e-05 3.95871e-01 4.87308e-17 4.52697e-04 
3070.00 1.53131e-05 3.99441e-01 4.87436e-17 4.60781e-04 
3071.22 1.53341e-05 4.00000e-01 4.87471e-17 4.62275e-04 
3078.23 1.54715e-05 4.03198e-01 4.87801e-17 4.71538e-04 
3086.58 1.55812e-05 4.07000e-01 4.88588e-17 4.81436e-04 
3090.00 1.55765e-05 4.08555e-01 4.89062e-17 4.84133e-04 
3094.27 1.55144e-05 4.10494e-01 4.89794e-17 4.85890e-04 
3102.01 1.53003e-05 4.14000e-01 4.91548e-17 4.86220e-04 
3110.00 1.50644e-05 4.17611e-01 4.93954e-17 4.86512e-04 
3110.33 1.50565e-05 4.17759e-01 4.94066e-17 4.86591e-04 
3117.52 1.49397e-05 4.21000e-01 4.96778e-17 4.90365e-04 
3126.39 1.49417e-05 4.24978e-01 5.00747e-17 5.00438e-04 
3130.00 1.49879e-05 4.26591e-01 5.02540e-17 5.06281e-04 
3133.11 1.50479e-05 4.27980e-01 5.04158e-17 5.12113e-04 
3142.47 1.52935e-05 4.32156e-01 5.09367e-17 5.32564e-04 
3148.77 1.54612e-05 4.34960e-01 5.13087e-17 5.46950e-04 
3150.00 1.54895e-05 4.35504e-01 5.13823e-17 5.49639e-04 
3158.56 1.56091e-05 4.39292e-01 5.19017e-17 5.65879e-04 
3164.52 1.55683e-05 4.41920e-01 5.22629e-17 5.72807e-04 
3170.00 1.54013e-05 4.44330e-01 5.25889e-17 5.74300e-04 
3174.66 1.51531e-05 4.46372e-01 5.28580e-17 5.71386e-04 
3180.34 1.48010e-05 4.48860e-01 5.31731e-17 5.65576e-04 
3190.00 1.44275e-05 4.53075e-01 5.36646e-17 5.63331e-04 
3190.77 1.44250e-05 4.53408e-01 5.37009e-17 5.64164e-04 
3196.24 1.45247e-05 4.55790e-01 5.39472e-17 5.74650e-04 
3206.89 1.48895e-05 4.60399e-01 5.43589e-17 6.01577e-04 
3210.00 1.49197e-05 4.61742e-01 5.44622e-17 6.06295e-04 
3212.22 1.48957e-05 4.62700e-01 5.45314e-17 6.07767e-04 
3223.02 1.44696e-05 4.67330e-01 5.48182e-17 6.01439e-04 
3228.29 1.42805e-05 4.69580e-01 5.49328e-17 5.98659e-04 
3230.00 1.42498e-05 4.70311e-01 5.49675e-17 5.98999e-04 
3239.16 1.43894e-05 4.74207e-01 5.51395e-17 6.13521e-04 
3244.43 1.46013e-05 4.76440e-01 5.52360e-17 6.27599e-04 
3250.00 1.48276e-05 4.78798e-01 5.53459e-17 6.42858e-04 
3255.32 1.49817e-05 4.81039e-01 5.54666e-17 6.55073e-04 
3260.65 1.50762e-05 4.83280e-01 5.56122e-17 6.65103e-04 
3270.00 1.51481e-05 4.87186e-01 5.59583e-17 6.79810e-04 
3271.48 1.51533e-05 4.87803e-01 5.60267e-17 6.82049e-04 
3276.95 1.51689e-05 4.90080e-01 5.63202e-17 6.90685e-04 
3287.66 1.52286e-05 4.94520e-01 5.71212e-17 7.11951e-04 
3290.00 1.52555e-05 4.95485e-01 5.73447e-17 7.17907e-04 
3293.34 1.53051e-05 4.96850e-01 5.76975e-17 7.27409e-04 
3303.84 1.54692e-05 5.01090e-01 5.91089e-17 7.62044e-04 
3309.80 1.54955e-05 5.03480e-01 6.01429e-17 7.81801e-04 
3310.00 1.54948e-05 5.03559e-01 6.01801e-17 7.82419e-04 
3320.04 1.53403e-05 5.07599e-01 6.23828e-17 8.11871e-04 
3326.35 1.51906e-05 5.10140e-01 6.40921e-17 8.31685e-04 
3330.00 1.51135e-05 5.11607e-01 6.52053e-17 8.45187e-04 
3336.25 1.50228e-05 5.14116e-01 6.73418e-17 8.73533e-04 
3342.98 1.49640e-05 5.16810e-01 6.99859e-17 9.10852e-04 
3350.00 1.49112e-05 5.19606e-01 7.31443e-17 9.55733e-04 
3352.47 1.48883e-05 5.20589e-01 7.43604e-17 9.72682e-04 
3359.70 1.48129e-05 5.23450e-01 7.82351e-17 1.02599e-03 
3368.70 1.47382e-05 5.26992e-01 8.37570e-17 1.10320e-03 
3370.00 1.47323e-05 5.27499e-01 8.46168e-17 1.11559e-03 
3376.50 1.47269e-05 5.30040e-01 8.91834e-17 1.18330e-03 
3384.95 1.47622e-05 5.33332e-01 9.57648e-17 1.28479e-03 
3390.00 1.47943e-05 5.35293e-01 1.00053e-16 1.35219e-03 
3393.38 1.48165e-05 5.36600e-01 1.03070e-16 1.39986e-03 
3401.20 1.48683e-05 5.39611e-01 1.10506e-16 1.51804e-03 
3410.00 1.49290e-05 5.42978e-01 1.19623e-16 1.66458e-03 
3410.35 1.49314e-05 5.43110e-01 1.19999e-16 1.67067e-03 
3417.47 1.49808e-05 5.45821e-01 1.27973e-16 1.80024e-03 
3427.40 1.50240e-05 5.49580e-01 1.39913e-16 1.99325e-03 
3430.00 1.50258e-05 5.50560e-01 1.43191e-16 2.04537e-03 
3433.74 1.50193e-05 5.51967e-01 1.48015e-16 2.12108e-03 
3444.54 1.49537e-05 5.56000e-01 1.62576e-16 2.34388e-03 
3450.00 1.49040e-05 5.58030e-01 1.70293e-16 2.45980e-03 
3450.03 1.49037e-05 5.58042e-01 1.70339e-16 2.46049e-03 
3461.76 1.47861e-05 5.62370e-01 1.87578e-16 2.71819e-03 
3466.33 1.47404e-05 5.64047e-01 1.94518e-16 2.82212e-03 
3470.00 1.47050e-05 5.65388e-01 2.00159e-16 2.90697e-03 
3479.07 1.46370e-05 5.68690e-01 2.14342e-16 3.12479e-03 
3482.64 1.46283e-05 5.69987e-01 2.20008e-16 3.21610e-03 
3490.00 1.46670e-05 5.72647e-01 2.31764e-16 3.41997e-03 
3496.46 1.47723e-05 5.74970e-01 2.42153e-16 3.62022e-03 
3498.96 1.48211e-05 5.75865e-01 2.46179e-16 3.70098e-03 
3510.00 1.49706e-05 5.79793e-01 2.63908e-16 4.04758e-03 
3513.95 1.49623e-05 5.81190e-01 2.70203e-16 4.15646e-03 
3515.30 1.49528e-05 5.81668e-01 2.72351e-16 4.19190e-03 
3530.00 1.48861e-05 5.86841e-01 2.95326e-16 4.58461e-03 
3531.51 1.49060e-05 5.87370e-01 2.97641e-16 4.63288e-03 
3531.64 1.49080e-05 5.87414e-01 2.97834e-16 4.63701e-03 
3548.00 1.52219e-05 5.93075e-01 3.21969e-16 5.19157e-03 
3549.17 1.52210e-05 5.93480e-01 3.23635e-16 5.22344e-03 
3550.00 1.52162e-05 5.93765e-01 3.24802e-16 5.24435e-03 
3564.36 1.47594e-05 5.98682e-01 3.44173e-16 5.45691e-03 
3566.92 1.46622e-05 5.99550e-01 3.47430e-16 5.48415e-03 
3570.00 1.45651e-05 6.00594e-01 3.51278e-16 5.52250e-03 
3580.74 1.44424e-05 6.04208e-01 3.63967e-16 5.72509e-03 
3584.75 1.44478e-05 6.05550e-01 3.68402e-16 5.81642e-03 
3590.00 1.44607e-05 6.07302e-01 3.73947e-16 5.93502e-03 
3597.13 1.44567e-05 6.09674e-01 3.81005e-16 6.08102e-03 
3602.68 1.44560e-05 6.11510e-01 3.86103e-16 6.19018e-03 
3610.00 1.45019e-05 6.13920e-01 3.92310e-16 6.34741e-03 
3613.53 1.45538e-05 6.15077e-01 3.95088e-16 6.43360e-03 
3620.69 1.46629e-05 6.17410e-01 4.00287e-16 6.60509e-03 
3629.94 1.46178e-05 6.20406e-01 4.06167e-16 6.73109e-03 
3630.00 1.46163e-05 6.20424e-01 4.06199e-16 6.73125e-03 
3638.79 1.44020e-05 6.23250e-01 4.10917e-16 6.75647e-03 
3640.00 1.44176e-05 6.23636e-01 4.11500e-16 6.77984e-03 
3646.37 1.47642e-05 6.25667e-01 4.14331e-16 7.02561e-03 
3650.00 1.50038e-05 6.26821e-01 4.15761e-16 7.18461e-03 
3656.99 1.52046e-05 6.29030e-01 4.18150e-16 7.36252e-03 
3662.80 1.51416e-05 6.30859e-01 4.19790e-16 7.39388e-03 
3670.00 1.48859e-05 6.33109e-01 4.21403e-16 7.33737e-03 
3675.27 1.46461e-05 6.34750e-01 4.22310e-16 7.26388e-03 
3679.25 1.44736e-05 6.35984e-01 4.22848e-16 7.20925e-03 
3690.00 1.42441e-05 6.39301e-01 4.23719e-16 7.16753e-03 
3693.65 1.42975e-05 6.40420e-01 4.23836e-16 7.21610e-03 
3695.71 1.43521e-05 6.41050e-01 4.23865e-16 7.25533e-03 
3710.00 1.47080e-05 6.45392e-01 4.23394e-16 7.50617e-03 
3712.12 1.46902e-05 6.46030e-01 4.23234e-16 7.50593e-03 
3712.18 1.46893e-05 6.46048e-01 4.23229e-16 7.50575e-03 
3728.66 1.48387e-05 6.50970e-01 4.21315e-16 7.63907e-03 
3730.00 1.49743e-05 6.51369e-01 4.21114e-16 7.71269e-03 
3730.68 1.50550e-05 6.51570e-01 4.21010e-16 7.75615e-03 
3745.15 1.77824e-05 6.55840e-01 4.18461e-16 9.20099e-03 
3749.33 1.84869e-05 6.57050e-01 4.17623e-16 9.57466e-03 
3750.00 1.85778e-05 6.57242e-01 4.17486e-16 9.62312e-03 
3761.65 1.93670e-05 6.60540e-01 4.14943e-16 1.00520e-02 
3768.08 1.97055e-05 6.62340e-01 4.13440e-16 1.02358e-02 
3770.00 1.98743e-05 6.62879e-01 4.12978e-16 1.03257e-02 
3778.17 2.11277e-05 6.65176e-01 4.10957e-16 1.09848e-02 
3786.92 2.33619e-05 6.67640e-01 4.08700e-16 1.21525e-02 
3790.00 2.43461e-05 6.68507e-01 4.07884e-16 1.26659e-02 
3794.70 2.59684e-05 6.69827e-01 4.06619e-16 1.35112e-02 
3805.85 2.86222e-05 6.72950e-01 4.03512e-16 1.48908e-02 
3810.00 2.84524e-05 6.74105e-01 4.02318e-16 1.48001e-02 
3811.23 2.82215e-05 6.74447e-01 4.01959e-16 1.46791e-02 
3824.88 2.33115e-05 6.78210e-01 3.97846e-16 1.21113e-02 
3827.78 2.26510e-05 6.79002e-01 3.96935e-16 1.17638e-02 
3830.00 2.24712e-05 6.79606e-01 3.96230e-16 1.16668e-02 
3844.01 2.77364e-05 6.83390e-01 3.91564e-16 1.43625e-02 
3844.34 2.79480e-05 6.83481e-01 3.91447e-16 1.44709e-02 
3850.00 3.16237e-05 6.84998e-01 3.89442e-16 1.63504e-02 
3860.92 3.70640e-05 6.87908e-01 3.85351e-16 1.90965e-02 
3863.23 3.74316e-05 6.88520e-01 3.84445e-16 1.92691e-02 
3870.00 3.58291e-05 6.90305e-01 3.81696e-16 1.83920e-02 
3877.50 2.92078e-05 6.92267e-01 3.78486e-16 1.49382e-02 
3882.54 2.41998e-05 6.93580e-01 3.76223e-16 1.23422e-02 
3890.00 2.05252e-05 6.95514e-01 3.72709e-16 1.04192e-02 
3894.10 2.19733e-05 6.96572e-01 3.70690e-16 1.11225e-02 
3901.96 2.91500e-05 6.98590e-01 3.66633e-16 1.46656e-02 
3910.00 3.57938e-05 7.00638e-01 3.62219e-16 1.78802e-02 
3910.70 3.60753e-05 7.00817e-01 3.61819e-16 1.80088e-02 
3921.46 3.48281e-05 7.03530e-01 3.55447e-16 1.71933e-02 
3927.32 3.29747e-05 7.04997e-01 3.51763e-16 1.61673e-02 
3930.00 3.26902e-05 7.05665e-01 3.50028e-16 1.59748e-02 
3941.07 3.57266e-05 7.08410e-01 3.42506e-16 1.71982e-02 
3943.95 3.64144e-05 7.09119e-01 3.40457e-16 1.74546e-02 
3950.00 3.56292e-05 7.10600e-01 3.36034e-16 1.69174e-02 
3960.59 2.57697e-05 7.13176e-01 3.27887e-16 1.20147e-02 
3960.78 2.55731e-05 7.13220e-01 3.27742e-16 1.19191e-02 
3970.00 1.90904e-05 7.15447e-01 3.20241e-16 8.74144e-03 
3977.25 2.21696e-05 7.17185e-01 3.14093e-16 9.99893e-03 
3980.58 2.53538e-05 7.17980e-01 3.11194e-16 1.13516e-02 
3990.00 3.51146e-05 7.20211e-01 3.02767e-16 1.53799e-02 
3993.91 3.77725e-05 7.21132e-01 2.99168e-16 1.63843e-02 
4000.48 4.00412e-05 7.22670e-01 2.93004e-16 1.70749e-02 
4010.00 4.06538e-05 7.24883e-01 2.83829e-16 1.68847e-02 
4010.59 4.06589e-05 7.25019e-01 2.83251e-16 1.68581e-02 
4020.49 4.07970e-05 7.27300e-01 2.73414e-16 1.64197e-02 
4027.28 4.08687e-05 7.28853e-01 2.66520e-16 1.60952e-02 
4030.00 4.08719e-05 7.29473e-01 2.63730e-16 1.59522e-02 
4040.59 4.06901e-05 7.31870e-01 2.52739e-16 1.53096e-02 
4043.98 4.05732e-05 7.32633e-01 2.49182e-16 1.50790e-02 
4050.00 4.03063e-05 7.33982e-01 2.42828e-16 1.46465e-02 
4060.69 3.94892e-05 7.36358e-01 2.31461e-16 1.37584e-02 
4060.79 3.94770e-05 7.36380e-01 2.31353e-16 1.37485e-02 
4070.00 3.77701e-05 7.38404e-01 2.21515e-16 1.26579e-02 
4077.41 3.53124e-05 7.40021e-01 2.13588e-16 1.14566e-02 
4081.10 3.37382e-05 7.40820e-01 2.09659e-16 1.07658e-02 
4090.00 2.90878e-05 7.42744e-01 2.00186e-16 8.90493e-03 
4094.15 2.66255e-05 7.43637e-01 1.95794e-16 7.98998e-03 
4101.50 2.29336e-05 7.45210e-01 1.88062e-16 6.63616e-03 
4110.00 2.21786e-05 7.47015e-01 1.79220e-16 6.14350e-03 
4110.90 2.24453e-05 7.47205e-01 1.78294e-16 6.18814e-03 
4122.01 2.98477e-05 7.49540e-01 1.66948e-16 7.75033e-03 
4127.66 3.42547e-05 7.50716e-01 1.61285e-16 8.61822e-03 
4130.00 3.57280e-05 7.51202e-01 1.58956e-16 8.86983e-03 
4142.62 3.87447e-05 7.53800e-01 1.46664e-16 8.93287e-03 
4144.43 3.87468e-05 7.54170e-01 1.44940e-16 8.83654e-03 
4150.00 3.85777e-05 7.55308e-01 1.39683e-16 8.50307e-03 
4161.21 3.85701e-05 7.57582e-01 1.29403e-16 7.92077e-03 
4163.33 3.86021e-05 7.58010e-01 1.27501e-16 7.81922e-03 
4170.00 3.86538e-05 7.59349e-01 1.21629e-16 7.49428e-03 
4178.00 3.85102e-05 7.60944e-01 1.14786e-16 7.07474e-03 
4184.15 3.83388e-05 7.62160e-01 1.09686e-16 6.75097e-03 
4190.00 3.82330e-05 7.63309e-01 1.04960e-16 6.46099e-03 
4194.81 3.82343e-05 7.64248e-01 1.01172e-16 6.24285e-03 
4205.07 3.82765e-05 7.66240e-01 9.33794e-17 5.79755e-03 
4210.00 3.81711e-05 7.67192e-01 8.97786e-17 5.57207e-03 
4211.63 3.81021e-05 7.67505e-01 8.86121e-17 5.49410e-03 
4226.10 3.71966e-05 7.70270e-01 7.86755e-17 4.79566e-03 
4228.45 3.70973e-05 7.70716e-01 7.71316e-17 4.69433e-03 
4230.00 3.70543e-05 7.71007e-01 7.61320e-17 4.63157e-03 
4245.30 3.71747e-05 7.73878e-01 6.67303e-17 4.10274e-03 
4247.23 3.71598e-05 7.74240e-01 6.56069e-17 4.03578e-03 
4250.00 3.70839e-05 7.74762e-01 6.40163e-17 3.93511e-03 
4262.15 3.61204e-05 7.77021e-01 5.73866e-17 3.45580e-03 
4268.46 3.56500e-05 7.78150e-01 5.41529e-17 3.22805e-03 
4270.00 3.55832e-05 7.78418e-01 5.33864e-17 3.17862e-03 
4279.01 3.55833e-05 7.79943e-01 4.90619e-17 2.93306e-03 
4289.80 3.55800e-05 7.81760e-01 4.42488e-17 2.65792e-03 
4290.00 3.55714e-05 7.81794e-01 4.41649e-17 2.65247e-03 
4295.89 3.50893e-05 7.82823e-01 4.17035e-17 2.47735e-03 
4310.00 3.21386e-05 7.85347e-01 3.62512e-17 1.98523e-03 
4311.25 3.17516e-05 7.85570e-01 3.57963e-17 1.93783e-03 
4312.78 3.12546e-05 7.85841e-01 3.52489e-17 1.87964e-03 
4329.68 2.45699e-05 7.88782e-01 2.96288e-17 1.25156e-03 
4330.00 2.44341e-05 7.88837e-01 2.95295e-17 1.24065e-03 
4332.81 2.32650e-05 7.89320e-01 2.86739e-17 1.14851e-03 
4346.59 2.02103e-05 7.91681e-01 2.47701e-17 8.67208e-04 
4350.00 2.08186e-05 7.92262e-01 2.38766e-17 8.62392e-04 
4354.47 2.27315e-05 7.93020e-01 2.27458e-17 8.98821e-04 
4363.51 2.85608e-05 7.94541e-01 2.05987e-17 1.02680e-03 
4370.00 3.22211e-05 7.95623e-01 1.91675e-17 1.08098e-03 
4376.25 3.38886e-05 7.96660e-01 1.78708e-17 1.06291e-03 
4380.45 3.41592e-05 7.97356e-01 1.70411e-17 1.02353e-03 
4390.00 3.36675e-05 7.98926e-01 1.52800e-17 9.08298e-04 
4397.40 3.34215e-05 8.00132e-01 1.40268e-17 8.30356e-04 
4398.13 3.34136e-05 8.00250e-01 1.39084e-17 8.23415e-04 
4410.00 3.33921e-05 8.02159e-01 1.20989e-17 7.19467e-04 
4414.36 3.33256e-05 8.02855e-01 1.14887e-17 6.83090e-04 
4420.12 3.31921e-05 8.03770e-01 1.07244e-17 6.36642e-04 
4430.00 3.30592e-05 8.05334e-01 9.51760e-18 5.65097e-04 
4431.33 3.30681e-05 8.05544e-01 9.36478e-18 5.56485e-04 
4442.22 3.33363e-05 8.07250e-01 8.19421e-18 4.93123e-04 
4448.31 3.35056e-05 8.08196e-01 7.59792e-18 4.60731e-04 
4450.00 3.35377e-05 8.08457e-01 7.44005e-18 4.51907e-04 
4464.43 3.34497e-05 8.10670e-01 6.20561e-18 3.78191e-04 
4465.31 3.34270e-05 8.10804e-01 6.13669e-18 3.73871e-04 
4470.00 3.32805e-05 8.11518e-01 5.78111e-18 3.51342e-04 
4482.32 3.28547e-05 8.13377e-01 4.93512e-18 2.97586e-04 
4486.75 3.27912e-05 8.14040e-01 4.65951e-18 2.80931e-04 
4490.00 3.28093e-05 8.14524e-01 4.46666e-18 2.69807e-04 
4499.34 3.31405e-05 8.15905e-01 3.95269e-18 2.42083e-04 
4509.19 3.34191e-05 8.17350e-01 3.47047e-18 2.15185e-04 
4510.00 3.34163e-05 8.17469e-01 3.43313e-18 2.12922e-04 
4516.37 3.32152e-05 8.18399e-01 3.15402e-18 1.94930e-04 
4530.00 3.22554e-05 8.20372e-01 2.62676e-18 1.58509e-04 
4531.73 3.21370e-05 8.20620e-01 2.56613e-18 1.54388e-04 
4533.41 3.20305e-05 8.20861e-01 2.50850e-18 1.50521e-04 
4550.00 3.16574e-05 8.23213e-01 2.00272e-18 1.19548e-04 
4550.47 3.16703e-05 8.23279e-01 1.98998e-18 1.18858e-04 
4554.39 3.18273e-05 8.23830e-01 1.88635e-18 1.13400e-04 
4567.54 3.23873e-05 8.25663e-01 1.57625e-18 9.69190e-05 
4570.00 3.23838e-05 8.26005e-01 1.52406e-18 9.37889e-05 
4577.16 3.20632e-05 8.26990e-01 1.38207e-18 8.44415e-05 
4584.62 3.15535e-05 8.28006e-01 1.24866e-18 7.52922e-05 
4590.00 3.13243e-05 8.28736e-01 1.16071e-18 6.96241e-05 
4600.05 3.14999e-05 8.30090e-01 1.01389e-18 6.13920e-05 
4601.71 3.15620e-05 8.30313e-01 9.91655e-19 6.02017e-05 
4610.00 3.17383e-05 8.31426e-01 8.88528e-19 5.44130e-05 
4618.81 3.14168e-05 8.32600e-01 7.92430e-19 4.81961e-05 
4623.05 3.11671e-05 8.33160e-01 7.50774e-19 4.53718e-05 
4630.00 3.08322e-05 8.34070e-01 6.88321e-19 4.12574e-05 
4635.93 3.07517e-05 8.34840e-01 6.40507e-19 3.83756e-05 
4646.16 3.08972e-05 8.36160e-01 5.68719e-19 3.43656e-05 
4650.00 3.09628e-05 8.36654e-01 5.45068e-19 3.30532e-05 
4653.06 3.09942e-05 8.37046e-01 5.27423e-19 3.20516e-05 
4669.39 3.07794e-05 8.39130e-01 4.49575e-19 2.72945e-05 
4670.00 3.07586e-05 8.39207e-01 4.47184e-19 2.71369e-05 
4670.20 3.07516e-05 8.39231e-01 4.46415e-19 2.70861e-05 
4687.35 2.97944e-05 8.41375e-01 3.92159e-19 2.31973e-05 
4690.00 2.95919e-05 8.41702e-01 3.85883e-19 2.26925e-05 
4692.74 2.93713e-05 8.42040e-01 3.79948e-19 2.21988e-05 
4704.51 2.85795e-05 8.43482e-01 3.60530e-19 2.05831e-05 
4710.00 2.84944e-05 8.44149e-01 3.54659e-19 2.02271e-05 
4716.20 2.87314e-05 8.44900e-01 3.50308e-19 2.01897e-05 
4721.69 2.91090e-05 8.45561e-01 3.48402e-19 2.03832e-05 
4730.00 2.96284e-05 8.46557e-01 3.48819e-19 2.08328e-05 
4738.88 2.97365e-05 8.47613e-01 3.53472e-19 2.12541e-05 
4739.79 2.97246e-05 8.47720e-01 3.54183e-19 2.12950e-05 
4750.00 2.94499e-05 8.48922e-01 3.65117e-19 2.18273e-05 
4756.08 2.92650e-05 8.49632e-01 3.74113e-19 2.22718e-05 
4763.48 2.90661e-05 8.50490e-01 3.87496e-19 2.29705e-05 
4770.00 2.89194e-05 8.51240e-01 4.01436e-19 2.37300e-05 
4773.29 2.88558e-05 8.51617e-01 4.09241e-19 2.41656e-05 
4787.30 2.85628e-05 8.53210e-01 4.48032e-19 2.63136e-05 
4790.00 2.84822e-05 8.53515e-01 4.56535e-19 2.67620e-05 
4790.52 2.84652e-05 8.53573e-01 4.58210e-19 2.68489e-05 
4807.76 2.77594e-05 8.55504e-01 5.20716e-19 2.99295e-05 
4810.00 2.76718e-05 8.55753e-01 5.29835e-19 3.03805e-05 
4811.24 2.76259e-05 8.55890e-01 5.34967e-19 3.06367e-05 
4825.01 2.67625e-05 8.57403e-01 5.96718e-19 3.32585e-05 
4830.00 2.60113e-05 8.57946e-01 6.21240e-19 3.37094e-05 
4835.29 2.48054e-05 8.58520e-01 6.48492e-19 3.36161e-05 
4842.27 2.26955e-05 8.59272e-01 6.86370e-19 3.26288e-05 
4850.00 1.99383e-05 8.60102e-01 7.30990e-19 3.06065e-05 
4859.47 1.67426e-05 8.61110e-01 7.89486e-19 2.78445e-05 
4859.54 1.67236e-05 8.61118e-01 7.89956e-19 2.78301e-05 
4870.00 1.59879e-05 8.62221e-01 8.59534e-19 2.90486e-05 
4876.83 1.82071e-05 8.62937e-01 9.07843e-19 3.50181e-05 
4883.77 2.15768e-05 8.63660e-01 9.59235e-19 4.39475e-05 
4890.00 2.42569e-05 8.64306e-01 1.00743e-18 5.19934e-05 
4894.13 2.53439e-05 8.64732e-01 1.04043e-18 5.61780e-05 
4908.19 2.60092e-05 8.66170e-01 1.15918e-18 6.45248e-05 
4910.00 2.59546e-05 8.66354e-01 1.17523e-18 6.53186e-05 
4911.44 2.59156e-05 8.66500e-01 1.18811e-18 6.59656e-05 
4928.77 2.58051e-05 8.68237e-01 1.35123e-18 7.51160e-05 
4930.00 2.58180e-05 8.68359e-01 1.36344e-18 7.58629e-05 
4932.73 2.58542e-05 8.68630e-01 1.39072e-18 7.75560e-05 
4946.10 2.61168e-05 8.69949e-01 1.53005e-18 8.65575e-05 
4950.00 2.61968e-05 8.70330e-01 1.57242e-18 8.93368e-05 
4957.39 2.63162e-05 8.71050e-01 1.65496e-18 9.46739e-05 
4963.45 2.63539e-05 8.71636e-01 1.72474e-18 9.89946e-05 
4970.00 2.62998e-05 8.72267e-01 1.80235e-18 1.03448e-04 
4980.81 2.59562e-05 8.73300e-01 1.93534e-18 1.09998e-04 
4982.18 2.58948e-05 8.73430e-01 1.95260e-18 1.10763e-04 
4990.00 2.54944e-05 8.74171e-01 2.05315e-18 1.14944e-04 
4998.18 2.50530e-05 8.74940e-01 2.16172e-18 1.19227e-04 
5007.09 2.47457e-05 8.75770e-01 2.28373e-18 1.24751e-04 
5010.00 2.47245e-05 8.76039e-01 2.32447e-18 1.26980e-04 
5015.57 2.48125e-05 8.76552e-01 2.40360e-18 1.31994e-04 
5030.00 2.51698e-05 8.77867e-01 2.61567e-18 1.46347e-04 
5032.12 2.51575e-05 8.78060e-01 2.64774e-18 1.48163e-04 
5032.97 2.51458e-05 8.78136e-01 2.66051e-18 1.48847e-04 
5050.00 2.46880e-05 8.79670e-01 2.92578e-18 1.61533e-04 
5050.38 2.46849e-05 8.79704e-01 2.93181e-18 1.61864e-04 
5057.29 2.47342e-05 8.80320e-01 3.04320e-18 1.68698e-04 
5067.80 2.49313e-05 8.81250e-01 3.21664e-18 1.80298e-04 
5070.00 2.49469e-05 8.81443e-01 3.25349e-18 1.82597e-04 
5082.57 2.47581e-05 8.82540e-01 3.46780e-18 1.93871e-04 
5085.24 2.46949e-05 8.82771e-01 3.51398e-18 1.96105e-04 
5090.00 2.46011e-05 8.83183e-01 3.59721e-18 2.00268e-04 
5102.68 2.45288e-05 8.84270e-01 3.82261e-18 2.12982e-04 
5107.98 2.45044e-05 8.84720e-01 3.91837e-18 2.18438e-04 
5110.00 2.44849e-05 8.84891e-01 3.95500e-18 2.20434e-04 
5120.14 2.42824e-05 8.85744e-01 4.14115e-18 2.29576e-04 
5130.00 2.40121e-05 8.86567e-01 4.32466e-18 2.37758e-04 
5133.52 2.39214e-05 8.86860e-01 4.39086e-18 2.40730e-04 
5137.62 2.38218e-05 8.87199e-01 4.46806e-18 2.44230e-04 
5150.00 2.35179e-05 8.88219e-01 4.70376e-18 2.54738e-04 
5155.10 2.33754e-05 8.88637e-01 4.80165e-18 2.58842e-04 
5159.19 2.32571e-05 8.88970e-01 4.88044e-18 2.62064e-04 
5170.00 2.29702e-05 8.89844e-01 5.08965e-18 2.70757e-04 
5172.60 2.29147e-05 8.90053e-01 5.14016e-18 2.72985e-04 
5184.99 2.27576e-05 8.91040e-01 5.38164e-18 2.84846e-04 
5190.00 2.27519e-05 8.91436e-01 5.47956e-18 2.90365e-04 
5190.11 2.27522e-05 8.91445e-01 5.48170e-18 2.90491e-04 
5207.63 2.28216e-05 8.92815e-01 5.82437e-18 3.11115e-04 
5210.00 2.27983e-05 8.92999e-01 5.87064e-18 3.13473e-04 
5210.91 2.27849e-05 8.93070e-01 5.88848e-18 3.14321e-04 
5225.17 2.24910e-05 8.94170e-01 6.16624e-18 3.26191e-04 
5230.00 2.24878e-05 8.94540e-01 6.26001e-18 3.31548e-04 
5236.97 2.26553e-05 8.95070e-01 6.39475e-18 3.41865e-04 
5242.72 2.28109e-05 8.95504e-01 6.50539e-18 3.50721e-04 
5250.00 2.27866e-05 8.96051e-01 6.64487e-18 3.58576e-04 
5260.28 2.21206e-05 8.96817e-01 6.83997e-18 3.59324e-04 
5263.15 2.19023e-05 8.97030e-01 6.89421e-18 3.58882e-04 
5270.00 2.15605e-05 8.97536e-01 7.02254e-18 3.60528e-04 
5277.85 2.16760e-05 8.98113e-01 7.16823e-18 3.70769e-04 
5289.47 2.22077e-05 8.98960e-01 7.38091e-18 3.92364e-04 
5290.00 2.22235e-05 8.98998e-01 7.39055e-18 3.93212e-04 
5295.43 2.22900e-05 8.99390e-01 7.48857e-18 4.00204e-04 
5310.00 2.18717e-05 9.00431e-01 7.74669e-18 4.07819e-04 
5313.03 2.17296e-05 9.00646e-01 7.79953e-18 4.08263e-04 
5315.92 2.15938e-05 9.00850e-01 7.84948e-18 4.08625e-04 
5330.00 2.11905e-05 9.01841e-01 8.08913e-18 4.14786e-04 
5330.64 2.11917e-05 9.01886e-01 8.09989e-18 4.15432e-04 
5342.50 2.14630e-05 9.02710e-01 8.29546e-18 4.32262e-04 
5348.27 2.16054e-05 9.03107e-01 8.38867e-18 4.40687e-04 
5350.00 2.16276e-05 9.03226e-01 8.41642e-18 4.42801e-04 
5365.90 2.13974e-05 9.04307e-01 8.66518e-18 4.52919e-04 
5369.21 2.13255e-05 9.04530e-01 8.71558e-18 4.54415e-04 
5370.00 2.13108e-05 9.04583e-01 8.72759e-18 4.54820e-04 
5383.55 2.11750e-05 9.05494e-01 8.92901e-18 4.63986e-04 
5390.00 2.10974e-05 9.05922e-01 9.02218e-18 4.67890e-04 
5396.05 2.09656e-05 9.06320e-01 9.10809e-18 4.70128e-04 
5401.21 2.08323e-05 9.06656e-01 9.18011e-18 4.71457e-04 
5410.00 2.06511e-05 9.07222e-01 9.30031e-18 4.74542e-04 
5418.89 2.06153e-05 9.07793e-01 9.41876e-18 4.80843e-04 
5423.03 2.06344e-05 9.08060e-01 9.47300e-18 4.84575e-04 
5430.00 2.06791e-05 9.08510e-01 9.56265e-18 4.91093e-04 
5436.57 2.07028e-05 9.08936e-01 9.64563e-18 4.96754e-04 
5450.00 2.06573e-05 9.09800e-01 9.81050e-18 5.05860e-04 
5450.15 2.06560e-05 9.09810e-01 9.81231e-18 5.05940e-04 
5454.27 2.06135e-05 9.10072e-01 9.86175e-18 5.07975e-04 
5470.00 2.04159e-05 9.11060e-01 1.00458e-17 5.14529e-04 
5471.99 2.03965e-05 9.11184e-01 1.00685e-17 5.15461e-04 
5477.40 2.03545e-05 9.11520e-01 1.01301e-17 5.18250e-04 
5489.71 2.02903e-05 9.12281e-01 1.02678e-17 5.25253e-04 
5490.00 2.02889e-05 9.12299e-01 1.02710e-17 5.25418e-04 
5504.79 2.01861e-05 9.13200e-01 1.04329e-17 5.32950e-04 
5507.45 2.01569e-05 9.13360e-01 1.04617e-17 5.34002e-04 
5510.00 2.01245e-05 9.13512e-01 1.04893e-17 5.34885e-04 
5525.20 1.98946e-05 9.14412e-01 1.06528e-17 5.39031e-04 
5530.00 1.98481e-05 9.14694e-01 1.07044e-17 5.41009e-04 
5532.31 1.98364e-05 9.14830e-01 1.07292e-17 5.42251e-04 
5542.96 1.98303e-05 9.15457e-01 1.08440e-17 5.49317e-04 
5550.00 1.98073e-05 9.15870e-01 1.09205e-17 5.53499e-04 
5559.97 1.96743e-05 9.16450e-01 1.10300e-17 5.56648e-04 
5560.74 1.96608e-05 9.16494e-01 1.10385e-17 5.56799e-04 
5570.00 1.94944e-05 9.17026e-01 1.11422e-17 5.58524e-04 
5578.53 1.93735e-05 9.17510e-01 1.12398e-17 5.61075e-04 
5587.77 1.92835e-05 9.18030e-01 1.13483e-17 5.65115e-04 
5590.00 1.92671e-05 9.18155e-01 1.13749e-17 5.66259e-04 
5596.33 1.92291e-05 9.18509e-01 1.14517e-17 5.69822e-04 
5610.00 1.91811e-05 9.19266e-01 1.16240e-17 5.78837e-04 
5614.14 1.91722e-05 9.19494e-01 1.16782e-17 5.81840e-04 
5615.71 1.91689e-05 9.19580e-01 1.16989e-17 5.82991e-04 
5630.00 1.91158e-05 9.20357e-01 1.18953e-17 5.93137e-04 
5631.97 1.91020e-05 9.20464e-01 1.19235e-17 5.94392e-04 
5643.79 1.89806e-05 9.21100e-01 1.20985e-17 6.00953e-04 
5649.81 1.88967e-05 9.21423e-01 1.21919e-17 6.03773e-04 
5650.00 1.88939e-05 9.21433e-01 1.21949e-17 6.03857e-04 
5667.66 1.86428e-05 9.22372e-01 1.24879e-17 6.12683e-04 
5670.00 1.86227e-05 9.22495e-01 1.25289e-17 6.14364e-04 
5672.01 1.86099e-05 9.22600e-01 1.25646e-17 6.15978e-04 
5685.53 1.85728e-05 9.23301e-01 1.28160e-17 6.29024e-04 
5690.00 1.85515e-05 9.23531e-01 1.29036e-17 6.33251e-04 
5700.37 1.84497e-05 9.24060e-01 1.31159e-17 6.41673e-04 
5703.41 1.84180e-05 9.24215e-01 1.31807e-17 6.44184e-04 
5710.00 1.83705e-05 9.24549e-01 1.33251e-17 6.50553e-04 
5721.30 1.83758e-05 9.25120e-01 1.35864e-17 6.65221e-04 
5728.87 1.83673e-05 9.25500e-01 1.37713e-17 6.75131e-04 
5730.00 1.83604e-05 9.25557e-01 1.37996e-17 6.76440e-04 
5739.21 1.82458e-05 9.26016e-01 1.40374e-17 6.85242e-04 
5750.00 1.80825e-05 9.26551e-01 1.43328e-17 6.95104e-04 
5757.13 1.80238e-05 9.26901e-01 1.45380e-17 7.03900e-04 
5757.52 1.80216e-05 9.26920e-01 1.45494e-17 7.04433e-04 
5770.00 1.79610e-05 9.27527e-01 1.49302e-17 7.22471e-04 
5775.06 1.79205e-05 9.27771e-01 1.50920e-17 7.29486e-04 
5786.30 1.78044e-05 9.28310e-01 1.54683e-17 7.44710e-04 
5790.00 1.77679e-05 9.28487e-01 1.55970e-17 7.49989e-04 
5793.00 1.77417e-05 9.28630e-01 1.57033e-17 7.54492e-04 
5810.00 1.76341e-05 9.29435e-01 1.63377e-17 7.83186e-04 
5810.96 1.76291e-05 9.29480e-01 1.63751e-17 7.84919e-04 
5815.23 1.76061e-05 9.29680e-01 1.65443e-17 7.92750e-04 
5828.93 1.75107e-05 9.30315e-01 1.71106e-17 8.17920e-04 
5830.00 1.75007e-05 9.30365e-01 1.71566e-17 8.19842e-04 
5844.31 1.73464e-05 9.31020e-01 1.77923e-17 8.45387e-04 
5846.91 1.73220e-05 9.31138e-01 1.79123e-17 8.50381e-04 
5850.00 1.72980e-05 9.31279e-01 1.80569e-17 8.56635e-04 
5864.91 1.72132e-05 9.31954e-01 1.87825e-17 8.89599e-04 
5870.00 1.71512e-05 9.32182e-01 1.90414e-17 8.99612e-04 
5873.53 1.70865e-05 9.32340e-01 1.92242e-17 9.05517e-04 
5882.91 1.68826e-05 9.32756e-01 1.97229e-17 9.19801e-04 
5890.00 1.67772e-05 9.33068e-01 2.01121e-17 9.33534e-04 
5900.94 1.67927e-05 9.33545e-01 2.07346e-17 9.65595e-04 
5902.90 1.68065e-05 9.33630e-01 2.08491e-17 9.72138e-04 
5910.00 1.68427e-05 9.33936e-01 2.12703e-17 9.95436e-04 
5918.97 1.68068e-05 9.34320e-01 2.18183e-17 1.02087e-03 
5930.00 1.66936e-05 9.34788e-01 2.25161e-17 1.04890e-03 
5932.41 1.66692e-05 9.34890e-01 2.26724e-17 1.05518e-03 
5937.02 1.66270e-05 9.35084e-01 2.29742e-17 1.06757e-03 
5950.00 1.65321e-05 9.35629e-01 2.38492e-17 1.10496e-03 
5955.08 1.65013e-05 9.35840e-01 2.42017e-17 1.12041e-03 
5962.08 1.64593e-05 9.36130e-01 2.46958e-17 1.14207e-03 
5970.00 1.64045e-05 9.36456e-01 2.52681e-17 1.16660e-03 
5973.16 1.63786e-05 9.36586e-01 2.54998e-17 1.17622e-03 
5990.00 1.62053e-05 9.37273e-01 2.67706e-17 1.22611e-03 
5991.24 1.61908e-05 9.37324e-01 2.68667e-17 1.22974e-03 
5991.89 1.61832e-05 9.37350e-01 2.69165e-17 1.23161e-03 
6009.34 1.60016e-05 9.38059e-01 2.83003e-17 1.28510e-03 
6010.00 1.59970e-05 9.38086e-01 2.83534e-17 1.28731e-03 
6021.85 1.59420e-05 9.38560e-01 2.93272e-17 1.33024e-03 
6027.46 1.59223e-05 9.38782e-01 2.97977e-17 1.35148e-03 
6030.00 1.59116e-05 9.38881e-01 3.00126e-17 1.36103e-03 
6045.59 1.58189e-05 9.39485e-01 3.13554e-17 1.41821e-03 
6050.00 1.57942e-05 9.39655e-01 3.17432e-17 1.43481e-03 
6051.96 1.57848e-05 9.39730e-01 3.19160e-17 1.44234e-03 
6063.73 1.57362e-05 9.40180e-01 3.29694e-17 1.48897e-03 
6070.00 1.57025e-05 9.40419e-01 3.35396e-17 1.51343e-03 
6081.88 1.56042e-05 9.40867e-01 3.46352e-17 1.55685e-03 
6082.21 1.56010e-05 9.40880e-01 3.46664e-17 1.55805e-03 
6090.00 1.55286e-05 9.41171e-01 3.53954e-17 1.58594e-03 
6100.05 1.54445e-05 9.41543e-01 3.63478e-17 1.62311e-03 
6110.00 1.53561e-05 9.41905e-01 3.73033e-17 1.65959e-03 
6112.63 1.53290e-05 9.42000e-01 3.75573e-17 1.66883e-03 
6118.23 1.52652e-05 9.42200e-01 3.81015e-17 1.68787e-03 
6130.00 1.51075e-05 9.42614e-01 3.92557e-17 1.72510e-03 
6136.42 1.50123e-05 9.42837e-01 3.98906e-17 1.74418e-03 
6143.19 1.49177e-05 9.43070e-01 4.05636e-17 1.76481e-03 
6150.00 1.48432e-05 9.43303e-01 4.12442e-17 1.78788e-03 
6154.63 1.48109e-05 9.43461e-01 4.17085e-17 1.80574e-03 
6170.00 1.48002e-05 9.43980e-01 4.32599e-17 1.87727e-03 
6172.85 1.48109e-05 9.44075e-01 4.35485e-17 1.89222e-03 
6173.91 1.48155e-05 9.44110e-01 4.36559e-17 1.89787e-03 
6190.00 1.48638e-05 9.44643e-01 4.52936e-17 1.98175e-03 
6191.08 1.48620e-05 9.44680e-01 4.54038e-17 1.98675e-03 
6204.77 1.47810e-05 9.45150e-01 4.68019e-17 2.04230e-03 
6209.33 1.47452e-05 9.45313e-01 4.72669e-17 2.05945e-03 
6210.00 1.47402e-05 9.45338e-01 4.73357e-17 2.06202e-03 
6227.59 1.45827e-05 9.45988e-01 4.91305e-17 2.12480e-03 
6230.00 1.45454e-05 9.46077e-01 4.93764e-17 2.13100e-03 
6235.80 1.44340e-05 9.46290e-01 4.99664e-17 2.14241e-03 
6245.86 1.42519e-05 9.46649e-01 5.09870e-17 2.16289e-03 
6250.00 1.42171e-05 9.46794e-01 5.14057e-17 2.17711e-03 
6264.15 1.43163e-05 9.47275e-01 5.28287e-17 2.25924e-03 
6266.98 1.43451e-05 9.47370e-01 5.31119e-17 2.27717e-03 
6270.00 1.43669e-05 9.47471e-01 5.34135e-17 2.29494e-03 
6282.45 1.43298e-05 9.47879e-01 5.46478e-17 2.34757e-03 
6290.00 1.42449e-05 9.48124e-01 5.53900e-17 2.36881e-03 
6298.31 1.41394e-05 9.48390e-01 5.61999e-17 2.38947e-03 
6300.76 1.41102e-05 9.48468e-01 5.64368e-17 2.39572e-03 
6310.00 1.40250e-05 9.48760e-01 5.73252e-17 2.42302e-03 
6319.09 1.39909e-05 9.49045e-01 5.81881e-17 2.45779e-03 
6329.80 1.39477e-05 9.49380e-01 5.91912e-17 2.49755e-03 
6330.00 1.39463e-05 9.49386e-01 5.92094e-17 2.49815e-03 
6337.43 1.38713e-05 9.49618e-01 5.98942e-17 2.51702e-03 
6350.00 1.37212e-05 9.50009e-01 6.10333e-17 2.54321e-03 
6355.78 1.36759e-05 9.50187e-01 6.15479e-17 2.55901e-03 
6361.45 1.36498e-05 9.50360e-01 6.20471e-17 2.57760e-03 
6370.00 1.36351e-05 9.50618e-01 6.27879e-17 2.60978e-03 
6374.15 1.36346e-05 9.50743e-01 6.31422e-17 2.62645e-03 
6390.00 1.35913e-05 9.51214e-01 6.44646e-17 2.68093e-03 
6392.53 1.35682e-05 9.51288e-01 6.46706e-17 2.68619e-03 
6393.26 1.35606e-05 9.51310e-01 6.47300e-17 2.68752e-03 
6410.00 1.33775e-05 9.51804e-01 6.60554e-17 2.71402e-03 
6410.92 1.33723e-05 9.51831e-01 6.61265e-17 2.71635e-03 
6425.23 1.33424e-05 9.52250e-01 6.72042e-17 2.76180e-03 
6429.33 1.33196e-05 9.52369e-01 6.75041e-17 2.77149e-03 
6430.00 1.33139e-05 9.52388e-01 6.75527e-17 2.77266e-03 
6447.75 1.30715e-05 9.52898e-01 6.87978e-17 2.78149e-03 
6450.00 1.30520e-05 9.52962e-01 6.89497e-17 2.78462e-03 
6457.35 1.30347e-05 9.53170e-01 6.94368e-17 2.80440e-03 
6466.18 1.30435e-05 9.53419e-01 7.00025e-17 2.83375e-03 
6470.00 1.30320e-05 9.53526e-01 7.02402e-17 2.84286e-03 
6484.63 1.28549e-05 9.53932e-01 7.11136e-17 2.84673e-03 
6489.64 1.27884e-05 9.54070e-01 7.13984e-17 2.84596e-03 
6490.00 1.27843e-05 9.54080e-01 7.14186e-17 2.84604e-03 
6503.09 1.26839e-05 9.54437e-01 7.21271e-17 2.85853e-03 
6510.00 1.26307e-05 9.54624e-01 7.24802e-17 2.86408e-03 
6521.57 1.24438e-05 9.54936e-01 7.30392e-17 2.84943e-03 
6522.09 1.24306e-05 9.54950e-01 7.30634e-17 2.84763e-03 
6530.00 1.21567e-05 9.55162e-01 7.34208e-17 2.80253e-03 
6540.06 1.15362e-05 9.55431e-01 7.38471e-17 2.67978e-03 
6550.00 1.04371e-05 9.55696e-01 7.42373e-17 2.44167e-03 
6554.70 9.72028e-06 9.55820e-01 7.44108e-17 2.28122e-03 
6558.56 9.13229e-06 9.55922e-01 7.45481e-17 2.14867e-03 
6570.00 8.33614e-06 9.56221e-01 7.49270e-17 1.97538e-03 
6577.08 9.12124e-06 9.56404e-01 7.51404e-17 2.17033e-03 
6587.47 1.10294e-05 9.56670e-01 7.54245e-17 2.63919e-03 
6590.00 1.14052e-05 9.56734e-01 7.54884e-17 2.73265e-03 
6595.61 1.19126e-05 9.56875e-01 7.56225e-17 2.86215e-03 
6610.00 1.20365e-05 9.57233e-01 7.59202e-17 2.91072e-03 
6614.15 1.20277e-05 9.57336e-01 7.59935e-17 2.91354e-03 
6620.41 1.20625e-05 9.57490e-01 7.60936e-17 2.92906e-03 
6630.00 1.21419e-05 9.57726e-01 7.62223e-17 2.95834e-03 
6632.71 1.21533e-05 9.57792e-01 7.62532e-17 2.96372e-03 
6650.00 1.21081e-05 9.58215e-01 7.63952e-17 2.96721e-03 
6651.28 1.21013e-05 9.58246e-01 7.64018e-17 2.96649e-03 
6653.51 1.20897e-05 9.58300e-01 7.64122e-17 2.96519e-03 
6669.86 1.20183e-05 9.58697e-01 7.64400e-17 2.95724e-03 
6670.00 1.20179e-05 9.58700e-01 7.64399e-17 2.95720e-03 
6686.78 1.19781e-05 9.59110e-01 7.63799e-17 2.95377e-03 
6688.46 1.19732e-05 9.59151e-01 7.63690e-17 2.95300e-03 
6690.00 1.19681e-05 9.59189e-01 7.63583e-17 2.95213e-03 
6707.07 1.18889e-05 9.59611e-01 7.61905e-17 2.93490e-03 
6710.00 1.18755e-05 9.59683e-01 7.61528e-17 2.93165e-03 
6720.21 1.18351e-05 9.59930e-01 7.60010e-17 2.92102e-03 
6725.70 1.18103e-05 9.60060e-01 7.59066e-17 2.91407e-03 
6730.00 1.17855e-05 9.60161e-01 7.58264e-17 2.90704e-03 
6744.33 1.16777e-05 9.60492e-01 7.55200e-17 2.87590e-03 
6750.00 1.16463e-05 9.60622e-01 7.53826e-17 2.86576e-03 
6753.81 1.16352e-05 9.60710e-01 7.52850e-17 2.86120e-03 
6762.99 1.16278e-05 9.60921e-01 7.50335e-17 2.85431e-03 
6770.00 1.16192e-05 9.61083e-01 7.48255e-17 2.84773e-03 
6781.65 1.15665e-05 9.61348e-01 7.44504e-17 2.82624e-03 
6787.58 1.15313e-05 9.61480e-01 7.42457e-17 2.81274e-03 
6790.00 1.15176e-05 9.61533e-01 7.41595e-17 2.80729e-03 
6800.33 1.14676e-05 9.61757e-01 7.37744e-17 2.78545e-03 
6810.00 1.14225e-05 9.61964e-01 7.33896e-17 2.76456e-03 
6819.03 1.13724e-05 9.62157e-01 7.30093e-17 2.74235e-03 
6821.52 1.13578e-05 9.62210e-01 7.29009e-17 2.73591e-03 
6830.00 1.13094e-05 9.62393e-01 7.25209e-17 2.71394e-03 
6837.74 1.12708e-05 9.62562e-01 7.21595e-17 2.69470e-03 
6850.00 1.12200e-05 9.62829e-01 7.15589e-17 2.66575e-03 
6855.63 1.11998e-05 9.62950e-01 7.12721e-17 2.65281e-03 
6856.46 1.11969e-05 9.62968e-01 7.12292e-17 2.65090e-03 
6870.00 1.11485e-05 9.63256e-01 7.05093e-17 2.61870e-03 
6875.19 1.11274e-05 9.63365e-01 7.02232e-17 2.60540e-03 
6889.91 1.10616e-05 9.63670e-01 6.93837e-17 2.56531e-03 
6890.00 1.10612e-05 9.63672e-01 6.93782e-17 2.56505e-03 
6893.94 1.10431e-05 9.63753e-01 6.91461e-17 2.55396e-03 
6910.00 1.09679e-05 9.64081e-01 6.81716e-17 2.50752e-03 
6912.71 1.09547e-05 9.64136e-01 6.80028e-17 2.49942e-03 
6924.36 1.08980e-05 9.64370e-01 6.72624e-17 2.46415e-03 
6930.00 1.08725e-05 9.64483e-01 6.68957e-17 2.44724e-03 
6931.49 1.08661e-05 9.64512e-01 6.67984e-17 2.44285e-03 
6950.00 1.07892e-05 9.64876e-01 6.55567e-17 2.38774e-03 
6950.28 1.07879e-05 9.64882e-01 6.55378e-17 2.38687e-03 
6958.98 1.07453e-05 9.65050e-01 6.49368e-17 2.35899e-03 
6969.08 1.07000e-05 9.65243e-01 6.42261e-17 2.32718e-03 
6970.00 1.06966e-05 9.65260e-01 6.41609e-17 2.32444e-03 
6987.90 1.06340e-05 9.65593e-01 6.28685e-17 2.27089e-03 
6990.00 1.06218e-05 9.65632e-01 6.27146e-17 2.26350e-03 
6993.77 1.05950e-05 9.65700e-01 6.24366e-17 2.24915e-03 
7006.73 1.04889e-05 9.65932e-01 6.14700e-17 2.19674e-03 
7010.00 1.04681e-05 9.65990e-01 6.12238e-17 2.18476e-03 
7025.58 1.04273e-05 9.66271e-01 6.00355e-17 2.13937e-03 
7028.74 1.04230e-05 9.66330e-01 5.97920e-17 2.13090e-03 
7030.00 1.04210e-05 9.66354e-01 5.96947e-17 2.12745e-03 
7044.44 1.03791e-05 9.66630e-01 5.85701e-17 2.08385e-03 
7050.00 1.03564e-05 9.66739e-01 5.81333e-17 2.06565e-03 
7063.32 1.03004e-05 9.66999e-01 5.70784e-17 2.02155e-03 
7063.88 1.02984e-05 9.67010e-01 5.70333e-17 2.01974e-03 
7070.00 1.02810e-05 9.67128e-01 5.65453e-17 2.00105e-03 
7082.21 1.02553e-05 9.67361e-01 5.55654e-17 1.96531e-03 
7090.00 1.02012e-05 9.67508e-01 5.49363e-17 1.93524e-03 
7099.20 1.00723e-05 9.67680e-01 5.41903e-17 1.88763e-03 
7101.11 1.00435e-05 9.67715e-01 5.40355e-17 1.87741e-03 
7110.00 9.94334e-06 9.67879e-01 5.33118e-17 1.83641e-03 
7120.03 9.94572e-06 9.68059e-01 5.24931e-17 1.81153e-03 
7130.00 9.98616e-06 9.68231e-01 5.16770e-17 1.79344e-03 
7134.70 9.98606e-06 9.68310e-01 5.12918e-17 1.78138e-03 
7138.96 9.97415e-06 9.68379e-01 5.09426e-17 1.76832e-03 
7150.00 9.92117e-06 9.68551e-01 5.00368e-17 1.73063e-03 
7157.90 9.88886e-06 9.68665e-01 4.93881e-17 1.70471e-03 
7170.00 9.84450e-06 9.68825e-01 4.83959e-17 1.66606e-03 
7170.37 9.84294e-06 9.68830e-01 4.83652e-17 1.66483e-03 
7176.86 9.81342e-06 9.68908e-01 4.78334e-17 1.64321e-03 
7190.00 9.75370e-06 9.69052e-01 4.67588e-17 1.59968e-03 
7195.84 9.73399e-06 9.69113e-01 4.62822e-17 1.58156e-03 
7206.23 9.70589e-06 9.69220e-01 4.54363e-17 1.55057e-03 
7210.00 9.69549e-06 9.69259e-01 4.51296e-17 1.53932e-03 
7214.83 9.68048e-06 9.69308e-01 4.47381e-17 1.52471e-03 
7230.00 9.61752e-06 9.69446e-01 4.35123e-17 1.47659e-03 
7233.83 9.59755e-06 9.69474e-01 4.32044e-17 1.46392e-03 
7242.26 9.55397e-06 9.69520e-01 4.25286e-17 1.43621e-03 
7250.00 9.52489e-06 9.69544e-01 4.19105e-17 1.41257e-03 
7252.84 9.51897e-06 9.69551e-01 4.16842e-17 1.40463e-03 
7270.00 9.49005e-06 9.69642e-01 4.03275e-17 1.35812e-03 
7271.87 9.48196e-06 9.69662e-01 4.01802e-17 1.35239e-03 
7278.47 9.44382e-06 9.69760e-01 3.96637e-17 1.33097e-03 
7290.00 9.37296e-06 9.70036e-01 3.87664e-17 1.29351e-03 
7290.92 9.36875e-06 9.70062e-01 3.86953e-17 1.29076e-03 
7309.98 9.31924e-06 9.70669e-01 3.72318e-17 1.23938e-03 
7310.00 9.31918e-06 9.70670e-01 3.72300e-17 1.23932e-03 
7314.86 9.30401e-06 9.70820e-01 3.68607e-17 1.22603e-03 
7329.05 9.25134e-06 9.71198e-01 3.57919e-17 1.18650e-03 
7330.00 9.24825e-06 9.71221e-01 3.57209e-17 1.18393e-03 
7348.14 9.20483e-06 9.71606e-01 3.43778e-17 1.13732e-03 
7350.00 9.20053e-06 9.71642e-01 3.42413e-17 1.13261e-03 
7351.43 9.19704e-06 9.71670e-01 3.41363e-17 1.12896e-03 
7367.24 9.14629e-06 9.71968e-01 3.29911e-17 1.08773e-03 
7370.00 9.13476e-06 9.72019e-01 3.27932e-17 1.08030e-03 
7386.36 9.05285e-06 9.72309e-01 3.16336e-17 1.03536e-03 
7388.19 9.04295e-06 9.72340e-01 3.15048e-17 1.03031e-03 
7390.00 9.03321e-06 9.72371e-01 3.13783e-17 1.02535e-03 
7405.49 8.95175e-06 9.72626e-01 3.03067e-17 9.83714e-04 
7410.00 8.92869e-06 9.72698e-01 2.99982e-17 9.71858e-04 
7424.63 8.86233e-06 9.72922e-01 2.90115e-17 9.34964e-04 
7425.13 8.86056e-06 9.72930e-01 2.89779e-17 9.33765e-04 
7430.00 8.84618e-06 9.73002e-01 2.86542e-17 9.22508e-04 
7443.79 8.82282e-06 9.73201e-01 2.77492e-17 8.92850e-04 
7450.00 8.80477e-06 9.73288e-01 2.73474e-17 8.78931e-04 
7462.26 8.73734e-06 9.73460e-01 2.65651e-17 8.48795e-04 
7462.96 8.73313e-06 9.73470e-01 2.65207e-17 8.47056e-04 
7470.00 8.69602e-06 9.73568e-01 2.60785e-17 8.30260e-04 
7482.15 8.66601e-06 9.73738e-01 2.53267e-17 8.04986e-04 
7490.00 8.65774e-06 9.73847e-01 2.48484e-17 7.89948e-04 
7499.57 8.64412e-06 9.73980e-01 2.42736e-17 7.71550e-04 
7501.35 8.64086e-06 9.74005e-01 2.41676e-17 7.68095e-04 
7510.00 8.62175e-06 9.74124e-01 2.36574e-17 7.51171e-04 
7520.57 8.59259e-06 9.74268e-01 2.30440e-17 7.30356e-04 
7530.00 8.56839e-06 9.74395e-01 2.25058e-17 7.12274e-04 
7537.07 8.55488e-06 9.74490e-01 2.21083e-17 6.99315e-04 
7539.80 8.55002e-06 9.74526e-01 2.19561e-17 6.94384e-04 
7550.00 8.52688e-06 9.74661e-01 2.13938e-17 6.75776e-04 
7559.04 8.49408e-06 9.74779e-01 2.09041e-17 6.58635e-04 
7570.00 8.45068e-06 9.74920e-01 2.03215e-17 6.38022e-04 
7574.75 8.43516e-06 9.74980e-01 2.00725e-17 6.29480e-04 
7578.30 8.42491e-06 9.75025e-01 1.98880e-17 6.23257e-04 
7590.00 8.39289e-06 9.75171e-01 1.92886e-17 6.03196e-04 
7597.58 8.36900e-06 9.75265e-01 1.89077e-17 5.90245e-04 
7610.00 8.32743e-06 9.75418e-01 1.82950e-17 5.69300e-04 
7612.63 8.31911e-06 9.75450e-01 1.81673e-17 5.64978e-04 
7616.86 8.30617e-06 9.75502e-01 1.79629e-17 5.58091e-04 
7630.00 8.26667e-06 9.75664e-01 1.73401e-17 5.37194e-04 
7636.17 8.24659e-06 9.75740e-01 1.70535e-17 5.27496e-04 
7650.00 8.19125e-06 9.75911e-01 1.64236e-17 5.05608e-04 
7650.69 8.18796e-06 9.75920e-01 1.63927e-17 5.04503e-04 
7655.48 8.16400e-06 9.75980e-01 1.61789e-17 4.96809e-04 
7670.00 8.09784e-06 9.76160e-01 1.55449e-17 4.74457e-04 
7674.82 8.08458e-06 9.76219e-01 1.53389e-17 4.67723e-04 
7688.94 8.05789e-06 9.76390e-01 1.47468e-17 4.49089e-04 
7690.00 8.05544e-06 9.76402e-01 1.47033e-17 4.47694e-04 
7694.16 8.04408e-06 9.76451e-01 1.45327e-17 4.42138e-04 
7710.00 7.99285e-06 9.76633e-01 1.38980e-17 4.21079e-04 
7713.52 7.98376e-06 9.76673e-01 1.37599e-17 4.16627e-04 
7727.39 7.96101e-06 9.76830e-01 1.32269e-17 4.00130e-04 
7730.00 7.95848e-06 9.76860e-01 1.31284e-17 3.97169e-04 
7732.90 7.95592e-06 9.76893e-01 1.30197e-17 3.93916e-04 
7750.00 7.88473e-06 9.77087e-01 1.23934e-17 3.72509e-04 
7752.29 7.86000e-06 9.77112e-01 1.23115e-17 3.69004e-04 
7766.03 7.69734e-06 9.77260e-01 1.18290e-17 3.47875e-04 
7770.00 7.67720e-06 9.77301e-01 1.16924e-17 3.43145e-04 
7771.69 7.67623e-06 9.77318e-01 1.16345e-17 3.41484e-04 
7790.00 7.79132e-06 9.77493e-01 1.10242e-17 3.29255e-04 
7791.11 7.79474e-06 9.77503e-01 1.09879e-17 3.28367e-04 
7804.86 7.75589e-06 9.77630e-01 1.05486e-17 3.14261e-04 
7810.00 7.72539e-06 9.77678e-01 1.03880e-17 3.08476e-04 
7810.55 7.72234e-06 9.77683e-01 1.03710e-17 3.07873e-04 
7830.00 7.64013e-06 9.77871e-01 9.78282e-18 2.88092e-04 
7830.00 7.64012e-06 9.77871e-01 9.78270e-18 2.88088e-04 
7843.88 7.58590e-06 9.78020e-01 9.38032e-18 2.74806e-04 
7849.46 7.56660e-06 9.78085e-01 9.22254e-18 2.69706e-04 
7850.00 7.56491e-06 9.78091e-01 9.20737e-18 2.69223e-04 
7868.94 7.51502e-06 9.78321e-01 8.68930e-18 2.53067e-04 
7870.00 7.51192e-06 9.78334e-01 8.66098e-18 2.52176e-04 
7883.10 7.46761e-06 9.78490e-01 8.31830e-18 2.41209e-04 
7888.43 7.44992e-06 9.78550e-01 8.18220e-18 2.36874e-04 
7890.00 7.44516e-06 9.78567e-01 8.14248e-18 2.35625e-04 
7907.94 7.40230e-06 9.78748e-01 7.70034e-18 2.22092e-04 
7910.00 7.39748e-06 9.78767e-01 7.65085e-18 2.20584e-04 
7922.51 7.36217e-06 9.78880e-01 7.35644e-18 2.11441e-04 
7927.46 7.34445e-06 9.78922e-01 7.24284e-18 2.07813e-04 
7930.00 7.33432e-06 9.78944e-01 7.18507e-18 2.05942e-04 
7947.00 7.27340e-06 9.79086e-01 6.80879e-18 1.93979e-04 
7950.00 7.27101e-06 9.79112e-01 6.74411e-18 1.92151e-04 
7962.13 7.28889e-06 9.79220e-01 6.48839e-18 1.85623e-04 
7966.55 7.29104e-06 9.79262e-01 6.39730e-18 1.83180e-04 
7970.00 7.28498e-06 9.79296e-01 6.32696e-18 1.81100e-04 
7986.11 7.18435e-06 9.79464e-01 6.00749e-18 1.69953e-04 
7990.00 7.16518e-06 9.79507e-01 5.93263e-18 1.67476e-04 
8001.94 7.15844e-06 9.79640e-01 5.70773e-18 1.61238e-04 
8005.70 7.16208e-06 9.79683e-01 5.63849e-18 1.59445e-04 
8010.00 7.16252e-06 9.79732e-01 5.56013e-18 1.57331e-04 
8025.29 7.11743e-06 9.79908e-01 5.28944e-18 1.49040e-04 
8030.00 7.10066e-06 9.79962e-01 5.20850e-18 1.46507e-04 
8041.95 7.07417e-06 9.80100e-01 5.00801e-18 1.40571e-04 
8044.90 7.06931e-06 9.80134e-01 4.95948e-18 1.39169e-04 
8050.00 7.06024e-06 9.80192e-01 4.87679e-18 1.36768e-04 
8064.53 7.02321e-06 9.80356e-01 4.64779e-18 1.29918e-04 
8070.00 7.00689e-06 9.80417e-01 4.56408e-18 1.27376e-04 
8082.16 6.97183e-06 9.80550e-01 4.38291e-18 1.21907e-04 
8084.17 6.96662e-06 9.80572e-01 4.35355e-18 1.21033e-04 
8090.00 6.95311e-06 9.80634e-01 4.26948e-18 1.18559e-04 
8103.83 6.92997e-06 9.80779e-01 4.07597e-18 1.13018e-04 
8110.00 6.92031e-06 9.80842e-01 3.99212e-18 1.10630e-04 
8122.57 6.89517e-06 9.80970e-01 3.82626e-18 1.05826e-04 
8123.50 6.89300e-06 9.80979e-01 3.81427e-18 1.05474e-04 
8130.00 6.87650e-06 9.81045e-01 3.73114e-18 1.03018e-04 
8143.18 6.84025e-06 9.81176e-01 3.56770e-18 9.81578e-05 
8150.00 6.82564e-06 9.81242e-01 3.48573e-18 9.57843e-05 
8162.88 6.80417e-06 9.81367e-01 3.33554e-18 9.15249e-05 
8163.18 6.80339e-06 9.81370e-01 3.33212e-18 9.14242e-05 
8170.00 6.77667e-06 9.81435e-01 3.25509e-18 8.90403e-05 
8182.60 6.68567e-06 9.81554e-01 3.11707e-18 8.42596e-05 
8190.00 6.63991e-06 9.81622e-01 3.03847e-18 8.16523e-05 
8202.33 6.62000e-06 9.81735e-01 2.91161e-18 7.81350e-05 
8204.00 6.62002e-06 9.81750e-01 2.89480e-18 7.77012e-05 
8210.00 6.61837e-06 9.81804e-01 2.83512e-18 7.61401e-05 
8222.07 6.59264e-06 9.81911e-01 2.71850e-18 7.28392e-05 
8230.00 6.56799e-06 9.81981e-01 2.64433e-18 7.06601e-05 
8241.83 6.53964e-06 9.82083e-01 2.53710e-18 6.76061e-05 
8245.02 6.53600e-06 9.82110e-01 2.50893e-18 6.68461e-05 
8250.00 6.53529e-06 9.82152e-01 2.46543e-18 6.57225e-05 
8261.61 6.55245e-06 9.82251e-01 2.36679e-18 6.33541e-05 
8270.00 6.55892e-06 9.82322e-01 2.29777e-18 6.16340e-05 
8281.40 6.53444e-06 9.82418e-01 2.20700e-18 5.90655e-05 
8286.24 6.51889e-06 9.82460e-01 2.16944e-18 5.79586e-05 
8290.00 6.50785e-06 9.82492e-01 2.14071e-18 5.71219e-05 
8301.20 6.48314e-06 9.82589e-01 2.05715e-18 5.47630e-05 
8310.00 6.45466e-06 9.82663e-01 1.99367e-18 5.28999e-05 
8321.02 6.39354e-06 9.82751e-01 1.91669e-18 5.04472e-05 
8327.67 6.36247e-06 9.82800e-01 1.87161e-18 4.90629e-05 
8330.00 6.35603e-06 9.82816e-01 1.85607e-18 4.86205e-05 
8340.86 6.35896e-06 9.82888e-01 1.78511e-18 4.68479e-05 
8350.00 6.37267e-06 9.82943e-01 1.72736e-18 4.54823e-05 
8360.71 6.36283e-06 9.83003e-01 1.66192e-18 4.37503e-05 
8369.31 6.33813e-06 9.83050e-01 1.61104e-18 4.22919e-05 
8370.00 6.33579e-06 9.83054e-01 1.60703e-18 4.21747e-05 
8380.58 6.29785e-06 9.83112e-01 1.54663e-18 4.03996e-05 
8390.00 6.26794e-06 9.83167e-01 1.49459e-18 3.89009e-05 
8400.46 6.24655e-06 9.83233e-01 1.43879e-18 3.73697e-05 
8410.00 6.23153e-06 9.83301e-01 1.38957e-18 3.60479e-05 
8411.16 6.22957e-06 9.83310e-01 1.38370e-18 3.58898e-05 
8420.35 6.20959e-06 9.83385e-01 1.33797e-18 3.46326e-05 
8430.00 6.17379e-06 9.83471e-01 1.29151e-18 3.32784e-05 
8440.26 6.11388e-06 9.83568e-01 1.24375e-18 3.17786e-05 
8450.00 6.05044e-06 9.83660e-01 1.20000e-18 3.03804e-05 
8453.21 6.03138e-06 9.83690e-01 1.18588e-18 2.99405e-05 
8460.19 6.00146e-06 9.83754e-01 1.15576e-18 2.90612e-05 
8470.00 6.01013e-06 9.83841e-01 1.11463e-18 2.81026e-05 
8480.13 6.08100e-06 9.83925e-01 1.07361e-18 2.74226e-05 
8490.00 6.06281e-06 9.84001e-01 1.03503e-18 2.63908e-05 
8495.48 5.96349e-06 9.84040e-01 1.01418e-18 2.54530e-05 
8500.09 5.85995e-06 9.84071e-01 9.96947e-19 2.46002e-05 
8510.00 5.75086e-06 9.84131e-01 9.60833e-19 2.32963e-05 
8520.06 5.94157e-06 9.84186e-01 9.25443e-19 2.32110e-05 
8530.00 6.01905e-06 9.84235e-01 8.91701e-19 2.26839e-05 
8537.96 5.73741e-06 9.84270e-01 8.65533e-19 2.10083e-05 
8540.05 5.64025e-06 9.84279e-01 8.58777e-19 2.04965e-05 
8550.00 5.34988e-06 9.84316e-01 8.27313e-19 1.87516e-05 
8560.05 5.65169e-06 9.84337e-01 7.96649e-19 1.90980e-05 
8570.00 6.03923e-06 9.84333e-01 7.67366e-19 1.96802e-05 
8580.07 5.96156e-06 9.84294e-01 7.38774e-19 1.87245e-05 
8580.65 5.94587e-06 9.84290e-01 7.37165e-19 1.86357e-05 
8590.00 5.65541e-06 9.84215e-01 7.11573e-19 1.71274e-05 
8600.10 5.47731e-06 9.84116e-01 6.84884e-19 1.59830e-05 
8610.00 5.52048e-06 9.84030e-01 6.59666e-19 1.55323e-05 
8620.15 5.76662e-06 9.83982e-01 6.34725e-19 1.56290e-05 
8623.55 5.86312e-06 9.83980e-01 6.26577e-19 1.56927e-05 
8630.00 6.01759e-06 9.84001e-01 6.11390e-19 1.57279e-05 
8640.22 6.07287e-06 9.84088e-01 5.88056e-19 1.52860e-05 
8650.00 5.78601e-06 9.84216e-01 5.66508e-19 1.40480e-05 
8660.29 5.14520e-06 9.84376e-01 5.44653e-19 1.20265e-05 
8666.67 4.84663e-06 9.84480e-01 5.31532e-19 1.10650e-05 
8670.00 4.80001e-06 9.84533e-01 5.24793e-19 1.08244e-05 
8680.39 5.20660e-06 9.84690e-01 5.04303e-19 1.12981e-05 
8690.00 5.78512e-06 9.84817e-01 4.86035e-19 1.21138e-05 
8700.50 6.01986e-06 9.84926e-01 4.66804e-19 1.21225e-05 
8710.00 6.02744e-06 9.84990e-01 4.50036e-19 1.17153e-05 
8710.00 6.02744e-06 9.84990e-01 4.50034e-19 1.17153e-05 
8720.63 6.03062e-06 9.85024e-01 4.31969e-19 1.12650e-05 
8730.00 5.78690e-06 9.85051e-01 4.16610e-19 1.04369e-05 
8740.77 5.05938e-06 9.85122e-01 3.99619e-19 8.76409e-06 
8750.00 4.63950e-06 9.85255e-01 3.85582e-19 7.76366e-06 
8753.55 4.66362e-06 9.85330e-01 3.80310e-19 7.70106e-06 
8760.92 4.98600e-06 9.85526e-01 3.69589e-19 8.00963e-06 
8770.00 5.52857e-06 9.85752e-01 3.56788e-19 8.58447e-06 
8781.09 5.87644e-06 9.85811e-01 3.41722e-19 8.75091e-06 
8790.00 5.96021e-06 9.85523e-01 3.30076e-19 8.57935e-06 
8797.32 5.98951e-06 9.84960e-01 3.20792e-19 8.38123e-06 
8801.28 5.99600e-06 9.84509e-01 3.15871e-19 8.26153e-06 
8810.00 5.98228e-06 9.83205e-01 3.05302e-19 7.96414e-06 
8821.49 5.89623e-06 9.81067e-01 2.91898e-19 7.49841e-06 
8830.00 5.78059e-06 9.79374e-01 2.82331e-19 7.10498e-06 
8841.31 5.53215e-06 9.77270e-01 2.70096e-19 6.49930e-06 
8841.70 5.52003e-06 9.77203e-01 2.69675e-19 6.47479e-06 
8850.00 5.18976e-06 9.75943e-01 2.61038e-19 5.89037e-06 
8861.94 4.56324e-06 9.74616e-01 2.49080e-19 4.94194e-06 
8870.00 4.42715e-06 9.74058e-01 2.41306e-19 4.64648e-06 
8882.19 5.04608e-06 9.73756e-01 2.30000e-19 5.05329e-06 
8885.51 5.27452e-06 9.73790e-01 2.27006e-19 5.21545e-06 
8890.00 5.53723e-06 9.73915e-01 2.23025e-19 5.38259e-06 
8902.45 5.80326e-06 9.74644e-01 2.12329e-19 5.38220e-06 
8910.00 5.79357e-06 9.75268e-01 2.06091e-19 5.22313e-06 
8922.73 5.80582e-06 9.76428e-01 1.95969e-19 4.99013e-06 
8929.94 5.83194e-06 9.77050e-01 1.90456e-19 4.87862e-06 
8930.00 5.83217e-06 9.77055e-01 1.90411e-19 4.87770e-06 
8943.03 5.86762e-06 9.77983e-01 1.80826e-19 4.67156e-06 
8950.00 5.85595e-06 9.78410e-01 1.75894e-19 4.54061e-06 
8963.34 5.76176e-06 9.79202e-01 1.66815e-19 4.24673e-06 
8970.00 5.72071e-06 9.79628e-01 1.62457e-19 4.11116e-06 
8974.59 5.70567e-06 9.79950e-01 1.59517e-19 4.02955e-06 
8983.67 5.61759e-06 9.80668e-01 1.53854e-19 3.83316e-06 
8990.00 5.41763e-06 9.81217e-01 1.50022e-19 3.60921e-06 
9004.01 4.57416e-06 9.82497e-01 1.41868e-19 2.88992e-06 
9010.00 4.32259e-06 9.83042e-01 1.38518e-19 2.66974e-06 
9019.46 4.34935e-06 9.83860e-01 1.33380e-19 2.59150e-06 
9024.37 4.50861e-06 9.84252e-01 1.30787e-19 2.63666e-06 
9030.00 4.74275e-06 9.84670e-01 1.27876e-19 2.71470e-06 
9044.75 5.29886e-06 9.85612e-01 1.20546e-19 2.86656e-06 
9050.00 5.42139e-06 9.85896e-01 1.18035e-19 2.87425e-06 
9064.56 5.49233e-06 9.86540e-01 1.11341e-19 2.75294e-06 
9065.14 5.49018e-06 9.86561e-01 1.11083e-19 2.74571e-06 
9070.00 5.46796e-06 9.86729e-01 1.08936e-19 2.68365e-06 
9085.54 5.42517e-06 9.87138e-01 1.02342e-19 2.50678e-06 
9090.00 5.43343e-06 9.87225e-01 1.00524e-19 2.46745e-06 
9105.97 5.53237e-06 9.87457e-01 9.42689e-20 2.36073e-06 
9109.88 5.55396e-06 9.87500e-01 9.27938e-20 2.33397e-06 
9110.00 5.55449e-06 9.87501e-01 9.27499e-20 2.33312e-06 
9126.40 5.57138e-06 9.87648e-01 8.68157e-20 2.19475e-06 
9130.00 5.56742e-06 9.87675e-01 8.55655e-20 2.16253e-06 
9146.86 5.54477e-06 9.87800e-01 7.99360e-20 2.01600e-06 
9150.00 5.53749e-06 9.87825e-01 7.89277e-20 1.98869e-06 
9155.43 5.52064e-06 9.87870e-01 7.72140e-20 1.94083e-06 
9167.33 5.45895e-06 9.87983e-01 7.35875e-20 1.83159e-06 
9170.00 5.43933e-06 9.88010e-01 7.27960e-20 1.80595e-06 
9187.81 5.27933e-06 9.88195e-01 6.77303e-20 1.63433e-06 
9190.00 5.26189e-06 9.88216e-01 6.71327e-20 1.61498e-06 
9201.21 5.13906e-06 9.88320e-01 6.41504e-20 1.50921e-06 
9208.31 4.92017e-06 9.88376e-01 6.23279e-20 1.40504e-06 
9210.00 4.83946e-06 9.88388e-01 6.19030e-20 1.37284e-06 
9228.83 3.80723e-06 9.88504e-01 5.73461e-20 1.00268e-06 
9230.00 3.79470e-06 9.88510e-01 5.70743e-20 9.94774e-07 
9247.21 4.50853e-06 9.88600e-01 5.32163e-20 1.10417e-06 
9249.36 4.61774e-06 9.88612e-01 5.27530e-20 1.12134e-06 
9250.00 4.64682e-06 9.88615e-01 5.26167e-20 1.12557e-06 
9269.91 4.99897e-06 9.88727e-01 4.85195e-20 1.11911e-06 
9270.00 4.99972e-06 9.88728e-01 4.85023e-20 1.11889e-06 
9290.00 5.22549e-06 9.88841e-01 4.47051e-20 1.08031e-06 
9290.48 5.22906e-06 9.88844e-01 4.46181e-20 1.07900e-06 
9293.45 5.24661e-06 9.88860e-01 4.40802e-20 1.06994e-06 
9310.00 5.25360e-06 9.88946e-01 4.12013e-20 1.00326e-06 
9311.06 5.25213e-06 9.88951e-01 4.10236e-20 9.98773e-07 
9330.00 5.23472e-06 9.89043e-01 3.79686e-20 9.23289e-07 
9331.66 5.23366e-06 9.89051e-01 3.77125e-20 9.17048e-07 
9339.92 5.22839e-06 9.89090e-01 3.64595e-20 8.86505e-07 
9350.00 5.21996e-06 9.89138e-01 3.49864e-20 8.50272e-07 
9352.27 5.21747e-06 9.89149e-01 3.46632e-20 8.42229e-07 
9370.00 5.19548e-06 9.89233e-01 3.22357e-20 7.81491e-07 
9372.90 5.19243e-06 9.89247e-01 3.18554e-20 7.72068e-07 
9386.62 5.15403e-06 9.89310e-01 3.01135e-20 7.25558e-07 
9390.00 5.13081e-06 9.89325e-01 2.96988e-20 7.12610e-07 
9393.54 5.09837e-06 9.89341e-01 2.92706e-20 6.98170e-07 
9410.00 4.95902e-06 9.89412e-01 2.73594e-20 6.35905e-07 
9414.20 4.96031e-06 9.89429e-01 2.68915e-20 6.25484e-07 
9430.00 5.04031e-06 9.89495e-01 2.52023e-20 5.96688e-07 
9433.55 5.04708e-06 9.89510e-01 2.48374e-20 5.89067e-07 
9434.88 5.04749e-06 9.89516e-01 2.47022e-20 5.85995e-07 
9450.00 5.01196e-06 9.89577e-01 2.32137e-20 5.47717e-07 
9455.57 4.99936e-06 9.89598e-01 2.26879e-20 5.34291e-07 
9470.00 4.97460e-06 9.89645e-01 2.13805e-20 5.01797e-07 
9476.28 4.95795e-06 9.89661e-01 2.08349e-20 4.87687e-07 
9480.72 4.94164e-06 9.89670e-01 2.04578e-20 4.77512e-07 
9490.00 4.89169e-06 9.89683e-01 1.96907e-20 4.55413e-07 
9497.01 4.83790e-06 9.89689e-01 1.91306e-20 4.37920e-07 
9510.00 4.71862e-06 9.89702e-01 1.81334e-20 4.05417e-07 
9517.75 4.63329e-06 9.89713e-01 1.75634e-20 3.85892e-07 
9528.12 4.37352e-06 9.89740e-01 1.68280e-20 3.49393e-07 
9530.00 4.29448e-06 9.89747e-01 1.66982e-20 3.40502e-07 
9538.50 3.83763e-06 9.89782e-01 1.61225e-20 2.94062e-07 
9550.00 3.45719e-06 9.89833e-01 1.53757e-20 2.52957e-07 
9559.28 3.75059e-06 9.89867e-01 1.47979e-20 2.64379e-07 
9570.00 4.32560e-06 9.89885e-01 1.41572e-20 2.92040e-07 
9575.76 4.50834e-06 9.89880e-01 1.38242e-20 2.97396e-07 
9580.07 4.57795e-06 9.89868e-01 1.35805e-20 2.96795e-07 
9590.00 4.62719e-06 9.89820e-01 1.30345e-20 2.88211e-07 
9600.87 4.66083e-06 9.89746e-01 1.24617e-20 2.77842e-07 
9610.00 4.67561e-06 9.89680e-01 1.20003e-20 2.68641e-07 
9621.70 4.65234e-06 9.89609e-01 1.14337e-20 2.54975e-07 
9623.64 4.64798e-06 9.89600e-01 1.13421e-20 2.52743e-07 
9630.00 4.64286e-06 9.89578e-01 1.10477e-20 2.46069e-07 
9642.54 4.68063e-06 9.89544e-01 1.04893e-20 2.35831e-07 
9650.00 4.69643e-06 9.89514e-01 1.01702e-20 2.29600e-07 
9663.39 4.65703e-06 9.89406e-01 9.62184e-21 2.15672e-07 
9670.00 4.63058e-06 9.89311e-01 9.36207e-21 2.08781e-07 
9671.76 4.62553e-06 9.89280e-01 9.29409e-21 2.07070e-07 
9684.26 4.61623e-06 9.88992e-01 8.82513e-21 1.96423e-07 
9690.00 4.62321e-06 9.88830e-01 8.61781e-21 1.92180e-07 
9705.15 4.64994e-06 9.88372e-01 8.09353e-21 1.81732e-07 
9710.00 4.65336e-06 9.88229e-01 7.93243e-21 1.78309e-07 
9720.12 4.64342e-06 9.87960e-01 7.60661e-21 1.70751e-07 
9726.05 4.63001e-06 9.87831e-01 7.42180e-21 1.66201e-07 
9730.00 4.61952e-06 9.87761e-01 7.30131e-21 1.63187e-07 
9746.97 4.57555e-06 9.87658e-01 6.80512e-21 1.50896e-07 
9750.00 4.56979e-06 9.87680e-01 6.72020e-21 1.48875e-07 
9767.91 4.56690e-06 9.88144e-01 6.23907e-21 1.38448e-07 
9768.72 4.56845e-06 9.88180e-01 6.21812e-21 1.38046e-07 
9770.00 4.57127e-06 9.88240e-01 6.18518e-21 1.37426e-07 
9788.86 4.67497e-06 9.89582e-01 5.71955e-21 1.30391e-07 
