##### EXOPHOT SPECTRAL OVERLAP FILE #####
# Date: 01/12/2021 13:14:59
# SED file: SED_g2v.txt
# atmosphere file: atm_g2v_hzo_os1.txt
# photopigment file: phot4.txt
# Stellar radius (Rs in km): 6.963400e+05
# Exoplanet orbit semi-major axis (sma in km): 1.672066e+08
# Total absorption rate (gamma_t in s-1): 3.07532e+00
# B band absorption rate (gamma_B in s-1): 2.94624e+00
# Q band absorption rate (gamma_Q in s-1): 1.29080e-01
# B-Q bands cut-off (in nm): 500
# photosynthetic photon flux density [ppfd in micromol photon m-2 s-1]: 1.66029e+03
# Total Stellar Irradiance (S in W m-2): 1.07502e+03
# -------------------------------------------------
# Col 1: Wavelength (wl in Angstrom) 
# Col 2: Spectral Flux Density (F_l in J cm-2 s-1 A-1) 
# Col 3: Atmosphere transmitance (T, no units) 
# Col 4: Pigment absorption cross section (sigma_abs in cm-2) 
# Col 5: Spectral Absorption Rate (Gamma_lambda in A-1 s-1)
2503.42 7.61660e-07 -2.30466e-19 9.18144e-23 -2.03112e-29 
2505.00 6.52054e-07 -1.80180e-19 1.01415e-22 -1.50252e-29 
2513.00 2.95063e-07 -2.36060e-20 1.60154e-22 -1.41121e-30 
2515.76 2.36463e-07 0.00000e+00 1.86508e-22 0.00000e+00 
2516.83 2.21052e-07 5.94929e-21 1.97896e-22 3.29742e-31 
2518.00 2.08576e-07 1.06234e-20 2.11089e-22 5.92887e-31 
2525.00 2.11060e-07 9.82911e-21 3.10568e-22 8.18957e-31 
2528.34 2.44346e-07 0.00000e+00 3.72636e-22 0.00000e+00 
2530.25 2.64885e-07 -5.94817e-21 4.13317e-22 -8.29490e-31 
2535.00 2.93065e-07 -1.52907e-20 5.32120e-22 -3.04299e-30 
2540.98 2.85872e-07 0.00000e+00 7.27891e-22 0.00000e+00 
2543.69 3.30362e-07 2.07949e-20 8.37163e-22 7.36451e-30 
2545.00 3.76098e-07 3.13639e-20 8.95467e-22 1.35330e-29 
2553.68 8.74510e-07 0.00000e+00 1.38790e-21 0.00000e+00 
2555.00 9.10043e-07 -3.37571e-20 1.48180e-21 -5.85504e-29 
2557.12 9.12385e-07 -9.72853e-20 1.64576e-21 -1.88047e-28 
2565.00 7.69975e-07 -9.80186e-20 2.41169e-21 -2.35027e-28 
2566.45 7.98445e-07 0.00000e+00 2.58518e-21 0.00000e+00 
2570.57 9.81085e-07 4.36909e-19 3.14260e-21 1.74317e-27 
2575.00 1.16720e-06 6.69981e-19 3.86345e-21 3.91637e-27 
2579.28 1.17062e-06 0.00000e+00 4.70505e-21 0.00000e+00 
2584.03 1.05954e-06 -1.87119e-18 5.83323e-21 -1.50440e-26 
2585.00 1.03724e-06 -2.19083e-18 6.09350e-21 -1.80193e-26 
2592.18 9.44239e-07 0.00000e+00 8.36990e-21 0.00000e+00 
2595.00 9.09391e-07 4.09518e-18 9.46211e-21 4.60333e-26 
2597.49 8.64314e-07 7.73570e-18 1.05328e-20 9.20860e-26 
2605.00 7.07825e-07 6.02742e-19 1.44720e-20 8.09688e-27 
2605.14 7.05535e-07 0.00000e+00 1.45576e-20 0.00000e+00 
2610.96 6.48438e-07 -3.11509e-17 1.85144e-20 -4.91556e-25 
2615.00 6.40879e-07 -3.20622e-17 2.18126e-20 -5.90028e-25 
2618.17 6.54289e-07 0.00000e+00 2.47632e-20 0.00000e+00 
2624.44 8.96189e-07 1.22983e-16 3.17034e-20 4.61648e-24 
2625.00 9.41729e-07 1.29235e-16 3.24056e-20 5.21169e-24 
2631.26 1.65697e-06 0.00000e+00 4.12098e-20 0.00000e+00 
2635.00 2.05258e-06 -2.90210e-16 4.74597e-20 -3.75009e-23 
2637.92 2.23939e-06 -4.78344e-16 5.29206e-20 -7.52800e-23 
2644.41 2.71610e-06 0.00000e+00 6.71120e-20 0.00000e+00 
2645.00 2.79497e-06 1.43081e-16 6.85478e-20 3.65007e-23 
2651.42 3.89044e-06 1.83994e-15 8.61697e-20 8.23302e-22 
2655.00 4.09183e-06 1.53619e-15 9.76731e-20 8.20589e-22 
2657.64 3.78893e-06 0.00000e+00 1.06988e-19 0.00000e+00 
2664.92 2.31917e-06 -7.02021e-15 1.36953e-19 -2.99132e-21 
2665.00 2.30892e-06 -7.04976e-15 1.37330e-19 -2.99895e-21 
2670.92 2.27985e-06 0.00000e+00 1.67006e-19 0.00000e+00 
2675.00 2.73135e-06 1.65868e-14 1.90572e-19 1.16264e-20 
2678.43 3.13015e-06 2.66324e-14 2.12593e-19 2.38962e-20 
2684.28 3.37801e-06 0.00000e+00 2.55339e-19 0.00000e+00 
2685.00 3.34148e-06 -9.34065e-15 2.61092e-19 -1.10148e-20 
2691.94 2.46516e-06 -1.00639e-13 3.22514e-19 -1.08430e-19 
2695.00 2.23054e-06 -8.20960e-14 3.53255e-19 -8.77614e-20 
2697.70 2.31925e-06 0.00000e+00 3.82487e-19 0.00000e+00 
2705.00 2.91845e-06 3.71328e-13 4.72106e-19 6.96693e-19 
2705.47 2.92047e-06 3.79263e-13 4.78437e-19 7.21744e-19 
2711.19 2.44027e-06 0.00000e+00 5.61505e-19 0.00000e+00 
2715.00 1.90804e-06 -8.10248e-13 6.23377e-19 -1.31719e-18 
2719.00 1.48025e-06 -1.42632e-12 6.94428e-19 -2.00685e-18 
2724.74 1.30758e-06 0.00000e+00 8.08072e-19 0.00000e+00 
2725.00 1.31474e-06 1.64550e-13 8.13462e-19 2.41416e-19 
2732.54 1.77162e-06 5.35340e-12 9.86732e-19 1.28733e-17 
2735.00 1.79281e-06 4.85410e-12 1.04930e-18 1.25725e-17 
2738.37 1.55533e-06 0.00000e+00 1.14032e-18 0.00000e+00 
2745.00 9.18283e-07 -1.86099e-11 1.33823e-18 -3.16022e-17 
2746.09 8.87776e-07 -2.00431e-11 1.37333e-18 -3.37818e-17 
2752.06 1.14738e-06 0.00000e+00 1.57834e-18 0.00000e+00 
2755.00 1.38716e-06 3.20623e-11 1.68787e-18 1.04113e-16 
2759.65 1.70111e-06 7.47807e-11 1.87321e-18 3.31043e-16 
2765.00 1.95785e-06 2.41505e-11 2.10579e-18 1.38592e-16 
2765.82 1.98976e-06 0.00000e+00 2.14334e-18 0.00000e+00 
2773.21 2.06910e-06 -2.77619e-10 2.50526e-18 -2.00905e-15 
2775.00 1.99214e-06 -2.84797e-10 2.59928e-18 -2.06013e-15 
2779.65 1.58408e-06 0.00000e+00 2.85639e-18 0.00000e+00 
2785.00 1.00093e-06 8.28104e-10 3.17502e-18 3.68965e-15 
2786.79 8.41978e-07 1.02351e-09 3.28696e-18 3.97389e-15 
2793.55 4.58287e-07 0.00000e+00 3.73673e-18 0.00000e+00 
2795.00 4.11472e-07 -7.65878e-10 3.83874e-18 -1.70213e-15 
2800.37 3.47487e-07 -3.73821e-09 4.23274e-18 -7.75107e-15 
2805.00 5.19314e-07 -3.06861e-09 4.59476e-18 -1.03393e-14 
2807.52 7.33258e-07 0.00000e+00 4.79985e-18 0.00000e+00 
2813.95 1.54447e-06 1.34855e-08 5.35231e-18 1.57917e-13 
2815.00 1.69227e-06 1.47409e-08 5.44575e-18 1.92510e-13 
2821.55 2.52434e-06 0.00000e+00 6.05535e-18 0.00000e+00 
2825.00 2.77239e-06 -2.78883e-08 6.39234e-18 -7.02873e-13 
2827.55 2.81797e-06 -4.78760e-08 6.64894e-18 -1.27685e-12 
2835.00 2.41298e-06 -1.45974e-08 7.43278e-18 -3.73643e-13 
2835.66 2.35048e-06 0.00000e+00 7.50477e-18 0.00000e+00 
2841.16 1.74406e-06 1.66495e-07 8.11805e-18 3.37158e-12 
2845.00 1.27648e-06 2.14563e-07 8.56272e-18 3.35882e-12 
2849.84 7.57552e-07 0.00000e+00 9.13970e-18 0.00000e+00 
2854.77 5.93824e-07 -5.63687e-07 9.74604e-18 -4.68832e-12 
2855.00 6.00929e-07 -5.88800e-07 9.77512e-18 -4.97099e-12 
2864.09 1.79595e-06 0.00000e+00 1.09404e-17 0.00000e+00 
2865.00 1.97147e-06 3.39193e-07 1.10602e-17 1.06671e-11 
2868.39 2.61663e-06 2.11218e-06 1.15098e-17 9.18549e-11 
2875.00 3.40111e-06 7.11800e-06 1.24053e-17 4.34657e-10 
2878.41 3.34485e-06 1.00000e-05 1.28749e-17 6.24019e-10 
2882.02 3.12810e-06 1.30926e-05 1.33767e-17 7.94836e-10 
2885.00 3.03790e-06 1.61530e-05 1.37953e-17 9.83166e-10 
2892.80 3.71871e-06 3.00000e-05 1.48997e-17 2.42066e-09 
2895.00 4.02544e-06 3.63301e-05 1.52128e-17 3.24236e-09 
2895.65 4.11544e-06 3.84904e-05 1.53057e-17 3.53420e-09 
2907.27 5.34266e-06 1.10000e-04 1.69604e-17 1.45880e-08 
2909.30 5.44423e-06 1.31183e-04 1.72483e-17 1.80414e-08 
2910.00 5.46886e-06 1.39421e-04 1.73480e-17 1.93771e-08 
2921.80 5.23653e-06 3.90000e-04 1.89944e-17 5.70570e-08 
2922.95 5.17595e-06 4.29858e-04 1.91513e-17 6.26984e-08 
2930.00 4.80888e-06 7.52443e-04 2.01002e-17 1.07277e-07 
2936.41 4.60936e-06 1.17000e-03 2.09340e-17 1.66885e-07 
2936.61 4.60554e-06 1.18483e-03 2.09591e-17 1.69074e-07 
2950.00 4.57106e-06 2.75719e-03 2.25853e-17 4.22721e-07 
2950.28 4.57360e-06 2.80689e-03 2.26168e-17 4.31222e-07 
2951.09 4.58156e-06 2.96000e-03 2.27100e-17 4.57540e-07 
2963.95 4.74704e-06 6.57102e-03 2.40732e-17 1.12043e-06 
2965.85 4.76986e-06 7.31000e-03 2.42566e-17 1.26277e-06 
2970.00 4.80971e-06 9.13010e-03 2.46410e-17 1.61783e-06 
2977.64 4.83520e-06 1.32596e-02 2.52835e-17 2.42984e-06 
2980.68 4.83004e-06 1.52100e-02 2.55153e-17 2.81267e-06 
2990.00 4.77466e-06 2.23887e-02 2.61352e-17 4.20525e-06 
2991.33 4.76321e-06 2.35692e-02 2.62121e-17 4.43132e-06 
2995.58 4.72600e-06 2.76400e-02 2.64389e-17 5.20810e-06 
3005.03 4.69158e-06 3.83546e-02 2.68342e-17 7.30459e-06 
3010.00 4.73536e-06 4.49898e-02 2.69813e-17 8.71000e-06 
3010.56 4.74414e-06 4.57800e-02 2.69951e-17 8.88565e-06 
3018.74 4.94250e-06 5.82359e-02 2.71374e-17 1.18701e-05 
3025.61 5.14132e-06 6.94600e-02 2.71690e-17 1.47781e-05 
3030.00 5.24246e-06 7.67382e-02 2.71479e-17 1.66590e-05 
3032.45 5.28160e-06 8.09060e-02 2.71223e-17 1.76925e-05 
3040.74 5.35393e-06 9.62800e-02 2.69641e-17 2.12763e-05 
3046.18 5.39818e-06 1.07903e-01 2.68023e-17 2.39404e-05 
3050.00 5.45207e-06 1.16613e-01 2.66621e-17 2.60270e-05 
3055.94 5.58617e-06 1.30430e-01 2.64029e-17 2.95946e-05 
3059.91 5.68174e-06 1.39518e-01 2.62034e-17 3.19963e-05 
3070.00 5.76852e-06 1.61707e-01 2.56069e-17 3.69158e-05 
3071.22 5.75078e-06 1.64290e-01 2.55266e-17 3.72877e-05 
3073.65 5.69700e-06 1.69352e-01 2.53627e-17 3.78624e-05 
3086.58 5.34547e-06 1.97880e-01 2.43934e-17 4.00922e-05 
3087.40 5.33905e-06 1.99933e-01 2.43274e-17 4.03607e-05 
3090.00 5.34673e-06 2.06705e-01 2.41139e-17 4.14562e-05 
3101.15 5.79008e-06 2.35720e-01 2.31536e-17 4.93339e-05 
3102.01 5.83509e-06 2.37690e-01 2.30771e-17 4.99810e-05 
3110.00 6.15955e-06 2.53349e-01 2.23550e-17 5.46168e-05 
3114.92 6.19294e-06 2.61913e-01 2.19046e-17 5.57133e-05 
3117.52 6.16099e-06 2.66580e-01 2.16654e-17 5.58443e-05 
3128.69 5.81808e-06 2.89050e-01 2.06503e-17 5.46972e-05 
3130.00 5.77170e-06 2.91827e-01 2.05334e-17 5.44951e-05 
3133.11 5.66922e-06 2.98410e-01 2.02590e-17 5.40572e-05 
3142.47 5.47615e-06 3.17725e-01 1.94663e-17 5.35803e-05 
3148.77 5.50121e-06 3.30230e-01 1.89701e-17 5.46272e-05 
3150.00 5.52539e-06 3.32609e-01 1.88781e-17 5.50158e-05 
3156.26 5.73270e-06 3.44367e-01 1.84335e-17 5.78209e-05 
3164.52 6.01891e-06 3.58280e-01 1.79231e-17 6.15722e-05 
3170.00 6.05290e-06 3.66151e-01 1.76410e-17 6.23921e-05 
3170.06 6.05216e-06 3.66226e-01 1.76384e-17 6.23891e-05 
3180.34 5.63972e-06 3.79240e-01 1.72550e-17 5.90858e-05 
3183.86 5.47731e-06 3.83612e-01 1.71731e-17 5.78341e-05 
3190.00 5.34937e-06 3.91788e-01 1.70976e-17 5.75443e-05 
3196.24 5.52697e-06 4.01550e-01 1.71169e-17 6.11246e-05 
3197.67 5.59399e-06 4.04073e-01 1.71360e-17 6.23518e-05 
3210.00 5.93438e-06 4.24422e-01 1.75500e-17 7.14296e-05 
3211.49 5.88831e-06 4.25929e-01 1.76328e-17 7.14955e-05 
3212.22 5.85693e-06 4.26530e-01 1.76759e-17 7.14054e-05 
3225.32 4.96612e-06 4.29934e-01 1.87762e-17 6.50915e-05 
3228.29 4.86945e-06 4.31940e-01 1.91165e-17 6.53440e-05 
3230.00 4.86517e-06 4.33840e-01 1.93299e-17 6.63414e-05 
3239.16 5.49354e-06 4.49718e-01 2.06868e-17 8.33379e-05 
3244.43 6.14168e-06 4.58880e-01 2.16414e-17 9.96170e-05 
3250.00 6.84092e-06 4.65211e-01 2.28006e-17 1.18718e-04 
3253.01 7.16530e-06 4.67392e-01 2.34924e-17 1.28840e-04 
3260.65 7.77754e-06 4.71020e-01 2.54720e-17 1.53169e-04 
3266.86 8.06046e-06 4.73927e-01 2.73270e-17 1.71679e-04 
3270.00 8.13357e-06 4.75831e-01 2.83529e-17 1.80635e-04 
3276.95 8.14689e-06 4.81890e-01 3.08454e-17 1.99767e-04 
3280.72 8.08900e-06 4.86474e-01 3.23291e-17 2.10107e-04 
3290.00 7.84544e-06 4.97885e-01 3.63967e-17 2.35465e-04 
3293.34 7.74858e-06 5.00510e-01 3.80104e-17 2.44397e-04 
3294.59 7.71303e-06 5.01128e-01 3.86388e-17 2.47698e-04 
3308.47 7.41315e-06 5.02819e-01 4.63945e-17 2.88026e-04 
3309.80 7.39855e-06 5.03420e-01 4.72202e-17 2.93042e-04 
3310.00 7.39668e-06 5.03528e-01 4.73430e-17 2.93811e-04 
3322.36 7.40780e-06 5.15788e-01 5.57281e-17 3.56126e-04 
3326.35 7.45340e-06 5.19280e-01 5.87222e-17 3.80584e-04 
3330.00 7.50665e-06 5.21063e-01 6.15799e-17 4.03778e-04 
3336.25 7.59611e-06 5.22214e-01 6.67599e-17 4.44772e-04 
3342.98 7.57564e-06 5.23840e-01 7.27449e-17 4.85823e-04 
3350.00 7.26242e-06 5.28699e-01 7.94398e-17 5.14394e-04 
3350.15 7.25086e-06 5.28829e-01 7.95927e-17 5.14714e-04 
3359.70 6.27702e-06 5.36060e-01 8.94826e-17 5.09248e-04 
3364.07 5.83151e-06 5.37594e-01 9.43057e-17 5.00682e-04 
3370.00 5.46843e-06 5.38447e-01 1.01165e-16 5.05345e-04 
3376.50 5.55786e-06 5.39860e-01 1.09078e-16 5.56309e-04 
3377.98 5.63276e-06 5.40502e-01 1.10948e-16 5.74408e-04 
3390.00 6.39330e-06 5.48487e-01 1.26869e-16 7.59223e-04 
3391.91 6.46730e-06 5.49722e-01 1.29535e-16 7.86357e-04 
3393.38 6.50817e-06 5.50570e-01 1.31605e-16 8.05566e-04 
3405.85 6.53619e-06 5.54899e-01 1.50037e-16 9.33008e-04 
3410.00 6.52699e-06 5.56193e-01 1.56504e-16 9.75307e-04 
3410.35 6.52809e-06 5.56320e-01 1.57052e-16 9.79211e-04 
3419.79 6.66657e-06 5.60714e-01 1.72383e-16 1.10933e-03 
3427.40 6.85021e-06 5.64270e-01 1.85304e-16 1.23585e-03 
3430.00 6.90927e-06 5.65204e-01 1.89834e-16 1.28006e-03 
3433.74 6.98157e-06 5.66324e-01 1.96453e-16 1.34266e-03 
3444.54 7.12424e-06 5.69540e-01 2.16135e-16 1.52070e-03 
3447.70 7.15512e-06 5.70876e-01 2.22075e-16 1.57439e-03 
3450.00 7.17633e-06 5.71968e-01 2.26421e-16 1.61411e-03 
3461.67 7.30246e-06 5.77891e-01 2.49031e-16 1.83138e-03 
3461.76 7.30368e-06 5.77930e-01 2.49199e-16 1.83309e-03 
3470.00 7.46175e-06 5.81231e-01 2.65618e-16 2.01233e-03 
3475.65 7.62611e-06 5.83197e-01 2.77054e-16 2.15597e-03 
3479.07 7.74559e-06 5.84400e-01 2.84031e-16 2.25173e-03 
3489.64 8.18002e-06 5.88454e-01 3.05835e-16 2.58617e-03 
3490.00 8.19614e-06 5.88596e-01 3.06591e-16 2.59858e-03 
3496.46 8.47044e-06 5.91040e-01 3.20050e-16 2.82028e-03 
3503.63 8.65297e-06 5.93483e-01 3.35026e-16 3.03454e-03 
3510.00 8.58666e-06 5.95549e-01 3.48344e-16 3.14761e-03 
3513.95 8.40408e-06 5.96860e-01 3.56577e-16 3.16399e-03 
3517.63 8.18326e-06 5.98143e-01 3.64250e-16 3.15722e-03 
3530.00 7.86410e-06 6.02652e-01 3.89763e-16 3.28257e-03 
3531.51 7.94016e-06 6.03200e-01 3.92853e-16 3.34507e-03 
3531.64 7.94789e-06 6.03245e-01 3.93110e-16 3.35089e-03 
3545.66 9.15419e-06 6.08073e-01 4.21198e-16 4.18487e-03 
3549.17 9.22241e-06 6.09230e-01 4.28064e-16 4.29719e-03 
3550.00 9.20407e-06 6.09500e-01 4.29670e-16 4.30765e-03 
3559.69 8.13653e-06 6.12594e-01 4.48102e-16 4.00243e-03 
3566.92 6.99384e-06 6.14790e-01 4.61375e-16 3.56215e-03 
3570.00 6.61742e-06 6.15688e-01 4.66888e-16 3.41864e-03 
3573.72 6.34032e-06 6.16738e-01 4.73425e-16 3.33049e-03 
3584.75 6.40613e-06 6.19600e-01 4.91960e-16 3.52387e-03 
3587.76 6.56336e-06 6.20311e-01 4.96786e-16 3.65303e-03 
3590.00 6.69546e-06 6.20831e-01 5.00299e-16 3.75839e-03 
3601.82 7.40920e-06 6.23859e-01 5.17838e-16 4.34006e-03 
3602.68 7.45603e-06 6.24120e-01 5.19044e-16 4.38055e-03 
3610.00 7.78364e-06 6.26649e-01 5.28904e-16 4.68829e-03 
3615.88 7.92626e-06 6.28980e-01 5.36270e-16 4.86660e-03 
3620.69 7.96789e-06 6.31010e-01 5.41927e-16 4.96633e-03 
3629.94 7.90127e-06 6.34994e-01 5.51820e-16 5.05927e-03 
3630.00 7.90042e-06 6.35017e-01 5.51875e-16 5.05949e-03 
3638.79 7.94315e-06 6.38580e-01 5.60025e-16 5.20350e-03 
3640.00 8.01880e-06 6.39032e-01 5.61046e-16 5.26811e-03 
3644.02 8.43735e-06 6.40468e-01 5.64280e-16 5.59374e-03 
3650.00 9.18777e-06 6.42454e-01 5.68595e-16 6.16696e-03 
3656.99 9.64778e-06 6.44660e-01 5.72885e-16 6.55952e-03 
3658.11 9.67578e-06 6.45011e-01 5.73496e-16 6.59118e-03 
3670.00 9.48084e-06 6.48738e-01 5.78680e-16 6.57573e-03 
3672.20 9.38967e-06 6.49422e-01 5.79376e-16 6.53112e-03 
3675.27 9.25832e-06 6.50370e-01 5.80211e-16 6.46385e-03 
3686.30 8.96066e-06 6.53712e-01 5.81890e-16 6.32530e-03 
3690.00 9.00310e-06 6.54820e-01 5.81993e-16 6.37355e-03 
3693.65 9.14164e-06 6.55910e-01 5.81872e-16 6.48746e-03 
3700.41 9.47519e-06 6.57931e-01 5.81063e-16 6.74784e-03 
3710.00 9.43462e-06 6.60784e-01 5.78636e-16 6.73732e-03 
3712.12 9.24953e-06 6.61410e-01 5.77902e-16 6.60678e-03 
3714.53 8.96224e-06 6.62121e-01 5.76979e-16 6.40238e-03 
3728.66 6.94044e-06 6.66237e-01 5.69774e-16 4.94532e-03 
3730.00 6.82783e-06 6.66625e-01 5.68934e-16 4.86248e-03 
3730.68 6.78260e-06 6.66820e-01 5.68500e-16 4.82888e-03 
3742.79 7.02790e-06 6.70283e-01 5.59631e-16 4.96712e-03 
3749.33 7.64028e-06 6.72120e-01 5.54008e-16 5.36970e-03 
3750.00 7.70813e-06 6.72306e-01 5.53401e-16 5.41391e-03 
3756.94 8.39122e-06 6.74212e-01 5.46771e-16 5.85038e-03 
3768.08 9.22842e-06 6.77090e-01 5.34902e-16 6.34003e-03 
3770.00 9.31646e-06 6.77554e-01 5.32710e-16 6.38191e-03 
3771.09 9.35693e-06 6.77812e-01 5.31450e-16 6.39876e-03 
3785.25 9.55230e-06 6.80971e-01 5.13949e-16 6.37050e-03 
3786.92 9.57404e-06 6.81330e-01 5.11758e-16 6.36395e-03 
3790.00 9.63778e-06 6.81995e-01 5.07644e-16 6.36619e-03 
3799.42 9.91156e-06 6.84146e-01 4.94565e-16 6.41437e-03 
3805.85 9.76639e-06 6.85850e-01 4.85230e-16 6.22710e-03 
3810.00 9.33701e-06 6.87097e-01 4.79055e-16 5.89467e-03 
3813.60 8.69544e-06 6.88254e-01 4.73607e-16 5.44147e-03 
3824.88 6.22248e-06 6.92030e-01 4.56017e-16 3.78103e-03 
3827.78 5.79674e-06 6.92970e-01 4.51386e-16 3.49396e-03 
3830.00 5.61137e-06 6.93671e-01 4.47821e-16 3.36085e-03 
3841.98 6.53219e-06 6.97245e-01 4.28211e-16 3.77207e-03 
3844.01 6.83022e-06 6.97820e-01 4.24839e-16 3.91841e-03 
3850.00 7.55976e-06 6.99481e-01 4.14810e-16 4.25125e-03 
3856.18 7.78695e-06 7.01143e-01 4.04379e-16 4.28591e-03 
3863.23 7.60392e-06 7.02990e-01 3.92406e-16 4.07940e-03 
3870.00 7.37930e-06 7.04733e-01 3.80844e-16 3.85852e-03 
3870.39 7.37326e-06 7.04833e-01 3.80174e-16 3.84952e-03 
3882.54 7.79455e-06 7.07900e-01 3.59395e-16 3.87592e-03 
3884.61 7.98924e-06 7.08417e-01 3.55861e-16 3.93863e-03 
3890.00 8.67411e-06 7.09758e-01 3.46674e-16 4.17955e-03 
3898.84 1.00871e-05 7.11938e-01 3.31681e-16 4.67507e-03 
3901.96 1.04368e-05 7.12700e-01 3.26430e-16 4.76944e-03 
3910.00 1.02425e-05 7.14655e-01 3.12963e-16 4.50916e-03 
3913.08 9.58445e-06 7.15398e-01 3.07854e-16 4.15816e-03 
3921.46 6.97136e-06 7.17420e-01 2.94065e-16 2.90340e-03 
3927.32 5.59054e-06 7.18831e-01 2.84570e-16 2.26094e-03 
3930.00 5.38993e-06 7.19477e-01 2.80269e-16 2.15027e-03 
3941.07 7.50500e-06 7.22170e-01 2.62779e-16 2.82565e-03 
3941.58 7.64435e-06 7.22294e-01 2.61994e-16 2.87038e-03 
3950.00 9.17055e-06 7.24351e-01 2.49049e-16 3.28965e-03 
3955.84 8.59037e-06 7.25719e-01 2.40264e-16 2.98285e-03 
3960.78 7.49641e-06 7.26800e-01 2.32961e-16 2.53079e-03 
3970.00 6.32821e-06 7.28616e-01 2.19648e-16 2.02405e-03 
3970.11 6.33435e-06 7.28637e-01 2.19492e-16 2.02469e-03 
3980.58 9.10346e-06 7.30710e-01 2.04917e-16 2.73148e-03 
3984.39 1.05919e-05 7.31553e-01 1.99762e-16 3.10470e-03 
3990.00 1.24601e-05 7.32880e-01 1.92313e-16 3.52744e-03 
3998.68 1.36076e-05 7.35031e-01 1.81138e-16 3.64700e-03 
4000.48 1.36376e-05 7.35480e-01 1.78865e-16 3.61301e-03 
4010.00 1.33341e-05 7.37793e-01 1.67199e-16 3.32046e-03 
4012.97 1.32485e-05 7.38498e-01 1.63660e-16 3.23480e-03 
4020.49 1.31797e-05 7.40250e-01 1.54945e-16 3.05959e-03 
4027.28 1.31906e-05 7.41799e-01 1.47347e-16 2.92298e-03 
4030.00 1.31859e-05 7.42413e-01 1.44378e-16 2.86738e-03 
4040.59 1.30159e-05 7.44770e-01 1.33226e-16 2.62697e-03 
4041.59 1.29873e-05 7.44992e-01 1.32203e-16 2.60248e-03 
4050.00 1.26673e-05 7.46838e-01 1.23852e-16 2.38886e-03 
4055.92 1.23829e-05 7.48123e-01 1.18215e-16 2.23605e-03 
4060.79 1.21987e-05 7.49170e-01 1.13714e-16 2.12443e-03 
4070.00 1.22725e-05 7.51117e-01 1.05570e-16 1.99387e-03 
4070.25 1.22858e-05 7.51169e-01 1.05358e-16 1.99230e-03 
4081.10 1.33038e-05 7.53430e-01 9.63597e-17 1.98433e-03 
4084.59 1.36577e-05 7.54154e-01 9.35966e-17 1.98230e-03 
4090.00 1.40342e-05 7.55274e-01 8.94329e-17 1.95181e-03 
4098.93 1.39857e-05 7.57114e-01 8.28849e-17 1.81098e-03 
4101.50 1.38766e-05 7.57640e-01 8.10753e-17 1.75995e-03 
4110.00 1.35201e-05 7.59372e-01 7.53121e-17 1.59979e-03 
4113.29 1.34661e-05 7.60040e-01 7.31719e-17 1.55073e-03 
4122.01 1.35350e-05 7.61810e-01 6.77395e-17 1.44937e-03 
4127.66 1.36293e-05 7.62955e-01 6.44015e-17 1.39153e-03 
4130.00 1.36549e-05 7.63427e-01 6.30561e-17 1.36665e-03 
4142.03 1.36135e-05 7.65761e-01 5.65144e-17 1.22845e-03 
4142.62 1.36093e-05 7.65870e-01 5.62089e-17 1.22178e-03 
4150.00 1.36006e-05 7.67187e-01 5.25010e-17 1.14445e-03 
4156.41 1.36901e-05 7.68301e-01 4.94494e-17 1.08828e-03 
4163.33 1.37909e-05 7.69530e-01 4.63261e-17 1.03040e-03 
4170.00 1.37568e-05 7.70780e-01 4.34776e-17 9.67771e-04 
4170.80 1.37376e-05 7.70935e-01 4.31448e-17 9.59402e-04 
4184.15 1.31629e-05 7.73560e-01 3.79273e-17 8.13445e-04 
4185.20 1.31217e-05 7.73768e-01 3.75395e-17 8.03022e-04 
4190.00 1.29994e-05 7.74711e-01 3.58178e-17 7.60851e-04 
4199.61 1.31119e-05 7.76579e-01 3.25737e-17 7.01217e-04 
4205.07 1.32329e-05 7.77630e-01 3.08483e-17 6.71977e-04 
4210.00 1.32622e-05 7.78573e-01 2.93592e-17 6.42484e-04 
4214.03 1.31855e-05 7.79337e-01 2.81897e-17 6.14518e-04 
4226.10 1.27396e-05 7.81580e-01 2.49293e-17 5.28084e-04 
4228.45 1.26823e-05 7.82008e-01 2.43323e-17 5.13687e-04 
4230.00 1.26605e-05 7.82286e-01 2.39482e-17 5.05072e-04 
4242.89 1.28352e-05 7.84554e-01 2.09494e-17 4.50588e-04 
4247.23 1.28867e-05 7.85300e-01 2.00186e-17 4.33153e-04 
4250.00 1.28748e-05 7.85774e-01 1.94428e-17 4.20831e-04 
4257.33 1.26355e-05 7.87021e-01 1.79919e-17 3.83457e-04 
4268.46 1.20534e-05 7.88930e-01 1.59753e-17 3.26433e-04 
4270.00 1.19869e-05 7.89198e-01 1.57133e-17 3.19529e-04 
4271.78 1.19202e-05 7.89510e-01 1.54143e-17 3.11960e-04 
4286.24 1.12800e-05 7.92071e-01 1.31746e-17 2.53986e-04 
4289.80 1.09258e-05 7.92700e-01 1.26707e-17 2.36988e-04 
4290.00 1.09023e-05 7.92735e-01 1.26435e-17 2.35989e-04 
4300.71 9.37553e-06 7.94598e-01 1.12341e-17 1.81194e-04 
4310.00 9.08591e-06 7.96171e-01 1.01304e-17 1.59001e-04 
4311.25 9.22439e-06 7.96380e-01 9.98931e-18 1.59265e-04 
4315.19 9.92866e-06 7.97031e-01 9.55758e-18 1.64300e-04 
4329.68 1.32102e-05 7.99390e-01 8.11318e-18 1.86741e-04 
4330.00 1.32475e-05 7.99443e-01 8.08354e-18 1.86609e-04 
4332.81 1.34454e-05 7.99900e-01 7.82878e-18 1.83652e-04 
4344.17 1.28927e-05 8.01763e-01 6.87209e-18 1.55349e-04 
4350.00 1.26163e-05 8.02715e-01 6.42479e-18 1.42484e-04 
4354.47 1.27640e-05 8.03440e-01 6.09988e-18 1.37126e-04 
4358.68 1.31101e-05 8.04113e-01 5.80847e-18 1.34358e-04 
4370.00 1.39360e-05 8.05880e-01 5.08696e-18 1.25682e-04 
4373.19 1.38871e-05 8.06363e-01 4.89926e-18 1.20780e-04 
4376.25 1.37155e-05 8.06820e-01 4.72565e-18 1.15206e-04 
4387.71 1.27639e-05 8.08478e-01 4.12397e-18 9.40003e-05 
4390.00 1.26563e-05 8.08799e-01 4.01288e-18 9.07801e-05 
4398.13 1.27716e-05 8.09920e-01 3.64047e-18 8.33751e-05 
4402.24 1.30384e-05 8.10472e-01 3.46448e-18 8.11330e-05 
4410.00 1.36749e-05 8.11407e-01 3.15435e-18 7.77026e-05 
4416.78 1.41625e-05 8.12000e-01 2.90481e-18 7.42752e-05 
4420.12 1.43490e-05 8.12180e-01 2.78903e-18 7.23243e-05 
4430.00 1.46331e-05 8.12338e-01 2.47103e-18 6.55055e-05 
4431.33 1.46358e-05 8.12349e-01 2.43094e-18 6.44750e-05 
4442.22 1.44872e-05 8.12830e-01 2.12517e-18 5.59627e-05 
4445.89 1.44508e-05 8.13274e-01 2.03061e-18 5.34120e-05 
4450.00 1.44765e-05 8.13947e-01 1.92936e-18 5.09278e-05 
4460.45 1.48923e-05 8.16185e-01 1.69316e-18 4.62118e-05 
4464.43 1.50812e-05 8.17120e-01 1.61074e-18 4.46103e-05 
4470.00 1.52589e-05 8.18407e-01 1.50167e-18 4.21986e-05 
4475.03 1.52801e-05 8.19529e-01 1.40932e-18 3.97576e-05 
4486.75 1.52995e-05 8.21960e-01 1.21451e-18 3.44973e-05 
4489.61 1.54148e-05 8.22505e-01 1.17107e-18 3.35578e-05 
4490.00 1.54367e-05 8.22578e-01 1.16526e-18 3.34444e-05 
4504.20 1.66741e-05 8.25026e-01 9.71501e-19 3.03036e-05 
4509.19 1.68828e-05 8.25810e-01 9.11142e-19 2.88358e-05 
4510.00 1.68840e-05 8.25936e-01 9.01620e-19 2.85460e-05 
4518.80 1.63447e-05 8.27251e-01 8.04668e-19 2.47501e-05 
4530.00 1.53063e-05 8.28833e-01 6.95751e-19 2.01286e-05 
4531.73 1.52254e-05 8.29070e-01 6.80236e-19 1.95888e-05 
4533.41 1.51781e-05 8.29299e-01 6.65483e-19 1.91167e-05 
4548.03 1.56739e-05 8.31216e-01 5.49596e-19 1.63939e-05 
4550.00 1.58111e-05 8.31462e-01 5.35563e-19 1.61269e-05 
4554.39 1.61247e-05 8.32000e-01 5.05516e-19 1.55490e-05 
4562.66 1.66144e-05 8.32971e-01 4.53300e-19 1.44092e-05 
4570.00 1.67449e-05 8.33796e-01 4.11360e-19 1.32130e-05 
4577.16 1.64808e-05 8.34580e-01 3.74106e-19 1.18566e-05 
4577.29 1.64735e-05 8.34594e-01 3.73447e-19 1.18310e-05 
4590.00 1.58404e-05 8.35967e-01 3.15412e-19 9.65091e-06 
4591.94 1.58145e-05 8.36178e-01 3.07370e-19 9.39581e-06 
4600.05 1.59356e-05 8.37070e-01 2.75885e-19 8.52207e-06 
4606.59 1.61304e-05 8.37812e-01 2.52814e-19 7.92313e-06 
4610.00 1.61994e-05 8.38207e-01 2.41577e-19 7.61258e-06 
4621.26 1.61286e-05 8.39565e-01 2.07882e-19 6.54864e-06 
4623.05 1.60946e-05 8.39790e-01 2.02973e-19 6.38470e-06 
4630.00 1.59751e-05 8.40683e-01 1.85009e-19 5.79125e-06 
4635.93 1.59407e-05 8.41461e-01 1.70977e-19 5.35226e-06 
4646.16 1.60330e-05 8.42810e-01 1.49274e-19 4.71786e-06 
4650.00 1.61066e-05 8.43307e-01 1.41896e-19 4.51165e-06 
4650.61 1.61198e-05 8.43385e-01 1.40762e-19 4.48025e-06 
4665.30 1.64534e-05 8.45039e-01 1.16120e-19 3.79177e-06 
4669.39 1.65060e-05 8.45380e-01 1.10115e-19 3.61180e-06 
4670.00 1.65106e-05 8.45424e-01 1.09256e-19 3.58527e-06 
4680.00 1.64568e-05 8.45973e-01 9.61217e-20 3.15276e-06 
4690.00 1.61808e-05 8.46352e-01 8.47716e-20 2.74093e-06 
4692.74 1.60722e-05 8.46460e-01 8.19471e-20 2.63368e-06 
4694.70 1.59902e-05 8.46544e-01 7.99947e-20 2.55915e-06 
4709.42 1.55856e-05 8.47379e-01 6.71005e-20 2.10096e-06 
4710.00 1.55875e-05 8.47419e-01 6.66511e-20 2.08750e-06 
4716.20 1.57182e-05 8.47890e-01 6.20979e-20 1.96488e-06 
4724.15 1.60522e-05 8.48560e-01 5.69136e-20 1.84366e-06 
4730.00 1.62921e-05 8.49001e-01 5.35182e-20 1.76267e-06 
4738.88 1.64871e-05 8.49372e-01 4.90032e-20 1.63706e-06 
4739.79 1.64971e-05 8.49380e-01 4.85830e-20 1.62433e-06 
4750.00 1.65432e-05 8.49137e-01 4.43266e-20 1.48894e-06 
4753.62 1.65486e-05 8.49005e-01 4.30186e-20 1.44635e-06 
4763.48 1.65585e-05 8.48950e-01 3.99484e-20 1.34664e-06 
4768.37 1.65596e-05 8.49245e-01 3.86762e-20 1.30563e-06 
4770.00 1.65593e-05 8.49393e-01 3.82881e-20 1.29317e-06 
4783.14 1.65268e-05 8.51302e-01 3.57490e-20 1.21108e-06 
4787.30 1.64970e-05 8.52090e-01 3.51533e-20 1.19089e-06 
4790.00 1.64703e-05 8.52627e-01 3.48183e-20 1.17903e-06 
4797.91 1.63682e-05 8.54268e-01 3.40573e-20 1.15022e-06 
4810.00 1.62974e-05 8.56784e-01 3.34931e-20 1.13244e-06 
4811.24 1.63060e-05 8.57030e-01 3.34743e-20 1.13301e-06 
4812.68 1.63203e-05 8.57312e-01 3.34611e-20 1.13427e-06 
4827.47 1.65124e-05 8.59836e-01 3.38539e-20 1.16809e-06 
4830.00 1.65117e-05 8.60189e-01 3.40138e-20 1.17466e-06 
4835.29 1.64351e-05 8.60840e-01 3.44334e-20 1.18582e-06 
4842.27 1.61505e-05 8.61520e-01 3.51573e-20 1.19245e-06 
4850.00 1.55442e-05 8.62143e-01 3.61806e-20 1.18382e-06 
4857.08 1.47502e-05 8.62715e-01 3.73164e-20 1.16109e-06 
4859.47 1.44861e-05 8.62930e-01 3.77434e-20 1.15420e-06 
4870.00 1.38837e-05 8.64046e-01 3.98713e-20 1.17261e-06 
4871.89 1.39368e-05 8.64264e-01 4.02965e-20 1.19041e-06 
4883.77 1.50783e-05 8.65600e-01 4.32640e-20 1.38827e-06 
4886.71 1.54027e-05 8.65898e-01 4.40792e-20 1.44623e-06 
4890.00 1.56950e-05 8.66211e-01 4.50251e-20 1.50686e-06 
4901.55 1.59376e-05 8.67240e-01 4.86605e-20 1.65956e-06 
4908.19 1.57535e-05 8.67850e-01 5.09703e-20 1.72180e-06 
4910.00 1.56929e-05 8.68027e-01 5.16291e-20 1.73834e-06 
4916.39 1.55021e-05 8.68685e-01 5.40480e-20 1.80137e-06 
4930.00 1.53675e-05 8.70180e-01 5.97084e-20 1.98161e-06 
4931.24 1.53830e-05 8.70317e-01 6.02597e-20 2.00274e-06 
4932.73 1.54083e-05 8.70480e-01 6.09276e-20 2.02926e-06 
4946.10 1.58273e-05 8.71855e-01 6.73214e-20 2.31308e-06 
4950.00 1.59603e-05 8.72208e-01 6.93179e-20 2.40456e-06 
4957.39 1.61455e-05 8.72790e-01 7.32717e-20 2.57676e-06 
4960.97 1.61884e-05 8.73025e-01 7.52664e-20 2.65657e-06 
4970.00 1.61048e-05 8.73520e-01 8.05354e-20 2.83462e-06 
4975.85 1.58788e-05 8.73812e-01 8.41336e-20 2.92412e-06 
4982.18 1.55274e-05 8.74150e-01 8.81939e-20 3.00239e-06 
4990.00 1.50418e-05 8.74590e-01 9.34564e-20 3.08843e-06 
4990.74 1.49975e-05 8.74624e-01 9.39663e-20 3.09670e-06 
5005.63 1.44058e-05 8.74395e-01 1.04812e-19 3.32689e-06 
5007.09 1.43981e-05 8.74230e-01 1.05928e-19 3.36086e-06 
5010.00 1.44209e-05 8.73800e-01 1.08189e-19 3.43834e-06 
5020.54 1.48468e-05 8.71304e-01 1.16721e-19 3.81614e-06 
5030.00 1.52387e-05 8.68200e-01 1.24851e-19 4.18264e-06 
5032.12 1.52713e-05 8.67440e-01 1.26740e-19 4.25306e-06 
5035.45 1.52792e-05 8.66231e-01 1.29745e-19 4.35300e-06 
5050.00 1.52135e-05 8.61755e-01 1.43565e-19 4.78493e-06 
5050.38 1.52199e-05 8.61678e-01 1.43939e-19 4.79933e-06 
5057.29 1.54361e-05 8.60840e-01 1.50916e-19 5.10547e-06 
5065.31 1.57276e-05 8.61432e-01 1.59355e-19 5.50527e-06 
5070.00 1.57907e-05 8.62443e-01 1.64455e-19 5.71625e-06 
5080.25 1.55088e-05 8.65808e-01 1.76049e-19 6.04563e-06 
5082.57 1.54118e-05 8.66710e-01 1.78757e-19 6.10938e-06 
5090.00 1.51807e-05 8.69743e-01 1.87647e-19 6.34839e-06 
5095.20 1.51729e-05 8.71896e-01 1.94074e-19 6.58544e-06 
5107.98 1.53933e-05 8.76680e-01 2.10566e-19 7.30691e-06 
5110.00 1.54084e-05 8.77309e-01 2.13260e-19 7.41587e-06 
5110.17 1.54089e-05 8.77359e-01 2.13482e-19 7.42451e-06 
5125.13 1.51579e-05 8.80873e-01 2.34322e-19 8.07226e-06 
5130.00 1.50451e-05 8.81683e-01 2.41409e-19 8.26996e-06 
5133.52 1.49835e-05 8.82200e-01 2.46641e-19 8.42528e-06 
5140.11 1.48714e-05 8.83046e-01 2.56643e-19 8.72090e-06 
5150.00 1.45045e-05 8.84074e-01 2.72200e-19 9.04924e-06 
5155.10 1.41397e-05 8.84513e-01 2.80489e-19 9.10379e-06 
5159.19 1.37948e-05 8.84830e-01 2.87265e-19 9.10673e-06 
5170.00 1.29960e-05 8.85558e-01 3.05728e-19 9.15748e-06 
5170.10 1.29912e-05 8.85564e-01 3.05900e-19 9.15946e-06 
5184.99 1.29464e-05 8.86420e-01 3.32697e-19 9.96573e-06 
5185.11 1.29509e-05 8.86427e-01 3.32913e-19 9.97598e-06 
5190.00 1.31973e-05 8.86698e-01 3.42073e-19 1.04585e-05 
5200.12 1.39438e-05 8.87223e-01 3.61560e-19 1.17093e-05 
5210.00 1.45513e-05 8.87622e-01 3.81300e-19 1.29168e-05 
5210.91 1.45826e-05 8.87650e-01 3.83161e-19 1.30105e-05 
5215.15 1.46687e-05 8.87760e-01 3.91865e-19 1.33972e-05 
5230.00 1.48006e-05 8.87880e-01 4.23458e-19 1.46511e-05 
5230.18 1.48061e-05 8.87880e-01 4.23850e-19 1.46706e-05 
5236.97 1.50979e-05 8.87810e-01 4.38840e-19 1.55076e-05 
5245.22 1.53588e-05 8.87644e-01 4.57529e-19 1.64704e-05 
5250.00 1.52563e-05 8.87528e-01 4.68575e-19 1.67684e-05 
5260.28 1.42703e-05 8.87297e-01 4.92908e-19 1.65272e-05 
5263.15 1.39612e-05 8.87250e-01 4.99862e-19 1.64055e-05 
5270.00 1.35193e-05 8.87185e-01 5.16658e-19 1.64402e-05 
5275.34 1.36499e-05 8.87174e-01 5.29989e-19 1.70443e-05 
5289.47 1.50596e-05 8.87240e-01 5.66298e-19 2.01482e-05 
5290.00 1.51119e-05 8.87244e-01 5.67692e-19 2.02700e-05 
5290.41 1.51509e-05 8.87247e-01 5.68764e-19 2.03623e-05 
5305.49 1.57698e-05 8.87440e-01 6.09218e-19 2.27713e-05 
5310.00 1.55989e-05 8.87560e-01 6.21639e-19 2.30064e-05 
5315.92 1.51309e-05 8.87790e-01 6.38146e-19 2.29402e-05 
5320.58 1.46888e-05 8.88038e-01 6.51329e-19 2.27562e-05 
5330.00 1.41063e-05 8.88678e-01 6.78436e-19 2.28200e-05 
5335.68 1.42127e-05 8.89118e-01 6.95065e-19 2.35925e-05 
5342.50 1.46449e-05 8.89660e-01 7.15330e-19 2.50660e-05 
5350.00 1.51175e-05 8.90244e-01 7.37996e-19 2.67498e-05 
5350.78 1.51492e-05 8.90305e-01 7.40388e-19 2.68985e-05 
5365.90 1.51444e-05 8.91552e-01 7.87250e-19 2.87130e-05 
5369.21 1.50864e-05 8.91860e-01 7.97693e-19 2.90102e-05 
5370.00 1.50747e-05 8.91936e-01 8.00205e-19 2.90858e-05 
5381.03 1.49980e-05 8.92876e-01 8.35595e-19 3.03115e-05 
5390.00 1.49000e-05 8.92929e-01 8.64927e-19 3.12245e-05 
5396.05 1.47392e-05 8.92260e-01 8.84990e-19 3.16158e-05 
5396.17 1.47358e-05 8.92241e-01 8.85360e-19 3.16216e-05 
5410.00 1.43958e-05 8.88614e-01 9.31999e-19 3.24703e-05 
5411.31 1.43898e-05 8.88235e-01 9.36471e-19 3.26065e-05 
5423.03 1.45668e-05 8.85840e-01 9.76888e-19 3.44137e-05 
5426.47 1.46646e-05 8.85718e-01 9.88850e-19 3.50861e-05 
5430.00 1.47695e-05 8.85872e-01 1.00124e-18 3.58094e-05 
5441.63 1.50524e-05 8.87523e-01 1.04241e-18 3.81484e-05 
5450.00 1.51239e-05 8.88754e-01 1.07243e-18 3.95488e-05 
5450.15 1.51237e-05 8.88770e-01 1.07297e-18 3.95700e-05 
5456.80 1.50670e-05 8.89182e-01 1.09705e-18 4.03743e-05 
5470.00 1.48452e-05 8.89325e-01 1.14535e-18 4.16382e-05 
5471.99 1.48203e-05 8.89387e-01 1.15267e-18 4.18524e-05 
5477.40 1.47747e-05 8.89760e-01 1.17271e-18 4.25092e-05 
5487.18 1.47467e-05 8.91338e-01 1.20916e-18 4.39031e-05 
5490.00 1.47446e-05 8.91938e-01 1.21974e-18 4.43332e-05 
5502.38 1.47377e-05 8.94636e-01 1.26641e-18 4.62513e-05 
5504.79 1.47375e-05 8.95080e-01 1.27553e-18 4.66274e-05 
5510.00 1.47393e-05 8.95864e-01 1.29534e-18 4.74435e-05 
5517.59 1.47516e-05 8.96643e-01 1.32429e-18 4.86535e-05 
5530.00 1.48341e-05 8.97365e-01 1.37186e-18 5.08383e-05 
5532.31 1.48625e-05 8.97470e-01 1.38075e-18 5.12929e-05 
5532.81 1.48690e-05 8.97493e-01 1.38267e-18 5.13927e-05 
5548.04 1.50154e-05 8.98157e-01 1.44143e-18 5.42932e-05 
5550.00 1.50091e-05 8.98230e-01 1.44902e-18 5.45798e-05 
5559.97 1.48471e-05 8.98510e-01 1.48762e-18 5.55459e-05 
5563.28 1.47609e-05 8.98560e-01 1.50043e-18 5.57355e-05 
5570.00 1.45692e-05 8.98594e-01 1.52648e-18 5.60363e-05 
5578.53 1.43527e-05 8.98533e-01 1.55953e-18 5.64814e-05 
5587.77 1.42495e-05 8.98370e-01 1.59533e-18 5.74473e-05 
5590.00 1.42575e-05 8.98320e-01 1.60395e-18 5.78098e-05 
5593.79 1.43048e-05 8.98227e-01 1.61859e-18 5.85644e-05 
5609.05 1.46562e-05 8.97729e-01 1.67745e-18 6.23203e-05 
5610.00 1.46721e-05 8.97691e-01 1.68110e-18 6.25316e-05 
5615.71 1.47286e-05 8.97440e-01 1.70302e-18 6.36376e-05 
5624.33 1.47328e-05 8.97014e-01 1.73599e-18 6.49568e-05 
5630.00 1.47250e-05 8.96754e-01 1.75759e-18 6.57774e-05 
5639.62 1.47390e-05 8.96471e-01 1.79404e-18 6.72991e-05 
5643.79 1.47339e-05 8.96450e-01 1.80979e-18 6.79151e-05 
5650.00 1.46817e-05 8.96519e-01 1.83311e-18 6.86271e-05 
5654.91 1.45903e-05 8.96502e-01 1.85147e-18 6.89414e-05 
5670.00 1.43417e-05 8.94356e-01 1.90733e-18 6.98303e-05 
5670.22 1.43418e-05 8.94288e-01 1.90813e-18 6.98570e-05 
5672.01 1.43483e-05 8.93670e-01 1.91470e-18 7.01032e-05 
5685.53 1.45255e-05 8.86796e-01 1.96386e-18 7.24039e-05 
5690.00 1.45264e-05 8.84326e-01 1.97993e-18 7.28545e-05 
5700.37 1.43060e-05 8.80060e-01 2.01682e-18 7.28659e-05 
5700.86 1.42946e-05 8.79944e-01 2.01854e-18 7.28668e-05 
5710.00 1.42351e-05 8.79226e-01 2.05059e-18 7.37732e-05 
5716.19 1.44528e-05 8.79780e-01 2.07202e-18 7.58140e-05 
5728.87 1.50067e-05 8.81170e-01 2.11522e-18 8.06665e-05 
5730.00 1.50244e-05 8.81201e-01 2.11902e-18 8.09255e-05 
5731.53 1.50332e-05 8.81204e-01 2.12416e-18 8.11916e-05 
5746.88 1.46299e-05 8.79891e-01 2.17484e-18 8.09938e-05 
5750.00 1.45626e-05 8.79583e-01 2.18493e-18 8.10108e-05 
5757.52 1.45651e-05 8.79250e-01 2.20898e-18 8.19929e-05 
5762.25 1.46269e-05 8.79506e-01 2.22392e-18 8.29899e-05 
5770.00 1.46785e-05 8.80700e-01 2.24803e-18 8.44131e-05 
5777.62 1.45498e-05 8.82649e-01 2.27128e-18 8.48374e-05 
5786.30 1.43331e-05 8.85570e-01 2.29722e-18 8.49354e-05 
5790.00 1.42790e-05 8.86974e-01 2.30807e-18 8.52043e-05 
5793.00 1.42697e-05 8.88153e-01 2.31680e-18 8.56284e-05 
5808.39 1.45287e-05 8.94010e-01 2.36038e-18 8.96462e-05 
5810.00 1.45645e-05 8.94538e-01 2.36482e-18 9.01142e-05 
5815.23 1.46652e-05 8.96050e-01 2.37910e-18 9.15214e-05 
5823.79 1.47494e-05 8.97807e-01 2.40191e-18 9.32486e-05 
5830.00 1.47204e-05 8.98789e-01 2.41805e-18 9.38934e-05 
5839.20 1.45410e-05 9.00370e-01 2.44130e-18 9.39535e-05 
5844.31 1.44392e-05 9.01570e-01 2.45386e-18 9.39827e-05 
5850.00 1.43901e-05 9.03191e-01 2.46755e-18 9.44472e-05 
5854.62 1.44247e-05 9.04192e-01 2.47844e-18 9.52729e-05 
5870.00 1.43929e-05 8.98394e-01 2.51317e-18 9.60279e-05 
5870.05 1.43909e-05 8.98339e-01 2.51328e-18 9.60138e-05 
5873.53 1.42109e-05 8.93670e-01 2.52081e-18 9.46588e-05 
5885.49 1.34269e-05 8.67672e-01 2.54571e-18 8.78710e-05 
5890.00 1.33011e-05 8.56294e-01 2.55473e-18 8.62767e-05 
5900.94 1.37148e-05 8.33260e-01 2.57570e-18 8.74396e-05 
5902.90 1.38400e-05 8.30580e-01 2.57933e-18 8.81077e-05 
5910.00 1.42272e-05 8.25761e-01 2.59211e-18 9.06019e-05 
5916.39 1.43437e-05 8.26387e-01 2.60317e-18 9.19024e-05 
5930.00 1.41824e-05 8.34097e-01 2.62521e-18 9.27065e-05 
5931.86 1.41637e-05 8.35035e-01 2.62807e-18 9.28184e-05 
5932.41 1.41594e-05 8.35280e-01 2.62891e-18 9.28558e-05 
5947.34 1.41768e-05 8.37727e-01 2.65038e-18 9.42398e-05 
5950.00 1.41897e-05 8.37892e-01 2.65395e-18 9.45134e-05 
5962.08 1.42141e-05 8.41210e-01 2.66915e-18 9.57897e-05 
5962.83 1.42137e-05 8.41656e-01 2.67005e-18 9.58819e-05 
5970.00 1.41989e-05 8.47536e-01 2.67825e-18 9.68640e-05 
5978.32 1.41568e-05 8.56950e-01 2.68706e-18 9.81068e-05 
5990.00 1.40511e-05 8.71631e-01 2.69811e-18 9.96440e-05 
5991.89 1.40288e-05 8.73880e-01 2.69975e-18 9.98349e-05 
5993.83 1.40048e-05 8.76105e-01 2.70140e-18 1.00011e-04 
6009.34 1.38254e-05 8.90696e-01 2.71306e-18 1.01069e-04 
6010.00 1.38202e-05 8.91196e-01 2.71349e-18 1.01115e-04 
6021.85 1.37882e-05 8.98810e-01 2.72050e-18 1.02207e-04 
6024.87 1.37990e-05 9.00351e-01 2.72204e-18 1.02571e-04 
6030.00 1.38355e-05 9.02636e-01 2.72442e-18 1.03281e-04 
6040.41 1.39611e-05 9.06178e-01 2.72836e-18 1.04960e-04 
6050.00 1.40590e-05 9.08438e-01 2.73093e-18 1.06228e-04 
6051.96 1.40682e-05 9.08810e-01 2.73133e-18 1.06391e-04 
6055.95 1.40730e-05 9.09498e-01 2.73203e-18 1.06605e-04 
6070.00 1.39562e-05 9.11325e-01 2.73308e-18 1.06220e-04 
6071.50 1.39329e-05 9.11483e-01 2.73307e-18 1.06087e-04 
6082.21 1.37481e-05 9.12510e-01 2.73228e-18 1.04952e-04 
6087.07 1.36796e-05 9.12963e-01 2.73152e-18 1.04535e-04 
6090.00 1.36514e-05 9.13237e-01 2.73094e-18 1.04379e-04 
6102.64 1.36101e-05 9.14411e-01 2.72742e-18 1.04279e-04 
6110.00 1.35270e-05 9.15071e-01 2.72460e-18 1.03734e-04 
6112.63 1.34667e-05 9.15300e-01 2.72347e-18 1.03300e-04 
6118.23 1.33034e-05 9.15774e-01 2.72081e-18 1.02093e-04 
6130.00 1.30501e-05 9.16701e-01 2.71418e-18 1.00199e-04 
6133.82 1.30620e-05 9.16979e-01 2.71174e-18 1.00293e-04 
6143.19 1.31981e-05 9.17610e-01 2.70514e-18 1.01316e-04 
6149.42 1.32265e-05 9.17988e-01 2.70028e-18 1.01496e-04 
6150.00 1.32217e-05 9.18022e-01 2.69981e-18 1.01454e-04 
6165.04 1.28316e-05 9.18822e-01 2.68648e-18 9.83000e-05 
6170.00 1.27791e-05 9.19064e-01 2.68161e-18 9.78253e-05 
6173.91 1.28305e-05 9.19250e-01 2.67763e-18 9.81546e-05 
6180.66 1.30541e-05 9.19560e-01 2.67041e-18 9.97383e-05 
6190.00 1.33963e-05 9.19909e-01 2.65976e-18 1.02138e-04 
6196.29 1.34948e-05 9.20050e-01 2.65215e-18 1.02714e-04 
6204.77 1.34711e-05 9.20060e-01 2.64136e-18 1.02258e-04 
6210.00 1.34101e-05 9.19948e-01 2.63441e-18 1.01600e-04 
6211.93 1.33848e-05 9.19891e-01 2.63177e-18 1.01332e-04 
6227.59 1.31190e-05 9.19533e-01 2.60936e-18 9.86835e-05 
6230.00 1.30619e-05 9.19549e-01 2.60573e-18 9.81572e-05 
6235.80 1.29086e-05 9.19740e-01 2.59682e-18 9.67834e-05 
6243.25 1.27398e-05 9.20251e-01 2.58500e-18 9.52495e-05 
6250.00 1.26953e-05 9.20503e-01 2.57392e-18 9.46378e-05 
6258.92 1.28633e-05 9.19595e-01 2.55876e-18 9.53678e-05 
6266.98 1.31026e-05 9.16620e-01 2.54459e-18 9.64149e-05 
6270.00 1.31781e-05 9.14808e-01 2.53915e-18 9.66192e-05 
6274.60 1.32550e-05 9.11467e-01 2.53076e-18 9.65787e-05 
6290.00 1.32073e-05 8.99474e-01 2.50163e-18 9.41022e-05 
6290.29 1.32025e-05 8.99290e-01 2.50106e-18 9.40319e-05 
6298.31 1.30400e-05 8.95850e-01 2.48528e-18 9.20525e-05 
6305.99 1.28827e-05 8.96125e-01 2.46978e-18 9.05130e-05 
6310.00 1.28268e-05 8.97436e-01 2.46156e-18 9.00089e-05 
6321.71 1.28114e-05 9.03873e-01 2.43700e-18 8.98082e-05 
6329.80 1.28585e-05 9.08850e-01 2.41956e-18 9.01015e-05 
6330.00 1.28596e-05 9.08961e-01 2.41913e-18 9.01068e-05 
6337.43 1.28863e-05 9.12665e-01 2.40282e-18 9.01565e-05 
6350.00 1.28730e-05 9.17254e-01 2.37455e-18 8.96286e-05 
6353.16 1.28584e-05 9.18190e-01 2.36733e-18 8.93903e-05 
6361.45 1.28166e-05 9.20470e-01 2.34813e-18 8.87125e-05 
6368.90 1.28052e-05 9.22456e-01 2.33063e-18 8.82656e-05 
6370.00 1.28077e-05 9.22743e-01 2.32802e-18 8.82271e-05 
6384.65 1.28850e-05 9.26145e-01 2.29282e-18 8.79411e-05 
6390.00 1.28679e-05 9.27082e-01 2.27974e-18 8.74850e-05 
6393.26 1.28290e-05 9.27540e-01 2.27171e-18 8.70012e-05 
6400.41 1.26995e-05 9.28254e-01 2.25398e-18 8.56120e-05 
6410.00 1.25627e-05 9.28960e-01 2.22991e-18 8.39744e-05 
6416.18 1.25703e-05 9.29546e-01 2.21423e-18 8.35679e-05 
6425.23 1.26486e-05 9.31020e-01 2.19105e-18 8.34573e-05 
6430.00 1.26707e-05 9.32187e-01 2.17872e-18 8.32987e-05 
6431.96 1.26683e-05 9.32681e-01 2.17364e-18 8.31584e-05 
6447.75 1.25188e-05 9.33507e-01 2.13232e-18 8.08841e-05 
6450.00 1.25011e-05 9.32717e-01 2.12638e-18 8.05047e-05 
6457.35 1.24794e-05 9.27570e-01 2.10688e-18 7.92790e-05 
6463.55 1.24765e-05 9.19816e-01 2.09035e-18 7.80561e-05 
6470.00 1.24517e-05 9.09576e-01 2.07305e-18 7.64726e-05 
6479.36 1.23471e-05 8.94091e-01 2.04781e-18 7.37382e-05 
6489.64 1.22747e-05 8.81590e-01 2.01992e-18 7.14091e-05 
6490.00 1.22753e-05 8.81315e-01 2.01893e-18 7.13600e-05 
6495.18 1.23140e-05 8.78773e-01 2.00481e-18 7.09354e-05 
6510.00 1.25187e-05 8.82306e-01 1.96419e-18 7.10996e-05 
6511.01 1.25263e-05 8.82921e-01 1.96142e-18 7.11027e-05 
6522.09 1.25276e-05 8.90570e-01 1.93088e-18 7.07293e-05 
6526.85 1.25073e-05 8.93649e-01 1.91772e-18 7.04271e-05 
6530.00 1.24964e-05 8.95505e-01 1.90900e-18 7.02255e-05 
6542.70 1.23953e-05 9.01668e-01 1.87379e-18 6.89773e-05 
6550.00 1.21052e-05 9.04360e-01 1.85351e-18 6.69076e-05 
6554.70 1.17702e-05 9.05810e-01 1.84045e-18 6.47471e-05 
6558.56 1.14594e-05 9.06860e-01 1.82971e-18 6.27796e-05 
6570.00 1.09117e-05 9.09750e-01 1.79789e-18 5.90289e-05 
6574.43 1.10421e-05 9.11014e-01 1.78556e-18 5.94476e-05 
6587.47 1.20318e-05 9.16320e-01 1.74929e-18 6.39562e-05 
6590.00 1.21937e-05 9.17748e-01 1.74226e-18 6.46819e-05 
6590.31 1.22105e-05 9.17933e-01 1.74140e-18 6.47551e-05 
6606.20 1.23862e-05 9.28923e-01 1.69731e-18 6.49460e-05 
6610.00 1.23370e-05 9.31615e-01 1.68678e-18 6.45107e-05 
6620.41 1.22554e-05 9.37980e-01 1.65800e-18 6.35206e-05 
6622.10 1.22491e-05 9.38793e-01 1.65334e-18 6.33802e-05 
6630.00 1.22358e-05 9.41721e-01 1.63157e-18 6.27476e-05 
6638.01 1.22341e-05 9.43540e-01 1.60956e-18 6.20868e-05 
6650.00 1.21916e-05 9.45045e-01 1.57674e-18 6.08161e-05 
6653.51 1.21591e-05 9.45390e-01 1.56717e-18 6.03394e-05 
6653.93 1.21547e-05 9.45432e-01 1.56603e-18 6.02803e-05 
6669.86 1.20369e-05 9.47195e-01 1.52280e-18 5.82958e-05 
6670.00 1.20372e-05 9.47212e-01 1.52242e-18 5.82849e-05 
6685.80 1.21696e-05 9.49007e-01 1.47992e-18 5.75257e-05 
6686.78 1.21740e-05 9.49110e-01 1.47730e-18 5.74594e-05 
6690.00 1.21753e-05 9.49440e-01 1.46870e-18 5.71779e-05 
6701.75 1.20298e-05 9.50501e-01 1.43745e-18 5.54518e-05 
6710.00 1.19333e-05 9.51102e-01 1.41567e-18 5.42745e-05 
6717.71 1.19512e-05 9.51550e-01 1.39543e-18 5.36656e-05 
6720.21 1.19715e-05 9.51670e-01 1.38889e-18 5.35313e-05 
6730.00 1.20363e-05 9.52050e-01 1.36343e-18 5.29327e-05 
6733.68 1.20305e-05 9.52178e-01 1.35390e-18 5.25734e-05 
6749.66 1.18958e-05 9.52931e-01 1.31291e-18 5.05702e-05 
6750.00 1.18935e-05 9.52954e-01 1.31205e-18 5.05311e-05 
6753.81 1.18748e-05 9.53240e-01 1.30235e-18 5.01219e-05 
6765.65 1.18670e-05 9.54339e-01 1.27248e-18 4.90825e-05 
6770.00 1.18686e-05 9.54685e-01 1.26159e-18 4.87181e-05 
6781.65 1.18467e-05 9.54922e-01 1.23265e-18 4.76062e-05 
6787.58 1.18201e-05 9.54420e-01 1.21806e-18 4.69536e-05 
6790.00 1.18064e-05 9.54059e-01 1.21214e-18 4.66700e-05 
6797.66 1.17569e-05 9.52619e-01 1.19346e-18 4.57407e-05 
6810.00 1.17169e-05 9.51377e-01 1.16373e-18 4.44720e-05 
6813.69 1.17279e-05 9.51776e-01 1.15492e-18 4.42197e-05 
6821.52 1.17652e-05 9.54590e-01 1.13634e-18 4.38257e-05 
6829.72 1.17629e-05 9.60352e-01 1.11708e-18 4.33863e-05 
6830.00 1.17611e-05 9.60562e-01 1.11642e-18 4.33654e-05 
6845.76 1.15533e-05 9.64741e-01 1.07994e-18 4.14821e-05 
6850.00 1.15135e-05 9.60861e-01 1.07024e-18 4.08284e-05 
6855.63 1.15055e-05 9.50390e-01 1.05746e-18 3.99061e-05 
6861.81 1.15370e-05 9.31186e-01 1.04352e-18 3.87252e-05 
6870.00 1.15921e-05 8.98377e-01 1.02524e-18 3.69256e-05 
6877.87 1.16110e-05 8.66509e-01 1.00785e-18 3.51090e-05 
6889.91 1.15820e-05 8.35320e-01 9.81640e-19 3.29402e-05 
6890.00 1.15817e-05 8.35222e-01 9.81437e-19 3.29289e-05 
6893.94 1.15643e-05 8.33441e-01 9.72943e-19 3.25442e-05 
6910.00 1.14913e-05 8.56538e-01 9.38859e-19 3.21453e-05 
6910.03 1.14912e-05 8.56594e-01 9.38803e-19 3.21454e-05 
6924.36 1.14510e-05 8.78320e-01 9.09060e-19 3.18708e-05 
6926.12 1.14467e-05 8.78649e-01 9.05445e-19 3.17521e-05 
6930.00 1.14366e-05 8.77168e-01 8.97520e-19 3.14111e-05 
6942.22 1.13985e-05 8.60527e-01 8.72876e-19 2.99218e-05 
6950.00 1.13756e-05 8.48745e-01 8.57434e-19 2.89643e-05 
6958.33 1.13590e-05 8.43573e-01 8.41101e-19 2.82318e-05 
6958.98 1.13581e-05 8.43710e-01 8.39850e-19 2.81948e-05 
6970.00 1.13555e-05 8.57896e-01 8.18608e-19 2.79817e-05 
6974.46 1.13604e-05 8.67636e-01 8.10126e-19 2.80361e-05 
6990.00 1.12985e-05 8.99165e-01 7.81043e-19 2.79213e-05 
6990.59 1.12908e-05 8.99872e-01 7.79952e-19 2.78876e-05 
6993.77 1.12416e-05 9.02570e-01 7.74099e-19 2.76529e-05 
7006.73 1.10192e-05 8.95248e-01 7.50580e-19 2.61173e-05 
7010.00 1.09908e-05 8.90458e-01 7.44738e-19 2.57210e-05 
7022.89 1.10559e-05 8.70718e-01 7.22009e-19 2.45726e-05 
7028.74 1.11172e-05 8.65590e-01 7.11858e-19 2.42383e-05 
7030.00 1.11281e-05 8.65112e-01 7.09689e-19 2.41792e-05 
7039.05 1.11663e-05 8.67880e-01 6.94235e-19 2.38404e-05 
7050.00 1.11441e-05 8.80939e-01 6.75886e-19 2.35492e-05 
7055.23 1.11192e-05 8.88703e-01 6.67255e-19 2.34184e-05 
7063.88 1.10700e-05 9.00630e-01 6.53144e-19 2.31564e-05 
7070.00 1.10354e-05 9.06793e-01 6.43317e-19 2.29120e-05 
7071.41 1.10280e-05 9.07937e-01 6.41064e-19 2.28498e-05 
7087.61 1.09746e-05 9.16092e-01 6.15655e-19 2.20846e-05 
7090.00 1.09735e-05 9.16851e-01 6.11967e-19 2.19756e-05 
7099.20 1.09820e-05 9.19790e-01 5.97944e-19 2.15855e-05 
7103.81 1.09841e-05 9.21594e-01 5.91020e-19 2.13955e-05 
7110.00 1.09718e-05 9.24264e-01 5.81819e-19 2.11181e-05 
7120.03 1.09009e-05 9.28267e-01 5.67150e-19 2.05702e-05 
7130.00 1.08093e-05 9.30427e-01 5.52853e-19 1.99574e-05 
7134.70 1.07744e-05 9.30350e-01 5.46215e-19 1.96654e-05 
7136.25 1.07648e-05 9.30124e-01 5.44035e-19 1.95690e-05 
7150.00 1.07264e-05 9.19628e-01 5.25048e-19 1.86421e-05 
7152.49 1.07291e-05 9.15273e-01 5.21666e-19 1.84453e-05 
7168.74 1.07100e-05 8.57103e-01 5.00030e-19 1.65648e-05 
7170.00 1.06981e-05 8.49915e-01 4.98379e-19 1.63562e-05 
7170.37 1.06940e-05 8.47700e-01 4.97891e-19 1.62923e-05 
7184.99 1.04705e-05 7.41933e-01 4.79116e-19 1.34623e-05 
7190.00 1.04288e-05 7.04798e-01 4.72822e-19 1.25791e-05 
7201.26 1.04959e-05 6.41663e-01 4.58910e-19 1.12044e-05 
7206.23 1.05522e-05 6.29490e-01 4.52885e-19 1.09132e-05 
7210.00 1.05858e-05 6.28788e-01 4.48349e-19 1.08319e-05 
7217.54 1.06066e-05 6.45609e-01 4.39400e-19 1.09325e-05 
7230.00 1.05772e-05 7.01664e-01 4.24934e-19 1.14785e-05 
7233.83 1.05728e-05 7.19689e-01 4.20571e-19 1.16538e-05 
7242.26 1.05793e-05 7.49950e-01 4.11094e-19 1.18912e-05 
7250.00 1.05954e-05 7.58725e-01 4.02548e-19 1.18108e-05 
7250.13 1.05957e-05 7.58725e-01 4.02410e-19 1.18073e-05 
7266.44 1.05796e-05 7.34060e-01 3.84901e-19 1.09344e-05 
7270.00 1.05460e-05 7.25255e-01 3.81161e-19 1.06695e-05 
7278.47 1.04148e-05 7.05720e-01 3.72400e-19 1.00290e-05 
7282.76 1.03454e-05 6.98369e-01 3.68030e-19 9.74841e-06 
7290.00 1.02736e-05 6.91203e-01 3.60744e-19 9.40114e-06 
7299.09 1.03112e-05 6.92454e-01 3.51782e-19 9.22924e-06 
7310.00 1.04047e-05 7.10773e-01 3.41267e-19 9.28744e-06 
7314.86 1.04106e-05 7.25400e-01 3.36672e-19 9.36246e-06 
7315.43 1.04096e-05 7.27373e-01 3.36142e-19 9.37297e-06 
7330.00 1.03420e-05 7.91672e-01 3.22699e-19 9.74938e-06 
7331.78 1.03367e-05 8.00343e-01 3.21093e-19 9.80443e-06 
7348.14 1.03515e-05 8.70339e-01 3.06620e-19 1.02187e-05 
7350.00 1.03566e-05 8.75893e-01 3.05010e-19 1.02374e-05 
7351.43 1.03604e-05 8.79660e-01 3.03773e-19 1.02456e-05 
7364.51 1.03687e-05 8.95395e-01 2.92709e-19 1.00750e-05 
7370.00 1.03422e-05 8.95254e-01 2.88168e-19 9.89911e-06 
7380.89 1.02211e-05 8.91643e-01 2.79342e-19 9.45926e-06 
7388.19 1.01202e-05 8.91820e-01 2.73560e-19 9.18292e-06 
7390.00 1.00966e-05 8.92703e-01 2.72144e-19 9.12529e-06 
7397.28 1.00162e-05 8.99656e-01 2.66505e-19 8.94290e-06 
7410.00 9.95763e-06 9.20049e-01 2.56907e-19 8.77981e-06 
7413.69 9.96536e-06 9.26691e-01 2.54181e-19 8.76050e-06 
7425.13 1.00250e-05 9.45220e-01 2.45884e-19 8.70914e-06 
7430.00 1.00452e-05 9.50916e-01 2.42428e-19 8.66154e-06 
7430.10 1.00455e-05 9.51019e-01 2.42356e-19 8.66027e-06 
7446.53 1.00419e-05 9.61271e-01 2.31014e-19 8.35943e-06 
7450.00 1.00436e-05 9.62310e-01 2.28677e-19 8.28906e-06 
7462.26 1.00806e-05 9.65080e-01 2.20595e-19 8.06195e-06 
7462.96 1.00826e-05 9.65251e-01 2.20140e-19 8.04905e-06 
7470.00 1.00880e-05 9.67158e-01 2.15624e-19 7.91120e-06 
7479.41 1.00437e-05 9.69675e-01 2.09718e-19 7.69038e-06 
7490.00 9.98004e-06 9.71180e-01 2.03241e-19 7.42760e-06 
7495.86 9.96593e-06 9.70848e-01 1.99734e-19 7.29233e-06 
7499.57 9.96434e-06 9.70050e-01 1.97545e-19 7.20887e-06 
7510.00 9.96854e-06 9.65795e-01 1.91500e-19 6.97027e-06 
7512.33 9.96776e-06 9.64777e-01 1.90173e-19 6.91627e-06 
7528.81 9.95200e-06 9.63602e-01 1.81022e-19 6.57943e-06 
7530.00 9.95196e-06 9.64242e-01 1.80374e-19 6.56126e-06 
7537.07 9.95684e-06 9.71110e-01 1.76585e-19 6.47841e-06 
7545.29 9.95906e-06 9.85380e-01 1.72264e-19 6.42121e-06 
7550.00 9.94996e-06 9.93994e-01 1.69836e-19 6.38420e-06 
7561.79 9.88654e-06 1.00411e+00 1.63888e-19 6.19329e-06 
7570.00 9.84193e-06 9.90595e-01 1.59860e-19 5.93932e-06 
7574.75 9.82820e-06 9.70960e-01 1.57569e-19 5.73375e-06 
7578.30 9.82269e-06 9.49629e-01 1.55879e-19 5.54710e-06 
7590.00 9.80679e-06 8.48578e-01 1.50421e-19 4.78291e-06 
7594.82 9.79104e-06 7.98900e-01 1.48223e-19 4.43280e-06 
7610.00 9.73681e-06 6.46154e-01 1.41494e-19 3.41034e-06 
7611.35 9.73491e-06 6.34521e-01 1.40908e-19 3.33502e-06 
7612.63 9.73381e-06 6.24050e-01 1.40358e-19 3.26736e-06 
7627.89 9.75324e-06 5.40484e-01 1.33921e-19 2.71087e-06 
7630.00 9.75756e-06 5.35034e-01 1.33054e-19 2.66808e-06 
7644.44 9.74775e-06 5.37641e-01 1.27250e-19 2.56640e-06 
7650.00 9.70192e-06 5.57285e-01 1.25080e-19 2.60440e-06 
7650.69 9.69374e-06 5.60450e-01 1.24813e-19 2.61163e-06 
7661.01 9.53897e-06 6.24151e-01 1.20882e-19 2.77564e-06 
7670.00 9.45569e-06 6.96057e-01 1.17549e-19 2.98728e-06 
7677.58 9.49391e-06 7.60023e-01 1.14806e-19 3.20173e-06 
7688.94 9.59903e-06 8.46640e-01 1.10804e-19 3.48556e-06 
7690.00 9.60280e-06 8.53471e-01 1.10439e-19 3.50396e-06 
7694.16 9.59970e-06 8.77904e-01 1.09010e-19 3.55842e-06 
7710.00 9.48653e-06 9.39876e-01 1.03730e-19 3.58970e-06 
7710.76 9.48351e-06 9.41812e-01 1.03483e-19 3.58776e-06 
7727.36 9.48567e-06 9.68226e-01 9.82146e-20 3.50894e-06 
7727.39 9.48564e-06 9.68250e-01 9.82063e-20 3.50873e-06 
7730.00 9.47984e-06 9.70378e-01 9.74008e-20 3.48664e-06 
7743.98 9.38293e-06 9.76278e-01 9.31935e-20 3.32801e-06 
7750.00 9.35689e-06 9.76749e-01 9.14334e-20 3.26020e-06 
7760.60 9.39416e-06 9.76091e-01 8.84099e-20 3.16714e-06 
7766.03 9.42927e-06 9.75570e-01 8.69004e-20 3.12522e-06 
7770.00 9.44957e-06 9.75302e-01 8.58090e-20 3.09334e-06 
7777.24 9.46119e-06 9.75091e-01 8.38538e-20 3.02874e-06 
7790.00 9.43384e-06 9.75358e-01 8.05099e-20 2.90511e-06 
7793.89 9.42300e-06 9.75543e-01 7.95159e-20 2.86792e-06 
7804.86 9.38907e-06 9.76150e-01 7.67743e-20 2.76467e-06 
7810.00 9.36717e-06 9.76414e-01 7.55190e-20 2.71565e-06 
7810.55 9.36448e-06 9.76439e-01 7.53866e-20 2.71037e-06 
7827.22 9.27082e-06 9.76614e-01 7.14573e-20 2.54928e-06 
7830.00 9.25820e-06 9.76480e-01 7.08203e-20 2.52367e-06 
7843.88 9.23119e-06 9.74750e-01 6.77229e-20 2.40625e-06 
7843.90 9.23119e-06 9.74747e-01 6.77191e-20 2.40611e-06 
7850.00 9.23717e-06 9.73281e-01 6.63981e-20 2.35899e-06 
7860.59 9.26407e-06 9.69320e-01 6.41638e-20 2.28002e-06 
7870.00 9.27837e-06 9.63864e-01 6.22375e-20 2.20515e-06 
7877.29 9.26694e-06 9.58101e-01 6.07834e-20 2.14009e-06 
7883.10 9.24588e-06 9.52400e-01 5.96476e-20 2.08440e-06 
7890.00 9.21323e-06 9.44400e-01 5.83245e-20 2.01567e-06 
7894.00 9.19266e-06 9.39463e-01 5.75700e-20 1.97578e-06 
7910.00 9.08609e-06 9.22067e-01 5.46455e-20 1.82303e-06 
7910.73 9.07974e-06 9.21499e-01 5.45163e-20 1.81649e-06 
7922.51 8.96793e-06 9.17170e-01 5.24567e-20 1.72080e-06 
7927.46 8.92749e-06 9.18701e-01 5.16150e-20 1.68942e-06 
7930.00 8.91106e-06 9.20174e-01 5.11876e-20 1.67556e-06 
7944.20 8.88732e-06 9.32860e-01 4.88592e-20 1.61997e-06 
7950.00 8.90752e-06 9.38119e-01 4.79385e-20 1.60320e-06 
7960.96 8.97612e-06 9.43653e-01 4.62422e-20 1.56974e-06 
7962.13 8.98390e-06 9.43700e-01 4.60651e-20 1.56539e-06 
7970.00 9.02724e-06 9.40852e-01 4.48865e-20 1.52958e-06 
7977.73 9.04210e-06 9.33963e-01 4.37577e-20 1.48408e-06 
7990.00 9.00749e-06 9.19060e-01 4.20205e-20 1.39920e-06 
7994.50 8.97943e-06 9.13554e-01 4.13995e-20 1.36676e-06 
8001.94 8.92739e-06 9.05800e-01 4.03941e-20 1.31581e-06 
8010.00 8.88395e-06 9.00450e-01 3.93299e-20 1.26866e-06 
8011.29 8.87992e-06 8.99893e-01 3.91617e-20 1.26208e-06 
8028.09 8.86064e-06 8.99072e-01 3.70387e-20 1.19248e-06 
8030.00 8.85516e-06 8.99629e-01 3.68048e-20 1.18523e-06 
8041.95 8.79380e-06 9.05410e-01 3.53713e-20 1.14014e-06 
8044.90 8.78074e-06 9.07341e-01 3.50250e-20 1.13012e-06 
8050.00 8.77078e-06 9.10998e-01 3.44355e-20 1.11502e-06 
8061.72 8.80755e-06 9.20198e-01 3.31154e-20 1.08923e-06 
8070.00 8.81343e-06 9.26532e-01 3.22131e-20 1.06865e-06 
8078.56 8.74957e-06 9.32125e-01 3.13050e-20 1.03832e-06 
8082.16 8.71322e-06 9.34010e-01 3.09302e-20 1.02415e-06 
8090.00 8.65252e-06 9.36602e-01 3.01289e-20 9.94381e-07 
8095.40 8.64545e-06 9.36479e-01 2.95889e-20 9.76283e-07 
8110.00 8.70635e-06 9.23396e-01 2.81749e-20 9.24763e-07 
8112.25 8.71503e-06 9.19202e-01 2.79625e-20 9.14789e-07 
8122.57 8.73118e-06 8.90440e-01 2.70101e-20 8.58659e-07 
8129.12 8.72230e-06 8.63343e-01 2.64216e-20 8.14217e-07 
8130.00 8.72002e-06 8.59265e-01 2.63434e-20 8.07848e-07 
8145.99 8.66346e-06 7.77448e-01 2.49619e-20 6.89457e-07 
8150.00 8.65640e-06 7.57262e-01 2.46270e-20 6.62333e-07 
8162.88 8.65514e-06 7.04403e-01 2.35794e-20 5.90737e-07 
8163.18 8.65454e-06 7.03500e-01 2.35555e-20 5.89364e-07 
8170.00 8.61908e-06 6.87704e-01 2.30190e-20 5.61169e-07 
8179.78 8.48957e-06 6.78859e-01 2.22702e-20 5.28512e-07 
8190.00 8.36293e-06 6.82666e-01 2.15128e-20 5.06374e-07 
8196.69 8.34400e-06 6.89989e-01 2.10308e-20 4.99613e-07 
8204.00 8.36263e-06 7.00400e-01 2.05160e-20 4.96284e-07 
8210.00 8.37962e-06 7.09707e-01 2.01023e-20 4.94101e-07 
8213.61 8.38119e-06 7.15447e-01 1.98576e-20 4.92342e-07 
8230.00 8.35206e-06 7.41584e-01 1.87817e-20 4.81961e-07 
8230.54 8.35183e-06 7.42416e-01 1.87473e-20 4.81636e-07 
8245.02 8.38114e-06 7.63020e-01 1.78459e-20 4.73688e-07 
8247.48 8.38998e-06 7.66080e-01 1.76967e-20 4.72250e-07 
8250.00 8.39916e-06 7.69035e-01 1.75455e-20 4.70679e-07 
8264.43 8.44056e-06 7.81858e-01 1.67028e-20 4.58591e-07 
8270.00 8.44533e-06 7.84539e-01 1.63885e-20 4.52063e-07 
8281.40 8.42555e-06 7.85147e-01 1.57627e-20 4.34718e-07 
8286.24 8.40571e-06 7.83150e-01 1.55039e-20 4.25736e-07 
8290.00 8.38600e-06 7.80572e-01 1.53059e-20 4.18124e-07 
8298.37 8.32958e-06 7.71329e-01 1.48737e-20 3.99206e-07 
8310.00 8.22589e-06 7.49614e-01 1.42931e-20 3.68698e-07 
8315.36 8.16954e-06 7.35766e-01 1.40330e-20 3.53096e-07 
