##### EXOPHOT SPECTRAL OVERLAP FILE #####
# Date: 01/12/2021 13:15:01
# SED file: SED_g2v.txt
# atmosphere file: atm_g2v_hzo_os4.txt
# photopigment file: phot2s.txt
# Stellar radius (Rs in km): 6.963400e+05
# Exoplanet orbit semi-major axis (sma in km): 1.672066e+08
# Total absorption rate (gamma_t in s-1): 3.39177e+00
# B band absorption rate (gamma_B in s-1): 2.03409e+00
# Q band absorption rate (gamma_Q in s-1): 1.35768e+00
# B-Q bands cut-off (in nm): 500
# photosynthetic photon flux density [ppfd in micromol photon m-2 s-1]: 1.83542e+03
# Total Stellar Irradiance (S in W m-2): 1.07502e+03
# -------------------------------------------------
# Col 1: Wavelength (wl in Angstrom) 
# Col 2: Spectral Flux Density (F_l in J cm-2 s-1 A-1) 
# Col 3: Atmosphere transmitance (T, no units) 
# Col 4: Pigment absorption cross section (sigma_abs in cm-2) 
# Col 5: Spectral Absorption Rate (Gamma_lambda in A-1 s-1)
2505.65 6.10850e-07 5.48147e-01 5.68047e-19 2.39916e-07 
2513.00 2.95063e-07 5.51959e-01 5.54211e-19 1.14186e-07 
2515.76 2.36467e-07 5.53380e-01 5.47350e-19 9.07094e-08 
2516.83 2.21055e-07 5.53932e-01 5.44451e-19 8.44680e-08 
2518.00 2.08576e-07 5.54532e-01 5.41154e-19 7.93396e-08 
2525.00 2.11060e-07 5.58106e-01 5.18529e-19 7.76390e-08 
2528.02 2.40838e-07 5.59638e-01 5.07387e-19 8.70314e-08 
2528.34 2.44347e-07 5.59800e-01 5.06162e-19 8.81224e-08 
2535.00 2.93065e-07 5.63163e-01 4.78859e-19 1.00857e-07 
2539.21 2.81343e-07 5.65274e-01 4.60125e-19 9.35391e-08 
2540.98 2.85872e-07 5.66160e-01 4.51960e-19 9.35696e-08 
2545.00 3.76098e-07 5.68166e-01 4.32893e-19 1.18513e-07 
2550.40 7.01130e-07 5.70849e-01 4.06394e-19 2.08833e-07 
2553.68 8.74510e-07 5.72470e-01 3.89990e-19 2.50993e-07 
2555.00 9.10043e-07 5.73120e-01 3.83359e-19 2.57174e-07 
2561.61 8.06229e-07 5.76365e-01 3.49956e-19 2.09703e-07 
2565.00 7.69975e-07 5.78023e-01 3.32866e-19 1.91294e-07 
2566.45 7.98445e-07 5.78730e-01 3.25601e-19 1.94385e-07 
2572.81 1.09130e-06 5.81814e-01 2.94274e-19 2.41998e-07 
2575.00 1.16720e-06 5.82869e-01 2.83764e-19 2.50251e-07 
2579.28 1.17062e-06 5.84930e-01 2.63666e-19 2.34420e-07 
2584.03 1.05954e-06 5.87204e-01 2.42314e-19 1.96112e-07 
2585.00 1.03724e-06 5.87669e-01 2.38061e-19 1.88835e-07 
2592.18 9.44239e-07 5.91090e-01 2.08289e-19 1.51702e-07 
2595.00 9.09391e-07 5.92426e-01 1.97433e-19 1.38952e-07 
2595.24 9.05577e-07 5.92542e-01 1.96516e-19 1.37767e-07 
2605.00 7.07825e-07 5.97124e-01 1.63320e-19 9.05233e-08 
2605.14 7.05535e-07 5.97190e-01 1.62891e-19 9.00085e-08 
2606.47 6.86346e-07 5.97808e-01 1.58943e-19 8.55703e-08 
2615.00 6.40879e-07 6.01754e-01 1.37108e-19 6.96072e-08 
2617.70 6.49858e-07 6.02994e-01 1.31590e-19 6.79510e-08 
2618.17 6.54289e-07 6.03210e-01 1.30700e-19 6.79883e-08 
2625.00 9.41729e-07 6.06342e-01 1.20385e-19 9.08380e-08 
2628.93 1.36841e-06 6.08134e-01 1.16847e-19 1.28688e-07 
2631.26 1.65697e-06 6.09190e-01 1.15653e-19 1.54636e-07 
2635.00 2.05258e-06 6.10881e-01 1.15256e-19 1.91701e-07 
2640.17 2.35721e-06 6.13204e-01 1.18099e-19 2.26885e-07 
2644.41 2.71610e-06 6.15100e-01 1.23697e-19 2.75108e-07 
2645.00 2.79497e-06 6.15361e-01 1.24724e-19 2.85631e-07 
2651.42 3.89044e-06 6.18213e-01 1.40423e-19 4.50794e-07 
2655.00 4.09183e-06 6.19798e-01 1.53095e-19 5.18939e-07 
2657.64 3.78893e-06 6.20960e-01 1.64433e-19 5.17591e-07 
2662.67 2.70569e-06 6.23167e-01 1.91353e-19 4.32473e-07 
2665.00 2.30892e-06 6.24185e-01 2.06410e-19 3.99092e-07 
2670.92 2.27985e-06 6.26760e-01 2.52992e-19 4.86070e-07 
2673.92 2.59865e-06 6.28057e-01 2.81651e-19 6.18772e-07 
2675.00 2.73135e-06 6.28521e-01 2.92850e-19 6.77002e-07 
2684.28 3.37801e-06 6.32500e-01 4.11957e-19 1.18939e-06 
2685.00 3.34148e-06 6.32807e-01 4.23086e-19 1.20922e-06 
2685.18 3.32906e-06 6.32886e-01 4.25986e-19 1.21322e-06 
2695.00 2.23054e-06 6.37043e-01 6.10507e-19 1.17693e-06 
2696.45 2.24711e-06 6.37655e-01 6.43403e-19 1.25144e-06 
2697.70 2.31925e-06 6.38180e-01 6.72956e-19 1.35268e-06 
2705.00 2.91845e-06 6.41239e-01 8.71259e-19 2.22029e-06 
2707.72 2.82462e-06 6.42374e-01 9.57418e-19 2.36798e-06 
2711.19 2.44027e-06 6.43810e-01 1.07745e-18 2.31033e-06 
2715.00 1.90804e-06 6.45381e-01 1.22402e-18 2.06008e-06 
2719.00 1.48025e-06 6.47021e-01 1.39558e-18 1.82954e-06 
2724.74 1.30758e-06 6.49360e-01 1.67597e-18 1.95195e-06 
2725.00 1.31474e-06 6.49464e-01 1.68943e-18 1.97891e-06 
2730.29 1.64549e-06 6.51606e-01 1.98835e-18 2.93025e-06 
2735.00 1.79281e-06 6.53511e-01 2.28920e-18 3.69277e-06 
2738.37 1.55533e-06 6.54870e-01 2.52528e-18 3.54571e-06 
2741.58 1.19966e-06 6.56162e-01 2.76717e-18 3.00627e-06 
2745.00 9.18283e-07 6.57535e-01 3.04477e-18 2.54048e-06 
2752.06 1.14738e-06 6.60310e-01 3.68279e-18 3.86557e-06 
2752.87 1.21285e-06 6.60621e-01 3.76178e-18 4.17697e-06 
2755.00 1.38716e-06 6.61433e-01 3.97568e-18 5.05903e-06 
2764.17 1.92372e-06 6.64877e-01 4.99688e-18 8.89342e-06 
2765.00 1.95785e-06 6.65190e-01 5.09761e-18 9.24083e-06 
2765.82 1.98976e-06 6.65500e-01 5.19852e-18 9.58464e-06 
2775.00 1.99214e-06 6.69019e-01 6.42038e-18 1.19538e-05 
2775.47 1.96293e-06 6.69203e-01 6.48828e-18 1.19084e-05 
2779.65 1.58408e-06 6.70810e-01 7.10475e-18 1.05643e-05 
2785.00 1.00093e-06 6.72853e-01 7.94587e-18 7.50264e-06 
2786.79 8.41978e-07 6.73530e-01 8.23921e-18 6.55496e-06 
2793.55 4.58287e-07 6.76080e-01 9.40499e-18 4.09801e-06 
2795.00 4.11472e-07 6.76625e-01 9.66629e-18 3.78663e-06 
2798.10 3.48518e-07 6.77787e-01 1.02370e-17 3.40626e-06 
2805.00 5.19314e-07 6.80358e-01 1.15629e-17 5.76885e-06 
2807.52 7.33258e-07 6.81290e-01 1.20644e-17 8.51804e-06 
2809.42 9.43800e-07 6.81996e-01 1.24507e-17 1.13344e-05 
2815.00 1.69227e-06 6.84047e-01 1.36054e-17 2.23187e-05 
2820.75 2.44153e-06 6.86148e-01 1.48306e-17 3.52798e-05 
2821.55 2.52434e-06 6.86440e-01 1.50036e-17 3.69281e-05 
2825.00 2.77239e-06 6.87690e-01 1.57524e-17 4.27104e-05 
2832.08 2.64698e-06 6.90241e-01 1.73088e-17 4.50866e-05 
2835.00 2.41298e-06 6.91284e-01 1.79521e-17 4.27369e-05 
2835.66 2.35048e-06 6.91520e-01 1.80980e-17 4.19922e-05 
2843.42 1.46874e-06 6.94276e-01 1.98024e-17 2.89041e-05 
2845.00 1.27648e-06 6.94834e-01 2.01452e-17 2.55901e-05 
2849.84 7.57552e-07 6.96540e-01 2.11849e-17 1.60372e-05 
2854.77 5.93824e-07 6.98272e-01 2.22186e-17 1.32401e-05 
2855.00 6.00929e-07 6.98354e-01 2.22666e-17 1.34302e-05 
2864.09 1.79595e-06 7.01520e-01 2.40767e-17 4.37363e-05 
2865.00 1.97147e-06 7.01835e-01 2.42500e-17 4.83932e-05 
2866.12 2.18851e-06 7.02219e-01 2.44601e-17 5.42371e-05 
2875.00 3.40111e-06 7.05254e-01 2.60310e-17 9.03687e-05 
2877.47 3.38603e-06 7.06093e-01 2.64331e-17 9.15450e-05 
2878.41 3.34485e-06 7.06410e-01 2.65812e-17 9.10089e-05 
2885.00 3.03790e-06 7.08636e-01 2.75510e-17 8.61397e-05 
2888.83 3.24234e-06 7.09923e-01 2.80538e-17 9.39087e-05 
2892.80 3.71871e-06 7.11250e-01 2.85237e-17 1.09866e-04 
2895.00 4.02544e-06 7.11982e-01 2.87611e-17 1.20132e-04 
2900.20 4.69778e-06 7.13704e-01 2.92549e-17 1.43206e-04 
2907.27 5.34266e-06 7.16030e-01 2.97691e-17 1.66672e-04 
2910.00 5.46886e-06 7.16927e-01 2.99184e-17 1.71841e-04 
2911.57 5.50343e-06 7.17440e-01 2.99914e-17 1.73566e-04 
2921.80 5.23653e-06 7.20760e-01 3.02395e-17 1.67874e-04 
2922.95 5.17595e-06 7.21128e-01 3.02428e-17 1.66100e-04 
2930.00 4.80888e-06 7.23378e-01 3.01567e-17 1.54733e-04 
2934.33 4.65755e-06 7.24751e-01 3.00152e-17 1.49665e-04 
2936.41 4.60936e-06 7.25410e-01 2.99239e-17 1.47905e-04 
2945.72 4.54363e-06 7.28350e-01 2.93397e-17 1.43984e-04 
2950.00 4.57106e-06 7.29690e-01 2.89802e-17 1.43550e-04 
2951.09 4.58156e-06 7.30030e-01 2.88800e-17 1.43502e-04 
2957.11 4.65478e-06 7.31889e-01 2.82695e-17 1.43368e-04 
2965.85 4.76986e-06 7.34550e-01 2.72262e-17 1.42425e-04 
2968.51 4.79735e-06 7.35356e-01 2.68760e-17 1.41685e-04 
2970.00 4.80971e-06 7.35805e-01 2.66745e-17 1.41142e-04 
2979.92 4.83204e-06 7.38783e-01 2.52431e-17 1.35182e-04 
2980.68 4.83004e-06 7.39010e-01 2.51280e-17 1.34585e-04 
2990.00 4.77466e-06 7.41786e-01 2.36744e-17 1.26210e-04 
2991.33 4.76321e-06 7.42180e-01 2.34628e-17 1.24904e-04 
2995.58 4.72600e-06 7.43440e-01 2.27809e-17 1.20702e-04 
3002.74 4.68890e-06 7.45554e-01 2.16299e-17 1.14300e-04 
3010.00 4.73536e-06 7.47669e-01 2.04812e-17 1.09877e-04 
3010.56 4.74414e-06 7.47830e-01 2.03942e-17 1.09657e-04 
3014.16 4.81848e-06 7.48864e-01 1.98389e-17 1.08623e-04 
3025.59 5.14081e-06 7.52095e-01 1.81817e-17 1.07071e-04 
3025.61 5.14132e-06 7.52100e-01 1.81791e-17 1.07068e-04 
3030.00 5.24246e-06 7.53334e-01 1.75974e-17 1.06008e-04 
3037.02 5.32831e-06 7.55303e-01 1.67474e-17 1.03046e-04 
3040.74 5.35393e-06 7.56340e-01 1.63442e-17 1.01311e-04 
3048.46 5.42710e-06 7.58481e-01 1.56238e-17 9.86972e-05 
3050.00 5.45207e-06 7.58905e-01 1.55014e-17 9.84786e-05 
3055.94 5.58617e-06 7.60530e-01 1.50996e-17 9.86879e-05 
3059.91 5.68174e-06 7.61604e-01 1.48997e-17 9.93162e-05 
3070.00 5.76852e-06 7.64305e-01 1.46675e-17 9.99419e-05 
3071.22 5.75078e-06 7.64630e-01 1.46687e-17 9.97247e-05 
3071.36 5.74840e-06 7.64666e-01 1.46692e-17 9.96962e-05 
3082.81 5.41627e-06 7.67692e-01 1.50359e-17 9.70254e-05 
3086.58 5.34547e-06 7.68680e-01 1.53062e-17 9.77238e-05 
3090.00 5.34673e-06 7.69575e-01 1.56225e-17 9.99933e-05 
3094.27 5.45871e-06 7.70690e-01 1.61175e-17 1.05621e-04 
3102.01 5.83509e-06 7.72700e-01 1.73192e-17 1.21942e-04 
3105.74 6.01624e-06 7.73664e-01 1.80498e-17 1.31352e-04 
3110.00 6.15955e-06 7.74755e-01 1.90150e-17 1.42067e-04 
3117.21 6.16627e-06 7.76545e-01 2.09891e-17 1.57715e-04 
3117.52 6.16099e-06 7.76620e-01 2.10842e-17 1.58325e-04 
3128.69 5.81808e-06 7.79233e-01 2.51131e-17 1.79322e-04 
3130.00 5.77170e-06 7.79538e-01 2.56680e-17 1.81970e-04 
3133.11 5.66922e-06 7.80270e-01 2.70579e-17 1.88782e-04 
3140.17 5.50238e-06 7.81986e-01 3.06193e-17 2.08267e-04 
3148.77 5.50121e-06 7.84110e-01 3.57747e-17 2.44611e-04 
3150.00 5.52539e-06 7.84410e-01 3.65869e-17 2.51458e-04 
3151.66 5.56894e-06 7.84814e-01 3.77206e-17 2.61565e-04 
3163.16 5.98415e-06 7.87567e-01 4.66383e-17 3.50007e-04 
3164.52 6.01891e-06 7.87890e-01 4.78262e-17 3.61311e-04 
3170.00 6.05290e-06 7.89186e-01 5.28991e-17 4.03250e-04 
3174.66 5.91610e-06 7.90281e-01 5.75921e-17 4.30329e-04 
3180.34 5.63972e-06 7.91610e-01 6.38215e-17 4.56176e-04 
3186.16 5.39830e-06 7.92959e-01 7.07879e-17 4.86024e-04 
3190.00 5.34937e-06 7.93842e-01 7.57189e-17 5.16363e-04 
3196.24 5.52697e-06 7.95270e-01 8.43268e-17 5.96390e-04 
3197.67 5.59399e-06 7.95596e-01 8.64029e-17 6.19013e-04 
3209.19 5.94802e-06 7.98199e-01 1.04570e-16 8.02068e-04 
3210.00 5.93438e-06 7.98381e-01 1.05946e-16 8.11143e-04 
3212.22 5.85693e-06 7.98880e-01 1.09791e-16 8.30703e-04 
3220.71 5.26428e-06 8.00772e-01 1.25364e-16 8.56834e-04 
3228.29 4.86945e-06 8.02440e-01 1.40457e-16 8.91927e-04 
3230.00 4.86517e-06 8.02815e-01 1.44029e-16 9.14720e-04 
3232.24 4.92670e-06 8.03302e-01 1.48784e-16 9.58115e-04 
3243.78 6.05751e-06 8.05790e-01 1.74741e-16 1.39279e-03 
3244.43 6.14168e-06 8.05930e-01 1.76279e-16 1.42511e-03 
3250.00 6.84092e-06 8.07123e-01 1.89738e-16 1.71402e-03 
3255.32 7.38190e-06 8.08254e-01 2.03053e-16 1.98537e-03 
3260.65 7.77754e-06 8.09380e-01 2.16855e-16 2.24073e-03 
3266.86 8.06046e-06 8.10677e-01 2.33433e-16 2.50856e-03 
3270.00 8.13357e-06 8.11327e-01 2.42002e-16 2.62886e-03 
3276.95 8.14689e-06 8.12760e-01 2.61370e-16 2.85498e-03 
3278.41 8.12882e-06 8.13060e-01 2.65497e-16 2.89598e-03 
3289.97 7.84637e-06 8.15419e-01 2.98760e-16 3.16583e-03 
3290.00 7.84544e-06 8.15426e-01 2.98853e-16 3.16649e-03 
3293.34 7.74858e-06 8.16100e-01 3.08600e-16 3.23535e-03 
3301.53 7.53562e-06 8.17740e-01 3.32658e-16 3.40699e-03 
3309.80 7.39855e-06 8.19380e-01 3.56940e-16 3.60539e-03 
3310.00 7.39668e-06 8.19419e-01 3.57514e-16 3.61067e-03 
3313.10 7.37672e-06 8.20030e-01 3.66554e-16 3.69818e-03 
3324.67 7.43237e-06 8.22295e-01 3.99766e-16 4.08915e-03 
3326.35 7.45340e-06 8.22620e-01 4.04488e-16 4.15290e-03 
3330.00 7.50665e-06 8.23322e-01 4.14625e-16 4.29575e-03 
3336.25 7.59611e-06 8.24515e-01 4.31589e-16 4.53986e-03 
3342.98 7.57564e-06 8.25790e-01 4.49168e-16 4.72884e-03 
3347.84 7.40103e-06 8.26704e-01 4.61320e-16 4.75699e-03 
3350.00 7.26242e-06 8.27110e-01 4.66583e-16 4.72653e-03 
3359.43 6.30707e-06 8.28870e-01 4.88289e-16 4.31697e-03 
3359.70 6.27702e-06 8.28920e-01 4.88882e-16 4.30224e-03 
3370.00 5.46843e-06 8.30817e-01 5.09946e-16 3.93048e-03 
3371.02 5.44975e-06 8.31004e-01 5.11879e-16 3.93398e-03 
3376.50 5.55786e-06 8.32000e-01 5.21680e-16 4.10038e-03 
3382.63 5.93182e-06 8.33107e-01 5.31557e-16 4.47318e-03 
3390.00 6.39330e-06 8.34428e-01 5.41823e-16 4.93282e-03 
3393.38 6.50817e-06 8.35030e-01 5.45918e-16 5.06808e-03 
3394.23 6.52631e-06 8.35182e-01 5.46890e-16 5.09347e-03 
3405.85 6.53619e-06 8.37226e-01 5.57561e-16 5.23128e-03 
3410.00 6.52699e-06 8.37950e-01 5.60203e-16 5.25961e-03 
3410.35 6.52809e-06 8.38010e-01 5.60396e-16 5.26323e-03 
3417.47 6.61746e-06 8.39242e-01 5.63379e-16 5.38278e-03 
3427.40 6.85021e-06 8.40940e-01 5.64457e-16 5.61032e-03 
3429.09 6.88939e-06 8.41227e-01 5.64285e-16 5.64540e-03 
3430.00 6.90927e-06 8.41381e-01 5.64150e-16 5.66287e-03 
3440.72 7.08224e-06 8.43184e-01 5.60347e-16 5.79593e-03 
3444.54 7.12424e-06 8.43820e-01 5.58031e-16 5.81702e-03 
3450.00 7.17633e-06 8.44728e-01 5.53861e-16 5.83126e-03 
3452.36 7.19800e-06 8.45118e-01 5.51756e-16 5.83332e-03 
3461.76 7.30368e-06 8.46660e-01 5.41628e-16 5.83676e-03 
3464.00 7.33851e-06 8.47024e-01 5.38813e-16 5.84041e-03 
3470.00 7.46175e-06 8.47991e-01 5.30576e-16 5.86451e-03 
3475.65 7.62611e-06 8.48895e-01 5.21912e-16 5.91172e-03 
3479.07 7.74559e-06 8.49440e-01 5.16272e-16 5.94911e-03 
3487.30 8.07813e-06 8.50749e-01 5.01525e-16 6.05087e-03 
3490.00 8.19614e-06 8.51175e-01 4.96369e-16 6.08389e-03 
3496.46 8.47044e-06 8.52190e-01 4.83405e-16 6.14194e-03 
3498.96 8.55601e-06 8.52579e-01 4.78176e-16 6.14408e-03 
3510.00 8.58666e-06 8.54279e-01 4.53865e-16 5.88276e-03 
3510.63 8.56413e-06 8.54375e-01 4.52425e-16 5.85042e-03 
3513.95 8.40408e-06 8.54880e-01 4.44749e-16 5.65234e-03 
3522.30 7.92769e-06 8.56146e-01 4.24847e-16 5.11301e-03 
3530.00 7.86410e-06 8.57304e-01 4.05936e-16 4.86339e-03 
3531.51 7.94016e-06 8.57530e-01 4.02165e-16 4.86819e-03 
3533.98 8.12206e-06 8.57897e-01 3.96009e-16 4.90900e-03 
3545.66 9.15419e-06 8.59625e-01 3.66458e-16 5.14722e-03 
3549.17 9.22241e-06 8.60140e-01 3.57513e-16 5.06706e-03 
3550.00 9.20407e-06 8.60261e-01 3.55405e-16 5.02905e-03 
3557.35 8.49459e-06 8.61332e-01 3.36704e-16 4.41175e-03 
3566.92 6.99384e-06 8.62710e-01 3.12526e-16 3.38598e-03 
3569.04 6.72136e-06 8.63012e-01 3.07209e-16 3.20172e-03 
3570.00 6.61742e-06 8.63148e-01 3.04818e-16 3.12901e-03 
3580.74 6.26545e-06 8.64660e-01 2.78380e-16 2.71852e-03 
3584.75 6.40613e-06 8.65220e-01 2.68717e-16 2.68782e-03 
3590.00 6.69546e-06 8.65950e-01 2.56279e-16 2.68537e-03 
3592.45 6.84572e-06 8.66290e-01 2.50561e-16 2.68726e-03 
3602.68 7.45603e-06 8.67700e-01 2.27312e-16 2.66716e-03 
3604.16 7.53334e-06 8.67903e-01 2.24035e-16 2.65767e-03 
3610.00 7.78364e-06 8.68699e-01 2.11363e-16 2.59724e-03 
3615.88 7.92626e-06 8.69494e-01 1.99019e-16 2.49670e-03 
3620.69 7.96789e-06 8.70140e-01 1.89222e-16 2.39122e-03 
3627.60 7.93322e-06 8.71059e-01 1.75672e-16 2.21687e-03 
3630.00 7.90042e-06 8.71377e-01 1.71108e-16 2.15257e-03 
3638.79 7.94315e-06 8.72530e-01 1.55039e-16 1.96832e-03 
3639.33 7.97345e-06 8.72600e-01 1.54095e-16 1.96424e-03 
3640.00 8.01880e-06 8.72687e-01 1.52914e-16 1.96084e-03 
3650.00 9.18777e-06 8.73982e-01 1.36053e-16 2.00741e-03 
3651.06 9.29357e-06 8.74119e-01 1.34339e-16 2.00584e-03 
3656.99 9.64778e-06 8.74880e-01 1.25064e-16 1.94336e-03 
3662.80 9.68817e-06 8.75623e-01 1.16410e-16 1.82090e-03 
3670.00 9.48084e-06 8.76537e-01 1.06316e-16 1.63231e-03 
3674.55 9.28898e-06 8.77110e-01 1.00277e-16 1.51130e-03 
3675.27 9.25832e-06 8.77200e-01 9.93425e-17 1.49272e-03 
3686.30 8.96066e-06 8.78568e-01 8.58780e-17 1.25462e-03 
3690.00 9.00310e-06 8.79023e-01 8.16939e-17 1.20097e-03 
3693.65 9.14164e-06 8.79470e-01 7.77230e-17 1.16191e-03 
3698.06 9.36613e-06 8.80009e-01 7.31266e-17 1.12207e-03 
3709.82 9.44665e-06 8.81435e-01 6.19194e-17 9.62879e-04 
3710.00 9.43462e-06 8.81456e-01 6.17627e-17 9.59287e-04 
3712.12 9.24953e-06 8.81710e-01 5.99054e-17 9.12970e-04 
3721.59 7.88448e-06 8.82835e-01 5.21410e-17 6.79960e-04 
3730.00 6.82783e-06 8.83821e-01 4.59663e-17 5.20857e-04 
3730.68 6.78260e-06 8.83900e-01 4.54963e-17 5.12256e-04 
3733.37 6.67728e-06 8.84214e-01 4.36692e-17 4.84570e-04 
3745.15 7.23100e-06 8.85580e-01 3.63795e-17 4.39213e-04 
3749.33 7.64028e-06 8.86060e-01 3.40541e-17 4.35130e-04 
3750.00 7.70813e-06 8.86137e-01 3.36940e-17 4.34468e-04 
3756.94 8.39122e-06 8.86927e-01 3.01485e-17 4.24361e-04 
3768.08 9.22842e-06 8.88180e-01 2.51267e-17 3.90667e-04 
3768.73 9.26063e-06 8.88253e-01 2.48565e-17 3.87915e-04 
3770.00 9.31646e-06 8.88394e-01 2.43381e-17 3.82302e-04 
3780.53 9.51427e-06 8.89559e-01 2.03903e-17 3.28435e-04 
3786.92 9.57404e-06 8.90260e-01 1.82794e-17 2.97018e-04 
3790.00 9.63778e-06 8.90597e-01 1.73320e-17 2.83837e-04 
3792.33 9.71034e-06 8.90851e-01 1.66438e-17 2.74866e-04 
3804.14 9.85632e-06 8.92127e-01 1.35197e-17 2.27661e-04 
3805.85 9.76639e-06 8.92310e-01 1.31141e-17 2.18960e-04 
3810.00 9.33701e-06 8.92753e-01 1.21744e-17 1.94641e-04 
3815.96 8.17979e-06 8.93384e-01 1.09297e-17 1.53432e-04 
3824.88 6.22248e-06 8.94320e-01 9.28023e-18 9.94389e-05 
3827.78 5.79674e-06 8.94622e-01 8.79456e-18 8.78837e-05 
3830.00 5.61137e-06 8.94852e-01 8.43905e-18 8.17027e-05 
3839.61 6.19590e-06 8.95841e-01 7.04414e-18 7.55743e-05 
3844.01 6.83022e-06 8.96290e-01 6.47925e-18 7.67566e-05 
3850.00 7.55976e-06 8.96899e-01 5.77568e-18 7.58994e-05 
3851.45 7.66237e-06 8.97045e-01 5.61688e-18 7.48548e-05 
3863.23 7.60392e-06 8.98230e-01 4.46447e-18 5.93019e-05 
3863.29 7.60158e-06 8.98236e-01 4.45931e-18 5.92165e-05 
3870.00 7.37930e-06 8.98905e-01 3.90505e-18 5.04649e-05 
3875.13 7.39503e-06 8.99413e-01 3.52540e-18 4.57422e-05 
3882.54 7.79455e-06 9.00140e-01 3.03725e-18 4.16505e-05 
3886.98 8.25851e-06 9.00572e-01 2.77585e-18 4.03973e-05 
3890.00 8.67411e-06 9.00864e-01 2.61039e-18 3.99451e-05 
3898.84 1.00871e-05 9.01713e-01 2.17743e-18 3.88721e-05 
3901.96 1.04368e-05 9.02010e-01 2.04172e-18 3.77554e-05 
3910.00 1.02425e-05 9.02773e-01 1.72740e-18 3.14397e-05 
3910.70 1.01206e-05 9.02839e-01 1.70221e-18 3.06203e-05 
3921.46 6.97136e-06 9.03850e-01 1.35827e-18 1.68956e-05 
3922.57 6.64220e-06 9.03953e-01 1.32693e-18 1.57326e-05 
3930.00 5.38993e-06 9.04644e-01 1.13429e-18 1.09421e-05 
3934.45 5.83300e-06 9.05054e-01 1.03235e-18 1.07944e-05 
3941.07 7.50500e-06 9.05660e-01 8.97160e-19 1.20983e-05 
3946.33 8.77430e-06 9.06136e-01 8.02670e-19 1.26783e-05 
3950.00 9.17055e-06 9.06467e-01 7.42784e-19 1.22781e-05 
3958.22 8.08755e-06 9.07202e-01 6.25038e-19 9.13797e-06 
3960.78 7.49641e-06 9.07430e-01 5.92544e-19 8.03695e-06 
3970.00 6.32821e-06 9.08249e-01 4.90142e-19 5.63018e-06 
3970.11 6.33435e-06 9.08259e-01 4.89050e-19 5.62330e-06 
3980.58 9.10346e-06 9.09180e-01 3.97161e-19 6.58707e-06 
3982.01 9.66181e-06 9.09304e-01 3.86372e-19 6.80455e-06 
3990.00 1.24601e-05 9.09995e-01 3.32758e-19 7.57854e-06 
3993.91 1.32245e-05 9.10330e-01 3.10380e-19 7.51270e-06 
4000.48 1.36376e-05 9.10890e-01 2.77928e-19 6.95299e-06 
4005.82 1.35091e-05 9.11342e-01 2.55863e-19 6.35228e-06 
4010.00 1.33341e-05 9.11694e-01 2.41056e-19 5.91559e-06 
4017.74 1.31869e-05 9.12342e-01 2.18769e-19 5.32341e-06 
4020.49 1.31797e-05 9.12570e-01 2.12349e-19 5.16919e-06 
4029.66 1.31873e-05 9.13328e-01 1.95989e-19 4.78857e-06 
4030.00 1.31859e-05 9.13356e-01 1.95530e-19 4.77743e-06 
4040.59 1.30159e-05 9.14220e-01 1.85677e-19 4.49420e-06 
4041.59 1.29873e-05 9.14301e-01 1.85184e-19 4.47391e-06 
4050.00 1.26673e-05 9.14979e-01 1.83805e-19 4.34340e-06 
4053.53 1.24967e-05 9.15262e-01 1.84628e-19 4.30917e-06 
4060.79 1.21987e-05 9.15840e-01 1.88764e-19 4.31110e-06 
4065.47 1.21441e-05 9.16210e-01 1.93092e-19 4.39702e-06 
4070.00 1.22725e-05 9.16566e-01 1.98479e-19 4.57434e-06 
4077.41 1.29051e-05 9.17145e-01 2.09741e-19 5.09552e-06 
4081.10 1.33038e-05 9.17430e-01 2.16429e-19 5.42704e-06 
4089.37 1.40063e-05 9.18066e-01 2.34044e-19 6.19545e-06 
4090.00 1.40342e-05 9.18115e-01 2.35537e-19 6.24871e-06 
4101.33 1.38847e-05 9.18977e-01 2.65714e-19 7.00007e-06 
4101.50 1.38766e-05 9.18990e-01 2.66234e-19 7.01010e-06 
4110.00 1.35201e-05 9.19632e-01 2.93217e-19 7.54304e-06 
4113.29 1.34661e-05 9.19879e-01 3.04644e-19 7.81410e-06 
4122.01 1.35350e-05 9.20530e-01 3.37581e-19 8.72782e-06 
4125.26 1.35919e-05 9.20771e-01 3.50859e-19 9.11886e-06 
4130.00 1.36549e-05 9.21121e-01 3.71185e-19 9.70665e-06 
4137.24 1.36494e-05 9.21651e-01 4.04478e-19 1.05976e-05 
4142.62 1.36093e-05 9.22040e-01 4.31018e-19 1.12792e-05 
4149.22 1.35958e-05 9.22512e-01 4.65674e-19 1.21997e-05 
4150.00 1.36006e-05 9.22567e-01 4.69925e-19 1.23185e-05 
4161.21 1.37680e-05 9.23360e-01 5.34650e-19 1.42382e-05 
4163.33 1.37909e-05 9.23510e-01 5.47695e-19 1.46196e-05 
4170.00 1.37568e-05 9.23980e-01 5.90272e-19 1.57504e-05 
4173.20 1.36609e-05 9.24206e-01 6.11609e-19 1.62224e-05 
4184.15 1.31629e-05 9.24970e-01 6.88922e-19 1.76677e-05 
4185.20 1.31217e-05 9.25043e-01 6.96729e-19 1.78178e-05 
4190.00 1.29994e-05 9.25372e-01 7.33056e-19 1.86001e-05 
4197.21 1.30565e-05 9.25861e-01 7.90146e-19 2.01819e-05 
4205.07 1.32329e-05 9.26390e-01 8.55807e-19 2.22085e-05 
4209.22 1.32661e-05 9.26668e-01 8.91934e-19 2.32340e-05 
4210.00 1.32622e-05 9.26720e-01 8.98814e-19 2.34120e-05 
4221.24 1.29155e-05 9.27469e-01 1.00209e-18 2.55084e-05 
4226.10 1.27396e-05 9.27790e-01 1.04893e-18 2.63763e-05 
4230.00 1.26605e-05 9.28047e-01 1.08757e-18 2.72107e-05 
4233.27 1.26599e-05 9.28262e-01 1.12053e-18 2.80622e-05 
4245.30 1.28720e-05 9.29045e-01 1.24705e-18 3.18711e-05 
4247.23 1.28867e-05 9.29170e-01 1.26807e-18 3.24646e-05 
4250.00 1.28748e-05 9.29349e-01 1.29864e-18 3.32445e-05 
4257.33 1.26355e-05 9.29817e-01 1.38134e-18 3.47819e-05 
4268.46 1.20534e-05 9.30520e-01 1.51202e-18 3.64408e-05 
4269.37 1.20129e-05 9.30577e-01 1.52300e-18 3.65922e-05 
4270.00 1.19869e-05 9.30616e-01 1.53055e-18 3.67007e-05 
4281.42 1.15840e-05 9.31325e-01 1.67148e-18 3.88664e-05 
4289.80 1.09258e-05 9.31840e-01 1.77839e-18 3.91006e-05 
4290.00 1.09023e-05 9.31852e-01 1.78093e-18 3.90742e-05 
4293.48 1.04234e-05 9.32064e-01 1.82613e-18 3.83459e-05 
4305.54 8.97909e-06 9.32796e-01 1.98616e-18 3.60565e-05 
4310.00 9.08591e-06 9.33065e-01 2.04653e-18 3.76442e-05 
4311.25 9.22439e-06 9.33140e-01 2.06358e-18 3.85508e-05 
4317.61 1.04993e-05 9.33520e-01 2.15069e-18 4.58174e-05 
4329.68 1.32102e-05 9.34236e-01 2.31873e-18 6.23729e-05 
4330.00 1.32475e-05 9.34255e-01 2.32324e-18 6.26764e-05 
4332.81 1.34454e-05 9.34420e-01 2.36273e-18 6.47474e-05 
4341.76 1.30842e-05 9.34940e-01 2.48918e-18 6.65543e-05 
4350.00 1.26163e-05 9.35414e-01 2.60624e-18 6.73539e-05 
4353.84 1.27257e-05 9.35634e-01 2.66088e-18 6.94398e-05 
4354.47 1.27640e-05 9.35670e-01 2.66985e-18 6.98963e-05 
4365.93 1.37635e-05 9.36320e-01 2.83259e-18 8.02300e-05 
4370.00 1.39360e-05 9.36549e-01 2.89009e-18 8.29824e-05 
4376.25 1.37155e-05 9.36900e-01 2.97800e-18 8.43052e-05 
4378.03 1.35771e-05 9.37000e-01 3.00301e-18 8.41986e-05 
4390.00 1.26563e-05 9.37665e-01 3.16899e-18 8.31116e-05 
4390.13 1.26520e-05 9.37672e-01 3.17082e-18 8.31349e-05 
4398.13 1.27716e-05 9.38110e-01 3.27952e-18 8.69965e-05 
4402.24 1.30384e-05 9.38333e-01 3.33469e-18 9.04137e-05 
4410.00 1.36749e-05 9.38750e-01 3.43693e-18 9.79509e-05 
4414.36 1.40035e-05 9.38983e-01 3.49329e-18 1.02075e-04 
4420.12 1.43490e-05 9.39290e-01 3.56643e-18 1.06958e-04 
4426.48 1.45831e-05 9.39629e-01 3.64531e-18 1.11307e-04 
4430.00 1.46331e-05 9.39816e-01 3.68804e-18 1.13110e-04 
4438.61 1.45483e-05 9.40271e-01 3.78951e-18 1.15829e-04 
4442.22 1.44872e-05 9.40460e-01 3.83074e-18 1.16716e-04 
4450.00 1.44765e-05 9.40863e-01 3.91671e-18 1.19507e-04 
4450.74 1.44914e-05 9.40901e-01 3.92469e-18 1.19899e-04 
4462.88 1.50109e-05 9.41521e-01 4.04975e-18 1.28589e-04 
4464.43 1.50812e-05 9.41600e-01 4.06492e-18 1.29731e-04 
4470.00 1.52589e-05 9.41882e-01 4.11796e-18 1.33178e-04 
4475.03 1.52801e-05 9.42136e-01 4.16371e-18 1.35033e-04 
4486.75 1.52995e-05 9.42720e-01 4.26230e-18 1.38854e-04 
4487.18 1.53122e-05 9.42741e-01 4.26568e-18 1.39096e-04 
4490.00 1.54367e-05 9.42880e-01 4.28755e-18 1.41055e-04 
4499.34 1.62545e-05 9.43335e-01 4.35492e-18 1.51249e-04 
4509.19 1.68828e-05 9.43810e-01 4.41744e-18 1.59779e-04 
4510.00 1.68840e-05 9.43849e-01 4.42222e-18 1.59999e-04 
4511.50 1.68579e-05 9.43922e-01 4.43085e-18 1.60129e-04 
4523.67 1.58407e-05 9.44506e-01 4.49303e-18 1.53085e-04 
4530.00 1.53063e-05 9.44808e-01 4.51982e-18 1.49058e-04 
4531.73 1.52254e-05 9.44890e-01 4.52648e-18 1.48559e-04 
4535.85 1.51587e-05 9.45085e-01 4.54118e-18 1.48554e-04 
4548.03 1.56739e-05 9.45655e-01 4.57522e-18 1.55264e-04 
4550.00 1.58111e-05 9.45747e-01 4.57940e-18 1.56849e-04 
4554.39 1.61247e-05 9.45950e-01 4.58740e-18 1.60428e-04 
4560.22 1.64960e-05 9.46219e-01 4.59522e-18 1.64659e-04 
4570.00 1.67449e-05 9.46666e-01 4.60128e-18 1.67802e-04 
4572.41 1.66925e-05 9.46775e-01 4.60143e-18 1.67391e-04 
4577.16 1.64808e-05 9.46990e-01 4.60020e-18 1.65432e-04 
4584.62 1.60498e-05 9.47325e-01 4.59427e-18 1.61218e-04 
4590.00 1.58404e-05 9.47565e-01 4.58701e-18 1.59089e-04 
4596.82 1.58548e-05 9.47868e-01 4.57434e-18 1.59081e-04 
4600.05 1.59356e-05 9.48010e-01 4.56704e-18 1.59773e-04 
4609.04 1.61845e-05 9.48404e-01 4.54240e-18 1.61775e-04 
4610.00 1.61994e-05 9.48446e-01 4.53939e-18 1.61858e-04 
4621.26 1.61286e-05 9.48933e-01 4.49936e-18 1.60201e-04 
4623.05 1.60946e-05 9.49010e-01 4.49219e-18 1.59683e-04 
4630.00 1.59751e-05 9.49307e-01 4.46237e-18 1.57732e-04 
4633.48 1.59460e-05 9.49454e-01 4.44631e-18 1.57020e-04 
4645.71 1.60256e-05 9.49971e-01 4.38444e-18 1.56104e-04 
4646.16 1.60330e-05 9.49990e-01 4.38202e-18 1.56108e-04 
4650.00 1.61066e-05 9.50152e-01 4.36093e-18 1.56225e-04 
4657.95 1.62962e-05 9.50486e-01 4.31510e-18 1.56726e-04 
4669.39 1.65060e-05 9.50960e-01 4.24487e-18 1.56621e-04 
4670.00 1.65106e-05 9.50985e-01 4.24102e-18 1.56548e-04 
4670.20 1.65119e-05 9.50993e-01 4.23978e-18 1.56522e-04 
4682.45 1.64084e-05 9.51489e-01 4.16003e-18 1.53096e-04 
4690.00 1.61808e-05 9.51791e-01 4.10941e-18 1.49423e-04 
4692.74 1.60722e-05 9.51900e-01 4.09087e-18 1.47853e-04 
4694.70 1.59902e-05 9.51978e-01 4.07755e-18 1.46694e-04 
4706.97 1.55987e-05 9.52466e-01 3.99411e-18 1.40612e-04 
4710.00 1.55875e-05 9.52586e-01 3.97354e-18 1.39895e-04 
4716.20 1.57182e-05 9.52830e-01 3.93176e-18 1.39805e-04 
4719.24 1.58344e-05 9.52949e-01 3.91156e-18 1.40222e-04 
4730.00 1.62921e-05 9.53366e-01 3.84142e-18 1.42073e-04 
4731.51 1.63402e-05 9.53424e-01 3.83182e-18 1.42191e-04 
4739.79 1.64971e-05 9.53740e-01 3.78069e-18 1.41935e-04 
4743.79 1.65265e-05 9.53892e-01 3.75689e-18 1.41435e-04 
4750.00 1.65432e-05 9.54126e-01 3.72150e-18 1.40463e-04 
4756.08 1.65518e-05 9.54354e-01 3.68879e-18 1.39512e-04 
4763.48 1.65585e-05 9.54630e-01 3.65195e-18 1.38430e-04 
4768.37 1.65596e-05 9.54812e-01 3.62961e-18 1.37760e-04 
4770.00 1.65593e-05 9.54872e-01 3.62257e-18 1.37545e-04 
4780.67 1.65389e-05 9.55267e-01 3.58145e-18 1.36177e-04 
4787.30 1.64970e-05 9.55510e-01 3.56082e-18 1.35271e-04 
4790.00 1.64703e-05 9.55608e-01 3.55359e-18 1.34867e-04 
4792.98 1.64339e-05 9.55716e-01 3.54644e-18 1.34397e-04 
4805.29 1.62972e-05 9.56159e-01 3.52673e-18 1.32941e-04 
4810.00 1.62974e-05 9.56326e-01 3.52369e-18 1.32981e-04 
4811.24 1.63060e-05 9.56370e-01 3.52333e-18 1.33078e-04 
4817.61 1.63908e-05 9.56595e-01 3.52448e-18 1.34023e-04 
4829.94 1.65120e-05 9.57025e-01 3.54183e-18 1.36087e-04 
4830.00 1.65117e-05 9.57028e-01 3.54197e-18 1.36092e-04 
4835.29 1.64351e-05 9.57210e-01 3.55602e-18 1.36172e-04 
4842.27 1.61505e-05 9.57448e-01 3.58092e-18 1.34980e-04 
4850.00 1.55442e-05 9.57710e-01 3.61744e-18 1.31483e-04 
4854.61 1.50357e-05 9.57865e-01 3.64387e-18 1.28253e-04 
4859.47 1.44861e-05 9.58030e-01 3.67569e-18 1.24790e-04 
4866.95 1.39205e-05 9.58284e-01 3.73276e-18 1.22000e-04 
4870.00 1.38837e-05 9.58387e-01 3.75893e-18 1.22620e-04 
4879.30 1.45591e-05 9.58701e-01 3.84962e-18 1.31983e-04 
4883.77 1.50783e-05 9.58850e-01 3.89914e-18 1.38595e-04 
4890.00 1.56950e-05 9.59055e-01 3.97493e-18 1.47288e-04 
4891.66 1.58010e-05 9.59109e-01 3.99643e-18 1.49143e-04 
4904.02 1.58821e-05 9.59507e-01 4.17512e-18 1.57073e-04 
4908.19 1.57535e-05 9.59640e-01 4.24282e-18 1.58484e-04 
4910.00 1.56929e-05 9.59698e-01 4.27348e-18 1.59083e-04 
4916.39 1.55021e-05 9.59902e-01 4.38752e-18 1.61587e-04 
4928.77 1.53574e-05 9.60295e-01 4.63535e-18 1.69616e-04 
4930.00 1.53675e-05 9.60334e-01 4.66208e-18 1.70755e-04 
4932.73 1.54083e-05 9.60420e-01 4.72244e-18 1.73538e-04 
4941.15 1.56496e-05 9.60685e-01 4.92027e-18 1.84002e-04 
4950.00 1.59603e-05 9.60962e-01 5.14744e-18 1.96728e-04 
4953.54 1.60626e-05 9.61071e-01 5.24376e-18 2.01862e-04 
4957.39 1.61455e-05 9.61190e-01 5.35252e-18 2.07298e-04 
4965.93 1.61807e-05 9.61451e-01 5.60719e-18 2.18069e-04 
4970.00 1.61048e-05 9.61574e-01 5.73543e-18 2.22220e-04 
4978.33 1.57506e-05 9.61825e-01 6.01178e-18 2.28247e-04 
4982.18 1.55274e-05 9.61940e-01 6.14584e-18 2.30235e-04 
4990.00 1.50418e-05 9.62174e-01 6.43083e-18 2.33800e-04 
4990.74 1.49975e-05 9.62196e-01 6.45855e-18 2.34156e-04 
5003.15 1.44452e-05 9.62564e-01 6.94836e-18 2.43333e-04 
5007.09 1.43981e-05 9.62680e-01 7.11285e-18 2.48508e-04 
5010.00 1.44209e-05 9.62765e-01 7.23719e-18 2.53421e-04 
5015.57 1.46015e-05 9.62926e-01 7.48183e-18 2.65609e-04 
5028.00 1.51839e-05 9.63283e-01 8.05940e-18 2.98372e-04 
5030.00 1.52387e-05 9.63340e-01 8.15669e-18 3.03202e-04 
5032.12 1.52713e-05 9.63400e-01 8.26108e-18 3.07888e-04 
5040.43 1.52359e-05 9.63635e-01 8.68125e-18 3.23410e-04 
5050.00 1.52135e-05 9.63905e-01 9.18994e-18 3.42604e-04 
5052.87 1.52792e-05 9.63986e-01 9.34729e-18 3.50201e-04 
5057.29 1.54361e-05 9.64110e-01 9.59445e-18 3.63517e-04 
5065.31 1.57276e-05 9.64334e-01 1.00572e-17 3.88952e-04 
5070.00 1.57907e-05 9.64464e-01 1.03359e-17 4.01760e-04 
5077.76 1.56096e-05 9.64679e-01 1.08104e-17 4.16116e-04 
5082.57 1.54118e-05 9.64810e-01 1.11127e-17 4.22786e-04 
5090.00 1.51807e-05 9.65011e-01 1.15916e-17 4.35118e-04 
5090.22 1.51775e-05 9.65017e-01 1.16060e-17 4.35590e-04 
5102.68 1.53033e-05 9.65350e-01 1.24428e-17 4.72183e-04 
5107.98 1.53933e-05 9.65490e-01 1.28107e-17 4.89581e-04 
5110.00 1.54084e-05 9.65543e-01 1.29524e-17 4.95704e-04 
5115.15 1.53784e-05 9.65679e-01 1.33193e-17 5.09340e-04 
5127.63 1.50968e-05 9.66006e-01 1.42339e-17 5.35831e-04 
5130.00 1.50451e-05 9.66068e-01 1.44116e-17 5.40950e-04 
5133.52 1.49835e-05 9.66160e-01 1.46784e-17 5.49133e-04 
5140.11 1.48714e-05 9.66331e-01 1.51843e-17 5.64635e-04 
5150.00 1.45045e-05 9.66586e-01 1.59606e-17 5.80128e-04 
5152.60 1.43320e-05 9.66653e-01 1.61683e-17 5.81018e-04 
5159.19 1.37948e-05 9.66820e-01 1.66998e-17 5.78465e-04 
5165.10 1.33077e-05 9.66968e-01 1.71831e-17 5.74937e-04 
5170.00 1.29960e-05 9.67090e-01 1.75889e-17 5.75346e-04 
5177.60 1.28067e-05 9.67278e-01 1.82260e-17 5.88478e-04 
5184.99 1.29464e-05 9.67460e-01 1.88539e-17 6.16388e-04 
5190.00 1.31973e-05 9.67584e-01 1.92843e-17 6.43381e-04 
5190.11 1.32041e-05 9.67587e-01 1.92937e-17 6.44040e-04 
5202.62 1.41304e-05 9.67897e-01 2.03827e-17 7.30118e-04 
5210.00 1.45513e-05 9.68078e-01 2.10328e-17 7.77087e-04 
5210.91 1.45826e-05 9.68100e-01 2.11137e-17 7.81911e-04 
5215.15 1.46687e-05 9.68203e-01 2.14895e-17 8.01260e-04 
5227.67 1.47458e-05 9.68502e-01 2.26100e-17 8.49771e-04 
5230.00 1.48006e-05 9.68557e-01 2.28193e-17 8.61257e-04 
5236.97 1.50979e-05 9.68720e-01 2.34476e-17 9.04096e-04 
5240.21 1.52398e-05 9.68795e-01 2.37403e-17 9.24635e-04 
5250.00 1.52563e-05 9.69020e-01 2.46271e-17 9.62226e-04 
5252.75 1.50674e-05 9.69083e-01 2.48761e-17 9.60489e-04 
5263.15 1.39612e-05 9.69320e-01 2.58191e-17 9.25765e-04 
5265.29 1.37652e-05 9.69369e-01 2.60131e-17 9.20044e-04 
5270.00 1.35193e-05 9.69476e-01 2.64387e-17 9.19318e-04 
5277.85 1.38330e-05 9.69656e-01 2.71467e-17 9.67452e-04 
5289.47 1.50596e-05 9.69920e-01 2.81886e-17 1.09637e-03 
5290.00 1.51119e-05 9.69932e-01 2.82360e-17 1.10216e-03 
5290.41 1.51509e-05 9.69941e-01 2.82724e-17 1.10652e-03 
5302.97 1.57882e-05 9.70224e-01 2.93856e-17 1.20166e-03 
5310.00 1.55989e-05 9.70380e-01 3.00006e-17 1.21390e-03 
5315.55 1.51651e-05 9.70502e-01 3.04817e-17 1.20047e-03 
5315.92 1.51309e-05 9.70510e-01 3.05135e-17 1.19911e-03 
5328.13 1.41559e-05 9.70774e-01 3.15561e-17 1.16315e-03 
5330.00 1.41063e-05 9.70814e-01 3.17140e-17 1.16533e-03 
5340.71 1.45171e-05 9.71042e-01 3.26043e-17 1.23571e-03 
5342.50 1.46449e-05 9.71080e-01 3.27504e-17 1.25264e-03 
5350.00 1.51175e-05 9.71238e-01 3.33581e-17 1.31912e-03 
5353.30 1.52206e-05 9.71308e-01 3.36218e-17 1.33954e-03 
5365.90 1.51444e-05 9.71571e-01 3.46043e-17 1.37539e-03 
5369.21 1.50864e-05 9.71640e-01 3.48557e-17 1.38101e-03 
5370.00 1.50747e-05 9.71656e-01 3.49155e-17 1.38254e-03 
5378.51 1.50095e-05 9.71832e-01 3.55476e-17 1.40395e-03 
5390.00 1.49000e-05 9.72067e-01 3.63698e-17 1.42934e-03 
5391.12 1.48758e-05 9.72090e-01 3.64478e-17 1.43041e-03 
5396.05 1.47392e-05 9.72190e-01 3.67874e-17 1.43194e-03 
5403.74 1.45073e-05 9.72344e-01 3.73010e-17 1.43134e-03 
5410.00 1.43958e-05 9.72470e-01 3.77058e-17 1.43761e-03 
5416.36 1.44234e-05 9.72597e-01 3.81037e-17 1.45746e-03 
5423.03 1.45668e-05 9.72730e-01 3.85063e-17 1.48955e-03 
5428.99 1.47397e-05 9.72849e-01 3.88526e-17 1.52264e-03 
5430.00 1.47695e-05 9.72870e-01 3.89099e-17 1.52828e-03 
5441.63 1.50524e-05 9.73102e-01 3.95446e-17 1.58674e-03 
5450.00 1.51239e-05 9.73267e-01 3.99702e-17 1.61418e-03 
5450.15 1.51237e-05 9.73270e-01 3.99776e-17 1.61451e-03 
5454.27 1.50983e-05 9.73350e-01 4.01772e-17 1.62120e-03 
5466.92 1.48929e-05 9.73592e-01 4.07478e-17 1.62602e-03 
5470.00 1.48452e-05 9.73651e-01 4.08769e-17 1.62696e-03 
5477.40 1.47747e-05 9.73790e-01 4.11718e-17 1.63336e-03 
5479.58 1.47638e-05 9.73831e-01 4.12544e-17 1.63615e-03 
5490.00 1.47446e-05 9.74026e-01 4.16220e-17 1.65204e-03 
5492.24 1.47430e-05 9.74068e-01 4.16952e-17 1.65552e-03 
5504.79 1.47375e-05 9.74300e-01 4.20656e-17 1.67382e-03 
5504.91 1.47375e-05 9.74302e-01 4.20690e-17 1.67399e-03 
5510.00 1.47393e-05 9.74396e-01 4.21999e-17 1.68112e-03 
5517.59 1.47516e-05 9.74534e-01 4.23746e-17 1.69206e-03 
5530.00 1.48341e-05 9.74759e-01 4.26070e-17 1.71510e-03 
5530.27 1.48373e-05 9.74764e-01 4.26114e-17 1.71573e-03 
5532.31 1.48625e-05 9.74800e-01 4.26430e-17 1.72062e-03 
5542.96 1.49943e-05 9.74989e-01 4.27790e-17 1.74510e-03 
5550.00 1.50091e-05 9.75114e-01 4.28421e-17 1.75185e-03 
5555.66 1.49398e-05 9.75214e-01 4.28775e-17 1.74715e-03 
5559.97 1.48471e-05 9.75290e-01 4.28952e-17 1.73852e-03 
5568.36 1.46163e-05 9.75439e-01 4.29071e-17 1.71482e-03 
5570.00 1.45692e-05 9.75468e-01 4.29060e-17 1.70980e-03 
5581.07 1.43062e-05 9.75663e-01 4.28686e-17 1.68114e-03 
5587.77 1.42495e-05 9.75780e-01 4.28213e-17 1.67484e-03 
5590.00 1.42575e-05 9.75818e-01 4.28014e-17 1.67574e-03 
5593.79 1.43048e-05 9.75883e-01 4.27631e-17 1.68104e-03 
5606.51 1.46047e-05 9.76098e-01 4.25916e-17 1.71366e-03 
5610.00 1.46721e-05 9.76156e-01 4.25333e-17 1.72039e-03 
5615.71 1.47286e-05 9.76250e-01 4.24275e-17 1.72463e-03 
5619.24 1.47377e-05 9.76308e-01 4.23559e-17 1.72398e-03 
5630.00 1.47250e-05 9.76484e-01 4.21080e-17 1.71599e-03 
5631.97 1.47263e-05 9.76517e-01 4.20578e-17 1.71476e-03 
5643.79 1.47339e-05 9.76710e-01 4.17274e-17 1.70608e-03 
5644.71 1.47302e-05 9.76725e-01 4.16994e-17 1.70481e-03 
5650.00 1.46817e-05 9.76812e-01 4.15336e-17 1.69417e-03 
5657.46 1.45332e-05 9.76935e-01 4.12830e-17 1.66933e-03 
5670.00 1.43417e-05 9.77138e-01 4.08196e-17 1.63280e-03 
5670.22 1.43418e-05 9.77141e-01 4.08112e-17 1.63253e-03 
5672.01 1.43483e-05 9.77170e-01 4.07406e-17 1.63101e-03 
5682.98 1.44989e-05 9.77342e-01 4.02866e-17 1.63320e-03 
5690.00 1.45264e-05 9.77450e-01 3.99765e-17 1.62590e-03 
5695.75 1.44223e-05 9.77539e-01 3.97121e-17 1.60534e-03 
5700.37 1.43060e-05 9.77610e-01 3.94924e-17 1.58498e-03 
5708.52 1.42160e-05 9.77736e-01 3.90907e-17 1.56142e-03 
5710.00 1.42351e-05 9.77759e-01 3.90159e-17 1.56096e-03 
5721.30 1.47129e-05 9.77934e-01 3.84256e-17 1.59237e-03 
5728.87 1.50067e-05 9.78050e-01 3.80125e-17 1.60903e-03 
5730.00 1.50244e-05 9.78067e-01 3.79498e-17 1.60862e-03 
5734.09 1.50137e-05 9.78129e-01 3.77199e-17 1.59898e-03 
5746.88 1.46299e-05 9.78322e-01 3.69769e-17 1.53112e-03 
5750.00 1.45626e-05 9.78368e-01 3.67908e-17 1.51730e-03 
5757.52 1.45651e-05 9.78480e-01 3.63340e-17 1.50085e-03 
5759.69 1.45919e-05 9.78512e-01 3.62000e-17 1.49868e-03 
5770.00 1.46785e-05 9.78664e-01 3.55520e-17 1.48346e-03 
5772.49 1.46544e-05 9.78700e-01 3.53926e-17 1.47508e-03 
5785.31 1.43539e-05 9.78886e-01 3.45578e-17 1.41416e-03 
5786.30 1.43331e-05 9.78900e-01 3.44920e-17 1.40968e-03 
5790.00 1.42790e-05 9.78953e-01 3.42461e-17 1.39532e-03 
5798.13 1.43153e-05 9.79068e-01 3.36992e-17 1.37862e-03 
5810.00 1.45645e-05 9.79236e-01 3.28861e-17 1.37182e-03 
5810.96 1.45849e-05 9.79249e-01 3.28199e-17 1.37122e-03 
5815.23 1.46652e-05 9.79310e-01 3.25228e-17 1.36737e-03 
5823.79 1.47494e-05 9.79432e-01 3.19233e-17 1.35202e-03 
5830.00 1.47204e-05 9.79520e-01 3.14844e-17 1.33236e-03 
5836.63 1.45987e-05 9.79613e-01 3.10125e-17 1.30314e-03 
5844.31 1.44392e-05 9.79720e-01 3.04626e-17 1.26785e-03 
5849.48 1.43903e-05 9.79790e-01 3.00905e-17 1.24932e-03 
5850.00 1.43901e-05 9.79797e-01 3.00530e-17 1.24786e-03 
5862.33 1.45085e-05 9.79962e-01 2.91605e-17 1.22355e-03 
5870.00 1.43929e-05 9.80063e-01 2.86035e-17 1.19229e-03 
5873.53 1.42109e-05 9.80110e-01 2.83464e-17 1.16739e-03 
5875.19 1.41032e-05 9.80132e-01 2.82253e-17 1.15395e-03 
5888.06 1.33321e-05 9.80304e-01 2.72877e-17 1.05711e-03 
5890.00 1.33011e-05 9.80329e-01 2.71465e-17 1.04957e-03 
5900.94 1.37148e-05 9.80474e-01 2.63503e-17 1.05258e-03 
5902.90 1.38400e-05 9.80500e-01 2.62076e-17 1.05682e-03 
5910.00 1.42272e-05 9.80592e-01 2.56921e-17 1.06639e-03 
5913.82 1.43235e-05 9.80641e-01 2.54156e-17 1.06280e-03 
5926.71 1.42300e-05 9.80807e-01 2.44860e-17 1.01963e-03 
5930.00 1.41824e-05 9.80849e-01 2.42496e-17 1.00701e-03 
5932.41 1.41594e-05 9.80880e-01 2.40766e-17 9.98648e-04 
5939.60 1.41444e-05 9.80973e-01 2.35638e-17 9.77612e-04 
5950.00 1.41897e-05 9.81107e-01 2.28271e-17 9.51875e-04 
5952.50 1.41996e-05 9.81139e-01 2.26510e-17 9.45617e-04 
5962.08 1.42141e-05 9.81260e-01 2.19810e-17 9.20180e-04 
5965.41 1.42107e-05 9.81301e-01 2.17496e-17 9.10817e-04 
5970.00 1.41989e-05 9.81357e-01 2.14321e-17 8.97519e-04 
5978.32 1.41568e-05 9.81458e-01 2.08612e-17 8.72325e-04 
5990.00 1.40511e-05 9.81597e-01 2.00710e-17 8.34762e-04 
5991.24 1.40365e-05 9.81612e-01 1.99876e-17 8.30619e-04 
5991.89 1.40288e-05 9.81620e-01 1.99446e-17 8.28470e-04 
6004.17 1.38760e-05 9.81768e-01 1.91303e-17 7.87718e-04 
6010.00 1.38202e-05 9.81838e-01 1.87496e-17 7.69742e-04 
6017.11 1.37870e-05 9.81924e-01 1.82905e-17 7.50042e-04 
6021.85 1.37882e-05 9.81980e-01 1.79875e-17 7.38304e-04 
6030.00 1.38355e-05 9.82076e-01 1.74724e-17 7.20662e-04 
6030.05 1.38359e-05 9.82076e-01 1.74694e-17 7.20569e-04 
6043.00 1.39934e-05 9.82227e-01 1.66681e-17 6.96943e-04 
6050.00 1.40590e-05 9.82307e-01 1.62434e-17 6.83214e-04 
6051.96 1.40682e-05 9.82330e-01 1.61259e-17 6.78954e-04 
6055.95 1.40730e-05 9.82376e-01 1.58875e-17 6.69615e-04 
6068.91 1.39719e-05 9.82526e-01 1.51282e-17 6.34488e-04 
6070.00 1.39562e-05 9.82539e-01 1.50655e-17 6.31268e-04 
6081.88 1.37535e-05 9.82676e-01 1.43911e-17 5.95495e-04 
6082.21 1.37481e-05 9.82680e-01 1.43723e-17 5.94519e-04 
6090.00 1.36514e-05 9.82769e-01 1.39411e-17 5.73412e-04 
6094.85 1.36297e-05 9.82824e-01 1.36765e-17 5.62113e-04 
6107.84 1.35633e-05 9.82968e-01 1.29848e-17 5.32294e-04 
6110.00 1.35270e-05 9.82992e-01 1.28719e-17 5.26449e-04 
6112.63 1.34667e-05 9.83020e-01 1.27356e-17 5.18794e-04 
6120.83 1.32253e-05 9.83107e-01 1.23164e-17 4.93429e-04 
6130.00 1.30501e-05 9.83203e-01 1.18586e-17 4.69540e-04 
6133.82 1.30620e-05 9.83243e-01 1.16715e-17 4.62859e-04 
6143.19 1.31981e-05 9.83340e-01 1.12213e-17 4.50375e-04 
6146.82 1.32302e-05 9.83378e-01 1.10500e-17 4.44861e-04 
6150.00 1.32217e-05 9.83411e-01 1.09017e-17 4.38850e-04 
6159.83 1.29753e-05 9.83515e-01 1.04520e-17 4.13611e-04 
6170.00 1.27791e-05 9.83620e-01 1.00011e-17 3.90468e-04 
6172.85 1.28090e-05 9.83649e-01 9.87748e-18 3.86732e-04 
6173.91 1.28305e-05 9.83660e-01 9.83179e-18 3.85660e-04 
6185.87 1.32615e-05 9.83780e-01 9.32615e-18 3.78893e-04 
6190.00 1.33963e-05 9.83821e-01 9.15614e-18 3.76034e-04 
6198.90 1.35025e-05 9.83910e-01 8.79781e-18 3.64739e-04 
6204.77 1.34711e-05 9.83970e-01 8.56706e-18 3.54704e-04 
6210.00 1.34101e-05 9.84024e-01 8.36576e-18 3.45111e-04 
6211.93 1.33848e-05 9.84045e-01 8.29217e-18 3.41544e-04 
6224.98 1.31746e-05 9.84184e-01 7.80885e-18 3.17294e-04 
6230.00 1.30619e-05 9.84238e-01 7.62864e-18 3.07585e-04 
6235.80 1.29086e-05 9.84300e-01 7.42467e-18 2.96141e-04 
6238.03 1.28508e-05 9.84324e-01 7.34744e-18 2.91861e-04 
6250.00 1.26953e-05 9.84448e-01 6.94316e-18 2.73020e-04 
6251.08 1.27031e-05 9.84460e-01 6.90748e-18 2.71834e-04 
6264.15 1.30201e-05 9.84592e-01 6.48847e-18 2.62301e-04 
6266.98 1.31026e-05 9.84620e-01 6.40039e-18 2.60503e-04 
6270.00 1.31781e-05 9.84650e-01 6.30743e-18 2.58333e-04 
6277.22 1.32782e-05 9.84720e-01 6.08989e-18 2.51625e-04 
6290.00 1.32073e-05 9.84843e-01 5.71943e-18 2.35563e-04 
6290.29 1.32025e-05 9.84845e-01 5.71116e-18 2.35149e-04 
6298.31 1.30400e-05 9.84920e-01 5.48856e-18 2.23504e-04 
6303.38 1.29315e-05 9.84966e-01 5.35170e-18 2.16300e-04 
6310.00 1.28268e-05 9.85027e-01 5.17695e-18 2.07775e-04 
6316.47 1.27967e-05 9.85086e-01 5.01090e-18 2.00856e-04 
6329.56 1.28572e-05 9.85208e-01 4.68814e-18 1.89222e-04 
6329.80 1.28585e-05 9.85210e-01 4.68241e-18 1.89018e-04 
6330.00 1.28596e-05 9.85212e-01 4.67772e-18 1.88850e-04 
6342.67 1.28898e-05 9.85335e-01 4.38280e-18 1.77736e-04 
6350.00 1.28730e-05 9.85405e-01 4.21939e-18 1.71097e-04 
6355.78 1.28446e-05 9.85459e-01 4.09423e-18 1.65814e-04 
6361.45 1.28166e-05 9.85510e-01 3.97444e-18 1.60765e-04 
6368.90 1.28052e-05 9.85572e-01 3.82178e-18 1.54642e-04 
6370.00 1.28077e-05 9.85581e-01 3.79961e-18 1.53803e-04 
6382.02 1.28772e-05 9.85677e-01 3.56482e-18 1.45370e-04 
6390.00 1.28679e-05 9.85742e-01 3.41599e-18 1.39383e-04 
6393.26 1.28290e-05 9.85770e-01 3.35672e-18 1.36625e-04 
6395.15 1.27985e-05 9.85787e-01 3.32270e-18 1.34961e-04 
6408.29 1.25756e-05 9.85909e-01 3.09478e-18 1.23783e-04 
6410.00 1.25627e-05 9.85926e-01 3.06618e-18 1.22548e-04 
6421.44 1.26150e-05 9.86035e-01 2.88044e-18 1.15822e-04 
6425.23 1.26486e-05 9.86070e-01 2.82112e-18 1.13810e-04 
6430.00 1.26707e-05 9.86113e-01 2.74789e-18 1.11137e-04 
6434.59 1.26551e-05 9.86152e-01 2.67905e-18 1.08302e-04 
6447.75 1.25188e-05 9.86261e-01 2.49001e-18 9.97899e-05 
6450.00 1.25011e-05 9.86280e-01 2.45888e-18 9.84395e-05 
6457.35 1.24794e-05 9.86340e-01 2.35956e-18 9.44127e-05 
6460.92 1.24783e-05 9.86370e-01 2.31271e-18 9.25840e-05 
6470.00 1.24517e-05 9.86446e-01 2.19698e-18 8.78934e-05 
6474.09 1.24119e-05 9.86480e-01 2.14659e-18 8.56601e-05 
6487.27 1.22773e-05 9.86590e-01 1.99106e-18 7.87605e-05 
6489.64 1.22747e-05 9.86610e-01 1.96417e-18 7.77103e-05 
6490.00 1.22753e-05 9.86613e-01 1.96011e-18 7.75584e-05 
6500.46 1.23889e-05 9.86698e-01 1.84557e-18 7.38268e-05 
6510.00 1.25187e-05 9.86774e-01 1.74628e-18 7.06961e-05 
6513.65 1.25386e-05 9.86803e-01 1.70960e-18 6.93621e-05 
6522.09 1.25276e-05 9.86870e-01 1.62742e-18 6.60596e-05 
6526.85 1.25073e-05 9.86908e-01 1.58263e-18 6.41865e-05 
6530.00 1.24964e-05 9.86933e-01 1.55361e-18 6.29870e-05 
6540.06 1.24431e-05 9.87014e-01 1.46415e-18 5.92029e-05 
6550.00 1.21052e-05 9.87093e-01 1.38031e-18 5.43843e-05 
6553.27 1.18808e-05 9.87119e-01 1.35369e-18 5.23738e-05 
6554.70 1.17702e-05 9.87130e-01 1.34223e-18 5.14589e-05 
6566.49 1.09679e-05 9.87221e-01 1.25078e-18 4.47690e-05 
6570.00 1.09117e-05 9.87248e-01 1.22472e-18 4.36356e-05 
6579.72 1.14029e-05 9.87321e-01 1.15500e-18 4.30711e-05 
6587.47 1.20318e-05 9.87380e-01 1.10204e-18 4.34165e-05 
6590.00 1.21937e-05 9.87399e-01 1.08524e-18 4.33477e-05 
6592.96 1.23257e-05 9.87422e-01 1.06590e-18 4.30559e-05 
6606.20 1.23862e-05 9.87523e-01 9.83084e-19 3.99899e-05 
6610.00 1.23370e-05 9.87552e-01 9.60434e-19 3.89371e-05 
6619.45 1.22597e-05 9.87623e-01 9.06171e-19 3.65617e-05 
6620.41 1.22554e-05 9.87630e-01 9.00821e-19 3.63386e-05 
6630.00 1.22358e-05 9.87700e-01 8.48923e-19 3.42423e-05 
6632.71 1.22352e-05 9.87720e-01 8.34789e-19 3.36849e-05 
6645.97 1.22162e-05 9.87816e-01 7.68589e-19 3.10305e-05 
6650.00 1.21916e-05 9.87845e-01 7.49451e-19 3.02160e-05 
6653.51 1.21591e-05 9.87870e-01 7.33142e-19 2.94960e-05 
6659.24 1.20971e-05 9.87912e-01 7.07237e-19 2.83344e-05 
6670.00 1.20372e-05 9.87990e-01 6.60851e-19 2.63895e-05 
6672.52 1.20483e-05 9.88008e-01 6.50418e-19 2.60071e-05 
6685.80 1.21696e-05 9.88103e-01 5.97834e-19 2.41956e-05 
6686.78 1.21740e-05 9.88110e-01 5.94123e-19 2.40578e-05 
6690.00 1.21753e-05 9.88133e-01 5.82051e-19 2.35833e-05 
6699.09 1.20726e-05 9.88196e-01 5.49201e-19 2.20960e-05 
6710.00 1.19333e-05 9.88270e-01 5.12070e-19 2.03991e-05 
6712.39 1.19283e-05 9.88287e-01 5.04253e-19 2.00867e-05 
6720.21 1.19715e-05 9.88340e-01 4.79443e-19 1.91910e-05 
6725.70 1.20171e-05 9.88377e-01 4.62738e-19 1.86088e-05 
6730.00 1.20363e-05 9.88407e-01 4.50006e-19 1.81379e-05 
6739.01 1.19939e-05 9.88468e-01 4.24418e-19 1.70701e-05 
6750.00 1.18935e-05 9.88544e-01 3.95040e-19 1.57825e-05 
6752.33 1.18806e-05 9.88560e-01 3.89071e-19 1.55327e-05 
6753.81 1.18748e-05 9.88570e-01 3.85301e-19 1.53782e-05 
6765.65 1.18670e-05 9.88651e-01 3.56485e-19 1.42449e-05 
6770.00 1.18686e-05 9.88681e-01 3.46423e-19 1.38539e-05 
6778.99 1.18553e-05 9.88742e-01 3.26464e-19 1.30592e-05 
6787.58 1.18201e-05 9.88800e-01 3.08389e-19 1.23160e-05 
6790.00 1.18064e-05 9.88816e-01 3.03479e-19 1.21103e-05 
6792.33 1.17918e-05 9.88832e-01 2.98822e-19 1.19140e-05 
6805.67 1.17194e-05 9.88919e-01 2.73387e-19 1.08552e-05 
6810.00 1.17169e-05 9.88947e-01 2.65592e-19 1.05504e-05 
6819.03 1.17542e-05 9.89004e-01 2.49995e-19 9.97627e-06 
6821.52 1.17652e-05 9.89020e-01 2.45846e-19 9.82365e-06 
6830.00 1.17611e-05 9.89072e-01 2.32209e-19 9.28750e-06 
6832.39 1.17408e-05 9.89087e-01 2.28496e-19 9.12657e-06 
6845.76 1.15533e-05 9.89169e-01 2.08748e-19 8.22132e-06 
6850.00 1.15135e-05 9.89195e-01 2.02828e-19 7.96582e-06 
6855.63 1.15056e-05 9.89230e-01 1.95220e-19 7.66829e-06 
6859.13 1.15202e-05 9.89252e-01 1.90617e-19 7.50103e-06 
6870.00 1.15921e-05 9.89322e-01 1.77001e-19 7.02033e-06 
6872.52 1.16025e-05 9.89338e-01 1.73982e-19 6.90936e-06 
6885.91 1.15964e-05 9.89425e-01 1.58726e-19 6.31303e-06 
6889.91 1.15820e-05 9.89450e-01 1.54422e-19 6.13798e-06 
6890.00 1.15817e-05 9.89451e-01 1.54323e-19 6.13391e-06 
6899.30 1.15408e-05 9.89509e-01 1.44743e-19 5.74091e-06 
6910.00 1.14913e-05 9.89572e-01 1.34432e-19 5.31765e-06 
6912.71 1.14799e-05 9.89588e-01 1.31935e-19 5.21581e-06 
6924.36 1.14434e-05 9.89650e-01 1.21690e-19 4.80389e-06 
6926.12 1.14404e-05 9.89659e-01 1.20207e-19 4.74534e-06 
6930.00 1.14366e-05 9.89678e-01 1.17003e-19 4.62006e-06 
6939.54 1.14485e-05 9.89720e-01 1.09475e-19 4.33342e-06 
