##### EXOPHOT SPECTRAL OVERLAP FILE #####
# Date: 12/03/2021 13:30:10
# SED file: g2v.txt
# atmosphere file: g2v_psg_reducing_trn.txt
# photopigment file: BChl_b.txt
# Stellar radius (Rs in km): 696340
# Exoplanet semi-major axis (sma in km): 149600000.0
# Absorption rate (s^-1): 1.31752e+01
## Wavelength (Angstrom)  Overlapped Spectra (A^-1 s^-1)
3041.74 1.47022e-04
3050.00 1.55571e-04
3055.94 1.64133e-04
3070.00 1.81853e-04
3071.22 1.82409e-04
3072.03 1.82656e-04
3086.58 1.83064e-04
3090.00 1.86248e-04
3102.01 2.15609e-04
3103.47 2.19882e-04
3110.00 2.36354e-04
3117.52 2.44577e-04
3130.00 2.41570e-04
3133.11 2.40276e-04
3146.34 2.43853e-04
3148.77 2.47215e-04
3150.00 2.49344e-04
3164.52 2.84283e-04
3170.00 2.90375e-04
3180.34 2.78119e-04
3190.00 2.70364e-04
3196.24 2.83784e-04
3206.35 3.12785e-04
3210.00 3.15405e-04
3212.22 3.13008e-04
3228.29 2.70787e-04
3230.00 2.71747e-04
3244.43 3.56695e-04
3250.00 4.03394e-04
3260.65 4.71975e-04
3269.23 5.04187e-04
3270.00 5.06071e-04
3276.95 5.16364e-04
3290.00 5.14755e-04
3293.34 5.12910e-04
3309.80 5.11605e-04
3310.00 5.11743e-04
3326.35 5.38568e-04
3330.00 5.47617e-04
3332.11 5.53106e-04
3342.98 5.71455e-04
3350.00 5.57790e-04
3359.70 4.94325e-04
3370.00 4.42321e-04
3376.50 4.57299e-04
3386.41 5.23218e-04
3390.00 5.45641e-04
3393.38 5.60713e-04
3410.00 5.89793e-04
3410.35 5.90489e-04
3427.40 6.52276e-04
3428.47 6.56886e-04
3430.00 6.63431e-04
3444.54 7.19913e-04
3450.00 7.40735e-04
3455.00 7.61062e-04
3461.76 7.92672e-04
3470.00 8.41167e-04
3472.72 8.60295e-04
3479.07 9.10583e-04
3490.00 1.01298e-03
3491.34 1.02664e-03
3496.46 1.07854e-03
3507.02 1.16011e-03
3510.00 1.16957e-03
3513.95 1.16880e-03
3523.60 1.14509e-03
3530.00 1.16728e-03
3531.51 1.18398e-03
3543.60 1.41747e-03
3549.17 1.50539e-03
3550.00 1.51108e-03
3552.18 1.51294e-03
3566.47 1.24933e-03
3566.92 1.24040e-03
3570.00 1.19042e-03
3578.72 1.17186e-03
3584.75 1.23676e-03
3590.00 1.32504e-03
3592.19 1.36750e-03
3602.68 1.58893e-03
3603.62 1.60749e-03
3610.00 1.71444e-03
3617.91 1.81336e-03
3620.69 1.84523e-03
3626.49 1.89973e-03
3630.00 1.91769e-03
3638.79 1.98895e-03
3639.96 2.01664e-03
3640.00 2.01771e-03
3650.00 2.42483e-03
3651.39 2.47593e-03
3656.99 2.61615e-03
3669.36 2.66395e-03
3670.00 2.66095e-03
3675.27 2.63169e-03
3690.00 2.64852e-03
3693.65 2.71026e-03
3707.00 2.90555e-03
3710.00 2.87636e-03
3712.12 2.82729e-03
3730.00 2.11550e-03
3730.68 2.10201e-03
3749.33 2.37211e-03
3749.38 2.37371e-03
3750.00 2.39304e-03
3768.08 2.85393e-03
3770.00 2.87907e-03
3771.61 2.89494e-03
3786.92 2.93327e-03
3789.39 2.94383e-03
3790.00 2.94753e-03
3805.85 2.95310e-03
3806.54 2.93611e-03
3810.00 2.81073e-03
3817.98 2.30164e-03
3824.88 1.84731e-03
3830.00 1.65949e-03
3832.27 1.64389e-03
3844.01 1.98465e-03
3846.56 2.08066e-03
3850.00 2.18094e-03
3863.23 2.16770e-03
3863.70 2.16124e-03
3870.00 2.08792e-03
3880.85 2.14041e-03
3882.54 2.17343e-03
3890.00 2.40377e-03
3900.86 2.84683e-03
3901.96 2.87434e-03
3910.00 2.81366e-03
3921.46 1.91196e-03
3930.00 1.47869e-03
3938.01 1.83082e-03
3941.07 2.06520e-03
3950.00 2.53534e-03
3960.78 2.08898e-03
3970.00 1.77977e-03
3980.58 2.59535e-03
3990.00 3.60142e-03
3991.36 3.70196e-03
4000.48 4.01377e-03
4010.00 4.02227e-03
4015.59 4.06662e-03
4020.49 4.14880e-03
4023.75 4.21127e-03
4030.00 4.31494e-03
4035.19 4.37607e-03
4040.59 4.42103e-03
4045.48 4.45072e-03
4050.00 4.47046e-03
4055.19 4.47911e-03
4060.79 4.49153e-03
4067.80 4.57687e-03
4070.00 4.63333e-03
4081.10 5.11393e-03
4089.44 5.43380e-03
4090.00 5.44627e-03
4101.50 5.43844e-03
4110.00 5.31315e-03
4122.01 5.27221e-03
4128.19 5.24436e-03
4130.00 5.22522e-03
4138.08 5.08243e-03
4142.62 4.99027e-03
4146.65 4.91480e-03
4150.00 4.86181e-03
4155.14 4.80776e-03
4160.94 4.69426e-03
4163.33 4.56169e-03
4163.80 4.53741e-03
4170.00 4.39353e-03
4171.42 4.37430e-03
4180.37 4.11672e-03
4184.15 3.97922e-03
4188.38 3.84652e-03
4190.00 3.80811e-03
4200.14 3.69240e-03
4205.07 3.64685e-03
4210.00 3.57190e-03
4211.43 3.54216e-03
4220.39 3.31411e-03
4226.10 3.18624e-03
4230.00 3.11835e-03
4232.39 3.08459e-03
4245.86 2.92104e-03
4247.23 2.90429e-03
4250.00 2.86742e-03
4261.54 2.65860e-03
4268.46 2.51966e-03
4270.00 2.49174e-03
4280.03 2.33201e-03
4289.80 2.11121e-03
4290.00 2.10516e-03
4295.27 1.92298e-03
4309.56 1.62614e-03
4310.00 1.63012e-03
4311.25 1.64742e-03
4326.71 2.15178e-03
4330.00 2.21331e-03
4332.81 2.22466e-03
4346.71 2.00814e-03
4350.00 1.96979e-03
4354.47 1.96368e-03
4370.00 2.03112e-03
4371.80 2.01592e-03
4376.25 1.95012e-03
4390.00 1.70062e-03
4392.85 1.67699e-03
4398.13 1.66707e-03
4410.00 1.72253e-03
4418.98 1.75366e-03
4420.12 1.75483e-03
4430.00 1.73308e-03
4442.22 1.64314e-03
4448.65 1.60164e-03
4450.00 1.59576e-03
4464.43 1.57671e-03
4470.00 1.56287e-03
4483.90 1.48328e-03
4486.75 1.47262e-03
4490.00 1.46815e-03
4509.19 1.49991e-03
4510.00 1.49586e-03
4523.91 1.33982e-03
4530.00 1.27434e-03
4531.73 1.26176e-03
4550.00 1.25734e-03
4554.39 1.27182e-03
4570.00 1.28731e-03
4577.16 1.25348e-03
4578.21 1.24704e-03
4590.00 1.18281e-03
4600.05 1.17406e-03
4610.00 1.17832e-03
4623.05 1.15134e-03
4630.00 1.13287e-03
4641.09 1.11695e-03
4646.16 1.11471e-03
4650.00 1.11457e-03
4669.39 1.11470e-03
4670.00 1.11414e-03
4690.00 1.06374e-03
4692.74 1.05269e-03
4703.97 1.00965e-03
4710.00 9.96975e-04
4716.20 9.96779e-04
4730.00 1.01386e-03
4739.79 1.01309e-03
4750.00 1.00235e-03
4763.48 9.86764e-04
4766.84 9.83023e-04
4770.00 9.79553e-04
4787.30 9.58968e-04
4790.00 9.55029e-04
4810.00 9.29604e-04
4811.24 9.29298e-04
4829.72 9.30199e-04
4830.00 9.29971e-04
4835.29 9.22412e-04
4850.00 8.63548e-04
4859.47 7.99667e-04
4870.00 7.61029e-04
4883.77 8.17929e-04
4890.00 8.46408e-04
4892.60 8.52335e-04
4908.19 8.30567e-04
4910.00 8.25184e-04
4930.00 7.81692e-04
4932.73 7.79784e-04
4950.00 7.79431e-04
4955.48 7.76862e-04
4957.39 7.75121e-04
4970.00 7.49173e-04
4982.18 6.98814e-04
4990.00 6.61897e-04
5007.09 6.01318e-04
5010.00 5.96706e-04
5018.35 5.93321e-04
5030.00 5.89893e-04
5032.12 5.86799e-04
5050.00 5.48099e-04
5057.29 5.41140e-04
5070.00 5.27004e-04
5081.23 4.93465e-04
5082.57 4.88994e-04
5090.00 4.67249e-04
5107.98 4.40900e-04
5110.00 4.37924e-04
5130.00 3.98868e-04
5133.52 3.93197e-04
5144.11 3.77829e-04
5150.00 3.67332e-04
5159.19 3.45742e-04
5170.00 3.24185e-04
5184.99 3.24253e-04
5190.00 3.31710e-04
5206.98 3.68371e-04
5210.00 3.73198e-04
5210.91 3.74379e-04
5230.00 3.88908e-04
5236.97 4.00894e-04
5250.00 4.14713e-04
5263.15 3.90895e-04
5269.86 3.85509e-04
5270.00 3.85593e-04
5289.47 4.58247e-04
5290.00 4.60729e-04
5310.00 5.12770e-04
5315.92 5.08657e-04
5330.00 4.99742e-04
5332.74 5.05083e-04
5342.50 5.42726e-04
5350.00 5.74729e-04
5369.21 6.07374e-04
5370.00 6.08169e-04
5390.00 6.28410e-04
5395.61 6.28087e-04
5396.05 6.27938e-04
5410.00 6.24135e-04
5423.03 6.38633e-04
5430.00 6.50526e-04
5450.00 6.73618e-04
5450.15 6.73665e-04
5458.49 6.73308e-04
5470.00 6.70316e-04
5477.40 6.72177e-04
5490.00 6.82782e-04
5504.79 7.03675e-04
5510.00 7.13461e-04
5521.37 7.40663e-04
5530.00 7.68648e-04
5532.31 7.77412e-04
5550.00 8.50516e-04
5559.97 8.83981e-04
5570.00 9.13266e-04
5575.67 9.30847e-04
5587.77 9.82479e-04
5590.00 9.95958e-04
5610.00 1.18225e-03
5615.71 1.24904e-03
5619.18 1.29238e-03
5630.00 1.44518e-03
5643.79 1.65542e-03
5644.26 1.66204e-03
5650.00 1.73585e-03
5665.09 1.91430e-03
5670.00 1.99372e-03
5672.01 2.03163e-03
5689.04 2.40057e-03
5690.00 2.41882e-03
5700.37 2.57755e-03
5710.00 2.72865e-03
5711.63 2.76201e-03
5728.87 3.19472e-03
5730.00 3.22063e-03
5732.86 3.28097e-03
5750.00 3.58101e-03
5750.01 3.58121e-03
5757.52 3.73242e-03
5770.00 3.94802e-03
5786.30 3.98851e-03
5790.00 3.99027e-03
5805.79 4.07383e-03
5810.00 4.09922e-03
5815.23 4.12037e-03
5830.00 4.08203e-03
5844.31 3.90353e-03
5847.18 3.86741e-03
5850.00 3.83648e-03
5870.00 3.59212e-03
5873.53 3.49653e-03
5876.72 3.39795e-03
5890.00 3.03544e-03
5895.77 2.97595e-03
5902.90 2.95208e-03
5910.00 2.90338e-03
5915.78 2.80098e-03
5927.21 2.49700e-03
5930.00 2.42913e-03
5932.41 2.37630e-03
5944.36 2.15267e-03
5950.00 2.04214e-03
5962.08 1.79911e-03
5964.36 1.75758e-03
5970.00 1.66690e-03
5990.00 1.43045e-03
5990.90 1.42105e-03
5991.89 1.41078e-03
6010.00 1.22674e-03
6021.85 1.12233e-03
6030.00 1.06006e-03
6030.10 1.05936e-03
6050.00 9.30182e-04
6051.96 9.17695e-04
6070.00 7.99867e-04
6078.69 7.44145e-04
6082.21 7.22699e-04
6090.00 6.79531e-04
6110.00 5.86674e-04
6112.63 5.73699e-04
6130.00 4.94356e-04
6138.70 4.69267e-04
6143.19 4.57892e-04
6150.00 4.38520e-04
6170.00 3.73160e-04
6173.91 3.66033e-04
6190.00 3.50214e-04
6201.58 3.35099e-04
6204.77 3.30485e-04
6210.00 3.23226e-04
6230.00 3.00976e-04
6235.80 2.95374e-04
6250.00 2.88136e-04
6264.46 2.96001e-04
6266.98 2.97905e-04
6270.00 2.99976e-04
6290.00 3.03756e-04
6298.31 3.01001e-04
6310.00 2.96846e-04
6327.33 2.95761e-04
6329.80 2.95523e-04
6330.00 2.95498e-04
6350.00 2.89069e-04
6361.45 2.84209e-04
6370.00 2.82519e-04
6390.00 2.87909e-04
6390.21 2.87986e-04
6393.26 2.89063e-04
6410.00 2.99089e-04
6425.23 3.22169e-04
6430.00 3.30092e-04
6450.00 3.57176e-04
6453.09 3.61510e-04
6457.35 3.67709e-04
6470.00 3.84748e-04
6489.64 4.03257e-04
6490.00 4.03679e-04
6510.00 4.31953e-04
6515.97 4.37870e-04
6522.09 4.42176e-04
6530.00 4.46672e-04
6550.00 4.43884e-04
6554.70 4.33665e-04
6570.00 4.07531e-04
6578.84 4.26444e-04
6587.47 4.55932e-04
6590.00 4.62981e-04
6610.00 4.74929e-04
6620.41 4.74627e-04
6630.00 4.76170e-04
6641.72 4.78297e-04
6650.00 4.78147e-04
6653.51 4.77367e-04
6670.00 4.74738e-04
6686.78 4.82948e-04
6690.00 4.83666e-04
6704.60 4.79941e-04
6710.00 4.79630e-04
6720.21 4.85462e-04
6730.00 4.93255e-04
6750.00 5.01029e-04
6753.81 5.03367e-04
6767.47 5.15816e-04
6770.00 5.18464e-04
6787.58 5.36701e-04
6790.00 5.39143e-04
6810.00 5.62295e-04
6821.52 5.81775e-04
6830.00 5.94617e-04
6830.35 5.95039e-04
6850.00 6.13894e-04
6855.63 6.23371e-04
6870.00 6.56604e-04
6889.91 7.05138e-04
6890.00 7.05379e-04
6893.23 7.13828e-04
6910.00 7.63736e-04
6924.36 8.15254e-04
6930.00 8.37116e-04
6950.00 9.18963e-04
6956.10 9.45548e-04
6958.98 9.58370e-04
6970.00 1.00976e-03
6990.00 1.10305e-03
6993.77 1.11675e-03
7010.00 1.17646e-03
7016.12 1.21078e-03
7028.74 1.29804e-03
7030.00 1.30689e-03
7050.00 1.43249e-03
7063.88 1.51022e-03
7070.00 1.54384e-03
7070.43 1.54618e-03
7090.00 1.65785e-03
7099.20 1.71343e-03
7110.00 1.77234e-03
7127.59 1.83675e-03
7130.00 1.84404e-03
7134.70 1.85835e-03
7150.00 1.90869e-03
7170.00 1.96438e-03
7170.37 1.96461e-03
7190.00 1.95851e-03
7190.46 1.95913e-03
7206.23 2.00853e-03
7210.00 2.01994e-03
7230.00 2.03644e-03
7242.26 2.04186e-03
7250.00 2.04575e-03
7253.34 2.04685e-03
7270.00 2.02967e-03
7278.47 1.99856e-03
7290.00 1.96173e-03
7310.00 1.96655e-03
7314.86 1.96210e-03
7316.22 1.95997e-03
7330.00 1.93122e-03
7350.00 1.91502e-03
7351.43 1.91483e-03
7370.00 1.90840e-03
7379.09 1.89610e-03
7388.19 1.88423e-03
7390.00 1.88272e-03
7410.00 1.90124e-03
7425.13 1.96039e-03
7430.00 1.98083e-03
7441.97 2.02366e-03
7450.00 2.05343e-03
7462.26 2.11179e-03
7470.00 2.14979e-03
7490.00 2.24378e-03
7496.27 2.28666e-03
7499.57 2.31278e-03
7510.00 2.40463e-03
7530.00 2.58257e-03
7536.29 2.63625e-03
7537.07 2.64267e-03
7550.00 2.73835e-03
7570.00 2.89175e-03
7570.99 2.90254e-03
7574.75 2.94791e-03
7590.00 3.18013e-03
7593.04 3.23079e-03
7608.69 3.49683e-03
7610.00 3.51930e-03
7612.63 3.56470e-03
7629.78 3.89558e-03
7630.00 3.90033e-03
7647.75 4.28217e-03
7650.00 4.31737e-03
7650.69 4.32732e-03
7662.61 4.51308e-03
7670.00 4.72427e-03
7675.51 4.92292e-03
7687.76 5.39737e-03
7688.94 5.45162e-03
7690.00 5.50100e-03
7696.34 5.76590e-03
7710.00 6.07806e-03
7710.63 6.09944e-03
7718.25 6.43674e-03
7727.39 6.80113e-03
7727.77 6.81773e-03
7730.00 6.91892e-03
7736.35 7.21786e-03
7747.78 7.65092e-03
7750.00 7.73224e-03
7756.35 8.08871e-03
7761.25 8.50704e-03
7766.03 8.73329e-03
7770.00 8.90786e-03
7771.87 9.04434e-03
7776.36 9.49189e-03
7782.08 9.77536e-03
7789.22 1.01604e-02
7790.00 1.02026e-02
7798.82 1.06675e-02
7803.99 1.10400e-02
7804.86 1.11173e-02
7807.80 1.13655e-02
7810.00 1.14863e-02
7814.47 1.16877e-02
7819.23 1.20444e-02
7826.09 1.23971e-02
7830.00 1.26082e-02
7834.95 1.28954e-02
7843.05 1.33774e-02
7843.88 1.34435e-02
7847.81 1.37518e-02
7850.00 1.38731e-02
7853.53 1.41115e-02
7856.39 1.44253e-02
7862.10 1.48051e-02
7867.82 1.51676e-02
7870.00 1.52955e-02
7876.39 1.55963e-02
7883.10 1.58428e-02
7887.82 1.60084e-02
7890.00 1.60893e-02
7897.62 1.64047e-02
7906.40 1.67796e-02
7910.00 1.68967e-02
7918.14 1.70615e-02
7922.51 1.71104e-02
7930.00 1.71655e-02
7950.00 1.73354e-02
7956.15 1.74027e-02
7962.13 1.74593e-02
7970.00 1.74820e-02
7990.00 1.70673e-02
7991.67 1.70002e-02
8001.94 1.65582e-02
8004.05 1.64857e-02
8010.00 1.62676e-02
8012.44 1.60838e-02
8015.86 1.57203e-02
8025.96 1.52652e-02
8030.00 1.49644e-02
8031.68 1.48260e-02
8040.89 1.42871e-02
8041.95 1.42404e-02
8047.87 1.38174e-02
8050.00 1.35652e-02
8050.73 1.35118e-02
8058.16 1.32540e-02
8059.31 1.29125e-02
8066.45 1.26332e-02
8070.00 1.24584e-02
8072.64 1.21842e-02
8077.60 1.17343e-02
8082.16 1.14784e-02
8084.46 1.13224e-02
8087.89 1.09483e-02
8090.00 1.06489e-02
8090.75 1.05575e-02
8098.37 1.01228e-02
8102.18 9.73219e-03
8107.89 9.45029e-03
8110.00 9.31293e-03
8112.66 9.07366e-03
8116.47 8.69271e-03
8122.18 8.33060e-03
8122.57 8.31262e-03
8127.90 7.95336e-03
8130.00 7.69553e-03
8130.76 7.60981e-03
8137.43 7.23896e-03
8143.62 6.76939e-03
8150.00 6.47489e-03
8150.76 6.41556e-03
8153.62 6.12337e-03
8158.39 5.73762e-03
8163.18 5.43863e-03
8165.46 5.35915e-03
8170.00 5.30378e-03
8174.58 4.92282e-03
8176.49 4.58415e-03
8188.49 4.17207e-03
8190.00 4.16405e-03
8197.45 3.80626e-03
8201.26 3.47298e-03
8204.00 3.30919e-03
8210.00 3.15471e-03
8213.64 3.08883e-03
8226.03 2.57379e-03
8230.00 2.39917e-03
8236.51 2.16386e-03
8245.02 1.95022e-03
8250.00 1.85421e-03
8256.10 1.74133e-03
8270.00 1.45624e-03
8270.80 1.44073e-03
8286.24 1.18763e-03
8290.00 1.13168e-03
8290.40 1.12569e-03
8310.00 8.41347e-04
8313.67 7.96657e-04
8327.67 6.63474e-04
8330.00 6.45918e-04
8350.00 5.26408e-04
8356.54 4.93058e-04
8369.31 4.23643e-04
8370.00 4.19684e-04
8390.00 3.08576e-04
8407.99 2.35096e-04
8410.00 2.28045e-04
8411.16 2.24064e-04
8430.00 1.71271e-04
8450.00 1.42287e-04
8453.21 1.38877e-04
8455.46 1.36585e-04
8470.00 1.23998e-04
8490.00 1.10574e-04
8495.48 1.05786e-04
8503.23 9.89328e-05
8510.00 9.42210e-05
8530.00 8.00800e-05
8537.96 6.64993e-05
8550.00 4.58157e-05
8562.32 2.76957e-05
