##### EXOPHOT SPECTRAL OVERLAP FILE #####
# Date: 12/03/2021 13:30:09
# SED file: g2v.txt
# atmosphere file: g2v_psg_reducing_trn.txt
# photopigment file: Chl_b.txt
# Stellar radius (Rs in km): 696340
# Exoplanet semi-major axis (sma in km): 149600000.0
# Absorption rate (s^-1): 9.54687e+00
## Wavelength (Angstrom)  Overlapped Spectra (A^-1 s^-1)
3000.00 1.99112e-04
3010.00 1.63350e-04
3010.56 1.63310e-04
3020.00 1.77488e-04
3025.61 1.87216e-04
3030.00 1.93046e-04
3040.00 2.03141e-04
3040.74 2.03806e-04
3050.00 2.13506e-04
3055.94 2.22692e-04
3060.00 2.29251e-04
3070.00 2.38958e-04
3071.22 2.38992e-04
3080.00 2.33726e-04
3086.58 2.30597e-04
3090.00 2.32309e-04
3100.00 2.54145e-04
3102.01 2.59947e-04
3110.00 2.78914e-04
3117.52 2.82325e-04
3120.00 2.80767e-04
3130.00 2.68727e-04
3133.11 2.65093e-04
3140.00 2.59974e-04
3148.77 2.62819e-04
3150.00 2.64384e-04
3160.00 2.85005e-04
3164.52 2.93720e-04
3170.00 2.97886e-04
3180.00 2.82955e-04
3180.34 2.82263e-04
3190.00 2.72756e-04
3196.24 2.85739e-04
3200.00 2.97677e-04
3210.00 3.17350e-04
3212.22 3.15117e-04
3220.00 2.92503e-04
3228.29 2.74035e-04
3230.00 2.75186e-04
3240.00 3.26666e-04
3244.43 3.64437e-04
3250.00 4.13655e-04
3260.00 4.83482e-04
3260.65 4.87068e-04
3270.00 5.25664e-04
3276.95 5.38147e-04
3280.00 5.40068e-04
3290.00 5.37509e-04
3293.34 5.35536e-04
3300.00 5.31944e-04
3309.80 5.30928e-04
3310.00 5.31011e-04
3320.00 5.41317e-04
3326.35 5.52168e-04
3330.00 5.59482e-04
3340.00 5.76240e-04
3342.98 5.76067e-04
3350.00 5.57029e-04
3359.70 4.86798e-04
3360.00 4.84392e-04
3370.00 4.28690e-04
3376.50 4.38421e-04
3380.00 4.55302e-04
3390.00 5.09904e-04
3393.38 5.20247e-04
3400.00 5.27091e-04
3410.00 5.26760e-04
3410.35 5.26935e-04
3420.00 5.40405e-04
3427.40 5.55805e-04
3430.00 5.60845e-04
3440.00 5.75349e-04
3444.54 5.80384e-04
3450.00 5.85265e-04
3460.00 5.92323e-04
3461.76 5.94095e-04
3470.00 6.06905e-04
3479.07 6.30474e-04
3480.00 6.33418e-04
3490.00 6.69428e-04
3496.46 6.93633e-04
3500.00 7.04129e-04
3510.00 7.08014e-04
3513.95 6.95020e-04
3520.00 6.68648e-04
3530.00 6.59916e-04
3531.51 6.67495e-04
3540.00 7.40130e-04
3549.17 7.91108e-04
3550.00 7.90222e-04
3560.00 7.02006e-04
3566.92 6.11061e-04
3570.00 5.79840e-04
3580.00 5.53676e-04
3584.75 5.69879e-04
3590.00 5.97620e-04
3600.00 6.52846e-04
3602.68 6.65722e-04
3610.00 6.92411e-04
3620.00 7.03156e-04
3620.69 7.02909e-04
3630.00 6.90527e-04
3638.79 6.89874e-04
3640.00 6.96307e-04
3650.00 8.02773e-04
3656.99 8.50652e-04
3660.00 8.57921e-04
3670.00 8.41094e-04
3675.27 8.21500e-04
3680.00 8.04793e-04
3690.00 7.93944e-04
3693.65 8.05533e-04
3700.00 8.33208e-04
3710.00 8.29511e-04
3712.12 8.12806e-04
3720.00 7.15118e-04
3730.00 6.03505e-04
3730.68 5.99693e-04
3740.00 6.05773e-04
3749.33 6.81085e-04
3750.00 6.87425e-04
3760.00 7.76873e-04
3768.08 8.29966e-04
3770.00 8.38188e-04
3780.00 8.53088e-04
3786.92 8.52023e-04
3790.00 8.54493e-04
3800.00 8.69806e-04
3805.85 8.47790e-04
3810.00 8.03110e-04
3820.00 6.06386e-04
3824.88 5.12684e-04
3830.00 4.53751e-04
3840.00 4.86416e-04
3844.01 5.22775e-04
3850.00 5.63612e-04
3860.00 5.51702e-04
3863.23 5.36419e-04
3870.00 5.06906e-04
3880.00 5.03120e-04
3882.54 5.11523e-04
3890.00 5.58633e-04
3900.00 6.46872e-04
3901.96 6.57431e-04
3910.00 6.38787e-04
3920.00 4.63336e-04
3921.46 4.34691e-04
3930.00 3.37925e-04
3940.00 4.61536e-04
3941.07 4.81890e-04
3950.00 6.01344e-04
3960.00 5.19770e-04
3960.78 5.09033e-04
3970.00 4.44719e-04
3980.00 6.46331e-04
3980.58 6.63947e-04
3990.00 9.39210e-04
4000.00 1.06609e-03
4000.48 1.06832e-03
4010.00 1.08270e-03
4020.00 1.10323e-03
4020.49 1.10468e-03
4030.00 1.13544e-03
4040.00 1.15970e-03
4040.59 1.16034e-03
4050.00 1.15834e-03
4060.00 1.15286e-03
4060.79 1.15397e-03
4070.00 1.20274e-03
4080.00 1.34288e-03
4081.10 1.36117e-03
4090.00 1.49701e-03
4100.00 1.57074e-03
4101.50 1.57642e-03
4110.00 1.61381e-03
4120.00 1.72549e-03
4122.01 1.75543e-03
4130.00 1.88305e-03
4140.00 2.03899e-03
4142.62 2.08207e-03
4150.00 2.22126e-03
4160.00 2.46335e-03
4163.33 2.54807e-03
4170.00 2.70448e-03
4180.00 2.88292e-03
4184.15 2.95182e-03
4190.00 3.07318e-03
4200.00 3.38843e-03
4205.07 3.56190e-03
4210.00 3.70747e-03
4220.00 3.88309e-03
4226.10 3.95364e-03
4230.00 4.01244e-03
4240.00 4.25285e-03
4247.23 4.41938e-03
4250.00 4.46017e-03
4260.00 4.46477e-03
4268.46 4.38670e-03
4270.00 4.37492e-03
4280.00 4.31635e-03
4289.80 4.08799e-03
4290.00 4.07970e-03
4300.00 3.55580e-03
4310.00 3.42293e-03
4311.25 3.47626e-03
4320.00 4.19524e-03
4330.00 4.99844e-03
4332.81 5.07540e-03
4340.00 5.00903e-03
4350.00 4.83786e-03
4354.47 4.93119e-03
4360.00 5.17498e-03
4370.00 5.62242e-03
4376.25 5.67996e-03
4380.00 5.65203e-03
4390.00 5.64449e-03
4398.13 6.02351e-03
4400.00 6.16394e-03
4410.00 7.12056e-03
4420.00 8.14502e-03
4420.12 8.15702e-03
4430.00 9.13390e-03
4440.00 9.99406e-03
4442.22 1.01871e-02
4450.00 1.09814e-02
4460.00 1.24055e-02
4464.43 1.30820e-02
4470.00 1.38680e-02
4480.00 1.49844e-02
4486.75 1.57564e-02
4490.00 1.62356e-02
4500.00 1.81899e-02
4509.19 1.95594e-02
4510.00 1.96176e-02
4520.00 1.94030e-02
4530.00 1.85346e-02
4531.73 1.84517e-02
4540.00 1.84450e-02
4550.00 1.88566e-02
4554.39 1.90310e-02
4560.00 1.91281e-02
4570.00 1.86443e-02
4577.16 1.76677e-02
4580.00 1.72021e-02
4590.00 1.56568e-02
4600.00 1.46638e-02
4600.05 1.46598e-02
4610.00 1.37341e-02
4620.00 1.24939e-02
4623.05 1.20774e-02
4630.00 1.11363e-02
4640.00 9.94003e-03
4646.16 9.31468e-03
4650.00 8.95632e-03
4660.00 8.07441e-03
4669.39 7.23505e-03
4670.00 7.17668e-03
4680.00 6.17031e-03
4690.00 5.26151e-03
4692.74 5.01830e-03
4700.00 4.39611e-03
4710.00 3.68280e-03
4716.20 3.34428e-03
4720.00 3.16375e-03
4730.00 2.73722e-03
4739.79 2.36315e-03
4740.00 2.35518e-03
4750.00 1.99799e-03
4760.00 1.70179e-03
4763.48 1.61372e-03
4770.00 1.46350e-03
4780.00 1.25774e-03
4787.30 1.13216e-03
4790.00 1.09025e-03
4800.00 9.52446e-04
4810.00 8.49461e-04
4811.24 8.39579e-04
4820.00 7.82390e-04
4830.00 7.24815e-04
4835.29 6.92200e-04
4840.00 6.59914e-04
4850.00 5.76659e-04
4859.47 5.04810e-04
4860.00 5.03256e-04
4870.00 5.14896e-04
4880.00 5.16164e-04
4883.77 5.20623e-04
4890.00 5.32921e-04
4900.00 5.40253e-04
4908.19 5.31293e-04
4910.00 5.29081e-04
4920.00 5.21672e-04
4930.00 5.18138e-04
4932.73 5.19528e-04
4940.00 5.26736e-04
4950.00 5.36550e-04
4957.39 5.45190e-04
4960.00 5.47927e-04
4970.00 5.53914e-04
4980.00 5.47560e-04
4982.18 5.41789e-04
4990.00 5.18278e-04
5000.00 5.09913e-04
5007.09 5.06572e-04
5010.00 5.07150e-04
5020.00 5.23695e-04
5030.00 5.42040e-04
5032.12 5.43387e-04
5040.00 5.42965e-04
5050.00 5.46505e-04
5057.29 5.54625e-04
5060.00 5.58106e-04
5070.00 5.66370e-04
5080.00 5.59540e-04
5082.57 5.57374e-04
5090.00 5.54038e-04
5100.00 5.60005e-04
5107.98 5.70198e-04
5110.00 5.70972e-04
5120.00 5.62447e-04
5130.00 5.63737e-04
5133.52 5.64662e-04
5140.00 5.65786e-04
5150.00 5.63118e-04
5159.19 5.39964e-04
5160.00 5.37375e-04
5170.00 5.12549e-04
5180.00 5.19314e-04
5184.99 5.28153e-04
5190.00 5.41459e-04
5200.00 5.84982e-04
5210.00 6.26883e-04
5210.91 6.29949e-04
5220.00 6.50593e-04
5230.00 6.64524e-04
5236.97 6.95762e-04
5240.00 7.10353e-04
5250.00 7.29884e-04
5260.00 6.99747e-04
5263.15 6.88410e-04
5270.00 6.80359e-04
5280.00 7.35413e-04
5289.47 8.18988e-04
5290.00 8.23490e-04
5300.00 8.88891e-04
5310.00 9.06561e-04
5315.92 8.98692e-04
5320.00 8.88128e-04
5330.00 8.74135e-04
5340.00 9.31432e-04
5342.50 9.48439e-04
5350.00 9.94791e-04
5360.00 1.04119e-03
5369.21 1.04213e-03
5370.00 1.04218e-03
5380.00 1.05882e-03
5390.00 1.07793e-03
5396.05 1.07785e-03
5400.00 1.07518e-03
5410.00 1.07374e-03
5420.00 1.09204e-03
5423.03 1.10261e-03
5430.00 1.13011e-03
5440.00 1.16133e-03
5450.00 1.18157e-03
5450.15 1.18171e-03
5460.00 1.18043e-03
5470.00 1.17108e-03
5477.40 1.16920e-03
5480.00 1.16973e-03
5490.00 1.17403e-03
5500.00 1.17659e-03
5504.79 1.17827e-03
5510.00 1.18002e-03
5520.00 1.18258e-03
5530.00 1.19389e-03
5532.31 1.19899e-03
5540.00 1.21751e-03
5550.00 1.22929e-03
5559.97 1.22952e-03
5560.00 1.22950e-03
5570.00 1.21562e-03
5580.00 1.21023e-03
5587.77 1.22076e-03
5590.00 1.22600e-03
5600.00 1.25899e-03
5610.00 1.29713e-03
5615.71 1.30949e-03
5620.00 1.31498e-03
5630.00 1.32546e-03
5640.00 1.33772e-03
5643.79 1.34182e-03
5650.00 1.34417e-03
5660.00 1.33233e-03
5670.00 1.32308e-03
5672.01 1.32458e-03
5680.00 1.33778e-03
5690.00 1.34366e-03
5700.00 1.32370e-03
5700.37 1.32290e-03
5710.00 1.31657e-03
5720.00 1.35533e-03
5728.87 1.39299e-03
5730.00 1.39459e-03
5740.00 1.37579e-03
5750.00 1.36026e-03
5757.52 1.36265e-03
5760.00 1.36663e-03
5770.00 1.38867e-03
5780.00 1.39099e-03
5786.30 1.40051e-03
5790.00 1.40981e-03
5800.00 1.44976e-03
5810.00 1.52220e-03
5815.23 1.55436e-03
5820.00 1.58254e-03
5830.00 1.64816e-03
5840.00 1.68465e-03
5844.31 1.69614e-03
5850.00 1.72036e-03
5860.00 1.79724e-03
5870.00 1.83683e-03
5873.53 1.83003e-03
5880.00 1.80227e-03
5890.00 1.78728e-03
5900.00 1.86881e-03
5902.90 1.90383e-03
5910.00 1.98265e-03
5920.00 2.02387e-03
5930.00 2.01070e-03
5932.41 2.01055e-03
5940.00 2.01879e-03
5950.00 2.02211e-03
5960.00 2.01880e-03
5962.08 2.01502e-03
5970.00 1.99114e-03
5980.00 1.94774e-03
5990.00 1.88364e-03
5991.89 1.87249e-03
6000.00 1.82734e-03
6010.00 1.76342e-03
6020.00 1.70820e-03
6021.85 1.69888e-03
6030.00 1.66375e-03
6040.00 1.64086e-03
6050.00 1.62096e-03
6051.96 1.61591e-03
6060.00 1.59591e-03
6070.00 1.58114e-03
6080.00 1.55399e-03
6082.21 1.54875e-03
6090.00 1.53764e-03
6100.00 1.53645e-03
6110.00 1.52925e-03
6112.63 1.52231e-03
6120.00 1.49490e-03
6130.00 1.46506e-03
6140.00 1.46474e-03
6143.19 1.46538e-03
6150.00 1.45825e-03
6160.00 1.42103e-03
6170.00 1.38842e-03
6173.91 1.38742e-03
6180.00 1.40137e-03
6190.00 1.44697e-03
6200.00 1.47141e-03
6204.77 1.48241e-03
6210.00 1.49552e-03
6220.00 1.52368e-03
6230.00 1.57107e-03
6235.80 1.60483e-03
6240.00 1.63536e-03
6250.00 1.74681e-03
6260.00 1.93076e-03
6266.98 2.09797e-03
6270.00 2.17587e-03
6280.00 2.44130e-03
6290.00 2.71994e-03
6298.31 2.96111e-03
6300.00 3.01292e-03
6310.00 3.36659e-03
6320.00 3.83870e-03
6329.80 4.38602e-03
6330.00 4.39805e-03
6340.00 5.06539e-03
6350.00 5.79273e-03
6360.00 6.56186e-03
6361.45 6.67695e-03
6370.00 7.37620e-03
6380.00 8.22803e-03
6390.00 8.96945e-03
6393.26 9.16289e-03
6400.00 9.48606e-03
6410.00 9.84067e-03
6420.00 1.01292e-02
6425.23 1.02120e-02
6430.00 1.02172e-02
6440.00 9.96491e-03
6450.00 9.43521e-03
6457.35 8.97816e-03
6460.00 8.79780e-03
6470.00 8.01334e-03
6480.00 7.10688e-03
6489.64 6.22423e-03
6490.00 6.19287e-03
6500.00 5.37466e-03
6510.00 4.59532e-03
6520.00 3.84940e-03
6522.09 3.70122e-03
6530.00 3.18335e-03
6540.00 2.62549e-03
6550.00 2.03048e-03
6554.70 1.75316e-03
6560.00 1.52309e-03
6570.00 1.37376e-03
6580.00 1.18446e-03
6587.47 1.07558e-03
6590.00 1.04613e-03
6600.00 9.26911e-04
6610.00 7.93556e-04
6620.00 6.97174e-04
6620.41 6.93928e-04
6630.00 6.23094e-04
6640.00 5.51264e-04
6650.00 4.90877e-04
6653.51 4.70236e-04
6660.00 4.35946e-04
6670.00 4.01331e-04
6680.00 3.72123e-04
6686.78 3.53456e-04
6690.00 3.44112e-04
6700.00 3.14614e-04
6710.00 2.95694e-04
6720.00 2.77632e-04
6720.21 2.77350e-04
6730.00 2.68539e-04
6740.00 2.55470e-04
6750.00 2.42893e-04
6753.81 2.40947e-04
6760.00 2.38112e-04
6770.00 2.27328e-04
6780.00 2.20795e-04
6787.58 2.11771e-04
6790.00 2.08516e-04
6800.00 1.96706e-04
6810.00 1.85926e-04
6820.00 1.76362e-04
6821.52 1.75161e-04
6830.00 1.67732e-04
6840.00 1.53927e-04
6850.00 1.43732e-04
6855.63 1.38850e-04
6860.00 1.35291e-04
6870.00 1.27774e-04
6880.00 1.20324e-04
6889.91 1.17057e-04
6890.00 1.17025e-04
6900.00 1.11048e-04
6910.00 1.02793e-04
6920.00 1.01645e-04
6924.36 9.93282e-05
6930.00 9.57276e-05
6940.00 9.33286e-05
6950.00 8.93373e-05
6958.98 8.91441e-05
6960.00 8.91718e-05
6970.00 8.82529e-05
6980.00 8.61345e-05
6990.00 8.17194e-05
6993.77 8.10489e-05
7000.00 8.07759e-05
7010.00 7.99182e-05
7020.00 8.03222e-05
7028.74 7.92447e-05
7030.00 7.91057e-05
7040.00 7.82871e-05
7050.00 7.61383e-05
7060.00 7.85740e-05
7063.88 7.90968e-05
7070.00 7.88323e-05
7080.00 7.75972e-05
7090.00 7.77876e-05
7099.20 7.80953e-05
7100.00 7.81746e-05
7110.00 7.98273e-05
7120.00 8.10264e-05
7130.00 8.27426e-05
7134.70 8.22806e-05
7140.00 8.10056e-05
7150.00 7.83935e-05
7160.00 7.56603e-05
7170.00 7.47909e-05
7170.37 7.48215e-05
7180.00 7.52065e-05
7190.00 7.10877e-05
7200.00 7.00365e-05
7206.23 7.03775e-05
7210.00 7.01669e-05
7220.00 6.76165e-05
7230.00 6.68581e-05
7240.00 6.71320e-05
7242.26 6.72624e-05
7250.00 6.70167e-05
7260.00 6.35128e-05
7270.00 6.09837e-05
7278.47 6.27466e-05
7280.00 6.27418e-05
7290.00 5.85718e-05
7300.00 5.63797e-05
7310.00 5.64402e-05
7314.86 5.58329e-05
7320.00 5.49239e-05
7330.00 5.45776e-05
7340.00 5.51465e-05
7350.00 4.87700e-05
7351.43 4.82777e-05
7360.00 4.82419e-05
7370.00 4.66079e-05
7380.00 4.36019e-05
7388.19 4.35040e-05
7390.00 4.34242e-05
7400.00 4.20363e-05
7410.00 4.34701e-05
7420.00 4.37130e-05
7425.13 4.40421e-05
7430.00 4.45153e-05
7440.00 4.51136e-05
7450.00 4.55115e-05
7460.00 4.77880e-05
7462.26 4.87208e-05
7470.00 5.03515e-05
7480.00 4.52041e-05
7490.00 4.58586e-05
7499.57 4.94355e-05
7500.00 4.94533e-05
7510.00 4.64684e-05
7520.00 4.54726e-05
7530.00 4.39641e-05
7537.07 4.25426e-05
7540.00 4.20015e-05
7550.00 4.13404e-05
7560.00 4.25597e-05
7570.00 3.96489e-05
7574.75 3.90856e-05
7580.00 3.89427e-05
7590.00 3.75815e-05
7600.00 3.64740e-05
7610.00 3.55559e-05
7612.63 3.46985e-05
7620.00 3.30603e-05
7630.00 3.62588e-05
7640.00 3.39377e-05
7650.00 3.39460e-05
7650.69 3.39897e-05
7660.00 3.31397e-05
7670.00 3.08458e-05
7680.00 3.59771e-05
7688.94 3.54305e-05
7690.00 3.49947e-05
7700.00 3.13433e-05
7710.00 3.31617e-05
7720.00 3.10008e-05
7727.39 3.12436e-05
7730.00 3.12117e-05
7740.00 2.91896e-05
7750.00 3.07288e-05
7760.00 3.00496e-05
7766.03 2.79080e-05
7770.00 2.67357e-05
7780.00 2.68021e-05
7790.00 2.71091e-05
7800.00 2.53744e-05
7804.86 2.56947e-05
7810.00 2.64881e-05
7820.00 2.67026e-05
7830.00 2.52520e-05
7840.00 2.28813e-05
7843.88 2.34074e-05
7850.00 2.51019e-05
7860.00 2.62189e-05
7870.00 2.66425e-05
7880.00 2.56138e-05
7883.10 2.56326e-05
7890.00 2.58628e-05
7900.00 2.49106e-05
7910.00 2.47472e-05
7920.00 2.40276e-05
7922.51 2.40949e-05
7930.00 2.54779e-05
7940.00 2.73901e-05
7950.00 2.25950e-05
7960.00 2.34474e-05
7962.13 2.37182e-05
7970.00 2.38002e-05
7980.00 2.32044e-05
7990.00 2.13203e-05
8000.00 2.26814e-05
