##### EXOPHOT SPECTRAL OVERLAP FILE #####
# Date: 12/03/2021 13:30:08
# SED file: g2v.txt
# atmosphere file: g2v_psg_earth_trn.txt
# photopigment file: BChl_a.txt
# Stellar radius (Rs in km): 696340
# Exoplanet semi-major axis (sma in km): 149600000.0
# Absorption rate (s^-1): 1.20947e+01
## Wavelength (Angstrom)  Overlapped Spectra (A^-1 s^-1)
3000.00 3.21182e-05
3002.00 3.45108e-05
3003.90 3.68474e-05
3006.00 3.96266e-05
3008.00 4.24632e-05
3010.00 4.58380e-05
3010.56 4.67701e-05
3012.00 4.91928e-05
3013.90 5.27849e-05
3016.00 5.69394e-05
3018.00 6.12742e-05
3020.00 6.54391e-05
3022.00 6.98369e-05
3023.90 7.47515e-05
3025.61 7.86190e-05
3026.00 7.94833e-05
3028.00 8.42468e-05
3030.00 8.88015e-05
3032.00 9.31099e-05
3033.90 9.77147e-05
3036.00 1.03198e-04
3038.00 1.07356e-04
3040.00 1.12971e-04
3040.74 1.15075e-04
3042.00 1.18321e-04
3043.90 1.22801e-04
3046.00 1.29363e-04
3048.00 1.35603e-04
3050.00 1.41524e-04
3052.00 1.48245e-04
3053.90 1.54801e-04
3055.94 1.62945e-04
3056.00 1.63190e-04
3058.00 1.71639e-04
3060.00 1.78334e-04
3062.00 1.84932e-04
3063.90 1.91985e-04
3066.00 1.98472e-04
3068.00 2.04137e-04
3070.00 2.09846e-04
3071.22 2.11338e-04
3072.00 2.12267e-04
3073.90 2.16268e-04
3076.00 2.18507e-04
3078.00 2.21779e-04
3080.00 2.22514e-04
3082.00 2.25500e-04
3083.90 2.28031e-04
3086.00 2.33295e-04
3086.58 2.34626e-04
3088.00 2.37867e-04
3090.00 2.44524e-04
3092.00 2.52337e-04
3093.90 2.60180e-04
3096.00 2.69597e-04
3098.00 2.81547e-04
3100.00 2.92919e-04
3102.00 3.03432e-04
3102.01 3.03491e-04
3103.90 3.12959e-04
3106.00 3.24005e-04
3108.00 3.31719e-04
3110.00 3.39642e-04
3112.00 3.44973e-04
3113.90 3.50159e-04
3116.00 3.53349e-04
3117.52 3.55993e-04
3118.00 3.56740e-04
3120.00 3.58381e-04
3122.00 3.59250e-04
3123.90 3.60741e-04
3126.00 3.60749e-04
3128.00 3.61899e-04
3130.00 3.60763e-04
3132.00 3.63851e-04
3133.11 3.63299e-04
3133.90 3.63087e-04
3136.00 3.67452e-04
3138.00 3.68980e-04
3140.00 3.72898e-04
3142.00 3.76396e-04
3143.90 3.80121e-04
3146.00 3.85520e-04
3148.00 3.92303e-04
3148.77 3.95409e-04
3150.00 4.00257e-04
3152.00 4.08108e-04
3153.90 4.19387e-04
3156.00 4.27854e-04
3158.00 4.38747e-04
3160.00 4.52638e-04
3162.00 4.66265e-04
3163.90 4.72601e-04
3164.52 4.75136e-04
3166.00 4.82220e-04
3168.00 4.88598e-04
3170.00 4.91744e-04
3172.00 4.96224e-04
3173.90 4.94979e-04
3176.00 4.93703e-04
3178.00 4.90909e-04
3180.00 4.88007e-04
3180.34 4.87607e-04
3182.00 4.85386e-04
3183.90 4.81873e-04
3186.00 4.82100e-04
3188.00 4.82886e-04
3190.00 4.83502e-04
3192.00 4.93424e-04
3193.90 5.05855e-04
3196.00 5.18881e-04
3196.24 5.20832e-04
3198.00 5.36957e-04
3200.00 5.52934e-04
3202.00 5.69011e-04
3203.90 5.82712e-04
3206.00 5.97472e-04
3208.00 6.09978e-04
3210.00 6.09464e-04
3212.00 6.15995e-04
3212.22 6.15477e-04
3213.90 6.04087e-04
3216.00 5.94780e-04
3218.00 5.82677e-04
3220.00 5.67009e-04
3222.00 5.56091e-04
3223.90 5.41969e-04
3226.00 5.38427e-04
3228.00 5.35263e-04
3228.29 5.35022e-04
3230.00 5.37944e-04
3232.00 5.52095e-04
3233.90 5.68181e-04
3236.00 5.96039e-04
3238.00 6.25337e-04
3240.00 6.62873e-04
3242.00 6.99514e-04
3243.90 7.40246e-04
3244.43 7.50812e-04
3246.00 7.80935e-04
3248.00 8.23545e-04
3250.00 8.62267e-04
3252.00 8.94005e-04
3253.90 9.28755e-04
3256.00 9.59652e-04
3258.00 9.91963e-04
3260.00 1.01154e-03
3260.65 1.01848e-03
3262.00 1.03626e-03
3263.90 1.06213e-03
3266.00 1.07891e-03
3268.00 1.09795e-03
3270.00 1.10800e-03
3272.00 1.12308e-03
3273.90 1.13551e-03
3276.00 1.14341e-03
3276.95 1.14907e-03
3278.00 1.15524e-03
3280.00 1.16182e-03
3282.00 1.17025e-03
3284.00 1.17402e-03
3286.00 1.17768e-03
3288.00 1.17883e-03
3290.00 1.18853e-03
3292.00 1.18951e-03
3293.34 1.19337e-03
3294.00 1.19465e-03
3296.00 1.19145e-03
3298.00 1.19199e-03
3300.00 1.18680e-03
3302.00 1.18548e-03
3304.00 1.18997e-03
3306.00 1.18554e-03
3308.00 1.19281e-03
3309.80 1.19093e-03
3310.00 1.19116e-03
3312.00 1.20220e-03
3314.00 1.20942e-03
3316.00 1.22353e-03
3318.00 1.23762e-03
3320.00 1.25701e-03
3322.00 1.26823e-03
3324.00 1.28232e-03
3326.00 1.29775e-03
3326.35 1.30057e-03
3328.00 1.31391e-03
3330.00 1.32854e-03
3332.00 1.33973e-03
3334.00 1.35073e-03
3336.00 1.36901e-03
3338.00 1.37875e-03
3340.00 1.38563e-03
3342.00 1.39238e-03
3342.98 1.39754e-03
3344.00 1.40128e-03
3346.00 1.39700e-03
3348.00 1.38798e-03
3350.00 1.37445e-03
3352.00 1.35559e-03
3354.00 1.33300e-03
3356.00 1.30129e-03
3358.00 1.26629e-03
3359.70 1.23648e-03
3360.00 1.23155e-03
3362.00 1.19966e-03
3364.00 1.16475e-03
3366.00 1.14313e-03
3368.00 1.12492e-03
3370.00 1.11484e-03
3372.00 1.11797e-03
3374.00 1.13156e-03
3376.00 1.15234e-03
3376.50 1.15909e-03
3378.00 1.18212e-03
3380.00 1.21552e-03
3382.00 1.25578e-03
3384.00 1.29577e-03
3386.00 1.33920e-03
3388.00 1.37838e-03
3390.00 1.41086e-03
3392.00 1.43680e-03
3393.38 1.45324e-03
3394.00 1.46010e-03
3396.00 1.47940e-03
3398.00 1.49480e-03
3400.00 1.50264e-03
3402.00 1.51233e-03
3404.00 1.52113e-03
3406.00 1.52795e-03
3408.00 1.53685e-03
3410.00 1.54952e-03
3410.35 1.55140e-03
3412.00 1.56044e-03
3414.00 1.57863e-03
3416.00 1.59930e-03
3418.00 1.61687e-03
3420.00 1.64196e-03
3422.00 1.66249e-03
3424.00 1.69326e-03
3426.00 1.71509e-03
3427.40 1.73034e-03
3428.00 1.73770e-03
3430.00 1.76334e-03
3432.00 1.78485e-03
3434.00 1.80926e-03
3436.00 1.82915e-03
3438.00 1.84592e-03
3440.00 1.87576e-03
3442.00 1.89122e-03
3444.00 1.91241e-03
3444.54 1.91649e-03
3446.00 1.92613e-03
3448.00 1.94822e-03
3450.00 1.96726e-03
3452.00 1.98732e-03
3454.00 2.00955e-03
3456.00 2.02939e-03
3458.00 2.04912e-03
3460.00 2.07098e-03
3461.76 2.09301e-03
3462.00 2.09607e-03
3464.00 2.12054e-03
3466.00 2.14445e-03
3468.00 2.17093e-03
3470.00 2.20022e-03
3472.00 2.23407e-03
3474.00 2.26840e-03
3476.00 2.30272e-03
3478.00 2.34346e-03
3479.07 2.36059e-03
3480.00 2.37617e-03
3482.00 2.42170e-03
3484.00 2.46609e-03
3486.00 2.51091e-03
3488.00 2.55457e-03
3490.00 2.60252e-03
3492.00 2.64979e-03
3494.00 2.69356e-03
3496.00 2.74296e-03
3496.46 2.75360e-03
3498.00 2.78663e-03
3500.00 2.83028e-03
3502.00 2.86820e-03
3504.00 2.89432e-03
3506.00 2.91830e-03
3508.00 2.92663e-03
3510.00 2.93988e-03
3512.00 2.93550e-03
3513.95 2.92827e-03
3514.00 2.92768e-03
3516.00 2.89623e-03
3518.00 2.88355e-03
3520.00 2.86091e-03
3522.00 2.84138e-03
3524.00 2.83316e-03
3526.00 2.83667e-03
3528.00 2.85988e-03
3530.00 2.90460e-03
3531.51 2.94854e-03
3532.00 2.96513e-03
3534.00 3.04714e-03
3536.00 3.13856e-03
3538.00 3.23668e-03
3540.00 3.34321e-03
3542.00 3.44228e-03
3544.00 3.52725e-03
3546.00 3.59705e-03
3548.00 3.64577e-03
3549.17 3.65903e-03
3550.00 3.66173e-03
3552.00 3.64724e-03
3554.00 3.60074e-03
3556.00 3.52957e-03
3558.00 3.43820e-03
3560.00 3.33181e-03
3562.00 3.21742e-03
3564.00 3.10288e-03
3566.00 2.99473e-03
3566.92 2.94755e-03
3568.00 2.89519e-03
3570.00 2.81296e-03
3572.00 2.75519e-03
3574.00 2.71832e-03
3576.00 2.70410e-03
3578.00 2.71026e-03
3580.00 2.73383e-03
3582.00 2.76768e-03
3584.00 2.81724e-03
3584.75 2.83646e-03
3586.00 2.86897e-03
3588.00 2.92843e-03
3590.00 2.99329e-03
3592.00 3.05871e-03
3594.00 3.12693e-03
3596.00 3.19119e-03
3598.00 3.25940e-03
3600.00 3.32152e-03
3602.00 3.38043e-03
3602.68 3.39992e-03
3604.00 3.43676e-03
3606.00 3.48821e-03
3608.00 3.53410e-03
3610.00 3.56990e-03
3612.00 3.60796e-03
3614.00 3.63257e-03
3616.00 3.65305e-03
3618.00 3.66235e-03
3620.00 3.66779e-03
3620.69 3.67130e-03
3622.00 3.67528e-03
3624.00 3.66544e-03
3626.00 3.65923e-03
3628.00 3.64065e-03
3630.00 3.62145e-03
3632.00 3.60104e-03
3634.00 3.58237e-03
3636.00 3.57613e-03
3638.00 3.58935e-03
3638.79 3.60126e-03
3640.00 3.62878e-03
3642.00 3.70152e-03
3644.00 3.79537e-03
3646.00 3.89639e-03
3648.00 3.99781e-03
3650.00 4.08555e-03
3652.00 4.15149e-03
3654.00 4.19536e-03
3656.00 4.21905e-03
3656.99 4.22296e-03
3658.00 4.22276e-03
3660.00 4.21303e-03
3662.00 4.18835e-03
3664.00 4.15083e-03
3666.00 4.10849e-03
3668.00 4.05251e-03
3670.00 3.99247e-03
3672.00 3.93266e-03
3674.00 3.87297e-03
3675.27 3.83668e-03
3676.00 3.81541e-03
3678.00 3.75480e-03
3680.00 3.70299e-03
3682.00 3.65318e-03
3684.00 3.61072e-03
3686.00 3.58093e-03
3688.00 3.56074e-03
3690.00 3.54687e-03
3692.00 3.55015e-03
3693.65 3.56241e-03
3694.00 3.56535e-03
3696.00 3.58032e-03
3698.00 3.59193e-03
3700.00 3.60401e-03
3702.00 3.60836e-03
3704.00 3.60197e-03
3706.00 3.58458e-03
3708.00 3.54101e-03
3710.00 3.48533e-03
3712.00 3.40242e-03
3712.12 3.39657e-03
3714.00 3.29424e-03
3716.00 3.18166e-03
3718.00 3.05181e-03
3720.00 2.92395e-03
3722.00 2.79447e-03
3724.00 2.66784e-03
3726.00 2.55409e-03
3728.00 2.46038e-03
3730.00 2.38727e-03
3730.68 2.36658e-03
3732.00 2.33438e-03
3734.00 2.30818e-03
3736.00 2.29643e-03
3738.00 2.31073e-03
3740.00 2.33174e-03
3742.00 2.36714e-03
3744.00 2.41372e-03
3746.00 2.46447e-03
3748.00 2.52221e-03
3749.33 2.56303e-03
3750.00 2.58347e-03
3752.00 2.64237e-03
3754.00 2.70003e-03
3756.00 2.75865e-03
3758.00 2.81367e-03
3760.00 2.86366e-03
3762.00 2.90749e-03
3764.00 2.95699e-03
3766.00 2.98875e-03
3768.00 3.01953e-03
3768.08 3.02069e-03
3770.00 3.04657e-03
3772.00 3.06555e-03
3774.00 3.07319e-03
3776.00 3.08636e-03
3778.00 3.08356e-03
3780.00 3.08644e-03
3782.00 3.08678e-03
3784.00 3.08663e-03
3786.00 3.09392e-03
3786.92 3.09744e-03
3788.00 3.10183e-03
3790.00 3.11529e-03
3792.00 3.13691e-03
3794.00 3.15383e-03
3796.00 3.17450e-03
3798.00 3.18935e-03
3800.00 3.19998e-03
3802.00 3.19478e-03
3804.00 3.17667e-03
3805.85 3.14487e-03
3806.00 3.14183e-03
3808.00 3.09017e-03
3810.00 3.00829e-03
3812.00 2.90284e-03
3814.00 2.77274e-03
3816.00 2.63532e-03
3818.00 2.48825e-03
3820.00 2.33624e-03
3822.00 2.19064e-03
3824.00 2.05991e-03
3824.88 2.00694e-03
3826.00 1.94586e-03
3828.00 1.86101e-03
3830.00 1.81184e-03
3832.00 1.79490e-03
3834.00 1.81498e-03
3836.00 1.86415e-03
3838.00 1.93196e-03
3840.00 2.01678e-03
3842.00 2.10779e-03
3844.00 2.20322e-03
3844.01 2.20351e-03
3846.00 2.29152e-03
3848.00 2.37162e-03
3850.00 2.43506e-03
3852.00 2.48079e-03
3854.00 2.50175e-03
3856.00 2.50825e-03
3858.00 2.50371e-03
3860.00 2.48483e-03
3862.00 2.46448e-03
3863.23 2.45051e-03
3864.00 2.44079e-03
3866.00 2.41438e-03
3868.00 2.39263e-03
3870.00 2.37912e-03
3872.00 2.37596e-03
3874.00 2.37976e-03
3876.00 2.39247e-03
3878.00 2.41913e-03
3880.00 2.45884e-03
3882.00 2.50856e-03
3882.54 2.52280e-03
3884.00 2.56545e-03
3886.00 2.64253e-03
3888.00 2.73079e-03
3890.00 2.82291e-03
3892.00 2.93066e-03
3894.00 3.04403e-03
3896.00 3.15940e-03
3898.00 3.26126e-03
3900.00 3.35524e-03
3901.96 3.42996e-03
3902.00 3.43135e-03
3904.00 3.47605e-03
3906.00 3.48925e-03
3908.00 3.46895e-03
3910.00 3.39765e-03
3912.00 3.27594e-03
3914.00 3.11209e-03
3916.00 2.92030e-03
3918.00 2.70718e-03
3920.00 2.49570e-03
3921.46 2.34561e-03
3922.00 2.29284e-03
3924.00 2.11148e-03
3926.00 1.96565e-03
3928.00 1.87155e-03
3930.00 1.83910e-03
3932.00 1.87307e-03
3934.00 1.97481e-03
3936.00 2.12248e-03
3938.00 2.29856e-03
3940.00 2.49750e-03
3941.07 2.60522e-03
3942.00 2.69559e-03
3944.00 2.87681e-03
3946.00 3.03602e-03
3948.00 3.15157e-03
3950.00 3.21475e-03
3952.00 3.19826e-03
3954.00 3.12928e-03
3956.00 3.01050e-03
3958.00 2.86737e-03
3960.00 2.70794e-03
3960.78 2.64501e-03
3962.00 2.54936e-03
3964.00 2.41018e-03
3966.00 2.30050e-03
3968.00 2.23601e-03
3970.00 2.23532e-03
3972.00 2.30619e-03
3974.00 2.44341e-03
3976.00 2.62980e-03
3978.00 2.85530e-03
3980.00 3.10758e-03
3980.58 3.18377e-03
3982.00 3.37035e-03
3984.00 3.62724e-03
3986.00 3.87409e-03
3988.00 4.08811e-03
3990.00 4.27187e-03
3992.00 4.39500e-03
3994.00 4.47329e-03
3996.00 4.52455e-03
3998.00 4.53248e-03
4000.00 4.51271e-03
4000.48 4.50587e-03
4002.00 4.47667e-03
4004.00 4.41400e-03
4006.00 4.34431e-03
4008.00 4.27228e-03
4010.00 4.20002e-03
4012.00 4.13284e-03
4014.00 4.06866e-03
4016.00 4.00888e-03
4018.00 3.95059e-03
4020.00 3.89978e-03
4020.49 3.88652e-03
4022.00 3.84338e-03
4024.00 3.78865e-03
4026.00 3.73212e-03
4028.00 3.67778e-03
4030.00 3.61315e-03
4032.00 3.54610e-03
4034.00 3.48280e-03
4036.00 3.41334e-03
4038.00 3.33918e-03
4040.00 3.27346e-03
4040.59 3.25202e-03
4042.00 3.19451e-03
4044.00 3.10775e-03
4046.00 3.02944e-03
4048.00 2.94564e-03
4050.00 2.87498e-03
4052.00 2.78935e-03
4054.00 2.70685e-03
4056.00 2.63710e-03
4058.00 2.55537e-03
4060.00 2.48550e-03
4060.79 2.46033e-03
4062.00 2.42263e-03
4064.00 2.36110e-03
4066.00 2.30757e-03
4068.00 2.27003e-03
4070.00 2.22600e-03
4072.00 2.20027e-03
4074.00 2.18262e-03
4076.00 2.17092e-03
4078.00 2.15728e-03
4080.00 2.14154e-03
4081.10 2.13704e-03
4082.00 2.13173e-03
4084.00 2.10692e-03
4086.00 2.08610e-03
4088.00 2.05877e-03
4090.00 2.03251e-03
4092.00 1.99129e-03
4094.00 1.94881e-03
4096.00 1.89747e-03
4098.00 1.84891e-03
4100.00 1.79845e-03
4101.50 1.76538e-03
4102.00 1.75416e-03
4104.00 1.70234e-03
4106.00 1.64946e-03
4108.00 1.60968e-03
4110.00 1.57175e-03
4112.00 1.53564e-03
4114.00 1.49460e-03
4116.00 1.46445e-03
4118.00 1.44029e-03
4120.00 1.42143e-03
4122.00 1.39411e-03
4122.01 1.39397e-03
4124.00 1.36768e-03
4126.00 1.34634e-03
4128.00 1.32312e-03
4130.00 1.30411e-03
4132.00 1.28406e-03
4134.00 1.26902e-03
4136.00 1.23902e-03
4138.00 1.22501e-03
4140.00 1.20157e-03
4142.00 1.18262e-03
4142.62 1.17621e-03
4144.00 1.16135e-03
4146.00 1.14484e-03
4148.00 1.12984e-03
4150.00 1.11031e-03
4152.00 1.09863e-03
4154.00 1.09139e-03
4156.00 1.07611e-03
4158.00 1.06386e-03
4160.00 1.05249e-03
4162.00 1.04119e-03
4163.33 1.03480e-03
4164.00 1.03287e-03
4166.00 1.02861e-03
4168.00 1.01030e-03
4170.00 9.95950e-04
4172.00 9.82620e-04
4174.00 9.69434e-04
4176.00 9.54452e-04
4178.00 9.35777e-04
4180.00 9.18872e-04
4182.00 9.05879e-04
4184.00 8.90527e-04
4184.15 8.89998e-04
4186.00 8.84994e-04
4188.00 8.61957e-04
4190.00 8.52823e-04
4192.00 8.52569e-04
4194.00 8.47632e-04
4196.00 8.40294e-04
4198.00 8.29126e-04
4200.00 8.35558e-04
4202.00 8.30801e-04
4204.00 8.30361e-04
4205.07 8.30686e-04
4206.00 8.30174e-04
4208.00 8.24169e-04
4210.00 8.10743e-04
4212.00 8.04426e-04
4214.00 7.96261e-04
4216.00 7.92405e-04
4218.00 7.84149e-04
4220.00 7.72433e-04
4222.00 7.67944e-04
4224.00 7.55029e-04
4226.00 7.47337e-04
4226.10 7.47048e-04
4228.00 7.40563e-04
4230.00 7.32896e-04
4232.00 7.24738e-04
4234.00 7.20388e-04
4236.00 7.33092e-04
4238.00 7.26922e-04
4240.00 7.25538e-04
4242.00 7.21386e-04
4244.00 7.21815e-04
4246.00 7.16288e-04
4247.23 7.18931e-04
4248.00 7.19788e-04
4250.00 7.11434e-04
4252.00 7.09834e-04
4254.00 6.97635e-04
4256.00 6.87091e-04
4258.00 6.84420e-04
4260.00 6.75775e-04
4262.00 6.63811e-04
4264.00 6.57524e-04
4266.00 6.47635e-04
4268.00 6.37343e-04
4268.46 6.35615e-04
4270.00 6.31875e-04
4272.00 6.28638e-04
4274.00 6.21897e-04
4276.00 6.17335e-04
4278.00 6.10110e-04
4280.00 5.99825e-04
4282.00 6.00307e-04
4284.00 5.88932e-04
4286.00 5.79905e-04
4288.00 5.64938e-04
4289.80 5.53783e-04
4290.00 5.52718e-04
4292.00 5.39730e-04
4294.00 5.20293e-04
4296.00 5.05718e-04
4298.00 4.86699e-04
4300.00 4.75309e-04
4302.00 4.59391e-04
4304.00 4.50894e-04
4306.00 4.43820e-04
4308.00 4.43739e-04
4310.00 4.52123e-04
4311.25 4.58956e-04
4312.00 4.64356e-04
4314.00 4.83940e-04
4316.00 5.01482e-04
4318.00 5.24748e-04
4320.00 5.41268e-04
4322.00 5.70147e-04
4324.00 5.93764e-04
4326.00 6.19076e-04
4328.00 6.28541e-04
4330.00 6.39673e-04
4332.00 6.50034e-04
4332.81 6.51954e-04
4334.00 6.53530e-04
4336.00 6.53913e-04
4338.00 6.42079e-04
4340.00 6.32234e-04
4342.00 6.23141e-04
4344.00 6.14311e-04
4346.00 6.04613e-04
4348.00 6.01511e-04
4350.00 5.93932e-04
4352.00 5.96837e-04
4354.00 6.01848e-04
4354.47 6.02711e-04
4356.00 6.04936e-04
4358.00 6.10102e-04
4360.00 6.22215e-04
4362.00 6.27920e-04
4364.00 6.34577e-04
4366.00 6.34095e-04
4368.00 6.45261e-04
4370.00 6.39987e-04
4372.00 6.42686e-04
4374.00 6.40045e-04
4376.00 6.27238e-04
4376.25 6.26548e-04
4378.00 6.24633e-04
4380.00 6.12150e-04
4382.00 6.00962e-04
4384.00 5.78223e-04
4386.00 5.79443e-04
4388.00 5.69554e-04
4390.00 5.62444e-04
4392.00 5.52770e-04
4394.00 5.54481e-04
4396.00 5.55942e-04
4398.00 5.60384e-04
4398.13 5.60639e-04
4400.00 5.63254e-04
4402.00 5.67194e-04
4404.00 5.72895e-04
4406.00 5.76513e-04
4408.00 5.87849e-04
4410.00 5.87434e-04
4412.00 5.93026e-04
4414.00 5.96563e-04
4416.00 6.05853e-04
4418.00 6.06943e-04
4420.00 6.09366e-04
4420.12 6.09273e-04
4422.00 6.05437e-04
4424.00 6.10358e-04
4426.00 6.16198e-04
4428.00 6.04720e-04
4430.00 6.06893e-04
4432.00 6.05641e-04
4434.00 6.10993e-04
4436.00 6.01615e-04
4438.00 5.85013e-04
4440.00 5.84630e-04
4442.00 5.83945e-04
4442.22 5.83478e-04
4444.00 5.78114e-04
4446.00 5.74272e-04
4448.00 5.72185e-04
4450.00 5.59609e-04
4452.00 5.73524e-04
4454.00 5.73630e-04
4456.00 5.76952e-04
4458.00 5.75090e-04
4460.00 5.83479e-04
4462.00 5.77461e-04
4464.00 5.75372e-04
4464.43 5.77375e-04
4466.00 5.85588e-04
4468.00 5.82698e-04
4470.00 5.84165e-04
4472.00 5.80481e-04
4474.00 5.76767e-04
4476.00 5.70393e-04
4478.00 5.69480e-04
4480.00 5.68033e-04
4482.00 5.69219e-04
4484.00 5.64277e-04
4486.00 5.68016e-04
4486.75 5.64615e-04
4488.00 5.57162e-04
4490.00 5.61345e-04
4492.00 5.69229e-04
4494.00 5.62654e-04
4496.00 5.67965e-04
4498.00 5.76210e-04
4500.00 5.99474e-04
4502.00 5.96343e-04
4504.00 6.03669e-04
4506.00 6.03130e-04
4508.00 6.02815e-04
4509.19 5.99373e-04
4510.00 5.98152e-04
4512.00 6.00624e-04
4514.00 5.85366e-04
4516.00 5.78783e-04
4518.00 5.78357e-04
4520.00 5.65578e-04
4522.00 5.49163e-04
4524.00 5.44643e-04
4526.00 5.34600e-04
4528.00 5.29802e-04
4530.00 5.15380e-04
4531.73 5.08900e-04
4532.00 5.08654e-04
4534.00 5.09142e-04
4536.00 5.08423e-04
4538.00 5.12104e-04
4540.00 5.00657e-04
4542.00 4.98568e-04
4544.00 5.04170e-04
4546.00 5.10210e-04
4548.00 5.09210e-04
4550.00 5.10383e-04
4552.00 5.13487e-04
4554.00 5.15450e-04
4554.39 5.15726e-04
4556.00 5.17066e-04
4558.00 5.19641e-04
4560.00 5.21469e-04
4562.00 5.23716e-04
4564.00 5.26603e-04
4566.00 5.29528e-04
4568.00 5.23649e-04
4570.00 5.14582e-04
4572.00 5.27104e-04
4574.00 5.15368e-04
4576.00 5.13581e-04
4577.16 5.06462e-04
4578.00 5.01738e-04
4580.00 5.02265e-04
4582.00 4.94215e-04
4584.00 4.89868e-04
4586.00 4.83222e-04
4588.00 4.78291e-04
4590.00 4.83242e-04
4592.00 4.77397e-04
4594.00 4.74277e-04
4596.00 4.73868e-04
4598.00 4.72717e-04
4600.00 4.71912e-04
4600.05 4.72013e-04
4602.00 4.78584e-04
4604.00 4.79616e-04
4606.00 4.82771e-04
4608.00 4.68176e-04
4610.00 4.74151e-04
4612.00 4.67204e-04
4614.00 4.75734e-04
4616.00 4.72898e-04
4618.00 4.66204e-04
4620.00 4.58974e-04
4622.00 4.59813e-04
4623.05 4.63174e-04
4624.00 4.63151e-04
4626.00 4.53046e-04
4628.00 4.61294e-04
4630.00 4.49906e-04
4632.00 4.51229e-04
4634.00 4.43866e-04
4636.00 4.42797e-04
4638.00 4.51850e-04
4640.00 4.45129e-04
4642.00 4.41299e-04
4644.00 4.52725e-04
4646.00 4.49546e-04
4646.16 4.48697e-04
4648.00 4.41484e-04
4650.00 4.46784e-04
4652.00 4.44906e-04
4654.00 4.47977e-04
4656.00 4.44543e-04
4658.00 4.45673e-04
4660.00 4.38508e-04
4662.00 4.43285e-04
4664.00 4.44973e-04
4666.00 4.44171e-04
4668.00 4.42325e-04
4669.39 4.46378e-04
4670.00 4.46748e-04
4672.00 4.39532e-04
4674.00 4.45762e-04
4676.00 4.42021e-04
4678.00 4.37359e-04
4680.00 4.34295e-04
4682.00 4.35169e-04
4684.00 4.25158e-04
4686.00 4.27245e-04
4688.00 4.32567e-04
4690.00 4.21655e-04
4692.00 4.21450e-04
4692.74 4.22421e-04
4694.00 4.19808e-04
4696.00 4.05302e-04
4698.00 4.07775e-04
4700.00 4.06320e-04
4702.00 4.03159e-04
4704.00 3.99993e-04
4706.00 4.04237e-04
4708.00 3.93328e-04
4710.00 3.94763e-04
4712.00 3.93448e-04
4714.00 3.89451e-04
4716.00 3.97752e-04
4716.20 3.98164e-04
4718.00 3.97888e-04
4720.00 4.01340e-04
4722.00 3.97918e-04
4724.00 4.01888e-04
4726.00 3.94732e-04
4728.00 4.03494e-04
4730.00 4.09246e-04
4732.00 4.02778e-04
4734.00 4.11146e-04
4736.00 4.04220e-04
4738.00 3.99394e-04
4739.79 4.06316e-04
4740.00 4.07098e-04
4742.00 4.07671e-04
4744.00 4.02309e-04
4746.00 4.02292e-04
4748.00 3.96399e-04
4750.00 4.04811e-04
4752.00 4.05362e-04
4754.00 3.97019e-04
4756.00 3.96706e-04
4758.00 3.87321e-04
4760.00 3.96763e-04
4762.00 3.96450e-04
4763.48 3.92010e-04
4764.00 3.91681e-04
4766.00 3.95999e-04
4768.00 3.91226e-04
4770.00 3.89880e-04
4772.00 3.90417e-04
4774.00 3.93519e-04
4776.00 3.91272e-04
4778.00 3.88822e-04
4780.00 3.92180e-04
4782.00 3.91535e-04
4784.00 3.86534e-04
4786.00 3.87145e-04
4787.30 3.84595e-04
4788.00 3.82869e-04
4790.00 3.80579e-04
4792.00 3.79069e-04
4794.00 3.80765e-04
4796.00 3.85691e-04
4798.00 3.77952e-04
4800.00 3.75060e-04
4802.00 3.83531e-04
4804.00 3.88349e-04
4806.00 3.78109e-04
4808.00 3.76591e-04
4810.00 3.70321e-04
4811.24 3.74566e-04
4812.00 3.77974e-04
4814.00 3.78454e-04
4816.00 3.76822e-04
4818.00 3.79561e-04
4820.00 3.86126e-04
4822.00 3.80343e-04
4824.00 3.76156e-04
4826.00 3.85200e-04
4828.00 3.82692e-04
4830.00 3.77443e-04
4832.00 3.78134e-04
4834.00 3.76713e-04
4835.29 3.75616e-04
4836.00 3.74908e-04
4838.00 3.72701e-04
4840.00 3.74212e-04
4842.00 3.75753e-04
4844.00 3.68605e-04
4846.00 3.61207e-04
4848.00 3.66571e-04
4850.00 3.53880e-04
4852.00 3.44474e-04
4854.00 3.45784e-04
4856.00 3.41256e-04
4858.00 3.38827e-04
4859.47 3.29964e-04
4860.00 3.26653e-04
4862.00 3.20955e-04
4864.00 3.19767e-04
4866.00 3.16060e-04
4868.00 3.19445e-04
4870.00 3.17237e-04
4872.00 3.23082e-04
4874.00 3.23580e-04
4876.00 3.32248e-04
4878.00 3.27679e-04
4880.00 3.34959e-04
4882.00 3.45451e-04
4883.77 3.48207e-04
4884.00 3.48350e-04
4886.00 3.50091e-04
4888.00 3.53714e-04
4890.00 3.60579e-04
4892.00 3.61590e-04
4894.00 3.69844e-04
4896.00 3.64459e-04
4898.00 3.64343e-04
4900.00 3.65003e-04
4902.00 3.72378e-04
4904.00 3.70783e-04
4906.00 3.71138e-04
4908.00 3.68945e-04
4908.19 3.68808e-04
4910.00 3.67561e-04
4912.00 3.61847e-04
4914.00 3.60127e-04
4916.00 3.64734e-04
4918.00 3.52910e-04
4920.00 3.61498e-04
4922.00 3.61596e-04
4924.00 3.54105e-04
4926.00 3.57692e-04
4928.00 3.59403e-04
4930.00 3.64767e-04
4932.00 3.54774e-04
4932.73 3.57417e-04
4934.00 3.65631e-04
4936.00 3.63846e-04
4938.00 3.66628e-04
4940.00 3.70080e-04
4942.00 3.69895e-04
4944.00 3.68369e-04
4946.00 3.69915e-04
4948.00 3.73838e-04
4950.00 3.80996e-04
4952.00 3.72495e-04
4954.00 3.91831e-04
4956.00 3.76567e-04
4957.39 3.77362e-04
4958.00 3.81818e-04
4960.00 3.97096e-04
4962.00 3.96357e-04
4964.00 3.96535e-04
4966.00 3.95476e-04
4968.00 3.96694e-04
4970.00 3.99436e-04
4972.00 3.95923e-04
4974.00 3.94666e-04
4976.00 3.92028e-04
4978.00 3.87214e-04
4980.00 3.84101e-04
4982.00 3.90900e-04
4982.18 3.90721e-04
4984.00 3.82196e-04
4986.00 3.79741e-04
4988.00 3.77941e-04
4990.00 3.74187e-04
4992.00 3.67431e-04
4994.00 3.63664e-04
4996.00 3.56563e-04
4998.00 3.54778e-04
5000.00 3.47861e-04
5002.00 3.48541e-04
5004.00 3.46768e-04
5006.00 3.40390e-04
5007.09 3.40334e-04
5008.00 3.43125e-04
5010.00 3.51860e-04
5012.00 3.48476e-04
5014.00 3.52635e-04
5016.00 3.57541e-04
5018.00 3.52507e-04
5020.00 3.51772e-04
5022.00 3.61571e-04
5024.00 3.62394e-04
5026.00 3.59454e-04
5028.00 3.51065e-04
5030.00 3.58488e-04
5032.00 3.55253e-04
5032.12 3.55192e-04
5034.00 3.61350e-04
5036.00 3.69118e-04
5038.00 3.59373e-04
5040.00 3.59814e-04
5042.00 3.58205e-04
5044.00 3.58711e-04
5046.00 3.53692e-04
5048.00 3.59944e-04
5050.00 3.51107e-04
5052.00 3.57628e-04
5054.00 3.57465e-04
5056.00 3.64766e-04
5057.29 3.68624e-04
5058.00 3.68866e-04
5060.00 3.65090e-04
5062.00 3.66744e-04
5064.00 3.59640e-04
5066.00 3.61973e-04
5068.00 3.71798e-04
5070.00 3.79153e-04
5072.00 3.82857e-04
5074.00 3.82980e-04
5076.00 3.79139e-04
5078.00 3.80577e-04
5080.00 3.72587e-04
5082.00 3.71680e-04
5082.57 3.71774e-04
5084.00 3.70831e-04
5086.00 3.69998e-04
5088.00 3.72221e-04
5090.00 3.59545e-04
5092.00 3.75382e-04
5094.00 3.67850e-04
5096.00 3.73501e-04
5098.00 3.71588e-04
5100.00 3.71567e-04
5102.00 3.67316e-04
5104.00 3.77896e-04
5106.00 3.70544e-04
5107.98 3.87399e-04
5108.00 3.87464e-04
5110.00 3.78853e-04
5112.00 3.72793e-04
5114.00 3.80144e-04
5116.00 3.81435e-04
5118.00 3.79001e-04
5120.00 3.72749e-04
5122.00 3.83002e-04
5124.00 3.75714e-04
5126.00 3.78430e-04
5127.90 3.79518e-04
5130.00 3.81815e-04
5132.00 3.72015e-04
5133.52 3.73205e-04
5134.00 3.74623e-04
5136.00 3.79461e-04
5137.90 3.81212e-04
5140.00 3.76314e-04
5142.00 3.86825e-04
5144.00 3.86700e-04
5146.00 3.73615e-04
5147.90 3.80179e-04
5150.00 3.79084e-04
5152.00 3.73895e-04
5154.00 3.65827e-04
5156.00 3.71185e-04
5157.90 3.64882e-04
5159.19 3.63544e-04
5160.00 3.63300e-04
5162.00 3.59271e-04
5164.00 3.58177e-04
5166.00 3.57938e-04
5167.90 3.50572e-04
5170.00 3.51598e-04
5172.00 3.47945e-04
5174.00 3.53714e-04
5176.00 3.49968e-04
5177.90 3.57330e-04
5180.00 3.54016e-04
5182.00 3.56467e-04
5184.00 3.58629e-04
5184.99 3.59291e-04
5186.00 3.61513e-04
5187.90 3.70517e-04
5190.00 3.74385e-04
5192.00 3.79352e-04
5194.00 3.85494e-04
5196.00 3.85481e-04
5197.90 4.06398e-04
5200.00 4.12244e-04
5202.00 4.11378e-04
5204.00 4.22133e-04
5206.00 4.20984e-04
5207.90 4.35960e-04
5210.00 4.29176e-04
5210.91 4.36830e-04
5212.00 4.48795e-04
5214.00 4.50212e-04
5216.00 4.55703e-04
5217.90 4.60310e-04
5220.00 4.65950e-04
5222.00 4.64191e-04
5224.00 4.70054e-04
5226.00 4.79798e-04
5227.90 4.72989e-04
5230.00 4.86835e-04
5232.00 4.85530e-04
5234.00 4.98276e-04
5236.00 4.96174e-04
5236.97 4.99561e-04
5237.90 5.05116e-04
5240.00 5.13472e-04
5242.00 5.19568e-04
5244.00 5.24327e-04
5246.00 5.35328e-04
5247.90 5.38909e-04
5250.00 5.34188e-04
5252.00 5.35822e-04
5254.00 5.37345e-04
5256.00 5.32388e-04
5257.90 5.30154e-04
5260.00 5.24390e-04
5262.00 5.18044e-04
5263.15 5.22181e-04
5264.00 5.24045e-04
5266.00 5.15540e-04
5267.90 5.16901e-04
5270.00 5.13862e-04
5272.00 5.23359e-04
5274.00 5.25423e-04
5276.00 5.35089e-04
5277.90 5.49561e-04
5280.00 5.60327e-04
5282.00 5.72579e-04
5284.00 5.87860e-04
5286.00 5.95224e-04
5287.90 6.12861e-04
5289.47 6.22231e-04
5290.00 6.25007e-04
5292.00 6.37965e-04
5294.00 6.47231e-04
5296.00 6.61259e-04
5297.90 6.79901e-04
5300.00 6.82808e-04
5302.00 6.82119e-04
5304.00 6.90615e-04
5306.00 7.02273e-04
5307.90 6.95831e-04
5310.00 7.08085e-04
5312.00 7.02603e-04
5314.00 6.99080e-04
5315.92 6.97310e-04
5316.00 6.97110e-04
5317.90 6.92691e-04
5320.00 6.93381e-04
5322.00 6.77490e-04
5324.00 6.81319e-04
5326.00 6.81670e-04
5327.90 6.77991e-04
5330.00 6.80822e-04
5332.00 6.88675e-04
5334.00 6.94315e-04
5336.00 7.00670e-04
5337.90 7.07838e-04
5340.00 7.24576e-04
5342.00 7.27053e-04
5342.50 7.29836e-04
5344.00 7.45164e-04
5346.00 7.63737e-04
5347.90 7.68623e-04
5350.00 7.78325e-04
5352.00 7.87314e-04
5354.00 7.95268e-04
5356.00 8.04188e-04
5357.90 8.11722e-04
5360.00 8.12610e-04
5362.00 8.17408e-04
5364.00 8.20693e-04
5366.00 8.16900e-04
5367.90 8.22776e-04
5369.21 8.18175e-04
5370.00 8.15754e-04
5372.00 8.23083e-04
5374.00 8.28060e-04
5376.00 8.31667e-04
5377.90 8.28416e-04
5380.00 8.31825e-04
5382.00 8.40548e-04
5384.00 8.48890e-04
5386.00 8.52429e-04
5387.90 8.51666e-04
5390.00 8.55220e-04
5392.00 8.63194e-04
5394.00 8.50355e-04
5396.00 8.50155e-04
5396.05 8.50377e-04
5397.90 8.56792e-04
5400.00 8.50517e-04
5402.00 8.53494e-04
5404.00 8.45934e-04
5406.00 8.56415e-04
5407.90 8.50402e-04
5410.00 8.52501e-04
5412.00 8.64953e-04
5414.00 8.61858e-04
5416.00 8.68380e-04
5417.90 8.72524e-04
5420.00 8.73665e-04
5422.00 8.88792e-04
5423.03 8.89349e-04
5424.00 8.88554e-04
5426.00 8.97540e-04
5427.90 9.00122e-04
5430.00 8.97420e-04
5432.00 9.17094e-04
5434.00 9.24715e-04
5436.00 9.25846e-04
5437.90 9.36486e-04
5440.00 9.40641e-04
5442.00 9.44619e-04
5444.00 9.60578e-04
5446.00 9.60538e-04
5447.90 9.57866e-04
5450.00 9.65103e-04
5450.15 9.65594e-04
5452.00 9.69439e-04
5454.00 9.71536e-04
5456.00 9.69485e-04
5457.90 9.75541e-04
5460.00 9.74016e-04
5462.00 9.75675e-04
5464.00 9.69989e-04
5466.00 9.79936e-04
5467.90 9.75965e-04
5470.00 9.85071e-04
5472.00 9.82133e-04
5474.00 9.88892e-04
5476.00 9.86038e-04
5477.40 9.89277e-04
5477.90 9.90842e-04
5480.00 9.95482e-04
5482.00 1.00411e-03
5484.00 1.00300e-03
5486.00 1.00580e-03
5487.90 1.01063e-03
5490.00 1.02546e-03
5492.00 1.02283e-03
5494.00 1.03227e-03
5496.00 1.03578e-03
5497.90 1.03766e-03
5500.00 1.05115e-03
5502.00 1.05651e-03
5504.00 1.06406e-03
5504.79 1.06274e-03
5506.00 1.06152e-03
5507.90 1.07560e-03
5510.00 1.08489e-03
5512.00 1.09292e-03
5514.00 1.09594e-03
5516.00 1.10756e-03
5517.90 1.11545e-03
5520.00 1.13573e-03
5522.00 1.13381e-03
5524.00 1.14881e-03
5526.00 1.15877e-03
5527.90 1.16816e-03
5530.00 1.17914e-03
5532.00 1.18502e-03
5532.31 1.18709e-03
5534.00 1.20138e-03
5536.00 1.21437e-03
5537.90 1.23830e-03
5540.00 1.24597e-03
5542.00 1.26213e-03
5544.00 1.27793e-03
5546.00 1.29453e-03
5547.90 1.29673e-03
5550.00 1.31860e-03
5552.00 1.32618e-03
5554.00 1.34551e-03
5556.00 1.35053e-03
5557.90 1.37165e-03
5559.97 1.37733e-03
5560.00 1.37740e-03
5562.00 1.39091e-03
5564.00 1.40798e-03
5566.00 1.41139e-03
5567.90 1.42577e-03
5570.00 1.43316e-03
5572.00 1.44102e-03
5574.00 1.45783e-03
5576.00 1.47664e-03
5577.90 1.48475e-03
5580.00 1.49302e-03
5582.00 1.51496e-03
5584.00 1.53132e-03
5586.00 1.56036e-03
5587.77 1.57797e-03
5587.90 1.57916e-03
5590.00 1.60292e-03
5592.00 1.62685e-03
5594.00 1.64765e-03
5596.00 1.67525e-03
5597.90 1.70520e-03
5600.00 1.73247e-03
5602.00 1.75889e-03
5604.00 1.79591e-03
5606.00 1.83281e-03
5607.90 1.86060e-03
5610.00 1.89345e-03
5612.00 1.92151e-03
5614.00 1.94451e-03
5615.71 1.96973e-03
5616.00 1.97455e-03
5617.90 2.00657e-03
5620.00 2.03333e-03
5622.00 2.05758e-03
5624.00 2.09779e-03
5626.00 2.12409e-03
5627.90 2.14163e-03
5630.00 2.17939e-03
5632.00 2.20026e-03
5634.00 2.23528e-03
5636.00 2.27048e-03
5637.90 2.30024e-03
5640.00 2.33710e-03
5642.00 2.36720e-03
5643.79 2.40429e-03
5644.00 2.40775e-03
5646.00 2.42914e-03
5647.90 2.46247e-03
5650.00 2.49656e-03
5652.00 2.52149e-03
5654.00 2.54514e-03
5656.00 2.57244e-03
5657.90 2.59938e-03
5660.00 2.62851e-03
5662.00 2.65102e-03
5664.00 2.68026e-03
5666.00 2.69535e-03
5667.90 2.73737e-03
5670.00 2.76983e-03
5672.00 2.80372e-03
5672.01 2.80386e-03
5674.00 2.83367e-03
5676.00 2.87681e-03
5677.90 2.91343e-03
5680.00 2.95910e-03
5682.00 2.99512e-03
5684.00 3.03696e-03
5686.00 3.07387e-03
5687.90 3.11280e-03
5690.00 3.14234e-03
5692.00 3.17079e-03
5694.00 3.19584e-03
5696.00 3.21267e-03
5697.90 3.23180e-03
5700.00 3.26064e-03
5700.37 3.26644e-03
5702.00 3.29256e-03
5704.00 3.32185e-03
5706.00 3.35277e-03
5707.90 3.38334e-03
5710.00 3.42027e-03
5712.00 3.46360e-03
5714.00 3.51244e-03
5716.00 3.57689e-03
5717.90 3.62273e-03
5720.00 3.67331e-03
5722.00 3.75088e-03
5724.00 3.79691e-03
5726.00 3.85486e-03
5727.90 3.89357e-03
5728.87 3.91791e-03
5730.00 3.94607e-03
5732.00 3.97514e-03
5734.00 3.99533e-03
5736.00 4.01532e-03
5737.90 4.02335e-03
5740.00 4.04113e-03
5742.00 4.04781e-03
5744.00 4.05706e-03
5746.00 4.05878e-03
5747.90 4.08018e-03
5750.00 4.08184e-03
5752.00 4.11262e-03
5754.00 4.13002e-03
5756.00 4.15168e-03
5757.52 4.16822e-03
5757.90 4.17377e-03
5760.00 4.21093e-03
5762.00 4.23233e-03
5764.00 4.26957e-03
5766.00 4.27784e-03
5767.90 4.31093e-03
5770.00 4.32352e-03
5772.00 4.34184e-03
5774.00 4.34667e-03
5776.00 4.34752e-03
5777.90 4.34654e-03
5780.00 4.35422e-03
5782.00 4.34680e-03
5784.00 4.33468e-03
5786.00 4.32584e-03
5786.30 4.32616e-03
5787.90 4.33383e-03
5790.00 4.34219e-03
5792.00 4.34167e-03
5794.00 4.35028e-03
5796.00 4.35850e-03
5797.90 4.37447e-03
5800.00 4.39071e-03
5802.00 4.41083e-03
5804.00 4.41707e-03
5806.00 4.43962e-03
5807.90 4.45080e-03
5810.00 4.46083e-03
5812.00 4.48006e-03
5814.00 4.48650e-03
5815.23 4.48624e-03
5816.00 4.48587e-03
5817.90 4.48841e-03
5820.00 4.49729e-03
5822.00 4.49162e-03
5824.00 4.48354e-03
5826.00 4.46827e-03
5827.90 4.46215e-03
5830.00 4.43913e-03
5832.00 4.42065e-03
5834.00 4.39315e-03
5836.00 4.36623e-03
5837.90 4.32984e-03
5840.00 4.30252e-03
5842.00 4.27244e-03
5844.00 4.24361e-03
5844.31 4.23928e-03
5846.00 4.21454e-03
5847.90 4.18258e-03
5850.00 4.15199e-03
5852.00 4.14184e-03
5854.00 4.12405e-03
5856.00 4.10014e-03
5857.90 4.08621e-03
5860.00 4.06254e-03
5862.00 4.03343e-03
5864.00 4.01152e-03
5866.00 3.96951e-03
5867.90 3.91662e-03
5870.00 3.86824e-03
5872.00 3.80728e-03
5873.53 3.75858e-03
5874.00 3.74248e-03
5876.00 3.66236e-03
5877.90 3.58425e-03
5880.00 3.51984e-03
5882.00 3.44074e-03
5884.00 3.36949e-03
5886.00 3.29843e-03
5887.90 3.25040e-03
5890.00 3.20687e-03
5892.00 3.15449e-03
5894.00 3.12518e-03
5896.00 3.10037e-03
5897.90 3.08769e-03
5900.00 3.07393e-03
5902.00 3.06417e-03
5902.90 3.06163e-03
5904.00 3.05534e-03
5906.00 3.02954e-03
5907.90 3.01408e-03
5910.00 2.99630e-03
5912.00 2.96216e-03
5914.00 2.93111e-03
5916.00 2.88629e-03
5917.90 2.86042e-03
5920.00 2.81106e-03
5922.00 2.76291e-03
5924.00 2.71983e-03
5926.00 2.67378e-03
5927.90 2.63797e-03
5930.00 2.58530e-03
5932.00 2.54114e-03
5932.41 2.53326e-03
5934.00 2.50440e-03
5936.00 2.46292e-03
5937.90 2.41645e-03
5940.00 2.38117e-03
5942.00 2.34627e-03
5944.00 2.30741e-03
5946.00 2.27827e-03
5947.90 2.24163e-03
5950.00 2.21339e-03
5952.00 2.17372e-03
5954.00 2.12880e-03
5956.00 2.09851e-03
5957.90 2.06930e-03
5960.00 2.03434e-03
5962.00 2.00329e-03
5962.08 2.00200e-03
5964.00 1.96751e-03
5966.00 1.93312e-03
5967.90 1.89671e-03
5970.00 1.86885e-03
5972.00 1.83633e-03
5974.00 1.80683e-03
5976.00 1.76768e-03
5977.90 1.74269e-03
5980.00 1.71216e-03
5982.00 1.68478e-03
5984.00 1.65889e-03
5986.00 1.62460e-03
5987.90 1.59649e-03
5990.00 1.57592e-03
5991.89 1.53966e-03
5992.00 1.53749e-03
5994.00 1.50878e-03
5996.00 1.48593e-03
5997.90 1.45307e-03
6000.00 1.42661e-03
6002.00 1.39826e-03
6004.00 1.37077e-03
6006.00 1.35438e-03
6007.90 1.32768e-03
6010.00 1.30062e-03
6012.00 1.28145e-03
6014.00 1.25332e-03
6016.00 1.25135e-03
6017.90 1.22132e-03
6020.00 1.20605e-03
6021.85 1.17662e-03
6022.00 1.17432e-03
6024.00 1.15672e-03
6026.00 1.14344e-03
6027.90 1.12862e-03
6030.00 1.11179e-03
6032.00 1.09506e-03
6034.00 1.08593e-03
6036.00 1.06808e-03
6037.90 1.05778e-03
6040.00 1.04165e-03
6042.00 1.01863e-03
6044.00 1.00616e-03
6046.00 9.94595e-04
6047.90 9.85698e-04
6050.00 9.67504e-04
6051.96 9.54946e-04
6052.00 9.54747e-04
6054.00 9.45447e-04
6056.00 9.30664e-04
6057.90 9.25876e-04
6060.00 9.04957e-04
6062.00 9.02089e-04
6064.00 8.86376e-04
6066.00 8.60533e-04
6067.90 8.58160e-04
6070.00 8.39680e-04
6072.00 8.25284e-04
6074.00 8.14004e-04
6076.00 8.03239e-04
6077.90 7.97843e-04
6080.00 7.87432e-04
6082.00 7.63152e-04
6082.21 7.61828e-04
6084.00 7.60450e-04
6086.00 7.52524e-04
6087.90 7.41727e-04
6090.00 7.33223e-04
6092.00 7.18937e-04
6094.00 7.17216e-04
6096.00 7.07815e-04
6097.90 6.99393e-04
6100.00 6.98977e-04
6102.00 6.86482e-04
6104.00 6.77695e-04
6106.00 6.78499e-04
6107.90 6.65930e-04
6110.00 6.56907e-04
6112.00 6.50052e-04
6112.63 6.47604e-04
6114.00 6.42818e-04
6116.00 6.37741e-04
6117.90 6.27188e-04
6120.00 6.14806e-04
6122.00 6.08406e-04
6124.00 6.07199e-04
6126.00 5.95379e-04
6127.90 5.85264e-04
6130.00 5.86373e-04
6132.00 5.89703e-04
6134.00 5.77967e-04
6136.00 5.71874e-04
6137.90 5.75006e-04
6140.00 5.70244e-04
6142.00 5.66224e-04
6143.19 5.67775e-04
6144.00 5.68914e-04
6146.00 5.68123e-04
6147.90 5.64219e-04
6150.00 5.46262e-04
6152.00 5.59042e-04
6154.00 5.54318e-04
6156.00 5.46606e-04
6157.90 5.37879e-04
6160.00 5.34473e-04
6162.00 5.30395e-04
6164.00 5.29651e-04
6166.00 5.24196e-04
6167.90 5.17829e-04
6170.00 5.18114e-04
6172.00 5.13489e-04
6173.91 5.14510e-04
6174.00 5.14856e-04
6176.00 5.21566e-04
6177.90 5.13328e-04
6180.00 5.18888e-04
6182.00 5.22869e-04
6184.00 5.20994e-04
6186.00 5.26898e-04
6187.90 5.22153e-04
6190.00 5.29350e-04
6192.00 5.30991e-04
6194.00 5.22845e-04
6196.00 5.21545e-04
6197.90 5.27934e-04
6200.00 5.28131e-04
6202.00 5.21563e-04
6204.00 5.21174e-04
6204.77 5.21303e-04
6206.00 5.22473e-04
6207.90 5.25359e-04
6210.00 5.11878e-04
6212.00 5.04074e-04
6214.00 5.08260e-04
6216.00 5.09191e-04
6217.90 4.99634e-04
6220.00 5.08398e-04
6222.00 5.01263e-04
6224.00 4.98325e-04
6226.00 4.99541e-04
6227.90 4.97189e-04
6230.00 5.00067e-04
6232.00 4.92961e-04
6234.00 5.00245e-04
6235.80 4.87925e-04
6236.00 4.86548e-04
6237.90 4.85790e-04
6240.00 4.94583e-04
6242.00 4.85793e-04
6244.00 4.87764e-04
6246.00 4.83099e-04
6247.90 4.79784e-04
6250.00 4.80568e-04
6252.00 4.85149e-04
6254.00 4.83029e-04
6256.00 4.89958e-04
6257.90 4.87855e-04
6260.00 4.91956e-04
6262.00 5.02657e-04
6264.00 4.98701e-04
6266.00 5.09001e-04
6266.98 5.11472e-04
6267.90 5.06812e-04
6270.00 4.84545e-04
6272.00 5.07987e-04
6274.00 5.18060e-04
6276.00 5.06831e-04
6277.90 5.05554e-04
6280.00 5.10907e-04
6282.00 5.13716e-04
6284.00 5.09148e-04
6286.00 5.13675e-04
6287.90 5.18016e-04
6290.00 5.08815e-04
6292.00 5.05098e-04
6294.00 5.09396e-04
6296.00 5.05872e-04
6297.90 5.11434e-04
6298.31 5.12658e-04
6300.00 5.12831e-04
6302.00 5.04209e-04
6304.00 5.03792e-04
6306.00 5.12292e-04
6307.90 5.09293e-04
6310.00 5.04739e-04
6312.00 5.13412e-04
6314.00 5.06135e-04
6316.00 5.12697e-04
6317.90 5.15480e-04
6320.00 5.17985e-04
6322.00 5.15141e-04
6324.00 5.19660e-04
6326.00 5.26427e-04
6327.90 5.22728e-04
6329.80 5.26553e-04
6330.00 5.27315e-04
6332.00 5.34154e-04
6334.00 5.35760e-04
6336.00 5.37082e-04
6337.90 5.37721e-04
6340.00 5.38692e-04
6342.00 5.35654e-04
6344.00 5.40097e-04
6346.00 5.41305e-04
6347.90 5.44448e-04
6350.00 5.38441e-04
6352.00 5.43264e-04
6354.00 5.53949e-04
6356.00 5.56637e-04
6357.90 5.60991e-04
6360.00 5.56479e-04
6361.45 5.57367e-04
6362.00 5.57765e-04
6364.00 5.55992e-04
6366.00 5.58037e-04
6367.90 5.58355e-04
6370.00 5.59444e-04
6372.00 5.62373e-04
6374.00 5.62289e-04
6376.00 5.64890e-04
6377.90 5.75861e-04
6380.00 5.77760e-04
6382.00 5.74826e-04
6384.00 5.79953e-04
6386.00 5.80914e-04
6387.90 5.80077e-04
6390.00 5.81116e-04
6392.00 5.78195e-04
6393.26 5.77517e-04
6394.00 5.78490e-04
6396.00 5.85428e-04
6397.90 5.86848e-04
6400.00 5.76162e-04
6402.00 5.83755e-04
6404.00 5.82745e-04
6406.00 5.88761e-04
6407.90 5.81116e-04
6410.00 5.85949e-04
6412.00 5.85215e-04
6414.00 5.85996e-04
6416.00 5.90787e-04
6417.90 5.97991e-04
6420.00 5.93283e-04
6422.00 5.98566e-04
6424.00 6.07370e-04
6425.23 6.07894e-04
6426.00 6.06239e-04
6427.90 6.02628e-04
6430.00 6.11832e-04
6432.00 6.10759e-04
6434.00 6.10654e-04
6436.00 6.09715e-04
6437.90 6.07477e-04
6440.00 6.11152e-04
6442.00 6.20134e-04
6444.00 6.22007e-04
6446.00 6.12049e-04
6447.90 6.12218e-04
6450.00 6.19102e-04
6452.00 6.17342e-04
6454.00 6.20158e-04
6456.00 6.19375e-04
6457.35 6.23464e-04
6457.90 6.24533e-04
6460.00 6.19883e-04
6462.00 6.19231e-04
6464.00 6.23620e-04
6466.00 6.28030e-04
6467.90 6.32271e-04
6470.00 6.32127e-04
6472.00 6.24066e-04
6474.00 6.20939e-04
6476.00 6.30260e-04
6477.90 6.30491e-04
6480.00 6.21718e-04
6482.00 6.15364e-04
6484.00 6.29439e-04
6486.00 6.22881e-04
6487.90 6.22678e-04
6489.64 6.22040e-04
6490.00 6.21651e-04
6492.00 6.20808e-04
6494.00 6.24752e-04
6496.00 6.30349e-04
6497.90 6.42327e-04
6500.00 6.33682e-04
6502.00 6.30649e-04
6504.00 6.38021e-04
6506.00 6.33642e-04
6507.90 6.47173e-04
6510.00 6.45588e-04
6512.00 6.53922e-04
6514.00 6.52570e-04
6516.00 6.56692e-04
6517.90 6.50429e-04
6520.00 6.70297e-04
6522.00 6.51749e-04
6522.09 6.51497e-04
6524.00 6.64763e-04
6526.00 6.66104e-04
6527.90 6.58958e-04
6530.00 6.56530e-04
6532.00 6.71044e-04
6534.00 6.53878e-04
6536.00 6.65994e-04
6537.90 6.70772e-04
6540.00 6.66881e-04
6542.00 6.66827e-04
6544.00 6.61198e-04
6546.00 6.64739e-04
6547.90 6.49871e-04
6550.00 6.55126e-04
6552.00 6.49273e-04
6554.00 6.42761e-04
6554.70 6.42670e-04
6556.00 6.41216e-04
6558.00 6.29707e-04
6560.00 6.25500e-04
6562.00 6.11833e-04
6564.00 6.07380e-04
6566.00 6.07233e-04
6568.00 5.99195e-04
6570.00 5.99804e-04
6572.00 6.11478e-04
6574.00 6.06010e-04
6576.00 6.24692e-04
6578.00 6.26728e-04
6580.00 6.36688e-04
6582.00 6.41340e-04
6584.00 6.63500e-04
6586.00 6.76181e-04
6587.47 6.85065e-04
6588.00 6.87606e-04
6590.00 6.92121e-04
6592.00 6.99960e-04
6594.00 7.05345e-04
6596.00 7.04694e-04
6598.00 7.10759e-04
6600.00 7.05889e-04
6602.00 7.14183e-04
6604.00 7.22081e-04
6606.00 7.19044e-04
6608.00 7.14884e-04
6610.00 7.27625e-04
6612.00 6.99474e-04
6614.00 7.11629e-04
6616.00 7.18511e-04
6618.00 7.14505e-04
6620.00 7.21670e-04
6620.41 7.21554e-04
6622.00 7.15860e-04
6624.00 7.15387e-04
6626.00 7.22480e-04
6628.00 7.13179e-04
6630.00 7.20587e-04
6632.00 7.19234e-04
6634.00 7.13582e-04
6636.00 7.21594e-04
6638.00 7.19631e-04
6640.00 7.37109e-04
6642.00 7.29165e-04
6644.00 7.36482e-04
6646.00 7.26761e-04
6648.00 7.32244e-04
6650.00 7.34889e-04
6652.00 7.40866e-04
6653.51 7.38364e-04
6654.00 7.39932e-04
6656.00 7.60189e-04
6658.00 7.54639e-04
6660.00 7.53994e-04
6662.00 7.63145e-04
6664.00 7.63746e-04
6666.00 7.66109e-04
6668.00 7.71797e-04
6670.00 7.66775e-04
6672.00 7.80629e-04
6674.00 7.71450e-04
6676.00 7.82106e-04
6678.00 7.83799e-04
6680.00 7.85540e-04
6682.00 7.93597e-04
6684.00 7.96785e-04
6686.00 8.10790e-04
6686.78 8.18182e-04
6688.00 8.24015e-04
6690.00 8.12348e-04
6692.00 8.15513e-04
6694.00 8.19064e-04
6696.00 8.20489e-04
6698.00 8.19173e-04
6700.00 8.19571e-04
6702.00 8.29462e-04
6704.00 8.23193e-04
6706.00 8.10490e-04
6708.00 8.29041e-04
6710.00 8.30619e-04
6712.00 8.24274e-04
6714.00 8.42801e-04
6716.00 8.41524e-04
6718.00 8.40933e-04
6720.00 8.45575e-04
6720.21 8.45972e-04
6722.00 8.50873e-04
6724.00 8.62333e-04
6726.00 8.63360e-04
6728.00 8.81208e-04
6730.00 8.77832e-04
6732.00 8.85440e-04
6734.00 8.88852e-04
6736.00 8.94721e-04
6738.00 8.92604e-04
6740.00 8.90667e-04
6742.00 8.99103e-04
6744.00 8.98878e-04
6746.00 9.04115e-04
6748.00 9.10775e-04
6750.00 9.11859e-04
6752.00 9.20861e-04
6753.81 9.26682e-04
6754.00 9.26771e-04
6756.00 9.26015e-04
6758.00 9.36441e-04
6760.00 9.42731e-04
6762.00 9.43163e-04
6764.00 9.58955e-04
6766.00 9.54434e-04
6768.00 9.71732e-04
6770.00 9.74960e-04
6772.00 9.74342e-04
6774.00 9.79960e-04
6776.00 9.94992e-04
6778.00 9.90267e-04
6780.00 9.98686e-04
6782.00 9.98373e-04
6784.00 1.01343e-03
6786.00 1.01321e-03
6787.58 1.02035e-03
6788.00 1.02329e-03
6790.00 1.03154e-03
6792.00 1.02326e-03
6794.00 1.03427e-03
6796.00 1.04097e-03
6798.00 1.04436e-03
6800.00 1.04914e-03
6802.00 1.04926e-03
6804.00 1.05591e-03
6806.00 1.05969e-03
6808.00 1.07270e-03
6810.00 1.08391e-03
6812.00 1.08392e-03
6814.00 1.09025e-03
6816.00 1.09856e-03
6818.00 1.10580e-03
6820.00 1.12174e-03
6821.52 1.12533e-03
6822.00 1.12654e-03
6824.00 1.14024e-03
6826.00 1.15183e-03
6828.00 1.15081e-03
6830.00 1.16646e-03
6832.00 1.16673e-03
6834.00 1.17420e-03
6836.00 1.17954e-03
6838.00 1.18978e-03
6840.00 1.19284e-03
6842.00 1.19257e-03
6844.00 1.19597e-03
6846.00 1.20219e-03
6848.00 1.20723e-03
6850.00 1.20955e-03
6852.00 1.21419e-03
6854.00 1.21935e-03
6855.63 1.22921e-03
6856.00 1.23035e-03
6858.00 1.22874e-03
6860.00 1.23735e-03
6862.00 1.23484e-03
6864.00 1.25057e-03
6866.00 1.24687e-03
6868.00 1.24727e-03
6870.00 1.26081e-03
6872.00 1.24698e-03
6874.00 1.25597e-03
6876.00 1.25064e-03
6878.00 1.25130e-03
6880.00 1.24878e-03
6882.00 1.25782e-03
6884.00 1.26481e-03
6886.00 1.25690e-03
6888.00 1.26845e-03
6889.91 1.27880e-03
6890.00 1.27915e-03
6892.00 1.28405e-03
6894.00 1.28519e-03
6896.00 1.28947e-03
6898.00 1.29817e-03
6900.00 1.30441e-03
6902.00 1.32295e-03
6904.00 1.33256e-03
6906.00 1.34032e-03
6908.00 1.35300e-03
6910.00 1.36778e-03
6912.00 1.37250e-03
6914.00 1.39105e-03
6916.00 1.40761e-03
6918.00 1.41698e-03
6920.00 1.43034e-03
6922.00 1.42777e-03
6924.00 1.44120e-03
6924.36 1.44197e-03
6926.00 1.44297e-03
6928.00 1.46424e-03
6930.00 1.47263e-03
6932.00 1.47575e-03
6934.00 1.49644e-03
6936.00 1.50474e-03
6938.00 1.50213e-03
6940.00 1.51837e-03
6942.00 1.52932e-03
6944.00 1.53523e-03
6946.00 1.53919e-03
6948.00 1.54885e-03
6950.00 1.55019e-03
6952.00 1.56832e-03
6954.00 1.57441e-03
6956.00 1.58352e-03
6958.00 1.59378e-03
6958.98 1.60152e-03
6960.00 1.61183e-03
6962.00 1.62973e-03
6964.00 1.63100e-03
6966.00 1.64725e-03
6968.00 1.65400e-03
6970.00 1.67109e-03
6972.00 1.69120e-03
6974.00 1.69182e-03
6976.00 1.70640e-03
6978.00 1.72568e-03
6980.00 1.72896e-03
6982.00 1.74127e-03
6984.00 1.75883e-03
6986.00 1.77226e-03
6988.00 1.77572e-03
6990.00 1.78388e-03
6992.00 1.78952e-03
6993.77 1.78769e-03
6994.00 1.78808e-03
6996.00 1.79815e-03
6998.00 1.79929e-03
7000.00 1.80188e-03
7002.00 1.79838e-03
7004.00 1.80745e-03
7006.00 1.80397e-03
7008.00 1.81363e-03
7010.00 1.82045e-03
7012.00 1.81979e-03
7014.00 1.83745e-03
7016.00 1.83862e-03
7018.00 1.83774e-03
7020.00 1.85402e-03
7022.00 1.86142e-03
7024.00 1.85639e-03
7026.00 1.88205e-03
7028.00 1.88824e-03
7028.74 1.89199e-03
7030.00 1.90096e-03
7032.00 1.90762e-03
7034.00 1.90960e-03
7036.00 1.92364e-03
7038.00 1.93446e-03
7040.00 1.94616e-03
7042.00 1.95627e-03
7044.00 1.95959e-03
7046.00 1.96383e-03
7048.00 1.98209e-03
7050.00 1.97477e-03
7052.00 1.98940e-03
7054.00 1.99261e-03
7056.00 2.00610e-03
7058.00 2.00385e-03
7060.00 2.01332e-03
7062.00 2.02157e-03
7063.88 2.01962e-03
7064.00 2.01978e-03
7066.00 2.03224e-03
7068.00 2.04459e-03
7070.00 2.04464e-03
7072.00 2.05472e-03
7074.00 2.04107e-03
7076.00 2.05243e-03
7078.00 2.05001e-03
7080.00 2.05503e-03
7082.00 2.05604e-03
7084.00 2.06401e-03
7086.00 2.07630e-03
7088.00 2.07835e-03
7090.00 2.08423e-03
7092.00 2.09288e-03
7094.00 2.09305e-03
7096.00 2.10937e-03
7098.00 2.10079e-03
7099.20 2.10634e-03
7100.00 2.11363e-03
7102.00 2.12505e-03
7104.00 2.12337e-03
7106.00 2.12804e-03
7108.00 2.13498e-03
7110.00 2.12978e-03
7112.00 2.13847e-03
7114.00 2.13394e-03
7116.00 2.13348e-03
7118.00 2.13862e-03
7120.00 2.14041e-03
7122.00 2.13897e-03
7124.00 2.13097e-03
7126.00 2.14527e-03
7128.00 2.13903e-03
7130.00 2.13622e-03
7132.00 2.13747e-03
7134.00 2.13438e-03
7134.70 2.13392e-03
7136.00 2.13413e-03
7138.00 2.13166e-03
7140.00 2.12459e-03
7142.00 2.13408e-03
7144.00 2.13329e-03
7146.00 2.13589e-03
7148.00 2.14108e-03
7150.00 2.13098e-03
7152.00 2.14236e-03
7154.00 2.13367e-03
7156.00 2.13759e-03
7158.00 2.12773e-03
7160.00 2.12426e-03
7162.00 2.11946e-03
7164.00 2.10921e-03
7166.00 2.08790e-03
7168.00 2.08640e-03
7170.00 2.07177e-03
7170.37 2.06785e-03
7172.00 2.04993e-03
7174.00 2.02939e-03
7176.00 2.01363e-03
7178.00 1.99121e-03
7180.00 1.97645e-03
7182.00 1.94705e-03
7184.00 1.92456e-03
7186.00 1.91640e-03
7188.00 1.89422e-03
7190.00 1.88774e-03
7192.00 1.86876e-03
7194.00 1.85557e-03
7196.00 1.84651e-03
7198.00 1.83710e-03
7200.00 1.83579e-03
7202.00 1.81945e-03
7204.00 1.82064e-03
7206.00 1.82139e-03
7206.23 1.82142e-03
7208.00 1.82195e-03
7210.00 1.82541e-03
7212.00 1.84106e-03
7214.00 1.83952e-03
7216.00 1.84564e-03
7218.00 1.85970e-03
7220.00 1.87122e-03
7222.00 1.87556e-03
7224.00 1.89207e-03
7226.00 1.89817e-03
7228.00 1.91181e-03
7230.00 1.93033e-03
7232.00 1.93903e-03
7234.00 1.95193e-03
7236.00 1.95771e-03
7238.00 1.97592e-03
7240.00 1.98599e-03
7242.00 1.99310e-03
7242.26 1.99474e-03
7244.00 2.00552e-03
7246.00 2.00654e-03
7248.00 2.01874e-03
7250.00 2.01916e-03
7252.00 2.02416e-03
7254.00 2.02620e-03
7256.00 2.03088e-03
7258.00 2.03986e-03
7260.00 2.02792e-03
7262.00 2.02902e-03
7264.00 2.04065e-03
7266.00 2.02968e-03
7268.00 2.01132e-03
7270.00 1.99996e-03
7272.00 1.99266e-03
7274.00 1.99051e-03
7276.00 1.98422e-03
7278.00 1.97854e-03
7278.47 1.97590e-03
7280.00 1.96832e-03
7282.00 1.97047e-03
7284.00 1.96192e-03
7286.00 1.96231e-03
7288.00 1.96548e-03
7290.00 1.96549e-03
7292.00 1.97626e-03
7294.00 1.97814e-03
7296.00 1.98896e-03
7298.00 2.01572e-03
7300.00 2.02446e-03
7302.00 2.03101e-03
7304.00 2.05230e-03
7306.00 2.05928e-03
7308.00 2.08086e-03
7310.00 2.08920e-03
7312.00 2.10532e-03
7314.00 2.11874e-03
7314.86 2.12771e-03
7316.00 2.13917e-03
7318.00 2.15019e-03
7320.00 2.17026e-03
7322.00 2.18200e-03
7324.00 2.21206e-03
7326.00 2.21797e-03
7328.00 2.23088e-03
7330.00 2.25494e-03
7332.00 2.27183e-03
7334.00 2.28737e-03
7336.00 2.30882e-03
7338.00 2.32527e-03
7340.00 2.35863e-03
7342.00 2.37718e-03
7344.00 2.39635e-03
7346.00 2.41634e-03
7348.00 2.44255e-03
7350.00 2.47139e-03
7351.43 2.48677e-03
7352.00 2.49157e-03
7354.00 2.50934e-03
7356.00 2.53777e-03
7358.00 2.55814e-03
7360.00 2.57088e-03
7362.00 2.57454e-03
7364.00 2.60409e-03
7366.00 2.61237e-03
7368.00 2.62766e-03
7370.00 2.64656e-03
7372.00 2.65662e-03
7374.00 2.67274e-03
7376.00 2.67360e-03
7378.00 2.69401e-03
7380.00 2.70207e-03
7382.00 2.70539e-03
7384.00 2.72116e-03
7386.00 2.70867e-03
7388.00 2.73234e-03
7388.19 2.73478e-03
7390.00 2.74892e-03
7392.00 2.76115e-03
7394.00 2.77819e-03
7396.00 2.79542e-03
7398.00 2.81102e-03
7400.00 2.82638e-03
7402.00 2.84598e-03
7404.00 2.87702e-03
7406.00 2.89327e-03
7408.00 2.92155e-03
7410.00 2.94519e-03
7412.00 2.97324e-03
7414.00 2.99851e-03
7416.00 3.03676e-03
7418.00 3.05884e-03
7420.00 3.09538e-03
7422.00 3.13409e-03
7424.00 3.16429e-03
7425.13 3.18388e-03
7426.00 3.19854e-03
7428.00 3.22721e-03
7430.00 3.26581e-03
7432.00 3.31053e-03
7434.00 3.33836e-03
7436.00 3.36872e-03
7438.00 3.40636e-03
7440.00 3.42970e-03
7442.00 3.46350e-03
7444.00 3.48690e-03
7446.00 3.52453e-03
7448.00 3.56183e-03
7450.00 3.59270e-03
7452.00 3.62838e-03
7454.00 3.66368e-03
7456.00 3.70653e-03
7458.00 3.74777e-03
7460.00 3.79022e-03
7462.00 3.81828e-03
7462.26 3.82294e-03
7464.00 3.86219e-03
7466.00 3.90577e-03
7468.00 3.94698e-03
7470.00 3.98835e-03
7472.00 4.03323e-03
7474.00 4.06449e-03
7476.00 4.10361e-03
7478.00 4.14599e-03
7480.00 4.18154e-03
7482.00 4.21882e-03
7484.00 4.26633e-03
7486.00 4.30645e-03
7488.00 4.34915e-03
7490.00 4.37896e-03
7492.00 4.42237e-03
7494.00 4.45917e-03
7496.00 4.50839e-03
7498.00 4.55010e-03
7499.57 4.58399e-03
7500.00 4.59540e-03
7502.00 4.65416e-03
7504.00 4.69478e-03
7506.00 4.75702e-03
7508.00 4.80560e-03
7510.00 4.85824e-03
7512.00 4.92213e-03
7514.00 4.96528e-03
7516.00 5.01779e-03
7518.00 5.07113e-03
7520.00 5.12537e-03
7522.00 5.17287e-03
7524.00 5.24216e-03
7526.00 5.29878e-03
7528.00 5.35934e-03
7530.00 5.43277e-03
7532.00 5.49579e-03
7534.00 5.57170e-03
7536.00 5.65352e-03
7537.07 5.69812e-03
7538.00 5.73597e-03
7540.00 5.81268e-03
7542.00 5.89735e-03
7544.00 5.98732e-03
7546.00 6.07002e-03
7548.00 6.15033e-03
7550.00 6.24451e-03
7552.00 6.31825e-03
7554.00 6.40461e-03
7556.00 6.47859e-03
7558.00 6.55568e-03
7560.00 6.63109e-03
7562.00 6.70562e-03
7564.00 6.75821e-03
7566.00 6.82231e-03
7568.00 6.88794e-03
7570.00 6.93448e-03
7572.00 6.98008e-03
7574.00 7.00893e-03
7574.75 7.01692e-03
7576.00 7.03054e-03
7578.00 7.04923e-03
7580.00 7.04321e-03
7582.00 7.05689e-03
7584.00 7.04282e-03
7586.00 7.02775e-03
7588.00 6.99969e-03
7590.00 6.97380e-03
7592.00 6.92770e-03
7594.00 6.88550e-03
7596.00 6.84701e-03
7598.00 6.79366e-03
7600.00 6.74326e-03
7602.00 6.68509e-03
7604.00 6.63778e-03
7606.00 6.58253e-03
7608.00 6.54490e-03
7610.00 6.50536e-03
7612.00 6.47449e-03
7612.63 6.46400e-03
7614.00 6.44343e-03
7616.00 6.43123e-03
7618.00 6.42346e-03
7620.00 6.42312e-03
7622.00 6.42947e-03
7624.00 6.45811e-03
7626.00 6.47284e-03
7628.00 6.50953e-03
7630.00 6.55678e-03
7632.00 6.61249e-03
7634.00 6.67592e-03
7636.00 6.75160e-03
7638.00 6.82762e-03
7640.00 6.90819e-03
7642.00 7.01018e-03
7644.00 7.12237e-03
7646.00 7.23158e-03
7648.00 7.35153e-03
7650.00 7.48506e-03
7650.69 7.53149e-03
7652.00 7.61972e-03
7654.00 7.76345e-03
7656.00 7.92725e-03
7658.00 8.08053e-03
7660.00 8.24872e-03
7662.00 8.41888e-03
7664.00 8.60799e-03
7666.00 8.80514e-03
7668.00 9.01553e-03
7670.00 9.23138e-03
7672.00 9.46026e-03
7674.00 9.69868e-03
7676.00 9.94305e-03
7678.00 1.01936e-02
7680.00 1.04511e-02
7682.00 1.07115e-02
7684.00 1.09601e-02
7686.00 1.12073e-02
7688.00 1.14489e-02
7688.94 1.15539e-02
7690.00 1.16659e-02
7692.00 1.18693e-02
7694.00 1.20572e-02
7696.00 1.22352e-02
7698.00 1.23970e-02
7700.00 1.25477e-02
7702.00 1.27012e-02
7704.00 1.28256e-02
7706.00 1.29504e-02
7708.00 1.30869e-02
7710.00 1.32082e-02
7712.00 1.33313e-02
7714.00 1.34573e-02
7716.00 1.35811e-02
7718.00 1.37004e-02
7720.00 1.38176e-02
7722.00 1.39290e-02
7724.00 1.40286e-02
7726.00 1.41395e-02
7727.39 1.42077e-02
7728.00 1.42359e-02
7730.00 1.43247e-02
7732.00 1.44017e-02
7734.00 1.44769e-02
7736.00 1.45434e-02
7738.00 1.46039e-02
7740.00 1.46636e-02
7742.00 1.47208e-02
7744.00 1.47715e-02
7746.00 1.48295e-02
7748.00 1.48862e-02
7750.00 1.49602e-02
7752.00 1.50127e-02
7754.00 1.50910e-02
7756.00 1.51636e-02
7758.00 1.52429e-02
7760.00 1.53135e-02
7762.00 1.53955e-02
7764.00 1.54774e-02
7766.00 1.55461e-02
7766.03 1.55469e-02
7768.00 1.56137e-02
7770.00 1.56748e-02
7772.00 1.57278e-02
7774.00 1.57693e-02
7776.00 1.58187e-02
7778.00 1.58577e-02
7780.00 1.58956e-02
7782.00 1.59209e-02
7784.00 1.59430e-02
7786.00 1.59588e-02
7788.00 1.59715e-02
7790.00 1.59874e-02
7792.00 1.60090e-02
7794.00 1.60174e-02
7796.00 1.60095e-02
7798.00 1.60126e-02
7800.00 1.60065e-02
7802.00 1.60038e-02
7804.00 1.59898e-02
7804.86 1.59841e-02
7806.00 1.59756e-02
7808.00 1.59502e-02
7810.00 1.59228e-02
7812.00 1.59036e-02
7814.00 1.58578e-02
7816.00 1.58340e-02
7818.00 1.57849e-02
7820.00 1.57374e-02
7822.00 1.56898e-02
7824.00 1.56402e-02
7826.00 1.55766e-02
7828.00 1.55198e-02
7830.00 1.54677e-02
7832.00 1.54119e-02
7834.00 1.53473e-02
7836.00 1.52881e-02
7838.00 1.52205e-02
7840.00 1.51544e-02
7842.00 1.50885e-02
7843.88 1.50176e-02
7844.00 1.50132e-02
7846.00 1.49471e-02
7848.00 1.48813e-02
7850.00 1.48031e-02
7852.00 1.47308e-02
7854.00 1.46513e-02
7856.00 1.45749e-02
7858.00 1.44874e-02
7860.00 1.43944e-02
7862.00 1.43023e-02
7864.00 1.42074e-02
7866.00 1.40966e-02
7868.00 1.40090e-02
7870.00 1.38979e-02
7872.00 1.37708e-02
7874.00 1.36548e-02
7876.00 1.35149e-02
7878.00 1.33818e-02
7880.00 1.32310e-02
7882.00 1.30960e-02
7883.10 1.30123e-02
7884.00 1.29407e-02
7886.00 1.27880e-02
7888.00 1.26279e-02
7890.00 1.24694e-02
7892.00 1.23229e-02
7894.00 1.21523e-02
7896.00 1.19863e-02
7898.00 1.18189e-02
7900.00 1.16523e-02
7902.00 1.14898e-02
7904.00 1.13140e-02
7906.00 1.11348e-02
7908.00 1.09561e-02
7910.00 1.07866e-02
7912.00 1.06098e-02
7914.00 1.04279e-02
7916.00 1.02461e-02
7918.00 1.00762e-02
7920.00 9.90854e-03
7922.00 9.72707e-03
7922.51 9.68550e-03
7924.00 9.57008e-03
7926.00 9.39305e-03
7928.00 9.22797e-03
7930.00 9.06903e-03
7932.00 8.90868e-03
7934.00 8.76343e-03
7936.00 8.60778e-03
7938.00 8.45405e-03
7940.00 8.31956e-03
7942.00 8.16829e-03
7944.00 8.02612e-03
7946.00 7.88223e-03
7948.00 7.74066e-03
7950.00 7.60713e-03
7952.00 7.46478e-03
7954.00 7.33128e-03
7956.00 7.20622e-03
7958.00 7.06349e-03
7960.00 6.91852e-03
7962.00 6.79732e-03
7962.13 6.78911e-03
7964.00 6.65649e-03
7966.00 6.51837e-03
7968.00 6.38926e-03
7970.00 6.25478e-03
7972.00 6.11876e-03
7974.00 5.99136e-03
7976.00 5.84713e-03
7978.00 5.71027e-03
7980.00 5.57201e-03
7982.00 5.44472e-03
7984.00 5.30224e-03
7986.00 5.17526e-03
7988.00 5.03045e-03
7990.00 4.90628e-03
7992.00 4.77320e-03
7994.00 4.65459e-03
7996.00 4.52650e-03
7998.00 4.40988e-03
8000.00 4.27853e-03
8001.94 4.17651e-03
8002.00 4.17317e-03
8004.00 4.05679e-03
8006.00 3.94842e-03
8008.00 3.83888e-03
8010.00 3.73682e-03
8012.00 3.63663e-03
8014.00 3.54778e-03
8016.00 3.45663e-03
8018.00 3.35800e-03
8020.00 3.27337e-03
8022.00 3.18179e-03
8024.00 3.10034e-03
8026.00 3.01749e-03
8028.00 2.94330e-03
8030.00 2.86345e-03
8032.00 2.77673e-03
8034.00 2.71380e-03
8036.00 2.63351e-03
8038.00 2.56389e-03
8040.00 2.49573e-03
8041.95 2.42723e-03
8042.00 2.42542e-03
8044.00 2.35834e-03
8046.00 2.29184e-03
8048.00 2.22719e-03
8050.00 2.17303e-03
8052.00 2.12562e-03
8054.00 2.05926e-03
8056.00 2.01594e-03
8058.00 1.96402e-03
8060.00 1.91197e-03
8062.00 1.86558e-03
8064.00 1.81756e-03
8066.00 1.77290e-03
8068.00 1.72182e-03
8070.00 1.67717e-03
8072.00 1.63392e-03
8074.00 1.59808e-03
8076.00 1.54881e-03
8078.00 1.50739e-03
8080.00 1.47385e-03
8082.00 1.42801e-03
8082.16 1.42462e-03
8084.00 1.39005e-03
8086.00 1.35248e-03
8088.00 1.31262e-03
8090.00 1.28058e-03
8092.00 1.24671e-03
8094.00 1.20743e-03
8096.00 1.18840e-03
8098.00 1.15841e-03
8100.00 1.13097e-03
8102.00 1.10334e-03
8104.00 1.08053e-03
8106.00 1.05915e-03
8108.00 1.03696e-03
8110.00 1.01356e-03
8112.00 9.90526e-04
8114.00 9.56622e-04
8116.00 9.39492e-04
8118.00 9.14666e-04
8120.00 8.87138e-04
8122.00 8.76485e-04
8122.57 8.67660e-04
8124.00 8.40679e-04
8126.00 8.25840e-04
8128.00 8.08088e-04
8130.00 7.84286e-04
8132.00 7.61010e-04
8134.00 7.41687e-04
8136.00 7.12194e-04
8138.00 6.96771e-04
8140.00 6.82523e-04
8142.00 6.66217e-04
8144.00 6.40205e-04
8146.00 6.27339e-04
8148.00 6.16568e-04
8150.00 5.89957e-04
8152.00 5.88941e-04
8154.00 5.62677e-04
8156.00 5.60045e-04
8158.00 5.40566e-04
8160.00 5.28200e-04
8162.00 5.22537e-04
8163.18 5.09120e-04
8164.00 4.99897e-04
8166.00 4.93029e-04
8168.00 4.87225e-04
8170.00 4.73387e-04
8172.00 4.62609e-04
8174.00 4.58217e-04
8176.00 4.45936e-04
8178.00 4.37519e-04
8180.00 4.28542e-04
8182.00 4.17346e-04
8184.00 4.11225e-04
8186.00 3.98573e-04
8188.00 3.95419e-04
8190.00 3.86099e-04
8192.00 3.88686e-04
8194.00 3.73241e-04
8196.00 3.76374e-04
8198.00 3.67548e-04
8200.00 3.67200e-04
8202.00 3.58848e-04
8204.00 3.52219e-04
8204.00 3.52215e-04
8206.00 3.52411e-04
8208.00 3.49138e-04
8210.00 3.39463e-04
8212.00 3.35260e-04
8214.00 3.39311e-04
8216.00 3.28442e-04
8218.00 3.28473e-04
8220.00 3.23694e-04
8222.00 3.07873e-04
8224.00 3.12175e-04
8226.00 3.04882e-04
8228.00 3.05597e-04
8230.00 2.91937e-04
8232.00 3.01342e-04
8234.00 2.91971e-04
8236.00 2.86851e-04
8238.00 2.84678e-04
8240.00 2.82077e-04
8242.00 2.79479e-04
8244.00 2.77319e-04
8245.02 2.77601e-04
8246.00 2.76927e-04
8248.00 2.71475e-04
8250.00 2.72087e-04
8252.00 2.61791e-04
8254.00 2.61593e-04
8256.00 2.59572e-04
8258.00 2.61566e-04
8260.00 2.52862e-04
8262.00 2.56292e-04
8264.00 2.51855e-04
8266.00 2.58845e-04
8268.00 2.36024e-04
8270.00 2.42172e-04
8272.00 2.48590e-04
8274.00 2.32233e-04
8276.00 2.35679e-04
8278.00 2.34225e-04
8280.00 2.26957e-04
8282.00 2.28438e-04
8284.00 2.30473e-04
8286.00 2.28210e-04
8286.24 2.27711e-04
8288.00 2.21656e-04
8290.00 2.11886e-04
8292.00 2.16742e-04
8294.00 2.17924e-04
8296.00 2.09135e-04
8298.00 2.17492e-04
8300.00 2.02706e-04
8302.00 2.08795e-04
8304.00 1.97979e-04
8306.00 2.00958e-04
8308.00 1.98446e-04
8310.00 1.91368e-04
8312.00 1.87333e-04
8314.00 1.84991e-04
8316.00 1.82851e-04
8318.00 1.87748e-04
8320.00 1.96562e-04
8322.00 1.92344e-04
8324.00 1.83705e-04
8326.00 1.86870e-04
8327.67 1.76601e-04
8328.00 1.75915e-04
8330.00 1.86641e-04
8332.00 1.78581e-04
8334.00 1.69478e-04
8336.00 1.80512e-04
8338.00 1.59388e-04
8340.00 1.67792e-04
8342.00 1.80355e-04
8344.00 1.76765e-04
8346.00 1.73636e-04
8348.00 1.63024e-04
8350.00 1.70296e-04
8352.00 1.65330e-04
8354.00 1.66198e-04
8356.00 1.60715e-04
8358.00 1.65737e-04
8360.00 1.64836e-04
8362.00 1.60289e-04
8364.00 1.63021e-04
8366.00 1.62085e-04
8368.00 1.59647e-04
8369.31 1.53211e-04
8370.00 1.49246e-04
8372.00 1.46133e-04
8374.00 1.59455e-04
8376.00 1.54002e-04
8378.00 1.65635e-04
8380.00 1.48370e-04
8382.00 1.56216e-04
8384.00 1.48892e-04
8386.00 1.51174e-04
8388.00 1.45391e-04
8390.00 1.56611e-04
8392.00 1.49933e-04
8394.00 1.52439e-04
8396.00 1.50929e-04
8398.00 1.34602e-04
8400.00 1.40696e-04
8402.00 1.40780e-04
8404.00 1.40673e-04
8406.00 1.34923e-04
8408.00 1.37395e-04
8410.00 1.40578e-04
8411.16 1.43174e-04
8412.00 1.43330e-04
8414.00 1.35255e-04
8416.00 1.35431e-04
8418.00 1.48323e-04
8420.00 1.45036e-04
8422.00 1.21700e-04
8424.00 1.37516e-04
8426.00 1.32377e-04
8428.00 1.22549e-04
8430.00 1.37483e-04
8432.00 1.36352e-04
8434.00 1.27542e-04
8436.00 1.33347e-04
8438.00 1.18121e-04
8440.00 1.22887e-04
8442.00 1.18458e-04
8444.00 1.18316e-04
8446.00 1.14971e-04
8448.00 1.23565e-04
8450.00 1.09768e-04
8452.00 1.23722e-04
8453.21 1.24449e-04
8454.00 1.20694e-04
8456.00 1.12198e-04
8458.00 1.19501e-04
8460.00 1.20234e-04
8462.00 1.06597e-04
8464.00 1.27427e-04
8466.00 1.11425e-04
8468.00 1.08681e-04
8470.00 1.11064e-04
8472.00 1.02641e-04
8474.00 1.18785e-04
8476.00 1.17717e-04
8478.00 1.16632e-04
8480.00 1.10408e-04
8482.00 1.16895e-04
8484.00 1.17885e-04
8486.00 1.08447e-04
8488.00 1.08943e-04
8490.00 1.14687e-04
8492.00 1.06414e-04
8494.00 1.15634e-04
8495.48 1.07059e-04
8496.00 1.04026e-04
8498.00 1.07048e-04
8500.00 1.08367e-04
8502.00 1.06534e-04
8504.00 1.11200e-04
8506.00 1.00565e-04
8508.00 9.31850e-05
8510.00 9.61489e-05
8512.00 9.98193e-05
8514.00 1.04777e-04
8516.00 9.94696e-05
8518.00 1.04013e-04
8520.00 9.36376e-05
8522.00 1.04767e-04
8524.00 1.00578e-04
8526.00 1.02238e-04
8528.00 9.51005e-05
8530.00 9.41794e-05
8532.00 9.26889e-05
8534.00 9.20835e-05
8536.00 9.65853e-05
8537.96 9.43266e-05
8538.00 9.41492e-05
8540.00 8.28341e-05
8542.00 7.64768e-05
8544.00 7.55880e-05
8546.00 7.08782e-05
8548.00 7.74214e-05
8550.00 8.61384e-05
8552.00 7.99353e-05
8554.00 7.75664e-05
8556.00 6.97908e-05
8558.00 8.62456e-05
8560.00 7.52194e-05
8562.00 8.25676e-05
8564.00 8.12030e-05
8566.00 8.73453e-05
8568.00 8.73004e-05
8570.00 9.50482e-05
8572.00 8.02886e-05
8574.00 8.67038e-05
8576.00 9.18979e-05
8578.00 1.00901e-04
8580.00 7.97314e-05
8580.65 8.43817e-05
8582.00 1.00130e-04
8584.00 8.43622e-05
8586.00 8.32194e-05
8588.00 8.33694e-05
8590.00 8.37409e-05
8592.00 9.44119e-05
8594.00 8.43300e-05
8596.00 8.50042e-05
8598.00 9.45045e-05
8600.00 9.61072e-05
8602.00 8.43146e-05
8604.00 8.97575e-05
8606.00 8.31540e-05
8608.00 8.59598e-05
8610.00 9.67864e-05
8612.00 1.03358e-04
8614.00 8.38964e-05
8616.00 8.09591e-05
8618.00 9.39604e-05
8620.00 8.37497e-05
8622.00 8.22294e-05
8623.55 8.90065e-05
8624.00 8.87927e-05
8626.00 7.55846e-05
8628.00 8.33148e-05
8630.00 9.07883e-05
8632.00 9.06826e-05
8634.00 9.31452e-05
8636.00 9.88019e-05
8638.00 7.87597e-05
8640.00 9.08620e-05
8642.00 7.84632e-05
8644.00 1.01515e-04
8646.00 9.10520e-05
8648.00 9.01452e-05
8650.00 7.81666e-05
8652.00 9.41061e-05
8654.00 9.63827e-05
8656.00 9.62928e-05
8658.00 9.25413e-05
8660.00 7.78582e-05
8662.00 9.13631e-05
8664.00 8.68811e-05
8666.00 8.21846e-05
8666.67 7.99421e-05
8668.00 8.00829e-05
8670.00 9.63094e-05
8672.00 8.78153e-05
8674.00 9.07151e-05
8676.00 1.01119e-04
8678.00 9.90700e-05
8680.00 9.49883e-05
8682.00 9.82758e-05
8684.00 9.33696e-05
8686.00 1.03992e-04
8688.00 1.05759e-04
8690.00 1.09316e-04
8692.00 1.18538e-04
8694.00 1.02227e-04
8696.00 1.09569e-04
8698.00 1.14394e-04
8700.00 1.13389e-04
8702.00 1.08788e-04
8704.00 9.82794e-05
8706.00 1.09141e-04
8708.00 1.15090e-04
8710.00 1.19951e-04
8710.00 1.19952e-04
8712.00 1.15617e-04
8714.00 1.01476e-04
8716.00 1.06009e-04
8718.00 9.77240e-05
8720.00 1.09495e-04
8722.00 1.06855e-04
8724.00 1.04981e-04
8726.00 1.10754e-04
8728.00 1.15227e-04
8730.00 1.21040e-04
8732.00 1.10373e-04
8734.00 8.78545e-05
8736.00 1.16998e-04
8738.00 8.92538e-05
8740.00 1.20844e-04
8742.00 9.35582e-05
8744.00 1.07954e-04
8746.00 9.65516e-05
8748.00 9.93497e-05
8750.00 1.03448e-04
8752.00 1.05340e-04
8753.55 1.02789e-04
8754.00 1.02100e-04
8756.00 1.03068e-04
8758.00 1.08253e-04
8760.00 1.05923e-04
8762.00 8.74680e-05
8764.00 1.06547e-04
8766.00 9.96714e-05
8768.00 1.10557e-04
8770.00 9.93485e-05
8772.00 9.60481e-05
8774.00 8.97015e-05
8776.00 9.16290e-05
8778.00 1.01843e-04
8780.00 1.01794e-04
8782.00 1.05155e-04
8784.00 8.98154e-05
8786.00 9.01365e-05
8788.00 7.63703e-05
8790.00 8.39869e-05
8792.00 7.25827e-05
8794.00 5.62652e-05
8796.00 6.77000e-05
8797.32 7.41898e-05
8798.00 7.22895e-05
8800.00 5.76462e-05
8802.00 7.55988e-05
8804.00 6.18175e-05
8806.00 8.56903e-05
8808.00 6.23952e-05
8810.00 7.37896e-05
8812.00 6.26622e-05
8814.00 7.75004e-05
8816.00 4.58200e-05
8818.00 4.98676e-05
8820.00 6.63565e-05
8822.00 7.83149e-05
8824.00 6.50928e-05
8826.00 7.12440e-05
8828.00 7.88029e-05
8830.00 7.18230e-05
8832.00 8.10759e-05
8834.00 7.32533e-05
8836.00 8.04539e-05
8838.00 8.94939e-05
8840.00 8.71556e-05
8841.31 7.49433e-05
8842.00 6.90950e-05
8844.00 6.45226e-05
8846.00 5.43529e-05
8848.00 5.16072e-05
8850.00 1.06624e-04
8852.00 8.76813e-05
8854.00 6.33281e-05
8856.00 8.98788e-05
8858.00 8.07035e-05
8860.00 5.62017e-05
8862.00 7.10412e-05
8864.00 9.28629e-05
8866.00 1.04298e-04
8868.00 9.72555e-05
8870.00 9.36210e-05
8872.00 6.36546e-05
8874.00 8.32324e-05
8876.00 7.47551e-05
8878.00 8.81191e-05
8880.00 7.57663e-05
8882.00 7.27501e-05
8884.00 7.90202e-05
8885.51 5.73281e-05
8886.00 4.99463e-05
8888.00 4.90722e-05
8890.00 8.44471e-05
8892.00 7.71084e-05
8894.00 5.40067e-05
8896.00 1.06797e-04
8898.00 1.15632e-04
8900.00 6.47799e-05
8902.00 5.65319e-05
8904.00 4.51466e-05
8906.00 6.73546e-05
8908.00 7.59746e-05
8910.00 8.03549e-05
8912.00 8.02033e-05
8914.00 6.50428e-05
8916.00 8.98534e-05
8918.00 5.94892e-05
8920.00 5.93240e-05
8922.00 1.15401e-04
8924.00 7.04072e-05
8926.00 4.99887e-05
8928.00 7.77147e-05
8929.94 8.28174e-05
8930.00 8.36822e-05
8932.00 1.16585e-04
8934.00 7.08999e-05
8936.00 1.28379e-04
8938.00 1.15324e-04
8940.00 8.90750e-05
8942.00 6.25214e-05
8944.00 5.62523e-05
8946.00 8.06957e-05
8948.00 4.40925e-05
8950.00 9.10476e-05
8952.00 6.48503e-05
8954.00 8.73141e-05
8956.00 9.22180e-05
8958.00 6.24529e-05
8960.00 8.42589e-05
8962.00 1.02135e-04
8964.00 1.16996e-04
8966.00 8.74314e-05
8968.00 8.76909e-05
8970.00 2.82551e-05
8972.00 3.78262e-05
8974.00 7.14584e-05
8974.59 7.26903e-05
8976.00 6.71612e-05
8978.00 7.66986e-05
8980.00 8.78903e-05
8982.00 7.49742e-05
8984.00 4.88374e-05
8986.00 3.03393e-05
8988.00 9.76390e-05
8990.00 5.85383e-05
8992.00 9.68153e-05
8994.00 1.13879e-04
8996.00 9.10974e-05
8998.00 9.65481e-05
9000.00 5.79398e-05
