##### EXOPHOT SPECTRAL OVERLAP FILE #####
# Date: 12/03/2021 13:30:09
# SED file: g2v.txt
# atmosphere file: g2v_psg_weaklyOxidazing_trn.txt
# photopigment file: BChl_b.txt
# Stellar radius (Rs in km): 696340
# Exoplanet semi-major axis (sma in km): 149600000.0
# Absorption rate (s^-1): 1.44682e+01
## Wavelength (Angstrom)  Overlapped Spectra (A^-1 s^-1)
3041.74 3.15012e-04
3050.00 3.30722e-04
3055.94 3.46974e-04
3070.00 3.79472e-04
3071.22 3.80210e-04
3072.03 3.80447e-04
3086.58 3.76331e-04
3090.00 3.81695e-04
3102.01 4.37116e-04
3103.47 4.45206e-04
3110.00 4.75819e-04
3117.52 4.89189e-04
3130.00 4.78095e-04
3133.11 4.74295e-04
3146.34 4.76086e-04
3148.77 4.81683e-04
3150.00 4.85344e-04
3164.52 5.46903e-04
3170.00 5.56187e-04
3180.34 5.28387e-04
3190.00 5.09814e-04
3196.24 5.32559e-04
3206.35 5.82488e-04
3210.00 5.85760e-04
3212.22 5.80342e-04
3228.29 4.96166e-04
3230.00 4.97303e-04
3244.43 6.45995e-04
3250.00 7.27684e-04
3260.65 8.45073e-04
3269.23 8.97410e-04
3270.00 9.00289e-04
3276.95 9.14260e-04
3290.00 9.03467e-04
3293.34 8.98221e-04
3309.80 8.86128e-04
3310.00 8.86253e-04
3326.35 9.22934e-04
3330.00 9.36333e-04
3332.11 9.44503e-04
3342.98 9.69444e-04
3350.00 9.42224e-04
3359.70 8.30090e-04
3370.00 7.38182e-04
3376.50 7.60253e-04
3386.41 8.64827e-04
3390.00 9.00022e-04
3393.38 9.23086e-04
3410.00 9.61820e-04
3410.35 9.62766e-04
3427.40 1.05347e-03
3428.47 1.06030e-03
3430.00 1.06997e-03
3444.54 1.15207e-03
3450.00 1.18203e-03
3455.00 1.21133e-03
3461.76 1.25726e-03
3470.00 1.32849e-03
3472.72 1.35678e-03
3479.07 1.43139e-03
3490.00 1.58352e-03
3491.34 1.60378e-03
3496.46 1.68054e-03
3507.02 1.79820e-03
3510.00 1.81021e-03
3513.95 1.80552e-03
3523.60 1.76064e-03
3530.00 1.78926e-03
3531.51 1.81355e-03
3543.60 2.15882e-03
3549.17 2.28677e-03
3550.00 2.29453e-03
3552.18 2.29505e-03
3566.47 1.88282e-03
3566.92 1.86898e-03
3570.00 1.79117e-03
3578.72 1.75636e-03
3584.75 1.84866e-03
3590.00 1.97604e-03
3592.19 2.03740e-03
3602.68 2.35651e-03
3603.62 2.38307e-03
3610.00 2.53466e-03
3617.91 2.67187e-03
3620.69 2.71563e-03
3626.49 2.78903e-03
3630.00 2.81126e-03
3638.79 2.90513e-03
3639.96 2.94416e-03
3640.00 2.94568e-03
3650.00 3.52565e-03
3651.39 3.59792e-03
3656.99 3.79312e-03
3669.36 3.84340e-03
3670.00 3.83811e-03
3675.27 3.78802e-03
3690.00 3.79052e-03
3693.65 3.87345e-03
3707.00 4.13155e-03
3710.00 4.08544e-03
3712.12 4.01255e-03
3730.00 2.98257e-03
3730.68 2.96282e-03
3749.33 3.32114e-03
3749.38 3.32333e-03
3750.00 3.34964e-03
3768.08 3.96868e-03
3770.00 4.00093e-03
3771.61 4.02074e-03
3786.92 4.05306e-03
3789.39 4.06435e-03
3790.00 4.06865e-03
3805.85 4.05537e-03
3806.54 4.03113e-03
3810.00 3.85463e-03
3817.98 3.14823e-03
3824.88 2.52111e-03
3830.00 2.26105e-03
3832.27 2.23816e-03
3844.01 2.69204e-03
3846.56 2.82001e-03
3850.00 2.95273e-03
3863.23 2.92282e-03
3863.70 2.91369e-03
3870.00 2.80945e-03
3880.85 2.87065e-03
3882.54 2.91345e-03
3890.00 3.21499e-03
3900.86 3.79539e-03
3901.96 3.83086e-03
3910.00 3.74148e-03
3921.46 2.53443e-03
3930.00 1.95548e-03
3938.01 2.41578e-03
3941.07 2.72272e-03
3950.00 3.33429e-03
3960.78 2.73914e-03
3970.00 2.32785e-03
3980.58 3.38500e-03
3990.00 4.68549e-03
3991.36 4.81457e-03
4000.48 5.20767e-03
4010.00 5.20591e-03
4015.59 5.25580e-03
4020.49 5.35535e-03
4023.75 5.43151e-03
4030.00 5.55649e-03
4035.19 5.62794e-03
4040.59 5.67814e-03
4045.48 5.70939e-03
4050.00 5.72835e-03
4055.19 5.73217e-03
4060.79 5.74028e-03
4067.80 5.83953e-03
4070.00 5.90847e-03
4081.10 6.50426e-03
4089.44 6.89761e-03
4090.00 6.91254e-03
4101.50 6.88428e-03
4110.00 6.71267e-03
4122.01 6.64295e-03
4128.19 6.59874e-03
4130.00 6.57202e-03
4138.08 6.38102e-03
4142.62 6.25908e-03
4146.65 6.15901e-03
4150.00 6.08820e-03
4155.14 6.01386e-03
4160.94 5.86462e-03
4163.33 5.69610e-03
4163.80 5.66523e-03
4170.00 5.47839e-03
4171.42 5.45279e-03
4180.37 5.12208e-03
4184.15 4.94712e-03
4188.38 4.77796e-03
4190.00 4.72865e-03
4200.14 4.57545e-03
4205.07 4.51448e-03
4210.00 4.41730e-03
4211.43 4.37926e-03
4220.39 4.09000e-03
4226.10 3.92775e-03
4230.00 3.84107e-03
4232.39 3.79769e-03
4245.86 3.58690e-03
4247.23 3.56541e-03
4250.00 3.51829e-03
4261.54 3.25500e-03
4268.46 3.08078e-03
4270.00 3.04570e-03
4280.03 2.84470e-03
4289.80 2.57034e-03
4290.00 2.56289e-03
4295.27 2.33877e-03
4309.56 1.97270e-03
4310.00 1.97737e-03
4311.25 1.99792e-03
4326.71 2.60249e-03
4330.00 2.67537e-03
4332.81 2.68776e-03
4346.71 2.42037e-03
4350.00 2.37282e-03
4354.47 2.36367e-03
4370.00 2.43847e-03
4371.80 2.41950e-03
4376.25 2.33880e-03
4390.00 2.03497e-03
4392.85 2.00577e-03
4398.13 1.99221e-03
4410.00 2.05458e-03
4418.98 2.08873e-03
4420.12 2.08974e-03
4430.00 2.06058e-03
4442.22 1.95000e-03
4448.65 1.89903e-03
4450.00 1.89170e-03
4464.43 1.86543e-03
4470.00 1.84759e-03
4483.90 1.74987e-03
4486.75 1.73655e-03
4490.00 1.73044e-03
4509.19 1.76298e-03
4510.00 1.75801e-03
4523.91 1.57150e-03
4530.00 1.49343e-03
4531.73 1.47833e-03
4550.00 1.46943e-03
4554.39 1.48546e-03
4570.00 1.50038e-03
4577.16 1.45956e-03
4578.21 1.45186e-03
4590.00 1.37495e-03
4600.05 1.36300e-03
4610.00 1.36618e-03
4623.05 1.33268e-03
4630.00 1.31014e-03
4641.09 1.28994e-03
4646.16 1.28655e-03
4650.00 1.28577e-03
4669.39 1.28289e-03
4670.00 1.28216e-03
4690.00 1.22124e-03
4692.74 1.20818e-03
4703.97 1.15726e-03
4710.00 1.14193e-03
4716.20 1.14090e-03
4730.00 1.15863e-03
4739.79 1.15649e-03
4750.00 1.14293e-03
4763.48 1.12349e-03
4766.84 1.11882e-03
4770.00 1.11449e-03
4787.30 1.08904e-03
4790.00 1.08426e-03
4810.00 1.05318e-03
4811.24 1.05270e-03
4829.72 1.05173e-03
4830.00 1.05144e-03
4835.29 1.04233e-03
4850.00 9.74376e-04
4859.47 9.01448e-04
4870.00 8.57008e-04
4883.77 9.19856e-04
4890.00 9.51315e-04
4892.60 9.57739e-04
4908.19 9.31900e-04
4910.00 9.25703e-04
4930.00 8.75289e-04
4932.73 8.72934e-04
4950.00 8.71173e-04
4955.48 8.67876e-04
4957.39 8.65784e-04
4970.00 8.35871e-04
4982.18 7.78854e-04
4990.00 7.37206e-04
5007.09 6.68749e-04
5010.00 6.63456e-04
5018.35 6.59229e-04
5030.00 6.54784e-04
5032.12 6.51235e-04
5050.00 6.07391e-04
5057.29 5.99325e-04
5070.00 5.83078e-04
5081.23 5.45486e-04
5082.57 5.40487e-04
5090.00 5.16150e-04
5107.98 4.86362e-04
5110.00 4.83004e-04
5130.00 4.39262e-04
5133.52 4.32903e-04
5144.11 4.15654e-04
5150.00 4.03930e-04
5159.19 3.79932e-04
5170.00 3.55963e-04
5184.99 3.55655e-04
5190.00 3.63704e-04
5206.98 4.03417e-04
5210.00 4.08618e-04
5210.91 4.09884e-04
5230.00 4.25235e-04
5236.97 4.38133e-04
5250.00 4.52839e-04
5263.15 4.26457e-04
5269.86 4.20396e-04
5270.00 4.20484e-04
5289.47 4.99081e-04
5290.00 5.01766e-04
5310.00 5.57721e-04
5315.92 5.53040e-04
5330.00 5.42872e-04
5332.74 5.48582e-04
5342.50 5.89115e-04
5350.00 6.23568e-04
5369.21 6.58218e-04
5370.00 6.59048e-04
5390.00 6.80173e-04
5395.61 6.79601e-04
5396.05 6.79423e-04
5410.00 6.74766e-04
5423.03 6.89930e-04
5430.00 7.02499e-04
5450.00 7.26615e-04
5450.15 7.26661e-04
5458.49 7.25939e-04
5470.00 7.22256e-04
5477.40 7.23969e-04
5490.00 7.34888e-04
5504.79 7.56776e-04
5510.00 7.67090e-04
5521.37 7.95865e-04
5530.00 8.25568e-04
5532.31 8.34883e-04
5550.00 9.12566e-04
5559.97 9.47993e-04
5570.00 9.78904e-04
5575.67 9.97466e-04
5587.77 1.05216e-03
5590.00 1.06648e-03
5610.00 1.26475e-03
5615.71 1.33583e-03
5619.18 1.38196e-03
5630.00 1.54456e-03
5643.79 1.76811e-03
5644.26 1.77514e-03
5650.00 1.85347e-03
5665.09 2.04259e-03
5670.00 2.12686e-03
5672.01 2.16710e-03
5689.04 2.55866e-03
5690.00 2.57799e-03
5700.37 2.74590e-03
5710.00 2.90562e-03
5711.63 2.94094e-03
5728.87 3.39915e-03
5730.00 3.42654e-03
5732.86 3.49032e-03
5750.00 3.80670e-03
5750.01 3.80691e-03
5757.52 3.96639e-03
5770.00 4.19333e-03
5786.30 4.23348e-03
5790.00 4.23470e-03
5805.79 4.32056e-03
5810.00 4.34675e-03
5815.23 4.36824e-03
5830.00 4.32506e-03
5844.31 4.13361e-03
5847.18 4.09491e-03
5850.00 4.06172e-03
5870.00 3.80007e-03
5873.53 3.69845e-03
5876.72 3.59373e-03
5890.00 3.20872e-03
5895.77 3.14514e-03
5902.90 3.11909e-03
5910.00 3.06683e-03
5915.78 2.95803e-03
5927.21 2.63591e-03
5930.00 2.56399e-03
5932.41 2.50801e-03
5944.36 2.27100e-03
5950.00 2.15394e-03
5962.08 1.89678e-03
5964.36 1.85285e-03
5970.00 1.75691e-03
5990.00 1.50665e-03
5990.90 1.49670e-03
5991.89 1.48583e-03
6010.00 1.29119e-03
6021.85 1.18083e-03
6030.00 1.11500e-03
6030.10 1.11426e-03
6050.00 9.77752e-04
6051.96 9.64564e-04
6070.00 8.40220e-04
6078.69 7.81466e-04
6082.21 7.58857e-04
6090.00 7.13351e-04
6110.00 6.15484e-04
6112.63 6.01822e-04
6130.00 5.18312e-04
6138.70 4.91877e-04
6143.19 4.79889e-04
6150.00 4.59494e-04
6170.00 3.90777e-04
6173.91 3.83270e-04
6190.00 3.66530e-04
6201.58 3.50590e-04
6204.77 3.45730e-04
6210.00 3.38085e-04
6230.00 3.14630e-04
6235.80 3.08723e-04
6250.00 3.01036e-04
6264.46 3.09128e-04
6266.98 3.11094e-04
6270.00 3.13231e-04
6290.00 3.17002e-04
6298.31 3.14056e-04
6310.00 3.09626e-04
6327.33 3.08354e-04
6329.80 3.08086e-04
6330.00 3.08058e-04
6350.00 3.01191e-04
6361.45 2.96043e-04
6370.00 2.94229e-04
6390.00 2.99716e-04
6390.21 2.99794e-04
6393.26 3.00893e-04
6410.00 3.11183e-04
6425.23 3.35051e-04
6430.00 3.43248e-04
6450.00 3.71245e-04
6453.09 3.75724e-04
6457.35 3.82130e-04
6470.00 3.99714e-04
6489.64 4.18736e-04
6490.00 4.19171e-04
6510.00 4.48322e-04
6515.97 4.54403e-04
6522.09 4.58809e-04
6530.00 4.63391e-04
6550.00 4.60291e-04
6554.70 4.49650e-04
6570.00 4.22417e-04
6578.84 4.41940e-04
6587.47 4.72414e-04
6590.00 4.79692e-04
6610.00 4.91854e-04
6620.41 4.91429e-04
6630.00 4.92926e-04
6641.72 4.95007e-04
6650.00 4.94767e-04
6653.51 4.93925e-04
6670.00 4.91040e-04
6686.78 4.99362e-04
6690.00 5.00072e-04
6704.60 4.96075e-04
6710.00 4.95700e-04
6720.21 5.01627e-04
6730.00 5.09584e-04
6750.00 5.17419e-04
6753.81 5.19796e-04
6767.47 5.32512e-04
6770.00 5.35221e-04
6787.58 5.53864e-04
6790.00 5.56359e-04
6810.00 5.80040e-04
6821.52 6.00010e-04
6830.00 6.13161e-04
6830.35 6.13593e-04
6850.00 6.32811e-04
6855.63 6.42516e-04
6870.00 6.76597e-04
6889.91 7.26357e-04
6890.00 7.26604e-04
6893.23 7.35266e-04
6910.00 7.86446e-04
6924.36 8.39293e-04
6930.00 8.61719e-04
6950.00 9.45662e-04
6956.10 9.72924e-04
6958.98 9.86072e-04
6970.00 1.03876e-03
6990.00 1.13436e-03
6993.77 1.14839e-03
7010.00 1.20947e-03
7016.12 1.24464e-03
7028.74 1.33407e-03
7030.00 1.34314e-03
7050.00 1.47177e-03
7063.88 1.55130e-03
7070.00 1.58569e-03
7070.43 1.58808e-03
7090.00 1.70227e-03
7099.20 1.75910e-03
7110.00 1.81928e-03
7127.59 1.88492e-03
7130.00 1.89233e-03
7134.70 1.90689e-03
7150.00 1.95813e-03
7170.00 2.01471e-03
7170.37 2.01494e-03
7190.00 2.00816e-03
7190.46 2.00879e-03
7206.23 2.05902e-03
7210.00 2.07063e-03
7230.00 2.08705e-03
7242.26 2.09231e-03
7250.00 2.09612e-03
7253.34 2.09717e-03
7270.00 2.07916e-03
7278.47 2.04706e-03
7290.00 2.00900e-03
7310.00 2.01331e-03
7314.86 2.00860e-03
7316.22 2.00639e-03
7330.00 1.97659e-03
7350.00 1.95950e-03
7351.43 1.95927e-03
7370.00 1.95221e-03
7379.09 1.93939e-03
7388.19 1.92701e-03
7390.00 1.92542e-03
7410.00 1.94385e-03
7425.13 2.00394e-03
7430.00 2.02472e-03
7441.97 2.06821e-03
7450.00 2.09843e-03
7462.26 2.15778e-03
7470.00 2.19642e-03
7490.00 2.29194e-03
7496.27 2.33558e-03
7499.57 2.36217e-03
7510.00 2.45569e-03
7530.00 2.63681e-03
7536.29 2.69142e-03
7537.07 2.69795e-03
7550.00 2.79522e-03
7570.00 2.95118e-03
7570.99 2.96216e-03
7574.75 3.00834e-03
7590.00 3.24482e-03
7593.04 3.29641e-03
7608.69 3.56728e-03
7610.00 3.59016e-03
7612.63 3.63637e-03
7629.78 3.97319e-03
7630.00 3.97803e-03
7647.75 4.36667e-03
7650.00 4.40246e-03
7650.69 4.41257e-03
7662.61 4.60143e-03
7670.00 4.81639e-03
7675.51 5.01864e-03
7687.76 5.50165e-03
7688.94 5.55688e-03
7690.00 5.60715e-03
7696.34 5.87681e-03
7710.00 6.19415e-03
7710.63 6.21589e-03
7718.25 6.55915e-03
7727.39 6.92986e-03
7727.77 6.94674e-03
7730.00 7.04969e-03
7736.35 7.35383e-03
7747.78 7.79418e-03
7750.00 7.87686e-03
7756.35 8.23948e-03
7761.25 8.66521e-03
7766.03 8.89526e-03
7770.00 9.07273e-03
7771.87 9.21157e-03
7776.36 9.66700e-03
7782.08 9.95517e-03
7789.22 1.03466e-02
7790.00 1.03896e-02
7798.82 1.08621e-02
7803.99 1.12409e-02
7804.86 1.13195e-02
7807.80 1.15720e-02
7810.00 1.16947e-02
7814.47 1.18993e-02
7819.23 1.22620e-02
7826.09 1.26204e-02
7830.00 1.28348e-02
7834.95 1.31266e-02
7843.05 1.36164e-02
7843.88 1.36835e-02
7847.81 1.39968e-02
7850.00 1.41200e-02
7853.53 1.43622e-02
7856.39 1.46812e-02
7862.10 1.50670e-02
7867.82 1.54350e-02
7870.00 1.55648e-02
7876.39 1.58700e-02
7883.10 1.61198e-02
7887.82 1.62876e-02
7890.00 1.63696e-02
7897.62 1.66893e-02
7906.40 1.70694e-02
7910.00 1.71880e-02
7918.14 1.73545e-02
7922.51 1.74037e-02
7930.00 1.74586e-02
7950.00 1.76288e-02
7956.15 1.76963e-02
7962.13 1.77531e-02
7970.00 1.77750e-02
7990.00 1.73503e-02
7991.67 1.72818e-02
8001.94 1.68309e-02
8004.05 1.67569e-02
8010.00 1.65343e-02
8012.44 1.63471e-02
8015.86 1.59771e-02
8025.96 1.55132e-02
8030.00 1.52070e-02
8031.68 1.50661e-02
8040.89 1.45175e-02
8041.95 1.44701e-02
8047.87 1.40397e-02
8050.00 1.37834e-02
8050.73 1.37290e-02
8058.16 1.34666e-02
8059.31 1.31195e-02
8066.45 1.28352e-02
8070.00 1.26574e-02
8072.64 1.23785e-02
8077.60 1.19209e-02
8082.16 1.16604e-02
8084.46 1.15016e-02
8087.89 1.11210e-02
8090.00 1.08166e-02
8090.75 1.07237e-02
8098.37 1.02810e-02
8102.18 9.88380e-03
8107.89 9.59691e-03
8110.00 9.45724e-03
8112.66 9.21412e-03
8116.47 8.82716e-03
8122.18 8.45953e-03
8122.57 8.44130e-03
8127.90 8.07688e-03
8130.00 7.81525e-03
8130.76 7.72828e-03
8137.43 7.35246e-03
8143.62 6.87626e-03
8150.00 6.57774e-03
8150.76 6.51753e-03
8153.62 6.22089e-03
8158.39 5.82916e-03
8163.18 5.52536e-03
8165.46 5.44451e-03
8170.00 5.38791e-03
8174.58 5.00042e-03
8176.49 4.65620e-03
8188.49 4.23612e-03
8190.00 4.22778e-03
8197.45 3.86360e-03
8201.26 3.52491e-03
8204.00 3.35843e-03
8210.00 3.20123e-03
8213.64 3.13418e-03
8226.03 2.61124e-03
8230.00 2.43404e-03
8236.51 2.19531e-03
8245.02 1.97864e-03
8250.00 1.88130e-03
8256.10 1.76686e-03
8270.00 1.47777e-03
8270.80 1.46204e-03
8286.24 1.20520e-03
8290.00 1.14838e-03
8290.40 1.14229e-03
8310.00 8.53441e-04
8313.67 8.08041e-04
8327.67 6.72765e-04
8330.00 6.54940e-04
8350.00 5.33668e-04
8356.54 4.99846e-04
8369.31 4.29459e-04
8370.00 4.25445e-04
8390.00 3.12780e-04
8407.99 2.38267e-04
8410.00 2.31118e-04
8411.16 2.27080e-04
8430.00 1.73550e-04
8450.00 1.44166e-04
8453.21 1.40710e-04
8455.46 1.38387e-04
8470.00 1.25637e-04
8490.00 1.12036e-04
8495.48 1.07183e-04
8503.23 1.00233e-04
8510.00 9.54523e-05
8530.00 8.11053e-05
8537.96 6.73444e-05
8550.00 4.63932e-05
8562.32 2.80431e-05
