# Optical absorption spectrum of Bchla
#
#Wavelength (nm) Molar Extinction (cm-1/M) 1E5
253.699520	0.000000
253.870540	0.000000
254.041550	0.000000
254.212560	0.000000
254.383570	0.000000
254.554590	0.000000
254.725600	0.000000
254.896610	0.000000
255.067630	0.000000
255.238640	0.000000
255.409650	0.000000
255.580660	0.000000
255.751680	0.000000
255.922690	0.000000
256.093700	0.000000
256.264710	0.000000
256.435730	0.000000
256.606740	0.000000
256.777750	0.000000
256.948770	0.000000
257.119780	0.000000
257.290790	0.000000
257.461800	0.000000
257.632820	0.000000
257.803830	0.000000
257.974840	0.000000
258.145850	0.000000
258.316870	0.000000
258.487880	0.000000
258.658890	0.000000
258.829910	0.000000
259.000920	0.000000
259.171930	0.000000
259.342940	0.000000
259.513960	0.000000
259.684970	0.000000
259.855980	0.000000
260.026990	0.000000
260.198010	0.000000
260.369020	0.000000
260.540030	0.000000
260.711050	0.000000
260.882060	0.000000
261.053070	0.000000
261.224080	0.000000
261.395100	0.000000
261.566110	0.000000
261.737120	0.000000
261.908130	0.000000
262.079150	0.000000
262.250160	0.000000
262.421170	0.000000
262.592190	0.000000
262.763200	0.000000
262.934210	0.000000
263.105220	0.000000
263.276240	0.000000
263.447250	0.000000
263.618260	0.000000
263.789270	0.000000
263.960290	0.000000
264.131300	0.000000
264.302310	0.000000
264.473330	0.000000
264.644340	0.000000
264.815350	0.000000
264.986360	0.000000
265.157380	0.000000
265.328390	0.000000
265.499400	0.000000
265.670410	0.000000
265.841430	0.000000
266.012440	0.000000
266.183450	0.000000
266.354470	0.000000
266.525480	0.000000
266.696490	0.000000
266.867500	0.000000
267.038520	0.000000
267.209530	0.000000
267.380540	0.000000
267.551550	0.000000
267.722570	0.000000
267.893580	0.000000
268.064590	0.000000
268.235610	0.000000
268.406620	0.000000
268.577630	0.000000
268.748640	0.000000
268.919660	0.000000
269.090670	0.000000
269.261680	0.000000
269.432690	0.000000
269.603710	0.000000
269.774720	0.000000
269.945730	0.000000
270.116750	0.000000
270.287760	0.000000
270.458770	0.000000
270.629780	0.000000
270.800800	0.000000
270.971810	0.000000
271.142820	0.000000
271.313830	0.000000
271.484850	0.000000
271.655860	0.000000
271.826870	0.000000
271.997890	0.000000
272.168900	0.000000
272.339910	0.000000
272.510920	0.000000
272.681940	0.000000
272.852950	0.000000
273.023960	0.000000
273.194970	0.000000
273.365990	0.000000
273.537000	0.000000
273.708010	0.000000
273.879030	0.000000
274.050040	0.000000
274.221050	0.000000
274.392060	0.000000
274.563080	0.000000
274.734090	0.000000
274.905100	0.000000
275.076110	0.000000
275.247130	0.000000
275.418140	0.000000
275.589150	0.000000
275.760170	0.000000
275.931180	0.000000
276.102190	0.000000
276.273200	0.000000
276.444220	0.000000
276.615230	0.000000
276.786240	0.000000
276.957250	0.000000
277.128270	0.000000
277.299280	0.000000
277.470290	0.000000
277.641310	0.000000
277.812320	0.000000
277.983330	0.000000
278.154340	0.000000
278.325360	0.000000
278.496370	0.000000
278.667380	0.000000
278.838390	0.000000
279.009410	0.000000
279.180420	0.000000
279.351430	0.000000
279.522440	0.000000
279.693460	0.000000
279.864470	0.000000
280.035480	0.000000
280.206500	0.000000
280.377510	0.000000
280.548520	0.000000
280.719530	0.000000
280.890550	0.000000
281.061560	0.000000
281.232570	0.000000
281.403580	0.000000
281.574600	0.000000
281.745610	0.000000
281.916620	0.000000
282.087640	0.000000
282.258650	0.000000
282.429660	0.000000
282.600670	0.000000
282.771690	0.000000
282.942700	0.000000
283.113710	0.000001
283.284720	0.000001
283.455740	0.000001
283.626750	0.000002
283.797760	0.000003
283.968780	0.000004
284.139790	0.000005
284.310800	0.000007
284.481810	0.000010
284.652830	0.000013
284.823840	0.000018
284.994850	0.000024
285.165860	0.000032
285.336880	0.000042
285.507890	0.000056
285.678900	0.000073
285.849920	0.000095
286.020930	0.000123
286.191940	0.000159
286.362950	0.000203
286.533970	0.000258
286.704980	0.000325
286.875990	0.000409
287.047000	0.000510
287.218020	0.000632
287.389030	0.000780
287.560040	0.000956
287.731060	0.001165
287.902070	0.001411
288.073080	0.001698
288.244090	0.002033
288.415110	0.002419
288.586120	0.002862
288.757130	0.003367
288.928140	0.003937
289.099160	0.004578
289.270170	0.005292
289.441180	0.006083
289.612200	0.006952
289.783210	0.007899
289.954220	0.008926
290.125230	0.010028
290.296250	0.011204
290.467260	0.012447
290.638270	0.013751
290.809280	0.015107
290.980300	0.016505
291.151310	0.017933
291.322320	0.019376
291.493340	0.020821
291.664350	0.022251
291.835360	0.023650
292.006370	0.025001
292.177390	0.026285
292.348400	0.027486
292.519410	0.028588
292.690420	0.029575
292.861440	0.030432
293.032450	0.031148
293.203460	0.031712
293.374480	0.032115
293.545490	0.032352
293.716500	0.032421
293.887510	0.032319
294.058530	0.032050
294.229540	0.031618
294.400550	0.031031
294.571560	0.030298
294.742580	0.029430
294.913590	0.028440
295.084600	0.027344
295.255620	0.026156
295.426630	0.024893
295.597640	0.023572
295.768650	0.022208
295.939670	0.020819
296.110680	0.019418
296.281690	0.018022
296.452700	0.016644
296.623720	0.015294
296.794730	0.013985
296.965740	0.012725
297.136760	0.011522
297.307770	0.010382
297.478780	0.009310
297.649790	0.008307
297.820810	0.007377
297.991820	0.006520
298.162830	0.005734
298.333840	0.005019
298.504860	0.004373
298.675870	0.003791
298.846880	0.003272
299.017900	0.002810
299.188910	0.002402
299.359920	0.002044
299.530930	0.001731
299.701950	0.001459
299.872960	0.001224
300.043970	0.001022
300.214980	0.000850
300.386000	0.000703
300.557010	0.000579
300.728020	0.000475
300.899040	0.000388
301.070050	0.000315
301.241060	0.000255
301.412070	0.000205
301.583090	0.000165
301.754100	0.000131
301.925110	0.000104
302.096120	0.000083
302.267140	0.000065
302.438150	0.000051
302.609160	0.000040
302.780180	0.000031
302.951190	0.000024
303.122200	0.000018
303.293210	0.000014
303.464230	0.000011
303.635240	0.000008
303.806250	0.000006
303.977260	0.000005
304.148280	0.000004
304.319290	0.000003
304.490300	0.000002
304.661320	0.000001
304.832330	0.000001
305.003340	0.000001
305.174350	0.000001
305.345370	0.000000
305.516380	0.000000
305.687390	0.000000
305.858400	0.000000
306.029420	0.000000
306.200430	0.000000
306.371440	0.000000
306.542460	0.000000
306.713470	0.000000
306.884480	0.000000
307.055490	0.000000
307.226510	0.000000
307.397520	0.000000
307.568530	0.000000
307.739540	0.000000
307.910560	0.000000
308.081570	0.000000
308.252580	0.000000
308.423590	0.000000
308.594610	0.000000
308.765620	0.000000
308.936630	0.000000
309.107650	0.000000
309.278660	0.000000
309.449670	0.000000
309.620680	0.000000
309.791700	0.000000
309.962710	0.000000
310.133720	0.000000
310.304730	0.000000
310.475750	0.000000
310.646760	0.000000
310.817770	0.000000
310.988790	0.000000
311.159800	0.000000
311.330810	0.000000
311.501820	0.000000
311.672840	0.000000
311.843850	0.000000
312.014860	0.000000
312.185870	0.000000
312.356890	0.000000
312.527900	0.000000
312.698910	0.000000
312.869930	0.000000
313.040940	0.000000
313.211950	0.000000
313.382960	0.000000
313.553980	0.000000
313.724990	0.000000
313.896000	0.000000
314.067010	0.000000
314.238030	0.000000
314.409040	0.000000
314.580050	0.000000
314.751070	0.000000
314.922080	0.000000
315.093090	0.000000
315.264100	0.000000
315.435120	0.000000
315.606130	0.000000
315.777140	0.000000
315.948150	0.000000
316.119170	0.000000
316.290180	0.000000
316.461190	0.000000
316.632210	0.000000
316.803220	0.000000
316.974230	0.000000
317.145240	0.000000
317.316260	0.000000
317.487270	0.000000
317.658280	0.000000
317.829290	0.000000
318.000310	0.000000
318.171320	0.000000
318.342330	0.000000
318.513350	0.000000
318.684360	0.000000
318.855370	0.000000
319.026380	0.000000
319.197400	0.000000
319.368410	0.000001
319.539420	0.000001
319.710430	0.000001
319.881450	0.000002
320.052460	0.000002
320.223470	0.000003
320.394490	0.000005
320.565500	0.000006
320.736510	0.000008
320.907520	0.000011
321.078540	0.000016
321.249550	0.000021
321.420560	0.000028
321.591570	0.000037
321.762590	0.000049
321.933600	0.000065
322.104610	0.000086
322.275630	0.000113
322.446640	0.000147
322.617650	0.000192
322.788660	0.000249
322.959680	0.000322
323.130690	0.000414
323.301700	0.000530
323.472710	0.000677
323.643730	0.000862
323.814740	0.001092
323.985750	0.001379
324.156770	0.001735
324.327780	0.002173
324.498790	0.002713
324.669800	0.003374
324.840820	0.004181
325.011830	0.005161
325.182840	0.006347
325.353850	0.007778
325.524870	0.009495
325.695880	0.011548
325.866890	0.013995
326.037910	0.016898
326.208920	0.020328
326.379930	0.024367
326.550940	0.029102
326.721960	0.034631
326.892970	0.041063
327.063980	0.048515
327.234990	0.057114
327.406010	0.066999
327.577020	0.078314
327.748030	0.091216
327.919050	0.105868
328.090060	0.122442
328.261070	0.141113
328.432080	0.162062
328.603100	0.185472
328.774110	0.211526
328.945120	0.240402
329.116130	0.272277
329.287150	0.307314
329.458160	0.345669
329.629170	0.387479
329.800190	0.432863
329.971200	0.481916
330.142210	0.534708
330.313220	0.591274
330.484240	0.651620
330.655250	0.715709
330.826260	0.783466
330.997270	0.854771
331.168290	0.929459
331.339300	1.007314
331.510310	1.088075
331.681330	1.171431
331.852340	1.257020
332.023350	1.344437
332.194360	1.433228
332.365380	1.522899
332.536390	1.612918
332.707400	1.702721
332.878410	1.791714
333.049430	1.879282
333.220440	1.964799
333.391450	2.047628
333.562470	2.127135
333.733480	2.202696
333.904490	2.273702
334.075500	2.339573
334.246520	2.399758
334.417530	2.453751
334.588540	2.501094
334.759550	2.541383
334.930570	2.574275
335.101580	2.599493
335.272590	2.616828
335.443610	2.626146
335.614620	2.627385
335.785630	2.620559
335.956640	2.605754
336.127660	2.583131
336.298670	2.552917
336.469680	2.515410
336.640690	2.470963
336.811710	2.419989
336.982720	2.362947
337.153730	2.300342
337.324740	2.232710
337.495760	2.160618
337.666770	2.084650
337.837780	2.005405
338.008800	1.923484
338.179810	1.839488
338.350820	1.754005
338.521830	1.667611
338.692850	1.580858
338.863860	1.494269
339.034870	1.408340
339.205880	1.323528
339.376900	1.240253
339.547910	1.158894
339.718920	1.079789
339.889940	1.003231
340.060950	0.929471
340.231960	0.858718
340.402970	0.791139
340.573990	0.726860
340.745000	0.665969
340.916010	0.608522
341.087020	0.554537
341.258040	0.504005
341.429050	0.456890
341.600060	0.413131
341.771080	0.372647
341.942090	0.335339
342.113100	0.301095
342.284110	0.269788
342.455130	0.241287
342.626140	0.215450
342.797150	0.192133
342.968160	0.171192
343.139180	0.152481
343.310190	0.135855
343.481200	0.121175
343.652220	0.108303
343.823230	0.097111
343.994240	0.087471
344.165250	0.079268
344.336270	0.072388
344.507280	0.066729
344.678290	0.062194
344.849300	0.058692
345.020320	0.056141
345.191330	0.054464
345.362340	0.053592
345.533360	0.053459
345.704370	0.054006
345.875380	0.055179
346.046390	0.056928
346.217410	0.059204
346.388420	0.061964
346.559430	0.065167
346.730440	0.068774
346.901460	0.072746
347.072470	0.077046
347.243480	0.081639
347.414500	0.086489
347.585510	0.091560
347.756520	0.096818
347.927530	0.102225
348.098550	0.107747
348.269560	0.113346
348.440570	0.118986
348.611580	0.124629
348.782600	0.130239
348.953610	0.135777
349.124620	0.141208
349.295640	0.146493
349.466650	0.151597
349.637660	0.156484
349.808670	0.161120
349.979690	0.165474
350.150700	0.169513
350.321710	0.173209
350.492720	0.176536
350.663740	0.179471
350.834750	0.181992
351.005760	0.184083
351.176780	0.185729
351.347790	0.186918
351.518800	0.187645
351.689810	0.187906
351.860830	0.187701
352.031840	0.187034
352.202850	0.185914
352.373860	0.184351
352.544880	0.182360
352.715890	0.179960
352.886900	0.177172
353.057920	0.174020
353.228930	0.170533
353.399940	0.166738
353.570950	0.162668
353.741970	0.158357
353.912980	0.153839
354.083990	0.149151
354.255000	0.144332
354.426020	0.139419
354.597030	0.134451
354.768040	0.129467
354.939060	0.124506
355.110070	0.119609
355.281080	0.114812
355.452090	0.110154
355.623110	0.105673
355.794120	0.101405
355.965130	0.097386
356.136140	0.093651
356.307160	0.090233
356.478170	0.087165
356.649180	0.084477
356.820200	0.082201
356.991210	0.080365
357.162220	0.078998
357.333230	0.078125
357.504250	0.077772
357.675260	0.077963
357.846270	0.078721
358.017280	0.080067
358.188300	0.082021
358.359310	0.084603
358.530320	0.087828
358.701340	0.091714
358.872350	0.096274
359.043360	0.101520
359.214370	0.107464
359.385390	0.114114
359.556400	0.121477
359.727410	0.129558
359.898420	0.138360
360.069440	0.147885
360.240450	0.158132
360.411460	0.169096
360.582480	0.180774
360.753490	0.193159
360.924500	0.206241
361.095510	0.220011
361.266530	0.234456
361.437540	0.249564
361.608550	0.265321
361.779560	0.281711
361.950580	0.298721
362.121590	0.316334
362.292600	0.334537
362.463620	0.353315
362.634630	0.372657
362.805640	0.392550
362.976650	0.412987
363.147670	0.433961
363.318680	0.455469
363.489690	0.477511
363.660700	0.500089
363.831720	0.523212
364.002730	0.546889
364.173740	0.571135
364.344750	0.595971
364.515770	0.621417
364.686780	0.647500
364.857790	0.674250
365.028810	0.701698
365.199820	0.729879
365.370830	0.758830
365.541840	0.788586
365.712860	0.819185
365.883870	0.850662
366.054880	0.883051
366.225890	0.916382
366.396910	0.950682
366.567920	0.985969
366.738930	1.022259
366.909950	1.059555
367.080960	1.097855
367.251970	1.137144
367.422980	1.177397
367.594000	1.218575
367.765010	1.260627
367.936020	1.303489
368.107030	1.347080
368.278050	1.391305
368.449060	1.436057
368.620070	1.481209
368.791090	1.526624
368.962100	1.572147
369.133110	1.617612
369.304120	1.662840
369.475140	1.707639
369.646150	1.751808
369.817160	1.795137
369.988170	1.837411
370.159190	1.878406
370.330200	1.917898
370.501210	1.955661
370.672230	1.991471
370.843240	2.025105
371.014250	2.056350
371.185260	2.084995
371.356280	2.110845
371.527290	2.133714
371.698300	2.153430
371.869310	2.169838
372.040330	2.182802
372.211340	2.192202
372.382350	2.197943
372.553370	2.199948
372.724380	2.198165
372.895390	2.192564
373.066400	2.183141
373.237420	2.169912
373.408430	2.152919
373.579440	2.132228
373.750450	2.107926
373.921470	2.080121
374.092480	2.048944
374.263490	2.014543
374.434510	1.977086
374.605520	1.936753
374.776530	1.893744
374.947540	1.848266
375.118560	1.800541
375.289570	1.750795
375.460580	1.699264
375.631590	1.646187
375.802610	1.591805
375.973620	1.536359
376.144630	1.480089
376.315650	1.423231
376.486660	1.366016
376.657670	1.308668
376.828680	1.251403
376.999700	1.194428
377.170710	1.137937
377.341720	1.082114
377.512730	1.027131
377.683750	0.973146
377.854760	0.920301
378.025770	0.868727
378.196790	0.818540
378.367800	0.769841
378.538810	0.722717
378.709820	0.677240
378.880840	0.633470
379.051850	0.591453
379.222860	0.551223
379.393870	0.512800
379.564890	0.476195
379.735900	0.441407
379.906910	0.408426
380.077930	0.377232
380.248940	0.347798
380.419950	0.320089
380.590960	0.294063
380.761980	0.269674
380.932990	0.246871
381.104000	0.225596
381.275010	0.205792
381.446030	0.187397
381.617040	0.170347
381.788050	0.154578
381.959070	0.140024
382.130080	0.126620
382.301090	0.114300
382.472100	0.103001
382.643120	0.092658
382.814130	0.083211
382.985140	0.074599
383.156150	0.066763
383.327170	0.059649
383.498180	0.053202
383.669190	0.047371
383.840210	0.042108
384.011220	0.037367
384.182230	0.033103
384.353240	0.029277
384.524260	0.025850
384.695270	0.022785
384.866280	0.020051
385.037290	0.017615
385.208310	0.015450
385.379320	0.013528
385.550330	0.011826
385.721350	0.010321
385.892360	0.008993
386.063370	0.007823
386.234380	0.006794
386.405400	0.005891
386.576410	0.005099
386.747420	0.004407
386.918430	0.003803
387.089450	0.003276
387.260460	0.002818
387.431470	0.002420
387.602490	0.002074
387.773500	0.001776
387.944510	0.001518
388.115520	0.001295
388.286540	0.001103
388.457550	0.000938
388.628560	0.000797
388.799570	0.000676
388.970590	0.000572
389.141600	0.000484
389.312610	0.000408
389.483630	0.000344
389.654640	0.000289
389.825650	0.000243
389.996660	0.000204
390.167680	0.000171
390.338690	0.000143
390.509700	0.000119
390.680710	0.000099
390.851730	0.000083
391.022740	0.000069
391.193750	0.000057
391.364770	0.000047
391.535780	0.000039
391.706790	0.000032
391.877800	0.000027
392.048820	0.000022
392.219830	0.000018
392.390840	0.000015
392.561850	0.000012
392.732870	0.000010
392.903880	0.000008
393.074890	0.000007
393.245900	0.000005
393.416920	0.000005
393.587930	0.000004
393.758940	0.000003
393.929960	0.000003
394.100970	0.000002
394.271980	0.000002
394.442990	0.000002
394.614010	0.000001
394.785020	0.000001
394.956030	0.000001
395.127040	0.000001
395.298060	0.000001
395.469070	0.000001
395.640080	0.000001
395.811100	0.000001
395.982110	0.000001
396.153120	0.000002
396.324130	0.000002
396.495150	0.000002
396.666160	0.000002
396.837170	0.000003
397.008180	0.000003
397.179200	0.000004
397.350210	0.000004
397.521220	0.000005
397.692240	0.000006
397.863250	0.000006
398.034260	0.000007
398.205270	0.000009
398.376290	0.000010
398.547300	0.000011
398.718310	0.000013
398.889320	0.000015
399.060340	0.000017
399.231350	0.000019
399.402360	0.000022
399.573380	0.000025
399.744390	0.000028
399.915400	0.000032
400.086410	0.000036
400.257430	0.000041
400.428440	0.000046
400.599450	0.000052
400.770460	0.000059
400.941480	0.000066
401.112490	0.000074
401.283500	0.000082
401.454520	0.000092
401.625530	0.000102
401.796540	0.000114
401.967550	0.000127
402.138570	0.000141
402.309580	0.000156
402.480590	0.000172
402.651600	0.000190
402.822620	0.000210
402.993630	0.000231
403.164640	0.000254
403.335660	0.000278
403.506670	0.000305
403.677680	0.000334
403.848690	0.000365
404.019710	0.000398
404.190720	0.000433
404.361730	0.000471
404.532740	0.000511
404.703760	0.000554
404.874770	0.000600
405.045780	0.000648
405.216800	0.000699
405.387810	0.000753
405.558820	0.000810
405.729830	0.000870
405.900850	0.000933
406.071860	0.001000
406.242870	0.001069
406.413880	0.001141
406.584900	0.001217
406.755910	0.001296
406.926920	0.001377
407.097940	0.001462
407.268950	0.001550
407.439960	0.001640
407.610970	0.001733
407.781990	0.001829
407.953000	0.001927
408.124010	0.002028
408.295020	0.002130
408.466040	0.002235
408.637050	0.002342
408.808060	0.002450
408.979080	0.002559
409.150090	0.002670
409.321100	0.002781
409.492110	0.002893
409.663130	0.003004
409.834140	0.003116
410.005150	0.003228
410.176160	0.003339
410.347180	0.003448
410.518190	0.003557
410.689200	0.003663
410.860220	0.003768
411.031230	0.003870
411.202240	0.003969
411.373250	0.004066
411.544270	0.004159
411.715280	0.004248
411.886290	0.004333
412.057300	0.004414
412.228320	0.004490
412.399330	0.004561
412.570340	0.004627
412.741360	0.004688
412.912370	0.004743
413.083380	0.004792
413.254390	0.004835
413.425410	0.004872
413.596420	0.004903
413.767430	0.004927
413.938440	0.004945
414.109460	0.004956
414.280470	0.004961
414.451480	0.004959
414.622500	0.004950
414.793510	0.004936
414.964520	0.004914
415.135530	0.004887
415.306550	0.004853
415.477560	0.004813
415.648570	0.004767
415.819580	0.004716
415.990600	0.004659
416.161610	0.004597
416.332620	0.004529
416.503640	0.004457
416.674650	0.004381
416.845660	0.004300
417.016670	0.004216
417.187690	0.004128
417.358700	0.004036
417.529710	0.003942
417.700720	0.003845
417.871740	0.003746
418.042750	0.003644
418.213760	0.003541
418.384780	0.003437
418.555790	0.003331
418.726800	0.003225
418.897810	0.003118
419.068830	0.003011
419.239840	0.002904
419.410850	0.002797
419.581860	0.002691
419.752880	0.002586
419.923890	0.002482
420.094900	0.002379
420.265920	0.002278
420.436930	0.002178
420.607940	0.002081
420.778950	0.001985
420.949970	0.001891
421.120980	0.001800
421.291990	0.001711
421.463000	0.001624
421.634020	0.001540
421.805030	0.001459
421.976040	0.001380
422.147050	0.001304
422.318070	0.001230
422.489080	0.001160
422.660090	0.001092
422.831110	0.001027
423.002120	0.000965
423.173130	0.000905
423.344140	0.000848
423.515160	0.000794
423.686170	0.000742
423.857180	0.000693
424.028190	0.000647
424.199210	0.000603
424.370220	0.000561
424.541230	0.000521
424.712250	0.000484
424.883260	0.000449
425.054270	0.000416
425.225280	0.000385
425.396300	0.000356
425.567310	0.000329
425.738320	0.000303
425.909330	0.000279
426.080350	0.000257
426.251360	0.000236
426.422370	0.000217
426.593390	0.000199
426.764400	0.000182
426.935410	0.000167
427.106420	0.000152
427.277440	0.000139
427.448450	0.000127
427.619460	0.000116
427.790470	0.000105
427.961490	0.000096
428.132500	0.000087
428.303510	0.000079
428.474530	0.000071
428.645540	0.000065
428.816550	0.000058
428.987560	0.000053
429.158580	0.000048
429.329590	0.000043
429.500600	0.000039
429.671610	0.000035
429.842630	0.000031
430.013640	0.000028
430.184650	0.000025
430.355670	0.000023
430.526680	0.000020
430.697690	0.000018
430.868700	0.000016
431.039720	0.000014
431.210730	0.000013
431.381740	0.000011
431.552750	0.000010
431.723770	0.000009
431.894780	0.000008
432.065790	0.000007
432.236810	0.000006
432.407820	0.000006
432.578830	0.000005
432.749840	0.000004
432.920860	0.000004
433.091870	0.000003
433.262880	0.000003
433.433890	0.000003
433.604910	0.000002
433.775920	0.000002
433.946930	0.000002
434.117950	0.000002
434.288960	0.000001
434.459970	0.000001
434.630980	0.000001
434.802000	0.000001
434.973010	0.000001
435.144020	0.000001
435.315030	0.000001
435.486050	0.000001
435.657060	0.000000
435.828070	0.000000
435.999090	0.000000
436.170100	0.000000
436.341110	0.000000
436.512120	0.000000
436.683140	0.000000
436.854150	0.000000
437.025160	0.000000
437.196170	0.000000
437.367190	0.000000
437.538200	0.000000
437.709210	0.000000
437.880230	0.000000
438.051240	0.000000
438.222250	0.000000
438.393260	0.000000
438.564280	0.000000
438.735290	0.000000
438.906300	0.000000
439.077310	0.000000
439.248330	0.000000
439.419340	0.000000
439.590350	0.000000
439.761370	0.000000
439.932380	0.000000
440.103390	0.000000
440.274400	0.000000
440.445420	0.000000
440.616430	0.000000
440.787440	0.000000
440.958450	0.000000
441.129470	0.000000
441.300480	0.000000
441.471490	0.000000
441.642510	0.000000
441.813520	0.000000
441.984530	0.000000
442.155540	0.000000
442.326560	0.000000
442.497570	0.000000
442.668580	0.000000
442.839590	0.000000
443.010610	0.000000
443.181620	0.000000
443.352630	0.000000
443.523650	0.000000
443.694660	0.000000
443.865670	0.000000
444.036680	0.000000
444.207700	0.000000
444.378710	0.000000
444.549720	0.000000
444.720730	0.000000
444.891750	0.000000
445.062760	0.000000
445.233770	0.000000
445.404790	0.000000
445.575800	0.000000
445.746810	0.000000
445.917820	0.000000
446.088840	0.000000
446.259850	0.000000
446.430860	0.000000
446.601870	0.000000
446.772890	0.000000
446.943900	0.000000
447.114910	0.000000
447.285930	0.000000
447.456940	0.000000
447.627950	0.000000
447.798960	0.000000
447.969980	0.000000
448.140990	0.000000
448.312000	0.000000
448.483010	0.000000
448.654030	0.000000
448.825040	0.000000
448.996050	0.000000
449.167070	0.000000
449.338080	0.000000
449.509090	0.000000
449.680100	0.000000
449.851120	0.000000
450.022130	0.000000
450.193140	0.000000
450.364150	0.000000
450.535170	0.000000
450.706180	0.000000
450.877190	0.000000
451.048200	0.000000
451.219220	0.000000
451.390230	0.000000
451.561240	0.000000
451.732260	0.000000
451.903270	0.000000
452.074280	0.000000
452.245290	0.000000
452.416310	0.000000
452.587320	0.000000
452.758330	0.000000
452.929340	0.000000
453.100360	0.000000
453.271370	0.000000
453.442380	0.000000
453.613400	0.000000
453.784410	0.000000
453.955420	0.000000
454.126430	0.000000
454.297450	0.000000
454.468460	0.000000
454.639470	0.000000
454.810480	0.000000
454.981500	0.000000
455.152510	0.000000
455.323520	0.000000
455.494540	0.000000
455.665550	0.000000
455.836560	0.000000
456.007570	0.000000
456.178590	0.000000
456.349600	0.000000
456.520610	0.000000
456.691620	0.000000
456.862640	0.000000
457.033650	0.000000
457.204660	0.000000
457.375680	0.000000
457.546690	0.000000
457.717700	0.000000
457.888710	0.000000
458.059730	0.000000
458.230740	0.000000
458.401750	0.000000
458.572760	0.000000
458.743780	0.000000
458.914790	0.000000
459.085800	0.000000
459.256820	0.000000
459.427830	0.000000
459.598840	0.000000
459.769850	0.000000
459.940870	0.000000
460.111880	0.000000
460.282890	0.000000
460.453900	0.000000
460.624920	0.000000
460.795930	0.000000
460.966940	0.000000
461.137960	0.000000
461.308970	0.000000
461.479980	0.000000
461.650990	0.000000
461.822010	0.000000
461.993020	0.000000
462.164030	0.000000
462.335040	0.000000
462.506060	0.000000
462.677070	0.000000
462.848080	0.000000
463.019100	0.000000
463.190110	0.000000
463.361120	0.000000
463.532130	0.000000
463.703150	0.000000
463.874160	0.000000
464.045170	0.000000
464.216180	0.000000
464.387200	0.000000
464.558210	0.000000
464.729220	0.000000
464.900240	0.000000
465.071250	0.000000
465.242260	0.000000
465.413270	0.000000
465.584290	0.000000
465.755300	0.000000
465.926310	0.000000
466.097320	0.000000
466.268340	0.000000
466.439350	0.000000
466.610360	0.000000
466.781380	0.000000
466.952390	0.000000
467.123400	0.000000
467.294410	0.000000
467.465430	0.000000
467.636440	0.000000
467.807450	0.000000
467.978460	0.000000
468.149480	0.000000
468.320490	0.000000
468.491500	0.000000
468.662520	0.000000
468.833530	0.000000
469.004540	0.000000
469.175550	0.000000
469.346570	0.000000
469.517580	0.000000
469.688590	0.000000
469.859600	0.000000
470.030620	0.000000
470.201630	0.000000
470.372640	0.000000
470.543660	0.000000
470.714670	0.000000
470.885680	0.000000
471.056690	0.000000
471.227710	0.000000
471.398720	0.000000
471.569730	0.000000
471.740740	0.000000
471.911760	0.000000
472.082770	0.000000
472.253780	0.000000
472.424800	0.000000
472.595810	0.000000
472.766820	0.000000
472.937830	0.000000
473.108850	0.000000
473.279860	0.000000
473.450870	0.000000
473.621880	0.000000
473.792900	0.000000
473.963910	0.000000
474.134920	0.000000
474.305940	0.000000
474.476950	0.000000
474.647960	0.000000
474.818970	0.000000
474.989990	0.000000
475.161000	0.000000
475.332010	0.000000
475.503020	0.000000
475.674040	0.000000
475.845050	0.000000
476.016060	0.000000
476.187080	0.000000
476.358090	0.000000
476.529100	0.000000
476.700110	0.000000
476.871130	0.000000
477.042140	0.000000
477.213150	0.000000
477.384160	0.000000
477.555180	0.000000
477.726190	0.000000
477.897200	0.000000
478.068220	0.000000
478.239230	0.000000
478.410240	0.000000
478.581250	0.000000
478.752270	0.000000
478.923280	0.000000
479.094290	0.000000
479.265300	0.000000
479.436320	0.000000
479.607330	0.000000
479.778340	0.000000
479.949350	0.000000
480.120370	0.000000
480.291380	0.000000
480.462390	0.000000
480.633410	0.000000
480.804420	0.000000
480.975430	0.000000
481.146440	0.000000
481.317460	0.000000
481.488470	0.000000
481.659480	0.000000
481.830490	0.000000
482.001510	0.000000
482.172520	0.000000
482.343530	0.000000
482.514550	0.000000
482.685560	0.000000
482.856570	0.000000
483.027580	0.000000
483.198600	0.000000
483.369610	0.000000
483.540620	0.000000
483.711630	0.000000
483.882650	0.000000
484.053660	0.000000
484.224670	0.000000
484.395690	0.000000
484.566700	0.000000
484.737710	0.000000
484.908720	0.000000
485.079740	0.000000
485.250750	0.000000
485.421760	0.000000
485.592770	0.000000
485.763790	0.000000
485.934800	0.000000
486.105810	0.000000
486.276830	0.000000
486.447840	0.000000
486.618850	0.000000
486.789860	0.000000
486.960880	0.000000
487.131890	0.000000
487.302900	0.000000
487.473910	0.000000
487.644930	0.000000
487.815940	0.000000
487.986950	0.000000
488.157970	0.000000
488.328980	0.000000
488.499990	0.000000
488.671000	0.000000
488.842020	0.000000
489.013030	0.000000
489.184040	0.000000
489.355050	0.000000
489.526070	0.000000
489.697080	0.000000
489.868090	0.000000
490.039110	0.000000
490.210120	0.000000
490.381130	0.000000
490.552140	0.000000
490.723160	0.000000
490.894170	0.000000
491.065180	0.000000
491.236190	0.000000
491.407210	0.000000
491.578220	0.000000
491.749230	0.000000
491.920250	0.000000
492.091260	0.000000
492.262270	0.000000
492.433280	0.000000
492.604300	0.000000
492.775310	0.000000
492.946320	0.000000
493.117330	0.000000
493.288350	0.000000
493.459360	0.000000
493.630370	0.000000
493.801390	0.000000
493.972400	0.000000
494.143410	0.000000
494.314420	0.000000
494.485440	0.000000
494.656450	0.000000
494.827460	0.000000
494.998470	0.000000
495.169490	0.000000
495.340500	0.000000
495.511510	0.000000
495.682530	0.000000
495.853540	0.000000
496.024550	0.000000
496.195560	0.000000
496.366580	0.000000
496.537590	0.000000
496.708600	0.000000
496.879610	0.000000
497.050630	0.000000
497.221640	0.000000
497.392650	0.000000
497.563670	0.000000
497.734680	0.000000
497.905690	0.000000
498.076700	0.000000
498.247720	0.000000
498.418730	0.000000
498.589740	0.000000
498.760750	0.000000
498.931770	0.000000
499.102780	0.000000
499.273790	0.000000
499.444810	0.000000
499.615820	0.000000
499.786830	0.000000
499.957840	0.000000
500.128860	0.000001
500.299870	0.000001
500.470880	0.000001
500.641890	0.000001
500.812910	0.000001
500.983920	0.000001
501.154930	0.000001
501.325950	0.000001
501.496960	0.000001
501.667970	0.000002
501.838980	0.000002
502.010000	0.000002
502.181010	0.000002
502.352020	0.000003
502.523030	0.000003
502.694050	0.000003
502.865060	0.000004
503.036070	0.000004
503.207090	0.000005
503.378100	0.000005
503.549110	0.000006
503.720120	0.000007
503.891140	0.000007
504.062150	0.000008
504.233160	0.000009
504.404170	0.000010
504.575190	0.000012
504.746200	0.000013
504.917210	0.000014
505.088230	0.000016
505.259240	0.000018
505.430250	0.000020
505.601260	0.000022
505.772280	0.000025
505.943290	0.000027
506.114300	0.000030
506.285310	0.000034
506.456330	0.000037
506.627340	0.000041
506.798350	0.000046
506.969360	0.000051
507.140380	0.000056
507.311390	0.000062
507.482400	0.000068
507.653420	0.000075
507.824430	0.000083
507.995440	0.000092
508.166450	0.000101
508.337470	0.000111
508.508480	0.000122
508.679490	0.000135
508.850500	0.000148
509.021520	0.000162
509.192530	0.000178
509.363540	0.000195
509.534560	0.000214
509.705570	0.000235
509.876580	0.000257
510.047590	0.000281
510.218610	0.000307
510.389620	0.000335
510.560630	0.000366
510.731640	0.000399
510.902660	0.000436
511.073670	0.000475
511.244680	0.000517
511.415700	0.000563
511.586710	0.000612
511.757720	0.000665
511.928730	0.000723
512.099750	0.000784
512.270760	0.000851
512.441770	0.000923
512.612780	0.001000
512.783800	0.001083
512.954810	0.001172
513.125820	0.001268
513.296840	0.001370
513.467850	0.001480
513.638860	0.001598
513.809870	0.001724
513.980890	0.001859
514.151900	0.002004
514.322910	0.002158
514.493920	0.002322
514.664940	0.002498
514.835950	0.002686
515.006960	0.002885
515.177980	0.003098
515.348990	0.003325
515.520000	0.003566
515.691010	0.003822
515.862030	0.004093
516.033040	0.004382
516.204050	0.004688
516.375060	0.005013
516.546080	0.005357
516.717090	0.005721
516.888100	0.006107
517.059120	0.006514
517.230130	0.006945
517.401140	0.007400
517.572150	0.007880
517.743170	0.008386
517.914180	0.008919
518.085190	0.009481
518.256200	0.010072
518.427220	0.010694
518.598230	0.011348
518.769240	0.012035
518.940260	0.012756
519.111270	0.013512
519.282280	0.014305
519.453290	0.015136
519.624310	0.016007
519.795320	0.016917
519.966330	0.017869
520.137340	0.018864
520.308360	0.019903
520.479370	0.020987
520.650380	0.022118
520.821400	0.023296
520.992410	0.024524
521.163420	0.025801
521.334430	0.027130
521.505450	0.028512
521.676460	0.029946
521.847470	0.031436
522.018480	0.032981
522.189500	0.034583
522.360510	0.036243
522.531520	0.037961
522.702540	0.039739
522.873550	0.041577
523.044560	0.043476
523.215570	0.045437
523.386590	0.047460
523.557600	0.049546
523.728610	0.051696
523.899620	0.053909
524.070640	0.056187
524.241650	0.058528
524.412660	0.060935
524.583680	0.063406
524.754690	0.065941
524.925700	0.068541
525.096710	0.071205
525.267730	0.073932
525.438740	0.076723
525.609750	0.079577
525.780760	0.082493
525.951780	0.085470
526.122790	0.088507
526.293800	0.091604
526.464820	0.094758
526.635830	0.097969
526.806840	0.101236
526.977850	0.104556
527.148870	0.107929
527.319880	0.111351
527.490890	0.114822
527.661900	0.118339
527.832920	0.121900
528.003930	0.125503
528.174940	0.129145
528.345960	0.132824
528.516970	0.136536
528.687980	0.140280
528.858990	0.144052
529.030010	0.147849
529.201020	0.151669
529.372030	0.155507
529.543040	0.159360
529.714060	0.163225
529.885070	0.167099
530.056080	0.170978
530.227100	0.174857
530.398110	0.178734
530.569120	0.182604
530.740130	0.186464
530.911150	0.190309
531.082160	0.194135
531.253170	0.197939
531.424180	0.201716
531.595200	0.205462
531.766210	0.209173
531.937220	0.212845
532.108240	0.216474
532.279250	0.220055
532.450260	0.223584
532.621270	0.227057
532.792290	0.230470
532.963300	0.233819
533.134310	0.237100
533.305320	0.240309
533.476340	0.243442
533.647350	0.246494
533.818360	0.249464
533.989380	0.252345
534.160390	0.255136
534.331400	0.257833
534.502410	0.260431
534.673430	0.262928
534.844440	0.265321
535.015450	0.267607
535.186460	0.269783
535.357480	0.271845
535.528490	0.273792
535.699500	0.275621
535.870510	0.277330
536.041530	0.278916
536.212540	0.280378
536.383550	0.281714
536.554570	0.282922
536.725580	0.284000
536.896590	0.284948
537.067600	0.285765
537.238620	0.286449
537.409630	0.287000
537.580640	0.287417
537.751650	0.287700
537.922670	0.287849
538.093680	0.287864
538.264690	0.287745
538.435710	0.287493
538.606720	0.287108
538.777730	0.286591
538.948740	0.285942
539.119760	0.285164
539.290770	0.284257
539.461780	0.283223
539.632790	0.282063
539.803810	0.280780
539.974820	0.279375
540.145830	0.277851
540.316850	0.276209
540.487860	0.274452
540.658870	0.272583
540.829880	0.270605
541.000900	0.268520
541.171910	0.266330
541.342920	0.264040
541.513930	0.261652
541.684950	0.259170
541.855960	0.256597
542.026970	0.253936
542.197990	0.251190
542.369000	0.248364
542.540010	0.245461
542.711020	0.242484
542.882040	0.239438
543.053050	0.236326
543.224060	0.233151
543.395070	0.229918
543.566090	0.226631
543.737100	0.223293
543.908110	0.219908
544.079130	0.216480
544.250140	0.213012
544.421150	0.209509
544.592160	0.205975
544.763180	0.202412
544.934190	0.198826
545.105200	0.195218
545.276210	0.191594
545.447230	0.187956
545.618240	0.184309
545.789250	0.180654
545.960270	0.176997
546.131280	0.173340
546.302290	0.169686
546.473300	0.166039
546.644320	0.162401
546.815330	0.158776
546.986340	0.155167
547.157350	0.151575
547.328370	0.148004
547.499380	0.144457
547.670390	0.140936
547.841410	0.137443
548.012420	0.133981
548.183430	0.130552
548.354440	0.127158
548.525460	0.123800
548.696470	0.120481
548.867480	0.117203
549.038490	0.113967
549.209510	0.110775
549.380520	0.107628
549.551530	0.104527
549.722550	0.101474
549.893560	0.098471
550.064570	0.095517
550.235580	0.092614
550.406600	0.089762
550.577610	0.086964
550.748620	0.084218
550.919630	0.081526
551.090650	0.078889
551.261660	0.076306
551.432670	0.073778
551.603690	0.071305
551.774700	0.068887
551.945710	0.066525
552.116720	0.064218
552.287740	0.061967
552.458750	0.059771
552.629760	0.057630
552.800770	0.055543
552.971790	0.053511
553.142800	0.051533
553.313810	0.049609
553.484830	0.047737
553.655840	0.045919
553.826850	0.044152
553.997860	0.042437
554.168880	0.040772
554.339890	0.039158
554.510900	0.037592
554.681910	0.036076
554.852930	0.034607
555.023940	0.033185
555.194950	0.031810
555.365970	0.030480
555.536980	0.029194
555.707990	0.027951
555.879000	0.026752
556.050020	0.025594
556.221030	0.024477
556.392040	0.023399
556.563050	0.022361
556.734070	0.021361
556.905080	0.020397
557.076090	0.019470
557.247110	0.018578
557.418120	0.017720
557.589130	0.016896
557.760140	0.016104
557.931160	0.015343
558.102170	0.014612
558.273180	0.013912
558.444190	0.013240
558.615210	0.012595
558.786220	0.011978
558.957230	0.011387
559.128250	0.010821
559.299260	0.010279
559.470270	0.009761
559.641280	0.009265
559.812300	0.008792
559.983310	0.008339
560.154320	0.007908
560.325330	0.007495
560.496350	0.007102
560.667360	0.006727
560.838370	0.006369
561.009390	0.006028
561.180400	0.005703
561.351410	0.005394
561.522420	0.005100
561.693440	0.004820
561.864450	0.004554
562.035460	0.004301
562.206470	0.004061
562.377490	0.003833
562.548500	0.003616
562.719510	0.003410
562.890530	0.003215
563.061540	0.003030
563.232550	0.002855
563.403560	0.002688
563.574580	0.002531
563.745590	0.002382
563.916600	0.002241
564.087610	0.002108
564.258630	0.001981
564.429640	0.001862
564.600650	0.001749
564.771660	0.001643
564.942680	0.001543
565.113690	0.001448
565.284700	0.001358
565.455720	0.001274
565.626730	0.001194
565.797740	0.001119
565.968750	0.001049
566.139770	0.000982
566.310780	0.000920
566.481790	0.000861
566.652800	0.000805
566.823820	0.000753
566.994830	0.000704
567.165840	0.000658
567.336860	0.000615
567.507870	0.000575
567.678880	0.000536
567.849890	0.000501
568.020910	0.000467
568.191920	0.000436
568.362930	0.000406
568.533940	0.000379
568.704960	0.000353
568.875970	0.000329
569.046980	0.000306
569.218000	0.000285
569.389010	0.000265
569.560020	0.000247
569.731030	0.000230
569.902050	0.000214
570.073060	0.000198
570.244070	0.000184
570.415080	0.000171
570.586100	0.000159
570.757110	0.000148
570.928120	0.000137
571.099140	0.000127
571.270150	0.000118
571.441160	0.000109
571.612170	0.000101
571.783190	0.000094
571.954200	0.000087
572.125210	0.000080
572.296220	0.000074
572.467240	0.000069
572.638250	0.000064
572.809260	0.000059
572.980280	0.000054
573.151290	0.000050
573.322300	0.000046
573.493310	0.000043
573.664330	0.000040
573.835340	0.000037
574.006350	0.000034
574.177360	0.000031
574.348380	0.000029
574.519390	0.000026
574.690400	0.000024
574.861420	0.000022
575.032430	0.000021
575.203440	0.000019
575.374450	0.000018
575.545470	0.000016
575.716480	0.000015
575.887490	0.000014
576.058500	0.000013
576.229520	0.000012
576.400530	0.000011
576.571540	0.000010
576.742560	0.000009
576.913570	0.000008
577.084580	0.000008
577.255590	0.000007
577.426610	0.000006
577.597620	0.000006
577.768630	0.000005
577.939640	0.000005
578.110660	0.000004
578.281670	0.000004
578.452680	0.000004
578.623700	0.000003
578.794710	0.000003
578.965720	0.000003
579.136730	0.000003
579.307750	0.000002
579.478760	0.000002
579.649770	0.000002
579.820780	0.000002
579.991800	0.000002
580.162810	0.000002
580.333820	0.000001
580.504840	0.000001
580.675850	0.000001
580.846860	0.000001
581.017870	0.000001
581.188890	0.000001
581.359900	0.000001
581.530910	0.000001
581.701920	0.000001
581.872940	0.000001
582.043950	0.000001
582.214960	0.000000
582.385980	0.000000
582.556990	0.000000
582.728000	0.000000
582.899010	0.000000
583.070030	0.000000
583.241040	0.000000
583.412050	0.000000
583.583060	0.000000
583.754080	0.000000
583.925090	0.000000
584.096100	0.000000
584.267120	0.000000
584.438130	0.000000
584.609140	0.000000
584.780150	0.000000
584.951170	0.000000
585.122180	0.000000
585.293190	0.000000
585.464200	0.000000
585.635220	0.000000
585.806230	0.000000
585.977240	0.000000
586.148260	0.000000
586.319270	0.000000
586.490280	0.000000
586.661290	0.000000
586.832310	0.000000
587.003320	0.000000
587.174330	0.000000
587.345340	0.000000
587.516360	0.000000
587.687370	0.000000
587.858380	0.000000
588.029400	0.000000
588.200410	0.000000
588.371420	0.000000
588.542430	0.000000
588.713450	0.000000
588.884460	0.000000
589.055470	0.000000
589.226480	0.000000
589.397500	0.000000
589.568510	0.000000
589.739520	0.000000
589.910540	0.000000
590.081550	0.000000
590.252560	0.000000
590.423570	0.000000
590.594590	0.000000
590.765600	0.000000
590.936610	0.000000
591.107620	0.000000
591.278640	0.000000
591.449650	0.000000
591.620660	0.000000
591.791680	0.000000
591.962690	0.000000
592.133700	0.000000
592.304710	0.000000
592.475730	0.000000
592.646740	0.000000
592.817750	0.000000
592.988760	0.000000
593.159780	0.000000
593.330790	0.000000
593.501800	0.000000
593.672810	0.000000
593.843830	0.000000
594.014840	0.000000
594.185850	0.000000
594.356870	0.000000
594.527880	0.000000
594.698890	0.000000
594.869900	0.000000
595.040920	0.000000
595.211930	0.000000
595.382940	0.000000
595.553950	0.000000
595.724970	0.000000
595.895980	0.000000
596.066990	0.000000
596.238010	0.000000
596.409020	0.000000
596.580030	0.000000
596.751040	0.000000
596.922060	0.000000
597.093070	0.000000
597.264080	0.000000
597.435090	0.000000
597.606110	0.000000
597.777120	0.000000
597.948130	0.000000
598.119150	0.000000
598.290160	0.000000
598.461170	0.000000
598.632180	0.000000
598.803200	0.000000
598.974210	0.000000
599.145220	0.000000
599.316230	0.000000
599.487250	0.000000
599.658260	0.000000
599.829270	0.000000
600.000290	0.000000
600.171300	0.000000
600.342310	0.000000
600.513320	0.000000
600.684340	0.000000
600.855350	0.000000
601.026360	0.000000
601.197370	0.000000
601.368390	0.000000
601.539400	0.000000
601.710410	0.000000
601.881430	0.000000
602.052440	0.000000
602.223450	0.000000
602.394460	0.000000
602.565480	0.000000
602.736490	0.000000
602.907500	0.000000
603.078510	0.000000
603.249530	0.000000
603.420540	0.000000
603.591550	0.000000
603.762570	0.000000
603.933580	0.000000
604.104590	0.000000
604.275600	0.000000
604.446620	0.000000
604.617630	0.000000
604.788640	0.000000
604.959650	0.000000
605.130670	0.000000
605.301680	0.000000
605.472690	0.000000
605.643710	0.000000
605.814720	0.000000
605.985730	0.000000
606.156740	0.000000
606.327760	0.000000
606.498770	0.000000
606.669780	0.000000
606.840790	0.000000
607.011810	0.000000
607.182820	0.000000
607.353830	0.000000
607.524850	0.000000
607.695860	0.000000
607.866870	0.000000
608.037880	0.000000
608.208900	0.000000
608.379910	0.000000
608.550920	0.000000
608.721930	0.000000
608.892950	0.000000
609.063960	0.000000
609.234970	0.000000
609.405990	0.000000
609.577000	0.000000
609.748010	0.000000
609.919020	0.000000
610.090040	0.000000
610.261050	0.000000
610.432060	0.000000
610.603070	0.000000
610.774090	0.000000
610.945100	0.000000
611.116110	0.000000
611.287130	0.000000
611.458140	0.000000
611.629150	0.000000
611.800160	0.000000
611.971180	0.000000
612.142190	0.000000
612.313200	0.000000
612.484210	0.000000
612.655230	0.000000
612.826240	0.000000
612.997250	0.000000
613.168270	0.000000
613.339280	0.000000
613.510290	0.000000
613.681300	0.000000
613.852320	0.000000
614.023330	0.000000
614.194340	0.000000
614.365350	0.000000
614.536370	0.000000
614.707380	0.000000
614.878390	0.000000
615.049410	0.000000
615.220420	0.000000
615.391430	0.000000
615.562440	0.000000
615.733460	0.000000
615.904470	0.000000
616.075480	0.000000
616.246490	0.000000
616.417510	0.000000
616.588520	0.000000
616.759530	0.000000
616.930550	0.000000
617.101560	0.000000
617.272570	0.000000
617.443580	0.000000
617.614600	0.000000
617.785610	0.000000
617.956620	0.000000
618.127630	0.000000
618.298650	0.000000
618.469660	0.000000
618.640670	0.000000
618.811690	0.000000
618.982700	0.000000
619.153710	0.000000
619.324720	0.000000
619.495740	0.000000
619.666750	0.000000
619.837760	0.000000
620.008770	0.000000
620.179790	0.000000
620.350800	0.000000
620.521810	0.000000
620.692820	0.000000
620.863840	0.000000
621.034850	0.000000
621.205860	0.000000
621.376880	0.000000
621.547890	0.000000
621.718900	0.000000
621.889910	0.000000
622.060930	0.000000
622.231940	0.000000
622.402950	0.000000
622.573960	0.000000
622.744980	0.000000
622.915990	0.000000
623.087000	0.000000
623.258020	0.000000
623.429030	0.000000
623.600040	0.000000
623.771050	0.000000
623.942070	0.000000
624.113080	0.000000
624.284090	0.000000
624.455100	0.000000
624.626120	0.000000
624.797130	0.000000
624.968140	0.000000
625.139160	0.000000
625.310170	0.000000
625.481180	0.000000
625.652190	0.000000
625.823210	0.000000
625.994220	0.000000
626.165230	0.000000
626.336240	0.000000
626.507260	0.000000
626.678270	0.000000
626.849280	0.000000
627.020300	0.000000
627.191310	0.000000
627.362320	0.000000
627.533330	0.000000
627.704350	0.000000
627.875360	0.000000
628.046370	0.000000
628.217380	0.000000
628.388400	0.000000
628.559410	0.000000
628.730420	0.000000
628.901440	0.000000
629.072450	0.000000
629.243460	0.000000
629.414470	0.000000
629.585490	0.000000
629.756500	0.000000
629.927510	0.000000
630.098520	0.000000
630.269540	0.000000
630.440550	0.000000
630.611560	0.000000
630.782580	0.000000
630.953590	0.000000
631.124600	0.000000
631.295610	0.000000
631.466630	0.000000
631.637640	0.000000
631.808650	0.000000
631.979660	0.000000
632.150680	0.000000
632.321690	0.000000
632.492700	0.000000
632.663720	0.000000
632.834730	0.000000
633.005740	0.000000
633.176750	0.000000
633.347770	0.000000
633.518780	0.000000
633.689790	0.000000
633.860800	0.000000
634.031820	0.000000
634.202830	0.000000
634.373840	0.000000
634.544860	0.000000
634.715870	0.000000
634.886880	0.000000
635.057890	0.000000
635.228910	0.000000
635.399920	0.000000
635.570930	0.000000
635.741940	0.000000
635.912960	0.000000
636.083970	0.000000
636.254980	0.000000
636.426000	0.000000
636.597010	0.000000
636.768020	0.000000
636.939030	0.000000
637.110050	0.000000
637.281060	0.000000
637.452070	0.000000
637.623080	0.000000
637.794100	0.000000
637.965110	0.000000
638.136120	0.000000
638.307140	0.000000
638.478150	0.000000
638.649160	0.000000
638.820170	0.000000
638.991190	0.000000
639.162200	0.000000
639.333210	0.000000
639.504220	0.000000
639.675240	0.000000
639.846250	0.000000
640.017260	0.000000
640.188280	0.000000
640.359290	0.000000
640.530300	0.000000
640.701310	0.000000
640.872330	0.000000
641.043340	0.000000
641.214350	0.000000
641.385360	0.000000
641.556380	0.000000
641.727390	0.000000
641.898400	0.000000
642.069420	0.000000
642.240430	0.000000
642.411440	0.000000
642.582450	0.000000
642.753470	0.000000
642.924480	0.000000
643.095490	0.000000
643.266500	0.000000
643.437520	0.000000
643.608530	0.000000
643.779540	0.000000
643.950560	0.000000
644.121570	0.000000
644.292580	0.000000
644.463590	0.000000
644.634610	0.000000
644.805620	0.000000
644.976630	0.000000
645.147640	0.000000
645.318660	0.000000
645.489670	0.000000
645.660680	0.000000
645.831700	0.000000
646.002710	0.000000
646.173720	0.000000
646.344730	0.000000
646.515750	0.000000
646.686760	0.000000
646.857770	0.000000
647.028780	0.000000
647.199800	0.000000
647.370810	0.000000
647.541820	0.000000
647.712840	0.000000
647.883850	0.000000
648.054860	0.000000
648.225870	0.000000
648.396890	0.000000
648.567900	0.000000
648.738910	0.000000
648.909920	0.000000
649.080940	0.000000
649.251950	0.000000
649.422960	0.000000
649.593970	0.000000
649.764990	0.000000
649.936000	0.000000
650.107010	0.000000
650.278030	0.000000
650.449040	0.000000
650.620050	0.000000
650.791060	0.000000
650.962080	0.000000
651.133090	0.000000
651.304100	0.000000
651.475110	0.000000
651.646130	0.000000
651.817140	0.000000
651.988150	0.000000
652.159170	0.000000
652.330180	0.000000
652.501190	0.000000
652.672200	0.000000
652.843220	0.000000
653.014230	0.000000
653.185240	0.000000
653.356250	0.000000
653.527270	0.000000
653.698280	0.000000
653.869290	0.000000
654.040310	0.000000
654.211320	0.000000
654.382330	0.000000
654.553340	0.000000
654.724360	0.000000
654.895370	0.000000
655.066380	0.000000
655.237390	0.000000
655.408410	0.000000
655.579420	0.000000
655.750430	0.000000
655.921450	0.000001
656.092460	0.000001
656.263470	0.000001
656.434480	0.000001
656.605500	0.000001
656.776510	0.000001
656.947520	0.000001
657.118530	0.000001
657.289550	0.000001
657.460560	0.000001
657.631570	0.000001
657.802590	0.000001
657.973600	0.000001
658.144610	0.000001
658.315620	0.000002
658.486640	0.000002
658.657650	0.000002
658.828660	0.000002
658.999670	0.000002
659.170690	0.000002
659.341700	0.000002
659.512710	0.000003
659.683730	0.000003
659.854740	0.000003
660.025750	0.000003
660.196760	0.000004
660.367780	0.000004
660.538790	0.000004
660.709800	0.000004
660.880810	0.000005
661.051830	0.000005
661.222840	0.000005
661.393850	0.000006
661.564870	0.000006
661.735880	0.000007
661.906890	0.000007
662.077900	0.000008
662.248920	0.000008
662.419930	0.000009
662.590940	0.000010
662.761950	0.000010
662.932970	0.000011
663.103980	0.000012
663.274990	0.000013
663.446010	0.000014
663.617020	0.000014
663.788030	0.000015
663.959040	0.000017
664.130060	0.000018
664.301070	0.000019
664.472080	0.000020
664.643090	0.000022
664.814110	0.000023
664.985120	0.000025
665.156130	0.000026
665.327150	0.000028
665.498160	0.000030
665.669170	0.000032
665.840180	0.000034
666.011200	0.000036
666.182210	0.000039
666.353220	0.000041
666.524230	0.000044
666.695250	0.000047
666.866260	0.000050
667.037270	0.000053
667.208290	0.000057
667.379300	0.000061
667.550310	0.000064
667.721320	0.000069
667.892340	0.000073
668.063350	0.000078
668.234360	0.000083
668.405370	0.000088
668.576390	0.000093
668.747400	0.000099
668.918410	0.000105
669.089430	0.000112
669.260440	0.000119
669.431450	0.000126
669.602460	0.000134
669.773480	0.000142
669.944490	0.000151
670.115500	0.000160
670.286510	0.000170
670.457530	0.000180
670.628540	0.000191
670.799550	0.000202
670.970570	0.000214
671.141580	0.000227
671.312590	0.000240
671.483600	0.000254
671.654620	0.000269
671.825630	0.000285
671.996640	0.000301
672.167650	0.000319
672.338670	0.000337
672.509680	0.000357
672.680690	0.000377
672.851710	0.000399
673.022720	0.000421
673.193730	0.000445
673.364740	0.000470
673.535760	0.000497
673.706770	0.000524
673.877780	0.000554
674.048790	0.000584
674.219810	0.000616
674.390820	0.000650
674.561830	0.000686
674.732850	0.000723
674.903860	0.000763
675.074870	0.000804
675.245880	0.000847
675.416900	0.000893
675.587910	0.000940
675.758920	0.000990
675.929930	0.001043
676.100950	0.001097
676.271960	0.001155
676.442970	0.001215
676.613990	0.001279
676.785000	0.001345
676.956010	0.001414
677.127020	0.001487
677.298040	0.001563
677.469050	0.001643
677.640060	0.001726
677.811070	0.001813
677.982090	0.001904
678.153100	0.002000
678.324110	0.002099
678.495120	0.002203
678.666140	0.002312
678.837150	0.002426
679.008160	0.002545
679.179180	0.002669
679.350190	0.002798
679.521200	0.002933
679.692210	0.003074
679.863230	0.003221
680.034240	0.003375
680.205250	0.003535
680.376260	0.003702
680.547280	0.003876
680.718290	0.004057
680.889300	0.004246
681.060320	0.004443
681.231330	0.004648
681.402340	0.004862
681.573350	0.005084
681.744370	0.005316
681.915380	0.005556
682.086390	0.005807
682.257400	0.006068
682.428420	0.006339
682.599430	0.006620
682.770440	0.006913
682.941460	0.007218
683.112470	0.007534
683.283480	0.007863
683.454490	0.008204
683.625510	0.008558
683.796520	0.008926
683.967530	0.009308
684.138540	0.009705
684.309560	0.010116
684.480570	0.010542
684.651580	0.010985
684.822600	0.011443
684.993610	0.011919
685.164620	0.012411
685.335630	0.012922
685.506650	0.013451
685.677660	0.013998
685.848670	0.014566
686.019680	0.015153
686.190700	0.015761
686.361710	0.016390
686.532720	0.017040
686.703740	0.017713
686.874750	0.018410
687.045760	0.019129
687.216770	0.019873
687.387790	0.020642
687.558800	0.021437
687.729810	0.022258
687.900820	0.023106
688.071840	0.023981
688.242850	0.024885
688.413860	0.025818
688.584880	0.026781
688.755890	0.027774
688.926900	0.028799
689.097910	0.029856
689.268930	0.030946
689.439940	0.032069
689.610950	0.033227
689.781960	0.034420
689.952980	0.035650
690.123990	0.036916
690.295000	0.038220
690.466020	0.039562
690.637030	0.040944
690.808040	0.042366
690.979050	0.043830
691.150070	0.045335
691.321080	0.046883
691.492090	0.048475
691.663100	0.050112
691.834120	0.051795
692.005130	0.053523
692.176140	0.055300
692.347160	0.057124
692.518170	0.058998
692.689180	0.060922
692.860190	0.062897
693.031210	0.064924
693.202220	0.067004
693.373230	0.069138
693.544240	0.071327
693.715260	0.073571
693.886270	0.075873
694.057280	0.078231
694.228300	0.080649
694.399310	0.083126
694.570320	0.085663
694.741330	0.088262
694.912350	0.090923
695.083360	0.093647
695.254370	0.096435
695.425380	0.099288
695.596400	0.102207
695.767410	0.105193
695.938420	0.108247
696.109440	0.111369
696.280450	0.114561
696.451460	0.117823
696.622470	0.121156
696.793490	0.124561
696.964500	0.128039
697.135510	0.131590
697.306520	0.135216
697.477540	0.138917
697.648550	0.142693
697.819560	0.146547
697.990580	0.150477
698.161590	0.154486
698.332600	0.158574
698.503610	0.162740
698.674630	0.166987
698.845640	0.171315
699.016650	0.175723
699.187660	0.180214
699.358680	0.184787
699.529690	0.189442
699.700700	0.194181
699.871720	0.199004
700.042730	0.203911
700.213740	0.208902
700.384750	0.213979
700.555770	0.219141
700.726780	0.224388
700.897790	0.229721
701.068800	0.235140
701.239820	0.240645
701.410830	0.246237
701.581840	0.251916
701.752860	0.257680
701.923870	0.263532
702.094880	0.269470
702.265890	0.275495
702.436910	0.281606
702.607920	0.287804
702.778930	0.294088
702.949940	0.300458
703.120960	0.306914
703.291970	0.313455
703.462980	0.320081
703.634000	0.326792
703.805010	0.333587
703.976020	0.340466
704.147030	0.347429
704.318050	0.354474
704.489060	0.361601
704.660070	0.368809
704.831080	0.376098
705.002100	0.383466
705.173110	0.390914
705.344120	0.398440
705.515140	0.406043
705.686150	0.413722
705.857160	0.421476
706.028170	0.429304
706.199190	0.437205
706.370200	0.445178
706.541210	0.453221
706.712220	0.461334
706.883240	0.469514
707.054250	0.477760
707.225260	0.486072
707.396270	0.494446
707.567290	0.502883
707.738300	0.511380
707.909310	0.519935
708.080330	0.528547
708.251340	0.537214
708.422350	0.545934
708.593360	0.554706
708.764380	0.563527
708.935390	0.572396
709.106400	0.581310
709.277410	0.590267
709.448430	0.599266
709.619440	0.608304
709.790450	0.617379
709.961470	0.626488
710.132480	0.635630
710.303490	0.644801
710.474500	0.654001
710.645520	0.663225
710.816530	0.672472
710.987540	0.681740
711.158550	0.691025
711.329570	0.700326
711.500580	0.709638
711.671590	0.718961
711.842610	0.728291
712.013620	0.737626
712.184630	0.746962
712.355640	0.756297
712.526660	0.765628
712.697670	0.774953
712.868680	0.784268
713.039690	0.793570
713.210710	0.802857
713.381720	0.812126
713.552730	0.821374
713.723750	0.830598
713.894760	0.839794
714.065770	0.848961
714.236780	0.858094
714.407800	0.867191
714.578810	0.876249
714.749820	0.885265
714.920830	0.894235
715.091850	0.903158
715.262860	0.912029
715.433870	0.920845
715.604890	0.929604
715.775900	0.938303
715.946910	0.946938
716.117920	0.955506
716.288940	0.964005
716.459950	0.972432
716.630960	0.980783
716.801970	0.989055
716.972990	0.997246
717.144000	1.005352
717.315010	1.013371
717.486030	1.021299
717.657040	1.029134
717.828050	1.036873
717.999060	1.044513
718.170080	1.052052
718.341090	1.059486
718.512100	1.066812
718.683110	1.074029
718.854130	1.081132
719.025140	1.088121
719.196150	1.094991
719.367170	1.101741
719.538180	1.108368
719.709190	1.114870
719.880200	1.121243
720.051220	1.127486
720.222230	1.133597
720.393240	1.139572
720.564250	1.145410
720.735270	1.151109
720.906280	1.156667
721.077290	1.162080
721.248310	1.167348
721.419320	1.172469
721.590330	1.177440
721.761340	1.182259
721.932360	1.186926
722.103370	1.191437
722.274380	1.195792
722.445390	1.199989
722.616410	1.204026
722.787420	1.207902
722.958430	1.211616
723.129450	1.215166
723.300460	1.218551
723.471470	1.221769
723.642480	1.224820
723.813500	1.227703
723.984510	1.230416
724.155520	1.232959
724.326530	1.235331
724.497550	1.237531
724.668560	1.239559
724.839570	1.241413
725.010590	1.243093
725.181600	1.244599
725.352610	1.245931
725.523620	1.247088
725.694640	1.248069
725.865650	1.248876
726.036660	1.249507
726.207670	1.249962
726.378690	1.250242
726.549700	1.250347
726.720710	1.250277
726.891730	1.250032
727.062740	1.249613
727.233750	1.249020
727.404760	1.248253
727.575780	1.247314
727.746790	1.246202
727.917800	1.244918
728.088810	1.243464
728.259830	1.241840
728.430840	1.240046
728.601850	1.238085
728.772870	1.235957
728.943880	1.233662
729.114890	1.231203
729.285900	1.228581
729.456920	1.225796
729.627930	1.222851
729.798940	1.219746
729.969950	1.216483
730.140970	1.213064
730.311980	1.209490
730.482990	1.205763
730.654010	1.201884
730.825020	1.197856
730.996030	1.193680
731.167040	1.189358
731.338060	1.184892
731.509070	1.180284
731.680080	1.175537
731.851090	1.170651
732.022110	1.165629
732.193120	1.160473
732.364130	1.155186
732.535150	1.149769
732.706160	1.144226
732.877170	1.138558
733.048180	1.132767
733.219200	1.126856
733.390210	1.120828
733.561220	1.114684
733.732230	1.108428
733.903250	1.102061
734.074260	1.095586
734.245270	1.089007
734.416280	1.082324
734.587300	1.075542
734.758310	1.068662
734.929320	1.061687
735.100340	1.054620
735.271350	1.047463
735.442360	1.040219
735.613370	1.032891
735.784390	1.025482
735.955400	1.017993
736.126410	1.010429
736.297420	1.002791
736.468440	0.995082
736.639450	0.987305
736.810460	0.979462
736.981480	0.971557
737.152490	0.963592
737.323500	0.955570
737.494510	0.947493
737.665530	0.939365
737.836540	0.931187
738.007550	0.922962
738.178560	0.914694
738.349580	0.906385
738.520590	0.898037
738.691600	0.889653
738.862620	0.881235
739.033630	0.872787
739.204640	0.864311
739.375650	0.855810
739.546670	0.847285
739.717680	0.838739
739.888690	0.830176
740.059700	0.821597
740.230720	0.813005
740.401730	0.804402
740.572740	0.795791
740.743760	0.787173
740.914770	0.778553
741.085780	0.769931
741.256790	0.761309
741.427810	0.752691
741.598820	0.744079
741.769830	0.735474
741.940840	0.726879
742.111860	0.718296
742.282870	0.709727
742.453880	0.701173
742.624900	0.692638
742.795910	0.684123
742.966920	0.675630
743.137930	0.667161
743.308950	0.658717
743.479960	0.650301
743.650970	0.641915
743.821980	0.633559
743.993000	0.625237
744.164010	0.616949
744.335020	0.608697
744.506040	0.600483
744.677050	0.592308
744.848060	0.584175
745.019070	0.576083
745.190090	0.568036
745.361100	0.560033
745.532110	0.552078
745.703120	0.544170
745.874140	0.536311
746.045150	0.528503
746.216160	0.520746
746.387180	0.513042
746.558190	0.505392
746.729200	0.497797
746.900210	0.490258
747.071230	0.482776
747.242240	0.475352
747.413250	0.467988
747.584260	0.460682
747.755280	0.453438
747.926290	0.446255
748.097300	0.439134
748.268320	0.432077
748.439330	0.425083
748.610340	0.418153
748.781350	0.411289
748.952370	0.404489
749.123380	0.397757
749.294390	0.391090
749.465400	0.384491
749.636420	0.377959
749.807430	0.371496
749.978440	0.365101
750.149460	0.358774
750.320470	0.352516
750.491480	0.346328
750.662490	0.340210
750.833510	0.334161
751.004520	0.328182
751.175530	0.322273
751.346540	0.316434
751.517560	0.310666
751.688570	0.304968
751.859580	0.299341
752.030600	0.293784
752.201610	0.288298
752.372620	0.282882
752.543630	0.277536
752.714650	0.272260
752.885660	0.267055
753.056670	0.261920
753.227680	0.256855
753.398700	0.251859
753.569710	0.246933
753.740720	0.242076
753.911740	0.237288
754.082750	0.232569
754.253760	0.227918
754.424770	0.223335
754.595790	0.218821
754.766800	0.214373
754.937810	0.209993
755.108820	0.205680
755.279840	0.201432
755.450850	0.197251
755.621860	0.193135
755.792880	0.189085
755.963890	0.185099
756.134900	0.181177
756.305910	0.177318
756.476930	0.173523
756.647940	0.169791
756.818950	0.166121
756.989960	0.162512
757.160980	0.158964
757.331990	0.155477
757.503000	0.152050
757.674020	0.148683
757.845030	0.145374
758.016040	0.142123
758.187050	0.138931
758.358070	0.135795
758.529080	0.132716
758.700090	0.129692
758.871100	0.126724
759.042120	0.123811
759.213130	0.120951
759.384140	0.118145
759.555160	0.115392
759.726170	0.112691
759.897180	0.110042
760.068190	0.107443
760.239210	0.104895
760.410220	0.102396
760.581230	0.099946
760.752240	0.097545
760.923260	0.095191
761.094270	0.092884
761.265280	0.090623
761.436300	0.088409
761.607310	0.086239
761.778320	0.084114
761.949330	0.082032
762.120350	0.079994
762.291360	0.077998
762.462370	0.076044
762.633380	0.074131
762.804400	0.072259
762.975410	0.070427
763.146420	0.068635
763.317430	0.066880
763.488450	0.065165
763.659460	0.063486
763.830470	0.061844
764.001490	0.060239
764.172500	0.058669
764.343510	0.057135
764.514520	0.055635
764.685540	0.054168
764.856550	0.052735
765.027560	0.051335
765.198570	0.049966
765.369590	0.048630
765.540600	0.047324
765.711610	0.046048
765.882630	0.044803
766.053640	0.043586
766.224650	0.042399
766.395660	0.041239
766.566680	0.040108

