# Optical absorption spectrum of BChlA (TD-DFT)
# Delta: 0.1 eV
#Wavelength (nm) Molar Extinction (cm-1/M)
    200.00000      0.00000
    200.26676      0.00000
    200.53351      0.00000
    200.80027      0.00000
    201.06702      0.00000
    201.33378      0.00000
    201.60053      0.00000
    201.86729      0.00000
    202.13404      0.00000
    202.40080      0.00000
    202.66756      0.00000
    202.93431      0.00000
    203.20107      0.00000
    203.46782      0.00000
    203.73458      0.00000
    204.00133      0.00000
    204.26809      0.00000
    204.53484      0.00000
    204.80160      0.00000
    205.06836      0.00000
    205.33511      0.00000
    205.60187      0.00000
    205.86862      0.00000
    206.13538      0.00000
    206.40213      0.00000
    206.66889      0.00000
    206.93565      0.00000
    207.20240      0.00000
    207.46916      0.00000
    207.73591      0.00000
    208.00267      0.00000
    208.26942      0.00000
    208.53618      0.00000
    208.80293      0.00000
    209.06969      0.00000
    209.33645      0.00000
    209.60320      0.00000
    209.86996      0.00000
    210.13671      0.00000
    210.40347      0.00000
    210.67022      0.00000
    210.93698      0.00000
    211.20373      0.00000
    211.47049      0.00000
    211.73725      0.00000
    212.00400      0.00000
    212.27076      0.00000
    212.53751      0.00000
    212.80427      0.00000
    213.07102      0.00000
    213.33778      0.00000
    213.60453      0.00000
    213.87129      0.00000
    214.13805      0.00000
    214.40480      0.00000
    214.67156      0.00000
    214.93831      0.00000
    215.20507      0.00000
    215.47182      0.00000
    215.73858      0.00000
    216.00534      0.00000
    216.27209      0.00000
    216.53885      0.00000
    216.80560      0.00000
    217.07236      0.00000
    217.33911      0.00000
    217.60587      0.00000
    217.87262      0.00000
    218.13938      0.00000
    218.40614      0.00000
    218.67289      0.00000
    218.93965      0.00000
    219.20640      0.00000
    219.47316      0.00000
    219.73991      0.00000
    220.00667      0.00000
    220.27342      0.00000
    220.54018      0.00000
    220.80694      0.00000
    221.07369      0.00000
    221.34045      0.00000
    221.60720      0.00000
    221.87396      0.00000
    222.14071      0.00000
    222.40747      0.00000
    222.67422      0.00000
    222.94098      0.00000
    223.20774      0.00000
    223.47449      0.00000
    223.74125      0.00000
    224.00800      0.00000
    224.27476      0.00000
    224.54151      0.00000
    224.80827      0.00000
    225.07503      0.00000
    225.34178      0.00000
    225.60854      0.00000
    225.87529      0.00000
    226.14205      0.00000
    226.40880      0.00000
    226.67556      0.00000
    226.94231      0.00000
    227.20907      0.00000
    227.47583      0.00000
    227.74258      0.00000
    228.00934      0.00000
    228.27609      0.00000
    228.54285      0.00000
    228.80960      0.00000
    229.07636      0.00000
    229.34311      0.00000
    229.60987      0.00000
    229.87663      0.00000
    230.14338      0.00000
    230.41014      0.00000
    230.67689      0.00000
    230.94365      0.00000
    231.21040      0.00000
    231.47716      0.00000
    231.74391      0.00000
    232.01067      0.00000
    232.27743      0.00000
    232.54418      0.00000
    232.81094      0.00000
    233.07769      0.00000
    233.34445      0.00000
    233.61120      0.00000
    233.87796      0.00000
    234.14471      0.00000
    234.41147      0.00000
    234.67823      0.00000
    234.94498      0.00000
    235.21174      0.00000
    235.47849      0.00000
    235.74525      0.00000
    236.01200      0.00000
    236.27876      0.00000
    236.54552      0.00000
    236.81227      0.00000
    237.07903      0.00000
    237.34578      0.00000
    237.61254      0.00000
    237.87929      0.00000
    238.14605      0.00000
    238.41280      0.00000
    238.67956      0.00000
    238.94632      0.00000
    239.21307      0.00000
    239.47983      0.00000
    239.74658      0.00000
    240.01334      0.00000
    240.28009      0.00000
    240.54685      0.00000
    240.81360      0.00000
    241.08036      0.00000
    241.34712      0.00000
    241.61387      0.00000
    241.88063      0.00000
    242.14738      0.00000
    242.41414      0.00000
    242.68089      0.00000
    242.94765      0.00000
    243.21440      0.00000
    243.48116      0.00000
    243.74792      0.00000
    244.01467      0.00000
    244.28143      0.00000
    244.54818      0.00000
    244.81494      0.00000
    245.08169      0.00000
    245.34845      0.00000
    245.61521      0.00000
    245.88196      0.00000
    246.14872      0.00000
    246.41547      0.00000
    246.68223      0.00000
    246.94898      0.00000
    247.21574      0.00000
    247.48249      0.00000
    247.74925      0.00000
    248.01601      0.00000
    248.28276      0.00000
    248.54952      0.00000
    248.81627      0.00000
    249.08303      0.00000
    249.34978      0.00000
    249.61654      0.00000
    249.88329      0.00000
    250.15005      0.00000
    250.41681      0.00000
    250.68356      0.00000
    250.95032      0.00000
    251.21707      0.00000
    251.48383      0.00000
    251.75058      0.00000
    252.01734      0.00000
    252.28409      0.00000
    252.55085      0.00000
    252.81761      0.00000
    253.08436      0.00000
    253.35112      0.00000
    253.61787      0.00000
    253.88463      0.00000
    254.15138      0.00000
    254.41814      0.00000
    254.68489      0.00000
    254.95165      0.00000
    255.21841      0.00000
    255.48516      0.00000
    255.75192      0.00000
    256.01867      0.00000
    256.28543      0.00000
    256.55218      0.00000
    256.81894      0.00000
    257.08570      0.00000
    257.35245      0.00000
    257.61921      0.00000
    257.88596      0.00000
    258.15272      0.00000
    258.41947      0.00000
    258.68623      0.00000
    258.95298      0.00000
    259.21974      0.00000
    259.48650      0.00000
    259.75325      0.00000
    260.02001      0.00000
    260.28676      0.00000
    260.55352      0.00000
    260.82027      0.00000
    261.08703      0.00000
    261.35378      0.00000
    261.62054      0.00000
    261.88730      0.00000
    262.15405      0.00000
    262.42081      0.00000
    262.68756      0.00000
    262.95432      0.00000
    263.22107      0.00000
    263.48783      0.00000
    263.75458      0.00000
    264.02134      0.00000
    264.28810      0.00000
    264.55485      0.00000
    264.82161      0.00000
    265.08836      0.00000
    265.35512      0.00000
    265.62187      0.00000
    265.88863      0.00000
    266.15539      0.00000
    266.42214      0.00000
    266.68890      0.00000
    266.95565      0.00000
    267.22241      0.00000
    267.48916      0.00000
    267.75592      0.00000
    268.02267      0.00000
    268.28943      0.00000
    268.55619      0.00000
    268.82294      0.00000
    269.08970      0.00000
    269.35645      0.00000
    269.62321      0.00000
    269.88996      0.00000
    270.15672      0.00000
    270.42347      0.00000
    270.69023      0.00000
    270.95699      0.00000
    271.22374      0.00000
    271.49050      0.00000
    271.75725      0.00000
    272.02401      0.00000
    272.29076      0.00000
    272.55752      0.00000
    272.82427      0.00000
    273.09103      0.00000
    273.35779      0.00000
    273.62454      0.00000
    273.89130      0.00000
    274.15805      0.00000
    274.42481      0.00000
    274.69156      0.00000
    274.95832      0.00000
    275.22508      0.00000
    275.49183      0.00000
    275.75859      0.00000
    276.02534      0.00000
    276.29210      0.00001
    276.55885      0.00001
    276.82561      0.00003
    277.09236      0.00005
    277.35912      0.00009
    277.62588      0.00016
    277.89263      0.00029
    278.15939      0.00051
    278.42614      0.00089
    278.69290      0.00153
    278.95965      0.00260
    279.22641      0.00437
    279.49316      0.00728
    279.75992      0.01200
    280.02668      0.01954
    280.29343      0.03150
    280.56019      0.05023
    280.82694      0.07925
    281.09370      0.12370
    281.36045      0.19107
    281.62721      0.29204
    281.89396      0.44173
    282.16072      0.66123
    282.42748      0.97962
    282.69423      1.43649
    282.96099      2.08500
    283.22774      2.99567
    283.49450      4.26079
    283.76125      5.99954
    284.02801      8.36377
    284.29476     11.54425
    284.56152     15.77730
    284.82828     21.35140
    285.09503     28.61343
    285.36179     37.97400
    285.62854     49.91128
    285.89530     64.97257
    286.16205     83.77280
    286.42881    106.98928
    286.69557    135.35188
    286.96232    169.62796
    287.22908    210.60177
    287.49583    259.04794
    287.76259    315.69945
    288.02934    381.21058
    288.29610    456.11597
    288.56285    540.78730
    288.82961    635.38957
    289.09637    739.83946
    289.36312    853.76825
    289.62988    976.49222
    289.89663   1106.99310
    290.16339   1243.91106
    290.43014   1385.55209
    290.69690   1529.91120
    290.96365   1674.71158
    291.23041   1817.45954
    291.49717   1955.51335
    291.76392   2086.16374
    292.03068   2206.72252
    292.29743   2314.61540
    292.56419   2407.47430
    292.83094   2483.22472
    293.09770   2540.16336
    293.36445   2577.02210
    293.63121   2593.01495
    293.89797   2587.86535
    294.16472   2561.81289
    294.43148   2515.59892
    294.69823   2450.43249
    294.96499   2367.93849
    295.23174   2270.09117
    295.49850   2159.13686
    295.76526   2037.50979
    296.03201   1907.74566
    296.29877   1772.39678
    296.56552   1633.95283
    296.83228   1494.77021
    297.09903   1357.01262
    297.36579   1222.60439
    297.63254   1093.19744
    297.89930    970.15188
    298.16606    854.52962
    298.43281    747.09953
    298.69957    648.35274
    298.96632    558.52586
    299.23308    477.63009
    299.49983    405.48411
    299.76659    341.74879
    300.03334    285.96196
    300.30010    237.57169
    300.56686    195.96712
    300.83361    160.50579
    301.10037    130.53708
    301.36712    105.42157
    301.63388     84.54619
    301.90063     67.33550
    302.16739     53.25937
    302.43414     41.83754
    302.70090     32.64155
    302.96766     25.29449
    303.23441     19.46918
    303.50117     14.88511
    303.76792     11.30460
    304.03468      8.52849
    304.30143      6.39175
    304.56819      4.75897
    304.83494      3.52020
    305.10170      2.58701
    305.36846      1.88895
    305.63521      1.37041
    305.90197      0.98788
    306.16872      0.70761
    306.43548      0.50366
    306.70223      0.35625
    306.96899      0.25041
    307.23575      0.17492
    307.50250      0.12143
    307.76926      0.08379
    308.03601      0.05746
    308.30277      0.03916
    308.56952      0.02653
    308.83628      0.01787
    309.10303      0.01196
    309.36979      0.00796
    309.63655      0.00527
    309.90330      0.00346
    310.17006      0.00227
    310.43681      0.00147
    310.70357      0.00096
    310.97032      0.00062
    311.23708      0.00041
    311.50383      0.00028
    311.77059      0.00021
    312.03735      0.00019
    312.30410      0.00022
    312.57086      0.00030
    312.83761      0.00046
    313.10437      0.00074
    313.37112      0.00119
    313.63788      0.00193
    313.90463      0.00310
    314.17139      0.00497
    314.43815      0.00791
    314.70490      0.01249
    314.97166      0.01960
    315.23841      0.03055
    315.50517      0.04727
    315.77192      0.07265
    316.03868      0.11090
    316.30544      0.16814
    316.57219      0.25320
    316.83895      0.37874
    317.10570      0.56273
    317.37246      0.83056
    317.63921      1.21774
    317.90597      1.77367
    318.17272      2.56648
    318.43948      3.68944
    318.70624      5.26933
    318.97299      7.47718
    319.23975     10.54192
    319.50650     14.76778
    319.77326     20.55592
    320.04001     28.43142
    320.30677     39.07628
    320.57352     53.36961
    320.84028     72.43592
    321.10704     97.70262
    321.37379    130.96749
    321.64055    174.47725
    321.90730    231.01752
    322.17406    304.01468
    322.44081    397.64948
    322.70757    516.98164
    322.97432    668.08422
    323.24108    858.18556
    323.50784   1095.81568
    323.77459   1390.95320
    324.04135   1755.16737
    324.30810   2201.74903
    324.57486   2745.82307
    324.84161   3404.43364
    325.10837   4196.59310
    325.37513   5143.28431
    325.64188   6267.40615
    325.90864   7593.65189
    326.17539   9148.31074
    326.44215  10958.98406
    326.70890  13054.20935
    326.97566  15462.98774
    327.24241  18214.21356
    327.50917  21336.00818
    327.77593  24854.96450
    328.04268  28795.31307
    328.30944  33178.02514
    328.57619  38019.87325
    328.84295  43332.47387
    329.10970  49121.34116
    329.37646  55384.98381
    329.64321  62114.07961
    329.90997  69290.76317
    330.17673  76888.06230
    330.44348  84869.51648
    330.71024  93189.00762
    330.97699 101790.82814
    331.24375 110610.00534
    331.51050 119572.89259
    331.77726 128598.02978
    332.04401 137597.26527
    332.31077 146477.12219
    332.57753 155140.38186
    332.84428 163487.84822
    333.11104 171420.24861
    333.37779 178840.21989
    333.64455 185654.32357
    333.91130 191775.03108
    334.17806 197122.61930
    334.44481 201626.91851
    334.71157 205228.85874
    334.97833 207881.76667
    335.24508 209552.37346
    335.51184 210221.50336
    335.77859 209884.42389
    336.04535 208550.84967
    336.31210 206244.60390
    336.57886 203002.95238
    336.84562 198875.63592
    337.11237 193923.63592
    337.37913 188217.71567
    337.64588 181836.78604
    337.91264 174866.14740
    338.17939 167395.66218
    338.44615 159517.91130
    338.71290 151326.38598
    338.97966 142913.76204
    339.24642 134370.29855
    339.51317 125782.39564
    339.77993 117231.33929
    340.04668 108792.25244
    340.31344 100533.26416
    340.58019  92514.90070
    340.84695  84789.69481
    341.11370  77402.00357
    341.38046  70388.01907
    341.64722  63775.95224
    341.91397  57586.36644
    342.18073  51832.63553
    342.44748  46521.50021
    342.71424  41653.69616
    342.98099  37224.62876
    343.24775  33225.07080
    343.51450  29641.86185
    343.78126  26458.59097
    344.04802  23656.24737
    344.31477  21213.82689
    344.58153  19108.88545
    344.84828  17318.03357
    345.11504  15817.36907
    345.38179  14582.84747
    345.64855  13590.59177
    345.91531  12817.14522
    346.18206  12239.67176
    346.44882  11836.11012
    346.71557  11585.28784
    346.98233  11467.00182
    347.24908  11462.07199
    347.51584  11552.37416
    347.78259  11720.85785
    348.04935  11951.55384
    348.31611  12229.57579
    348.58286  12541.11906
    348.84962  12873.45930
    349.11637  13214.95232
    349.38313  13555.03622
    349.64988  13884.23586
    349.91664  14194.16932
    350.18339  14477.55556
    350.45015  14728.22203
    350.71691  14941.11089
    350.98366  15112.28240
    351.25042  15238.91388
    351.51717  15319.29311
    351.78393  15352.80464
    352.05068  15339.90844
    352.31744  15282.10988
    352.58419  15181.92087
    352.85095  15042.81192
    353.11771  14869.15559
    353.38446  14666.16152
    353.65122  14439.80402
    353.91797  14196.74313
    354.18473  13944.24019
    354.45148  13690.06928
    354.71824  13442.42579
    354.98499  13209.83350
    355.25175  13001.05150
    355.51851  12824.98235
    355.78526  12690.58269
    356.05202  12606.77747
    356.31877  12582.37897
    356.58553  12626.01145
    356.85228  12746.04252
    357.11904  12950.52177
    357.38580  13247.12736
    357.65255  13643.12121
    357.91931  14145.31291
    358.18606  14760.03285
    358.45282  15493.11441
    358.71957  16349.88532
    358.98633  17335.16782
    359.25308  18453.28715
    359.51984  19708.08772
    359.78660  21102.95598
    360.05335  22640.84894
    360.32011  24324.32669
    360.58686  26155.58751
    360.85362  28136.50346
    361.12037  30268.65450
    361.38713  32553.35871
    361.65388  34991.69638
    361.92064  37584.52552
    362.18740  40332.48630
    362.45415  43235.99243
    362.72091  46295.20734
    362.98766  49510.00355
    363.25442  52879.90416
    363.52117  56404.00576
    363.78793  60080.88293
    364.05468  63908.47491
    364.32144  67883.95624
    364.58820  72003.59354
    364.85495  76262.59168
    365.12171  80654.93329
    365.38846  85173.21624
    365.65522  89808.49432
    365.92197  94550.12689
    366.18873  99385.64359
    366.45549 104300.63008
    366.72224 109278.64119
    366.98900 114301.14706
    367.25575 119347.51763
    367.52251 124395.05005
    367.78926 129419.04264
    368.05602 134392.91788
    368.32277 139288.39575
    368.58953 144075.71725
    368.85629 148723.91663
    369.12304 153201.13920
    369.38980 157475.00035
    369.65655 161512.98000
    369.92331 165282.84525
    370.19006 168753.09337
    370.45682 171893.40588
    370.72357 174675.10438
    370.99033 177071.59792
    371.25709 179058.81218
    371.52384 180615.59047
    371.79060 181724.05729
    372.05735 182369.93609
    372.32411 182542.81354
    372.59086 182236.34422
    372.85762 181448.39079
    373.12437 180181.09637
    373.39113 178440.88750
    373.65789 176238.40745
    373.92464 173588.38182
    374.19140 170509.41922
    374.45815 167023.75194
    374.72491 163156.92238
    374.99166 158937.42226
    375.25842 154396.29271
    375.52518 149566.69357
    375.79193 144483.45115
    376.05869 139182.59352
    376.32544 133700.88255
    376.59220 128075.35138
    376.85895 122342.85585
    377.12571 116539.64747
    377.39246 110700.97466
    377.65922 104860.71823
    377.92598  99051.06589
    378.19273  93302.22940
    378.45949  87642.20701
    378.72624  82096.59263
    378.99300  76688.43213
    379.25975  71438.12607
    379.52651  66363.37738
    379.79326  61479.18168
    380.06002  56797.85709
    380.32678  52329.10993
    380.59353  48080.13242
    380.86029  44055.72781
    381.12704  40258.45857
    381.39380  36688.81305
    381.66055  33345.38605
    381.92731  30225.06896
    382.19406  27323.24536
    382.46082  24633.98826
    382.72758  22150.25547
    382.99433  19864.08017
    383.26109  17766.75388
    383.52784  15848.99975
    383.79460  14101.13444
    384.06135  12513.21709
    384.32811  11075.18462
    384.59486   9776.97268
    384.86162   8608.62212
    385.12838   7560.37099
    385.39513   6622.73237
    385.66189   5786.55880
    385.92864   5043.09377
    386.19540   4384.01139
    386.46215   3801.44505
    386.72891   3288.00626
    386.99567   2836.79463
    387.26242   2441.40017
    387.52918   2095.89892
    387.79593   1794.84303
    388.06269   1533.24615
    388.32944   1306.56519
    388.59620   1110.67913
    388.86295    941.86586
    389.12971    796.77754
    389.39647    672.41509
    389.66322    566.10252
    389.92998    475.46130
    390.19673    398.38525
    390.46349    333.01625
    390.73024    277.72093
    390.99700    231.06864
    391.26375    191.81060
    391.53051    158.86058
    391.79727    131.27694
    392.06402    108.24612
    392.33078     89.06755
    392.59753     73.13997
    392.86429     59.94904
    393.13104     49.05625
    393.39780     40.08898
    393.66455     32.73165
    393.93131     26.71799
    394.19807     21.82407
    394.46482     17.86235
    394.73158     14.67639
    394.99833     12.13628
    395.26509     10.13472
    395.53184      8.58357
    395.79860      7.41099
    396.06536      6.55890
    396.33211      5.98084
    396.59887      5.64024
    396.86562      5.50882
    397.13238      5.56535
    397.39913      5.79458
    397.66589      6.18628
    397.93264      6.73454
    398.19940      7.43710
    398.46616      8.29485
    398.73291      9.31132
    398.99967     10.49236
    399.26642     11.84580
    399.53318     13.38112
    399.79993     15.10925
    400.06669     17.04230
    400.33344     19.19337
    400.60020     21.57635
    400.86696     24.20570
    401.13371     27.09627
    401.40047     30.26309
    401.66722     33.72120
    401.93398     37.48540
    402.20073     41.57006
    402.46749     45.98889
    402.73424     50.75474
    403.00100     55.87933
    403.26776     61.37306
    403.53451     67.24474
    403.80127     73.50136
    404.06802     80.14788
    404.33478     87.18699
    404.60153     94.61888
    404.86829    102.44107
    405.13505    110.64820
    405.40180    119.23186
    405.66856    128.18048
    405.93531    137.47917
    406.20207    147.10967
    406.46882    157.05029
    406.73558    167.27587
    407.00233    177.75784
    407.26909    188.46425
    407.53585    199.35987
    407.80260    210.40639
    408.06936    221.56252
    408.33611    232.78429
    408.60287    244.02528
    408.86962    255.23692
    409.13638    266.36887
    409.40313    277.36934
    409.66989    288.18554
    409.93665    298.76408
    410.20340    309.05139
    410.47016    318.99425
    410.73691    328.54018
    411.00367    337.63795
    411.27042    346.23806
    411.53718    354.29314
    411.80393    361.75844
    412.07069    368.59226
    412.33745    374.75627
    412.60420    380.21597
    412.87096    384.94093
    413.13771    388.90512
    413.40447    392.08713
    413.67122    394.47036
    413.93798    396.04317
    414.20473    396.79897
    414.47149    396.73623
    414.73825    395.85848
    415.00500    394.17427
    415.27176    391.69700
    415.53851    388.44477
    415.80527    384.44020
    416.07202    379.71011
    416.33878    374.28531
    416.60554    368.20018
    416.87229    361.49241
    417.13905    354.20253
    417.40580    346.37359
    417.67256    338.05068
    417.93931    329.28056
    418.20607    320.11123
    418.47282    310.59147
    418.73958    300.77048
    419.00634    290.69744
    419.27309    280.42115
    419.53985    269.98964
    419.80660    259.44986
    420.07336    248.84732
    420.34011    238.22585
    420.60687    227.62731
    420.87362    217.09138
    421.14038    206.65536
    421.40714    196.35401
    421.67389    186.21945
    421.94065    176.28102
    422.20740    166.56527
    422.47416    157.09589
    422.74091    147.89372
    423.00767    138.97678
    423.27442    130.36032
    423.54118    122.05690
    423.80794    114.07645
    424.07469    106.42642
    424.34145     99.11187
    424.60820     92.13564
    424.87496     85.49849
    425.14171     79.19924
    425.40847     73.23493
    425.67523     67.60101
    425.94198     62.29150
    426.20874     57.29911
    426.47549     52.61547
    426.74225     48.23124
    427.00900     44.13627
    427.27576     40.31977
    427.54251     36.77041
    427.80927     33.47649
    428.07603     30.42601
    428.34278     27.60685
    428.60954     25.00679
    428.87629     22.61369
    429.14305     20.41550
    429.40980     18.40037
    429.67656     16.55670
    429.94331     14.87319
    430.21007     13.33893
    430.47683     11.94337
    430.74358     10.67639
    431.01034      9.52832
    431.27709      8.48996
    431.54385      7.55257
    431.81060      6.70790
    432.07736      5.94818
    432.34411      5.26610
    432.61087      4.65484
    432.87763      4.10804
    433.14438      3.61976
    433.41114      3.18452
    433.67789      2.79723
    433.94465      2.45323
    434.21140      2.14820
    434.47816      1.87819
    434.74491      1.63959
    435.01167      1.42911
    435.27843      1.24375
    435.54518      1.08079
    435.81194      0.93776
    436.07869      0.81243
    436.34545      0.70279
    436.61220      0.60704
    436.87896      0.52355
    437.14572      0.45088
    437.41247      0.38772
    437.67923      0.33291
    437.94598      0.28544
    438.21274      0.24437
    438.47949      0.20891
    438.74625      0.17834
    439.01300      0.15202
    439.27976      0.12939
    439.54652      0.10998
    439.81327      0.09335
    440.08003      0.07912
    440.34678      0.06696
    440.61354      0.05659
    440.88029      0.04776
    441.14705      0.04025
    441.41380      0.03388
    441.68056      0.02847
    441.94732      0.02389
    442.21407      0.02003
    442.48083      0.01676
    442.74758      0.01401
    443.01434      0.01169
    443.28109      0.00975
    443.54785      0.00811
    443.81460      0.00674
    444.08136      0.00560
    444.34812      0.00464
    444.61487      0.00384
    444.88163      0.00318
    445.14838      0.00262
    445.41514      0.00216
    445.68189      0.00178
    445.94865      0.00147
    446.21541      0.00120
    446.48216      0.00099
    446.74892      0.00081
    447.01567      0.00066
    447.28243      0.00054
    447.54918      0.00044
    447.81594      0.00036
    448.08269      0.00029
    448.34945      0.00024
    448.61621      0.00019
    448.88296      0.00016
    449.14972      0.00013
    449.41647      0.00010
    449.68323      0.00008
    449.94998      0.00007
    450.21674      0.00005
    450.48349      0.00004
    450.75025      0.00004
    451.01701      0.00003
    451.28376      0.00002
    451.55052      0.00002
    451.81727      0.00001
    452.08403      0.00001
    452.35078      0.00001
    452.61754      0.00001
    452.88429      0.00001
    453.15105      0.00000
    453.41781      0.00000
    453.68456      0.00000
    453.95132      0.00000
    454.21807      0.00000
    454.48483      0.00000
    454.75158      0.00000
    455.01834      0.00000
    455.28510      0.00000
    455.55185      0.00000
    455.81861      0.00000
    456.08536      0.00000
    456.35212      0.00000
    456.61887      0.00000
    456.88563      0.00000
    457.15238      0.00000
    457.41914      0.00000
    457.68590      0.00000
    457.95265      0.00000
    458.21941      0.00000
    458.48616      0.00000
    458.75292      0.00000
    459.01967      0.00000
    459.28643      0.00000
    459.55318      0.00000
    459.81994      0.00000
    460.08670      0.00000
    460.35345      0.00000
    460.62021      0.00000
    460.88696      0.00000
    461.15372      0.00000
    461.42047      0.00000
    461.68723      0.00000
    461.95398      0.00000
    462.22074      0.00000
    462.48750      0.00000
    462.75425      0.00000
    463.02101      0.00000
    463.28776      0.00000
    463.55452      0.00000
    463.82127      0.00000
    464.08803      0.00000
    464.35478      0.00000
    464.62154      0.00000
    464.88830      0.00000
    465.15505      0.00000
    465.42181      0.00000
    465.68856      0.00000
    465.95532      0.00000
    466.22207      0.00000
    466.48883      0.00000
    466.75559      0.00000
    467.02234      0.00000
    467.28910      0.00000
    467.55585      0.00000
    467.82261      0.00000
    468.08936      0.00000
    468.35612      0.00000
    468.62287      0.00000
    468.88963      0.00000
    469.15639      0.00000
    469.42314      0.00000
    469.68990      0.00000
    469.95665      0.00000
    470.22341      0.00000
    470.49016      0.00000
    470.75692      0.00000
    471.02367      0.00000
    471.29043      0.00000
    471.55719      0.00000
    471.82394      0.00000
    472.09070      0.00000
    472.35745      0.00000
    472.62421      0.00000
    472.89096      0.00000
    473.15772      0.00000
    473.42447      0.00000
    473.69123      0.00000
    473.95799      0.00000
    474.22474      0.00000
    474.49150      0.00000
    474.75825      0.00000
    475.02501      0.00000
    475.29176      0.00000
    475.55852      0.00000
    475.82528      0.00000
    476.09203      0.00000
    476.35879      0.00000
    476.62554      0.00000
    476.89230      0.00000
    477.15905      0.00000
    477.42581      0.00000
    477.69256      0.00000
    477.95932      0.00000
    478.22608      0.00000
    478.49283      0.00000
    478.75959      0.00000
    479.02634      0.00000
    479.29310      0.00001
    479.55985      0.00001
    479.82661      0.00001
    480.09336      0.00001
    480.36012      0.00001
    480.62688      0.00002
    480.89363      0.00002
    481.16039      0.00003
    481.42714      0.00003
    481.69390      0.00004
    481.96065      0.00005
    482.22741      0.00006
    482.49416      0.00008
    482.76092      0.00009
    483.02768      0.00011
    483.29443      0.00014
    483.56119      0.00017
    483.82794      0.00021
    484.09470      0.00026
    484.36145      0.00032
    484.62821      0.00039
    484.89496      0.00047
    485.16172      0.00057
    485.42848      0.00070
    485.69523      0.00085
    485.96199      0.00103
    486.22874      0.00125
    486.49550      0.00151
    486.76225      0.00182
    487.02901      0.00219
    487.29577      0.00264
    487.56252      0.00318
    487.82928      0.00382
    488.09603      0.00459
    488.36279      0.00550
    488.62954      0.00658
    488.89630      0.00787
    489.16305      0.00939
    489.42981      0.01120
    489.69657      0.01334
    489.96332      0.01587
    490.23008      0.01885
    490.49683      0.02237
    490.76359      0.02651
    491.03034      0.03138
    491.29710      0.03710
    491.56385      0.04380
    491.83061      0.05166
    492.09737      0.06084
    492.36412      0.07158
    492.63088      0.08411
    492.89763      0.09871
    493.16439      0.11571
    493.43114      0.13548
    493.69790      0.15843
    493.96465      0.18505
    494.23141      0.21589
    494.49817      0.25157
    494.76492      0.29279
    495.03168      0.34038
    495.29843      0.39523
    495.56519      0.45838
    495.83194      0.53101
    496.09870      0.61443
    496.36546      0.71013
    496.63221      0.81979
    496.89897      0.94530
    497.16572      1.08876
    497.43248      1.25256
    497.69923      1.43937
    497.96599      1.65215
    498.23274      1.89423
    498.49950      2.16933
    498.76626      2.48158
    499.03301      2.83559
    499.29977      3.23647
    499.56652      3.68989
    499.83328      4.20214
    500.10003      4.78020
    500.36679      5.43176
    500.63354      6.16531
    500.90030      6.99022
    501.16706      7.91680
    501.43381      8.95640
    501.70057     10.12146
    501.96732     11.42563
    502.23408     12.88387
    502.50083     14.51250
    502.76759     16.32940
    503.03434     18.35401
    503.30110     20.60754
    503.56786     23.11305
    503.83461     25.89558
    504.10137     28.98228
    504.36812     32.40257
    504.63488     36.18826
    504.90163     40.37371
    505.16839     44.99598
    505.43515     50.09499
    505.70190     55.71366
    505.96866     61.89809
    506.23541     68.69772
    506.50217     76.16550
    506.76892     84.35804
    507.03568     93.33580
    507.30243    103.16323
    507.56919    113.90894
    507.83595    125.64587
    508.10270    138.45146
    508.36946    152.40774
    508.63621    167.60155
    508.90297    184.12462
    509.16972    202.07371
    509.43648    221.55073
    509.70323    242.66284
    509.96999    265.52253
    510.23675    290.24770
    510.50350    316.96171
    510.77026    345.79338
    511.03701    376.87706
    511.30377    410.35258
    511.57052    446.36519
    511.83728    485.06556
    512.10403    526.60961
    512.37079    571.15844
    512.63755    618.87817
    512.90430    669.93970
    513.17106    724.51853
    513.43781    782.79449
    513.70457    844.95143
    513.97132    911.17685
    514.23808    981.66159
    514.50483   1056.59933
    514.77159   1136.18618
    515.03835   1220.62013
    515.30510   1310.10055
    515.57186   1404.82755
    515.83861   1505.00138
    516.10537   1610.82174
    516.37212   1722.48708
    516.63888   1840.19379
    516.90564   1964.13551
    517.17239   2094.50220
    517.43915   2231.47933
    517.70590   2375.24697
    517.97266   2525.97888
    518.23941   2683.84154
    518.50617   2848.99321
    518.77292   3021.58290
    519.03968   3201.74939
    519.30644   3389.62021
    519.57319   3585.31062
    519.83995   3788.92259
    520.10670   4000.54377
    520.37346   4220.24649
    520.64021   4448.08677
    520.90697   4684.10331
    521.17372   4928.31662
    521.44048   5180.72800
    521.70724   5441.31874
    521.97399   5710.04925
    522.24075   5986.85828
    522.50750   6271.66220
    522.77426   6564.35429
    523.04101   6864.80420
    523.30777   7172.85735
    523.57452   7488.33454
    523.84128   7811.03152
    524.10804   8140.71876
    524.37479   8477.14121
    524.64155   8820.01823
    524.90830   9169.04359
    525.17506   9523.88556
    525.44181   9884.18713
    525.70857  10249.56633
    525.97533  10619.61663
    526.24208  10993.90752
    526.50884  11371.98510
    526.77559  11753.37287
    527.04235  12137.57260
    527.30910  12524.06525
    527.57586  12912.31213
    527.84261  13301.75601
    528.10937  13691.82242
    528.37613  14081.92107
    528.64288  14471.44726
    528.90964  14859.78346
    529.17639  15246.30098
    529.44315  15630.36164
    529.70990  16011.31957
    529.97666  16388.52304
    530.24341  16761.31641
    530.51017  17129.04199
    530.77693  17491.04210
    531.04368  17846.66104
    531.31044  18195.24711
    531.57719  18536.15469
    531.84395  18868.74628
    532.11070  19192.39448
    532.37746  19506.48410
    532.64421  19810.41408
    532.91097  20103.59948
    533.17773  20385.47339
    533.44448  20655.48882
    533.71124  20913.12044
    533.97799  21157.86636
    534.24475  21389.24976
    534.51150  21606.82045
    534.77826  21810.15636
    535.04502  21998.86490
    535.31177  22172.58423
    535.57853  22330.98438
    535.84528  22473.76835
    536.11204  22600.67297
    536.37879  22711.46969
    536.64555  22805.96530
    536.91230  22884.00237
    537.17906  22945.45972
    537.44582  22990.25264
    537.71257  23018.33304
    537.97933  23029.68943
    538.24608  23024.34678
    538.51284  23002.36628
    538.77959  22963.84490
    539.04635  22908.91486
    539.31310  22837.74303
    539.57986  22750.53012
    539.84662  22647.50981
    540.11337  22528.94776
    540.38013  22395.14053
    540.64688  22246.41434
    540.91364  22083.12385
    541.18039  21905.65078
    541.44715  21714.40241
    541.71390  21509.81017
    541.98066  21292.32796
    542.24742  21062.43060
    542.51417  20820.61212
    542.78093  20567.38408
    543.04768  20303.27377
    543.31444  20028.82251
    543.58119  19744.58384
    543.84795  19451.12174
    544.11470  19149.00883
    544.38146  18838.82463
    544.64822  18521.15379
    544.91497  18196.58433
    545.18173  17865.70595
    545.44848  17529.10836
    545.71524  17187.37967
    545.98199  16841.10476
    546.24875  16490.86380
    546.51551  16137.23073
    546.78226  15780.77191
    547.04902  15422.04471
    547.31577  15061.59631
    547.58253  14699.96241
    547.84928  14337.66618
    548.11604  13975.21719
    548.38279  13613.11039
    548.64955  13251.82531
    548.91631  12891.82518
    549.18306  12533.55621
    549.44982  12177.44700
    549.71657  11823.90792
    549.98333  11473.33065
    550.25008  11126.08777
    550.51684  10782.53246
    550.78359  10442.99822
    551.05035  10107.79873
    551.31711   9777.22773
    551.58386   9451.55900
    551.85062   9131.04639
    552.11737   8815.92393
    552.38413   8506.40601
    552.65088   8202.68755
    552.91764   7904.94435
    553.18439   7613.33336
    553.45115   7327.99309
    553.71791   7049.04401
    553.98466   6776.58901
    554.25142   6510.71393
    554.51817   6251.48804
    554.78493   5998.96464
    555.05168   5753.18164
    555.31844   5514.16216
    555.58520   5281.91513
    555.85195   5056.43600
    556.11871   4837.70735
    556.38546   4625.69954
    556.65222   4420.37142
    556.91897   4221.67099
    557.18573   4029.53606
    557.45248   3843.89494
    557.71924   3664.66710
    557.98600   3491.76382
    558.25275   3325.08887
    558.51951   3164.53912
    558.78626   3010.00519
    559.05302   2861.37204
    559.31977   2718.51959
    559.58653   2581.32330
    559.85328   2449.65470
    560.12004   2323.38196
    560.38680   2202.37041
    560.65355   2086.48303
    560.92031   1975.58091
    561.18706   1869.52376
    561.45382   1768.17027
    561.72057   1671.37859
    561.98733   1579.00665
    562.25408   1490.91259
    562.52084   1406.95504
    562.78760   1326.99349
    563.05435   1250.88853
    563.32111   1178.50217
    563.58786   1109.69807
    563.85462   1044.34178
    564.12137    982.30094
    564.38813    923.44547
    564.65488    867.64774
    564.92164    814.78274
    565.18840    764.72816
    565.45515    717.36458
    565.72191    672.57553
    565.98866    630.24754
    566.25542    590.27028
    566.52217    552.53657
    566.78893    516.94242
    567.05569    483.38708
    567.32244    451.77303
    567.58920    422.00602
    567.85595    393.99504
    568.12271    367.65231
    568.38946    342.89327
    568.65622    319.63653
    568.92297    297.80384
    569.18973    277.32008
    569.45649    258.11314
    569.72324    240.11394
    569.99000    223.25632
    570.25675    207.47698
    570.52351    192.71544
    570.79026    178.91395
    571.05702    166.01741
    571.32377    153.97333
    571.59053    142.73168
    571.85729    132.24492
    572.12404    122.46781
    572.39080    113.35741
    572.65755    104.87295
    572.92431     96.97580
    573.19106     89.62934
    573.45782     82.79890
    573.72457     76.45170
    573.99133     70.55675
    574.25809     65.08478
    574.52484     60.00818
    574.79160     55.30089
    575.05835     50.93839
    575.32511     46.89756
    575.59186     43.15667
    575.85862     39.69528
    576.12538     36.49418
    576.39213     33.53535
    576.65889     30.80187
    576.92564     28.27790
    577.19240     25.94857
    577.45915     23.79999
    577.72591     21.81914
    577.99266     19.99385
    578.25942     18.31278
    578.52618     16.76530
    578.79293     15.34152
    579.05969     14.03221
    579.32644     12.82876
    579.59320     11.72317
    579.85995     10.70799
    580.12671      9.77629
    580.39346      8.92161
    580.66022      8.13798
    580.92698      7.41985
    581.19373      6.76205
    581.46049      6.15982
    581.72724      5.60872
    581.99400      5.10466
    582.26075      4.64385
    582.52751      4.22276
    582.79426      3.83817
    583.06102      3.48708
    583.32778      3.16671
    583.59453      2.87453
    583.86129      2.60816
    584.12804      2.36546
    584.39480      2.14441
    584.66155      1.94318
    584.92831      1.76008
    585.19507      1.59355
    585.46182      1.44216
    585.72858      1.30459
    585.99533      1.17965
    586.26209      1.06622
    586.52884      0.96329
    586.79560      0.86993
    587.06235      0.78529
    587.32911      0.70859
    587.59587      0.63912
    587.86262      0.57621
    588.12938      0.51928
    588.39613      0.46779
    588.66289      0.42122
    588.92964      0.37914
    589.19640      0.34112
    589.46315      0.30679
    589.72991      0.27580
    589.99667      0.24784
    590.26342      0.22263
    590.53018      0.19990
    590.79693      0.17941
    591.06369      0.16097
    591.33044      0.14436
    591.59720      0.12941
    591.86395      0.11597
    592.13071      0.10388
    592.39747      0.09301
    592.66422      0.08325
    592.93098      0.07448
    593.19773      0.06661
    593.46449      0.05955
    593.73124      0.05322
    593.99800      0.04754
    594.26475      0.04245
    594.53151      0.03789
    594.79827      0.03381
    595.06502      0.03016
    595.33178      0.02689
    595.59853      0.02396
    595.86529      0.02135
    596.13204      0.01901
    596.39880      0.01693
    596.66556      0.01506
    596.93231      0.01340
    597.19907      0.01192
    597.46582      0.01059
    597.73258      0.00941
    597.99933      0.00836
    598.26609      0.00742
    598.53284      0.00659
    598.79960      0.00585
    599.06636      0.00518
    599.33311      0.00460
    599.59987      0.00407
    599.86662      0.00361
    600.13338      0.00320
    600.40013      0.00283
    600.66689      0.00250
    600.93364      0.00222
    601.20040      0.00196
    601.46716      0.00173
    601.73391      0.00153
    602.00067      0.00135
    602.26742      0.00119
    602.53418      0.00105
    602.80093      0.00093
    603.06769      0.00082
    603.33444      0.00072
    603.60120      0.00064
    603.86796      0.00056
    604.13471      0.00050
    604.40147      0.00044
    604.66822      0.00038
    604.93498      0.00034
    605.20173      0.00030
    605.46849      0.00026
    605.73525      0.00023
    606.00200      0.00020
    606.26876      0.00018
    606.53551      0.00016
    606.80227      0.00014
    607.06902      0.00012
    607.33578      0.00011
    607.60253      0.00009
    607.86929      0.00008
    608.13605      0.00007
    608.40280      0.00006
    608.66956      0.00005
    608.93631      0.00005
    609.20307      0.00004
    609.46982      0.00004
    609.73658      0.00003
    610.00333      0.00003
    610.27009      0.00002
    610.53685      0.00002
    610.80360      0.00002
    611.07036      0.00002
    611.33711      0.00001
    611.60387      0.00001
    611.87062      0.00001
    612.13738      0.00001
    612.40413      0.00001
    612.67089      0.00001
    612.93765      0.00001
    613.20440      0.00001
    613.47116      0.00000
    613.73791      0.00000
    614.00467      0.00000
    614.27142      0.00000
    614.53818      0.00000
    614.80493      0.00000
    615.07169      0.00000
    615.33845      0.00000
    615.60520      0.00000
    615.87196      0.00000
    616.13871      0.00000
    616.40547      0.00000
    616.67222      0.00000
    616.93898      0.00000
    617.20574      0.00000
    617.47249      0.00000
    617.73925      0.00000
    618.00600      0.00000
    618.27276      0.00000
    618.53951      0.00000
    618.80627      0.00000
    619.07302      0.00000
    619.33978      0.00000
    619.60654      0.00000
    619.87329      0.00000
    620.14005      0.00000
    620.40680      0.00001
    620.67356      0.00001
    620.94031      0.00001
    621.20707      0.00001
    621.47382      0.00001
    621.74058      0.00001
    622.00734      0.00001
    622.27409      0.00001
    622.54085      0.00002
    622.80760      0.00002
    623.07436      0.00002
    623.34111      0.00002
    623.60787      0.00003
    623.87462      0.00003
    624.14138      0.00004
    624.40814      0.00004
    624.67489      0.00005
    624.94165      0.00005
    625.20840      0.00006
    625.47516      0.00007
    625.74191      0.00008
    626.00867      0.00009
    626.27543      0.00010
    626.54218      0.00011
    626.80894      0.00013
    627.07569      0.00015
    627.34245      0.00016
    627.60920      0.00019
    627.87596      0.00021
    628.14271      0.00024
    628.40947      0.00027
    628.67623      0.00031
    628.94298      0.00035
    629.20974      0.00039
    629.47649      0.00044
    629.74325      0.00050
    630.01000      0.00057
    630.27676      0.00064
    630.54351      0.00072
    630.81027      0.00081
    631.07703      0.00091
    631.34378      0.00103
    631.61054      0.00116
    631.87729      0.00130
    632.14405      0.00147
    632.41080      0.00165
    632.67756      0.00185
    632.94431      0.00208
    633.21107      0.00233
    633.47783      0.00262
    633.74458      0.00294
    634.01134      0.00329
    634.27809      0.00369
    634.54485      0.00413
    634.81160      0.00462
    635.07836      0.00517
    635.34512      0.00578
    635.61187      0.00646
    635.87863      0.00722
    636.14538      0.00806
    636.41214      0.00899
    636.67889      0.01003
    636.94565      0.01119
    637.21240      0.01247
    637.47916      0.01389
    637.74592      0.01547
    638.01267      0.01722
    638.27943      0.01916
    638.54618      0.02130
    638.81294      0.02368
    639.07969      0.02631
    639.34645      0.02921
    639.61320      0.03243
    639.87996      0.03598
    640.14672      0.03990
    640.41347      0.04423
    640.68023      0.04901
    640.94698      0.05428
    641.21374      0.06009
    641.48049      0.06649
    641.74725      0.07354
    642.01400      0.08130
    642.28076      0.08984
    642.54752      0.09924
    642.81427      0.10957
    643.08103      0.12093
    643.34778      0.13340
    643.61454      0.14709
    643.88129      0.16212
    644.14805      0.17861
    644.41480      0.19669
    644.68156      0.21651
    644.94832      0.23822
    645.21507      0.26200
    645.48183      0.28802
    645.74858      0.31649
    646.01534      0.34763
    646.28209      0.38168
    646.54885      0.41887
    646.81561      0.45950
    647.08236      0.50385
    647.34912      0.55226
    647.61587      0.60505
    647.88263      0.66262
    648.14938      0.72536
    648.41614      0.79371
    648.68289      0.86813
    648.94965      0.94914
    649.21641      1.03727
    649.48316      1.13312
    649.74992      1.23732
    650.01667      1.35054
    650.28343      1.47351
    650.55018      1.60701
    650.81694      1.75190
    651.08369      1.90906
    651.35045      2.07948
    651.61721      2.26419
    651.88396      2.46430
    652.15072      2.68101
    652.41747      2.91560
    652.68423      3.16943
    652.95098      3.44398
    653.21774      3.74080
    653.48449      4.06158
    653.75125      4.40810
    654.01801      4.78227
    654.28476      5.18614
    654.55152      5.62189
    654.81827      6.09183
    655.08503      6.59844
    655.35178      7.14436
    655.61854      7.73240
    655.88530      8.36555
    656.15205      9.04700
    656.41881      9.78014
    656.68556     10.56856
    656.95232     11.41609
    657.21907     12.32680
    657.48583     13.30499
    657.75258     14.35526
    658.01934     15.48246
    658.28610     16.69174
    658.55285     17.98855
    658.81961     19.37869
    659.08636     20.86827
    659.35312     22.46377
    659.61987     24.17206
    659.88663     26.00037
    660.15338     27.95637
    660.42014     30.04814
    660.68690     32.28425
    660.95365     34.67370
    661.22041     37.22600
    661.48716     39.95120
    661.75392     42.85987
    662.02067     45.96315
    662.28743     49.27276
    662.55418     52.80107
    662.82094     56.56106
    663.08770     60.56638
    663.35445     64.83141
    663.62121     69.37123
    663.88796     74.20167
    664.15472     79.33938
    664.42147     84.80179
    664.68823     90.60721
    664.95498     96.77480
    665.22174    103.32468
    665.48850    110.27786
    665.75525    117.65639
    666.02201    125.48331
    666.28876    133.78271
    666.55552    142.57978
    666.82227    151.90085
    667.08903    161.77340
    667.35579    172.22611
    667.62254    183.28892
    667.88930    194.99303
    668.15605    207.37099
    668.42281    220.45668
    668.68956    234.28541
    668.95632    248.89390
    669.22307    264.32038
    669.48983    280.60459
    669.75659    297.78784
    670.02334    315.91304
    670.29010    335.02474
    670.55685    355.16919
    670.82361    376.39435
    671.09036    398.74997
    671.35712    422.28758
    671.62387    447.06056
    671.89063    473.12421
    672.15739    500.53569
    672.42414    529.35418
    672.69090    559.64082
    672.95765    591.45879
    673.22441    624.87334
    673.49116    659.95181
    673.75792    696.76369
    674.02467    735.38062
    674.29143    775.87642
    674.55819    818.32715
    674.82494    862.81110
    675.09170    909.40883
    675.35845    958.20319
    675.62521   1009.27934
    675.89196   1062.72477
    676.15872   1118.62929
    676.42548   1177.08508
    676.69223   1238.18669
    676.95899   1302.03102
    677.22574   1368.71735
    677.49250   1438.34733
    677.75925   1511.02498
    678.02601   1586.85670
    678.29276   1665.95121
    678.55952   1748.41959
    678.82628   1834.37526
    679.09303   1923.93390
    679.35979   2017.21350
    679.62654   2114.33429
    679.89330   2215.41871
    680.16005   2320.59136
    680.42681   2429.97899
    680.69356   2543.71043
    680.96032   2661.91654
    681.22708   2784.73016
    681.49383   2912.28603
    681.76059   3044.72073
    682.02734   3182.17264
    682.29410   3324.78181
    682.56085   3472.68990
    682.82761   3626.04010
    683.09436   3784.97703
    683.36112   3949.64663
    683.62788   4120.19607
    683.89463   4296.77363
    684.16139   4479.52857
    684.42814   4668.61105
    684.69490   4864.17197
    684.96165   5066.36282
    685.22841   5275.33559
    685.49517   5491.24258
    685.76192   5714.23628
    686.02868   5944.46920
    686.29543   6182.09371
    686.56219   6427.26188
    686.82894   6680.12530
    687.09570   6940.83491
    687.36245   7209.54080
    687.62921   7486.39208
    687.89597   7771.53659
    688.16272   8065.12080
    688.42948   8367.28957
    688.69623   8678.18592
    688.96299   8997.95086
    689.22974   9326.72318
    689.49650   9664.63918
    689.76325  10011.83252
    690.03001  10368.43393
    690.29677  10734.57105
    690.56352  11110.36815
    690.83028  11495.94592
    691.09703  11891.42122
    691.36379  12296.90688
    691.63054  12712.51142
    691.89730  13138.33886
    692.16405  13574.48842
    692.43081  14021.05435
    692.69757  14478.12562
    692.96432  14945.78575
    693.23108  15424.11253
    693.49783  15913.17778
    693.76459  16413.04713
    694.03134  16923.77980
    694.29810  17445.42832
    694.56485  17978.03836
    694.83161  18521.64846
    695.09837  19076.28981
    695.36512  19641.98608
    695.63188  20218.75312
    695.89863  20806.59885
    696.16539  21405.52296
    696.43214  22015.51679
    696.69890  22636.56308
    696.96566  23268.63581
    697.23241  23911.70002
    697.49917  24565.71164
    697.76592  25230.61730
    698.03268  25906.35422
    698.29943  26592.85000
    698.56619  27290.02253
    698.83294  27997.77987
    699.09970  28716.02005
    699.36646  29444.63107
    699.63321  30183.49070
    699.89997  30932.46645
    700.16672  31691.41549
    700.43348  32460.18455
    700.70023  33238.60989
    700.96699  34026.51725
    701.23374  34823.72181
    701.50050  35630.02820
    701.76726  36445.23046
    702.03401  37269.11206
    702.30077  38101.44594
    702.56752  38941.99449
    702.83428  39790.50966
    703.10103  40646.73298
    703.36779  41510.39566
    703.63454  42381.21864
    703.90130  43258.91273
    704.16806  44143.17870
    704.43481  45033.70745
    704.70157  45930.18009
    704.96832  46832.26814
    705.23508  47739.63370
    705.50183  48651.92964
    705.76859  49568.79976
    706.03535  50489.87904
    706.30210  51414.79387
    706.56886  52343.16226
    706.83561  53274.59410
    707.10237  54208.69146
    707.36912  55145.04882
    707.63588  56083.25339
    707.90263  57022.88539
    708.16939  57963.51839
    708.43615  58904.71963
    708.70290  59846.05033
    708.96966  60787.06607
    709.23641  61727.31713
    709.50317  62666.34889
    709.76992  63603.70214
    710.03668  64538.91352
    710.30343  65471.51593
    710.57019  66401.03887
    710.83695  67327.00889
    711.10370  68248.95003
    711.37046  69166.38419
    711.63721  70078.83159
    711.90397  70985.81121
    712.17072  71886.84122
    712.43748  72781.43943
    712.70423  73669.12372
    712.97099  74549.41253
    713.23775  75421.82526
    713.50450  76285.88278
    713.77126  77141.10784
    714.03801  77987.02555
    714.30477  78823.16384
    714.57152  79649.05391
    714.83828  80464.23067
    715.10504  81268.23322
    715.37179  82060.60527
    715.63855  82840.89561
    715.90530  83608.65854
    716.17206  84363.45431
    716.43881  85104.84956
    716.70557  85832.41772
    716.97232  86545.73948
    717.23908  87244.40315
    717.50584  87928.00509
    717.77259  88596.15012
    718.03935  89248.45188
    718.30610  89884.53324
    718.57286  90504.02663
    718.83961  91106.57446
    719.10637  91691.82939
    719.37312  92259.45474
    719.63988  92809.12478
    719.90664  93340.52504
    720.17339  93853.35263
    720.44015  94347.31650
    720.70690  94822.13776
    720.97366  95277.54988
    721.24041  95713.29900
    721.50717  96129.14412
    721.77392  96524.85731
    722.04068  96900.22397
    722.30744  97255.04295
    722.57419  97589.12677
    722.84095  97902.30174
    723.10770  98194.40814
    723.37446  98465.30032
    723.64121  98714.84680
    723.90797  98942.93040
    724.17472  99149.44828
    724.44148  99334.31202
    724.70824  99497.44766
    724.97499  99638.79571
    725.24175  99758.31121
    725.50850  99855.96369
    725.77526  99931.73714
    726.04201  99985.63000
    726.30877 100017.65512
    726.57553 100027.83964
    726.84228 100016.22496
    727.10904  99982.86662
    727.37579  99927.83421
    727.64255  99851.21120
    727.90930  99753.09482
    728.17606  99633.59593
    728.44281  99492.83882
    728.70957  99330.96103
    728.97633  99148.11317
    729.24308  98944.45868
    729.50984  98720.17364
    729.77659  98475.44654
    730.04335  98210.47801
    730.31010  97925.48056
    730.57686  97620.67835
    730.84361  97296.30687
    731.11037  96952.61269
    731.37713  96589.85315
    731.64388  96208.29602
    731.91064  95808.21926
    732.17739  95389.91061
    732.44415  94953.66735
    732.71090  94499.79588
    732.97766  94028.61145
    733.24441  93540.43775
    733.51117  93035.60660
    733.77793  92514.45758
    734.04468  91977.33764
    734.31144  91424.60076
    734.57819  90856.60760
    734.84495  90273.72506
    735.11170  89676.32597
    735.37846  89064.78867
    735.64522  88439.49667
    735.91197  87800.83822
    736.17873  87149.20597
    736.44548  86484.99658
    736.71224  85808.61033
    736.97899  85120.45075
    737.24575  84420.92425
    737.51250  83710.43972
    737.77926  82989.40820
    738.04602  82258.24246
    738.31277  81517.35667
    738.57953  80767.16603
    738.84628  80008.08641
    739.11304  79240.53399
    739.37979  78464.92491
    739.64655  77681.67493
    739.91330  76891.19911
    740.18006  76093.91145
    740.44682  75290.22458
    740.71357  74480.54942
    740.98033  73665.29489
    741.24708  72844.86761
    741.51384  72019.67157
    741.78059  71190.10787
    742.04735  70356.57441
    742.31410  69519.46564
    742.58086  68679.17227
    742.84762  67836.08104
    743.11437  66990.57445
    743.38113  66143.03051
    743.64788  65293.82251
    743.91464  64443.31885
    744.18139  63591.88273
    744.44815  62739.87204
    744.71490  61887.63908
    744.98166  61035.53043
    745.24842  60183.88677
    745.51517  59333.04269
    745.78193  58483.32651
    746.04868  57635.06019
    746.31544  56788.55916
    746.58219  55944.13216
    746.84895  55102.08117
    747.11571  54262.70127
    747.38246  53426.28053
    747.64922  52593.09994
    747.91597  51763.43330
    748.18273  50937.54716
    748.44948  50115.70075
    748.71624  49298.14592
    748.98299  48485.12707
    749.24975  47676.88116
    749.51651  46873.63763
    749.78326  46075.61838
    750.05002  45283.03778
    750.31677  44496.10263
    750.58353  43715.01218
    750.85028  42939.95812
    751.11704  42171.12461
    751.38379  41408.68829
    751.65055  40652.81830
    751.91731  39903.67633
    752.18406  39161.41666
    752.45082  38426.18618
    752.71757  37698.12449
    752.98433  36977.36391
    753.25108  36264.02958
    753.51784  35558.23951
    753.78459  34860.10466
    754.05135  34169.72904
    754.31811  33487.20974
    754.58486  32812.63710
    754.85162  32146.09473
    755.11837  31487.65965
    755.38513  30837.40238
    755.65188  30195.38705
    755.91864  29561.67150
    756.18540  28936.30739
    756.45215  28319.34035
    756.71891  27710.81003
    756.98566  27110.75031
    757.25242  26519.18932
    757.51917  25936.14968
    757.78593  25361.64851
    758.05268  24795.69766
    758.31944  24238.30378
    758.58620  23689.46846
    758.85295  23149.18838
    759.11971  22617.45545
    759.38646  22094.25691
    759.65322  21579.57549
    759.91997  21073.38955
    760.18673  20575.67321
    760.45348  20086.39648
    760.72024  19605.52540
    760.98700  19133.02218
    761.25375  18668.84534
    761.52051  18212.94983
    761.78726  17765.28718
    762.05402  17325.80563
    762.32077  16894.45025
    762.58753  16471.16309
    762.85428  16055.88332
    763.12104  15648.54732
    763.38780  15249.08885
    763.65455  14857.43915
    763.92131  14473.52708
    764.18806  14097.27924
    764.45482  13728.62009
    764.72157  13367.47207
    764.98833  13013.75573
    765.25509  12667.38982
    765.52184  12328.29145
    765.78860  11996.37614
    766.05535  11671.55798
    766.32211  11353.74974
    766.58886  11042.86292
    766.85562  10738.80793
    767.12237  10441.49413
    767.38913  10150.82997
    767.65589   9866.72305
    767.92264   9589.08024
    768.18940   9317.80777
    768.45615   9052.81131
    768.72291   8793.99607
    768.98966   8541.26685
    769.25642   8294.52819
    769.52317   8053.68437
    769.78993   7818.63953
    770.05669   7589.29775
    770.32344   7365.56310
    770.59020   7147.33973
    770.85695   6934.53191
    771.12371   6727.04413
    771.39046   6524.78114
    771.65722   6327.64799
    771.92397   6135.55014
    772.19073   5948.39348
    772.45749   5766.08437
    772.72424   5588.52972
    772.99100   5415.63704
    773.25775   5247.31445
    773.52451   5083.47076
    773.79126   4924.01550
    774.05802   4768.85894
    774.32477   4617.91216
    774.59153   4471.08706
    774.85829   4328.29642
    775.12504   4189.45389
    775.39180   4054.47406
    775.65855   3923.27247
    775.92531   3795.76562
    776.19206   3671.87102
    776.45882   3551.50720
    776.72558   3434.59374
    776.99233   3321.05126
    777.25909   3210.80149
    777.52584   3103.76721
    777.79260   2999.87233
    778.05935   2899.04188
    778.32611   2801.20201
    778.59286   2706.28001
    778.85962   2614.20431
    779.12638   2524.90451
    779.39313   2438.31135
    779.65989   2354.35675
    779.92664   2272.97376
    780.19340   2194.09665
    780.46015   2117.66081
    780.72691   2043.60283
    780.99366   1971.86044
    781.26042   1902.37256
    781.52718   1835.07924
    781.79393   1769.92173
    782.06069   1706.84239
    782.32744   1645.78475
    782.59420   1586.69346
    782.86095   1529.51434
    783.12771   1474.19430
    783.39446   1420.68137
    783.66122   1368.92470
    783.92798   1318.87454
    784.19473   1270.48221
    784.46149   1223.70013
    784.72824   1178.48176
    784.99500   1134.78163
    785.26175   1092.55531
    785.52851   1051.75940
    785.79527   1012.35151
    786.06202    974.29026
    786.32878    937.53526
    786.59553    902.04709
    786.86229    867.78730
    787.12904    834.71839
    787.39580    802.80378
    787.66255    772.00782
    787.92931    742.29576
    788.19607    713.63376
    788.46282    685.98882
    788.72958    659.32882
    788.99633    633.62249
    789.26309    608.83938
    789.52984    584.94986
    789.79660    561.92510
    790.06335    539.73703
    790.33011    518.35839
    790.59687    497.76265
    790.86362    477.92402
    791.13038    458.81744
    791.39713    440.41855
    791.66389    422.70369
    791.93064    405.64988
    792.19740    389.23481
    792.46415    373.43679
    792.73091    358.23481
    792.99767    343.60845
    793.26442    329.53791
    793.53118    316.00397
    793.79793    302.98800
    794.06469    290.47193
    794.33144    278.43825
    794.59820    266.86998
    794.86495    255.75066
    795.13171    245.06436
    795.39847    234.79562
    795.66522    224.92950
    795.93198    215.45152
    796.19873    206.34764
    796.46549    197.60430
    796.73224    189.20837
    796.99900    181.14714
    797.26576    173.40831
    797.53251    165.98000
    797.79927    158.85070
    798.06602    152.00930
    798.33278    145.44506
    798.59953    139.14758
    798.86629    133.10683
    799.13304    127.31312
    799.39980    121.75707
    799.66656    116.42965
    799.93331    111.32212
    800.20007    106.42605
    800.46682    101.73330
    800.73358     97.23600
    801.00033     92.92659
    801.26709     88.79775
    801.53384     84.84243
    801.80060     81.05383
    802.06736     77.42538
    802.33411     73.95076
    802.60087     70.62388
    802.86762     67.43886
    803.13438     64.39004
    803.40113     61.47198
    803.66789     58.67941
    803.93464     56.00728
    804.20140     53.45071
    804.46816     51.00502
    804.73491     48.66569
    805.00167     46.42837
    805.26842     44.28889
    805.53518     42.24322
    805.80193     40.28749
    806.06869     38.41797
    806.33545     36.63109
    806.60220     34.92340
    806.86896     33.29160
    807.13571     31.73251
    807.40247     30.24306
    807.66922     28.82031
    807.93598     27.46146
    808.20273     26.16378
    808.46949     24.92467
    808.73625     23.74162
    809.00300     22.61225
    809.26976     21.53424
    809.53651     20.50538
    809.80327     19.52354
    810.07002     18.58670
    810.33678     17.69288
    810.60353     16.84023
    810.87029     16.02693
    811.13705     15.25126
    811.40380     14.51158
    811.67056     13.80628
    811.93731     13.13386
    812.20407     12.49285
    812.47082     11.88185
    812.73758     11.29954
    813.00433     10.74462
    813.27109     10.21588
    813.53785      9.71212
    813.80460      9.23224
    814.07136      8.77514
    814.33811      8.33980
    814.60487      7.92522
    814.87162      7.53047
    815.13838      7.15463
    815.40514      6.79684
    815.67189      6.45628
    815.93865      6.13214
    816.20540      5.82368
    816.47216      5.53016
    816.73891      5.25090
    817.00567      4.98523
    817.27242      4.73251
    817.53918      4.49215
    817.80594      4.26356
    818.07269      4.04619
    818.33945      3.83951
    818.60620      3.64302
    818.87296      3.45624
    819.13971      3.27870
    819.40647      3.10997
    819.67322      2.94963
    819.93998      2.79727
    820.20674      2.65252
    820.47349      2.51501
    820.74025      2.38439
    821.00700      2.26033
    821.27376      2.14252
    821.54051      2.03064
    821.80727      1.92442
    822.07402      1.82357
    822.34078      1.72784
    822.60754      1.63698
    822.87429      1.55074
    823.14105      1.46890
    823.40780      1.39124
    823.67456      1.31757
    823.94131      1.24767
    824.20807      1.18137
    824.47482      1.11848
    824.74158      1.05884
    825.00834      1.00229
    825.27509      0.94866
    825.54185      0.89782
    825.80860      0.84962
    826.07536      0.80393
    826.34211      0.76063
    826.60887      0.71959
    826.87563      0.68070
    827.14238      0.64386
    827.40914      0.60895
    827.67589      0.57588
    827.94265      0.54455
    828.20940      0.51488
    828.47616      0.48678
    828.74291      0.46018
    829.00967      0.43498
    829.27643      0.41113
    829.54318      0.38855
    829.80994      0.36718
    830.07669      0.34695
    830.34345      0.32780
    830.61020      0.30968
    830.87696      0.29254
    831.14371      0.27632
    831.41047      0.26098
    831.67723      0.24647
    831.94398      0.23274
    832.21074      0.21976
    832.47749      0.20748
    832.74425      0.19587
    833.01100      0.18490
    833.27776      0.17452
    833.54451      0.16471
    833.81127      0.15544
    834.07803      0.14668
    834.34478      0.13840
    834.61154      0.13057
    834.87829      0.12318
    835.14505      0.11619
    835.41180      0.10960
    835.67856      0.10336
    835.94532      0.09748
    836.21207      0.09192
    836.47883      0.08667
    836.74558      0.08171
    837.01234      0.07703
    837.27909      0.07261
    837.54585      0.06844
    837.81260      0.06451
    838.07936      0.06079
    838.34612      0.05728
    838.61287      0.05397
    838.87963      0.05085
    839.14638      0.04791
    839.41314      0.04513
    839.67989      0.04251
    839.94665      0.04004
    840.21340      0.03770
    840.48016      0.03550
    840.74692      0.03343
    841.01367      0.03148
    841.28043      0.02963
    841.54718      0.02790
    841.81394      0.02626
    842.08069      0.02471
    842.34745      0.02326
    842.61420      0.02189
    842.88096      0.02060
    843.14772      0.01938
    843.41447      0.01823
    843.68123      0.01715
    843.94798      0.01614
    844.21474      0.01518
    844.48149      0.01427
    844.74825      0.01342
    845.01501      0.01262
    845.28176      0.01187
    845.54852      0.01116
    845.81527      0.01049
    846.08203      0.00986
    846.34878      0.00927
    846.61554      0.00871
    846.88229      0.00819
    847.14905      0.00770
    847.41581      0.00723
    847.68256      0.00680
    847.94932      0.00639
    848.21607      0.00600
    848.48283      0.00564
    848.74958      0.00529
    849.01634      0.00497
    849.28309      0.00467
    849.54985      0.00439
    849.81661      0.00412
    850.08336      0.00387
    850.35012      0.00363
    850.61687      0.00341
    850.88363      0.00320
    851.15038      0.00300
    851.41714      0.00282
    851.68389      0.00265
    851.95065      0.00248
    852.21741      0.00233
    852.48416      0.00219
    852.75092      0.00205
    853.01767      0.00192
    853.28443      0.00181
    853.55118      0.00169
    853.81794      0.00159
    854.08469      0.00149
    854.35145      0.00140
    854.61821      0.00131
    854.88496      0.00123
    855.15172      0.00115
    855.41847      0.00108
    855.68523      0.00101
    855.95198      0.00095
    856.21874      0.00089
    856.48550      0.00083
    856.75225      0.00078
    857.01901      0.00073
    857.28576      0.00069
    857.55252      0.00064
    857.81927      0.00060
    858.08603      0.00056
    858.35278      0.00053
    858.61954      0.00050
    858.88630      0.00046
    859.15305      0.00043
    859.41981      0.00041
    859.68656      0.00038
    859.95332      0.00036
    860.22007      0.00033
    860.48683      0.00031
    860.75358      0.00029
    861.02034      0.00027
    861.28710      0.00026
    861.55385      0.00024
    861.82061      0.00022
    862.08736      0.00021
    862.35412      0.00020
    862.62087      0.00018
    862.88763      0.00017
    863.15438      0.00016
    863.42114      0.00015
    863.68790      0.00014
    863.95465      0.00013
    864.22141      0.00012
    864.48816      0.00012
    864.75492      0.00011
    865.02167      0.00010
    865.28843      0.00009
    865.55519      0.00009
    865.82194      0.00008
    866.08870      0.00008
    866.35545      0.00007
    866.62221      0.00007
    866.88896      0.00006
    867.15572      0.00006
    867.42247      0.00006
    867.68923      0.00005
    867.95599      0.00005
    868.22274      0.00005
    868.48950      0.00004
    868.75625      0.00004
    869.02301      0.00004
    869.28976      0.00003
    869.55652      0.00003
    869.82327      0.00003
    870.09003      0.00003
    870.35679      0.00003
    870.62354      0.00002
    870.89030      0.00002
    871.15705      0.00002
    871.42381      0.00002
    871.69056      0.00002
    871.95732      0.00002
    872.22407      0.00002
    872.49083      0.00002
    872.75759      0.00001
    873.02434      0.00001
    873.29110      0.00001
    873.55785      0.00001
    873.82461      0.00001
    874.09136      0.00001
    874.35812      0.00001
    874.62487      0.00001
    874.89163      0.00001
    875.15839      0.00001
    875.42514      0.00001
    875.69190      0.00001
    875.95865      0.00001
    876.22541      0.00001
    876.49216      0.00001
    876.75892      0.00000
    877.02568      0.00000
    877.29243      0.00000
    877.55919      0.00000
    877.82594      0.00000
    878.09270      0.00000
    878.35945      0.00000
    878.62621      0.00000
    878.89296      0.00000
    879.15972      0.00000
    879.42648      0.00000
    879.69323      0.00000
    879.95999      0.00000
    880.22674      0.00000
    880.49350      0.00000
    880.76025      0.00000
    881.02701      0.00000
    881.29376      0.00000
    881.56052      0.00000
    881.82728      0.00000
    882.09403      0.00000
    882.36079      0.00000
    882.62754      0.00000
    882.89430      0.00000
    883.16105      0.00000
    883.42781      0.00000
    883.69456      0.00000
    883.96132      0.00000
    884.22808      0.00000
    884.49483      0.00000
    884.76159      0.00000
    885.02834      0.00000
    885.29510      0.00000
    885.56185      0.00000
    885.82861      0.00000
    886.09537      0.00000
    886.36212      0.00000
    886.62888      0.00000
    886.89563      0.00000
    887.16239      0.00000
    887.42914      0.00000
    887.69590      0.00000
    887.96265      0.00000
    888.22941      0.00000
    888.49617      0.00000
    888.76292      0.00000
    889.02968      0.00000
    889.29643      0.00000
    889.56319      0.00000
    889.82994      0.00000
    890.09670      0.00000
    890.36345      0.00000
    890.63021      0.00000
    890.89697      0.00000
    891.16372      0.00000
    891.43048      0.00000
    891.69723      0.00000
    891.96399      0.00000
    892.23074      0.00000
    892.49750      0.00000
    892.76425      0.00000
    893.03101      0.00000
    893.29777      0.00000
    893.56452      0.00000
    893.83128      0.00000
    894.09803      0.00000
    894.36479      0.00000
    894.63154      0.00000
    894.89830      0.00000
    895.16506      0.00000
    895.43181      0.00000
    895.69857      0.00000
    895.96532      0.00000
    896.23208      0.00000
    896.49883      0.00000
    896.76559      0.00000
    897.03234      0.00000
    897.29910      0.00000
    897.56586      0.00000
    897.83261      0.00000
    898.09937      0.00000
    898.36612      0.00000
    898.63288      0.00000
    898.89963      0.00000
    899.16639      0.00000
    899.43314      0.00000
    899.69990      0.00000
    899.96666      0.00000
    900.23341      0.00000