# Optical absorption spectrum of phot0-Zn
#
#Wavelength (nm) Molar Extinction (cm-1/M) 1E5
206.587260	0.000000
206.714600	0.000000
206.841950	0.000000
206.969290	0.000000
207.096640	0.000000
207.223980	0.000000
207.351330	0.000000
207.478670	0.000000
207.606010	0.000000
207.733360	0.000000
207.860700	0.000000
207.988050	0.000000
208.115390	0.000000
208.242740	0.000000
208.370080	0.000000
208.497430	0.000000
208.624770	0.000000
208.752110	0.000000
208.879460	0.000000
209.006800	0.000000
209.134150	0.000000
209.261490	0.000000
209.388840	0.000000
209.516180	0.000000
209.643530	0.000000
209.770870	0.000000
209.898210	0.000000
210.025560	0.000000
210.152900	0.000000
210.280250	0.000000
210.407590	0.000000
210.534940	0.000000
210.662280	0.000000
210.789630	0.000000
210.916970	0.000000
211.044310	0.000000
211.171660	0.000000
211.299000	0.000000
211.426350	0.000000
211.553690	0.000000
211.681040	0.000000
211.808380	0.000000
211.935730	0.000000
212.063070	0.000000
212.190410	0.000000
212.317760	0.000000
212.445100	0.000000
212.572450	0.000000
212.699790	0.000000
212.827140	0.000000
212.954480	0.000000
213.081830	0.000000
213.209170	0.000000
213.336510	0.000000
213.463860	0.000000
213.591200	0.000000
213.718550	0.000000
213.845890	0.000000
213.973240	0.000000
214.100580	0.000000
214.227930	0.000000
214.355270	0.000000
214.482610	0.000000
214.609960	0.000000
214.737300	0.000000
214.864650	0.000000
214.991990	0.000000
215.119340	0.000000
215.246680	0.000000
215.374030	0.000000
215.501370	0.000000
215.628710	0.000000
215.756060	0.000000
215.883400	0.000000
216.010750	0.000000
216.138090	0.000000
216.265440	0.000000
216.392780	0.000000
216.520130	0.000000
216.647470	0.000000
216.774810	0.000000
216.902160	0.000000
217.029500	0.000000
217.156850	0.000000
217.284190	0.000000
217.411540	0.000000
217.538880	0.000000
217.666230	0.000000
217.793570	0.000000
217.920910	0.000000
218.048260	0.000000
218.175600	0.000000
218.302950	0.000000
218.430290	0.000000
218.557640	0.000000
218.684980	0.000000
218.812330	0.000000
218.939670	0.000000
219.067010	0.000000
219.194360	0.000000
219.321700	0.000000
219.449050	0.000000
219.576390	0.000000
219.703740	0.000000
219.831080	0.000000
219.958430	0.000000
220.085770	0.000000
220.213110	0.000000
220.340460	0.000000
220.467800	0.000000
220.595150	0.000000
220.722490	0.000000
220.849840	0.000000
220.977180	0.000000
221.104530	0.000000
221.231870	0.000000
221.359210	0.000000
221.486560	0.000000
221.613900	0.000000
221.741250	0.000000
221.868590	0.000000
221.995940	0.000000
222.123280	0.000000
222.250630	0.000000
222.377970	0.000000
222.505310	0.000000
222.632660	0.000000
222.760000	0.000000
222.887350	0.000000
223.014690	0.000000
223.142040	0.000000
223.269380	0.000000
223.396730	0.000000
223.524070	0.000000
223.651410	0.000000
223.778760	0.000000
223.906100	0.000000
224.033450	0.000000
224.160790	0.000000
224.288140	0.000000
224.415480	0.000000
224.542830	0.000000
224.670170	0.000000
224.797510	0.000000
224.924860	0.000000
225.052200	0.000000
225.179550	0.000000
225.306890	0.000000
225.434240	0.000000
225.561580	0.000000
225.688930	0.000000
225.816270	0.000000
225.943610	0.000000
226.070960	0.000000
226.198300	0.000000
226.325650	0.000000
226.452990	0.000000
226.580340	0.000000
226.707680	0.000000
226.835030	0.000000
226.962370	0.000000
227.089710	0.000000
227.217060	0.000000
227.344400	0.000000
227.471750	0.000000
227.599090	0.000000
227.726440	0.000000
227.853780	0.000000
227.981130	0.000000
228.108470	0.000000
228.235810	0.000000
228.363160	0.000000
228.490500	0.000000
228.617850	0.000000
228.745190	0.000000
228.872540	0.000000
228.999880	0.000000
229.127230	0.000000
229.254570	0.000000
229.381910	0.000000
229.509260	0.000000
229.636600	0.000000
229.763950	0.000000
229.891290	0.000000
230.018640	0.000000
230.145980	0.000000
230.273330	0.000000
230.400670	0.000000
230.528010	0.000000
230.655360	0.000000
230.782700	0.000000
230.910050	0.000000
231.037390	0.000000
231.164740	0.000000
231.292080	0.000000
231.419430	0.000000
231.546770	0.000000
231.674110	0.000000
231.801460	0.000000
231.928800	0.000000
232.056150	0.000000
232.183490	0.000000
232.310840	0.000000
232.438180	0.000000
232.565530	0.000000
232.692870	0.000000
232.820210	0.000000
232.947560	0.000000
233.074900	0.000000
233.202250	0.000000
233.329590	0.000000
233.456940	0.000000
233.584280	0.000000
233.711630	0.000000
233.838970	0.000000
233.966310	0.000000
234.093660	0.000000
234.221000	0.000000
234.348350	0.000000
234.475690	0.000000
234.603040	0.000000
234.730380	0.000000
234.857730	0.000000
234.985070	0.000000
235.112410	0.000000
235.239760	0.000000
235.367100	0.000000
235.494450	0.000000
235.621790	0.000000
235.749140	0.000000
235.876480	0.000000
236.003830	0.000000
236.131170	0.000000
236.258510	0.000000
236.385860	0.000000
236.513200	0.000000
236.640550	0.000000
236.767890	0.000000
236.895240	0.000000
237.022580	0.000000
237.149930	0.000000
237.277270	0.000000
237.404610	0.000000
237.531960	0.000000
237.659300	0.000000
237.786650	0.000000
237.913990	0.000000
238.041340	0.000000
238.168680	0.000000
238.296030	0.000000
238.423370	0.000000
238.550710	0.000000
238.678060	0.000000
238.805400	0.000000
238.932750	0.000000
239.060090	0.000000
239.187440	0.000000
239.314780	0.000000
239.442130	0.000000
239.569470	0.000000
239.696810	0.000000
239.824160	0.000000
239.951500	0.000000
240.078850	0.000000
240.206190	0.000000
240.333540	0.000000
240.460880	0.000001
240.588230	0.000001
240.715570	0.000001
240.842910	0.000001
240.970260	0.000002
241.097600	0.000003
241.224950	0.000003
241.352290	0.000004
241.479640	0.000006
241.606980	0.000007
241.734330	0.000009
241.861670	0.000012
241.989010	0.000015
242.116360	0.000018
242.243700	0.000023
242.371050	0.000028
242.498390	0.000034
242.625740	0.000041
242.753080	0.000050
242.880430	0.000059
243.007770	0.000071
243.135110	0.000084
243.262460	0.000099
243.389800	0.000115
243.517150	0.000134
243.644490	0.000154
243.771840	0.000177
243.899180	0.000202
244.026530	0.000229
244.153870	0.000257
244.281210	0.000288
244.408560	0.000320
244.535900	0.000354
244.663250	0.000388
244.790590	0.000424
244.917940	0.000460
245.045280	0.000496
245.172630	0.000531
245.299970	0.000566
245.427310	0.000599
245.554660	0.000630
245.682000	0.000659
245.809350	0.000686
245.936690	0.000709
246.064040	0.000728
246.191380	0.000744
246.318730	0.000755
246.446070	0.000763
246.573410	0.000765
246.700760	0.000764
246.828100	0.000757
246.955450	0.000747
247.082790	0.000732
247.210140	0.000714
247.337480	0.000692
247.464830	0.000667
247.592170	0.000639
247.719510	0.000609
247.846860	0.000577
247.974200	0.000543
248.101550	0.000509
248.228890	0.000474
248.356240	0.000439
248.483580	0.000404
248.610930	0.000370
248.738270	0.000337
248.865610	0.000305
248.992960	0.000275
249.120300	0.000246
249.247650	0.000219
249.374990	0.000194
249.502340	0.000171
249.629680	0.000150
249.757030	0.000131
249.884370	0.000113
250.011710	0.000098
250.139060	0.000084
250.266400	0.000072
250.393750	0.000061
250.521090	0.000051
250.648440	0.000043
250.775780	0.000036
250.903130	0.000030
251.030470	0.000025
251.157810	0.000020
251.285160	0.000017
251.412500	0.000013
251.539850	0.000011
251.667190	0.000009
251.794540	0.000007
251.921880	0.000006
252.049230	0.000004
252.176570	0.000004
252.303910	0.000003
252.431260	0.000002
252.558600	0.000002
252.685950	0.000001
252.813290	0.000001
252.940640	0.000001
253.067980	0.000001
253.195330	0.000000
253.322670	0.000000
253.450010	0.000000
253.577360	0.000000
253.704700	0.000000
253.832050	0.000000
253.959390	0.000000
254.086740	0.000000
254.214080	0.000000
254.341430	0.000000
254.468770	0.000000
254.596110	0.000000
254.723460	0.000000
254.850800	0.000000
254.978150	0.000000
255.105490	0.000000
255.232840	0.000000
255.360180	0.000000
255.487530	0.000000
255.614870	0.000000
255.742210	0.000000
255.869560	0.000000
255.996900	0.000000
256.124250	0.000000
256.251590	0.000000
256.378940	0.000000
256.506280	0.000000
256.633630	0.000000
256.760970	0.000000
256.888310	0.000000
257.015660	0.000000
257.143000	0.000000
257.270350	0.000000
257.397690	0.000000
257.525040	0.000000
257.652380	0.000000
257.779730	0.000000
257.907070	0.000000
258.034410	0.000000
258.161760	0.000000
258.289100	0.000000
258.416450	0.000000
258.543790	0.000000
258.671140	0.000000
258.798480	0.000000
258.925830	0.000000
259.053170	0.000000
259.180510	0.000000
259.307860	0.000000
259.435200	0.000000
259.562550	0.000000
259.689890	0.000000
259.817240	0.000000
259.944580	0.000000
260.071930	0.000000
260.199270	0.000000
260.326610	0.000000
260.453960	0.000000
260.581300	0.000000
260.708650	0.000000
260.835990	0.000000
260.963340	0.000000
261.090680	0.000000
261.218030	0.000000
261.345370	0.000000
261.472710	0.000000
261.600060	0.000000
261.727400	0.000000
261.854750	0.000000
261.982090	0.000000
262.109440	0.000000
262.236780	0.000000
262.364130	0.000000
262.491470	0.000000
262.618810	0.000000
262.746160	0.000000
262.873500	0.000000
263.000850	0.000000
263.128190	0.000000
263.255540	0.000000
263.382880	0.000000
263.510230	0.000000
263.637570	0.000000
263.764910	0.000000
263.892260	0.000000
264.019600	0.000000
264.146950	0.000000
264.274290	0.000000
264.401640	0.000000
264.528980	0.000000
264.656330	0.000000
264.783670	0.000000
264.911010	0.000000
265.038360	0.000000
265.165700	0.000000
265.293050	0.000000
265.420390	0.000000
265.547740	0.000000
265.675080	0.000000
265.802430	0.000000
265.929770	0.000000
266.057110	0.000000
266.184460	0.000000
266.311800	0.000000
266.439150	0.000000
266.566490	0.000000
266.693840	0.000000
266.821180	0.000000
266.948530	0.000000
267.075870	0.000000
267.203210	0.000000
267.330560	0.000000
267.457900	0.000000
267.585250	0.000000
267.712590	0.000000
267.839940	0.000000
267.967280	0.000000
268.094630	0.000000
268.221970	0.000000
268.349310	0.000000
268.476660	0.000000
268.604000	0.000000
268.731350	0.000000
268.858690	0.000000
268.986040	0.000000
269.113380	0.000000
269.240730	0.000000
269.368070	0.000000
269.495410	0.000000
269.622760	0.000000
269.750100	0.000000
269.877450	0.000000
270.004790	0.000000
270.132140	0.000000
270.259480	0.000000
270.386830	0.000000
270.514170	0.000000
270.641510	0.000000
270.768860	0.000000
270.896200	0.000000
271.023550	0.000000
271.150890	0.000000
271.278240	0.000000
271.405580	0.000000
271.532930	0.000000
271.660270	0.000000
271.787610	0.000000
271.914960	0.000000
272.042300	0.000000
272.169650	0.000000
272.296990	0.000000
272.424340	0.000000
272.551680	0.000000
272.679030	0.000000
272.806370	0.000000
272.933710	0.000000
273.061060	0.000000
273.188400	0.000000
273.315750	0.000000
273.443090	0.000000
273.570440	0.000000
273.697780	0.000000
273.825130	0.000000
273.952470	0.000000
274.079810	0.000000
274.207160	0.000000
274.334500	0.000000
274.461850	0.000000
274.589190	0.000000
274.716540	0.000000
274.843880	0.000000
274.971230	0.000000
275.098570	0.000000
275.225910	0.000000
275.353260	0.000000
275.480600	0.000000
275.607950	0.000000
275.735290	0.000000
275.862640	0.000000
275.989980	0.000000
276.117330	0.000000
276.244670	0.000000
276.372010	0.000000
276.499360	0.000000
276.626700	0.000000
276.754050	0.000000
276.881390	0.000000
277.008740	0.000000
277.136080	0.000000
277.263430	0.000000
277.390770	0.000000
277.518110	0.000000
277.645460	0.000000
277.772800	0.000000
277.900150	0.000000
278.027490	0.000000
278.154840	0.000000
278.282180	0.000000
278.409530	0.000000
278.536870	0.000000
278.664210	0.000000
278.791560	0.000000
278.918900	0.000000
279.046250	0.000000
279.173590	0.000000
279.300940	0.000000
279.428280	0.000000
279.555630	0.000000
279.682970	0.000000
279.810310	0.000000
279.937660	0.000000
280.065000	0.000000
280.192350	0.000000
280.319690	0.000000
280.447040	0.000000
280.574380	0.000000
280.701730	0.000000
280.829070	0.000000
280.956410	0.000000
281.083760	0.000000
281.211100	0.000000
281.338450	0.000000
281.465790	0.000000
281.593140	0.000000
281.720480	0.000000
281.847830	0.000000
281.975170	0.000000
282.102510	0.000000
282.229860	0.000000
282.357200	0.000000
282.484550	0.000000
282.611890	0.000000
282.739240	0.000000
282.866580	0.000000
282.993930	0.000000
283.121270	0.000000
283.248610	0.000000
283.375960	0.000000
283.503300	0.000000
283.630650	0.000000
283.757990	0.000000
283.885340	0.000000
284.012680	0.000000
284.140030	0.000000
284.267370	0.000000
284.394710	0.000000
284.522060	0.000000
284.649400	0.000000
284.776750	0.000000
284.904090	0.000000
285.031440	0.000000
285.158780	0.000000
285.286130	0.000000
285.413470	0.000000
285.540810	0.000000
285.668160	0.000000
285.795500	0.000000
285.922850	0.000000
286.050190	0.000000
286.177540	0.000000
286.304880	0.000000
286.432230	0.000000
286.559570	0.000000
286.686910	0.000000
286.814260	0.000000
286.941600	0.000000
287.068950	0.000000
287.196290	0.000000
287.323640	0.000000
287.450980	0.000000
287.578330	0.000000
287.705670	0.000000
287.833010	0.000000
287.960360	0.000000
288.087700	0.000000
288.215050	0.000000
288.342390	0.000000
288.469740	0.000000
288.597080	0.000000
288.724430	0.000000
288.851770	0.000000
288.979110	0.000000
289.106460	0.000000
289.233800	0.000000
289.361150	0.000000
289.488490	0.000000
289.615840	0.000000
289.743180	0.000000
289.870530	0.000000
289.997870	0.000000
290.125210	0.000000
290.252560	0.000000
290.379900	0.000000
290.507250	0.000000
290.634590	0.000000
290.761940	0.000000
290.889280	0.000000
291.016630	0.000000
291.143970	0.000000
291.271310	0.000000
291.398660	0.000000
291.526000	0.000000
291.653350	0.000000
291.780690	0.000000
291.908040	0.000000
292.035380	0.000000
292.162730	0.000000
292.290070	0.000000
292.417410	0.000000
292.544760	0.000000
292.672100	0.000000
292.799450	0.000000
292.926790	0.000000
293.054140	0.000000
293.181480	0.000000
293.308830	0.000000
293.436170	0.000000
293.563510	0.000000
293.690860	0.000000
293.818200	0.000000
293.945550	0.000000
294.072890	0.000000
294.200240	0.000000
294.327580	0.000000
294.454930	0.000000
294.582270	0.000000
294.709610	0.000000
294.836960	0.000000
294.964300	0.000000
295.091650	0.000000
295.218990	0.000000
295.346340	0.000000
295.473680	0.000000
295.601030	0.000000
295.728370	0.000000
295.855710	0.000000
295.983060	0.000000
296.110400	0.000000
296.237750	0.000000
296.365090	0.000000
296.492440	0.000000
296.619780	0.000000
296.747130	0.000000
296.874470	0.000000
297.001810	0.000000
297.129160	0.000000
297.256500	0.000000
297.383850	0.000000
297.511190	0.000000
297.638540	0.000000
297.765880	0.000000
297.893230	0.000000
298.020570	0.000000
298.147910	0.000000
298.275260	0.000000
298.402600	0.000000
298.529950	0.000000
298.657290	0.000000
298.784640	0.000000
298.911980	0.000000
299.039330	0.000000
299.166670	0.000000
299.294010	0.000000
299.421360	0.000000
299.548700	0.000000
299.676050	0.000000
299.803390	0.000000
299.930740	0.000000
300.058080	0.000000
300.185430	0.000000
300.312770	0.000000
300.440110	0.000000
300.567460	0.000000
300.694800	0.000000
300.822150	0.000000
300.949490	0.000000
301.076840	0.000000
301.204180	0.000000
301.331530	0.000000
301.458870	0.000000
301.586210	0.000000
301.713560	0.000000
301.840900	0.000000
301.968250	0.000000
302.095590	0.000000
302.222940	0.000000
302.350280	0.000000
302.477630	0.000000
302.604970	0.000000
302.732310	0.000000
302.859660	0.000000
302.987000	0.000000
303.114350	0.000000
303.241690	0.000000
303.369040	0.000000
303.496380	0.000000
303.623730	0.000000
303.751070	0.000000
303.878410	0.000000
304.005760	0.000000
304.133100	0.000000
304.260450	0.000000
304.387790	0.000000
304.515140	0.000000
304.642480	0.000000
304.769830	0.000000
304.897170	0.000000
305.024510	0.000000
305.151860	0.000000
305.279200	0.000000
305.406550	0.000000
305.533890	0.000000
305.661240	0.000000
305.788580	0.000000
305.915930	0.000000
306.043270	0.000000
306.170610	0.000000
306.297960	0.000000
306.425300	0.000000
306.552650	0.000000
306.679990	0.000000
306.807340	0.000000
306.934680	0.000000
307.062030	0.000000
307.189370	0.000000
307.316710	0.000000
307.444060	0.000000
307.571400	0.000000
307.698750	0.000000
307.826090	0.000000
307.953440	0.000000
308.080780	0.000000
308.208130	0.000000
308.335470	0.000000
308.462810	0.000000
308.590160	0.000000
308.717500	0.000000
308.844850	0.000000
308.972190	0.000000
309.099540	0.000000
309.226880	0.000000
309.354230	0.000000
309.481570	0.000000
309.608910	0.000000
309.736260	0.000000
309.863600	0.000000
309.990950	0.000000
310.118290	0.000000
310.245640	0.000000
310.372980	0.000000
310.500330	0.000000
310.627670	0.000000
310.755010	0.000000
310.882360	0.000000
311.009700	0.000000
311.137050	0.000000
311.264390	0.000000
311.391740	0.000000
311.519080	0.000000
311.646430	0.000000
311.773770	0.000000
311.901110	0.000000
312.028460	0.000000
312.155800	0.000000
312.283150	0.000000
312.410490	0.000000
312.537840	0.000000
312.665180	0.000000
312.792530	0.000000
312.919870	0.000000
313.047210	0.000000
313.174560	0.000000
313.301900	0.000000
313.429250	0.000000
313.556590	0.000000
313.683940	0.000000
313.811280	0.000000
313.938630	0.000000
314.065970	0.000000
314.193310	0.000000
314.320660	0.000000
314.448000	0.000000
314.575350	0.000000
314.702690	0.000000
314.830040	0.000000
314.957380	0.000000
315.084730	0.000000
315.212070	0.000000
315.339410	0.000000
315.466760	0.000000
315.594100	0.000001
315.721450	0.000001
315.848790	0.000001
315.976140	0.000001
316.103480	0.000001
316.230830	0.000002
316.358170	0.000002
316.485510	0.000003
316.612860	0.000004
316.740200	0.000005
316.867550	0.000006
316.994890	0.000008
317.122240	0.000010
317.249580	0.000013
317.376930	0.000017
317.504270	0.000021
317.631610	0.000026
317.758960	0.000033
317.886300	0.000041
318.013650	0.000051
318.140990	0.000063
318.268340	0.000078
318.395680	0.000097
318.523030	0.000120
318.650370	0.000148
318.777710	0.000181
318.905060	0.000223
319.032400	0.000272
319.159750	0.000333
319.287090	0.000405
319.414440	0.000493
319.541780	0.000597
319.669130	0.000723
319.796470	0.000873
319.923810	0.001052
320.051160	0.001264
320.178500	0.001516
320.305850	0.001815
320.433190	0.002168
320.560540	0.002583
320.687880	0.003071
320.815230	0.003643
320.942570	0.004313
321.069910	0.005095
321.197260	0.006006
321.324600	0.007064
321.451950	0.008290
321.579290	0.009709
321.706640	0.011345
321.833980	0.013230
321.961330	0.015394
322.088670	0.017875
322.216010	0.020711
322.343360	0.023946
322.470700	0.027628
322.598050	0.031808
322.725390	0.036545
322.852740	0.041898
322.980080	0.047935
323.107430	0.054727
323.234770	0.062351
323.362110	0.070890
323.489460	0.080430
323.616800	0.091065
323.744150	0.102894
323.871490	0.116019
323.998840	0.130549
324.126180	0.146597
324.253530	0.164282
324.380870	0.183723
324.508210	0.205046
324.635560	0.228379
324.762900	0.253851
324.890250	0.281592
325.017590	0.311734
325.144940	0.344407
325.272280	0.379740
325.399630	0.417858
325.526970	0.458881
325.654310	0.502926
325.781660	0.550101
325.909000	0.600504
326.036350	0.654227
326.163690	0.711345
326.291040	0.771923
326.418380	0.836011
326.545730	0.903641
326.673070	0.974827
326.800410	1.049564
326.927760	1.127827
327.055100	1.209566
327.182450	1.294709
327.309790	1.383160
327.437140	1.474798
327.564480	1.569473
327.691830	1.667012
327.819170	1.767213
327.946510	1.869849
328.073860	1.974664
328.201200	2.081378
328.328550	2.189686
328.455890	2.299257
328.583240	2.409740
328.710580	2.520760
328.837930	2.631924
328.965270	2.742822
329.092610	2.853030
329.219960	2.962111
329.347300	3.069619
329.474650	3.175100
329.601990	3.278101
329.729340	3.378166
329.856680	3.474843
329.984030	3.567687
330.111370	3.656264
330.238710	3.740154
330.366060	3.818953
330.493400	3.892279
330.620750	3.959772
330.748090	4.021100
330.875440	4.075959
331.002780	4.124077
331.130130	4.165217
331.257470	4.199177
331.384810	4.225792
331.512160	4.244939
331.639500	4.256531
331.766850	4.260525
331.894190	4.256915
332.021540	4.245740
332.148880	4.227075
332.276230	4.201038
332.403570	4.167782
332.530910	4.127498
332.658260	4.080413
332.785600	4.026784
332.912950	3.966902
333.040290	3.901082
333.167640	3.829667
333.294980	3.753022
333.422330	3.671529
333.549670	3.585587
333.677010	3.495609
333.804360	3.402017
333.931700	3.305239
334.059050	3.205705
334.186390	3.103848
334.313740	3.000097
334.441080	2.894873
334.568430	2.788593
334.695770	2.681660
334.823110	2.574465
334.950460	2.467383
335.077800	2.360773
335.205150	2.254974
335.332490	2.150306
335.459840	2.047068
335.587180	1.945534
335.714530	1.845958
335.841870	1.748570
335.969210	1.653575
336.096560	1.561156
336.223900	1.471470
336.351250	1.384655
336.478590	1.300823
336.605940	1.220064
336.733280	1.142448
336.860630	1.068026
336.987970	0.996828
337.115310	0.928866
337.242660	0.864136
337.370000	0.802618
337.497350	0.744277
337.624690	0.689068
337.752040	0.636930
337.879380	0.587795
338.006730	0.541583
338.134070	0.498210
338.261410	0.457582
338.388760	0.419600
338.516100	0.384162
338.643450	0.351162
338.770790	0.320491
338.898140	0.292039
339.025480	0.265695
339.152830	0.241350
339.280170	0.218894
339.407510	0.198217
339.534860	0.179215
339.662200	0.161784
339.789550	0.145822
339.916890	0.131232
340.044240	0.117920
340.171580	0.105795
340.298930	0.094772
340.426270	0.084768
340.553610	0.075704
340.680960	0.067506
340.808300	0.060105
340.935650	0.053434
341.062990	0.047432
341.190340	0.042040
341.317680	0.037205
341.445030	0.032877
341.572370	0.029009
341.699710	0.025558
341.827060	0.022483
341.954400	0.019750
342.081750	0.017322
342.209090	0.015171
342.336440	0.013267
342.463780	0.011585
342.591130	0.010102
342.718470	0.008795
342.845810	0.007646
342.973160	0.006638
343.100500	0.005754
343.227850	0.004981
343.355190	0.004305
343.482540	0.003716
343.609880	0.003202
343.737230	0.002756
343.864570	0.002368
343.991910	0.002032
344.119260	0.001742
344.246600	0.001490
344.373950	0.001273
344.501290	0.001086
344.628640	0.000926
344.755980	0.000788
344.883330	0.000669
345.010670	0.000568
345.138010	0.000481
345.265360	0.000407
345.392700	0.000344
345.520050	0.000290
345.647390	0.000244
345.774740	0.000206
345.902080	0.000173
346.029430	0.000145
346.156770	0.000121
346.284110	0.000102
346.411460	0.000085
346.538800	0.000071
346.666150	0.000059
346.793490	0.000049
346.920840	0.000041
347.048180	0.000034
347.175530	0.000028
347.302870	0.000023
347.430210	0.000019
347.557560	0.000016
347.684900	0.000013
347.812250	0.000011
347.939590	0.000009
348.066940	0.000007
348.194280	0.000006
348.321630	0.000005
348.448970	0.000004
348.576310	0.000003
348.703660	0.000003
348.831000	0.000002
348.958350	0.000002
349.085690	0.000001
349.213040	0.000001
349.340380	0.000001
349.467730	0.000001
349.595070	0.000001
349.722410	0.000000
349.849760	0.000000
349.977100	0.000000
350.104450	0.000000
350.231790	0.000000
350.359140	0.000000
350.486480	0.000000
350.613830	0.000000
350.741170	0.000000
350.868510	0.000000
350.995860	0.000000
351.123200	0.000000
351.250550	0.000000
351.377890	0.000000
351.505240	0.000000
351.632580	0.000000
351.759930	0.000000
351.887270	0.000000
352.014610	0.000000
352.141960	0.000000
352.269300	0.000000
352.396650	0.000000
352.523990	0.000000
352.651340	0.000000
352.778680	0.000000
352.906030	0.000000
353.033370	0.000000
353.160710	0.000000
353.288060	0.000000
353.415400	0.000000
353.542750	0.000000
353.670090	0.000000
353.797440	0.000000
353.924780	0.000000
354.052130	0.000000
354.179470	0.000000
354.306810	0.000000
354.434160	0.000000
354.561500	0.000000
354.688850	0.000000
354.816190	0.000000
354.943540	0.000000
355.070880	0.000000
355.198230	0.000000
355.325570	0.000000
355.452910	0.000000
355.580260	0.000000
355.707600	0.000000
355.834950	0.000000
355.962290	0.000000
356.089640	0.000000
356.216980	0.000000
356.344330	0.000000
356.471670	0.000000
356.599010	0.000000
356.726360	0.000000
356.853700	0.000000
356.981050	0.000000
357.108390	0.000000
357.235740	0.000000
357.363080	0.000000
357.490430	0.000000
357.617770	0.000001
357.745110	0.000001
357.872460	0.000001
357.999800	0.000001
358.127150	0.000001
358.254490	0.000001
358.381840	0.000001
358.509180	0.000001
358.636530	0.000002
358.763870	0.000002
358.891210	0.000002
359.018560	0.000003
359.145900	0.000003
359.273250	0.000003
359.400590	0.000004
359.527940	0.000005
359.655280	0.000005
359.782630	0.000006
359.909970	0.000007
360.037310	0.000008
360.164660	0.000009
360.292000	0.000010
360.419350	0.000011
360.546690	0.000013
360.674040	0.000015
360.801380	0.000017
360.928730	0.000019
361.056070	0.000021
361.183410	0.000024
361.310760	0.000027
361.438100	0.000030
361.565450	0.000034
361.692790	0.000038
361.820140	0.000042
361.947480	0.000047
362.074830	0.000052
362.202170	0.000058
362.329510	0.000065
362.456860	0.000072
362.584200	0.000080
362.711550	0.000089
362.838890	0.000098
362.966240	0.000109
363.093580	0.000120
363.220930	0.000132
363.348270	0.000146
363.475610	0.000160
363.602960	0.000176
363.730300	0.000193
363.857650	0.000211
363.984990	0.000231
364.112340	0.000252
364.239680	0.000275
364.367030	0.000300
364.494370	0.000326
364.621710	0.000355
364.749060	0.000385
364.876400	0.000417
365.003750	0.000452
365.131090	0.000488
365.258440	0.000527
365.385780	0.000569
365.513130	0.000613
365.640470	0.000659
365.767810	0.000708
365.895160	0.000760
366.022500	0.000814
366.149850	0.000872
366.277190	0.000932
366.404540	0.000995
366.531880	0.001061
366.659230	0.001130
366.786570	0.001202
366.913910	0.001277
367.041260	0.001355
367.168600	0.001436
367.295950	0.001520
367.423290	0.001607
367.550640	0.001697
367.677980	0.001789
367.805330	0.001885
367.932670	0.001983
368.060010	0.002083
368.187360	0.002186
368.314700	0.002292
368.442050	0.002399
368.569390	0.002509
368.696740	0.002621
368.824080	0.002734
368.951430	0.002848
369.078770	0.002964
369.206110	0.003081
369.333460	0.003199
369.460800	0.003317
369.588150	0.003436
369.715490	0.003554
369.842840	0.003673
369.970180	0.003790
370.097530	0.003907
370.224870	0.004023
370.352210	0.004138
370.479560	0.004251
370.606900	0.004361
370.734250	0.004470
370.861590	0.004576
370.988940	0.004679
371.116280	0.004778
371.243630	0.004874
371.370970	0.004967
371.498310	0.005055
371.625660	0.005139
371.753000	0.005219
371.880350	0.005293
372.007690	0.005363
372.135040	0.005427
372.262380	0.005486
372.389730	0.005539
372.517070	0.005586
372.644410	0.005628
372.771760	0.005663
372.899100	0.005692
373.026450	0.005715
373.153790	0.005732
373.281140	0.005742
373.408480	0.005746
373.535830	0.005743
373.663170	0.005734
373.790510	0.005719
373.917860	0.005697
374.045200	0.005670
374.172550	0.005636
374.299890	0.005596
374.427240	0.005551
374.554580	0.005499
374.681930	0.005443
374.809270	0.005381
374.936610	0.005314
375.063960	0.005242
375.191300	0.005165
375.318650	0.005084
375.445990	0.004999
375.573340	0.004911
375.700680	0.004818
375.828030	0.004722
375.955370	0.004623
376.082710	0.004522
376.210060	0.004418
376.337400	0.004311
376.464750	0.004203
376.592090	0.004093
376.719440	0.003982
376.846780	0.003870
376.974130	0.003757
377.101470	0.003643
377.228810	0.003529
377.356160	0.003416
377.483500	0.003302
377.610850	0.003189
377.738190	0.003076
377.865540	0.002965
377.992880	0.002854
378.120230	0.002745
378.247570	0.002637
378.374910	0.002531
378.502260	0.002427
378.629600	0.002324
378.756950	0.002224
378.884290	0.002126
379.011640	0.002030
379.138980	0.001936
379.266330	0.001845
379.393670	0.001756
379.521010	0.001670
379.648360	0.001587
379.775700	0.001506
379.903050	0.001428
380.030390	0.001352
380.157740	0.001280
380.285080	0.001210
380.412430	0.001142
380.539770	0.001078
380.667110	0.001016
380.794460	0.000956
380.921800	0.000899
381.049150	0.000845
381.176490	0.000793
381.303840	0.000744
381.431180	0.000697
381.558530	0.000653
381.685870	0.000610
381.813210	0.000570
381.940560	0.000532
382.067900	0.000496
382.195250	0.000462
382.322590	0.000430
382.449940	0.000400
382.577280	0.000371
382.704630	0.000344
382.831970	0.000319
382.959310	0.000296
383.086660	0.000274
383.214000	0.000253
383.341350	0.000234
383.468690	0.000215
383.596040	0.000199
383.723380	0.000183
383.850730	0.000168
383.978070	0.000155
384.105410	0.000142
384.232760	0.000130
384.360100	0.000119
384.487450	0.000109
384.614790	0.000100
384.742140	0.000091
384.869480	0.000083
384.996830	0.000076
385.124170	0.000069
385.251510	0.000063
385.378860	0.000057
385.506200	0.000052
385.633550	0.000047
385.760890	0.000043
385.888240	0.000039
386.015580	0.000035
386.142930	0.000032
386.270270	0.000029
386.397610	0.000026
386.524960	0.000024
386.652300	0.000021
386.779650	0.000019
386.906990	0.000017
387.034340	0.000015
387.161680	0.000014
387.289030	0.000012
387.416370	0.000011
387.543710	0.000010
387.671060	0.000009
387.798400	0.000008
387.925750	0.000007
388.053090	0.000006
388.180440	0.000006
388.307780	0.000005
388.435130	0.000005
388.562470	0.000004
388.689810	0.000004
388.817160	0.000003
388.944500	0.000003
389.071850	0.000003
389.199190	0.000002
389.326540	0.000002
389.453880	0.000002
389.581230	0.000002
389.708570	0.000001
389.835910	0.000001
389.963260	0.000001
390.090600	0.000001
390.217950	0.000001
390.345290	0.000001
390.472640	0.000001
390.599980	0.000001
390.727330	0.000000
390.854670	0.000000
390.982010	0.000000
391.109360	0.000000
391.236700	0.000000
391.364050	0.000000
391.491390	0.000000
391.618740	0.000000
391.746080	0.000000
391.873430	0.000000
392.000770	0.000000
392.128110	0.000000
392.255460	0.000000
392.382800	0.000000
392.510150	0.000000
392.637490	0.000000
392.764840	0.000000
392.892180	0.000000
393.019530	0.000000
393.146870	0.000000
393.274210	0.000000
393.401560	0.000000
393.528900	0.000000
393.656250	0.000000
393.783590	0.000000
393.910940	0.000000
394.038280	0.000000
394.165630	0.000000
394.292970	0.000000
394.420310	0.000000
394.547660	0.000000
394.675000	0.000000
394.802350	0.000000
394.929690	0.000000
395.057040	0.000000
395.184380	0.000000
395.311730	0.000000
395.439070	0.000000
395.566410	0.000000
395.693760	0.000000
395.821100	0.000000
395.948450	0.000000
396.075790	0.000000
396.203140	0.000000
396.330480	0.000000
396.457820	0.000000
396.585170	0.000000
396.712510	0.000000
396.839860	0.000000
396.967200	0.000000
397.094550	0.000000
397.221890	0.000000
397.349240	0.000000
397.476580	0.000000
397.603920	0.000000
397.731270	0.000000
397.858610	0.000000
397.985960	0.000000
398.113300	0.000000
398.240650	0.000000
398.367990	0.000000
398.495340	0.000000
398.622680	0.000000
398.750020	0.000000
398.877370	0.000000
399.004710	0.000000
399.132060	0.000000
399.259400	0.000000
399.386750	0.000000
399.514090	0.000000
399.641440	0.000000
399.768780	0.000000
399.896120	0.000000
400.023470	0.000000
400.150810	0.000000
400.278160	0.000000
400.405500	0.000000
400.532850	0.000000
400.660190	0.000000
400.787540	0.000000
400.914880	0.000000
401.042220	0.000000
401.169570	0.000000
401.296910	0.000000
401.424260	0.000000
401.551600	0.000000
401.678950	0.000000
401.806290	0.000000
401.933640	0.000000
402.060980	0.000000
402.188320	0.000000
402.315670	0.000000
402.443010	0.000000
402.570360	0.000000
402.697700	0.000000
402.825050	0.000000
402.952390	0.000000
403.079740	0.000000
403.207080	0.000000
403.334420	0.000000
403.461770	0.000000
403.589110	0.000000
403.716460	0.000000
403.843800	0.000000
403.971150	0.000000
404.098490	0.000000
404.225840	0.000000
404.353180	0.000000
404.480520	0.000000
404.607870	0.000000
404.735210	0.000000
404.862560	0.000000
404.989900	0.000000
405.117250	0.000000
405.244590	0.000000
405.371940	0.000000
405.499280	0.000000
405.626620	0.000000
405.753970	0.000000
405.881310	0.000000
406.008660	0.000000
406.136000	0.000000
406.263350	0.000000
406.390690	0.000000
406.518040	0.000000
406.645380	0.000000
406.772720	0.000000
406.900070	0.000000
407.027410	0.000000
407.154760	0.000000
407.282100	0.000000
407.409450	0.000000
407.536790	0.000000
407.664140	0.000000
407.791480	0.000000
407.918820	0.000000
408.046170	0.000000
408.173510	0.000000
408.300860	0.000000
408.428200	0.000000
408.555550	0.000000
408.682890	0.000000
408.810240	0.000000
408.937580	0.000000
409.064920	0.000000
409.192270	0.000000
409.319610	0.000000
409.446960	0.000000
409.574300	0.000000
409.701650	0.000000
409.828990	0.000000
409.956340	0.000000
410.083680	0.000000
410.211020	0.000000
410.338370	0.000000
410.465710	0.000000
410.593060	0.000000
410.720400	0.000000
410.847750	0.000000
410.975090	0.000000
411.102440	0.000000
411.229780	0.000000
411.357120	0.000000
411.484470	0.000000
411.611810	0.000000
411.739160	0.000000
411.866500	0.000000
411.993850	0.000000
412.121190	0.000000
412.248540	0.000000
412.375880	0.000000
412.503220	0.000000
412.630570	0.000000
412.757910	0.000000
412.885260	0.000000
413.012600	0.000000
413.139950	0.000000
413.267290	0.000000
413.394640	0.000000
413.521980	0.000000
413.649320	0.000000
413.776670	0.000000
413.904010	0.000000
414.031360	0.000000
414.158700	0.000000
414.286050	0.000000
414.413390	0.000000
414.540740	0.000000
414.668080	0.000000
414.795420	0.000000
414.922770	0.000000
415.050110	0.000000
415.177460	0.000000
415.304800	0.000000
415.432150	0.000000
415.559490	0.000000
415.686840	0.000000
415.814180	0.000000
415.941520	0.000000
416.068870	0.000000
416.196210	0.000000
416.323560	0.000000
416.450900	0.000000
416.578250	0.000000
416.705590	0.000000
416.832940	0.000000
416.960280	0.000000
417.087620	0.000000
417.214970	0.000000
417.342310	0.000000
417.469660	0.000000
417.597000	0.000000
417.724350	0.000000
417.851690	0.000000
417.979040	0.000000
418.106380	0.000000
418.233720	0.000000
418.361070	0.000000
418.488410	0.000000
418.615760	0.000000
418.743100	0.000000
418.870450	0.000000
418.997790	0.000000
419.125140	0.000000
419.252480	0.000000
419.379820	0.000000
419.507170	0.000000
419.634510	0.000000
419.761860	0.000000
419.889200	0.000000
420.016550	0.000000
420.143890	0.000000
420.271240	0.000000
420.398580	0.000000
420.525920	0.000000
420.653270	0.000000
420.780610	0.000000
420.907960	0.000000
421.035300	0.000000
421.162650	0.000000
421.289990	0.000000
421.417340	0.000000
421.544680	0.000000
421.672020	0.000000
421.799370	0.000000
421.926710	0.000000
422.054060	0.000000
422.181400	0.000000
422.308750	0.000000
422.436090	0.000000
422.563440	0.000000
422.690780	0.000000
422.818120	0.000000
422.945470	0.000000
423.072810	0.000000
423.200160	0.000000
423.327500	0.000000
423.454850	0.000000
423.582190	0.000000
423.709540	0.000000
423.836880	0.000000
423.964220	0.000000
424.091570	0.000000
424.218910	0.000000
424.346260	0.000000
424.473600	0.000000
424.600950	0.000000
424.728290	0.000000
424.855640	0.000000
424.982980	0.000000
425.110320	0.000000
425.237670	0.000000
425.365010	0.000000
425.492360	0.000000
425.619700	0.000000
425.747050	0.000000
425.874390	0.000000
426.001740	0.000000
426.129080	0.000000
426.256420	0.000000
426.383770	0.000000
426.511110	0.000000
426.638460	0.000000
426.765800	0.000000
426.893150	0.000000
427.020490	0.000000
427.147840	0.000000
427.275180	0.000000
427.402520	0.000000
427.529870	0.000000
427.657210	0.000000
427.784560	0.000000
427.911900	0.000000
428.039250	0.000000
428.166590	0.000000
428.293940	0.000000
428.421280	0.000000
428.548620	0.000000
428.675970	0.000000
428.803310	0.000000
428.930660	0.000000
429.058000	0.000000
429.185350	0.000000
429.312690	0.000000
429.440040	0.000000
429.567380	0.000000
429.694720	0.000000
429.822070	0.000000
429.949410	0.000000
430.076760	0.000000
430.204100	0.000000
430.331450	0.000000
430.458790	0.000000
430.586140	0.000000
430.713480	0.000000
430.840820	0.000000
430.968170	0.000000
431.095510	0.000000
431.222860	0.000000
431.350200	0.000000
431.477550	0.000000
431.604890	0.000000
431.732240	0.000000
431.859580	0.000000
431.986920	0.000000
432.114270	0.000000
432.241610	0.000000
432.368960	0.000000
432.496300	0.000000
432.623650	0.000000
432.750990	0.000000
432.878340	0.000000
433.005680	0.000000
433.133020	0.000000
433.260370	0.000000
433.387710	0.000000
433.515060	0.000000
433.642400	0.000000
433.769750	0.000000
433.897090	0.000000
434.024440	0.000000
434.151780	0.000000
434.279120	0.000000
434.406470	0.000000
434.533810	0.000000
434.661160	0.000000
434.788500	0.000000
434.915850	0.000000
435.043190	0.000000
435.170540	0.000000
435.297880	0.000000
435.425220	0.000000
435.552570	0.000000
435.679910	0.000000
435.807260	0.000000
435.934600	0.000000
436.061950	0.000000
436.189290	0.000000
436.316640	0.000000
436.443980	0.000000
436.571320	0.000000
436.698670	0.000000
436.826010	0.000000
436.953360	0.000000
437.080700	0.000000
437.208050	0.000000
437.335390	0.000000
437.462740	0.000000
437.590080	0.000000
437.717420	0.000000
437.844770	0.000000
437.972110	0.000000
438.099460	0.000000
438.226800	0.000000
438.354150	0.000000
438.481490	0.000000
438.608840	0.000000
438.736180	0.000000
438.863520	0.000000
438.990870	0.000000
439.118210	0.000000
439.245560	0.000000
439.372900	0.000000
439.500250	0.000000
439.627590	0.000000
439.754940	0.000000
439.882280	0.000000
440.009620	0.000000
440.136970	0.000000
440.264310	0.000000
440.391660	0.000000
440.519000	0.000000
440.646350	0.000000
440.773690	0.000000
440.901040	0.000000
441.028380	0.000000
441.155720	0.000000
441.283070	0.000000
441.410410	0.000000
441.537760	0.000000
441.665100	0.000000
441.792450	0.000000
441.919790	0.000000
442.047140	0.000000
442.174480	0.000000
442.301820	0.000000
442.429170	0.000000
442.556510	0.000000
442.683860	0.000000
442.811200	0.000000
442.938550	0.000000
443.065890	0.000000
443.193240	0.000000
443.320580	0.000000
443.447920	0.000000
443.575270	0.000000
443.702610	0.000000
443.829960	0.000000
443.957300	0.000000
444.084650	0.000000
444.211990	0.000000
444.339340	0.000000
444.466680	0.000000
444.594020	0.000000
444.721370	0.000000
444.848710	0.000000
444.976060	0.000000
445.103400	0.000000
445.230750	0.000000
445.358090	0.000000
445.485440	0.000000
445.612780	0.000000
445.740120	0.000000
445.867470	0.000000
445.994810	0.000000
446.122160	0.000000
446.249500	0.000000
446.376850	0.000000
446.504190	0.000000
446.631540	0.000000
446.758880	0.000000
446.886220	0.000000
447.013570	0.000000
447.140910	0.000000
447.268260	0.000000
447.395600	0.000000
447.522950	0.000000
447.650290	0.000000
447.777640	0.000000
447.904980	0.000000
448.032320	0.000000
448.159670	0.000000
448.287010	0.000000
448.414360	0.000000
448.541700	0.000000
448.669050	0.000000
448.796390	0.000000
448.923740	0.000000
449.051080	0.000000
449.178420	0.000000
449.305770	0.000000
449.433110	0.000000
449.560460	0.000000
449.687800	0.000000
449.815150	0.000000
449.942490	0.000000
450.069840	0.000000
450.197180	0.000000
450.324520	0.000000
450.451870	0.000000
450.579210	0.000000
450.706560	0.000000
450.833900	0.000000
450.961250	0.000000
451.088590	0.000000
451.215940	0.000000
451.343280	0.000000
451.470620	0.000000
451.597970	0.000000
451.725310	0.000000
451.852660	0.000000
451.980000	0.000000
452.107350	0.000000
452.234690	0.000000
452.362040	0.000000
452.489380	0.000000
452.616720	0.000000
452.744070	0.000000
452.871410	0.000000
452.998760	0.000000
453.126100	0.000000
453.253450	0.000000
453.380790	0.000000
453.508140	0.000000
453.635480	0.000000
453.762820	0.000000
453.890170	0.000000
454.017510	0.000000
454.144860	0.000000
454.272200	0.000000
454.399550	0.000000
454.526890	0.000000
454.654240	0.000000
454.781580	0.000000
454.908920	0.000000
455.036270	0.000000
455.163610	0.000000
455.290960	0.000000
455.418300	0.000000
455.545650	0.000000
455.672990	0.000000
455.800340	0.000000
455.927680	0.000000
456.055020	0.000000
456.182370	0.000000
456.309710	0.000000
456.437060	0.000000
456.564400	0.000000
456.691750	0.000000
456.819090	0.000000
456.946440	0.000000
457.073780	0.000000
457.201120	0.000000
457.328470	0.000000
457.455810	0.000000
457.583160	0.000000
457.710500	0.000000
457.837850	0.000000
457.965190	0.000000
458.092540	0.000000
458.219880	0.000000
458.347220	0.000000
458.474570	0.000000
458.601910	0.000000
458.729260	0.000000
458.856600	0.000000
458.983950	0.000000
459.111290	0.000000
459.238640	0.000000
459.365980	0.000000
459.493320	0.000000
459.620670	0.000000
459.748010	0.000000
459.875360	0.000000
460.002700	0.000000
460.130050	0.000000
460.257390	0.000000
460.384740	0.000000
460.512080	0.000000
460.639420	0.000000
460.766770	0.000000
460.894110	0.000000
461.021460	0.000000
461.148800	0.000000
461.276150	0.000000
461.403490	0.000000
461.530840	0.000000
461.658180	0.000000
461.785520	0.000000
461.912870	0.000000
462.040210	0.000000
462.167560	0.000000
462.294900	0.000000
462.422250	0.000000
462.549590	0.000000
462.676940	0.000000
462.804280	0.000000
462.931620	0.000000
463.058970	0.000000
463.186310	0.000000
463.313660	0.000000
463.441000	0.000000
463.568350	0.000000
463.695690	0.000000
463.823040	0.000000
463.950380	0.000000
464.077720	0.000000
464.205070	0.000000
464.332410	0.000000
464.459760	0.000000
464.587100	0.000000
464.714450	0.000000
464.841790	0.000000
464.969140	0.000000
465.096480	0.000000
465.223820	0.000000
465.351170	0.000000
465.478510	0.000000
465.605860	0.000000
465.733200	0.000000
465.860550	0.000000
465.987890	0.000000
466.115240	0.000000
466.242580	0.000000
466.369920	0.000000
466.497270	0.000000
466.624610	0.000000
466.751960	0.000000
466.879300	0.000000
467.006650	0.000000
467.133990	0.000000
467.261340	0.000000
467.388680	0.000000
467.516020	0.000000
467.643370	0.000000
467.770710	0.000000
467.898060	0.000000
468.025400	0.000000
468.152750	0.000000
468.280090	0.000000
468.407440	0.000000
468.534780	0.000000
468.662120	0.000000
468.789470	0.000000
468.916810	0.000000
469.044160	0.000000
469.171500	0.000000
469.298850	0.000000
469.426190	0.000000
469.553540	0.000000
469.680880	0.000000
469.808220	0.000000
469.935570	0.000000
470.062910	0.000000
470.190260	0.000000
470.317600	0.000000
470.444950	0.000000
470.572290	0.000000
470.699640	0.000000
470.826980	0.000000
470.954320	0.000000
471.081670	0.000000
471.209010	0.000000
471.336360	0.000000
471.463700	0.000000
471.591050	0.000000
471.718390	0.000000
471.845740	0.000000
471.973080	0.000000
472.100420	0.000000
472.227770	0.000000
472.355110	0.000000
472.482460	0.000000
472.609800	0.000000
472.737150	0.000000
472.864490	0.000000
472.991840	0.000000
473.119180	0.000000
473.246520	0.000000
473.373870	0.000000
473.501210	0.000000
473.628560	0.000000
473.755900	0.000000
473.883250	0.000000
474.010590	0.000000
474.137940	0.000000
474.265280	0.000000
474.392620	0.000000
474.519970	0.000000
474.647310	0.000000
474.774660	0.000000
474.902000	0.000000
475.029350	0.000000
475.156690	0.000000
475.284040	0.000000
475.411380	0.000000
475.538720	0.000000
475.666070	0.000000
475.793410	0.000000
475.920760	0.000000
476.048100	0.000000
476.175450	0.000000
476.302790	0.000000
476.430140	0.000000
476.557480	0.000000
476.684820	0.000000
476.812170	0.000000
476.939510	0.000000
477.066860	0.000000
477.194200	0.000000
477.321550	0.000000
477.448890	0.000000
477.576240	0.000000
477.703580	0.000000
477.830920	0.000000
477.958270	0.000000
478.085610	0.000000
478.212960	0.000000
478.340300	0.000000
478.467650	0.000000
478.594990	0.000000
478.722340	0.000000
478.849680	0.000000
478.977020	0.000000
479.104370	0.000000
479.231710	0.000000
479.359060	0.000000
479.486400	0.000000
479.613750	0.000000
479.741090	0.000000
479.868440	0.000000
479.995780	0.000000
480.123120	0.000000
480.250470	0.000000
480.377810	0.000000
480.505160	0.000000
480.632500	0.000000
480.759850	0.000000
480.887190	0.000000
481.014540	0.000000
481.141880	0.000000
481.269220	0.000000
481.396570	0.000000
481.523910	0.000000
481.651260	0.000000
481.778600	0.000000
481.905950	0.000000
482.033290	0.000000
482.160640	0.000000
482.287980	0.000000
482.415320	0.000000
482.542670	0.000000
482.670010	0.000000
482.797360	0.000000
482.924700	0.000000
483.052050	0.000000
483.179390	0.000000
483.306740	0.000000
483.434080	0.000000
483.561420	0.000000
483.688770	0.000000
483.816110	0.000000
483.943460	0.000000
484.070800	0.000000
484.198150	0.000000
484.325490	0.000000
484.452840	0.000000
484.580180	0.000000
484.707520	0.000000
484.834870	0.000000
484.962210	0.000000
485.089560	0.000000
485.216900	0.000000
485.344250	0.000000
485.471590	0.000000
485.598940	0.000000
485.726280	0.000000
485.853620	0.000000
485.980970	0.000000
486.108310	0.000000
486.235660	0.000000
486.363000	0.000000
486.490350	0.000000
486.617690	0.000000
486.745040	0.000000
486.872380	0.000000
486.999720	0.000000
487.127070	0.000000
487.254410	0.000000
487.381760	0.000000
487.509100	0.000000
487.636450	0.000000
487.763790	0.000000
487.891140	0.000000
488.018480	0.000000
488.145820	0.000000
488.273170	0.000000
488.400510	0.000000
488.527860	0.000000
488.655200	0.000000
488.782550	0.000000
488.909890	0.000000
489.037240	0.000000
489.164580	0.000000
489.291920	0.000000
489.419270	0.000000
489.546610	0.000000
489.673960	0.000000
489.801300	0.000000
489.928650	0.000000
490.055990	0.000000
490.183340	0.000000
490.310680	0.000000
490.438020	0.000000
490.565370	0.000000
490.692710	0.000000
490.820060	0.000000
490.947400	0.000000
491.074750	0.000000
491.202090	0.000000
491.329440	0.000000
491.456780	0.000000
491.584120	0.000000
491.711470	0.000000
491.838810	0.000000
491.966160	0.000000
492.093500	0.000000
492.220850	0.000000
492.348190	0.000000
492.475540	0.000000
492.602880	0.000000
492.730220	0.000000
492.857570	0.000000
492.984910	0.000000
493.112260	0.000000
493.239600	0.000000
493.366950	0.000000
493.494290	0.000000
493.621640	0.000000
493.748980	0.000000
493.876320	0.000000
494.003670	0.000000
494.131010	0.000000
494.258360	0.000000
494.385700	0.000000
494.513050	0.000000
494.640390	0.000000
494.767740	0.000000
494.895080	0.000000
495.022420	0.000000
495.149770	0.000000
495.277110	0.000000
495.404460	0.000000
495.531800	0.000000
495.659150	0.000000
495.786490	0.000000
495.913840	0.000000
496.041180	0.000000
496.168520	0.000000
496.295870	0.000000
496.423210	0.000000
496.550560	0.000000
496.677900	0.000000
496.805250	0.000000
496.932590	0.000000
497.059940	0.000000
497.187280	0.000000
497.314620	0.000000
497.441970	0.000000
497.569310	0.000000
497.696660	0.000000
497.824000	0.000000
497.951350	0.000000
498.078690	0.000000
498.206040	0.000000
498.333380	0.000000
498.460720	0.000000
498.588070	0.000000
498.715410	0.000000
498.842760	0.000000
498.970100	0.000000
499.097450	0.000000
499.224790	0.000000
499.352140	0.000000
499.479480	0.000000
499.606820	0.000000
499.734170	0.000000
499.861510	0.000000
499.988860	0.000000
500.116200	0.000000
500.243550	0.000000
500.370890	0.000000
500.498240	0.000000
500.625580	0.000000
500.752920	0.000000
500.880270	0.000000
501.007610	0.000000
501.134960	0.000000
501.262300	0.000000
501.389650	0.000000
501.516990	0.000000
501.644340	0.000000
501.771680	0.000000
501.899020	0.000000
502.026370	0.000000
502.153710	0.000000
502.281060	0.000000
502.408400	0.000000
502.535750	0.000000
502.663090	0.000000
502.790440	0.000000
502.917780	0.000000
503.045120	0.000000
503.172470	0.000000
503.299810	0.000000
503.427160	0.000000
503.554500	0.000000
503.681850	0.000000
503.809190	0.000000
503.936540	0.000000
504.063880	0.000000
504.191220	0.000000
504.318570	0.000000
504.445910	0.000000
504.573260	0.000000
504.700600	0.000000
504.827950	0.000000
504.955290	0.000000
505.082640	0.000000
505.209980	0.000000
505.337320	0.000000
505.464670	0.000000
505.592010	0.000000
505.719360	0.000000
505.846700	0.000000
505.974050	0.000000
506.101390	0.000000
506.228740	0.000000
506.356080	0.000000
506.483420	0.000000
506.610770	0.000000
506.738110	0.000000
506.865460	0.000000
506.992800	0.000000
507.120150	0.000000
507.247490	0.000001
507.374840	0.000001
507.502180	0.000001
507.629520	0.000001
507.756870	0.000001
507.884210	0.000001
508.011560	0.000001
508.138900	0.000001
508.266250	0.000001
508.393590	0.000001
508.520940	0.000001
508.648280	0.000001
508.775620	0.000002
508.902970	0.000002
509.030310	0.000002
509.157660	0.000002
509.285000	0.000002
509.412350	0.000003
509.539690	0.000003
509.667040	0.000003
509.794380	0.000003
509.921720	0.000004
510.049070	0.000004
510.176410	0.000004
510.303760	0.000005
510.431100	0.000005
510.558450	0.000006
510.685790	0.000006
510.813140	0.000007
510.940480	0.000008
511.067820	0.000008
511.195170	0.000009
511.322510	0.000010
511.449860	0.000011
511.577200	0.000012
511.704550	0.000013
511.831890	0.000014
511.959240	0.000015
512.086580	0.000016
512.213920	0.000018
512.341270	0.000019
512.468610	0.000021
512.595960	0.000023
512.723300	0.000025
512.850650	0.000027
512.977990	0.000029
513.105340	0.000032
513.232680	0.000034
513.360020	0.000037
513.487370	0.000040
513.614710	0.000044
513.742060	0.000047
513.869400	0.000051
513.996750	0.000056
514.124090	0.000060
514.251440	0.000065
514.378780	0.000070
514.506120	0.000076
514.633470	0.000082
514.760810	0.000089
514.888160	0.000096
515.015500	0.000103
515.142850	0.000111
515.270190	0.000120
515.397540	0.000129
515.524880	0.000139
515.652220	0.000150
515.779570	0.000162
515.906910	0.000174
516.034260	0.000187
516.161600	0.000202
516.288950	0.000217
516.416290	0.000233
516.543640	0.000250
516.670980	0.000269
516.798320	0.000289
516.925670	0.000310
517.053010	0.000333
517.180360	0.000357
517.307700	0.000383
517.435050	0.000410
517.562390	0.000440
517.689740	0.000471
517.817080	0.000505
517.944420	0.000540
518.071770	0.000578
518.199110	0.000619
518.326460	0.000662
518.453800	0.000707
518.581150	0.000756
518.708490	0.000808
518.835840	0.000863
518.963180	0.000921
519.090520	0.000984
519.217870	0.001050
519.345210	0.001120
519.472560	0.001194
519.599900	0.001273
519.727250	0.001356
519.854590	0.001445
519.981940	0.001539
520.109280	0.001638
520.236620	0.001744
520.363970	0.001855
520.491310	0.001973
520.618660	0.002098
520.746000	0.002230
520.873350	0.002370
521.000690	0.002517
521.128040	0.002673
521.255380	0.002837
521.382720	0.003011
521.510070	0.003194
521.637410	0.003387
521.764760	0.003591
521.892100	0.003806
522.019450	0.004032
522.146790	0.004271
522.274140	0.004522
522.401480	0.004786
522.528820	0.005065
522.656170	0.005357
522.783510	0.005665
522.910860	0.005989
523.038200	0.006329
523.165550	0.006687
523.292890	0.007062
523.420240	0.007456
523.547580	0.007870
523.674920	0.008304
523.802270	0.008759
523.929610	0.009236
524.056960	0.009736
524.184300	0.010260
524.311650	0.010809
524.438990	0.011383
524.566340	0.011985
524.693680	0.012614
524.821020	0.013272
524.948370	0.013960
525.075710	0.014680
525.203060	0.015431
525.330400	0.016216
525.457750	0.017036
525.585090	0.017892
525.712440	0.018785
525.839780	0.019716
525.967120	0.020688
526.094470	0.021700
526.221810	0.022756
526.349160	0.023855
526.476500	0.025000
526.603850	0.026191
526.731190	0.027431
526.858540	0.028722
526.985880	0.030063
527.113220	0.031458
527.240570	0.032908
527.367910	0.034414
527.495260	0.035978
527.622600	0.037602
527.749950	0.039288
527.877290	0.041037
528.004640	0.042850
528.131980	0.044731
528.259320	0.046680
528.386670	0.048700
528.514010	0.050791
528.641360	0.052957
528.768700	0.055199
528.896050	0.057519
529.023390	0.059918
529.150740	0.062399
529.278080	0.064964
529.405420	0.067614
529.532770	0.070351
529.660110	0.073178
529.787460	0.076096
529.914800	0.079107
530.042150	0.082213
530.169490	0.085416
530.296840	0.088719
530.424180	0.092121
530.551520	0.095627
530.678870	0.099237
530.806210	0.102953
530.933560	0.106778
531.060900	0.110713
531.188250	0.114759
531.315590	0.118919
531.442940	0.123194
531.570280	0.127586
531.697620	0.132097
531.824970	0.136728
531.952310	0.141481
532.079660	0.146357
532.207000	0.151358
532.334350	0.156485
532.461690	0.161739
532.589040	0.167122
532.716380	0.172636
532.843720	0.178280
532.971070	0.184057
533.098410	0.189968
533.225760	0.196013
533.353100	0.202192
533.480450	0.208508
533.607790	0.214961
533.735140	0.221551
533.862480	0.228279
533.989820	0.235146
534.117170	0.242151
534.244510	0.249295
534.371860	0.256578
534.499200	0.264000
534.626550	0.271561
534.753890	0.279261
534.881240	0.287100
535.008580	0.295077
535.135920	0.303192
535.263270	0.311443
535.390610	0.319831
535.517960	0.328354
535.645300	0.337011
535.772650	0.345802
535.899990	0.354724
536.027340	0.363777
536.154680	0.372959
536.282020	0.382268
536.409370	0.391702
536.536710	0.401260
536.664060	0.410938
536.791400	0.420736
536.918750	0.430651
537.046090	0.440679
537.173440	0.450819
537.300780	0.461068
537.428120	0.471422
537.555470	0.481879
537.682810	0.492435
537.810160	0.503087
537.937500	0.513831
538.064850	0.524664
538.192190	0.535582
538.319540	0.546581
538.446880	0.557657
538.574220	0.568805
538.701570	0.580022
538.828910	0.591303
538.956260	0.602643
539.083600	0.614037
539.210950	0.625482
539.338290	0.636971
539.465640	0.648500
539.592980	0.660063
539.720320	0.671656
539.847670	0.683272
539.975010	0.694907
540.102360	0.706555
540.229700	0.718210
540.357050	0.729866
540.484390	0.741517
540.611740	0.753158
540.739080	0.764782
540.866420	0.776384
540.993770	0.787957
541.121110	0.799496
541.248460	0.810993
541.375800	0.822442
541.503150	0.833838
541.630490	0.845174
541.757840	0.856443
541.885180	0.867639
542.012520	0.878756
542.139870	0.889787
542.267210	0.900726
542.394560	0.911566
542.521900	0.922300
542.649250	0.932924
542.776590	0.943429
542.903940	0.953809
543.031280	0.964059
543.158620	0.974172
543.285970	0.984142
543.413310	0.993962
543.540660	1.003627
543.668000	1.013130
543.795350	1.022466
543.922690	1.031628
544.050040	1.040610
544.177380	1.049408
544.304720	1.058014
544.432070	1.066425
544.559410	1.074634
544.686760	1.082635
544.814100	1.090425
544.941450	1.097998
545.068790	1.105348
545.196140	1.112472
545.323480	1.119364
545.450820	1.126021
545.578170	1.132437
545.705510	1.138609
545.832860	1.144532
545.960200	1.150203
546.087550	1.155619
546.214890	1.160775
546.342240	1.165668
546.469580	1.170296
546.596920	1.174655
546.724270	1.178743
546.851610	1.182556
546.978960	1.186094
547.106300	1.189353
547.233650	1.192331
547.360990	1.195028
547.488340	1.197441
547.615680	1.199569
547.743020	1.201410
547.870370	1.202965
547.997710	1.204232
548.125060	1.205211
548.252400	1.205901
548.379750	1.206302
548.507090	1.206415
548.634440	1.206240
548.761780	1.205776
548.889120	1.205026
549.016470	1.203990
549.143810	1.202669
549.271160	1.201065
549.398500	1.199178
549.525850	1.197011
549.653190	1.194566
549.780540	1.191844
549.907880	1.188849
550.035220	1.185582
550.162570	1.182046
550.289910	1.178244
550.417260	1.174179
550.544600	1.169855
550.671950	1.165274
550.799290	1.160440
550.926640	1.155357
551.053980	1.150029
551.181320	1.144459
551.308670	1.138653
551.436010	1.132613
551.563360	1.126344
551.690700	1.119851
551.818050	1.113139
551.945390	1.106212
552.072740	1.099075
552.200080	1.091734
552.327420	1.084192
552.454770	1.076457
552.582110	1.068531
552.709460	1.060422
552.836800	1.052134
552.964150	1.043673
553.091490	1.035044
553.218840	1.026254
553.346180	1.017307
553.473520	1.008210
553.600870	0.998968
553.728210	0.989587
553.855560	0.980074
553.982900	0.970432
554.110250	0.960670
554.237590	0.950792
554.364940	0.940804
554.492280	0.930713
554.619620	0.920524
554.746970	0.910243
554.874310	0.899876
555.001660	0.889428
555.129000	0.878907
555.256350	0.868317
555.383690	0.857664
555.511040	0.846954
555.638380	0.836193
555.765720	0.825386
555.893070	0.814539
556.020410	0.803658
556.147760	0.792747
556.275100	0.781813
556.402450	0.770860
556.529790	0.759894
556.657140	0.748920
556.784480	0.737943
556.911820	0.726969
557.039170	0.716002
557.166510	0.705046
557.293860	0.694108
557.421200	0.683191
557.548550	0.672299
557.675890	0.661439
557.803240	0.650613
557.930580	0.639826
558.057920	0.629082
558.185270	0.618386
558.312610	0.607741
558.439960	0.597151
558.567300	0.586620
558.694650	0.576151
558.821990	0.565748
558.949340	0.555415
559.076680	0.545154
559.204020	0.534968
559.331370	0.524862
559.458710	0.514837
559.586060	0.504896
559.713400	0.495043
559.840750	0.485279
559.968090	0.475607
560.095440	0.466030
560.222780	0.456550
560.350120	0.447169
560.477470	0.437888
560.604810	0.428710
560.732160	0.419637
560.859500	0.410670
560.986850	0.401811
561.114190	0.393060
561.241540	0.384421
561.368880	0.375893
561.496220	0.367478
561.623570	0.359177
561.750910	0.350991
561.878260	0.342920
562.005600	0.334966
562.132950	0.327129
562.260290	0.319410
562.387640	0.311808
562.514980	0.304325
562.642320	0.296961
562.769670	0.289716
562.897010	0.282589
563.024360	0.275582
563.151700	0.268694
563.279050	0.261924
563.406390	0.255274
563.533740	0.248741
563.661080	0.242327
563.788420	0.236030
563.915770	0.229850
564.043110	0.223787
564.170460	0.217840
564.297800	0.212009
564.425150	0.206292
564.552490	0.200689
564.679840	0.195199
564.807180	0.189821
564.934520	0.184554
565.061870	0.179398
565.189210	0.174351
565.316560	0.169412
565.443900	0.164581
565.571250	0.159855
565.698590	0.155235
565.825940	0.150718
565.953280	0.146303
566.080620	0.141990
566.207970	0.137777
566.335310	0.133663
566.462660	0.129646
566.590000	0.125725
566.717350	0.121899
566.844690	0.118166
566.972040	0.114525
567.099380	0.110974
567.226720	0.107513
567.354070	0.104139
567.481410	0.100851
567.608760	0.097649
567.736100	0.094530
567.863450	0.091492
567.990790	0.088535
568.118140	0.085658
568.245480	0.082857
568.372820	0.080133
568.500170	0.077484
568.627510	0.074907
568.754860	0.072403
568.882200	0.069969
569.009550	0.067604
569.136890	0.065306
569.264240	0.063074
569.391580	0.060907
569.518920	0.058803
569.646270	0.056762
569.773610	0.054780
569.900960	0.052858
570.028300	0.050994
570.155650	0.049186
570.282990	0.047433
570.410340	0.045734
570.537680	0.044088
570.665020	0.042493
570.792370	0.040948
570.919710	0.039452
571.047060	0.038003
571.174400	0.036601
571.301750	0.035243
571.429090	0.033930
571.556440	0.032660
571.683780	0.031432
571.811120	0.030244
571.938470	0.029095
572.065810	0.027985
572.193160	0.026913
572.320500	0.025876
572.447850	0.024875
572.575190	0.023909
572.702540	0.022975
572.829880	0.022075
572.957220	0.021205
573.084570	0.020366
573.211910	0.019557
573.339260	0.018776
573.466600	0.018024
573.593950	0.017298
573.721290	0.016598
573.848640	0.015924
573.975980	0.015275
574.103320	0.014649
574.230670	0.014047
574.358010	0.013467
574.485360	0.012908
574.612700	0.012370
574.740050	0.011853
574.867390	0.011355
574.994740	0.010877
575.122080	0.010416
575.249420	0.009973
575.376770	0.009548
575.504110	0.009139
575.631460	0.008746
575.758800	0.008368
575.886150	0.008005
576.013490	0.007657
576.140840	0.007322
576.268180	0.007001
576.395520	0.006693
576.522870	0.006397
576.650210	0.006113
576.777560	0.005841
576.904900	0.005580
577.032250	0.005329
577.159590	0.005089
577.286940	0.004859
577.414280	0.004639
577.541620	0.004428
577.668970	0.004225
577.796310	0.004031
577.923660	0.003846
578.051000	0.003668
578.178350	0.003498
578.305690	0.003335
578.433040	0.003180
578.560380	0.003031
578.687720	0.002888
578.815070	0.002752
578.942410	0.002622
579.069760	0.002497
579.197100	0.002378
579.324450	0.002264
579.451790	0.002156
579.579140	0.002052
579.706480	0.001953
579.833820	0.001858
579.961170	0.001768
580.088510	0.001681
580.215860	0.001599
580.343200	0.001520
580.470550	0.001445
580.597890	0.001374
580.725240	0.001306
580.852580	0.001241
580.979920	0.001179
581.107270	0.001120
581.234610	0.001064
581.361960	0.001010
581.489300	0.000959
581.616650	0.000910
581.743990	0.000864
581.871340	0.000820
581.998680	0.000778
582.126020	0.000738
582.253370	0.000700
582.380710	0.000664
582.508060	0.000629
582.635400	0.000597
582.762750	0.000566
582.890090	0.000536
583.017440	0.000508
583.144780	0.000481
583.272120	0.000456
583.399470	0.000432
583.526810	0.000409
583.654160	0.000387
583.781500	0.000366
583.908850	0.000347
584.036190	0.000328
584.163540	0.000311
584.290880	0.000294
584.418220	0.000278
584.545570	0.000263
584.672910	0.000248
584.800260	0.000235
584.927600	0.000222
585.054950	0.000210
585.182290	0.000198
585.309640	0.000187
585.436980	0.000177
585.564320	0.000167
585.691670	0.000158
585.819010	0.000149
585.946360	0.000141
586.073700	0.000133
586.201050	0.000125
586.328390	0.000118
586.455740	0.000112
586.583080	0.000105
586.710420	0.000099
586.837770	0.000094
586.965110	0.000088
587.092460	0.000083
587.219800	0.000078
587.347150	0.000074
587.474490	0.000070
587.601840	0.000066
587.729180	0.000062
587.856520	0.000058
587.983870	0.000055
588.111210	0.000052
588.238560	0.000049
588.365900	0.000046
588.493250	0.000043
