# ------------------------------------------------------------------------
# NASA-GSFC Planetary Spectrum Generator (PSG, Villanueva et al. 2018)
# Atmospheric transmittance spectrum synthesized with PUMAS (Villanueva et al. 2018, Smith et al. 2009, Edwards 1992)
# Synthesized on Mon May 10 18:44:41 2021
# Molecular abundance profile: Earth at 0 m, NASA/MERRA2 2020/04/08
# Molecules considered: H2O,CO2,O3,CO,CH4,O2,N2
# Molecular sources: HIT[1],HIT[2],HIT[3],HIT[5],HIT[6],HIT[7],HIT[22]
# Molecular abundances: 1,0.033,1,0.05,1.72,21,78.1
# Molecular abundance units: pct,pct,scl,ppm,ppm,pct,pct
# Collissional partners: Air:79%, H2:0%, He:0%, CO2:0%
# UV cross-sections included:  H2O CO2 O3 CO CH4 O2 N2
# Collision-Induced-Absorption:  H2O-H2O  H2O-N2  O2-CO2  O2-N2  O2-O2 
# Rayleigh scattering included
# ------------------------------------------------------------------------
# Spectral unit: Wavelength [um]
# Wave/freq Total H2O CO2 O3 CO CH4 O2 N2 Rayleigh CIA
2.000000000e-01  0.00000  1.00000  1.00000  0.10383  1.00000  1.00000  0.00000  1.00000  0.00776  1.00000
2.010000000e-01  0.00000  1.00000  1.00000  0.10492  1.00000  1.00000  0.00000  1.00000  0.00843  1.00000
2.020050000e-01  0.00000  1.00000  1.00000  0.10507  1.00000  1.00000  0.00000  1.00000  0.00925  1.00000
2.030150250e-01  0.00000  1.00000  1.00000  0.10436  1.00000  1.00000  0.00000  1.00000  0.01013  1.00000
2.040301001e-01  0.00000  1.00000  1.00000  0.09718  1.00000  1.00000  0.00000  1.00000  0.01108  1.00000
2.050502506e-01  0.00000  1.00000  1.00000  0.08886  1.00000  1.00000  0.00000  1.00000  0.01210  1.00000
2.060755019e-01  0.00000  1.00000  1.00000  0.07465  1.00000  1.00000  0.00000  1.00000  0.01319  1.00000
2.071058794e-01  0.00000  1.00000  1.00000  0.06074  1.00000  1.00000  0.00000  1.00000  0.01435  1.00000
2.081414088e-01  0.00000  1.00000  1.00000  0.04877  1.00000  1.00000  0.00000  1.00000  0.01559  1.00000
2.091821158e-01  0.00000  1.00000  1.00000  0.03837  1.00000  1.00000  0.00000  1.00000  0.01691  1.00000
2.102280264e-01  0.00000  1.00000  1.00000  0.02660  1.00000  1.00000  0.00000  1.00000  0.01832  1.00000
2.112791665e-01  0.00000  1.00000  1.00000  0.01680  1.00000  1.00000  0.00000  1.00000  0.01978  1.00000
2.123355624e-01  0.00000  1.00000  1.00000  0.00895  1.00000  1.00000  0.00000  1.00000  0.02136  1.00000
2.133972402e-01  0.00000  1.00000  1.00000  0.00413  1.00000  1.00000  0.00000  1.00000  0.02303  1.00000
2.144642264e-01  0.00000  1.00000  1.00000  0.00237  1.00000  1.00000  0.00000  1.00000  0.02480  1.00000
2.155365475e-01  0.00000  1.00000  1.00000  0.00103  1.00000  1.00000  0.00000  1.00000  0.02667  1.00000
2.166142303e-01  0.00000  1.00000  1.00000  0.00045  1.00000  1.00000  0.00000  1.00000  0.02864  1.00000
2.176973014e-01  0.00000  1.00000  1.00000  0.00017  1.00000  1.00000  0.00000  1.00000  0.03070  1.00000
2.187857879e-01  0.00000  1.00000  1.00000  0.00007  1.00000  1.00000  0.00000  1.00000  0.03287  1.00000
2.198797169e-01  0.00000  1.00000  1.00000  0.00002  1.00000  1.00000  0.00000  1.00000  0.03514  1.00000
2.209791154e-01  0.00000  1.00000  1.00000  0.00001  1.00000  1.00000  0.00000  1.00000  0.03754  1.00000
2.220840110e-01  0.00000  1.00000  1.00000  0.00000  1.00000  1.00000  0.00000  1.00000  0.04003  1.00000
2.231944311e-01  0.00000  1.00000  1.00000  0.00000  1.00000  1.00000  0.00000  1.00000  0.04264  0.71289
2.243104032e-01  0.00000  1.00000  1.00000  0.00000  1.00000  1.00000  0.00000  1.00000  0.04536  0.02923
2.254319552e-01  0.00000  1.00000  1.00000  0.00000  1.00000  1.00000  0.00000  1.00000  0.04821  0.00203
2.265591150e-01  0.00000  1.00000  1.00000  0.00000  1.00000  1.00000  0.00000  1.00000  0.05117  0.00252
2.276919106e-01  0.00000  1.00000  1.00000  0.00000  1.00000  1.00000  0.00001  1.00000  0.05424  0.00337
2.288303701e-01  0.00000  1.00000  1.00000  0.00000  1.00000  1.00000  0.00001  1.00000  0.05743  0.00449
2.299745220e-01  0.00000  1.00000  1.00000  0.00000  1.00000  1.00000  0.00003  1.00000  0.06076  0.00601
2.311243946e-01  0.00000  1.00000  1.00000  0.00000  1.00000  1.00000  0.00007  1.00000  0.06420  0.00799
2.322800166e-01  0.00000  1.00000  1.00000  0.00000  1.00000  1.00000  0.00019  1.00000  0.06777  0.01067
2.334414167e-01  0.00000  1.00000  1.00000  0.00000  1.00000  1.00000  0.00043  1.00000  0.07136  0.01417
2.346086237e-01  0.00000  1.00000  1.00000  0.00000  1.00000  1.00000  0.00094  1.00000  0.07508  0.01866
2.357816669e-01  0.00000  1.00000  1.00000  0.00000  1.00000  1.00000  0.00185  1.00000  0.07901  0.02382
2.369605752e-01  0.00000  1.00000  1.00000  0.00000  1.00000  1.00000  0.00352  1.00000  0.08305  0.02984
2.381453781e-01  0.00000  1.00000  1.00000  0.00000  1.00000  1.00000  0.00620  1.00000  0.08722  0.03767
2.393361050e-01  0.00000  1.00000  1.00000  0.00000  1.00000  1.00000  0.01050  1.00000  0.09153  0.05003
2.405327855e-01  0.00000  1.00000  1.00000  0.00000  1.00000  1.00000  0.01735  1.00000  0.09595  0.06708
2.417354494e-01  0.00000  1.00000  1.00000  0.00000  1.00000  1.00000  0.02747  1.00000  0.10048  0.08528
2.429441267e-01  0.00000  1.00000  1.00000  0.00000  1.00000  1.00000  0.04196  1.00000  0.10512  0.10575
2.441588473e-01  0.00000  1.00000  1.00000  0.00000  1.00000  1.00000  0.11887  1.00000  0.10990  0.12827
2.453796415e-01  0.00000  1.00000  1.00000  0.00000  1.00000  1.00000  0.26165  1.00000  0.11480  0.15532
2.466065397e-01  0.00000  1.00000  1.00000  0.00000  1.00000  1.00000  0.26885  1.00000  0.11978  0.18768
2.478395724e-01  0.00000  1.00000  1.00000  0.00000  1.00000  1.00000  0.51216  1.00000  0.12490  0.22319
2.490787703e-01  0.00000  1.00000  1.00000  0.00000  1.00000  1.00000  0.43163  1.00000  0.13014  0.26450
2.503241642e-01  0.00000  1.00000  1.00000  0.00000  1.00000  1.00000  0.91850  1.00000  0.13549  0.31228
2.515757850e-01  0.00000  1.00000  1.00000  0.00000  1.00000  1.00000  0.58546  1.00000  0.14095  0.35513
2.528336639e-01  0.00000  1.00000  1.00000  0.00000  1.00000  1.00000  0.53657  1.00000  0.14651  0.42406
2.540978322e-01  0.00000  1.00000  1.00000  0.00000  1.00000  1.00000  0.82501  1.00000  0.15217  0.46460
2.553683214e-01  0.00000  1.00000  1.00000  0.00000  1.00000  1.00000  0.48266  1.00000  0.15794  0.50825
2.566451630e-01  0.00000  1.00000  1.00000  0.00000  1.00000  1.00000  0.67272  1.00000  0.16380  0.57638
2.579283888e-01  0.00000  1.00000  1.00000  0.00000  1.00000  1.00000  0.94652  1.00000  0.16976  0.62802
2.592180307e-01  0.00000  1.00000  1.00000  0.00000  1.00000  1.00000  0.65817  1.00000  0.17581  0.63430
2.605141209e-01  0.00000  1.00000  1.00000  0.00000  1.00000  1.00000  0.71973  1.00000  0.18195  0.72010
2.618166915e-01  0.00000  1.00000  1.00000  0.00000  1.00000  1.00000  0.91405  1.00000  0.18818  0.75132
2.631257750e-01  0.00000  1.00000  1.00000  0.00000  1.00000  1.00000  0.88090  1.00000  0.19449  0.75697
2.644414038e-01  0.00000  1.00000  1.00000  0.00000  1.00000  1.00000  0.73575  1.00000  0.20089  0.79829
2.657636109e-01  0.00000  1.00000  1.00000  0.00000  1.00000  1.00000  0.90226  1.00000  0.20736  0.87677
2.670924289e-01  0.00000  1.00000  1.00000  0.00000  1.00000  1.00000  0.91190  1.00000  0.21390  0.84279
2.684278911e-01  0.00000  1.00000  1.00000  0.00000  1.00000  1.00000  0.79963  1.00000  0.22052  0.86252
2.697700305e-01  0.00000  1.00000  1.00000  0.00000  1.00000  1.00000  0.88958  1.00000  0.22720  0.90793
2.711188807e-01  0.00000  1.00000  1.00000  0.00000  1.00000  1.00000  0.93580  1.00000  0.23395  0.93224
2.724744751e-01  0.00000  1.00000  1.00000  0.00000  1.00000  1.00000  0.93709  1.00000  0.24076  0.92743
2.738368474e-01  0.00000  1.00000  1.00000  0.00000  1.00000  1.00000  0.90587  1.00000  0.24763  0.94244
2.752060317e-01  0.00000  1.00000  1.00000  0.00000  1.00000  1.00000  0.94592  1.00000  0.25455  0.96185
2.765820618e-01  0.00000  1.00000  1.00000  0.00000  1.00000  1.00000  0.94578  1.00000  0.26152  0.97086
2.779649721e-01  0.00000  1.00000  1.00000  0.00000  1.00000  1.00000  0.96521  1.00000  0.26854  0.96829
2.793547970e-01  0.00000  1.00000  1.00000  0.00000  1.00000  1.00000  0.96209  1.00000  0.27561  0.96162
2.807515710e-01  0.00000  1.00000  1.00000  0.00000  1.00000  1.00000  0.97064  1.00000  0.28271  0.97461
2.821553288e-01  0.00000  1.00000  1.00000  0.00000  1.00000  1.00000  0.96554  1.00000  0.28986  0.98560
2.835661055e-01  0.00000  1.00000  1.00000  0.00000  1.00000  1.00000  0.97396  1.00000  0.29703  0.98983
2.849839360e-01  0.00000  1.00000  1.00000  0.00000  1.00000  1.00000  0.97845  1.00000  0.30424  0.99137
2.864088557e-01  0.00000  1.00000  1.00000  0.00000  1.00000  1.00000  0.97845  1.00000  0.31148  0.99291
2.878409000e-01  0.00001  1.00000  1.00000  0.00002  1.00000  1.00000  0.97930  1.00000  0.31874  0.99444
2.892801045e-01  0.00003  1.00000  1.00000  0.00008  1.00000  1.00000  0.98355  1.00000  0.32602  0.99611
2.907265050e-01  0.00010  1.00000  1.00000  0.00030  1.00000  1.00000  0.98801  1.00000  0.33331  0.99901
2.921801375e-01  0.00037  1.00000  1.00000  0.00108  1.00000  1.00000  0.99158  1.00000  0.34063  1.00000
2.936410382e-01  0.00111  1.00000  1.00000  0.00320  1.00000  1.00000  0.99527  1.00000  0.34795  1.00000
2.951092434e-01  0.00283  1.00000  1.00000  0.00794  1.00000  1.00000  1.00000  1.00000  0.35528  1.00000
2.965847896e-01  0.00705  1.00000  1.00000  0.01938  1.00000  1.00000  1.00000  1.00000  0.36262  1.00000
2.980677136e-01  0.01475  1.00000  1.00000  0.03979  1.00000  1.00000  1.00000  1.00000  0.36996  1.00000
2.995580521e-01  0.02694  1.00000  1.00000  0.07125  1.00000  1.00000  1.00000  1.00000  0.37729  1.00000
3.010558424e-01  0.04483  1.00000  1.00000  0.11643  1.00000  1.00000  1.00000  1.00000  0.38463  1.00000
3.025611216e-01  0.06828  1.00000  1.00000  0.17398  1.00000  1.00000  1.00000  1.00000  0.39196  1.00000
3.040739272e-01  0.09492  1.00000  1.00000  0.23759  1.00000  1.00000  1.00000  1.00000  0.39928  1.00000
3.055942969e-01  0.12897  1.00000  1.00000  0.31698  1.00000  1.00000  1.00000  1.00000  0.40658  1.00000
3.071222683e-01  0.16279  1.00000  1.00000  0.39314  1.00000  1.00000  1.00000  1.00000  0.41388  1.00000
3.086578797e-01  0.19639  1.00000  1.00000  0.46613  1.00000  1.00000  1.00000  1.00000  0.42115  1.00000
3.102011691e-01  0.23629  1.00000  1.00000  0.55146  1.00000  1.00000  1.00000  1.00000  0.42841  1.00000
3.117521749e-01  0.26527  1.00000  1.00000  0.60872  1.00000  1.00000  1.00000  1.00000  0.43564  1.00000
3.133109358e-01  0.29723  1.00000  1.00000  0.67112  1.00000  1.00000  1.00000  1.00000  0.44285  1.00000
3.148774905e-01  0.32921  1.00000  1.00000  0.73140  1.00000  1.00000  1.00000  1.00000  0.45003  1.00000
3.164518779e-01  0.35741  1.00000  1.00000  0.78166  1.00000  1.00000  1.00000  1.00000  0.45719  1.00000
3.180341373e-01  0.37848  1.00000  1.00000  0.81501  1.00000  1.00000  1.00000  1.00000  0.46431  1.00000
3.196243080e-01  0.40091  1.00000  1.00000  0.85046  1.00000  1.00000  1.00000  1.00000  0.47140  1.00000
3.212224295e-01  0.42603  1.00000  1.00000  0.89038  1.00000  1.00000  1.00000  1.00000  0.47845  1.00000
3.228285417e-01  0.43143  1.00000  1.00000  0.88862  1.00000  1.00000  1.00000  1.00000  0.48547  1.00000
3.244426844e-01  0.45855  1.00000  1.00000  0.93122  1.00000  1.00000  1.00000  1.00000  0.49245  1.00000
3.260648978e-01  0.47075  1.00000  1.00000  0.94260  1.00000  1.00000  1.00000  1.00000  0.49939  1.00000
3.276952223e-01  0.48165  1.00000  1.00000  0.95137  1.00000  1.00000  1.00000  1.00000  0.50628  1.00000
3.293336984e-01  0.50039  1.00000  1.00000  0.97514  1.00000  1.00000  1.00000  1.00000  0.51314  1.00000
3.309803669e-01  0.50325  1.00000  1.00000  0.96790  1.00000  1.00000  1.00000  1.00000  0.51994  1.00000
3.326352688e-01  0.51920  1.00000  1.00000  0.98575  1.00000  1.00000  1.00000  1.00000  0.52671  1.00000
3.342984451e-01  0.52374  1.00000  1.00000  0.98184  1.00000  1.00000  1.00000  1.00000  0.53342  1.00000
3.359699373e-01  0.53601  1.00000  1.00000  0.99248  1.00000  1.00000  1.00000  1.00000  0.54008  0.99999
3.376497870e-01  0.53979  1.00000  1.00000  0.98739  1.00000  1.00000  1.00000  1.00000  0.54669  0.99997
3.393380359e-01  0.55054  1.00000  1.00000  0.99526  1.00000  1.00000  1.00000  1.00000  0.55325  0.99984
3.410347261e-01  0.55629  1.00000  1.00000  0.99430  1.00000  1.00000  1.00000  1.00000  0.55976  0.99948
3.427398998e-01  0.56426  1.00000  1.00000  0.99761  1.00000  1.00000  1.00000  1.00000  0.56621  0.99894
3.444535992e-01  0.56951  1.00000  1.00000  0.99555  1.00000  1.00000  1.00000  1.00000  0.57261  0.99903
3.461758672e-01  0.57791  1.00000  1.00000  0.99841  1.00000  1.00000  1.00000  1.00000  0.57895  0.99980
3.479067466e-01  0.58439  1.00000  1.00000  0.99857  1.00000  1.00000  1.00000  1.00000  0.58523  0.99999
3.496462803e-01  0.59103  1.00000  1.00000  0.99930  1.00000  1.00000  1.00000  1.00000  0.59146  0.99998
3.513945117e-01  0.59684  1.00000  1.00000  0.99880  1.00000  1.00000  1.00000  1.00000  0.59762  0.99989
3.531514843e-01  0.60319  1.00000  1.00000  0.99936  1.00000  1.00000  1.00000  1.00000  0.60374  0.99973
3.549172417e-01  0.60922  1.00000  1.00000  0.99968  1.00000  1.00000  1.00000  1.00000  0.60978  0.99940
3.566918279e-01  0.61478  1.00000  1.00000  0.99974  1.00000  1.00000  1.00000  1.00000  0.61577  0.99865
3.584752870e-01  0.61961  1.00000  1.00000  0.99980  1.00000  1.00000  1.00000  1.00000  0.62169  0.99684
3.602676635e-01  0.62413  1.00000  1.00000  0.99971  1.00000  1.00000  1.00000  1.00000  0.62756  0.99482
3.620690018e-01  0.63102  1.00000  1.00000  0.99991  1.00000  1.00000  1.00000  1.00000  0.63336  0.99639
3.638793468e-01  0.63858  1.00000  1.00000  0.99994  1.00000  1.00000  1.00000  1.00000  0.63910  0.99924
3.656987435e-01  0.64465  1.00000  1.00000  0.99992  1.00000  1.00000  1.00000  1.00000  0.64478  0.99988
3.675272373e-01  0.65037  1.00000  1.00000  0.99996  1.00000  1.00000  1.00000  1.00000  0.65039  0.99999
3.693648734e-01  0.65591  1.00000  1.00000  0.99995  1.00000  1.00000  1.00000  1.00000  0.65594  1.00000
3.712116978e-01  0.66141  1.00000  1.00000  0.99998  1.00000  1.00000  1.00000  1.00000  0.66143  0.99999
3.730677563e-01  0.66681  1.00000  1.00000  0.99998  1.00000  1.00000  1.00000  1.00000  0.66685  0.99996
3.749330951e-01  0.67212  1.00000  1.00000  0.99998  1.00000  1.00000  1.00000  1.00000  0.67221  0.99988
3.768077606e-01  0.67709  1.00000  1.00000  0.99999  1.00000  1.00000  1.00000  1.00000  0.67750  0.99941
3.786917994e-01  0.68134  1.00000  1.00000  0.99999  1.00000  1.00000  1.00000  1.00000  0.68273  0.99796
3.805852584e-01  0.68586  1.00000  1.00000  0.99999  1.00000  1.00000  1.00000  1.00000  0.68790  0.99705
3.824881846e-01  0.69203  1.00000  1.00000  0.99998  1.00000  1.00000  1.00000  1.00000  0.69300  0.99861
3.844006256e-01  0.69782  1.00000  1.00000  0.99998  1.00000  1.00000  1.00000  1.00000  0.69804  0.99971
3.863226287e-01  0.70299  1.00000  1.00000  0.99998  1.00000  1.00000  1.00000  1.00000  0.70302  0.99998
3.882542418e-01  0.70790  1.00000  1.00000  0.99997  1.00000  1.00000  1.00000  1.00000  0.70792  0.99999
3.901955131e-01  0.71270  0.99996  1.00000  0.99997  1.00000  1.00000  1.00000  1.00000  0.71277  0.99997
3.921464906e-01  0.71741  0.99987  1.00000  0.99997  1.00000  1.00000  1.00000  1.00000  0.71755  0.99997
3.941072231e-01  0.72216  0.99992  1.00000  0.99995  1.00000  1.00000  1.00000  1.00000  0.72227  0.99997
3.960777592e-01  0.72680  0.99991  1.00000  0.99994  1.00000  1.00000  1.00000  1.00000  0.72693  0.99997
3.980581480e-01  0.73071  0.99896  1.00000  0.99995  1.00000  1.00000  1.00000  1.00000  0.73153  0.99997
4.000484387e-01  0.73548  0.99930  1.00000  0.99994  1.00000  1.00000  1.00000  1.00000  0.73605  0.99997
4.020486809e-01  0.74024  0.99973  1.00000  0.99992  1.00000  1.00000  1.00000  1.00000  0.74053  0.99997
4.040589243e-01  0.74477  0.99989  1.00000  0.99992  1.00000  1.00000  1.00000  1.00000  0.74493  0.99997
4.060792189e-01  0.74916  0.99997  1.00000  0.99991  1.00000  1.00000  1.00000  1.00000  0.74928  0.99997
4.081096150e-01  0.75342  0.99999  1.00000  0.99986  1.00000  1.00000  1.00000  1.00000  0.75356  0.99997
4.101501631e-01  0.75763  1.00000  1.00000  0.99983  1.00000  1.00000  1.00000  1.00000  0.75778  0.99997
4.122009139e-01  0.76180  0.99999  1.00000  0.99984  1.00000  1.00000  1.00000  1.00000  0.76194  0.99997
4.142619185e-01  0.76587  0.99994  1.00000  0.99984  1.00000  1.00000  1.00000  1.00000  0.76605  0.99997
4.163332281e-01  0.76952  0.99950  1.00000  0.99979  1.00000  1.00000  1.00000  1.00000  0.77009  0.99997
4.184148942e-01  0.77355  0.99958  1.00000  0.99977  1.00000  1.00000  1.00000  1.00000  0.77408  0.99997
4.205069687e-01  0.77763  0.99978  1.00000  0.99976  1.00000  1.00000  1.00000  1.00000  0.77800  0.99997
4.226095035e-01  0.78157  0.99996  1.00000  0.99968  1.00000  1.00000  1.00000  1.00000  0.78187  0.99997
4.247225511e-01  0.78530  0.99998  1.00000  0.99956  1.00000  1.00000  1.00000  1.00000  0.78568  0.99997
4.268461638e-01  0.78892  0.99984  1.00000  0.99954  1.00000  1.00000  1.00000  1.00000  0.78943  0.99997
4.289803946e-01  0.79270  0.99988  1.00000  0.99960  1.00000  1.00000  1.00000  1.00000  0.79312  0.99998
4.311252966e-01  0.79637  0.99996  1.00000  0.99954  1.00000  1.00000  1.00000  1.00000  0.79677  1.00000
4.332809231e-01  0.79990  0.99999  1.00000  0.99944  1.00000  1.00000  1.00000  1.00000  0.80035  1.00000
4.354473277e-01  0.80343  1.00000  1.00000  0.99945  1.00000  1.00000  1.00000  1.00000  0.80388  1.00000
4.376245643e-01  0.80681  0.99999  1.00000  0.99937  1.00000  1.00000  1.00000  1.00000  0.80735  0.99998
4.398126872e-01  0.80991  0.99989  1.00000  0.99910  1.00000  1.00000  1.00000  1.00000  0.81077  0.99994
4.420117506e-01  0.81217  0.99889  1.00000  0.99886  1.00000  1.00000  1.00000  1.00000  0.81414  0.99984
4.442218094e-01  0.81282  0.99581  1.00000  0.99886  1.00000  1.00000  1.00000  1.00000  0.81745  0.99966
4.464429184e-01  0.81711  0.99720  1.00000  0.99900  1.00000  1.00000  1.00000  1.00000  0.82071  0.99940
4.486751330e-01  0.82195  0.99904  1.00000  0.99890  1.00000  1.00000  1.00000  1.00000  0.82392  0.99967
4.509185087e-01  0.82580  0.99983  1.00000  0.99871  1.00000  1.00000  1.00000  1.00000  0.82708  0.99992
4.531731012e-01  0.82906  0.99993  1.00000  0.99872  1.00000  1.00000  1.00000  1.00000  0.83019  0.99999
4.554389667e-01  0.83199  0.99993  1.00000  0.99857  1.00000  1.00000  1.00000  1.00000  0.83324  1.00000
4.577161615e-01  0.83457  0.99990  1.00000  0.99809  1.00000  1.00000  1.00000  1.00000  0.83625  0.99999
4.600047424e-01  0.83704  0.99994  1.00000  0.99752  1.00000  1.00000  1.00000  1.00000  0.83921  0.99996
4.623047661e-01  0.83977  0.99999  1.00000  0.99730  1.00000  1.00000  1.00000  1.00000  0.84212  0.99991
4.646162899e-01  0.84279  0.99999  1.00000  0.99761  1.00000  1.00000  1.00000  1.00000  0.84498  0.99980
4.669393713e-01  0.84536  0.99982  1.00000  0.99771  1.00000  1.00000  1.00000  1.00000  0.84780  0.99959
4.692740682e-01  0.84644  0.99873  1.00000  0.99736  1.00000  1.00000  1.00000  1.00000  0.85057  0.99905
4.716204385e-01  0.84787  0.99845  1.00000  0.99723  1.00000  1.00000  1.00000  1.00000  0.85329  0.99795
4.739785407e-01  0.84937  0.99904  1.00000  0.99711  1.00000  1.00000  1.00000  1.00000  0.85597  0.99611
4.763484334e-01  0.84894  0.99972  1.00000  0.99653  1.00000  1.00000  1.00000  1.00000  0.85861  0.99247
4.787301756e-01  0.85208  0.99993  1.00000  0.99550  1.00000  1.00000  1.00000  1.00000  0.86119  0.99395
4.811238265e-01  0.85698  1.00000  1.00000  0.99450  1.00000  1.00000  1.00000  1.00000  0.86374  0.99767
4.835294456e-01  0.86079  0.99993  1.00000  0.99438  1.00000  1.00000  1.00000  1.00000  0.86624  0.99939
4.859470928e-01  0.86288  0.99855  1.00000  0.99485  1.00000  1.00000  1.00000  1.00000  0.86870  0.99989
4.883768283e-01  0.86556  0.99874  1.00000  0.99488  1.00000  1.00000  1.00000  1.00000  0.87112  0.99998
4.908187124e-01  0.86780  0.99904  1.00000  0.99444  1.00000  1.00000  1.00000  1.00000  0.87350  0.99999
4.932728060e-01  0.87043  0.99966  1.00000  0.99420  1.00000  1.00000  1.00000  1.00000  0.87583  0.99996
4.957391700e-01  0.87273  0.99993  1.00000  0.99393  1.00000  1.00000  1.00000  1.00000  0.87813  0.99998
4.982178659e-01  0.87409  0.99988  1.00000  0.99297  1.00000  1.00000  1.00000  1.00000  0.88039  0.99999
5.007089552e-01  0.87416  0.99899  1.00000  0.99146  1.00000  1.00000  1.00000  1.00000  0.88261  0.99997
5.032125000e-01  0.86735  0.99046  1.00000  0.98987  1.00000  1.00000  1.00000  1.00000  0.88479  0.99987
5.057285625e-01  0.86075  0.98139  1.00000  0.98904  1.00000  1.00000  1.00000  1.00000  0.88693  0.99984
5.082572053e-01  0.86662  0.98541  1.00000  0.98931  1.00000  1.00000  1.00000  1.00000  0.88903  0.99990
5.107984913e-01  0.87659  0.99400  1.00000  0.98967  1.00000  1.00000  1.00000  1.00000  0.89110  0.99997
5.133524838e-01  0.88210  0.99831  1.00000  0.98933  1.00000  1.00000  1.00000  1.00000  0.89313  0.99999
5.159192462e-01  0.88473  0.99968  1.00000  0.98871  1.00000  1.00000  1.00000  1.00000  0.89513  0.99998
5.184988424e-01  0.88631  0.99987  1.00000  0.98816  1.00000  1.00000  1.00000  1.00000  0.89709  0.99995
5.210913367e-01  0.88754  0.99993  1.00000  0.98743  1.00000  1.00000  1.00000  1.00000  0.89902  0.99987
5.236967933e-01  0.88769  0.99947  1.00000  0.98615  1.00000  1.00000  1.00000  1.00000  0.90091  0.99970
5.263152773e-01  0.88712  0.99877  1.00000  0.98447  1.00000  1.00000  1.00000  1.00000  0.90277  0.99939
5.289468537e-01  0.88709  0.99890  1.00000  0.98274  1.00000  1.00000  1.00000  1.00000  0.90459  0.99898
5.315915880e-01  0.88763  0.99922  1.00000  0.98140  1.00000  1.00000  1.00000  1.00000  0.90639  0.99865
5.342495459e-01  0.88950  0.99963  1.00000  0.98089  1.00000  1.00000  1.00000  1.00000  0.90815  0.99890
5.369207936e-01  0.89170  0.99954  1.00000  0.98090  1.00000  1.00000  1.00000  1.00000  0.90988  0.99956
5.396053976e-01  0.89208  0.99825  1.00000  0.98049  1.00000  1.00000  1.00000  1.00000  0.91158  0.99984
5.423034246e-01  0.88566  0.99016  1.00000  0.97953  1.00000  1.00000  1.00000  1.00000  0.91324  0.99990
5.450149417e-01  0.88858  0.99261  1.00000  0.97856  1.00000  1.00000  1.00000  1.00000  0.91488  0.99992
5.477400164e-01  0.88956  0.99264  1.00000  0.97788  1.00000  1.00000  1.00000  1.00000  0.91649  0.99993
5.504787165e-01  0.89487  0.99742  1.00000  0.97733  1.00000  1.00000  1.00000  1.00000  0.91807  0.99991
5.532311101e-01  0.89726  0.99918  1.00000  0.97667  1.00000  1.00000  1.00000  1.00000  0.91962  0.99980
5.559972656e-01  0.89829  0.99982  1.00000  0.97572  1.00000  1.00000  1.00000  1.00000  0.92115  0.99962
5.587772520e-01  0.89814  0.99986  1.00000  0.97423  1.00000  1.00000  1.00000  1.00000  0.92264  0.99932
5.615711382e-01  0.89719  0.99957  1.00000  0.97243  1.00000  1.00000  1.00000  1.00000  0.92411  0.99882
5.643789939e-01  0.89619  0.99947  1.00000  0.97085  1.00000  1.00000  1.00000  1.00000  0.92555  0.99787
5.672008889e-01  0.89341  0.99783  1.00000  0.96964  1.00000  1.00000  1.00000  1.00000  0.92697  0.99612
5.700368933e-01  0.87981  0.98523  1.00000  0.96857  1.00000  1.00000  1.00000  1.00000  0.92836  0.99312
5.728870778e-01  0.88093  0.98950  1.00000  0.96772  1.00000  1.00000  1.00000  1.00000  0.92972  0.98952
5.757515132e-01  0.87902  0.98882  1.00000  0.96769  1.00000  1.00000  1.00000  1.00000  0.93106  0.98666
5.786302707e-01  0.88533  0.99376  1.00000  0.96837  1.00000  1.00000  0.99996  1.00000  0.93238  0.98675
5.815234221e-01  0.89580  0.99753  1.00000  0.96925  1.00000  1.00000  0.99952  1.00000  0.93367  0.99278
5.844310392e-01  0.90129  0.99680  1.00000  0.96992  1.00000  1.00000  0.99996  1.00000  0.93493  0.99715
5.873531944e-01  0.89340  0.98501  1.00000  0.97016  1.00000  1.00000  1.00000  1.00000  0.93618  0.99863
5.902899604e-01  0.83032  0.91441  1.00000  0.96990  1.00000  1.00000  1.00000  1.00000  0.93740  0.99874
5.932414102e-01  0.83505  0.91927  1.00000  0.96883  1.00000  1.00000  1.00000  1.00000  0.93859  0.99896
5.962076172e-01  0.84093  0.92583  1.00000  0.96713  1.00000  1.00000  1.00000  1.00000  0.93977  0.99936
5.991886553e-01  0.87354  0.96176  1.00000  0.96555  1.00000  1.00000  1.00000  1.00000  0.94092  0.99974
6.021845986e-01  0.89846  0.98859  1.00000  0.96482  1.00000  1.00000  1.00000  1.00000  0.94206  0.99990
6.051955216e-01  0.90848  0.99792  1.00000  0.96536  1.00000  1.00000  1.00000  1.00000  0.94317  0.99987
6.082214992e-01  0.91221  0.99956  1.00000  0.96675  1.00000  1.00000  1.00000  1.00000  0.94426  0.99972
6.112626067e-01  0.91501  0.99989  1.00000  0.96853  1.00000  1.00000  1.00000  1.00000  0.94533  0.99948
6.143189197e-01  0.91734  0.99995  1.00000  0.97024  1.00000  1.00000  1.00000  1.00000  0.94638  0.99910
6.173905143e-01  0.91900  0.99994  1.00000  0.97167  1.00000  0.99999  1.00000  1.00000  0.94741  0.99836
6.204774669e-01  0.91983  0.99988  1.00000  0.97284  1.00000  0.99999  1.00000  1.00000  0.94842  0.99705
6.235798542e-01  0.91952  0.99972  1.00000  0.97382  1.00000  1.00000  1.00000  1.00000  0.94941  0.99483
6.266977535e-01  0.91642  0.99764  1.00000  0.97482  1.00000  1.00000  0.99904  1.00000  0.95039  0.99226
6.298312423e-01  0.89567  0.98650  1.00000  0.97594  1.00000  1.00000  0.98392  1.00000  0.95134  0.99088
6.329803985e-01  0.90867  0.99021  1.00000  0.97706  1.00000  1.00000  0.99372  1.00000  0.95228  0.99174
6.361453005e-01  0.92029  0.99220  1.00000  0.97830  1.00000  1.00000  0.99975  1.00000  0.95320  0.99485
6.393260270e-01  0.92735  0.99470  1.00000  0.97960  1.00000  1.00000  1.00000  1.00000  0.95410  0.99749
6.425226571e-01  0.93084  0.99476  1.00000  0.98086  1.00000  1.00000  1.00000  1.00000  0.95499  0.99897
6.457352704e-01  0.92740  0.98859  1.00000  0.98192  1.00000  1.00000  1.00000  1.00000  0.95586  0.99950
6.489639467e-01  0.88143  0.93803  1.00000  0.98290  1.00000  1.00000  1.00000  1.00000  0.95671  0.99928
6.522087665e-01  0.89046  0.94586  1.00000  0.98378  1.00000  1.00000  1.00000  1.00000  0.95755  0.99937
6.554698103e-01  0.90568  0.96014  1.00000  0.98469  1.00000  1.00000  1.00000  1.00000  0.95837  0.99955
6.587471594e-01  0.91616  0.96930  1.00000  0.98558  1.00000  1.00000  1.00000  1.00000  0.95917  0.99982
6.620408952e-01  0.93783  0.99045  1.00000  0.98641  1.00000  1.00000  1.00000  1.00000  0.95996  0.99995
6.653510996e-01  0.94526  0.99659  1.00000  0.98728  1.00000  1.00000  1.00000  1.00000  0.96074  0.99998
6.686778551e-01  0.94899  0.99876  1.00000  0.98823  1.00000  1.00000  1.00000  1.00000  0.96150  0.99999
6.720212444e-01  0.95156  0.99979  1.00000  0.98913  1.00000  1.00000  1.00000  1.00000  0.96225  0.99997
6.753813506e-01  0.95315  0.99990  1.00000  0.98994  1.00000  1.00000  1.00000  1.00000  0.96298  0.99995
6.787582574e-01  0.95433  0.99969  1.00000  0.99066  1.00000  1.00000  1.00000  1.00000  0.96370  0.99992
6.821520487e-01  0.95451  0.99867  1.00000  0.99121  1.00000  1.00000  1.00000  1.00000  0.96440  0.99986
6.855628089e-01  0.95031  0.99706  1.00000  0.99167  1.00000  1.00000  0.99610  1.00000  0.96509  0.99974
6.889906230e-01  0.83535  0.99557  1.00000  0.99233  1.00000  1.00000  0.87435  1.00000  0.96577  0.99961
6.924355761e-01  0.87826  0.98483  1.00000  0.99302  1.00000  1.00000  0.92479  1.00000  0.96643  0.99925
6.958977540e-01  0.84364  0.88185  1.00000  0.99366  1.00000  1.00000  0.99066  1.00000  0.96708  0.99847
6.993772427e-01  0.90256  0.93955  1.00000  0.99424  1.00000  1.00000  0.99975  1.00000  0.96772  0.99855
7.028741289e-01  0.86556  0.89969  1.00000  0.99467  1.00000  0.99999  0.99996  1.00000  0.96835  0.99884
7.063884996e-01  0.90055  0.93466  1.00000  0.99498  1.00000  1.00000  1.00000  1.00000  0.96897  0.99937
7.099204421e-01  0.91968  0.95354  1.00000  0.99522  1.00000  1.00000  1.00000  1.00000  0.96957  0.99953
7.134700443e-01  0.93024  0.96411  1.00000  0.99537  1.00000  1.00000  1.00000  1.00000  0.97016  0.99917
7.170373945e-01  0.84751  0.88052  1.00000  0.99553  1.00000  0.99999  1.00000  1.00000  0.97074  0.99578
7.206225815e-01  0.62963  0.65662  1.00000  0.99600  1.00000  0.99998  1.00000  1.00000  0.97131  0.99118
7.242256944e-01  0.75008  0.78053  1.00000  0.99642  1.00000  0.99996  1.00000  1.00000  0.97187  0.99242
7.278468229e-01  0.70575  0.73280  1.00000  0.99673  1.00000  0.99995  1.00000  1.00000  0.97242  0.99370
7.314860570e-01  0.72533  0.75001  1.00000  0.99702  1.00000  0.99997  1.00000  1.00000  0.97296  0.99694
7.351434873e-01  0.87952  0.90717  1.00000  0.99716  1.00000  0.99999  1.00000  1.00000  0.97348  0.99876
7.388192047e-01  0.89167  0.91870  1.00000  0.99720  1.00000  1.00000  1.00000  1.00000  0.97400  0.99928
7.425133007e-01  0.94510  0.97302  1.00000  0.99715  1.00000  1.00000  1.00000  1.00000  0.97451  0.99957
7.462258672e-01  0.96502  0.99332  1.00000  0.99700  1.00000  1.00000  1.00000  1.00000  0.97500  0.99941
7.499569966e-01  0.97002  0.99822  1.00000  0.99713  1.00000  1.00000  1.00000  1.00000  0.97549  0.99902
7.537067815e-01  0.97109  0.99894  1.00000  0.99766  1.00000  1.00000  1.00000  1.00000  0.97597  0.99839
7.574753155e-01  0.97095  0.99958  1.00000  0.99805  1.00000  1.00000  0.99969  1.00000  0.97644  0.99706
7.612626920e-01  0.62416  0.99954  1.00000  0.99822  1.00000  1.00000  0.64427  1.00000  0.97690  0.99373
7.650690055e-01  0.56091  0.99990  1.00000  0.99833  1.00000  1.00000  0.57863  1.00000  0.97735  0.99349
7.688943505e-01  0.84648  0.99997  1.00000  0.99835  1.00000  1.00000  0.86861  1.00000  0.97779  0.99820
7.727388223e-01  0.96816  0.99993  1.00000  0.99824  1.00000  1.00000  0.99193  1.00000  0.97823  0.99959
7.766025164e-01  0.97554  0.99978  1.00000  0.99793  1.00000  0.99999  0.99924  1.00000  0.97865  0.99986
7.804855290e-01  0.97613  0.99924  1.00000  0.99784  1.00000  0.99999  0.99998  1.00000  0.97907  0.99994
7.843879566e-01  0.97472  0.99702  0.99999  0.99820  1.00000  0.99999  1.00000  1.00000  0.97948  0.99993
7.883098964e-01  0.95232  0.97364  1.00000  0.99855  1.00000  0.99999  1.00000  1.00000  0.97988  0.99964
7.922514459e-01  0.91718  0.93747  1.00000  0.99878  1.00000  0.99999  1.00000  1.00000  0.98027  0.99928
7.962127031e-01  0.94371  0.96410  1.00000  0.99894  1.00000  0.99999  1.00000  1.00000  0.98066  0.99923
8.001937666e-01  0.90579  0.92498  1.00000  0.99902  1.00000  0.99999  1.00000  1.00000  0.98104  0.99918
8.041947355e-01  0.90539  0.92410  1.00000  0.99904  1.00000  0.99999  1.00000  1.00000  0.98141  0.99928
8.082157091e-01  0.93396  0.95310  1.00000  0.99889  1.00000  0.99999  1.00000  1.00000  0.98177  0.99921
8.122567877e-01  0.89028  0.90947  1.00000  0.99864  1.00000  1.00000  1.00000  1.00000  0.98213  0.99806
8.163180716e-01  0.70338  0.72224  1.00000  0.99847  1.00000  1.00000  1.00000  1.00000  0.98248  0.99256
8.203996620e-01  0.70075  0.72104  1.00000  0.99862  1.00000  1.00000  1.00000  1.00000  0.98282  0.99020
8.245016603e-01  0.76313  0.78330  1.00000  0.99902  1.00000  1.00000  1.00000  1.00000  0.98316  0.99191
8.286241686e-01  0.78335  0.80210  1.00000  0.99933  1.00000  1.00000  1.00000  1.00000  0.98349  0.99370
8.327672894e-01  0.80046  0.81637  1.00000  0.99948  1.00000  1.00000  1.00000  1.00000  0.98381  0.99713
8.369311259e-01  0.87388  0.88911  1.00000  0.99953  1.00000  0.99999  1.00000  1.00000  0.98413  0.99918
8.411157815e-01  0.92023  0.93565  1.00000  0.99952  1.00000  0.99999  1.00000  1.00000  0.98444  0.99955
8.453213604e-01  0.95232  0.96788  1.00000  0.99944  1.00000  0.99999  1.00000  1.00000  0.98474  0.99973
8.495479672e-01  0.96803  0.98369  1.00000  0.99922  1.00000  0.99999  1.00000  1.00000  0.98504  0.99980
8.537957071e-01  0.96199  0.97744  1.00000  0.99898  1.00000  0.99999  1.00000  1.00000  0.98534  0.99987
8.580646856e-01  0.97338  0.98850  1.00000  0.99913  1.00000  0.99997  1.00000  1.00000  0.98562  0.99995
8.623550090e-01  0.98139  0.99617  1.00000  0.99939  1.00000  0.99994  0.99993  1.00000  0.98591  0.99998
8.666667841e-01  0.98468  0.99910  1.00000  0.99960  1.00000  0.99995  0.99984  1.00000  0.98618  0.99997
8.710001180e-01  0.98562  0.99959  0.99997  0.99972  1.00000  0.99997  0.99995  1.00000  0.98645  0.99996
8.753551186e-01  0.98539  0.99900  0.99999  0.99977  1.00000  0.99997  1.00000  1.00000  0.98672  0.99993
8.797318942e-01  0.98320  0.99659  1.00000  0.99976  1.00000  0.99993  1.00000  1.00000  0.98698  0.99988
8.841305536e-01  0.97779  0.99145  1.00000  0.99971  1.00000  0.99949  1.00000  1.00000  0.98724  0.99976
8.885512064e-01  0.96506  0.97877  1.00000  0.99966  1.00000  0.99929  1.00000  1.00000  0.98749  0.99951
8.929939624e-01  0.94285  0.95739  1.00000  0.99966  1.00000  0.99945  1.00000  1.00000  0.98773  0.99788
8.974589322e-01  0.74527  0.76212  1.00000  0.99958  1.00000  0.99960  1.00000  1.00000  0.98797  0.99033
9.019462269e-01  0.63278  0.65067  1.00000  0.99963  1.00000  0.99980  1.00000  1.00000  0.98821  0.98458
9.064559580e-01  0.77786  0.79938  1.00000  0.99976  1.00000  0.99993  1.00000  1.00000  0.98844  0.98474
9.109882378e-01  0.63861  0.65642  1.00000  0.99984  1.00000  0.99997  1.00000  1.00000  0.98867  0.98418
9.155431790e-01  0.59570  0.61094  1.00000  0.99989  1.00000  0.99998  1.00000  1.00000  0.98889  0.98608
9.201208949e-01  0.67728  0.69198  1.00000  0.99991  1.00000  0.99999  1.00000  1.00000  0.98911  0.98956
9.247214994e-01  0.72672  0.74353  0.99999  0.99991  1.00000  1.00000  1.00000  1.00000  0.98932  0.98794
9.293451069e-01  0.58883  0.61640  1.00000  0.99990  1.00000  1.00000  1.00000  1.00000  0.98953  0.96144
9.339918324e-01  0.20542  0.23035  0.99999  0.99990  1.00000  1.00000  1.00000  1.00000  0.98974  0.88701
9.386617916e-01  0.17519  0.20447  1.00000  0.99983  1.00000  1.00000  1.00000  1.00000  0.98994  0.86224
9.433551005e-01  0.26089  0.30108  1.00000  0.99972  1.00000  1.00000  1.00000  1.00000  0.99014  0.87506
9.480718760e-01  0.24756  0.27843  1.00000  0.99979  1.00000  1.00000  1.00000  1.00000  0.99033  0.89744
9.528122354e-01  0.24182  0.26245  1.00000  0.99989  1.00000  0.99999  1.00000  1.00000  0.99052  0.93072
9.575762966e-01  0.35215  0.36833  1.00000  0.99992  1.00000  0.99999  1.00000  1.00000  0.99071  0.96397
9.623641781e-01  0.36598  0.37842  1.00000  0.99995  1.00000  0.99996  1.00000  1.00000  0.99089  0.97590
9.671759990e-01  0.51108  0.52435  1.00000  0.99996  1.00000  0.99993  1.00000  1.00000  0.99107  0.98320
9.720118790e-01  0.74770  0.76391  1.00000  0.99998  1.00000  0.99985  1.00000  1.00000  0.99124  0.98747
9.768719384e-01  0.67152  0.68392  1.00000  0.99999  1.00000  0.99985  1.00000  1.00000  0.99142  0.99046
9.817562981e-01  0.74260  0.75199  1.00000  0.99999  1.00000  0.99981  1.00000  1.00000  0.99159  0.99599
9.866650795e-01  0.86641  0.87486  1.00000  0.99995  1.00000  0.99979  1.00000  1.00000  0.99175  0.99878
9.915984049e-01  0.93915  0.94761  1.00000  0.99983  1.00000  0.99972  1.00000  1.00000  0.99191  0.99958
9.965563970e-01  0.96485  0.97314  1.00000  0.99990  1.00000  0.99971  1.00000  1.00000  0.99207  0.99978
1.001539179e+00  0.96700  0.97509  1.00000  0.99996  1.00000  0.99970  1.00000  1.00000  0.99223  0.99980
1.006546875e+00  0.96619  0.97409  1.00000  0.99998  1.00000  0.99974  1.00000  1.00000  0.99238  0.99976
1.011579609e+00  0.95766  0.96533  1.00000  0.99999  1.00000  0.99975  1.00000  1.00000  0.99253  0.99977
1.016637507e+00  0.97457  0.98213  1.00000  0.99999  1.00000  0.99979  1.00000  1.00000  0.99268  0.99983
1.021720695e+00  0.97543  0.98278  1.00000  0.99999  1.00000  0.99985  1.00000  1.00000  0.99282  0.99984
1.026829298e+00  0.97602  0.98314  1.00000  1.00000  1.00000  0.99990  1.00000  1.00000  0.99296  0.99989
1.031963445e+00  0.98495  0.99190  1.00000  1.00000  1.00000  0.99994  1.00000  1.00000  0.99310  0.99995
1.037123262e+00  0.99079  0.99767  0.99994  0.99999  1.00000  0.99997  1.00000  1.00000  0.99324  0.99997
1.042308878e+00  0.98880  0.99858  0.99992  0.99999  1.00000  0.99998  1.00000  1.00000  0.99337  0.99692
1.047520423e+00  0.98769  0.99936  0.99999  0.99997  1.00000  0.99999  1.00000  1.00000  0.99350  0.99484
1.052758025e+00  0.98485  0.99948  0.99961  0.99998  1.00000  1.00000  1.00000  1.00000  0.99363  0.99209
1.058021815e+00  0.98054  0.99896  0.99990  0.99999  1.00000  1.00000  0.99998  1.00000  0.99375  0.98785
1.063311924e+00  0.97518  0.99759  0.99996  0.99999  1.00000  1.00000  0.99985  1.00000  0.99388  0.98373
1.068628484e+00  0.97225  0.99323  0.99994  1.00000  1.00000  1.00000  0.99937  1.00000  0.99400  0.98542
1.073971626e+00  0.96735  0.98216  0.99999  1.00000  1.00000  1.00000  0.99975  1.00000  0.99412  0.99096
1.079341484e+00  0.94718  0.95778  0.99999  1.00000  1.00000  1.00000  0.99997  1.00000  0.99423  0.99469
1.084738192e+00  0.93093  0.94001  1.00000  1.00000  1.00000  1.00000  0.99999  1.00000  0.99435  0.99597
1.090161883e+00  0.89144  0.90038  1.00000  1.00000  1.00000  0.99999  1.00000  1.00000  0.99446  0.99559
1.095612692e+00  0.85001  0.85969  1.00000  1.00000  1.00000  0.99997  1.00000  1.00000  0.99457  0.99409
1.101090755e+00  0.75648  0.76736  1.00000  1.00000  1.00000  0.99996  1.00000  1.00000  0.99467  0.99099
1.106596209e+00  0.65156  0.66482  1.00000  1.00000  1.00000  0.99996  1.00000  1.00000  0.99478  0.98500
1.112129190e+00  0.53914  0.55869  1.00000  1.00000  1.00000  0.99989  1.00000  1.00000  0.99488  0.96759
1.117689836e+00  0.28754  0.31330  0.99998  1.00000  1.00000  0.99967  1.00000  1.00000  0.99498  0.90822
1.123278285e+00  0.08648  0.10792  1.00000  1.00000  1.00000  0.99932  1.00000  1.00000  0.99508  0.80652
1.128894677e+00  0.08853  0.11521  1.00000  1.00000  1.00000  0.99868  1.00000  1.00000  0.99518  0.77202
1.134539150e+00  0.16645  0.21070  0.99997  1.00000  1.00000  0.99898  1.00000  1.00000  0.99527  0.79440
1.140211846e+00  0.19819  0.23913  0.99999  1.00000  1.00000  0.99879  1.00000  1.00000  0.99537  0.82618
1.145912905e+00  0.18961  0.22404  1.00000  1.00000  1.00000  0.99917  1.00000  1.00000  0.99546  0.85115
1.151642470e+00  0.19476  0.21354  1.00000  1.00000  1.00000  0.99839  1.00000  1.00000  0.99555  0.90609
1.157400682e+00  0.30915  0.32231  1.00000  1.00000  1.00000  0.99677  1.00000  1.00000  0.99563  0.96132
1.163187685e+00  0.52663  0.53651  1.00000  1.00000  1.00000  0.99721  1.00000  1.00000  0.99572  0.98708
1.169003624e+00  0.63592  0.64416  1.00000  1.00000  1.00000  0.99735  1.00000  1.00000  0.99580  0.99315
1.174848642e+00  0.70840  0.71716  1.00000  1.00000  1.00000  0.99828  1.00000  1.00000  0.99589  0.99308
1.180722885e+00  0.76703  0.77741  1.00000  1.00000  1.00000  0.99901  1.00000  1.00000  0.99597  0.99144
1.186626500e+00  0.71866  0.72833  1.00000  1.00000  1.00000  0.99929  1.00000  1.00000  0.99605  0.99114
1.192559632e+00  0.71346  0.72171  1.00000  1.00000  1.00000  0.99930  1.00000  1.00000  0.99613  0.99288
1.198522430e+00  0.77561  0.78423  0.99979  1.00000  1.00000  0.99970  1.00000  1.00000  0.99620  0.99300
1.204515042e+00  0.75590  0.76447  0.99652  1.00000  1.00000  0.99979  1.00000  1.00000  0.99628  0.99312
1.210537618e+00  0.83498  0.84465  0.99397  1.00000  1.00000  0.99991  1.00000  1.00000  0.99635  0.99444
1.216590306e+00  0.81299  0.82014  0.99918  1.00000  1.00000  0.99994  1.00000  1.00000  0.99642  0.99522
1.222673257e+00  0.88386  0.89338  0.99538  1.00000  1.00000  0.99997  1.00000  1.00000  0.99649  0.99489
1.228786624e+00  0.89920  0.90870  0.99831  1.00000  1.00000  0.99997  1.00000  1.00000  0.99656  0.99374
1.234930557e+00  0.95283  0.96421  0.99970  1.00000  1.00000  0.99996  1.00000  1.00000  0.99663  0.99183
1.241105209e+00  0.97477  0.98925  0.99989  1.00000  1.00000  0.99998  0.99997  1.00000  0.99670  0.98877
1.247310736e+00  0.97554  0.99581  0.99998  1.00000  1.00000  0.99999  0.99948  1.00000  0.99676  0.98335
1.253547289e+00  0.96393  0.99678  0.99997  1.00000  1.00000  0.99999  0.99669  1.00000  0.99683  0.97322
1.259815026e+00  0.93517  0.99625  0.99997  1.00000  1.00000  1.00000  0.98564  1.00000  0.99689  0.95472
1.266114101e+00  0.86972  0.99392  0.99996  1.00000  1.00000  1.00000  0.93237  1.00000  0.99695  0.93867
1.272444671e+00  0.86434  0.99039  0.99999  1.00000  1.00000  1.00000  0.91235  1.00000  0.99701  0.95502
1.278806895e+00  0.93822  0.98754  1.00000  1.00000  1.00000  1.00000  0.97189  1.00000  0.99707  0.97622
1.285200929e+00  0.95757  0.97775  0.99998  1.00000  1.00000  1.00000  0.99446  1.00000  0.99713  0.98575
1.291626934e+00  0.93687  0.95065  0.99970  1.00000  1.00000  1.00000  0.99877  1.00000  0.99718  0.98885
1.298085068e+00  0.88441  0.89726  0.99972  1.00000  1.00000  0.99999  0.99987  1.00000  0.99724  0.98855
1.304575494e+00  0.80133  0.81535  0.99999  1.00000  1.00000  0.99996  0.99998  1.00000  0.99729  0.98546
1.311098371e+00  0.74925  0.76738  0.99994  1.00000  1.00000  0.99977  1.00000  1.00000  0.99735  0.97897
1.317653863e+00  0.60834  0.62977  0.99861  1.00000  1.00000  0.99922  1.00000  1.00000  0.99740  0.96907
1.324242132e+00  0.57992  0.60936  0.99921  1.00000  1.00000  0.99866  1.00000  1.00000  0.99745  0.95394
1.330863343e+00  0.45133  0.48593  0.99998  1.00000  1.00000  0.99901  1.00000  1.00000  0.99750  0.92977
1.337517660e+00  0.30223  0.34367  0.99973  1.00000  1.00000  0.99702  1.00000  1.00000  0.99755  0.88494
1.344205248e+00  0.27128  0.34972  0.99948  1.00000  1.00000  0.99751  1.00000  1.00000  0.99760  0.77000
1.350926274e+00  0.03339  0.06078  0.99986  1.00000  1.00000  0.99785  1.00000  1.00000  0.99765  0.44833
1.357680906e+00  0.00005  0.00035  0.99999  1.00000  1.00000  0.99734  1.00000  1.00000  0.99769  0.10369
1.364469310e+00  0.00000  0.00000  0.99999  1.00000  1.00000  0.99755  1.00000  1.00000  0.99774  0.01763
1.371291657e+00  0.00000  0.00001  0.99997  1.00000  1.00000  0.99791  1.00000  1.00000  0.99778  0.01475
1.378148115e+00  0.00001  0.00020  0.99997  1.00000  1.00000  0.99720  1.00000  1.00000  0.99783  0.02523
1.385038856e+00  0.00000  0.00001  0.99999  1.00000  1.00000  0.99672  1.00000  1.00000  0.99787  0.03171
1.391964050e+00  0.00001  0.00030  1.00000  1.00000  1.00000  0.99699  1.00000  1.00000  0.99791  0.04209
1.398923870e+00  0.00006  0.00072  1.00000  1.00000  1.00000  0.99754  1.00000  1.00000  0.99795  0.07076
1.405918490e+00  0.00025  0.00121  1.00000  1.00000  1.00000  0.99722  1.00000  1.00000  0.99799  0.20162
1.412948082e+00  0.00123  0.00243  1.00000  1.00000  1.00000  0.99726  1.00000  1.00000  0.99803  0.45248
1.420012822e+00  0.00757  0.01144  1.00000  1.00000  1.00000  0.99842  1.00000  1.00000  0.99807  0.67350
1.427112886e+00  0.02812  0.03741  0.99897  1.00000  1.00000  0.99888  1.00000  1.00000  0.99811  0.75233
1.434248451e+00  0.03430  0.04686  0.90808  1.00000  1.00000  0.99923  1.00000  1.00000  0.99815  0.73764
1.441419693e+00  0.03865  0.05408  0.90901  1.00000  1.00000  0.99956  1.00000  1.00000  0.99818  0.72458
1.448626792e+00  0.06702  0.08889  0.98234  1.00000  1.00000  0.99970  1.00000  1.00000  0.99822  0.74971
1.455869926e+00  0.09313  0.11668  0.99854  1.00000  1.00000  0.99979  1.00000  1.00000  0.99825  0.79581
1.463149275e+00  0.19942  0.24595  0.99988  1.00000  1.00000  0.99985  1.00000  1.00000  0.99829  0.81241
1.470465022e+00  0.09311  0.11356  0.99998  1.00000  1.00000  0.99986  1.00000  1.00000  0.99832  0.82095
1.477817347e+00  0.15272  0.17336  0.99767  1.00000  1.00000  0.99976  1.00000  1.00000  0.99835  0.87485
1.485206433e+00  0.21060  0.22461  0.99913  1.00000  1.00000  0.99987  1.00000  1.00000  0.99839  0.93474
1.492632466e+00  0.34670  0.35726  0.99977  1.00000  1.00000  0.99994  1.00000  1.00000  0.99842  0.96971
1.500095628e+00  0.55378  0.56289  0.99933  1.00000  1.00000  0.99996  1.00000  1.00000  0.99845  0.98536
1.507596106e+00  0.65937  0.66582  0.99995  1.00000  1.00000  0.99997  1.00000  1.00000  0.99848  0.99189
1.515134087e+00  0.79437  0.79903  0.99999  1.00000  1.00000  0.99998  1.00000  1.00000  0.99851  0.99570
1.522709757e+00  0.85333  0.85670  0.99994  1.00000  1.00000  0.99999  1.00000  1.00000  0.99854  0.99756
1.530323306e+00  0.87693  0.88016  0.99895  1.00000  1.00000  0.99999  1.00000  1.00000  0.99857  0.99855
1.537974922e+00  0.94145  0.94768  0.99443  1.00000  1.00000  0.99999  1.00000  1.00000  0.99860  0.99901
1.545664797e+00  0.95770  0.96345  0.99519  1.00000  1.00000  0.99999  1.00000  1.00000  0.99862  0.99928
1.553393121e+00  0.97429  0.97634  0.99977  1.00000  1.00000  1.00000  1.00000  1.00000  0.99865  0.99944
1.561160087e+00  0.98802  0.98983  0.99994  1.00000  1.00000  1.00000  1.00000  1.00000  0.99868  0.99954
1.568965887e+00  0.97175  0.98169  0.99105  1.00000  0.99999  1.00000  1.00000  1.00000  0.99870  0.99960
1.576810716e+00  0.93779  0.98842  0.94800  1.00000  1.00000  1.00000  1.00000  1.00000  0.99873  0.99962
1.584694770e+00  0.95932  0.98709  0.97132  1.00000  1.00000  1.00000  1.00000  1.00000  0.99876  0.99961
1.592618244e+00  0.98269  0.98544  0.99874  1.00000  1.00000  1.00000  1.00000  1.00000  0.99878  0.99959
1.600581335e+00  0.96439  0.98597  0.97832  1.00000  1.00000  0.99998  1.00000  1.00000  0.99880  0.99955
1.608584242e+00  0.94914  0.99483  0.95440  1.00000  1.00000  0.99995  1.00000  1.00000  0.99883  0.99950
1.616627163e+00  0.96885  0.99351  0.97587  1.00000  1.00000  0.99969  1.00000  1.00000  0.99885  0.99942
1.624710299e+00  0.98985  0.99495  0.99770  1.00000  1.00000  0.99885  1.00000  1.00000  0.99887  0.99933
1.632833850e+00  0.98929  0.99582  0.99932  1.00000  1.00000  0.99591  1.00000  1.00000  0.99890  0.99918
1.640998020e+00  0.97665  0.99069  0.99710  1.00000  1.00000  0.98875  1.00000  1.00000  0.99892  0.99899
1.649203010e+00  0.96914  0.98852  0.99445  1.00000  1.00000  0.98487  1.00000  1.00000  0.99894  0.99876
1.657449025e+00  0.96684  0.97666  0.99777  1.00000  1.00000  0.99113  1.00000  1.00000  0.99896  0.99849
1.665736270e+00  0.95983  0.97974  0.99943  1.00000  1.00000  0.98078  1.00000  1.00000  0.99898  0.99815
1.674064951e+00  0.97667  0.98431  0.99979  1.00000  1.00000  0.99525  1.00000  1.00000  0.99900  0.99767
1.682435276e+00  0.96857  0.97764  0.99990  1.00000  1.00000  0.99194  1.00000  1.00000  0.99902  0.99700
1.690847452e+00  0.95976  0.96896  0.99997  1.00000  1.00000  0.99324  1.00000  1.00000  0.99904  0.99609
1.699301690e+00  0.93544  0.94589  0.99999  1.00000  1.00000  0.99306  1.00000  1.00000  0.99906  0.99485
