# ------------------------------------------------------------------------
# NASA-GSFC Planetary Spectrum Generator (PSG, Villanueva et al. 2018)
# Atmospheric transmittance spectrum synthesized with PUMAS (Villanueva et al. 2018, Smith et al. 2009, Edwards 1992)
# Synthesized on Mon May 10 18:35:00 2021
# Molecular abundance profile: Earth at 0 m, NASA/MERRA2 2020/04/08
# Molecules considered: H2O,CO2,O3,CO,CH4,O2,N2
# Molecular sources: HIT[1],HIT[2],HIT[3],HIT[5],HIT[6],HIT[7],HIT[22]
# Molecular abundances: 1,0.033,1,0.05,1.72,21,78.1
# Molecular abundance units: pct,pct,scl,ppm,ppm,pct,pct
# Collissional partners: Air:79%, H2:0%, He:0%, CO2:0%
# UV cross-sections included:  H2O CO2 O3 CO CH4 O2 N2
# Collision-Induced-Absorption:  H2O-H2O  H2O-N2  O2-CO2  O2-N2  O2-O2 
# Rayleigh scattering included
# ------------------------------------------------------------------------
# Spectral unit: Wavelength [um]
# Wave/freq Total H2O CO2 O3 CO CH4 O2 N2 Rayleigh CIA
2.000000000e-01  0.00000  1.00000  1.00000  0.10434  1.00000  1.00000  0.00000  1.00000  0.00776  1.00000
2.010000000e-01  0.00000  1.00000  1.00000  0.10543  1.00000  1.00000  0.00000  1.00000  0.00843  1.00000
2.020050000e-01  0.00000  1.00000  1.00000  0.10557  1.00000  1.00000  0.00000  1.00000  0.00925  1.00000
2.030150250e-01  0.00000  1.00000  1.00000  0.10487  1.00000  1.00000  0.00000  1.00000  0.01013  1.00000
2.040301001e-01  0.00000  1.00000  1.00000  0.09766  1.00000  1.00000  0.00000  1.00000  0.01108  1.00000
2.050502506e-01  0.00000  1.00000  1.00000  0.08932  1.00000  1.00000  0.00000  1.00000  0.01210  1.00000
2.060755019e-01  0.00000  1.00000  1.00000  0.07506  1.00000  1.00000  0.00000  1.00000  0.01319  1.00000
2.071058794e-01  0.00000  1.00000  1.00000  0.06113  1.00000  1.00000  0.00000  1.00000  0.01435  1.00000
2.081414088e-01  0.00000  1.00000  1.00000  0.04912  1.00000  1.00000  0.00000  1.00000  0.01560  1.00000
2.091821158e-01  0.00000  1.00000  1.00000  0.03866  1.00000  1.00000  0.00000  1.00000  0.01692  1.00000
2.102280264e-01  0.00000  1.00000  1.00000  0.02684  1.00000  1.00000  0.00000  1.00000  0.01832  1.00000
2.112791665e-01  0.00000  1.00000  1.00000  0.01697  1.00000  1.00000  0.00000  1.00000  0.01978  1.00000
2.123355624e-01  0.00000  1.00000  1.00000  0.00908  1.00000  1.00000  0.00000  1.00000  0.02137  1.00000
2.133972402e-01  0.00000  1.00000  1.00000  0.00423  1.00000  1.00000  0.00000  1.00000  0.02304  1.00000
2.144642264e-01  0.00000  1.00000  1.00000  0.00243  1.00000  1.00000  0.00000  1.00000  0.02481  1.00000
2.155365475e-01  0.00000  1.00000  1.00000  0.00106  1.00000  1.00000  0.00000  1.00000  0.02667  1.00000
2.166142303e-01  0.00000  1.00000  1.00000  0.00046  1.00000  1.00000  0.00000  1.00000  0.02864  1.00000
2.176973014e-01  0.00000  1.00000  1.00000  0.00018  1.00000  1.00000  0.00000  1.00000  0.03070  1.00000
2.187857879e-01  0.00000  1.00000  1.00000  0.00007  1.00000  1.00000  0.00000  1.00000  0.03287  1.00000
2.198797169e-01  0.00000  1.00000  1.00000  0.00002  1.00000  1.00000  0.00000  1.00000  0.03515  1.00000
2.209791154e-01  0.00000  1.00000  1.00000  0.00001  1.00000  1.00000  0.00000  1.00000  0.03754  1.00000
2.220840110e-01  0.00000  1.00000  1.00000  0.00000  1.00000  1.00000  0.00000  1.00000  0.04004  1.00000
2.231944311e-01  0.00000  1.00000  1.00000  0.00000  1.00000  1.00000  0.00000  1.00000  0.04265  0.71297
2.243104032e-01  0.00000  1.00000  1.00000  0.00000  1.00000  1.00000  0.00000  1.00000  0.04537  0.02926
2.254319552e-01  0.00000  1.00000  1.00000  0.00000  1.00000  1.00000  0.00000  1.00000  0.04821  0.00204
2.265591150e-01  0.00000  1.00000  1.00000  0.00000  1.00000  1.00000  0.00000  1.00000  0.05117  0.00254
2.276919106e-01  0.00000  1.00000  1.00000  0.00000  1.00000  1.00000  0.00001  1.00000  0.05425  0.00340
2.288303701e-01  0.00000  1.00000  1.00000  0.00000  1.00000  1.00000  0.00001  1.00000  0.05744  0.00452
2.299745220e-01  0.00000  1.00000  1.00000  0.00000  1.00000  1.00000  0.00003  1.00000  0.06077  0.00604
2.311243946e-01  0.00000  1.00000  1.00000  0.00000  1.00000  1.00000  0.00007  1.00000  0.06421  0.00803
2.322800166e-01  0.00000  1.00000  1.00000  0.00000  1.00000  1.00000  0.00019  1.00000  0.06777  0.01072
2.334414167e-01  0.00000  1.00000  1.00000  0.00000  1.00000  1.00000  0.00043  1.00000  0.07137  0.01424
2.346086237e-01  0.00000  1.00000  1.00000  0.00000  1.00000  1.00000  0.00094  1.00000  0.07509  0.01875
2.357816669e-01  0.00000  1.00000  1.00000  0.00000  1.00000  1.00000  0.00185  1.00000  0.07902  0.02392
2.369605752e-01  0.00000  1.00000  1.00000  0.00000  1.00000  1.00000  0.00352  1.00000  0.08306  0.02995
2.381453781e-01  0.00000  1.00000  1.00000  0.00000  1.00000  1.00000  0.00620  1.00000  0.08723  0.03781
2.393361050e-01  0.00000  1.00000  1.00000  0.00000  1.00000  1.00000  0.01050  1.00000  0.09153  0.05020
2.405327855e-01  0.00000  1.00000  1.00000  0.00000  1.00000  1.00000  0.01735  1.00000  0.09596  0.06728
2.417354494e-01  0.00000  1.00000  1.00000  0.00000  1.00000  1.00000  0.02747  1.00000  0.10049  0.08551
2.429441267e-01  0.00000  1.00000  1.00000  0.00000  1.00000  1.00000  0.04197  1.00000  0.10513  0.10601
2.441588473e-01  0.00000  1.00000  1.00000  0.00000  1.00000  1.00000  0.11888  1.00000  0.10991  0.12857
2.453796415e-01  0.00000  1.00000  1.00000  0.00000  1.00000  1.00000  0.26166  1.00000  0.11481  0.15564
2.466065397e-01  0.00000  1.00000  1.00000  0.00000  1.00000  1.00000  0.26886  1.00000  0.11979  0.18803
2.478395724e-01  0.00000  1.00000  1.00000  0.00000  1.00000  1.00000  0.51217  1.00000  0.12491  0.22357
2.490787703e-01  0.00000  1.00000  1.00000  0.00000  1.00000  1.00000  0.43164  1.00000  0.13015  0.26489
2.503241642e-01  0.00000  1.00000  1.00000  0.00000  1.00000  1.00000  0.91850  1.00000  0.13550  0.31268
2.515757850e-01  0.00000  1.00000  1.00000  0.00000  1.00000  1.00000  0.58547  1.00000  0.14096  0.35554
2.528336639e-01  0.00000  1.00000  1.00000  0.00000  1.00000  1.00000  0.53658  1.00000  0.14652  0.42446
2.540978322e-01  0.00000  1.00000  1.00000  0.00000  1.00000  1.00000  0.82501  1.00000  0.15218  0.46500
2.553683214e-01  0.00000  1.00000  1.00000  0.00000  1.00000  1.00000  0.48267  1.00000  0.15795  0.50863
2.566451630e-01  0.00000  1.00000  1.00000  0.00000  1.00000  1.00000  0.67273  1.00000  0.16381  0.57674
2.579283888e-01  0.00000  1.00000  1.00000  0.00000  1.00000  1.00000  0.94652  1.00000  0.16977  0.62835
2.592180307e-01  0.00000  1.00000  1.00000  0.00000  1.00000  1.00000  0.65818  1.00000  0.17582  0.63462
2.605141209e-01  0.00000  1.00000  1.00000  0.00000  1.00000  1.00000  0.71973  1.00000  0.18196  0.72037
2.618166915e-01  0.00000  1.00000  1.00000  0.00000  1.00000  1.00000  0.91406  1.00000  0.18819  0.75156
2.631257750e-01  0.00000  1.00000  1.00000  0.00000  1.00000  1.00000  0.88090  1.00000  0.19450  0.75721
2.644414038e-01  0.00000  1.00000  1.00000  0.00000  1.00000  1.00000  0.73576  1.00000  0.20090  0.79849
2.657636109e-01  0.00000  1.00000  1.00000  0.00000  1.00000  1.00000  0.90226  1.00000  0.20737  0.87690
2.670924289e-01  0.00000  1.00000  1.00000  0.00000  1.00000  1.00000  0.91191  1.00000  0.21391  0.84296
2.684278911e-01  0.00000  1.00000  1.00000  0.00000  1.00000  1.00000  0.79964  1.00000  0.22053  0.86266
2.697700305e-01  0.00000  1.00000  1.00000  0.00000  1.00000  1.00000  0.88959  1.00000  0.22721  0.90803
2.711188807e-01  0.00000  1.00000  1.00000  0.00000  1.00000  1.00000  0.93580  1.00000  0.23396  0.93232
2.724744751e-01  0.00000  1.00000  1.00000  0.00000  1.00000  1.00000  0.93709  1.00000  0.24077  0.92751
2.738368474e-01  0.00000  1.00000  1.00000  0.00000  1.00000  1.00000  0.90587  1.00000  0.24764  0.94250
2.752060317e-01  0.00000  1.00000  1.00000  0.00000  1.00000  1.00000  0.94593  1.00000  0.25456  0.96189
2.765820618e-01  0.00000  1.00000  1.00000  0.00000  1.00000  1.00000  0.94579  1.00000  0.26153  0.97089
2.779649721e-01  0.00000  1.00000  1.00000  0.00000  1.00000  1.00000  0.96521  1.00000  0.26856  0.96832
2.793547970e-01  0.00000  1.00000  1.00000  0.00000  1.00000  1.00000  0.96209  1.00000  0.27562  0.96166
2.807515710e-01  0.00000  1.00000  1.00000  0.00000  1.00000  1.00000  0.97064  1.00000  0.28273  0.97464
2.821553288e-01  0.00000  1.00000  1.00000  0.00000  1.00000  1.00000  0.96554  1.00000  0.28987  0.98562
2.835661055e-01  0.00000  1.00000  1.00000  0.00000  1.00000  1.00000  0.97396  1.00000  0.29705  0.98984
2.849839360e-01  0.00000  1.00000  1.00000  0.00000  1.00000  1.00000  0.97845  1.00000  0.30426  0.99138
2.864088557e-01  0.00000  1.00000  1.00000  0.00000  1.00000  1.00000  0.97845  1.00000  0.31149  0.99292
2.878409000e-01  0.00001  1.00000  1.00000  0.00002  1.00000  1.00000  0.97930  1.00000  0.31875  0.99445
2.892801045e-01  0.00003  1.00000  1.00000  0.00008  1.00000  1.00000  0.98355  1.00000  0.32603  0.99611
2.907265050e-01  0.00010  1.00000  1.00000  0.00031  1.00000  1.00000  0.98801  1.00000  0.33333  0.99901
2.921801375e-01  0.00038  1.00000  1.00000  0.00111  1.00000  1.00000  0.99159  1.00000  0.34064  1.00000
2.936410382e-01  0.00113  1.00000  1.00000  0.00325  1.00000  1.00000  0.99527  1.00000  0.34796  1.00000
2.951092434e-01  0.00287  1.00000  1.00000  0.00805  1.00000  1.00000  1.00000  1.00000  0.35530  1.00000
2.965847896e-01  0.00712  1.00000  1.00000  0.01958  1.00000  1.00000  1.00000  1.00000  0.36263  1.00000
2.980677136e-01  0.01486  1.00000  1.00000  0.04011  1.00000  1.00000  1.00000  1.00000  0.36997  1.00000
2.995580521e-01  0.02710  1.00000  1.00000  0.07168  1.00000  1.00000  1.00000  1.00000  0.37731  1.00000
3.010558424e-01  0.04504  1.00000  1.00000  0.11696  1.00000  1.00000  1.00000  1.00000  0.38464  1.00000
3.025611216e-01  0.06855  1.00000  1.00000  0.17468  1.00000  1.00000  1.00000  1.00000  0.39197  1.00000
3.040739272e-01  0.09521  1.00000  1.00000  0.23830  1.00000  1.00000  1.00000  1.00000  0.39929  1.00000
3.055942969e-01  0.12925  1.00000  1.00000  0.31766  1.00000  1.00000  1.00000  1.00000  0.40660  1.00000
3.071222683e-01  0.16306  1.00000  1.00000  0.39379  1.00000  1.00000  1.00000  1.00000  0.41389  1.00000
3.086578797e-01  0.19666  1.00000  1.00000  0.46676  1.00000  1.00000  1.00000  1.00000  0.42116  1.00000
3.102011691e-01  0.23652  1.00000  1.00000  0.55199  1.00000  1.00000  1.00000  1.00000  0.42842  1.00000
3.117521749e-01  0.26548  1.00000  1.00000  0.60919  1.00000  1.00000  1.00000  1.00000  0.43565  1.00000
3.133109358e-01  0.29741  1.00000  1.00000  0.67152  1.00000  1.00000  1.00000  1.00000  0.44286  1.00000
3.148774905e-01  0.32936  1.00000  1.00000  0.73173  1.00000  1.00000  1.00000  1.00000  0.45004  1.00000
3.164518779e-01  0.35755  1.00000  1.00000  0.78194  1.00000  1.00000  1.00000  1.00000  0.45720  1.00000
3.180341373e-01  0.37860  1.00000  1.00000  0.81527  1.00000  1.00000  1.00000  1.00000  0.46432  1.00000
3.196243080e-01  0.40102  1.00000  1.00000  0.85068  1.00000  1.00000  1.00000  1.00000  0.47141  1.00000
3.212224295e-01  0.42611  1.00000  1.00000  0.89052  1.00000  1.00000  1.00000  1.00000  0.47846  1.00000
3.228285417e-01  0.43152  1.00000  1.00000  0.88879  1.00000  1.00000  1.00000  1.00000  0.48548  1.00000
3.244426844e-01  0.45861  1.00000  1.00000  0.93131  1.00000  1.00000  1.00000  1.00000  0.49246  1.00000
3.260648978e-01  0.47079  1.00000  1.00000  0.94266  1.00000  1.00000  1.00000  1.00000  0.49940  1.00000
3.276952223e-01  0.48169  1.00000  1.00000  0.95143  1.00000  1.00000  1.00000  1.00000  0.50630  1.00000
3.293336984e-01  0.50040  1.00000  1.00000  0.97515  1.00000  1.00000  1.00000  1.00000  0.51315  1.00000
3.309803669e-01  0.50329  1.00000  1.00000  0.96794  1.00000  1.00000  1.00000  1.00000  0.51996  1.00000
3.326352688e-01  0.51922  1.00000  1.00000  0.98575  1.00000  1.00000  1.00000  1.00000  0.52672  1.00000
3.342984451e-01  0.52376  1.00000  1.00000  0.98186  1.00000  1.00000  1.00000  1.00000  0.53343  1.00000
3.359699373e-01  0.53602  1.00000  1.00000  0.99247  1.00000  1.00000  1.00000  1.00000  0.54009  0.99999
3.376497870e-01  0.53981  1.00000  1.00000  0.98741  1.00000  1.00000  1.00000  1.00000  0.54670  0.99997
3.393380359e-01  0.55055  1.00000  1.00000  0.99526  1.00000  1.00000  1.00000  1.00000  0.55326  0.99984
3.410347261e-01  0.55630  1.00000  1.00000  0.99430  1.00000  1.00000  1.00000  1.00000  0.55977  0.99948
3.427398998e-01  0.56427  1.00000  1.00000  0.99760  1.00000  1.00000  1.00000  1.00000  0.56622  0.99894
3.444535992e-01  0.56953  1.00000  1.00000  0.99556  1.00000  1.00000  1.00000  1.00000  0.57262  0.99903
3.461758672e-01  0.57792  1.00000  1.00000  0.99841  1.00000  1.00000  1.00000  1.00000  0.57896  0.99980
3.479067466e-01  0.58440  1.00000  1.00000  0.99857  1.00000  1.00000  1.00000  1.00000  0.58524  0.99999
3.496462803e-01  0.59104  1.00000  1.00000  0.99930  1.00000  1.00000  1.00000  1.00000  0.59147  0.99998
3.513945117e-01  0.59686  1.00000  1.00000  0.99880  1.00000  1.00000  1.00000  1.00000  0.59764  0.99989
3.531514843e-01  0.60320  1.00000  1.00000  0.99936  1.00000  1.00000  1.00000  1.00000  0.60375  0.99973
3.549172417e-01  0.60923  1.00000  1.00000  0.99968  1.00000  1.00000  1.00000  1.00000  0.60979  0.99940
3.566918279e-01  0.61480  1.00000  1.00000  0.99974  1.00000  1.00000  1.00000  1.00000  0.61578  0.99866
3.584752870e-01  0.61962  1.00000  1.00000  0.99980  1.00000  1.00000  1.00000  1.00000  0.62170  0.99685
3.602676635e-01  0.62414  1.00000  1.00000  0.99971  1.00000  1.00000  1.00000  1.00000  0.62757  0.99483
3.620690018e-01  0.63103  1.00000  1.00000  0.99990  1.00000  1.00000  1.00000  1.00000  0.63337  0.99640
3.638793468e-01  0.63859  1.00000  1.00000  0.99994  1.00000  1.00000  1.00000  1.00000  0.63911  0.99924
3.656987435e-01  0.64466  1.00000  1.00000  0.99992  1.00000  1.00000  1.00000  1.00000  0.64479  0.99988
3.675272373e-01  0.65038  1.00000  1.00000  0.99996  1.00000  1.00000  1.00000  1.00000  0.65040  0.99999
3.693648734e-01  0.65592  1.00000  1.00000  0.99995  1.00000  1.00000  1.00000  1.00000  0.65595  1.00000
3.712116978e-01  0.66142  1.00000  1.00000  0.99998  1.00000  1.00000  1.00000  1.00000  0.66144  0.99999
3.730677563e-01  0.66682  1.00000  1.00000  0.99998  1.00000  1.00000  1.00000  1.00000  0.66686  0.99996
3.749330951e-01  0.67213  1.00000  1.00000  0.99998  1.00000  1.00000  1.00000  1.00000  0.67222  0.99988
3.768077606e-01  0.67710  1.00000  1.00000  0.99999  1.00000  1.00000  1.00000  1.00000  0.67751  0.99941
3.786917994e-01  0.68135  1.00000  1.00000  0.99999  1.00000  1.00000  1.00000  1.00000  0.68274  0.99796
3.805852584e-01  0.68587  1.00000  1.00000  0.99999  1.00000  1.00000  1.00000  1.00000  0.68791  0.99705
3.824881846e-01  0.69204  1.00000  1.00000  0.99998  1.00000  1.00000  1.00000  1.00000  0.69301  0.99861
3.844006256e-01  0.69783  1.00000  1.00000  0.99998  1.00000  1.00000  1.00000  1.00000  0.69805  0.99971
3.863226287e-01  0.70300  1.00000  1.00000  0.99998  1.00000  1.00000  1.00000  1.00000  0.70302  0.99998
3.882542418e-01  0.70791  1.00000  1.00000  0.99997  1.00000  1.00000  1.00000  1.00000  0.70793  0.99999
3.901955131e-01  0.71271  0.99996  1.00000  0.99997  1.00000  1.00000  1.00000  1.00000  0.71278  0.99997
3.921464906e-01  0.71742  0.99987  1.00000  0.99997  1.00000  1.00000  1.00000  1.00000  0.71756  0.99997
3.941072231e-01  0.72217  0.99992  1.00000  0.99995  1.00000  1.00000  1.00000  1.00000  0.72228  0.99997
3.960777592e-01  0.72681  0.99991  1.00000  0.99994  1.00000  1.00000  1.00000  1.00000  0.72694  0.99997
3.980581480e-01  0.73071  0.99896  1.00000  0.99995  1.00000  1.00000  1.00000  1.00000  0.73153  0.99997
4.000484387e-01  0.73548  0.99930  1.00000  0.99994  1.00000  1.00000  1.00000  1.00000  0.73606  0.99997
4.020486809e-01  0.74025  0.99973  1.00000  0.99992  1.00000  1.00000  1.00000  1.00000  0.74053  0.99997
4.040589243e-01  0.74478  0.99989  1.00000  0.99992  1.00000  1.00000  1.00000  1.00000  0.74494  0.99997
4.060792189e-01  0.74917  0.99997  1.00000  0.99991  1.00000  1.00000  1.00000  1.00000  0.74929  0.99997
4.081096150e-01  0.75343  0.99999  1.00000  0.99986  1.00000  1.00000  1.00000  1.00000  0.75357  0.99997
4.101501631e-01  0.75764  1.00000  1.00000  0.99983  1.00000  1.00000  1.00000  1.00000  0.75779  0.99997
4.122009139e-01  0.76181  0.99999  1.00000  0.99984  1.00000  1.00000  1.00000  1.00000  0.76195  0.99997
4.142619185e-01  0.76587  0.99994  1.00000  0.99984  1.00000  1.00000  1.00000  1.00000  0.76606  0.99997
4.163332281e-01  0.76953  0.99949  1.00000  0.99979  1.00000  1.00000  1.00000  1.00000  0.77010  0.99997
4.184148942e-01  0.77356  0.99958  1.00000  0.99977  1.00000  1.00000  1.00000  1.00000  0.77408  0.99997
4.205069687e-01  0.77763  0.99978  1.00000  0.99976  1.00000  1.00000  1.00000  1.00000  0.77801  0.99997
4.226095035e-01  0.78158  0.99996  1.00000  0.99968  1.00000  1.00000  1.00000  1.00000  0.78188  0.99997
4.247225511e-01  0.78530  0.99998  1.00000  0.99956  1.00000  1.00000  1.00000  1.00000  0.78568  0.99997
4.268461638e-01  0.78893  0.99984  1.00000  0.99954  1.00000  1.00000  1.00000  1.00000  0.78944  0.99997
4.289803946e-01  0.79270  0.99988  1.00000  0.99960  1.00000  1.00000  1.00000  1.00000  0.79313  0.99998
4.311252966e-01  0.79638  0.99996  1.00000  0.99954  1.00000  1.00000  1.00000  1.00000  0.79677  1.00000
4.332809231e-01  0.79991  0.99999  1.00000  0.99944  1.00000  1.00000  1.00000  1.00000  0.80035  1.00000
4.354473277e-01  0.80344  1.00000  1.00000  0.99945  1.00000  1.00000  1.00000  1.00000  0.80388  1.00000
4.376245643e-01  0.80682  0.99999  1.00000  0.99937  1.00000  1.00000  1.00000  1.00000  0.80736  0.99998
4.398126872e-01  0.80992  0.99989  1.00000  0.99911  1.00000  1.00000  1.00000  1.00000  0.81078  0.99994
4.420117506e-01  0.81218  0.99889  1.00000  0.99886  1.00000  1.00000  1.00000  1.00000  0.81414  0.99984
4.442218094e-01  0.81283  0.99581  1.00000  0.99886  1.00000  1.00000  1.00000  1.00000  0.81746  0.99966
4.464429184e-01  0.81712  0.99720  1.00000  0.99900  1.00000  1.00000  1.00000  1.00000  0.82072  0.99940
4.486751330e-01  0.82196  0.99904  1.00000  0.99890  1.00000  1.00000  1.00000  1.00000  0.82393  0.99967
4.509185087e-01  0.82581  0.99983  1.00000  0.99871  1.00000  1.00000  1.00000  1.00000  0.82708  0.99992
4.531731012e-01  0.82906  0.99993  1.00000  0.99872  1.00000  1.00000  1.00000  1.00000  0.83019  0.99999
4.554389667e-01  0.83200  0.99993  1.00000  0.99857  1.00000  1.00000  1.00000  1.00000  0.83325  1.00000
4.577161615e-01  0.83457  0.99990  1.00000  0.99810  1.00000  1.00000  1.00000  1.00000  0.83626  0.99999
4.600047424e-01  0.83705  0.99994  1.00000  0.99752  1.00000  1.00000  1.00000  1.00000  0.83921  0.99996
4.623047661e-01  0.83977  0.99999  1.00000  0.99731  1.00000  1.00000  1.00000  1.00000  0.84213  0.99991
4.646162899e-01  0.84280  0.99999  1.00000  0.99761  1.00000  1.00000  1.00000  1.00000  0.84499  0.99980
4.669393713e-01  0.84537  0.99982  1.00000  0.99772  1.00000  1.00000  1.00000  1.00000  0.84781  0.99959
4.692740682e-01  0.84645  0.99873  1.00000  0.99737  1.00000  1.00000  1.00000  1.00000  0.85057  0.99905
4.716204385e-01  0.84788  0.99845  1.00000  0.99724  1.00000  1.00000  1.00000  1.00000  0.85330  0.99795
4.739785407e-01  0.84938  0.99904  1.00000  0.99712  1.00000  1.00000  1.00000  1.00000  0.85598  0.99612
4.763484334e-01  0.84896  0.99972  1.00000  0.99654  1.00000  1.00000  1.00000  1.00000  0.85861  0.99248
4.787301756e-01  0.85209  0.99993  1.00000  0.99551  1.00000  1.00000  1.00000  1.00000  0.86120  0.99396
4.811238265e-01  0.85700  1.00000  1.00000  0.99451  1.00000  1.00000  1.00000  1.00000  0.86374  0.99767
4.835294456e-01  0.86081  0.99993  1.00000  0.99439  1.00000  1.00000  1.00000  1.00000  0.86625  0.99939
4.859470928e-01  0.86289  0.99855  1.00000  0.99486  1.00000  1.00000  1.00000  1.00000  0.86871  0.99990
4.883768283e-01  0.86557  0.99874  1.00000  0.99489  1.00000  1.00000  1.00000  1.00000  0.87112  0.99998
4.908187124e-01  0.86781  0.99904  1.00000  0.99445  1.00000  1.00000  1.00000  1.00000  0.87350  0.99999
4.932728060e-01  0.87044  0.99966  1.00000  0.99421  1.00000  1.00000  1.00000  1.00000  0.87584  0.99996
4.957391700e-01  0.87275  0.99993  1.00000  0.99394  1.00000  1.00000  1.00000  1.00000  0.87814  0.99998
4.982178659e-01  0.87410  0.99988  1.00000  0.99299  1.00000  1.00000  1.00000  1.00000  0.88039  0.99999
5.007089552e-01  0.87418  0.99899  1.00000  0.99147  1.00000  1.00000  1.00000  1.00000  0.88261  0.99998
5.032125000e-01  0.86738  0.99046  1.00000  0.98989  1.00000  1.00000  1.00000  1.00000  0.88479  0.99987
5.057285625e-01  0.86078  0.98139  1.00000  0.98907  1.00000  1.00000  1.00000  1.00000  0.88693  0.99984
5.082572053e-01  0.86664  0.98541  1.00000  0.98933  1.00000  1.00000  1.00000  1.00000  0.88904  0.99990
5.107984913e-01  0.87661  0.99401  1.00000  0.98969  1.00000  1.00000  1.00000  1.00000  0.89110  0.99997
5.133524838e-01  0.88213  0.99831  1.00000  0.98935  1.00000  1.00000  1.00000  1.00000  0.89314  0.99999
5.159192462e-01  0.88476  0.99968  1.00000  0.98874  1.00000  1.00000  1.00000  1.00000  0.89513  0.99998
5.184988424e-01  0.88634  0.99987  1.00000  0.98819  1.00000  1.00000  1.00000  1.00000  0.89709  0.99995
5.210913367e-01  0.88757  0.99993  1.00000  0.98745  1.00000  1.00000  1.00000  1.00000  0.89902  0.99987
5.236967933e-01  0.88772  0.99947  1.00000  0.98618  1.00000  1.00000  1.00000  1.00000  0.90091  0.99970
5.263152773e-01  0.88715  0.99877  1.00000  0.98450  1.00000  1.00000  1.00000  1.00000  0.90277  0.99939
5.289468537e-01  0.88713  0.99890  1.00000  0.98277  1.00000  1.00000  1.00000  1.00000  0.90460  0.99898
5.315915880e-01  0.88767  0.99922  1.00000  0.98143  1.00000  1.00000  1.00000  1.00000  0.90639  0.99865
5.342495459e-01  0.88954  0.99963  1.00000  0.98093  1.00000  1.00000  1.00000  1.00000  0.90815  0.99891
5.369207936e-01  0.89173  0.99954  1.00000  0.98094  1.00000  1.00000  1.00000  1.00000  0.90988  0.99956
5.396053976e-01  0.89212  0.99825  1.00000  0.98053  1.00000  1.00000  1.00000  1.00000  0.91158  0.99984
5.423034246e-01  0.88570  0.99016  1.00000  0.97957  1.00000  1.00000  1.00000  1.00000  0.91325  0.99990
5.450149417e-01  0.88862  0.99261  1.00000  0.97860  1.00000  1.00000  1.00000  1.00000  0.91489  0.99992
5.477400164e-01  0.88961  0.99264  1.00000  0.97793  1.00000  1.00000  1.00000  1.00000  0.91649  0.99993
5.504787165e-01  0.89492  0.99742  1.00000  0.97738  1.00000  1.00000  1.00000  1.00000  0.91808  0.99991
5.532311101e-01  0.89731  0.99918  1.00000  0.97672  1.00000  1.00000  1.00000  1.00000  0.91963  0.99980
5.559972656e-01  0.89834  0.99982  1.00000  0.97577  1.00000  1.00000  1.00000  1.00000  0.92115  0.99962
5.587772520e-01  0.89819  0.99987  1.00000  0.97429  1.00000  1.00000  1.00000  1.00000  0.92264  0.99932
5.615711382e-01  0.89724  0.99957  1.00000  0.97249  1.00000  1.00000  1.00000  1.00000  0.92411  0.99882
5.643789939e-01  0.89625  0.99947  1.00000  0.97091  1.00000  1.00000  1.00000  1.00000  0.92555  0.99787
5.672008889e-01  0.89347  0.99783  1.00000  0.96971  1.00000  1.00000  1.00000  1.00000  0.92697  0.99613
5.700368933e-01  0.87988  0.98523  1.00000  0.96864  1.00000  1.00000  1.00000  1.00000  0.92836  0.99312
5.728870778e-01  0.88100  0.98950  1.00000  0.96778  1.00000  1.00000  1.00000  1.00000  0.92972  0.98953
5.757515132e-01  0.87910  0.98882  1.00000  0.96776  1.00000  1.00000  1.00000  1.00000  0.93106  0.98667
5.786302707e-01  0.88541  0.99377  1.00000  0.96844  1.00000  1.00000  0.99996  1.00000  0.93238  0.98676
5.815234221e-01  0.89586  0.99754  1.00000  0.96932  1.00000  1.00000  0.99952  1.00000  0.93367  0.99278
5.844310392e-01  0.90136  0.99680  1.00000  0.96998  1.00000  1.00000  0.99996  1.00000  0.93494  0.99715
5.873531944e-01  0.89346  0.98502  1.00000  0.97022  1.00000  1.00000  1.00000  1.00000  0.93618  0.99863
5.902899604e-01  0.83040  0.91444  1.00000  0.96996  1.00000  1.00000  1.00000  1.00000  0.93740  0.99874
5.932414102e-01  0.83513  0.91928  1.00000  0.96889  1.00000  1.00000  1.00000  1.00000  0.93860  0.99896
5.962076172e-01  0.84102  0.92585  1.00000  0.96720  1.00000  1.00000  1.00000  1.00000  0.93977  0.99937
5.991886553e-01  0.87363  0.96178  1.00000  0.96562  1.00000  1.00000  1.00000  1.00000  0.94093  0.99974
6.021845986e-01  0.89854  0.98860  1.00000  0.96489  1.00000  1.00000  1.00000  1.00000  0.94206  0.99990
6.051955216e-01  0.90855  0.99792  1.00000  0.96543  1.00000  1.00000  1.00000  1.00000  0.94317  0.99987
6.082214992e-01  0.91227  0.99956  1.00000  0.96682  1.00000  1.00000  1.00000  1.00000  0.94426  0.99972
6.112626067e-01  0.91507  0.99989  1.00000  0.96860  1.00000  1.00000  1.00000  1.00000  0.94533  0.99948
6.143189197e-01  0.91740  0.99995  1.00000  0.97030  1.00000  1.00000  1.00000  1.00000  0.94638  0.99910
6.173905143e-01  0.91906  0.99994  1.00000  0.97173  1.00000  0.99999  1.00000  1.00000  0.94741  0.99836
6.204774669e-01  0.91988  0.99988  1.00000  0.97289  1.00000  0.99999  1.00000  1.00000  0.94842  0.99705
6.235798542e-01  0.91958  0.99972  1.00000  0.97387  1.00000  1.00000  1.00000  1.00000  0.94942  0.99484
6.266977535e-01  0.91648  0.99764  1.00000  0.97487  1.00000  1.00000  0.99904  1.00000  0.95039  0.99227
6.298312423e-01  0.89573  0.98650  1.00000  0.97598  1.00000  1.00000  0.98393  1.00000  0.95134  0.99089
6.329803985e-01  0.90873  0.99020  1.00000  0.97711  1.00000  1.00000  0.99372  1.00000  0.95228  0.99175
6.361453005e-01  0.92034  0.99220  1.00000  0.97834  1.00000  1.00000  0.99975  1.00000  0.95320  0.99486
6.393260270e-01  0.92740  0.99470  1.00000  0.97964  1.00000  1.00000  1.00000  1.00000  0.95411  0.99750
6.425226571e-01  0.93088  0.99477  1.00000  0.98090  1.00000  1.00000  1.00000  1.00000  0.95499  0.99897
6.457352704e-01  0.92744  0.98859  1.00000  0.98196  1.00000  1.00000  1.00000  1.00000  0.95586  0.99950
6.489639467e-01  0.88149  0.93805  1.00000  0.98293  1.00000  1.00000  1.00000  1.00000  0.95671  0.99928
6.522087665e-01  0.89050  0.94587  1.00000  0.98381  1.00000  1.00000  1.00000  1.00000  0.95755  0.99938
6.554698103e-01  0.90572  0.96016  1.00000  0.98472  1.00000  1.00000  1.00000  1.00000  0.95837  0.99955
6.587471594e-01  0.91621  0.96932  1.00000  0.98561  1.00000  1.00000  1.00000  1.00000  0.95918  0.99982
6.620408952e-01  0.93786  0.99046  1.00000  0.98643  1.00000  1.00000  1.00000  1.00000  0.95997  0.99995
6.653510996e-01  0.94529  0.99659  1.00000  0.98730  1.00000  1.00000  1.00000  1.00000  0.96074  0.99998
6.686778551e-01  0.94902  0.99876  1.00000  0.98825  1.00000  1.00000  1.00000  1.00000  0.96150  0.99999
6.720212444e-01  0.95158  0.99979  1.00000  0.98915  1.00000  1.00000  1.00000  1.00000  0.96225  0.99997
6.753813506e-01  0.95317  0.99990  1.00000  0.98996  1.00000  1.00000  1.00000  1.00000  0.96298  0.99995
6.787582574e-01  0.95435  0.99969  1.00000  0.99068  1.00000  1.00000  1.00000  1.00000  0.96370  0.99992
6.821520487e-01  0.95453  0.99867  1.00000  0.99122  1.00000  1.00000  1.00000  1.00000  0.96440  0.99986
6.855628089e-01  0.95033  0.99706  1.00000  0.99169  1.00000  1.00000  0.99610  1.00000  0.96509  0.99974
6.889906230e-01  0.83539  0.99557  1.00000  0.99235  1.00000  1.00000  0.87438  1.00000  0.96577  0.99961
6.924355761e-01  0.87830  0.98484  1.00000  0.99304  1.00000  1.00000  0.92481  1.00000  0.96643  0.99925
6.958977540e-01  0.84371  0.88190  1.00000  0.99367  1.00000  1.00000  0.99066  1.00000  0.96709  0.99847
6.993772427e-01  0.90259  0.93956  1.00000  0.99425  1.00000  1.00000  0.99975  1.00000  0.96773  0.99855
7.028741289e-01  0.86560  0.89972  1.00000  0.99468  1.00000  0.99999  0.99996  1.00000  0.96835  0.99884
7.063884996e-01  0.90059  0.93469  1.00000  0.99499  1.00000  1.00000  1.00000  1.00000  0.96897  0.99937
7.099204421e-01  0.91971  0.95357  1.00000  0.99523  1.00000  1.00000  1.00000  1.00000  0.96957  0.99953
7.134700443e-01  0.93028  0.96413  1.00000  0.99537  1.00000  1.00000  1.00000  1.00000  0.97016  0.99917
7.170373945e-01  0.84759  0.88058  1.00000  0.99554  1.00000  0.99999  1.00000  1.00000  0.97074  0.99579
7.206225815e-01  0.62974  0.65673  1.00000  0.99601  1.00000  0.99998  1.00000  1.00000  0.97131  0.99120
7.242256944e-01  0.75015  0.78060  1.00000  0.99642  1.00000  0.99996  1.00000  1.00000  0.97187  0.99243
7.278468229e-01  0.70586  0.73290  1.00000  0.99674  1.00000  0.99995  1.00000  1.00000  0.97242  0.99370
7.314860570e-01  0.72544  0.75012  1.00000  0.99703  1.00000  0.99997  1.00000  1.00000  0.97296  0.99694
7.351434873e-01  0.87958  0.90723  1.00000  0.99716  1.00000  0.99999  1.00000  1.00000  0.97348  0.99877
7.388192047e-01  0.89173  0.91875  1.00000  0.99721  1.00000  1.00000  1.00000  1.00000  0.97400  0.99928
7.425133007e-01  0.94513  0.97304  1.00000  0.99716  1.00000  1.00000  1.00000  1.00000  0.97451  0.99957
7.462258672e-01  0.96503  0.99333  1.00000  0.99700  1.00000  1.00000  1.00000  1.00000  0.97501  0.99941
7.499569966e-01  0.97003  0.99823  1.00000  0.99714  1.00000  1.00000  1.00000  1.00000  0.97549  0.99902
7.537067815e-01  0.97110  0.99894  1.00000  0.99767  1.00000  1.00000  1.00000  1.00000  0.97597  0.99839
7.574753155e-01  0.97096  0.99958  1.00000  0.99805  1.00000  1.00000  0.99969  1.00000  0.97644  0.99706
7.612626920e-01  0.62424  0.99954  1.00000  0.99823  1.00000  1.00000  0.64434  1.00000  0.97690  0.99374
7.650690055e-01  0.56102  0.99990  1.00000  0.99833  1.00000  1.00000  0.57873  1.00000  0.97735  0.99350
7.688943505e-01  0.84653  0.99997  1.00000  0.99835  1.00000  1.00000  0.86865  1.00000  0.97779  0.99820
7.727388223e-01  0.96817  0.99993  1.00000  0.99824  1.00000  1.00000  0.99194  1.00000  0.97823  0.99959
7.766025164e-01  0.97555  0.99978  1.00000  0.99794  1.00000  0.99999  0.99924  1.00000  0.97865  0.99986
7.804855290e-01  0.97614  0.99924  1.00000  0.99784  1.00000  0.99999  0.99998  1.00000  0.97907  0.99994
7.843879566e-01  0.97473  0.99702  0.99999  0.99821  1.00000  0.99999  1.00000  1.00000  0.97948  0.99993
7.883098964e-01  0.95235  0.97366  1.00000  0.99856  1.00000  0.99999  1.00000  1.00000  0.97988  0.99964
7.922514459e-01  0.91721  0.93750  1.00000  0.99878  1.00000  0.99999  1.00000  1.00000  0.98027  0.99928
7.962127031e-01  0.94372  0.96410  1.00000  0.99895  1.00000  0.99999  1.00000  1.00000  0.98066  0.99923
8.001937666e-01  0.90582  0.92500  1.00000  0.99902  1.00000  0.99999  1.00000  1.00000  0.98104  0.99918
8.041947355e-01  0.90542  0.92413  1.00000  0.99904  1.00000  0.99999  1.00000  1.00000  0.98141  0.99928
8.082157091e-01  0.93398  0.95312  1.00000  0.99890  1.00000  0.99999  1.00000  1.00000  0.98177  0.99921
8.122567877e-01  0.89033  0.90951  1.00000  0.99864  1.00000  1.00000  1.00000  1.00000  0.98213  0.99807
8.163180716e-01  0.70350  0.72236  1.00000  0.99847  1.00000  1.00000  1.00000  1.00000  0.98248  0.99258
8.203996620e-01  0.70083  0.72111  1.00000  0.99862  1.00000  1.00000  1.00000  1.00000  0.98282  0.99022
8.245016603e-01  0.76320  0.78336  1.00000  0.99902  1.00000  1.00000  1.00000  1.00000  0.98316  0.99192
8.286241686e-01  0.78341  0.80216  1.00000  0.99933  1.00000  1.00000  1.00000  1.00000  0.98349  0.99371
8.327672894e-01  0.80055  0.81646  1.00000  0.99948  1.00000  1.00000  1.00000  1.00000  0.98381  0.99714
8.369311259e-01  0.87396  0.88919  1.00000  0.99953  1.00000  0.99999  1.00000  1.00000  0.98413  0.99918
8.411157815e-01  0.92027  0.93568  1.00000  0.99952  1.00000  0.99999  1.00000  1.00000  0.98444  0.99955
8.453213604e-01  0.95233  0.96788  1.00000  0.99944  1.00000  0.99999  1.00000  1.00000  0.98475  0.99973
8.495479672e-01  0.96803  0.98369  1.00000  0.99922  1.00000  0.99999  1.00000  1.00000  0.98504  0.99980
8.537957071e-01  0.96200  0.97744  1.00000  0.99898  1.00000  0.99999  1.00000  1.00000  0.98534  0.99987
8.580646856e-01  0.97338  0.98850  1.00000  0.99913  1.00000  0.99997  1.00000  1.00000  0.98562  0.99995
8.623550090e-01  0.98140  0.99617  1.00000  0.99939  1.00000  0.99994  0.99993  1.00000  0.98591  0.99998
8.666667841e-01  0.98468  0.99910  1.00000  0.99960  1.00000  0.99995  0.99984  1.00000  0.98618  0.99997
8.710001180e-01  0.98562  0.99959  0.99997  0.99972  1.00000  0.99997  0.99995  1.00000  0.98645  0.99996
8.753551186e-01  0.98540  0.99900  0.99999  0.99977  1.00000  0.99997  1.00000  1.00000  0.98672  0.99993
8.797318942e-01  0.98320  0.99660  1.00000  0.99976  1.00000  0.99993  1.00000  1.00000  0.98698  0.99988
8.841305536e-01  0.97780  0.99146  1.00000  0.99971  1.00000  0.99949  1.00000  1.00000  0.98724  0.99976
8.885512064e-01  0.96507  0.97878  1.00000  0.99966  1.00000  0.99929  1.00000  1.00000  0.98749  0.99951
8.929939624e-01  0.94287  0.95741  1.00000  0.99966  1.00000  0.99945  1.00000  1.00000  0.98773  0.99789
8.974589322e-01  0.74537  0.76222  1.00000  0.99958  1.00000  0.99960  1.00000  1.00000  0.98797  0.99034
9.019462269e-01  0.63289  0.65077  1.00000  0.99963  1.00000  0.99980  1.00000  1.00000  0.98821  0.98460
9.064559580e-01  0.77795  0.79945  1.00000  0.99976  1.00000  0.99993  1.00000  1.00000  0.98844  0.98476
9.109882378e-01  0.63873  0.65652  1.00000  0.99984  1.00000  0.99997  1.00000  1.00000  0.98867  0.98420
9.155431790e-01  0.59584  0.61107  1.00000  0.99989  1.00000  0.99998  1.00000  1.00000  0.98889  0.98611
9.201208949e-01  0.67741  0.69210  1.00000  0.99991  1.00000  0.99999  1.00000  1.00000  0.98911  0.98957
9.247214994e-01  0.72684  0.74364  0.99999  0.99991  1.00000  1.00000  1.00000  1.00000  0.98932  0.98796
9.293451069e-01  0.58900  0.61654  1.00000  0.99990  1.00000  1.00000  1.00000  1.00000  0.98953  0.96150
9.339918324e-01  0.20559  0.23050  0.99999  0.99990  1.00000  1.00000  1.00000  1.00000  0.98974  0.88716
9.386617916e-01  0.17531  0.20457  1.00000  0.99983  1.00000  1.00000  1.00000  1.00000  0.98994  0.86244
9.433551005e-01  0.26104  0.30118  1.00000  0.99972  1.00000  1.00000  1.00000  1.00000  0.99014  0.87525
9.480718760e-01  0.24771  0.27855  1.00000  0.99979  1.00000  1.00000  1.00000  1.00000  0.99033  0.89758
9.528122354e-01  0.24198  0.26259  1.00000  0.99989  1.00000  0.99999  1.00000  1.00000  0.99052  0.93081
9.575762966e-01  0.35232  0.36850  1.00000  0.99992  1.00000  0.99999  1.00000  1.00000  0.99071  0.96402
9.623641781e-01  0.36615  0.37858  1.00000  0.99995  1.00000  0.99996  1.00000  1.00000  0.99089  0.97594
9.671759990e-01  0.51122  0.52447  1.00000  0.99996  1.00000  0.99993  1.00000  1.00000  0.99107  0.98323
9.720118790e-01  0.74779  0.76398  1.00000  0.99998  1.00000  0.99985  1.00000  1.00000  0.99125  0.98749
9.768719384e-01  0.67163  0.68402  1.00000  0.99999  1.00000  0.99985  1.00000  1.00000  0.99142  0.99047
9.817562981e-01  0.74272  0.75211  1.00000  0.99999  1.00000  0.99981  1.00000  1.00000  0.99159  0.99600
9.866650795e-01  0.86649  0.87493  1.00000  0.99995  1.00000  0.99979  1.00000  1.00000  0.99175  0.99878
9.915984049e-01  0.93920  0.94766  1.00000  0.99983  1.00000  0.99972  1.00000  1.00000  0.99191  0.99958
9.965563970e-01  0.96487  0.97316  1.00000  0.99990  1.00000  0.99971  1.00000  1.00000  0.99207  0.99978
1.001539179e+00  0.96701  0.97510  1.00000  0.99996  1.00000  0.99970  1.00000  1.00000  0.99223  0.99980
1.006546875e+00  0.96620  0.97410  1.00000  0.99998  1.00000  0.99974  1.00000  1.00000  0.99238  0.99976
1.011579609e+00  0.95766  0.96533  1.00000  0.99999  1.00000  0.99975  1.00000  1.00000  0.99253  0.99977
1.016637507e+00  0.97457  0.98213  1.00000  0.99999  1.00000  0.99979  1.00000  1.00000  0.99268  0.99983
1.021720695e+00  0.97543  0.98278  1.00000  0.99999  1.00000  0.99985  1.00000  1.00000  0.99282  0.99984
1.026829298e+00  0.97603  0.98314  1.00000  1.00000  1.00000  0.99990  1.00000  1.00000  0.99296  0.99989
1.031963445e+00  0.98496  0.99191  1.00000  1.00000  1.00000  0.99994  1.00000  1.00000  0.99310  0.99995
1.037123262e+00  0.99079  0.99767  0.99994  0.99999  1.00000  0.99997  1.00000  1.00000  0.99324  0.99997
1.042308878e+00  0.98880  0.99858  0.99992  0.99999  1.00000  0.99998  1.00000  1.00000  0.99337  0.99692
1.047520423e+00  0.98770  0.99937  0.99999  0.99997  1.00000  0.99999  1.00000  1.00000  0.99350  0.99484
1.052758025e+00  0.98486  0.99948  0.99961  0.99998  1.00000  1.00000  1.00000  1.00000  0.99363  0.99210
1.058021815e+00  0.98055  0.99897  0.99990  0.99999  1.00000  1.00000  0.99998  1.00000  0.99375  0.98786
1.063311924e+00  0.97520  0.99759  0.99996  0.99999  1.00000  1.00000  0.99985  1.00000  0.99388  0.98375
1.068628484e+00  0.97227  0.99323  0.99994  1.00000  1.00000  1.00000  0.99937  1.00000  0.99400  0.98543
1.073971626e+00  0.96737  0.98218  0.99999  1.00000  1.00000  1.00000  0.99975  1.00000  0.99412  0.99097
1.079341484e+00  0.94721  0.95781  0.99999  1.00000  1.00000  1.00000  0.99997  1.00000  0.99423  0.99469
1.084738192e+00  0.93098  0.94005  1.00000  1.00000  1.00000  1.00000  0.99999  1.00000  0.99435  0.99598
1.090161883e+00  0.89150  0.90043  1.00000  1.00000  1.00000  0.99999  1.00000  1.00000  0.99446  0.99560
1.095612692e+00  0.85008  0.85975  1.00000  1.00000  1.00000  0.99997  1.00000  1.00000  0.99457  0.99410
1.101090755e+00  0.75658  0.76744  1.00000  1.00000  1.00000  0.99996  1.00000  1.00000  0.99467  0.99100
1.106596209e+00  0.65167  0.66491  1.00000  1.00000  1.00000  0.99996  1.00000  1.00000  0.99478  0.98502
1.112129190e+00  0.53928  0.55881  1.00000  1.00000  1.00000  0.99989  1.00000  1.00000  0.99488  0.96764
1.117689836e+00  0.28770  0.31343  0.99998  1.00000  1.00000  0.99968  1.00000  1.00000  0.99498  0.90835
1.123278285e+00  0.08660  0.10803  1.00000  1.00000  1.00000  0.99932  1.00000  1.00000  0.99508  0.80677
1.128894677e+00  0.08863  0.11528  1.00000  1.00000  1.00000  0.99868  1.00000  1.00000  0.99518  0.77232
1.134539150e+00  0.16658  0.21078  0.99997  1.00000  1.00000  0.99898  1.00000  1.00000  0.99527  0.79468
1.140211846e+00  0.19832  0.23922  0.99999  1.00000  1.00000  0.99879  1.00000  1.00000  0.99537  0.82643
1.145912905e+00  0.18975  0.22415  1.00000  1.00000  1.00000  0.99917  1.00000  1.00000  0.99546  0.85135
1.151642470e+00  0.19491  0.21368  1.00000  1.00000  1.00000  0.99839  1.00000  1.00000  0.99555  0.90621
1.157400682e+00  0.30934  0.32250  1.00000  1.00000  1.00000  0.99678  1.00000  1.00000  0.99563  0.96137
1.163187685e+00  0.52680  0.53667  1.00000  1.00000  1.00000  0.99721  1.00000  1.00000  0.99572  0.98710
1.169003624e+00  0.63607  0.64430  1.00000  1.00000  1.00000  0.99735  1.00000  1.00000  0.99581  0.99316
1.174848642e+00  0.70852  0.71726  1.00000  1.00000  1.00000  0.99829  1.00000  1.00000  0.99589  0.99309
1.180722885e+00  0.76711  0.77748  1.00000  1.00000  1.00000  0.99901  1.00000  1.00000  0.99597  0.99146
1.186626500e+00  0.71876  0.72842  1.00000  1.00000  1.00000  0.99929  1.00000  1.00000  0.99605  0.99116
1.192559632e+00  0.71354  0.72179  1.00000  1.00000  1.00000  0.99930  1.00000  1.00000  0.99613  0.99289
1.198522430e+00  0.77568  0.78429  0.99979  1.00000  1.00000  0.99970  1.00000  1.00000  0.99620  0.99302
1.204515042e+00  0.75597  0.76453  0.99652  1.00000  1.00000  0.99979  1.00000  1.00000  0.99628  0.99313
1.210537618e+00  0.83505  0.84471  0.99396  1.00000  1.00000  0.99991  1.00000  1.00000  0.99635  0.99445
1.216590306e+00  0.81307  0.82022  0.99918  1.00000  1.00000  0.99994  1.00000  1.00000  0.99642  0.99523
1.222673257e+00  0.88392  0.89343  0.99538  1.00000  1.00000  0.99997  1.00000  1.00000  0.99649  0.99490
1.228786624e+00  0.89926  0.90875  0.99831  1.00000  1.00000  0.99997  1.00000  1.00000  0.99656  0.99375
1.234930557e+00  0.95287  0.96424  0.99970  1.00000  1.00000  0.99996  1.00000  1.00000  0.99663  0.99184
1.241105209e+00  0.97480  0.98926  0.99989  1.00000  1.00000  0.99998  0.99997  1.00000  0.99670  0.98878
1.247310736e+00  0.97557  0.99581  0.99998  1.00000  1.00000  0.99999  0.99948  1.00000  0.99676  0.98337
1.253547289e+00  0.96396  0.99678  0.99997  1.00000  1.00000  0.99999  0.99670  1.00000  0.99683  0.97325
1.259815026e+00  0.93523  0.99625  0.99997  1.00000  1.00000  1.00000  0.98564  1.00000  0.99689  0.95478
1.266114101e+00  0.86981  0.99392  0.99996  1.00000  1.00000  1.00000  0.93239  1.00000  0.99695  0.93874
1.272444671e+00  0.86441  0.99040  0.99999  1.00000  1.00000  1.00000  0.91237  1.00000  0.99701  0.95507
1.278806895e+00  0.93827  0.98755  1.00000  1.00000  1.00000  1.00000  0.97190  1.00000  0.99707  0.97625
1.285200929e+00  0.95761  0.97776  0.99998  1.00000  1.00000  1.00000  0.99446  1.00000  0.99713  0.98578
1.291626934e+00  0.93692  0.95068  0.99970  1.00000  1.00000  1.00000  0.99877  1.00000  0.99718  0.98887
1.298085068e+00  0.88449  0.89732  0.99972  1.00000  1.00000  0.99999  0.99987  1.00000  0.99724  0.98857
1.304575494e+00  0.80143  0.81543  0.99999  1.00000  1.00000  0.99996  0.99998  1.00000  0.99729  0.98549
1.311098371e+00  0.74938  0.76747  0.99994  1.00000  1.00000  0.99977  1.00000  1.00000  0.99735  0.97901
1.317653863e+00  0.60850  0.62990  0.99861  1.00000  1.00000  0.99922  1.00000  1.00000  0.99740  0.96913
1.324242132e+00  0.58009  0.60949  0.99921  1.00000  1.00000  0.99866  1.00000  1.00000  0.99745  0.95401
1.330863343e+00  0.45152  0.48607  0.99998  1.00000  1.00000  0.99901  1.00000  1.00000  0.99750  0.92989
1.337517660e+00  0.30240  0.34379  0.99973  1.00000  1.00000  0.99702  1.00000  1.00000  0.99755  0.88511
1.344205248e+00  0.27145  0.34982  0.99948  1.00000  1.00000  0.99751  1.00000  1.00000  0.99760  0.77030
1.350926274e+00  0.03344  0.06083  0.99986  1.00000  1.00000  0.99785  1.00000  1.00000  0.99765  0.44880
1.357680906e+00  0.00005  0.00035  0.99999  1.00000  1.00000  0.99734  1.00000  1.00000  0.99769  0.10401
1.364469310e+00  0.00000  0.00000  0.99999  1.00000  1.00000  0.99755  1.00000  1.00000  0.99774  0.01773
1.371291657e+00  0.00000  0.00001  0.99997  1.00000  1.00000  0.99791  1.00000  1.00000  0.99778  0.01484
1.378148115e+00  0.00001  0.00020  0.99997  1.00000  1.00000  0.99720  1.00000  1.00000  0.99783  0.02538
1.385038856e+00  0.00000  0.00001  0.99999  1.00000  1.00000  0.99673  1.00000  1.00000  0.99787  0.03188
1.391964050e+00  0.00001  0.00030  1.00000  1.00000  1.00000  0.99699  1.00000  1.00000  0.99791  0.04229
1.398923870e+00  0.00006  0.00073  1.00000  1.00000  1.00000  0.99754  1.00000  1.00000  0.99795  0.07101
1.405918490e+00  0.00025  0.00122  1.00000  1.00000  1.00000  0.99722  1.00000  1.00000  0.99799  0.20204
1.412948082e+00  0.00123  0.00243  1.00000  1.00000  1.00000  0.99726  1.00000  1.00000  0.99803  0.45296
1.420012822e+00  0.00759  0.01146  1.00000  1.00000  1.00000  0.99842  1.00000  1.00000  0.99807  0.67388
1.427112886e+00  0.02816  0.03745  0.99897  1.00000  1.00000  0.99888  1.00000  1.00000  0.99811  0.75265
1.434248451e+00  0.03435  0.04691  0.90810  1.00000  1.00000  0.99923  1.00000  1.00000  0.99815  0.73798
1.441419693e+00  0.03871  0.05413  0.90905  1.00000  1.00000  0.99956  1.00000  1.00000  0.99818  0.72494
1.448626792e+00  0.06710  0.08895  0.98236  1.00000  1.00000  0.99970  1.00000  1.00000  0.99822  0.75006
1.455869926e+00  0.09321  0.11674  0.99854  1.00000  1.00000  0.99979  1.00000  1.00000  0.99825  0.79612
1.463149275e+00  0.19957  0.24605  0.99988  1.00000  1.00000  0.99985  1.00000  1.00000  0.99829  0.81269
1.470465022e+00  0.09321  0.11364  0.99998  1.00000  1.00000  0.99986  1.00000  1.00000  0.99832  0.82120
1.477817347e+00  0.15284  0.17347  0.99767  1.00000  1.00000  0.99976  1.00000  1.00000  0.99835  0.87502
1.485206433e+00  0.21074  0.22474  0.99913  1.00000  1.00000  0.99987  1.00000  1.00000  0.99839  0.93483
1.492632466e+00  0.34685  0.35740  0.99977  1.00000  1.00000  0.99994  1.00000  1.00000  0.99842  0.96976
1.500095628e+00  0.55391  0.56301  0.99933  1.00000  1.00000  0.99996  1.00000  1.00000  0.99845  0.98538
1.507596106e+00  0.65947  0.66591  0.99995  1.00000  1.00000  0.99997  1.00000  1.00000  0.99848  0.99190
1.515134087e+00  0.79447  0.79912  0.99999  1.00000  1.00000  0.99998  1.00000  1.00000  0.99851  0.99571
1.522709757e+00  0.85341  0.85677  0.99994  1.00000  1.00000  0.99999  1.00000  1.00000  0.99854  0.99756
1.530323306e+00  0.87701  0.88023  0.99895  1.00000  1.00000  0.99999  1.00000  1.00000  0.99857  0.99855
1.537974922e+00  0.94148  0.94772  0.99443  1.00000  1.00000  0.99999  1.00000  1.00000  0.99860  0.99901
1.545664797e+00  0.95771  0.96346  0.99519  1.00000  1.00000  0.99999  1.00000  1.00000  0.99862  0.99929
1.553393121e+00  0.97429  0.97634  0.99977  1.00000  1.00000  1.00000  1.00000  1.00000  0.99865  0.99944
1.561160087e+00  0.98802  0.98983  0.99994  1.00000  1.00000  1.00000  1.00000  1.00000  0.99868  0.99954
1.568965887e+00  0.97176  0.98169  0.99106  1.00000  0.99999  1.00000  1.00000  1.00000  0.99870  0.99960
1.576810716e+00  0.93780  0.98842  0.94800  1.00000  1.00000  1.00000  1.00000  1.00000  0.99873  0.99962
1.584694770e+00  0.95933  0.98709  0.97133  1.00000  1.00000  1.00000  1.00000  1.00000  0.99876  0.99961
1.592618244e+00  0.98270  0.98545  0.99874  1.00000  1.00000  1.00000  1.00000  1.00000  0.99878  0.99959
1.600581335e+00  0.96441  0.98597  0.97833  1.00000  1.00000  0.99998  1.00000  1.00000  0.99880  0.99955
1.608584242e+00  0.94915  0.99484  0.95440  1.00000  1.00000  0.99995  1.00000  1.00000  0.99883  0.99950
1.616627163e+00  0.96886  0.99351  0.97589  1.00000  1.00000  0.99969  1.00000  1.00000  0.99885  0.99943
1.624710299e+00  0.98986  0.99495  0.99770  1.00000  1.00000  0.99885  1.00000  1.00000  0.99887  0.99933
1.632833850e+00  0.98930  0.99582  0.99932  1.00000  1.00000  0.99591  1.00000  1.00000  0.99890  0.99919
1.640998020e+00  0.97667  0.99069  0.99710  1.00000  1.00000  0.98876  1.00000  1.00000  0.99892  0.99900
1.649203010e+00  0.96915  0.98852  0.99445  1.00000  1.00000  0.98487  1.00000  1.00000  0.99894  0.99877
1.657449025e+00  0.96686  0.97667  0.99777  1.00000  1.00000  0.99112  1.00000  1.00000  0.99896  0.99850
1.665736270e+00  0.95986  0.97976  0.99944  1.00000  1.00000  0.98078  1.00000  1.00000  0.99898  0.99816
1.674064951e+00  0.97669  0.98432  0.99979  1.00000  1.00000  0.99526  1.00000  1.00000  0.99900  0.99768
1.682435276e+00  0.96860  0.97766  0.99990  1.00000  1.00000  0.99194  1.00000  1.00000  0.99902  0.99702
1.690847452e+00  0.95979  0.96897  0.99997  1.00000  1.00000  0.99324  1.00000  1.00000  0.99904  0.99611
1.699301690e+00  0.93548  0.94592  0.99999  1.00000  1.00000  0.99306  1.00000  1.00000  0.99906  0.99487
