# ------------------------------------------------------------------------
# NASA-GSFC Planetary Spectrum Generator (PSG, Villanueva et al. 2018)
# Atmospheric transmittance spectrum synthesized with PUMAS (Villanueva et al. 2018, Smith et al. 2009, Edwards 1992)
# Synthesized on Fri May  7 15:59:59 2021
# Molecules considered: CO2,SO2,CH4,H2S,CO,C2H6,H,OH,O,N2,H2,S8
# Molecular sources: HIT[2],HIT[9],HIT[6],HIT[31],HIT[5],HIT[27],KZ[01],HIT[13],HIT[34],HIT[22],HIT[45],NIST[10544-50-0]
# Molecular abundances: 89,9.9,5.9,0.91,8,0.47,2.1,0.02,12,10,90,0.35
# Molecular abundance units: ppm,ppt,ppm,ppb,ppm,ppb,ppb,ppt,ppt,pct,pct,ppb
# Collissional partners (H2 type): Air:10%, H2:90%, He:0%, CO2:0%
# UV cross-sections included:  CO2 SO2 CH4 H2S CO C2H6 N2 H2
# Collision-Induced-Absorption:  H2-H2  H2-H 
# Rayleigh scattering included
# ------------------------------------------------------------------------
# Spectral unit: Wavelength [um]
# Wave/freq Total CO2 SO2 CH4 H2S CO C2H6 H OH O N2 H2 S8 Rayleigh CIA
2.000000000e-01  0.20912  1.00000  0.99868  1.00000  0.87555  1.00000  1.00000  1.00000  1.00000  1.00000  1.00000  1.00000  1.00000  0.23916  1.00000
2.010000000e-01  0.21403  1.00000  0.99843  1.00000  0.87663  1.00000  1.00000  1.00000  1.00000  1.00000  1.00000  1.00000  1.00000  0.24454  1.00000
2.020050000e-01  0.22131  1.00000  0.99830  1.00000  0.88387  1.00000  1.00000  1.00000  1.00000  1.00000  1.00000  1.00000  1.00000  0.25080  1.00000
2.030150250e-01  0.22958  1.00000  0.99909  1.00000  0.89366  1.00000  1.00000  1.00000  1.00000  1.00000  1.00000  1.00000  1.00000  0.25712  1.00000
2.040301001e-01  0.23768  1.00000  0.99837  1.00000  0.90342  1.00000  1.00000  1.00000  1.00000  1.00000  1.00000  1.00000  1.00000  0.26351  1.00000
2.050502506e-01  0.24584  1.00000  0.99833  1.00000  0.91221  1.00000  1.00000  1.00000  1.00000  1.00000  1.00000  1.00000  1.00000  0.26995  1.00000
2.060755019e-01  0.25401  1.00000  0.99900  1.00000  0.91972  1.00000  1.00000  1.00000  1.00000  1.00000  1.00000  1.00000  1.00000  0.27645  1.00000
2.071058794e-01  0.26175  1.00000  0.99845  1.00000  0.92634  1.00000  1.00000  1.00000  1.00000  1.00000  1.00000  1.00000  1.00000  0.28300  1.00000
2.081414088e-01  0.26963  1.00000  0.99896  1.00000  0.93199  1.00000  1.00000  1.00000  1.00000  1.00000  1.00000  1.00000  1.00000  0.28960  1.00000
2.091821158e-01  0.27740  1.00000  0.99920  1.00000  0.93710  1.00000  1.00000  1.00000  1.00000  1.00000  1.00000  1.00000  1.00000  0.29625  1.00000
2.102280264e-01  0.28505  1.00000  0.99890  1.00000  0.94196  1.00000  1.00000  1.00000  1.00000  1.00000  1.00000  1.00000  1.00000  0.30294  1.00000
2.112791665e-01  0.29299  1.00000  0.99950  1.00000  0.94657  1.00000  1.00000  1.00000  1.00000  1.00000  1.00000  1.00000  1.00000  0.30967  1.00000
2.123355624e-01  0.30067  1.00000  0.99917  1.00000  0.95091  1.00000  1.00000  1.00000  1.00000  1.00000  1.00000  1.00000  1.00000  0.31645  1.00000
2.133972402e-01  0.30834  1.00000  0.99921  1.00000  0.95478  1.00000  1.00000  1.00000  1.00000  1.00000  1.00000  1.00000  1.00000  0.32320  1.00000
2.144642264e-01  0.31611  1.00000  0.99951  1.00000  0.95840  1.00000  1.00000  1.00000  1.00000  1.00000  1.00000  1.00000  1.00000  0.32999  1.00000
2.155365475e-01  0.32386  1.00000  0.99934  1.00000  0.96204  1.00000  1.00000  1.00000  1.00000  1.00000  1.00000  1.00000  1.00000  0.33686  1.00000
2.166142303e-01  0.33174  1.00000  0.99952  1.00000  0.96551  1.00000  1.00000  1.00000  1.00000  1.00000  1.00000  1.00000  1.00000  0.34375  1.00000
2.176973014e-01  0.33964  1.00000  0.99970  1.00000  0.96883  1.00000  1.00000  1.00000  1.00000  1.00000  1.00000  1.00000  1.00000  0.35067  1.00000
2.187857879e-01  0.34740  1.00000  0.99965  1.00000  0.97177  1.00000  1.00000  1.00000  1.00000  1.00000  1.00000  1.00000  1.00000  0.35761  1.00000
2.198797169e-01  0.35520  1.00000  0.99982  1.00000  0.97449  1.00000  1.00000  1.00000  1.00000  1.00000  1.00000  1.00000  1.00000  0.36457  1.00000
2.209791154e-01  0.36288  1.00000  0.99966  1.00000  0.97703  1.00000  1.00000  1.00000  1.00000  1.00000  1.00000  1.00000  1.00000  0.37154  1.00000
2.220840110e-01  0.37065  1.00000  0.99981  1.00000  0.97938  1.00000  1.00000  1.00000  1.00000  1.00000  1.00000  1.00000  1.00000  0.37852  1.00000
2.231944311e-01  0.37836  1.00000  0.99986  1.00000  0.98159  1.00000  1.00000  1.00000  1.00000  1.00000  1.00000  1.00000  1.00000  0.38551  1.00000
2.243104032e-01  0.38600  1.00000  0.99984  1.00000  0.98358  1.00000  1.00000  1.00000  1.00000  1.00000  1.00000  1.00000  1.00000  0.39251  1.00000
2.254319552e-01  0.39364  1.00000  0.99989  1.00000  0.98541  1.00000  1.00000  1.00000  1.00000  1.00000  1.00000  1.00000  1.00000  0.39951  1.00000
2.265591150e-01  0.40123  1.00000  0.99991  1.00000  0.98711  1.00000  1.00000  1.00000  1.00000  1.00000  1.00000  1.00000  1.00000  0.40651  1.00000
2.276919106e-01  0.40880  1.00000  0.99993  1.00000  0.98868  1.00000  1.00000  1.00000  1.00000  1.00000  1.00000  1.00000  1.00000  0.41350  1.00000
2.288303701e-01  0.41632  1.00000  0.99998  1.00000  0.99008  1.00000  1.00000  1.00000  1.00000  1.00000  1.00000  1.00000  1.00000  0.42050  1.00000
2.299745220e-01  0.42379  1.00000  0.99998  1.00000  0.99138  1.00000  1.00000  1.00000  1.00000  1.00000  1.00000  1.00000  1.00000  0.42748  1.00000
2.311243946e-01  0.43123  1.00000  0.99999  1.00000  0.99259  1.00000  1.00000  1.00000  1.00000  1.00000  1.00000  1.00000  1.00000  0.43445  1.00000
2.322800166e-01  0.43860  1.00000  0.99999  1.00000  0.99363  1.00000  1.00000  1.00000  1.00000  1.00000  1.00000  1.00000  1.00000  0.44141  1.00000
2.334414167e-01  0.44591  1.00000  0.99999  1.00000  0.99454  1.00000  1.00000  1.00000  1.00000  1.00000  1.00000  1.00000  1.00000  0.44836  1.00000
2.346086237e-01  0.45316  1.00000  0.99999  1.00000  0.99533  1.00000  1.00000  1.00000  1.00000  1.00000  1.00000  1.00000  1.00000  0.45529  1.00000
2.357816669e-01  0.46036  1.00000  0.99999  1.00000  0.99604  1.00000  1.00000  1.00000  1.00000  1.00000  1.00000  1.00000  1.00000  0.46219  1.00000
2.369605752e-01  0.46752  1.00000  0.99999  1.00000  0.99667  1.00000  1.00000  1.00000  1.00000  1.00000  1.00000  1.00000  1.00000  0.46908  1.00000
2.381453781e-01  0.47462  1.00000  0.99999  1.00000  0.99722  1.00000  1.00000  1.00000  1.00000  1.00000  1.00000  1.00000  1.00000  0.47594  1.00000
2.393361050e-01  0.48165  1.00000  0.99999  1.00000  0.99769  1.00000  1.00000  1.00000  1.00000  1.00000  1.00000  1.00000  1.00000  0.48277  1.00000
2.405327855e-01  0.48864  1.00000  0.99999  1.00000  0.99809  1.00000  1.00000  1.00000  1.00000  1.00000  1.00000  1.00000  1.00000  0.48958  1.00000
2.417354494e-01  0.49557  1.00000  0.99999  1.00000  0.99843  1.00000  1.00000  1.00000  1.00000  1.00000  1.00000  1.00000  1.00000  0.49635  1.00000
2.429441267e-01  0.50237  1.00000  0.99999  1.00000  0.99872  1.00000  1.00000  1.00000  1.00000  1.00000  1.00000  1.00000  1.00000  0.50302  1.00000
2.441588473e-01  0.50911  1.00000  0.99999  1.00000  0.99896  1.00000  1.00000  1.00000  1.00000  1.00000  1.00000  1.00000  1.00000  0.50965  1.00000
2.453796415e-01  0.51588  1.00000  0.99998  1.00000  0.99916  1.00000  1.00000  1.00000  1.00000  1.00000  1.00000  1.00000  1.00000  0.51632  1.00000
2.466065397e-01  0.52260  1.00000  0.99999  1.00000  0.99933  1.00000  1.00000  1.00000  1.00000  1.00000  1.00000  1.00000  1.00000  0.52296  1.00000
2.478395724e-01  0.52927  1.00000  0.99998  1.00000  0.99947  1.00000  1.00000  1.00000  1.00000  1.00000  1.00000  1.00000  1.00000  0.52956  1.00000
2.490787703e-01  0.53589  1.00000  0.99998  1.00000  0.99959  1.00000  1.00000  1.00000  1.00000  1.00000  1.00000  1.00000  1.00000  0.53612  1.00000
2.503241642e-01  0.54245  1.00000  0.99998  1.00000  0.99968  1.00000  1.00000  1.00000  1.00000  1.00000  1.00000  1.00000  1.00000  0.54263  1.00000
2.515757850e-01  0.54895  1.00000  0.99997  1.00000  0.99975  1.00000  1.00000  1.00000  1.00000  1.00000  1.00000  1.00000  1.00000  0.54910  1.00000
2.528336639e-01  0.55540  1.00000  0.99997  1.00000  0.99981  1.00000  1.00000  1.00000  1.00000  1.00000  1.00000  1.00000  1.00000  0.55553  1.00000
2.540978322e-01  0.56180  1.00000  0.99996  1.00000  0.99985  1.00000  1.00000  1.00000  1.00000  1.00000  1.00000  1.00000  1.00000  0.56190  1.00000
2.553683214e-01  0.56814  1.00000  0.99995  1.00000  0.99989  1.00000  1.00000  1.00000  1.00000  1.00000  1.00000  1.00000  1.00000  0.56823  1.00000
2.566451630e-01  0.57443  1.00000  0.99996  1.00000  0.99991  1.00000  1.00000  1.00000  1.00000  1.00000  1.00000  1.00000  1.00000  0.57451  1.00000
2.579283888e-01  0.58067  1.00000  0.99995  1.00000  0.99994  1.00000  1.00000  1.00000  1.00000  1.00000  1.00000  1.00000  1.00000  0.58073  1.00000
2.592180307e-01  0.58686  1.00000  0.99995  1.00000  0.99998  1.00000  1.00000  1.00000  1.00000  1.00000  1.00000  1.00000  1.00000  0.58691  1.00000
2.605141209e-01  0.59300  1.00000  0.99994  1.00000  1.00000  1.00000  1.00000  1.00000  1.00000  1.00000  1.00000  1.00000  1.00000  0.59303  1.00000
2.618166915e-01  0.59906  1.00000  0.99993  1.00000  1.00000  1.00000  1.00000  1.00000  1.00000  1.00000  1.00000  1.00000  1.00000  0.59910  1.00000
2.631257750e-01  0.60507  1.00000  0.99993  1.00000  1.00000  1.00000  1.00000  1.00000  1.00000  1.00000  1.00000  1.00000  1.00000  0.60511  1.00000
2.644414038e-01  0.61102  1.00000  0.99992  1.00000  1.00000  1.00000  1.00000  1.00000  1.00000  1.00000  1.00000  1.00000  1.00000  0.61107  1.00000
2.657636109e-01  0.61692  1.00000  0.99991  1.00000  1.00000  1.00000  1.00000  1.00000  1.00000  1.00000  1.00000  1.00000  1.00000  0.61697  1.00000
2.670924289e-01  0.62276  1.00000  0.99990  1.00000  1.00000  1.00000  1.00000  1.00000  1.00000  1.00000  1.00000  1.00000  1.00000  0.62281  1.00000
2.684278911e-01  0.62854  1.00000  0.99990  1.00000  1.00000  1.00000  1.00000  1.00000  1.00000  1.00000  1.00000  1.00000  1.00000  0.62860  1.00000
2.697700305e-01  0.63426  1.00000  0.99989  1.00000  1.00000  1.00000  1.00000  1.00000  1.00000  1.00000  1.00000  1.00000  1.00000  0.63433  1.00000
2.711188807e-01  0.63993  1.00000  0.99988  1.00000  1.00000  1.00000  1.00000  1.00000  1.00000  1.00000  1.00000  1.00000  1.00000  0.64000  1.00000
2.724744751e-01  0.64552  1.00000  0.99986  1.00000  1.00000  1.00000  1.00000  1.00000  1.00000  1.00000  1.00000  1.00000  1.00000  0.64561  1.00000
2.738368474e-01  0.65107  1.00000  0.99986  1.00000  1.00000  1.00000  1.00000  1.00000  1.00000  1.00000  1.00000  1.00000  1.00000  0.65116  1.00000
2.752060317e-01  0.65655  1.00000  0.99985  1.00000  1.00000  1.00000  1.00000  1.00000  1.00000  1.00000  1.00000  1.00000  1.00000  0.65665  1.00000
2.765820618e-01  0.66179  1.00000  0.99985  1.00000  1.00000  1.00000  1.00000  1.00000  1.00000  1.00000  1.00000  1.00000  1.00000  0.66189  1.00000
2.779649721e-01  0.66713  1.00000  0.99984  1.00000  1.00000  1.00000  1.00000  1.00000  1.00000  1.00000  1.00000  1.00000  1.00000  0.66724  1.00000
2.793547970e-01  0.67245  1.00000  0.99983  1.00000  1.00000  1.00000  1.00000  1.00000  1.00000  1.00000  1.00000  1.00000  1.00000  0.67256  1.00000
2.807515710e-01  0.67770  1.00000  0.99983  1.00000  1.00000  1.00000  1.00000  1.00000  1.00000  1.00000  1.00000  1.00000  1.00000  0.67782  1.00000
2.821553288e-01  0.68288  1.00000  0.99982  1.00000  1.00000  1.00000  1.00000  1.00000  1.00000  1.00000  1.00000  1.00000  1.00000  0.68301  1.00000
2.835661055e-01  0.68801  1.00000  0.99981  1.00000  1.00000  1.00000  1.00000  1.00000  1.00000  1.00000  1.00000  1.00000  1.00000  0.68814  1.00000
2.849839360e-01  0.69308  1.00000  0.99981  1.00000  1.00000  1.00000  1.00000  1.00000  1.00000  1.00000  1.00000  1.00000  1.00000  0.69321  1.00000
2.864088557e-01  0.69810  1.00000  0.99982  1.00000  1.00000  1.00000  1.00000  1.00000  1.00000  1.00000  1.00000  1.00000  1.00000  0.69822  1.00000
2.878409000e-01  0.70303  1.00000  0.99981  1.00000  1.00000  1.00000  1.00000  1.00000  1.00000  1.00000  1.00000  1.00000  1.00000  0.70316  1.00000
2.892801045e-01  0.70791  1.00000  0.99981  1.00000  1.00000  1.00000  1.00000  1.00000  1.00000  1.00000  1.00000  1.00000  1.00000  0.70805  1.00000
2.907265050e-01  0.71274  1.00000  0.99982  1.00000  1.00000  1.00000  1.00000  1.00000  1.00000  1.00000  1.00000  1.00000  1.00000  0.71287  1.00000
2.921801375e-01  0.71750  1.00000  0.99982  1.00000  1.00000  1.00000  1.00000  1.00000  1.00000  1.00000  1.00000  1.00000  1.00000  0.71763  1.00000
2.936410382e-01  0.72220  1.00000  0.99983  1.00000  1.00000  1.00000  1.00000  1.00000  1.00000  1.00000  1.00000  1.00000  1.00000  0.72232  1.00000
2.951092434e-01  0.72686  1.00000  0.99987  1.00000  1.00000  1.00000  1.00000  1.00000  1.00000  1.00000  1.00000  1.00000  1.00000  0.72696  1.00000
2.965847896e-01  0.73142  1.00000  0.99985  1.00000  1.00000  1.00000  1.00000  1.00000  1.00000  1.00000  1.00000  1.00000  1.00000  0.73153  1.00000
2.980677136e-01  0.73593  1.00000  0.99983  1.00000  1.00000  1.00000  1.00000  1.00000  1.00000  1.00000  1.00000  1.00000  1.00000  0.73605  1.00000
2.995580521e-01  0.74039  1.00000  0.99986  1.00000  1.00000  1.00000  1.00000  1.00000  1.00000  1.00000  1.00000  1.00000  1.00000  0.74050  1.00000
3.010558424e-01  0.74482  1.00000  0.99991  1.00000  1.00000  1.00000  1.00000  1.00000  1.00000  1.00000  1.00000  1.00000  1.00000  0.74489  1.00000
3.025611216e-01  0.74914  1.00000  0.99989  1.00000  1.00000  1.00000  1.00000  1.00000  1.00000  1.00000  1.00000  1.00000  1.00000  0.74922  1.00000
3.040739272e-01  0.75342  1.00000  0.99990  1.00000  1.00000  1.00000  1.00000  1.00000  1.00000  1.00000  1.00000  1.00000  1.00000  0.75349  1.00000
3.055942969e-01  0.75765  1.00000  0.99993  1.00000  1.00000  1.00000  1.00000  1.00000  1.00000  1.00000  1.00000  1.00000  1.00000  0.75770  1.00000
3.071222683e-01  0.76179  1.00000  0.99992  1.00000  1.00000  1.00000  1.00000  1.00000  1.00000  1.00000  1.00000  1.00000  1.00000  0.76185  1.00000
3.086578797e-01  0.76588  1.00000  0.99994  1.00000  1.00000  1.00000  1.00000  1.00000  0.99998  1.00000  1.00000  1.00000  1.00000  0.76594  1.00000
3.102011691e-01  0.76994  1.00000  0.99995  1.00000  1.00000  1.00000  1.00000  1.00000  1.00000  1.00000  1.00000  1.00000  1.00000  0.76998  1.00000
3.117521749e-01  0.77392  1.00000  0.99996  1.00000  1.00000  1.00000  1.00000  1.00000  1.00000  1.00000  1.00000  1.00000  1.00000  0.77395  1.00000
3.133109358e-01  0.77783  1.00000  0.99996  1.00000  1.00000  1.00000  1.00000  1.00000  1.00000  1.00000  1.00000  1.00000  1.00000  0.77786  1.00000
3.148774905e-01  0.78153  1.00000  0.99998  1.00000  1.00000  1.00000  1.00000  1.00000  1.00000  1.00000  1.00000  1.00000  1.00000  0.78155  1.00000
3.164518779e-01  0.78527  1.00000  0.99998  1.00000  1.00000  1.00000  1.00000  1.00000  1.00000  1.00000  1.00000  1.00000  1.00000  0.78529  1.00000
3.180341373e-01  0.78903  1.00000  0.99998  1.00000  1.00000  1.00000  1.00000  1.00000  1.00000  1.00000  1.00000  1.00000  1.00000  0.78904  1.00000
3.196243080e-01  0.79274  1.00000  0.99999  1.00000  1.00000  1.00000  1.00000  1.00000  1.00000  1.00000  1.00000  1.00000  1.00000  0.79275  1.00000
3.212224295e-01  0.79639  1.00000  0.99999  1.00000  1.00000  1.00000  1.00000  1.00000  1.00000  1.00000  1.00000  1.00000  1.00000  0.79639  1.00000
3.228285417e-01  0.79998  1.00000  0.99999  1.00000  1.00000  1.00000  1.00000  1.00000  1.00000  1.00000  1.00000  1.00000  1.00000  0.79998  1.00000
3.244426844e-01  0.80351  1.00000  1.00000  1.00000  1.00000  1.00000  1.00000  1.00000  1.00000  1.00000  1.00000  1.00000  1.00000  0.80351  1.00000
3.260648978e-01  0.80699  1.00000  1.00000  1.00000  1.00000  1.00000  1.00000  1.00000  1.00000  1.00000  1.00000  1.00000  1.00000  0.80700  1.00000
3.276952223e-01  0.81042  1.00000  1.00000  1.00000  1.00000  1.00000  1.00000  1.00000  1.00000  1.00000  1.00000  1.00000  1.00000  0.81042  1.00000
3.293336984e-01  0.81379  1.00000  1.00000  1.00000  1.00000  1.00000  1.00000  1.00000  1.00000  1.00000  1.00000  1.00000  1.00000  0.81379  1.00000
3.309803669e-01  0.81711  1.00000  1.00000  1.00000  1.00000  1.00000  1.00000  1.00000  1.00000  1.00000  1.00000  1.00000  1.00000  0.81711  1.00000
3.326352688e-01  0.82038  1.00000  1.00000  1.00000  1.00000  1.00000  1.00000  1.00000  1.00000  1.00000  1.00000  1.00000  1.00000  0.82038  1.00000
3.342984451e-01  0.82359  1.00000  1.00000  1.00000  1.00000  1.00000  1.00000  1.00000  1.00000  1.00000  1.00000  1.00000  1.00000  0.82359  1.00000
3.359699373e-01  0.82676  1.00000  1.00000  1.00000  1.00000  1.00000  1.00000  1.00000  1.00000  1.00000  1.00000  1.00000  1.00000  0.82676  1.00000
3.376497870e-01  0.82987  1.00000  1.00000  1.00000  1.00000  1.00000  1.00000  1.00000  1.00000  1.00000  1.00000  1.00000  1.00000  0.82987  1.00000
3.393380359e-01  0.83293  1.00000  1.00000  1.00000  1.00000  1.00000  1.00000  1.00000  1.00000  1.00000  1.00000  1.00000  1.00000  0.83293  1.00000
3.410347261e-01  0.83594  1.00000  1.00000  1.00000  1.00000  1.00000  1.00000  1.00000  1.00000  1.00000  1.00000  1.00000  1.00000  0.83594  1.00000
3.427398998e-01  0.83891  1.00000  1.00000  1.00000  1.00000  1.00000  1.00000  1.00000  1.00000  1.00000  1.00000  1.00000  1.00000  0.83891  1.00000
3.444535992e-01  0.84182  1.00000  1.00000  1.00000  1.00000  1.00000  1.00000  1.00000  1.00000  1.00000  1.00000  1.00000  1.00000  0.84182  1.00000
3.461758672e-01  0.84469  1.00000  1.00000  1.00000  1.00000  1.00000  1.00000  1.00000  1.00000  1.00000  1.00000  1.00000  1.00000  0.84469  1.00000
3.479067466e-01  0.84751  1.00000  1.00000  1.00000  1.00000  1.00000  1.00000  1.00000  1.00000  1.00000  1.00000  1.00000  1.00000  0.84751  1.00000
3.496462803e-01  0.85029  1.00000  1.00000  1.00000  1.00000  1.00000  1.00000  1.00000  1.00000  1.00000  1.00000  1.00000  1.00000  0.85029  1.00000
3.513945117e-01  0.85301  1.00000  1.00000  1.00000  1.00000  1.00000  1.00000  1.00000  1.00000  1.00000  1.00000  1.00000  1.00000  0.85301  1.00000
3.531514843e-01  0.85570  1.00000  1.00000  1.00000  1.00000  1.00000  1.00000  1.00000  1.00000  1.00000  1.00000  1.00000  1.00000  0.85570  1.00000
3.549172417e-01  0.85834  1.00000  1.00000  1.00000  1.00000  1.00000  1.00000  1.00000  1.00000  1.00000  1.00000  1.00000  1.00000  0.85834  1.00000
3.566918279e-01  0.86093  1.00000  1.00000  1.00000  1.00000  1.00000  1.00000  1.00000  1.00000  1.00000  1.00000  1.00000  1.00000  0.86093  1.00000
3.584752870e-01  0.86348  1.00000  1.00000  1.00000  1.00000  1.00000  1.00000  1.00000  1.00000  1.00000  1.00000  1.00000  1.00000  0.86348  1.00000
3.602676635e-01  0.86599  1.00000  1.00000  1.00000  1.00000  1.00000  1.00000  1.00000  1.00000  1.00000  1.00000  1.00000  1.00000  0.86599  1.00000
3.620690018e-01  0.86845  1.00000  1.00000  1.00000  1.00000  1.00000  1.00000  1.00000  1.00000  1.00000  1.00000  1.00000  1.00000  0.86845  1.00000
3.638793468e-01  0.87088  1.00000  1.00000  1.00000  1.00000  1.00000  1.00000  1.00000  1.00000  1.00000  1.00000  1.00000  1.00000  0.87088  1.00000
3.656987435e-01  0.87326  1.00000  1.00000  1.00000  1.00000  1.00000  1.00000  1.00000  1.00000  1.00000  1.00000  1.00000  1.00000  0.87326  1.00000
3.675272373e-01  0.87560  1.00000  1.00000  1.00000  1.00000  1.00000  1.00000  1.00000  1.00000  1.00000  1.00000  1.00000  1.00000  0.87560  1.00000
3.693648734e-01  0.87790  1.00000  1.00000  1.00000  1.00000  1.00000  1.00000  1.00000  1.00000  1.00000  1.00000  1.00000  1.00000  0.87790  1.00000
3.712116978e-01  0.88016  1.00000  1.00000  1.00000  1.00000  1.00000  1.00000  1.00000  1.00000  1.00000  1.00000  1.00000  1.00000  0.88016  1.00000
3.730677563e-01  0.88238  1.00000  1.00000  1.00000  1.00000  1.00000  1.00000  1.00000  1.00000  1.00000  1.00000  1.00000  1.00000  0.88238  1.00000
3.749330951e-01  0.88457  1.00000  1.00000  1.00000  1.00000  1.00000  1.00000  1.00000  1.00000  1.00000  1.00000  1.00000  1.00000  0.88457  1.00000
3.768077606e-01  0.88671  1.00000  1.00000  1.00000  1.00000  1.00000  1.00000  1.00000  1.00000  1.00000  1.00000  1.00000  1.00000  0.88671  1.00000
3.786917994e-01  0.88882  1.00000  1.00000  1.00000  1.00000  1.00000  1.00000  1.00000  1.00000  1.00000  1.00000  1.00000  1.00000  0.88882  1.00000
3.805852584e-01  0.89089  1.00000  1.00000  1.00000  1.00000  1.00000  1.00000  1.00000  1.00000  1.00000  1.00000  1.00000  1.00000  0.89089  1.00000
3.824881846e-01  0.89293  1.00000  1.00000  1.00000  1.00000  1.00000  1.00000  1.00000  1.00000  1.00000  1.00000  1.00000  1.00000  0.89293  1.00000
3.844006256e-01  0.89493  1.00000  1.00000  1.00000  1.00000  1.00000  1.00000  1.00000  1.00000  1.00000  1.00000  1.00000  1.00000  0.89493  1.00000
3.863226287e-01  0.89689  1.00000  1.00000  1.00000  1.00000  1.00000  1.00000  1.00000  1.00000  1.00000  1.00000  1.00000  1.00000  0.89689  1.00000
3.882542418e-01  0.89882  1.00000  1.00000  1.00000  1.00000  1.00000  1.00000  1.00000  1.00000  1.00000  1.00000  1.00000  1.00000  0.89882  1.00000
3.901955131e-01  0.90072  1.00000  1.00000  1.00000  1.00000  1.00000  1.00000  1.00000  1.00000  1.00000  1.00000  1.00000  1.00000  0.90072  1.00000
3.921464906e-01  0.90258  1.00000  1.00000  1.00000  1.00000  1.00000  1.00000  1.00000  1.00000  1.00000  1.00000  1.00000  1.00000  0.90258  1.00000
3.941072231e-01  0.90441  1.00000  1.00000  1.00000  1.00000  1.00000  1.00000  1.00000  1.00000  1.00000  1.00000  1.00000  1.00000  0.90441  1.00000
3.960777592e-01  0.90620  1.00000  1.00000  1.00000  1.00000  1.00000  1.00000  1.00000  1.00000  1.00000  1.00000  1.00000  1.00000  0.90620  1.00000
3.980581480e-01  0.90797  1.00000  1.00000  1.00000  1.00000  1.00000  1.00000  1.00000  1.00000  1.00000  1.00000  1.00000  1.00000  0.90797  1.00000
4.000484387e-01  0.90970  1.00000  1.00000  1.00000  1.00000  1.00000  1.00000  1.00000  1.00000  1.00000  1.00000  1.00000  1.00000  0.90970  1.00000
4.020486809e-01  0.91140  1.00000  1.00000  1.00000  1.00000  1.00000  1.00000  1.00000  1.00000  1.00000  1.00000  1.00000  1.00000  0.91140  1.00000
4.040589243e-01  0.91308  1.00000  1.00000  1.00000  1.00000  1.00000  1.00000  1.00000  1.00000  1.00000  1.00000  1.00000  1.00000  0.91308  1.00000
4.060792189e-01  0.91472  1.00000  1.00000  1.00000  1.00000  1.00000  1.00000  1.00000  1.00000  1.00000  1.00000  1.00000  1.00000  0.91472  1.00000
4.081096150e-01  0.91633  1.00000  1.00000  1.00000  1.00000  1.00000  1.00000  1.00000  1.00000  1.00000  1.00000  1.00000  1.00000  0.91633  1.00000
4.101501631e-01  0.91791  1.00000  1.00000  1.00000  1.00000  1.00000  1.00000  1.00000  1.00000  1.00000  1.00000  1.00000  1.00000  0.91791  1.00000
4.122009139e-01  0.91947  1.00000  1.00000  1.00000  1.00000  1.00000  1.00000  1.00000  1.00000  1.00000  1.00000  1.00000  1.00000  0.91947  1.00000
4.142619185e-01  0.92099  1.00000  1.00000  1.00000  1.00000  1.00000  1.00000  1.00000  1.00000  1.00000  1.00000  1.00000  1.00000  0.92099  1.00000
4.163332281e-01  0.92249  1.00000  1.00000  1.00000  1.00000  1.00000  1.00000  1.00000  1.00000  1.00000  1.00000  1.00000  1.00000  0.92249  1.00000
4.184148942e-01  0.92396  1.00000  1.00000  1.00000  1.00000  1.00000  1.00000  1.00000  1.00000  1.00000  1.00000  1.00000  1.00000  0.92396  1.00000
4.205069687e-01  0.92541  1.00000  1.00000  1.00000  1.00000  1.00000  1.00000  1.00000  1.00000  1.00000  1.00000  1.00000  1.00000  0.92541  1.00000
4.226095035e-01  0.92683  1.00000  1.00000  1.00000  1.00000  1.00000  1.00000  1.00000  1.00000  1.00000  1.00000  1.00000  1.00000  0.92683  1.00000
4.247225511e-01  0.92822  1.00000  1.00000  1.00000  1.00000  1.00000  1.00000  1.00000  1.00000  1.00000  1.00000  1.00000  1.00000  0.92822  1.00000
4.268461638e-01  0.92958  1.00000  1.00000  1.00000  1.00000  1.00000  1.00000  1.00000  1.00000  1.00000  1.00000  1.00000  1.00000  0.92958  1.00000
4.289803946e-01  0.93092  1.00000  1.00000  1.00000  1.00000  1.00000  1.00000  1.00000  1.00000  1.00000  1.00000  1.00000  1.00000  0.93092  1.00000
4.311252966e-01  0.93224  1.00000  1.00000  1.00000  1.00000  1.00000  1.00000  1.00000  1.00000  1.00000  1.00000  1.00000  1.00000  0.93224  1.00000
4.332809231e-01  0.93353  1.00000  1.00000  1.00000  1.00000  1.00000  1.00000  1.00000  1.00000  1.00000  1.00000  1.00000  1.00000  0.93353  1.00000
4.354473277e-01  0.93480  1.00000  1.00000  1.00000  1.00000  1.00000  1.00000  1.00000  1.00000  1.00000  1.00000  1.00000  1.00000  0.93480  1.00000
4.376245643e-01  0.93605  1.00000  1.00000  1.00000  1.00000  1.00000  1.00000  1.00000  1.00000  1.00000  1.00000  1.00000  1.00000  0.93605  1.00000
4.398126872e-01  0.93727  1.00000  1.00000  1.00000  1.00000  1.00000  1.00000  1.00000  1.00000  1.00000  1.00000  1.00000  1.00000  0.93727  1.00000
4.420117506e-01  0.93847  1.00000  1.00000  1.00000  1.00000  1.00000  1.00000  1.00000  1.00000  1.00000  1.00000  1.00000  1.00000  0.93847  1.00000
4.442218094e-01  0.93965  1.00000  1.00000  1.00000  1.00000  1.00000  1.00000  1.00000  1.00000  1.00000  1.00000  1.00000  1.00000  0.93965  1.00000
4.464429184e-01  0.94081  1.00000  1.00000  1.00000  1.00000  1.00000  1.00000  1.00000  1.00000  1.00000  1.00000  1.00000  1.00000  0.94081  1.00000
4.486751330e-01  0.94194  1.00000  1.00000  1.00000  1.00000  1.00000  1.00000  1.00000  1.00000  1.00000  1.00000  1.00000  1.00000  0.94194  1.00000
4.509185087e-01  0.94305  1.00000  1.00000  1.00000  1.00000  1.00000  1.00000  1.00000  1.00000  1.00000  1.00000  1.00000  1.00000  0.94305  1.00000
4.531731012e-01  0.94415  1.00000  1.00000  1.00000  1.00000  1.00000  1.00000  1.00000  1.00000  1.00000  1.00000  1.00000  1.00000  0.94415  1.00000
4.554389667e-01  0.94522  1.00000  1.00000  1.00000  1.00000  1.00000  1.00000  1.00000  1.00000  1.00000  1.00000  1.00000  1.00000  0.94522  1.00000
4.577161615e-01  0.94627  1.00000  1.00000  1.00000  1.00000  1.00000  1.00000  1.00000  1.00000  1.00000  1.00000  1.00000  1.00000  0.94627  1.00000
4.600047424e-01  0.94730  1.00000  1.00000  1.00000  1.00000  1.00000  1.00000  1.00000  1.00000  1.00000  1.00000  1.00000  1.00000  0.94730  1.00000
4.623047661e-01  0.94832  1.00000  1.00000  1.00000  1.00000  1.00000  1.00000  1.00000  1.00000  1.00000  1.00000  1.00000  1.00000  0.94832  1.00000
4.646162899e-01  0.94931  1.00000  1.00000  1.00000  1.00000  1.00000  1.00000  1.00000  1.00000  1.00000  1.00000  1.00000  1.00000  0.94931  1.00000
4.669393713e-01  0.95029  1.00000  1.00000  1.00000  1.00000  1.00000  1.00000  1.00000  1.00000  1.00000  1.00000  1.00000  1.00000  0.95029  1.00000
4.692740682e-01  0.95125  1.00000  1.00000  1.00000  1.00000  1.00000  1.00000  1.00000  1.00000  1.00000  1.00000  1.00000  1.00000  0.95125  1.00000
4.716204385e-01  0.95219  1.00000  1.00000  1.00000  1.00000  1.00000  1.00000  1.00000  1.00000  1.00000  1.00000  1.00000  1.00000  0.95219  1.00000
4.739785407e-01  0.95311  1.00000  1.00000  1.00000  1.00000  1.00000  1.00000  1.00000  1.00000  1.00000  1.00000  1.00000  1.00000  0.95311  1.00000
4.763484334e-01  0.95401  1.00000  1.00000  1.00000  1.00000  1.00000  1.00000  1.00000  1.00000  1.00000  1.00000  1.00000  1.00000  0.95401  1.00000
4.787301756e-01  0.95490  1.00000  1.00000  1.00000  1.00000  1.00000  1.00000  1.00000  1.00000  1.00000  1.00000  1.00000  1.00000  0.95490  1.00000
4.811238265e-01  0.95577  1.00000  1.00000  1.00000  1.00000  1.00000  1.00000  1.00000  1.00000  1.00000  1.00000  1.00000  1.00000  0.95577  1.00000
4.835294456e-01  0.95662  1.00000  1.00000  1.00000  1.00000  1.00000  1.00000  1.00000  1.00000  1.00000  1.00000  1.00000  1.00000  0.95662  1.00000
4.859470928e-01  0.95746  1.00000  1.00000  1.00000  1.00000  1.00000  1.00000  1.00000  1.00000  1.00000  1.00000  1.00000  1.00000  0.95746  1.00000
4.883768283e-01  0.95828  1.00000  1.00000  1.00000  1.00000  1.00000  1.00000  1.00000  1.00000  1.00000  1.00000  1.00000  1.00000  0.95829  1.00000
4.908187124e-01  0.95909  1.00000  1.00000  1.00000  1.00000  1.00000  1.00000  1.00000  1.00000  1.00000  1.00000  1.00000  1.00000  0.95909  1.00000
4.932728060e-01  0.95988  1.00000  1.00000  1.00000  1.00000  1.00000  1.00000  1.00000  1.00000  1.00000  1.00000  1.00000  1.00000  0.95988  1.00000
4.957391700e-01  0.96066  1.00000  1.00000  1.00000  1.00000  1.00000  1.00000  1.00000  1.00000  1.00000  1.00000  1.00000  1.00000  0.96066  1.00000
4.982178659e-01  0.96142  1.00000  1.00000  1.00000  1.00000  1.00000  1.00000  1.00000  1.00000  1.00000  1.00000  1.00000  1.00000  0.96142  1.00000
5.007089552e-01  0.96217  1.00000  1.00000  1.00000  1.00000  1.00000  1.00000  1.00000  1.00000  1.00000  1.00000  1.00000  1.00000  0.96217  1.00000
5.032125000e-01  0.96290  1.00000  1.00000  1.00000  1.00000  1.00000  1.00000  1.00000  1.00000  1.00000  1.00000  1.00000  1.00000  0.96290  1.00000
5.057285625e-01  0.96362  1.00000  1.00000  1.00000  1.00000  1.00000  1.00000  1.00000  1.00000  1.00000  1.00000  1.00000  1.00000  0.96362  1.00000
5.082572053e-01  0.96433  1.00000  1.00000  1.00000  1.00000  1.00000  1.00000  1.00000  1.00000  1.00000  1.00000  1.00000  1.00000  0.96433  1.00000
5.107984913e-01  0.96502  1.00000  1.00000  1.00000  1.00000  1.00000  1.00000  1.00000  1.00000  1.00000  1.00000  1.00000  1.00000  0.96502  1.00000
5.133524838e-01  0.96570  1.00000  1.00000  1.00000  1.00000  1.00000  1.00000  1.00000  1.00000  1.00000  1.00000  1.00000  1.00000  0.96570  1.00000
5.159192462e-01  0.96636  1.00000  1.00000  1.00000  1.00000  1.00000  1.00000  1.00000  1.00000  1.00000  1.00000  1.00000  1.00000  0.96636  1.00000
5.184988424e-01  0.96702  1.00000  1.00000  1.00000  1.00000  1.00000  1.00000  1.00000  1.00000  1.00000  1.00000  1.00000  1.00000  0.96702  1.00000
5.210913367e-01  0.96766  1.00000  1.00000  1.00000  1.00000  1.00000  1.00000  1.00000  1.00000  1.00000  1.00000  1.00000  1.00000  0.96766  1.00000
5.236967933e-01  0.96829  1.00000  1.00000  1.00000  1.00000  1.00000  1.00000  1.00000  1.00000  1.00000  1.00000  1.00000  1.00000  0.96829  1.00000
5.263152773e-01  0.96890  1.00000  1.00000  1.00000  1.00000  1.00000  1.00000  1.00000  1.00000  1.00000  1.00000  1.00000  1.00000  0.96890  1.00000
5.289468537e-01  0.96951  1.00000  1.00000  1.00000  1.00000  1.00000  1.00000  1.00000  1.00000  1.00000  1.00000  1.00000  1.00000  0.96951  1.00000
5.315915880e-01  0.97010  1.00000  1.00000  1.00000  1.00000  1.00000  1.00000  1.00000  1.00000  1.00000  1.00000  1.00000  1.00000  0.97010  1.00000
5.342495459e-01  0.97068  1.00000  1.00000  1.00000  1.00000  1.00000  1.00000  1.00000  1.00000  1.00000  1.00000  1.00000  1.00000  0.97068  1.00000
5.369207936e-01  0.97125  1.00000  1.00000  1.00000  1.00000  1.00000  1.00000  1.00000  1.00000  1.00000  1.00000  1.00000  1.00000  0.97125  1.00000
5.396053976e-01  0.97181  1.00000  1.00000  1.00000  1.00000  1.00000  1.00000  1.00000  1.00000  1.00000  1.00000  1.00000  1.00000  0.97181  1.00000
5.423034246e-01  0.97236  1.00000  1.00000  0.99999  1.00000  1.00000  1.00000  1.00000  1.00000  1.00000  1.00000  1.00000  1.00000  0.97236  1.00000
5.450149417e-01  0.97290  1.00000  1.00000  1.00000  1.00000  1.00000  1.00000  1.00000  1.00000  1.00000  1.00000  1.00000  1.00000  0.97290  1.00000
5.477400164e-01  0.97343  1.00000  1.00000  1.00000  1.00000  1.00000  1.00000  1.00000  1.00000  1.00000  1.00000  1.00000  1.00000  0.97343  1.00000
5.504787165e-01  0.97395  1.00000  1.00000  1.00000  1.00000  1.00000  1.00000  1.00000  1.00000  1.00000  1.00000  1.00000  1.00000  0.97395  1.00000
5.532311101e-01  0.97445  1.00000  1.00000  1.00000  1.00000  1.00000  1.00000  1.00000  1.00000  1.00000  1.00000  1.00000  1.00000  0.97445  1.00000
5.559972656e-01  0.97495  1.00000  1.00000  1.00000  1.00000  1.00000  1.00000  1.00000  1.00000  1.00000  1.00000  1.00000  1.00000  0.97495  1.00000
5.587772520e-01  0.97544  1.00000  1.00000  1.00000  1.00000  1.00000  1.00000  1.00000  1.00000  1.00000  1.00000  1.00000  1.00000  0.97544  1.00000
5.615711382e-01  0.97592  1.00000  1.00000  1.00000  1.00000  1.00000  1.00000  1.00000  1.00000  1.00000  1.00000  1.00000  1.00000  0.97592  1.00000
5.643789939e-01  0.97639  1.00000  1.00000  1.00000  1.00000  1.00000  1.00000  1.00000  1.00000  1.00000  1.00000  1.00000  1.00000  0.97639  1.00000
5.672008889e-01  0.97685  1.00000  1.00000  1.00000  1.00000  1.00000  1.00000  1.00000  1.00000  1.00000  1.00000  1.00000  1.00000  0.97685  1.00000
5.700368933e-01  0.97730  1.00000  1.00000  1.00000  1.00000  1.00000  1.00000  1.00000  1.00000  1.00000  1.00000  1.00000  1.00000  0.97730  1.00000
5.728870778e-01  0.97775  1.00000  1.00000  1.00000  1.00000  1.00000  1.00000  1.00000  1.00000  1.00000  1.00000  1.00000  1.00000  0.97775  1.00000
5.757515132e-01  0.97818  1.00000  1.00000  1.00000  1.00000  1.00000  1.00000  1.00000  1.00000  1.00000  1.00000  1.00000  1.00000  0.97818  1.00000
5.786302707e-01  0.97861  1.00000  1.00000  1.00000  1.00000  1.00000  1.00000  1.00000  1.00000  1.00000  1.00000  1.00000  1.00000  0.97861  1.00000
5.815234221e-01  0.97903  1.00000  1.00000  1.00000  1.00000  1.00000  1.00000  1.00000  1.00000  1.00000  1.00000  1.00000  1.00000  0.97903  1.00000
5.844310392e-01  0.97944  1.00000  1.00000  1.00000  1.00000  1.00000  1.00000  1.00000  1.00000  1.00000  1.00000  1.00000  1.00000  0.97944  1.00000
5.873531944e-01  0.97984  1.00000  1.00000  1.00000  1.00000  1.00000  1.00000  1.00000  1.00000  1.00000  1.00000  1.00000  1.00000  0.97984  1.00000
5.902899604e-01  0.98023  1.00000  1.00000  1.00000  1.00000  1.00000  1.00000  1.00000  1.00000  1.00000  1.00000  1.00000  1.00000  0.98023  1.00000
5.932414102e-01  0.98062  1.00000  1.00000  1.00000  1.00000  1.00000  1.00000  1.00000  1.00000  1.00000  1.00000  1.00000  1.00000  0.98062  1.00000
5.962076172e-01  0.98100  1.00000  1.00000  1.00000  1.00000  1.00000  1.00000  1.00000  1.00000  1.00000  1.00000  1.00000  1.00000  0.98100  1.00000
5.991886553e-01  0.98137  1.00000  1.00000  1.00000  1.00000  1.00000  1.00000  1.00000  1.00000  1.00000  1.00000  1.00000  1.00000  0.98137  1.00000
6.021845986e-01  0.98173  1.00000  1.00000  1.00000  1.00000  1.00000  1.00000  1.00000  1.00000  1.00000  1.00000  1.00000  1.00000  0.98173  1.00000
6.051955216e-01  0.98209  1.00000  1.00000  1.00000  1.00000  1.00000  1.00000  1.00000  1.00000  1.00000  1.00000  1.00000  1.00000  0.98209  1.00000
6.082214992e-01  0.98244  1.00000  1.00000  1.00000  1.00000  1.00000  1.00000  1.00000  1.00000  1.00000  1.00000  1.00000  1.00000  0.98244  1.00000
6.112626067e-01  0.98278  1.00000  1.00000  1.00000  1.00000  1.00000  1.00000  1.00000  1.00000  1.00000  1.00000  1.00000  1.00000  0.98279  1.00000
6.143189197e-01  0.98311  1.00000  1.00000  0.99999  1.00000  1.00000  1.00000  1.00000  1.00000  1.00000  1.00000  1.00000  1.00000  0.98312  1.00000
6.173905143e-01  0.98343  1.00000  1.00000  0.99998  1.00000  1.00000  1.00000  1.00000  1.00000  1.00000  1.00000  1.00000  1.00000  0.98345  1.00000
6.204774669e-01  0.98375  1.00000  1.00000  0.99997  1.00000  1.00000  1.00000  1.00000  1.00000  1.00000  1.00000  1.00000  1.00000  0.98378  1.00000
6.235798542e-01  0.98408  1.00000  1.00000  0.99999  1.00000  1.00000  1.00000  1.00000  1.00000  1.00000  1.00000  1.00000  1.00000  0.98410  1.00000
6.266977535e-01  0.98441  1.00000  1.00000  1.00000  1.00000  1.00000  1.00000  1.00000  1.00000  1.00000  1.00000  1.00000  1.00000  0.98441  1.00000
6.298312423e-01  0.98471  1.00000  1.00000  1.00000  1.00000  1.00000  1.00000  1.00000  1.00000  1.00000  1.00000  1.00000  1.00000  0.98471  1.00000
6.329803985e-01  0.98501  1.00000  1.00000  1.00000  1.00000  1.00000  1.00000  1.00000  1.00000  1.00000  1.00000  1.00000  1.00000  0.98501  1.00000
6.361453005e-01  0.98531  1.00000  1.00000  1.00000  1.00000  1.00000  1.00000  1.00000  1.00000  1.00000  1.00000  1.00000  1.00000  0.98531  1.00000
6.393260270e-01  0.98558  1.00000  1.00000  1.00000  1.00000  1.00000  1.00000  1.00000  1.00000  1.00000  1.00000  0.99998  1.00000  0.98560  1.00000
6.425226571e-01  0.98588  1.00000  1.00000  1.00000  1.00000  1.00000  1.00000  1.00000  1.00000  1.00000  1.00000  1.00000  1.00000  0.98588  1.00000
6.457352704e-01  0.98615  1.00000  1.00000  1.00000  1.00000  1.00000  1.00000  1.00000  1.00000  1.00000  1.00000  0.99999  1.00000  0.98615  1.00000
6.489639467e-01  0.98642  1.00000  1.00000  1.00000  1.00000  1.00000  1.00000  1.00000  1.00000  1.00000  1.00000  1.00000  1.00000  0.98643  1.00000
6.522087665e-01  0.98669  1.00000  1.00000  1.00000  1.00000  1.00000  1.00000  1.00000  1.00000  1.00000  1.00000  1.00000  1.00000  0.98669  1.00000
6.554698103e-01  0.98695  1.00000  1.00000  1.00000  1.00000  1.00000  1.00000  1.00000  1.00000  1.00000  1.00000  1.00000  1.00000  0.98695  1.00000
6.587471594e-01  0.98720  1.00000  1.00000  0.99999  1.00000  1.00000  1.00000  1.00000  1.00000  1.00000  1.00000  0.99999  1.00000  0.98721  1.00000
6.620408952e-01  0.98745  1.00000  1.00000  0.99999  1.00000  1.00000  1.00000  1.00000  1.00000  1.00000  1.00000  1.00000  1.00000  0.98746  1.00000
6.653510996e-01  0.98770  1.00000  1.00000  0.99999  1.00000  1.00000  1.00000  1.00000  1.00000  1.00000  1.00000  1.00000  1.00000  0.98771  1.00000
6.686778551e-01  0.98794  1.00000  1.00000  0.99999  1.00000  1.00000  1.00000  1.00000  1.00000  1.00000  1.00000  1.00000  1.00000  0.98795  1.00000
6.720212444e-01  0.98818  1.00000  1.00000  1.00000  1.00000  1.00000  1.00000  1.00000  1.00000  1.00000  1.00000  1.00000  1.00000  0.98818  1.00000
6.753813506e-01  0.98842  1.00000  1.00000  1.00000  1.00000  1.00000  1.00000  1.00000  1.00000  1.00000  1.00000  1.00000  1.00000  0.98842  1.00000
6.787582574e-01  0.98864  1.00000  1.00000  1.00000  1.00000  1.00000  1.00000  1.00000  1.00000  1.00000  1.00000  1.00000  1.00000  0.98864  1.00000
6.821520487e-01  0.98887  1.00000  1.00000  1.00000  1.00000  1.00000  1.00000  1.00000  1.00000  1.00000  1.00000  1.00000  1.00000  0.98887  1.00000
6.855628089e-01  0.98908  1.00000  1.00000  1.00000  1.00000  1.00000  1.00000  1.00000  1.00000  1.00000  1.00000  1.00000  1.00000  0.98909  1.00000
6.889906230e-01  0.98930  1.00000  1.00000  1.00000  1.00000  1.00000  1.00000  1.00000  1.00000  1.00000  1.00000  1.00000  1.00000  0.98930  1.00000
6.924355761e-01  0.98951  1.00000  1.00000  1.00000  1.00000  1.00000  1.00000  1.00000  1.00000  1.00000  1.00000  1.00000  1.00000  0.98951  1.00000
6.958977540e-01  0.98971  1.00000  1.00000  1.00000  1.00000  1.00000  1.00000  1.00000  1.00000  1.00000  1.00000  1.00000  1.00000  0.98972  1.00000
6.993772427e-01  0.98991  1.00000  1.00000  0.99999  1.00000  1.00000  1.00000  1.00000  1.00000  1.00000  1.00000  1.00000  1.00000  0.98992  1.00000
7.028741289e-01  0.99010  1.00000  1.00000  0.99998  1.00000  1.00000  1.00000  1.00000  1.00000  1.00000  1.00000  1.00000  1.00000  0.99012  1.00000
7.063884996e-01  0.99030  1.00000  1.00000  0.99999  1.00000  1.00000  1.00000  1.00000  1.00000  1.00000  1.00000  1.00000  1.00000  0.99031  1.00000
7.099204421e-01  0.99050  1.00000  1.00000  0.99999  1.00000  1.00000  1.00000  1.00000  1.00000  1.00000  1.00000  1.00000  1.00000  0.99050  1.00000
7.134700443e-01  0.99068  1.00000  1.00000  0.99999  1.00000  1.00000  1.00000  1.00000  1.00000  1.00000  1.00000  1.00000  1.00000  0.99069  1.00000
7.170373945e-01  0.99085  1.00000  1.00000  0.99998  1.00000  1.00000  1.00000  1.00000  1.00000  1.00000  1.00000  1.00000  1.00000  0.99087  1.00000
7.206225815e-01  0.99099  1.00000  1.00000  0.99993  1.00000  1.00000  1.00000  1.00000  1.00000  1.00000  1.00000  1.00000  1.00000  0.99105  1.00000
7.242256944e-01  0.99111  1.00000  1.00000  0.99988  1.00000  1.00000  1.00000  1.00000  1.00000  1.00000  1.00000  1.00000  1.00000  0.99123  1.00000
7.278468229e-01  0.99121  1.00000  1.00000  0.99981  1.00000  1.00000  1.00000  1.00000  1.00000  1.00000  1.00000  1.00000  1.00000  0.99140  1.00000
7.314860570e-01  0.99147  1.00000  1.00000  0.99991  1.00000  1.00000  1.00000  1.00000  1.00000  1.00000  1.00000  1.00000  1.00000  0.99157  1.00000
7.351434873e-01  0.99169  1.00000  1.00000  0.99996  1.00000  1.00000  1.00000  1.00000  1.00000  1.00000  1.00000  0.99999  1.00000  0.99173  1.00000
7.388192047e-01  0.99188  1.00000  1.00000  0.99999  1.00000  1.00000  1.00000  1.00000  1.00000  1.00000  1.00000  1.00000  1.00000  0.99190  1.00000
7.425133007e-01  0.99205  1.00000  1.00000  1.00000  1.00000  1.00000  1.00000  1.00000  1.00000  1.00000  1.00000  1.00000  1.00000  0.99206  1.00000
7.462258672e-01  0.99221  1.00000  1.00000  1.00000  1.00000  1.00000  1.00000  1.00000  1.00000  1.00000  1.00000  1.00000  1.00000  0.99221  1.00000
7.499569966e-01  0.99236  1.00000  1.00000  1.00000  1.00000  1.00000  1.00000  1.00000  1.00000  1.00000  1.00000  1.00000  1.00000  0.99237  1.00000
7.537067815e-01  0.99251  1.00000  1.00000  1.00000  1.00000  1.00000  1.00000  1.00000  1.00000  1.00000  1.00000  1.00000  1.00000  0.99252  1.00000
7.574753155e-01  0.99266  1.00000  1.00000  1.00000  1.00000  1.00000  1.00000  1.00000  1.00000  1.00000  1.00000  1.00000  1.00000  0.99266  1.00000
7.612626920e-01  0.99280  1.00000  1.00000  0.99999  1.00000  1.00000  1.00000  1.00000  1.00000  1.00000  1.00000  1.00000  1.00000  0.99281  1.00000
7.650690055e-01  0.99294  1.00000  1.00000  0.99999  1.00000  1.00000  1.00000  1.00000  1.00000  1.00000  1.00000  1.00000  1.00000  0.99295  1.00000
7.688943505e-01  0.99308  1.00000  1.00000  0.99999  1.00000  1.00000  1.00000  1.00000  1.00000  1.00000  1.00000  1.00000  1.00000  0.99309  1.00000
7.727388223e-01  0.99321  1.00000  1.00000  0.99999  1.00000  1.00000  1.00000  1.00000  1.00000  1.00000  1.00000  1.00000  1.00000  0.99322  1.00000
7.766025164e-01  0.99334  1.00000  1.00000  0.99998  1.00000  1.00000  1.00000  1.00000  1.00000  1.00000  1.00000  1.00000  1.00000  0.99336  1.00000
7.804855290e-01  0.99346  1.00000  1.00000  0.99997  1.00000  1.00000  1.00000  1.00000  1.00000  1.00000  1.00000  1.00000  1.00000  0.99349  1.00000
7.843879566e-01  0.99358  1.00000  1.00000  0.99996  1.00000  1.00000  1.00000  1.00000  1.00000  1.00000  1.00000  1.00000  1.00000  0.99362  1.00000
7.883098964e-01  0.99371  1.00000  1.00000  0.99997  1.00000  1.00000  1.00000  1.00000  1.00000  1.00000  1.00000  1.00000  1.00000  0.99374  1.00000
7.922514459e-01  0.99383  1.00000  1.00000  0.99996  1.00000  1.00000  1.00000  1.00000  1.00000  1.00000  1.00000  1.00000  1.00000  0.99387  1.00000
7.962127031e-01  0.99392  1.00000  1.00000  0.99995  1.00000  1.00000  1.00000  1.00000  1.00000  1.00000  1.00000  0.99998  1.00000  0.99399  1.00000
8.001937666e-01  0.99406  1.00000  1.00000  0.99996  1.00000  1.00000  1.00000  1.00000  1.00000  1.00000  1.00000  1.00000  1.00000  0.99410  1.00000
8.041947355e-01  0.99419  1.00000  1.00000  0.99997  1.00000  1.00000  1.00000  1.00000  1.00000  1.00000  1.00000  1.00000  1.00000  0.99422  1.00000
8.082157091e-01  0.99430  1.00000  1.00000  0.99998  1.00000  1.00000  1.00000  1.00000  1.00000  1.00000  1.00000  0.99998  1.00000  0.99433  1.00000
8.122567877e-01  0.99443  1.00000  1.00000  0.99999  1.00000  1.00000  1.00000  1.00000  1.00000  1.00000  1.00000  1.00000  1.00000  0.99445  1.00000
8.163180716e-01  0.99442  1.00000  1.00000  0.99999  1.00000  1.00000  1.00000  1.00000  1.00000  1.00000  1.00000  0.99987  1.00000  0.99456  1.00000
8.203996620e-01  0.99466  1.00000  1.00000  1.00000  1.00000  1.00000  1.00000  1.00000  1.00000  1.00000  1.00000  1.00000  1.00000  0.99466  1.00000
8.245016603e-01  0.99477  1.00000  1.00000  1.00000  1.00000  1.00000  1.00000  1.00000  1.00000  1.00000  1.00000  1.00000  1.00000  0.99477  1.00000
8.286241686e-01  0.99481  1.00000  1.00000  1.00000  1.00000  1.00000  1.00000  1.00000  1.00000  1.00000  1.00000  0.99994  1.00000  0.99487  1.00000
8.327672894e-01  0.99497  1.00000  1.00000  1.00000  1.00000  1.00000  1.00000  1.00000  1.00000  1.00000  1.00000  1.00000  1.00000  0.99497  1.00000
8.369311259e-01  0.99505  1.00000  1.00000  0.99998  1.00000  1.00000  1.00000  1.00000  1.00000  1.00000  1.00000  1.00000  1.00000  0.99507  1.00000
8.411157815e-01  0.99514  1.00000  1.00000  0.99997  1.00000  1.00000  1.00000  1.00000  1.00000  1.00000  1.00000  1.00000  1.00000  0.99517  1.00000
8.453213604e-01  0.99524  1.00000  1.00000  0.99998  1.00000  1.00000  1.00000  1.00000  1.00000  1.00000  1.00000  1.00000  1.00000  0.99526  1.00000
8.495479672e-01  0.99530  1.00000  1.00000  0.99998  1.00000  1.00000  1.00000  1.00000  1.00000  1.00000  1.00000  0.99995  1.00000  0.99536  1.00000
8.537957071e-01  0.99541  1.00000  1.00000  0.99997  1.00000  1.00000  1.00000  1.00000  1.00000  1.00000  1.00000  0.99999  1.00000  0.99545  1.00000
8.580646856e-01  0.99545  1.00000  1.00000  0.99991  1.00000  1.00000  1.00000  1.00000  1.00000  1.00000  1.00000  1.00000  1.00000  0.99554  1.00000
8.623550090e-01  0.99542  1.00000  1.00000  0.99980  1.00000  1.00000  1.00000  1.00000  1.00000  1.00000  1.00000  1.00000  1.00000  0.99563  1.00000
8.666667841e-01  0.99555  1.00000  1.00000  0.99983  1.00000  1.00000  1.00000  1.00000  1.00000  1.00000  1.00000  1.00000  1.00000  0.99571  1.00000
8.710001180e-01  0.99567  0.99999  1.00000  0.99988  1.00000  1.00000  1.00000  1.00000  1.00000  1.00000  1.00000  1.00000  1.00000  0.99580  1.00000
8.753551186e-01  0.99577  1.00000  1.00000  0.99989  1.00000  1.00000  1.00000  1.00000  1.00000  1.00000  1.00000  1.00000  1.00000  0.99588  1.00000
8.797318942e-01  0.99573  1.00000  1.00000  0.99977  1.00000  1.00000  1.00000  1.00000  1.00000  1.00000  1.00000  1.00000  1.00000  0.99596  1.00000
8.841305536e-01  0.99427  1.00000  1.00000  0.99822  1.00000  1.00000  1.00000  1.00000  1.00000  1.00000  1.00000  1.00000  1.00000  0.99604  1.00000
8.885512064e-01  0.99362  1.00000  1.00000  0.99749  1.00000  1.00000  1.00000  1.00000  1.00000  1.00000  1.00000  1.00000  1.00000  0.99612  1.00000
8.929939624e-01  0.99428  1.00000  1.00000  0.99808  1.00000  1.00000  1.00000  1.00000  1.00000  1.00000  1.00000  1.00000  1.00000  0.99619  1.00000
8.974589322e-01  0.99487  1.00000  1.00000  0.99859  1.00000  1.00000  1.00000  1.00000  1.00000  1.00000  1.00000  1.00000  1.00000  0.99627  1.00000
9.019462269e-01  0.99565  1.00000  1.00000  0.99930  1.00000  1.00000  1.00000  1.00000  1.00000  1.00000  1.00000  1.00000  1.00000  0.99634  1.00000
9.064559580e-01  0.99619  1.00000  1.00000  0.99977  1.00000  1.00000  1.00000  1.00000  1.00000  1.00000  1.00000  1.00000  1.00000  0.99642  1.00000
9.109882378e-01  0.99640  1.00000  1.00000  0.99991  1.00000  1.00000  1.00000  1.00000  1.00000  1.00000  1.00000  1.00000  1.00000  0.99649  1.00000
9.155431790e-01  0.99649  1.00000  1.00000  0.99993  1.00000  1.00000  1.00000  1.00000  1.00000  1.00000  1.00000  1.00000  1.00000  0.99656  1.00000
9.201208949e-01  0.99660  1.00000  1.00000  0.99998  1.00000  1.00000  1.00000  1.00000  1.00000  1.00000  1.00000  1.00000  1.00000  0.99662  1.00000
9.247214994e-01  0.99668  1.00000  1.00000  0.99999  1.00000  1.00000  1.00000  1.00000  1.00000  1.00000  1.00000  1.00000  1.00000  0.99669  1.00000
9.293451069e-01  0.99675  1.00000  1.00000  0.99999  1.00000  1.00000  1.00000  1.00000  1.00000  1.00000  1.00000  1.00000  1.00000  0.99675  1.00000
9.339918324e-01  0.99682  1.00000  1.00000  1.00000  1.00000  1.00000  1.00000  1.00000  1.00000  1.00000  1.00000  1.00000  1.00000  0.99682  1.00000
9.386617916e-01  0.99688  1.00000  1.00000  1.00000  1.00000  1.00000  1.00000  1.00000  1.00000  1.00000  1.00000  1.00000  1.00000  0.99688  1.00000
9.433551005e-01  0.99694  1.00000  1.00000  1.00000  1.00000  1.00000  1.00000  1.00000  1.00000  1.00000  1.00000  1.00000  1.00000  0.99694  1.00000
9.480718760e-01  0.99698  1.00000  1.00000  0.99999  1.00000  1.00000  1.00000  1.00000  1.00000  1.00000  1.00000  0.99999  1.00000  0.99700  1.00000
9.528122354e-01  0.99701  1.00000  1.00000  0.99996  1.00000  1.00000  1.00000  1.00000  1.00000  1.00000  1.00000  0.99998  1.00000  0.99706  1.00000
9.575762966e-01  0.99706  1.00000  1.00000  0.99995  1.00000  1.00000  1.00000  1.00000  1.00000  1.00000  1.00000  0.99999  1.00000  0.99712  1.00000
9.623641781e-01  0.99704  1.00000  1.00000  0.99986  1.00000  1.00000  1.00000  1.00000  1.00000  1.00000  1.00000  1.00000  1.00000  0.99718  1.00000
9.671759990e-01  0.99700  1.00000  1.00000  0.99976  1.00000  1.00000  1.00000  1.00000  1.00000  1.00000  1.00000  1.00000  1.00000  0.99723  1.00000
9.720118790e-01  0.99676  1.00000  1.00000  0.99947  1.00000  1.00000  1.00000  1.00000  1.00000  1.00000  1.00000  1.00000  1.00000  0.99729  1.00000
9.768719384e-01  0.99682  1.00000  1.00000  0.99948  1.00000  1.00000  1.00000  1.00000  1.00000  1.00000  1.00000  1.00000  1.00000  0.99734  1.00000
9.817562981e-01  0.99673  1.00000  1.00000  0.99933  1.00000  1.00000  1.00000  1.00000  1.00000  1.00000  1.00000  1.00000  1.00000  0.99739  1.00000
9.866650795e-01  0.99671  1.00000  1.00000  0.99926  1.00000  1.00000  1.00000  1.00000  1.00000  1.00000  1.00000  1.00000  1.00000  0.99744  1.00000
9.915984049e-01  0.99652  1.00000  1.00000  0.99902  1.00000  1.00000  1.00000  1.00000  1.00000  1.00000  1.00000  1.00000  1.00000  0.99750  1.00000
9.965563970e-01  0.99654  1.00000  1.00000  0.99899  1.00000  1.00000  1.00000  1.00000  1.00000  1.00000  1.00000  1.00000  1.00000  0.99754  1.00000
1.001539179e+00  0.99646  1.00000  1.00000  0.99895  1.00000  1.00000  1.00000  1.00000  1.00000  1.00000  1.00000  1.00000  1.00000  0.99759  0.99991
1.006546875e+00  0.99660  1.00000  1.00000  0.99909  1.00000  1.00000  1.00000  1.00000  1.00000  1.00000  1.00000  1.00000  1.00000  0.99764  0.99987
1.011579609e+00  0.99664  1.00000  1.00000  0.99913  1.00000  1.00000  1.00000  1.00000  1.00000  1.00000  1.00000  1.00000  1.00000  0.99769  0.99982
1.016637507e+00  0.99678  1.00000  1.00000  0.99927  1.00000  1.00000  1.00000  1.00000  1.00000  1.00000  1.00000  1.00000  1.00000  0.99773  0.99977
1.021720695e+00  0.99696  1.00000  1.00000  0.99946  1.00000  1.00000  1.00000  1.00000  1.00000  1.00000  1.00000  1.00000  1.00000  0.99778  0.99973
1.026829298e+00  0.99712  1.00000  1.00000  0.99965  1.00000  1.00000  1.00000  1.00000  1.00000  1.00000  1.00000  1.00000  1.00000  0.99782  0.99965
1.031963445e+00  0.99721  1.00000  1.00000  0.99979  1.00000  1.00000  1.00000  1.00000  1.00000  1.00000  1.00000  1.00000  1.00000  0.99786  0.99955
1.037123262e+00  0.99718  0.99998  1.00000  0.99988  1.00000  1.00000  1.00000  1.00000  1.00000  1.00000  1.00000  1.00000  1.00000  0.99791  0.99941
1.042308878e+00  0.99712  0.99998  1.00000  0.99993  1.00000  1.00000  1.00000  1.00000  1.00000  1.00000  1.00000  1.00000  1.00000  0.99795  0.99926
1.047520423e+00  0.99699  1.00000  1.00000  0.99996  1.00000  1.00000  1.00000  1.00000  1.00000  1.00000  1.00000  1.00000  1.00000  0.99799  0.99904
1.052758025e+00  0.99664  0.99989  1.00000  0.99999  1.00000  1.00000  1.00000  1.00000  1.00000  1.00000  1.00000  1.00000  1.00000  0.99803  0.99873
1.058021815e+00  0.99636  0.99997  1.00000  1.00000  1.00000  1.00000  1.00000  1.00000  1.00000  1.00000  1.00000  1.00000  1.00000  0.99807  0.99832
1.063311924e+00  0.99596  0.99999  1.00000  1.00000  1.00000  1.00000  1.00000  1.00000  1.00000  1.00000  1.00000  1.00000  1.00000  0.99810  0.99786
1.068628484e+00  0.99542  0.99998  1.00000  1.00000  1.00000  1.00000  1.00000  1.00000  1.00000  1.00000  1.00000  1.00000  1.00000  0.99814  0.99729
1.073971626e+00  0.99466  1.00000  1.00000  1.00000  1.00000  1.00000  1.00000  1.00000  1.00000  1.00000  1.00000  1.00000  1.00000  0.99818  0.99647
1.079341484e+00  0.99374  1.00000  1.00000  1.00000  1.00000  1.00000  1.00000  1.00000  1.00000  1.00000  1.00000  1.00000  1.00000  0.99821  0.99552
1.084738192e+00  0.99276  1.00000  1.00000  1.00000  1.00000  1.00000  1.00000  1.00000  1.00000  1.00000  1.00000  1.00000  1.00000  0.99825  0.99450
1.090161883e+00  0.99146  1.00000  1.00000  0.99998  1.00000  1.00000  1.00000  1.00000  1.00000  1.00000  1.00000  1.00000  1.00000  0.99828  0.99318
1.095612692e+00  0.98954  1.00000  1.00000  0.99990  1.00000  1.00000  1.00000  1.00000  1.00000  1.00000  1.00000  1.00000  1.00000  0.99832  0.99131
1.101090755e+00  0.98730  1.00000  1.00000  0.99988  1.00000  1.00000  1.00000  1.00000  1.00000  1.00000  1.00000  0.99999  1.00000  0.99835  0.98906
1.106596209e+00  0.98469  1.00000  1.00000  0.99988  1.00000  1.00000  1.00000  1.00000  1.00000  1.00000  1.00000  1.00000  1.00000  0.99838  0.98640
1.112129190e+00  0.98075  1.00000  1.00000  0.99960  1.00000  1.00000  1.00000  1.00000  1.00000  1.00000  1.00000  0.99999  1.00000  0.99842  0.98271
1.117689836e+00  0.97487  0.99999  1.00000  0.99885  1.00000  1.00000  1.00000  1.00000  1.00000  1.00000  1.00000  0.99986  1.00000  0.99845  0.97765
1.123278285e+00  0.96891  1.00000  1.00000  0.99760  1.00000  1.00000  1.00000  1.00000  1.00000  1.00000  1.00000  1.00000  1.00000  0.99848  0.97272
1.128894677e+00  0.96564  1.00000  1.00000  0.99531  1.00000  1.00000  1.00000  1.00000  1.00000  1.00000  1.00000  1.00000  1.00000  0.99851  0.97164
1.134539150e+00  0.96884  0.99999  1.00000  0.99637  1.00000  1.00000  1.00000  1.00000  1.00000  1.00000  1.00000  0.99998  1.00000  0.99854  0.97383
1.140211846e+00  0.96906  1.00000  1.00000  0.99570  1.00000  1.00000  1.00000  1.00000  1.00000  1.00000  1.00000  0.99976  1.00000  0.99857  0.97487
1.145912905e+00  0.96839  1.00000  1.00000  0.99705  1.00000  1.00000  1.00000  1.00000  1.00000  1.00000  1.00000  1.00000  1.00000  0.99859  0.97262
1.151642470e+00  0.96102  1.00000  1.00000  0.99427  1.00000  1.00000  1.00000  1.00000  1.00000  1.00000  1.00000  1.00000  1.00000  0.99862  0.96789
1.157400682e+00  0.95288  1.00000  1.00000  0.98860  1.00000  1.00000  1.00000  1.00000  1.00000  1.00000  1.00000  0.99987  1.00000  0.99865  0.96528
1.163187685e+00  0.95667  1.00000  1.00000  0.99012  1.00000  1.00000  1.00000  1.00000  1.00000  1.00000  1.00000  0.99843  1.00000  0.99868  0.96894
1.169003624e+00  0.96531  1.00000  1.00000  0.99061  1.00000  1.00000  1.00000  1.00000  1.00000  1.00000  1.00000  1.00000  1.00000  0.99870  0.97572
1.174848642e+00  0.97257  1.00000  1.00000  0.99391  1.00000  1.00000  1.00000  1.00000  1.00000  1.00000  1.00000  1.00000  1.00000  0.99873  0.97977
1.180722885e+00  0.97508  1.00000  1.00000  0.99648  1.00000  1.00000  1.00000  1.00000  1.00000  1.00000  1.00000  1.00000  1.00000  0.99875  0.97974
1.186626500e+00  0.97368  1.00000  1.00000  0.99748  1.00000  1.00000  1.00000  1.00000  1.00000  1.00000  1.00000  0.99994  1.00000  0.99878  0.97740
1.192559632e+00  0.97082  1.00000  1.00000  0.99751  1.00000  1.00000  1.00000  1.00000  1.00000  1.00000  1.00000  0.99910  1.00000  0.99880  0.97528
1.198522430e+00  0.97191  0.99994  1.00000  0.99892  1.00000  1.00000  1.00000  1.00000  1.00000  1.00000  1.00000  1.00000  1.00000  0.99882  0.97417
1.204515042e+00  0.97303  0.99900  1.00000  0.99926  1.00000  1.00000  1.00000  1.00000  1.00000  1.00000  1.00000  1.00000  1.00000  0.99885  0.97584
1.210537618e+00  0.97760  0.99826  1.00000  0.99968  1.00000  1.00000  1.00000  1.00000  1.00000  1.00000  1.00000  1.00000  1.00000  0.99887  0.98071
1.216590306e+00  0.98343  0.99978  1.00000  0.99980  1.00000  1.00000  1.00000  1.00000  1.00000  1.00000  1.00000  1.00000  1.00000  0.99889  0.98493
1.222673257e+00  0.98345  0.99868  1.00000  0.99989  1.00000  1.00000  1.00000  1.00000  1.00000  1.00000  1.00000  1.00000  1.00000  0.99891  0.98593
1.228786624e+00  0.98295  0.99953  1.00000  0.99990  1.00000  1.00000  1.00000  1.00000  1.00000  1.00000  1.00000  1.00000  1.00000  0.99894  0.98455
1.234930557e+00  0.98175  0.99992  1.00000  0.99987  1.00000  1.00000  1.00000  1.00000  1.00000  1.00000  1.00000  0.99992  1.00000  0.99896  0.98305
1.241105209e+00  0.98210  0.99997  1.00000  0.99993  1.00000  1.00000  1.00000  1.00000  1.00000  1.00000  1.00000  0.99859  1.00000  0.99898  0.98458
1.247310736e+00  0.98752  0.99999  1.00000  0.99996  1.00000  1.00000  1.00000  1.00000  1.00000  1.00000  1.00000  0.99983  1.00000  0.99900  0.98872
1.253547289e+00  0.99165  0.99999  1.00000  0.99998  1.00000  1.00000  1.00000  1.00000  1.00000  1.00000  1.00000  1.00000  1.00000  0.99902  0.99265
1.259815026e+00  0.99428  0.99999  1.00000  0.99999  1.00000  1.00000  1.00000  1.00000  1.00000  1.00000  1.00000  1.00000  1.00000  0.99904  0.99526
1.266114101e+00  0.99594  0.99999  1.00000  0.99999  1.00000  1.00000  1.00000  1.00000  1.00000  1.00000  1.00000  1.00000  1.00000  0.99906  0.99690
1.272444671e+00  0.99674  1.00000  1.00000  0.99999  1.00000  1.00000  1.00000  1.00000  1.00000  1.00000  1.00000  1.00000  1.00000  0.99907  0.99767
1.278806895e+00  0.99699  1.00000  1.00000  0.99999  1.00000  1.00000  1.00000  1.00000  1.00000  1.00000  1.00000  1.00000  1.00000  0.99909  0.99790
1.285200929e+00  0.99688  0.99999  1.00000  1.00000  1.00000  1.00000  1.00000  1.00000  1.00000  1.00000  1.00000  1.00000  1.00000  0.99911  0.99777
1.291626934e+00  0.99675  0.99992  1.00000  0.99999  1.00000  1.00000  1.00000  1.00000  1.00000  1.00000  1.00000  1.00000  1.00000  0.99913  0.99771
1.298085068e+00  0.99704  0.99992  1.00000  0.99997  1.00000  1.00000  1.00000  1.00000  1.00000  1.00000  1.00000  0.99994  1.00000  0.99915  0.99806
1.304575494e+00  0.99767  1.00000  1.00000  0.99986  1.00000  1.00000  1.00000  1.00000  1.00000  1.00000  1.00000  1.00000  1.00000  0.99916  0.99865
1.311098371e+00  0.99750  0.99998  1.00000  0.99922  1.00000  1.00000  1.00000  1.00000  1.00000  1.00000  1.00000  1.00000  1.00000  0.99918  0.99911
1.317653863e+00  0.99544  0.99961  1.00000  0.99724  1.00000  1.00000  1.00000  1.00000  1.00000  1.00000  1.00000  1.00000  1.00000  0.99920  0.99939
1.324242132e+00  0.99388  0.99978  1.00000  0.99536  1.00000  1.00000  1.00000  1.00000  1.00000  1.00000  1.00000  1.00000  1.00000  0.99921  0.99952
1.330863343e+00  0.99539  0.99999  1.00000  0.99657  1.00000  1.00000  1.00000  1.00000  1.00000  1.00000  1.00000  1.00000  1.00000  0.99923  0.99959
1.337517660e+00  0.98870  0.99992  1.00000  0.98990  1.00000  1.00000  1.00000  1.00000  1.00000  1.00000  1.00000  0.99996  1.00000  0.99924  0.99966
1.344205248e+00  0.99014  0.99985  1.00000  0.99128  1.00000  1.00000  1.00000  1.00000  1.00000  1.00000  1.00000  1.00000  1.00000  0.99926  0.99974
1.350926274e+00  0.99156  0.99996  1.00000  0.99250  1.00000  1.00000  1.00000  1.00000  1.00000  1.00000  1.00000  1.00000  1.00000  0.99927  0.99981
1.357680906e+00  0.98993  1.00000  1.00000  0.99077  1.00000  1.00000  1.00000  1.00000  1.00000  1.00000  1.00000  1.00000  1.00000  0.99929  0.99986
1.364469310e+00  0.99063  1.00000  1.00000  0.99145  1.00000  1.00000  1.00000  1.00000  1.00000  1.00000  1.00000  0.99999  1.00000  0.99930  0.99989
1.371291657e+00  0.99184  0.99999  1.00000  0.99267  1.00000  1.00000  1.00000  1.00000  1.00000  1.00000  1.00000  0.99995  1.00000  0.99931  0.99990
1.378148115e+00  0.98951  0.99999  1.00000  0.99028  1.00000  1.00000  1.00000  1.00000  1.00000  1.00000  1.00000  1.00000  1.00000  0.99933  0.99990
1.385038856e+00  0.98776  1.00000  1.00000  0.98858  1.00000  1.00000  1.00000  1.00000  1.00000  1.00000  1.00000  0.99992  1.00000  0.99934  0.99990
1.391964050e+00  0.98878  1.00000  1.00000  0.98953  1.00000  1.00000  1.00000  1.00000  1.00000  1.00000  1.00000  1.00000  1.00000  0.99935  0.99989
1.398923870e+00  0.99067  1.00000  1.00000  0.99146  1.00000  1.00000  1.00000  1.00000  1.00000  1.00000  1.00000  0.99994  1.00000  0.99937  0.99988
1.405918490e+00  0.98956  1.00000  1.00000  0.99030  1.00000  1.00000  1.00000  1.00000  1.00000  1.00000  1.00000  1.00000  1.00000  0.99938  0.99987
1.412948082e+00  0.98971  1.00000  1.00000  0.99045  1.00000  1.00000  1.00000  1.00000  1.00000  1.00000  1.00000  1.00000  1.00000  0.99939  0.99986
1.420012822e+00  0.99372  1.00000  1.00000  0.99448  1.00000  1.00000  1.00000  1.00000  1.00000  1.00000  1.00000  1.00000  1.00000  0.99940  0.99984
1.427112886e+00  0.99491  0.99959  1.00000  0.99608  1.00000  1.00000  1.00000  1.00000  1.00000  1.00000  1.00000  1.00000  1.00000  0.99941  0.99982
1.434248451e+00  0.95981  0.96303  1.00000  0.99734  1.00000  1.00000  1.00000  1.00000  1.00000  1.00000  1.00000  0.99998  1.00000  0.99943  0.99980
1.441419693e+00  0.96227  0.96435  1.00000  0.99851  1.00000  1.00000  1.00000  1.00000  1.00000  1.00000  1.00000  1.00000  1.00000  0.99944  0.99977
1.448626792e+00  0.99326  0.99508  1.00000  0.99896  1.00000  1.00000  1.00000  1.00000  1.00000  1.00000  1.00000  0.99999  1.00000  0.99945  0.99975
1.455869926e+00  0.99814  0.99969  1.00000  0.99927  1.00000  1.00000  1.00000  1.00000  1.00000  1.00000  1.00000  1.00000  1.00000  0.99946  0.99972
1.463149275e+00  0.99863  0.99998  1.00000  0.99949  1.00000  1.00000  1.00000  1.00000  1.00000  1.00000  1.00000  1.00000  1.00000  0.99947  0.99969
1.470465022e+00  0.99864  1.00000  1.00000  0.99951  1.00000  1.00000  1.00000  1.00000  1.00000  1.00000  1.00000  1.00000  1.00000  0.99948  0.99965
1.477817347e+00  0.99760  0.99934  1.00000  0.99916  1.00000  1.00000  1.00000  1.00000  1.00000  1.00000  1.00000  1.00000  1.00000  0.99949  0.99961
1.485206433e+00  0.99838  0.99976  1.00000  0.99954  1.00000  1.00000  1.00000  1.00000  1.00000  1.00000  1.00000  1.00000  1.00000  0.99950  0.99957
1.492632466e+00  0.99875  0.99994  1.00000  0.99978  1.00000  1.00000  1.00000  1.00000  1.00000  1.00000  1.00000  1.00000  1.00000  0.99951  0.99952
1.500095628e+00  0.99868  0.99981  1.00000  0.99987  1.00000  1.00000  1.00000  1.00000  1.00000  1.00000  1.00000  1.00000  1.00000  0.99952  0.99947
1.507596106e+00  0.99884  0.99999  1.00000  0.99991  1.00000  1.00000  1.00000  1.00000  1.00000  1.00000  1.00000  1.00000  1.00000  0.99953  0.99941
1.515134087e+00  0.99882  1.00000  1.00000  0.99993  1.00000  1.00000  1.00000  1.00000  1.00000  1.00000  1.00000  1.00000  1.00000  0.99954  0.99935
1.522709757e+00  0.99877  0.99999  1.00000  0.99996  1.00000  1.00000  1.00000  1.00000  1.00000  1.00000  1.00000  1.00000  1.00000  0.99955  0.99928
1.530323306e+00  0.99846  0.99973  1.00000  0.99997  1.00000  1.00000  1.00000  1.00000  1.00000  1.00000  1.00000  1.00000  1.00000  0.99956  0.99920
1.537974922e+00  0.99708  0.99841  1.00000  0.99998  1.00000  1.00000  1.00000  1.00000  1.00000  1.00000  1.00000  1.00000  1.00000  0.99957  0.99912
1.545664797e+00  0.99721  0.99862  1.00000  0.99998  1.00000  1.00000  1.00000  1.00000  1.00000  1.00000  1.00000  1.00000  1.00000  0.99957  0.99903
1.553393121e+00  0.99844  0.99994  1.00000  0.99999  1.00000  1.00000  1.00000  1.00000  1.00000  1.00000  1.00000  1.00000  1.00000  0.99958  0.99892
1.561160087e+00  0.99834  0.99998  1.00000  0.99999  1.00000  0.99996  1.00000  1.00000  1.00000  1.00000  1.00000  1.00000  1.00000  0.99959  0.99881
1.568965887e+00  0.99481  0.99745  1.00000  0.99999  1.00000  0.99906  1.00000  1.00000  1.00000  1.00000  1.00000  1.00000  1.00000  0.99960  0.99869
1.576810716e+00  0.98067  0.98282  1.00000  0.99999  1.00000  0.99959  1.00000  1.00000  1.00000  1.00000  1.00000  1.00000  1.00000  0.99961  0.99855
1.584694770e+00  0.98830  0.99074  1.00000  0.99999  1.00000  0.99947  1.00000  1.00000  1.00000  1.00000  1.00000  1.00000  1.00000  0.99961  0.99839
1.592618244e+00  0.99724  0.99965  1.00000  0.99999  1.00000  0.99974  1.00000  1.00000  1.00000  1.00000  1.00000  1.00000  1.00000  0.99962  0.99823
1.600581335e+00  0.99058  0.99301  1.00000  0.99994  1.00000  0.99994  1.00000  1.00000  1.00000  1.00000  1.00000  1.00000  1.00000  0.99963  0.99803
1.608584242e+00  0.98218  0.98485  1.00000  0.99983  1.00000  0.99998  1.00000  1.00000  1.00000  1.00000  1.00000  1.00000  1.00000  0.99964  0.99782
1.616627163e+00  0.98872  0.99249  1.00000  0.99895  1.00000  0.99999  1.00000  1.00000  1.00000  1.00000  1.00000  1.00000  1.00000  0.99964  0.99758
1.624710299e+00  0.99259  0.99942  1.00000  0.99618  1.00000  0.99999  1.00000  1.00000  1.00000  1.00000  1.00000  1.00000  1.00000  0.99965  0.99732
1.632833850e+00  0.98297  0.99982  1.00000  0.98642  1.00000  1.00000  1.00000  1.00000  1.00000  1.00000  1.00000  1.00000  1.00000  0.99966  0.99701
1.640998020e+00  0.96207  0.99919  1.00000  0.96623  1.00000  1.00000  1.00000  1.00000  1.00000  1.00000  1.00000  1.00000  1.00000  0.99966  0.99667
1.649203010e+00  0.95483  0.99840  1.00000  0.95981  1.00000  1.00000  1.00000  1.00000  1.00000  1.00000  1.00000  1.00000  1.00000  0.99967  0.99627
1.657449025e+00  0.96920  0.99939  1.00000  0.97402  1.00000  1.00000  1.00000  1.00000  1.00000  1.00000  1.00000  1.00000  1.00000  0.99968  0.99582
1.665736270e+00  0.94187  0.99985  1.00000  0.94671  1.00000  1.00000  1.00000  1.00000  1.00000  1.00000  1.00000  1.00000  1.00000  0.99968  0.99531
1.674064951e+00  0.97888  0.99995  1.00000  0.98442  1.00000  1.00000  1.00000  1.00000  1.00000  1.00000  1.00000  1.00000  1.00000  0.99969  0.99473
1.682435276e+00  0.97017  0.99997  1.00000  0.97626  1.00000  1.00000  1.00000  1.00000  1.00000  1.00000  1.00000  1.00000  1.00000  0.99970  0.99408
1.690847452e+00  0.97157  0.99999  1.00000  0.97835  1.00000  1.00000  1.00000  1.00000  1.00000  1.00000  1.00000  1.00000  1.00000  0.99970  0.99337
1.699301690e+00  0.96910  1.00000  1.00000  0.97668  1.00000  1.00000  1.00000  1.00000  1.00000  1.00000  1.00000  1.00000  1.00000  0.99971  0.99253
