# ------------------------------------------------------------------------
# NASA-GSFC Planetary Spectrum Generator (PSG, Villanueva et al. 2018)
# Atmospheric transmittance spectrum synthesized with PUMAS (Villanueva et al. 2018, Smith et al. 2009, Edwards 1992)
# Synthesized on Fri May  7 15:26:35 2021
# Molecules considered: SO2,CH4,H2S,CO,C2H6,H,OH,O,N2,H2,O2,H2O2,H2SO4,CO2
# Molecular sources: HIT[9],HIT[6],HIT[31],HIT[5],HIT[27],KZ[01],HIT[13],HIT[34],HIT[22],HIT[45],HIT[7],HIT[25],JPL[98001],HIT[2]
# Molecular abundances: 160,37,140,7700,610,60,0.0078,20,10,1000,0.64,370,50,90
# Molecular abundance units: ppt,ppm,ppt,ppm,ppt,ppt,ppt,ppb,pct,ppm,ppb,ppt,ppt,pct
# Collissional partners (CO2 type): Air:0%, H2:0%, He:0%, CO2:90%
# UV cross-sections included:  SO2 CH4 H2S CO C2H6 N2 H2 O2 H2O2 CO2
# Collision-Induced-Absorption:  H2-H2 
# Rayleigh scattering included
# ------------------------------------------------------------------------
# Spectral unit: Wavelength [um]
# Wave/freq Total SO2 CH4 H2S CO C2H6 H OH O N2 H2 O2 H2O2 H2SO4 CO2 Rayleigh CIA
2.000000000e-01  0.00637  0.97923  1.00000  0.98004  1.00000  1.00000  1.00000  1.00000  1.00000  1.00000  1.00000  1.00000  0.99613  1.00000  1.00000  0.00667  1.00000
2.010000000e-01  0.00659  0.97537  1.00000  0.98022  1.00000  1.00000  1.00000  1.00000  1.00000  1.00000  1.00000  1.00000  0.99634  1.00000  1.00000  0.00692  1.00000
2.020050000e-01  0.00687  0.97335  1.00000  0.98144  1.00000  1.00000  1.00000  1.00000  1.00000  1.00000  1.00000  1.00000  0.99645  1.00000  1.00000  0.00722  1.00000
2.030150250e-01  0.00727  0.98563  1.00000  0.98308  1.00000  1.00000  1.00000  1.00000  1.00000  1.00000  1.00000  1.00000  0.99655  1.00000  1.00000  0.00753  1.00000
2.040301001e-01  0.00751  0.97437  1.00000  0.98471  1.00000  1.00000  1.00000  1.00000  1.00000  1.00000  1.00000  1.00000  0.99666  1.00000  1.00000  0.00785  1.00000
2.050502506e-01  0.00783  0.97378  1.00000  0.98615  1.00000  1.00000  1.00000  1.00000  1.00000  1.00000  1.00000  1.00000  0.99676  1.00000  1.00000  0.00818  1.00000
2.060755019e-01  0.00826  0.98416  1.00000  0.98738  1.00000  1.00000  1.00000  1.00000  1.00000  1.00000  1.00000  1.00000  0.99685  1.00000  1.00000  0.00853  1.00000
2.071058794e-01  0.00854  0.97558  1.00000  0.98846  1.00000  1.00000  1.00000  1.00000  1.00000  1.00000  1.00000  1.00000  0.99693  1.00000  1.00000  0.00888  1.00000
2.081414088e-01  0.00897  0.98365  1.00000  0.98937  1.00000  1.00000  1.00000  1.00000  1.00000  1.00000  1.00000  1.00000  0.99702  1.00000  1.00000  0.00925  1.00000
2.091821158e-01  0.00938  0.98731  1.00000  0.99019  1.00000  1.00000  1.00000  1.00000  1.00000  1.00000  1.00000  1.00000  0.99710  1.00000  1.00000  0.00962  1.00000
2.102280264e-01  0.00973  0.98264  1.00000  0.99097  1.00000  1.00000  1.00000  1.00000  1.00000  1.00000  1.00000  1.00000  0.99718  1.00000  1.00000  0.01002  1.00000
2.112791665e-01  0.01022  0.99207  1.00000  0.99170  1.00000  1.00000  1.00000  1.00000  1.00000  1.00000  1.00000  1.00000  0.99727  1.00000  1.00000  0.01042  1.00000
2.123355624e-01  0.01058  0.98694  1.00000  0.99239  1.00000  1.00000  1.00000  1.00000  1.00000  1.00000  1.00000  1.00000  0.99735  1.00000  1.00000  0.01083  1.00000
2.133972402e-01  0.01101  0.98748  1.00000  0.99300  1.00000  1.00000  1.00000  1.00000  1.00000  1.00000  1.00000  1.00000  0.99744  1.00000  1.00000  0.01126  1.00000
2.144642264e-01  0.01151  0.99227  1.00000  0.99357  1.00000  1.00000  1.00000  1.00000  1.00000  1.00000  1.00000  1.00000  0.99752  1.00000  1.00000  0.01170  1.00000
2.155365475e-01  0.01193  0.98956  1.00000  0.99414  1.00000  1.00000  1.00000  1.00000  1.00000  1.00000  1.00000  1.00000  0.99760  1.00000  1.00000  0.01215  1.00000
2.166142303e-01  0.01243  0.99244  1.00000  0.99469  1.00000  1.00000  1.00000  1.00000  1.00000  1.00000  1.00000  1.00000  0.99769  1.00000  1.00000  0.01262  1.00000
2.176973014e-01  0.01295  0.99532  1.00000  0.99521  1.00000  1.00000  1.00000  1.00000  1.00000  1.00000  1.00000  1.00000  0.99778  1.00000  1.00000  0.01310  1.00000
2.187857879e-01  0.01343  0.99453  1.00000  0.99566  1.00000  1.00000  1.00000  1.00000  1.00000  1.00000  1.00000  1.00000  0.99786  1.00000  1.00000  0.01359  1.00000
2.198797169e-01  0.01397  0.99710  1.00000  0.99609  1.00000  1.00000  1.00000  1.00000  1.00000  1.00000  1.00000  1.00000  0.99794  1.00000  1.00000  0.01409  1.00000
2.209791154e-01  0.01446  0.99466  1.00000  0.99648  1.00000  1.00000  1.00000  1.00000  1.00000  1.00000  1.00000  1.00000  0.99801  1.00000  1.00000  0.01461  1.00000
2.220840110e-01  0.01502  0.99696  1.00000  0.99684  1.00000  1.00000  1.00000  1.00000  1.00000  1.00000  1.00000  1.00000  0.99809  1.00000  1.00000  0.01514  1.00000
2.231944311e-01  0.01558  0.99780  1.00000  0.99718  1.00000  1.00000  1.00000  1.00000  1.00000  1.00000  1.00000  1.00000  0.99816  1.00000  1.00000  0.01569  1.00000
2.243104032e-01  0.01614  0.99746  1.00000  0.99749  1.00000  1.00000  1.00000  1.00000  1.00000  1.00000  1.00000  1.00000  0.99823  1.00000  1.00000  0.01625  1.00000
2.254319552e-01  0.01672  0.99831  1.00000  0.99777  1.00000  1.00000  1.00000  1.00000  1.00000  1.00000  1.00000  1.00000  0.99830  1.00000  1.00000  0.01682  1.00000
2.265591150e-01  0.01735  0.99864  1.00000  0.99803  1.00000  1.00000  1.00000  1.00000  1.00000  1.00000  1.00000  1.00000  0.99836  1.00000  1.00000  0.01744  1.00000
2.276919106e-01  0.01812  0.99892  1.00000  0.99827  1.00000  1.00000  1.00000  1.00000  1.00000  1.00000  1.00000  1.00000  0.99843  1.00000  1.00000  0.01820  1.00000
2.288303701e-01  0.01892  0.99967  1.00000  0.99849  1.00000  1.00000  1.00000  1.00000  1.00000  1.00000  1.00000  1.00000  0.99849  1.00000  1.00000  0.01899  1.00000
2.299745220e-01  0.01975  0.99972  1.00000  0.99869  1.00000  1.00000  1.00000  1.00000  1.00000  1.00000  1.00000  1.00000  0.99855  1.00000  1.00000  0.01981  1.00000
2.311243946e-01  0.02060  0.99982  1.00000  0.99887  1.00000  1.00000  1.00000  1.00000  1.00000  1.00000  1.00000  1.00000  0.99861  1.00000  1.00000  0.02066  1.00000
2.322800166e-01  0.02148  0.99985  1.00000  0.99903  1.00000  1.00000  1.00000  1.00000  1.00000  1.00000  1.00000  1.00000  0.99867  1.00000  1.00000  0.02153  1.00000
2.334414167e-01  0.02239  0.99993  1.00000  0.99917  1.00000  1.00000  1.00000  1.00000  1.00000  1.00000  1.00000  1.00000  0.99873  1.00000  1.00000  0.02244  1.00000
2.346086237e-01  0.02333  0.99993  1.00000  0.99929  1.00000  1.00000  1.00000  1.00000  1.00000  1.00000  1.00000  1.00000  0.99879  1.00000  1.00000  0.02338  1.00000
2.357816669e-01  0.02430  0.99992  1.00000  0.99940  1.00000  1.00000  1.00000  1.00000  1.00000  1.00000  1.00000  1.00000  0.99884  1.00000  1.00000  0.02434  1.00000
2.369605752e-01  0.02530  0.99993  1.00000  0.99949  1.00000  1.00000  1.00000  1.00000  1.00000  1.00000  1.00000  1.00000  0.99889  1.00000  1.00000  0.02534  1.00000
2.381453781e-01  0.02633  0.99993  1.00000  0.99958  1.00000  1.00000  1.00000  1.00000  1.00000  1.00000  1.00000  1.00000  0.99894  1.00000  1.00000  0.02637  1.00000
2.393361050e-01  0.02740  0.99992  1.00000  0.99965  1.00000  1.00000  1.00000  1.00000  1.00000  1.00000  1.00000  1.00000  0.99899  1.00000  1.00000  0.02744  1.00000
2.405327855e-01  0.02849  0.99991  1.00000  0.99971  1.00000  1.00000  1.00000  1.00000  1.00000  1.00000  1.00000  1.00000  0.99903  1.00000  1.00000  0.02853  1.00000
2.417354494e-01  0.02963  0.99991  1.00000  0.99976  1.00000  1.00000  1.00000  1.00000  1.00000  1.00000  1.00000  1.00000  0.99908  1.00000  1.00000  0.02966  1.00000
2.429441267e-01  0.03079  0.99990  1.00000  0.99980  1.00000  1.00000  1.00000  1.00000  1.00000  1.00000  1.00000  1.00000  0.99912  1.00000  1.00000  0.03083  1.00000
2.441588473e-01  0.03199  0.99986  1.00000  0.99984  1.00000  1.00000  1.00000  1.00000  1.00000  1.00000  1.00000  1.00000  0.99916  1.00000  1.00000  0.03203  1.00000
2.453796415e-01  0.03322  0.99977  1.00000  0.99987  1.00000  1.00000  1.00000  1.00000  1.00000  1.00000  1.00000  1.00000  0.99920  1.00000  1.00000  0.03326  1.00000
2.466065397e-01  0.03449  0.99978  1.00000  0.99990  1.00000  1.00000  1.00000  1.00000  1.00000  1.00000  1.00000  1.00000  0.99924  1.00000  1.00000  0.03453  1.00000
2.478395724e-01  0.03579  0.99976  1.00000  0.99992  1.00000  1.00000  1.00000  1.00000  1.00000  1.00000  1.00000  1.00000  0.99928  1.00000  1.00000  0.03583  1.00000
2.490787703e-01  0.03713  0.99974  1.00000  0.99994  1.00000  1.00000  1.00000  1.00000  1.00000  1.00000  1.00000  1.00000  0.99931  1.00000  1.00000  0.03717  1.00000
2.503241642e-01  0.03850  0.99964  1.00000  0.99995  1.00000  1.00000  1.00000  1.00000  1.00000  1.00000  1.00000  1.00000  0.99935  1.00000  1.00000  0.03854  1.00000
2.515757850e-01  0.03991  0.99957  1.00000  0.99996  1.00000  1.00000  1.00000  1.00000  1.00000  1.00000  1.00000  1.00000  0.99938  1.00000  1.00000  0.03995  1.00000
2.528336639e-01  0.04135  0.99956  1.00000  0.99997  1.00000  1.00000  1.00000  1.00000  1.00000  1.00000  1.00000  1.00000  0.99941  1.00000  1.00000  0.04140  1.00000
2.540978322e-01  0.04283  0.99945  1.00000  0.99998  1.00000  1.00000  1.00000  1.00000  1.00000  1.00000  1.00000  1.00000  0.99944  1.00000  1.00000  0.04288  1.00000
2.553683214e-01  0.04434  0.99929  1.00000  0.99998  1.00000  1.00000  1.00000  1.00000  1.00000  1.00000  1.00000  1.00000  0.99947  1.00000  1.00000  0.04440  1.00000
2.566451630e-01  0.04609  0.99936  1.00000  0.99999  1.00000  1.00000  1.00000  1.00000  1.00000  1.00000  1.00000  1.00000  0.99950  1.00000  1.00000  0.04614  1.00000
2.579283888e-01  0.04810  0.99923  1.00000  0.99999  1.00000  1.00000  1.00000  1.00000  1.00000  1.00000  1.00000  1.00000  0.99953  1.00000  1.00000  0.04816  1.00000
2.592180307e-01  0.05020  0.99915  1.00000  1.00000  1.00000  1.00000  1.00000  1.00000  1.00000  1.00000  1.00000  1.00000  0.99956  1.00000  1.00000  0.05027  1.00000
2.605141209e-01  0.05238  0.99904  1.00000  1.00000  1.00000  1.00000  1.00000  1.00000  1.00000  1.00000  1.00000  1.00000  0.99959  1.00000  1.00000  0.05245  1.00000
2.618166915e-01  0.05463  0.99890  1.00000  1.00000  1.00000  1.00000  1.00000  1.00000  1.00000  1.00000  1.00000  1.00000  0.99961  1.00000  1.00000  0.05471  1.00000
2.631257750e-01  0.05697  0.99893  1.00000  1.00000  1.00000  1.00000  1.00000  1.00000  1.00000  1.00000  1.00000  1.00000  0.99963  1.00000  1.00000  0.05705  1.00000
2.644414038e-01  0.05937  0.99874  1.00000  1.00000  1.00000  1.00000  1.00000  1.00000  1.00000  1.00000  1.00000  1.00000  0.99966  1.00000  1.00000  0.05947  1.00000
2.657636109e-01  0.06186  0.99864  1.00000  1.00000  1.00000  1.00000  1.00000  1.00000  1.00000  1.00000  1.00000  1.00000  0.99968  1.00000  1.00000  0.06197  1.00000
2.670924289e-01  0.06444  0.99848  1.00000  1.00000  1.00000  1.00000  1.00000  1.00000  1.00000  1.00000  1.00000  1.00000  0.99970  1.00000  1.00000  0.06455  1.00000
2.684278911e-01  0.06709  0.99835  1.00000  1.00000  1.00000  1.00000  1.00000  1.00000  1.00000  1.00000  1.00000  1.00000  0.99972  1.00000  1.00000  0.06722  1.00000
2.697700305e-01  0.06982  0.99825  1.00000  1.00000  1.00000  1.00000  1.00000  1.00000  1.00000  1.00000  1.00000  1.00000  0.99973  1.00000  1.00000  0.06996  1.00000
2.711188807e-01  0.07265  0.99815  1.00000  1.00000  1.00000  1.00000  1.00000  1.00000  1.00000  1.00000  1.00000  1.00000  0.99975  1.00000  1.00000  0.07280  1.00000
2.724744751e-01  0.07555  0.99783  1.00000  1.00000  1.00000  1.00000  1.00000  1.00000  1.00000  1.00000  1.00000  1.00000  0.99977  1.00000  1.00000  0.07573  1.00000
2.738368474e-01  0.07856  0.99775  1.00000  1.00000  1.00000  1.00000  1.00000  1.00000  1.00000  1.00000  1.00000  1.00000  0.99978  1.00000  1.00000  0.07876  1.00000
2.752060317e-01  0.08166  0.99766  1.00000  1.00000  1.00000  1.00000  1.00000  1.00000  1.00000  1.00000  1.00000  1.00000  0.99979  1.00000  1.00000  0.08187  1.00000
2.765820618e-01  0.08486  0.99760  1.00000  1.00000  1.00000  1.00000  1.00000  1.00000  1.00000  1.00000  1.00000  1.00000  0.99981  1.00000  1.00000  0.08508  1.00000
2.779649721e-01  0.08814  0.99743  1.00000  1.00000  1.00000  1.00000  1.00000  1.00000  1.00000  1.00000  1.00000  1.00000  0.99982  1.00000  1.00000  0.08838  1.00000
2.793547970e-01  0.09151  0.99726  1.00000  1.00000  1.00000  1.00000  1.00000  1.00000  1.00000  1.00000  1.00000  1.00000  0.99983  1.00000  1.00000  0.09177  1.00000
2.807515710e-01  0.09499  0.99728  1.00000  1.00000  1.00000  1.00000  1.00000  1.00000  1.00000  1.00000  1.00000  1.00000  0.99985  1.00000  1.00000  0.09526  1.00000
2.821553288e-01  0.09855  0.99713  1.00000  1.00000  1.00000  1.00000  1.00000  1.00000  1.00000  1.00000  1.00000  1.00000  0.99986  1.00000  1.00000  0.09885  1.00000
2.835661055e-01  0.10221  0.99704  1.00000  1.00000  1.00000  1.00000  1.00000  1.00000  1.00000  1.00000  1.00000  1.00000  0.99987  1.00000  1.00000  0.10253  1.00000
2.849839360e-01  0.10598  0.99698  1.00000  1.00000  1.00000  1.00000  1.00000  1.00000  1.00000  1.00000  1.00000  1.00000  0.99988  1.00000  1.00000  0.10631  1.00000
2.864088557e-01  0.10987  0.99722  1.00000  1.00000  1.00000  1.00000  1.00000  1.00000  1.00000  1.00000  1.00000  1.00000  0.99989  1.00000  1.00000  0.11019  1.00000
2.878409000e-01  0.11382  0.99706  1.00000  1.00000  1.00000  1.00000  1.00000  1.00000  1.00000  1.00000  1.00000  1.00000  0.99989  1.00000  1.00000  0.11417  1.00000
2.892801045e-01  0.11788  0.99702  1.00000  1.00000  1.00000  1.00000  1.00000  1.00000  1.00000  1.00000  1.00000  1.00000  0.99990  1.00000  1.00000  0.11824  1.00000
2.907265050e-01  0.12205  0.99711  1.00000  1.00000  1.00000  1.00000  1.00000  1.00000  1.00000  1.00000  1.00000  1.00000  0.99991  1.00000  1.00000  0.12241  1.00000
2.921801375e-01  0.12631  0.99719  1.00000  1.00000  1.00000  1.00000  1.00000  1.00000  1.00000  1.00000  1.00000  1.00000  0.99991  1.00000  1.00000  0.12668  1.00000
2.936410382e-01  0.13069  0.99730  1.00000  1.00000  1.00000  1.00000  1.00000  1.00000  1.00000  1.00000  1.00000  1.00000  0.99992  1.00000  1.00000  0.13105  1.00000
2.951092434e-01  0.13522  0.99788  1.00000  1.00000  1.00000  1.00000  1.00000  1.00000  1.00000  1.00000  1.00000  1.00000  0.99993  1.00000  1.00000  0.13552  1.00000
2.965847896e-01  0.13974  0.99758  1.00000  1.00000  1.00000  1.00000  1.00000  1.00000  1.00000  1.00000  1.00000  1.00000  0.99993  1.00000  1.00000  0.14008  1.00000
2.980677136e-01  0.14436  0.99737  1.00000  1.00000  1.00000  1.00000  1.00000  1.00000  1.00000  1.00000  1.00000  1.00000  0.99994  1.00000  1.00000  0.14474  1.00000
2.995580521e-01  0.14917  0.99780  1.00000  1.00000  1.00000  1.00000  1.00000  1.00000  1.00000  1.00000  1.00000  1.00000  0.99994  1.00000  1.00000  0.14951  1.00000
3.010558424e-01  0.15413  0.99858  1.00000  1.00000  1.00000  1.00000  1.00000  1.00000  1.00000  1.00000  1.00000  1.00000  0.99995  1.00000  1.00000  0.15436  1.00000
3.025611216e-01  0.15904  0.99833  1.00000  1.00000  1.00000  1.00000  1.00000  1.00000  1.00000  1.00000  1.00000  1.00000  0.99995  1.00000  1.00000  0.15931  1.00000
3.040739272e-01  0.16409  0.99848  1.00000  1.00000  1.00000  1.00000  1.00000  1.00000  1.00000  1.00000  1.00000  1.00000  0.99996  1.00000  1.00000  0.16435  1.00000
3.055942969e-01  0.16925  0.99896  1.00000  1.00000  1.00000  1.00000  1.00000  1.00000  1.00000  1.00000  1.00000  1.00000  0.99996  1.00000  1.00000  0.16943  1.00000
3.071222683e-01  0.17444  0.99877  1.00000  1.00000  1.00000  1.00000  1.00000  1.00000  1.00000  1.00000  1.00000  1.00000  0.99996  1.00000  1.00000  0.17466  1.00000
3.086578797e-01  0.17980  0.99901  1.00000  1.00000  1.00000  1.00000  1.00000  0.99999  1.00000  1.00000  1.00000  1.00000  0.99997  1.00000  1.00000  0.17998  1.00000
3.102011691e-01  0.18525  0.99927  1.00000  1.00000  1.00000  1.00000  1.00000  1.00000  1.00000  1.00000  1.00000  1.00000  0.99997  1.00000  1.00000  0.18539  1.00000
3.117521749e-01  0.19076  0.99937  1.00000  1.00000  1.00000  1.00000  1.00000  1.00000  1.00000  1.00000  1.00000  1.00000  0.99997  1.00000  1.00000  0.19089  1.00000
3.133109358e-01  0.19635  0.99941  1.00000  1.00000  1.00000  1.00000  1.00000  1.00000  1.00000  1.00000  1.00000  1.00000  0.99997  1.00000  1.00000  0.19647  1.00000
3.148774905e-01  0.20205  0.99962  1.00000  1.00000  1.00000  1.00000  1.00000  1.00000  1.00000  1.00000  1.00000  1.00000  0.99998  1.00000  1.00000  0.20214  1.00000
3.164518779e-01  0.20781  0.99968  1.00000  1.00000  1.00000  1.00000  1.00000  1.00000  1.00000  1.00000  1.00000  1.00000  0.99998  1.00000  1.00000  0.20788  1.00000
3.180341373e-01  0.21365  0.99973  1.00000  1.00000  1.00000  1.00000  1.00000  1.00000  1.00000  1.00000  1.00000  1.00000  0.99998  1.00000  1.00000  0.21371  1.00000
3.196243080e-01  0.21957  0.99982  1.00000  1.00000  1.00000  1.00000  1.00000  1.00000  1.00000  1.00000  1.00000  1.00000  0.99998  1.00000  1.00000  0.21962  1.00000
3.212224295e-01  0.22557  0.99988  1.00000  1.00000  1.00000  1.00000  1.00000  1.00000  1.00000  1.00000  1.00000  1.00000  0.99998  1.00000  1.00000  0.22560  1.00000
3.228285417e-01  0.23163  0.99991  1.00000  1.00000  1.00000  1.00000  1.00000  1.00000  1.00000  1.00000  1.00000  1.00000  0.99998  1.00000  1.00000  0.23165  1.00000
3.244426844e-01  0.23777  0.99995  1.00000  1.00000  1.00000  1.00000  1.00000  1.00000  1.00000  1.00000  1.00000  1.00000  0.99999  1.00000  1.00000  0.23778  1.00000
3.260648978e-01  0.24396  0.99997  1.00000  1.00000  1.00000  1.00000  1.00000  1.00000  1.00000  1.00000  1.00000  1.00000  0.99999  1.00000  1.00000  0.24397  1.00000
3.276952223e-01  0.25023  0.99998  1.00000  1.00000  1.00000  1.00000  1.00000  1.00000  1.00000  1.00000  1.00000  1.00000  0.99999  1.00000  1.00000  0.25023  1.00000
3.293336984e-01  0.25655  0.99999  1.00000  1.00000  1.00000  1.00000  1.00000  1.00000  1.00000  1.00000  1.00000  1.00000  0.99999  1.00000  1.00000  0.25656  1.00000
3.309803669e-01  0.26294  0.99999  1.00000  1.00000  1.00000  1.00000  1.00000  1.00000  1.00000  1.00000  1.00000  1.00000  0.99999  1.00000  1.00000  0.26294  1.00000
3.326352688e-01  0.26938  0.99999  1.00000  1.00000  1.00000  1.00000  1.00000  1.00000  1.00000  1.00000  1.00000  1.00000  0.99999  1.00000  1.00000  0.26939  1.00000
3.342984451e-01  0.27588  1.00000  1.00000  1.00000  1.00000  1.00000  1.00000  1.00000  1.00000  1.00000  1.00000  1.00000  0.99999  1.00000  1.00000  0.27589  1.00000
3.359699373e-01  0.28244  1.00000  1.00000  1.00000  1.00000  1.00000  1.00000  1.00000  1.00000  1.00000  1.00000  1.00000  0.99999  1.00000  1.00000  0.28244  1.00000
3.376497870e-01  0.28904  1.00000  1.00000  1.00000  1.00000  1.00000  1.00000  1.00000  1.00000  1.00000  1.00000  1.00000  0.99999  1.00000  1.00000  0.28904  1.00000
3.393380359e-01  0.29569  1.00000  1.00000  1.00000  1.00000  1.00000  1.00000  1.00000  1.00000  1.00000  1.00000  1.00000  0.99999  1.00000  1.00000  0.29569  1.00000
3.410347261e-01  0.30238  1.00000  1.00000  1.00000  1.00000  1.00000  1.00000  1.00000  1.00000  1.00000  1.00000  1.00000  0.99999  1.00000  1.00000  0.30238  1.00000
3.427398998e-01  0.30911  1.00000  1.00000  1.00000  1.00000  1.00000  1.00000  1.00000  1.00000  1.00000  1.00000  1.00000  0.99999  1.00000  1.00000  0.30912  1.00000
3.444535992e-01  0.31589  1.00000  1.00000  1.00000  1.00000  1.00000  1.00000  1.00000  1.00000  1.00000  1.00000  1.00000  0.99999  1.00000  1.00000  0.31589  1.00000
3.461758672e-01  0.32269  1.00000  1.00000  1.00000  1.00000  1.00000  1.00000  1.00000  1.00000  1.00000  1.00000  1.00000  1.00000  1.00000  1.00000  0.32269  1.00000
3.479067466e-01  0.32946  1.00000  1.00000  1.00000  1.00000  1.00000  1.00000  1.00000  1.00000  1.00000  1.00000  1.00000  1.00000  1.00000  1.00000  0.32946  1.00000
3.496462803e-01  0.33630  1.00000  1.00000  1.00000  1.00000  1.00000  1.00000  1.00000  1.00000  1.00000  1.00000  1.00000  1.00000  1.00000  1.00000  0.33630  1.00000
3.513945117e-01  0.34320  1.00000  1.00000  1.00000  1.00000  1.00000  1.00000  1.00000  1.00000  1.00000  1.00000  1.00000  1.00000  1.00000  1.00000  0.34320  1.00000
3.531514843e-01  0.35012  1.00000  1.00000  1.00000  1.00000  1.00000  1.00000  1.00000  1.00000  1.00000  1.00000  1.00000  1.00000  1.00000  1.00000  0.35012  1.00000
3.549172417e-01  0.35706  1.00000  1.00000  1.00000  1.00000  1.00000  1.00000  1.00000  1.00000  1.00000  1.00000  1.00000  1.00000  1.00000  1.00000  0.35706  1.00000
3.566918279e-01  0.36402  1.00000  1.00000  1.00000  1.00000  1.00000  1.00000  1.00000  1.00000  1.00000  1.00000  1.00000  1.00000  1.00000  1.00000  0.36402  1.00000
3.584752870e-01  0.37099  1.00000  1.00000  1.00000  1.00000  1.00000  1.00000  1.00000  1.00000  1.00000  1.00000  1.00000  1.00000  1.00000  1.00000  0.37100  1.00000
3.602676635e-01  0.37798  1.00000  1.00000  1.00000  1.00000  1.00000  1.00000  1.00000  1.00000  1.00000  1.00000  1.00000  1.00000  1.00000  1.00000  0.37798  1.00000
3.620690018e-01  0.38497  1.00000  1.00000  1.00000  1.00000  1.00000  1.00000  1.00000  1.00000  1.00000  1.00000  1.00000  1.00000  1.00000  1.00000  0.38497  1.00000
3.638793468e-01  0.39197  1.00000  1.00000  1.00000  1.00000  1.00000  1.00000  1.00000  1.00000  1.00000  1.00000  1.00000  1.00000  1.00000  1.00000  0.39198  1.00000
3.656987435e-01  0.39898  1.00000  1.00000  1.00000  1.00000  1.00000  1.00000  1.00000  1.00000  1.00000  1.00000  1.00000  1.00000  1.00000  1.00000  0.39898  1.00000
3.675272373e-01  0.40598  1.00000  1.00000  1.00000  1.00000  1.00000  1.00000  1.00000  1.00000  1.00000  1.00000  1.00000  1.00000  1.00000  1.00000  0.40598  1.00000
3.693648734e-01  0.41298  1.00000  1.00000  1.00000  1.00000  1.00000  1.00000  1.00000  1.00000  1.00000  1.00000  1.00000  1.00000  1.00000  1.00000  0.41298  1.00000
3.712116978e-01  0.41998  1.00000  1.00000  1.00000  1.00000  1.00000  1.00000  1.00000  1.00000  1.00000  1.00000  1.00000  1.00000  1.00000  1.00000  0.41998  1.00000
3.730677563e-01  0.42696  1.00000  1.00000  1.00000  1.00000  1.00000  1.00000  1.00000  1.00000  1.00000  1.00000  1.00000  1.00000  1.00000  1.00000  0.42696  1.00000
3.749330951e-01  0.43394  1.00000  1.00000  1.00000  1.00000  1.00000  1.00000  1.00000  1.00000  1.00000  1.00000  1.00000  1.00000  1.00000  1.00000  0.43394  1.00000
3.768077606e-01  0.44091  1.00000  1.00000  1.00000  1.00000  1.00000  1.00000  1.00000  1.00000  1.00000  1.00000  1.00000  1.00000  1.00000  1.00000  0.44091  1.00000
3.786917994e-01  0.44786  1.00000  1.00000  1.00000  1.00000  1.00000  1.00000  1.00000  1.00000  1.00000  1.00000  1.00000  1.00000  1.00000  1.00000  0.44786  1.00000
3.805852584e-01  0.45479  1.00000  1.00000  1.00000  1.00000  1.00000  1.00000  1.00000  1.00000  1.00000  1.00000  1.00000  1.00000  1.00000  1.00000  0.45479  1.00000
3.824881846e-01  0.46170  1.00000  1.00000  1.00000  1.00000  1.00000  1.00000  1.00000  1.00000  1.00000  1.00000  1.00000  1.00000  1.00000  1.00000  0.46170  1.00000
3.844006256e-01  0.46859  1.00000  1.00000  1.00000  1.00000  1.00000  1.00000  1.00000  1.00000  1.00000  1.00000  1.00000  1.00000  1.00000  1.00000  0.46859  1.00000
3.863226287e-01  0.47545  1.00000  1.00000  1.00000  1.00000  1.00000  1.00000  1.00000  1.00000  1.00000  1.00000  1.00000  1.00000  1.00000  1.00000  0.47545  1.00000
3.882542418e-01  0.48229  1.00000  1.00000  1.00000  1.00000  1.00000  1.00000  1.00000  1.00000  1.00000  1.00000  1.00000  1.00000  1.00000  1.00000  0.48229  1.00000
3.901955131e-01  0.48910  1.00000  1.00000  1.00000  1.00000  1.00000  1.00000  1.00000  1.00000  1.00000  1.00000  1.00000  1.00000  1.00000  1.00000  0.48910  1.00000
3.921464906e-01  0.49588  1.00000  1.00000  1.00000  1.00000  1.00000  1.00000  1.00000  1.00000  1.00000  1.00000  1.00000  1.00000  1.00000  1.00000  0.49588  1.00000
3.941072231e-01  0.50246  1.00000  1.00000  1.00000  1.00000  1.00000  1.00000  1.00000  1.00000  1.00000  1.00000  1.00000  1.00000  1.00000  1.00000  0.50246  1.00000
3.960777592e-01  0.50918  1.00000  1.00000  1.00000  1.00000  1.00000  1.00000  1.00000  1.00000  1.00000  1.00000  1.00000  1.00000  1.00000  1.00000  0.50918  1.00000
3.980581480e-01  0.51586  1.00000  1.00000  1.00000  1.00000  1.00000  1.00000  1.00000  1.00000  1.00000  1.00000  1.00000  1.00000  1.00000  1.00000  0.51586  1.00000
4.000484387e-01  0.52251  1.00000  1.00000  1.00000  1.00000  1.00000  1.00000  1.00000  1.00000  1.00000  1.00000  1.00000  1.00000  1.00000  1.00000  0.52251  1.00000
4.020486809e-01  0.52911  1.00000  1.00000  1.00000  1.00000  1.00000  1.00000  1.00000  1.00000  1.00000  1.00000  1.00000  1.00000  1.00000  1.00000  0.52911  1.00000
4.040589243e-01  0.53567  1.00000  1.00000  1.00000  1.00000  1.00000  1.00000  1.00000  1.00000  1.00000  1.00000  1.00000  1.00000  1.00000  1.00000  0.53567  1.00000
4.060792189e-01  0.54219  1.00000  1.00000  1.00000  1.00000  1.00000  1.00000  1.00000  1.00000  1.00000  1.00000  1.00000  1.00000  1.00000  1.00000  0.54219  1.00000
4.081096150e-01  0.54866  1.00000  1.00000  1.00000  1.00000  1.00000  1.00000  1.00000  1.00000  1.00000  1.00000  1.00000  1.00000  1.00000  1.00000  0.54866  1.00000
4.101501631e-01  0.55510  1.00000  1.00000  1.00000  1.00000  1.00000  1.00000  1.00000  1.00000  1.00000  1.00000  1.00000  1.00000  1.00000  1.00000  0.55510  1.00000
4.122009139e-01  0.56147  1.00000  1.00000  1.00000  1.00000  1.00000  1.00000  1.00000  1.00000  1.00000  1.00000  1.00000  1.00000  1.00000  1.00000  0.56147  1.00000
4.142619185e-01  0.56781  1.00000  1.00000  1.00000  1.00000  1.00000  1.00000  1.00000  1.00000  1.00000  1.00000  1.00000  1.00000  1.00000  1.00000  0.56781  1.00000
4.163332281e-01  0.57409  1.00000  1.00000  1.00000  1.00000  1.00000  1.00000  1.00000  1.00000  1.00000  1.00000  1.00000  1.00000  1.00000  1.00000  0.57409  1.00000
4.184148942e-01  0.58032  1.00000  1.00000  1.00000  1.00000  1.00000  1.00000  1.00000  1.00000  1.00000  1.00000  1.00000  1.00000  1.00000  1.00000  0.58032  1.00000
4.205069687e-01  0.58650  1.00000  1.00000  1.00000  1.00000  1.00000  1.00000  1.00000  1.00000  1.00000  1.00000  1.00000  1.00000  1.00000  1.00000  0.58650  1.00000
4.226095035e-01  0.59263  1.00000  1.00000  1.00000  1.00000  1.00000  1.00000  1.00000  1.00000  1.00000  1.00000  1.00000  1.00000  1.00000  1.00000  0.59263  1.00000
4.247225511e-01  0.59870  1.00000  1.00000  1.00000  1.00000  1.00000  1.00000  1.00000  1.00000  1.00000  1.00000  1.00000  1.00000  1.00000  1.00000  0.59870  1.00000
4.268461638e-01  0.60472  1.00000  1.00000  1.00000  1.00000  1.00000  1.00000  1.00000  1.00000  1.00000  1.00000  1.00000  1.00000  1.00000  1.00000  0.60472  1.00000
4.289803946e-01  0.61068  1.00000  1.00000  1.00000  1.00000  1.00000  1.00000  1.00000  1.00000  1.00000  1.00000  1.00000  1.00000  1.00000  1.00000  0.61068  1.00000
4.311252966e-01  0.61659  1.00000  1.00000  1.00000  1.00000  1.00000  1.00000  1.00000  1.00000  1.00000  1.00000  1.00000  1.00000  1.00000  1.00000  0.61659  1.00000
4.332809231e-01  0.62243  1.00000  1.00000  1.00000  1.00000  1.00000  1.00000  1.00000  1.00000  1.00000  1.00000  1.00000  1.00000  1.00000  1.00000  0.62243  1.00000
4.354473277e-01  0.62823  1.00000  1.00000  1.00000  1.00000  1.00000  1.00000  1.00000  1.00000  1.00000  1.00000  1.00000  1.00000  1.00000  1.00000  0.62823  1.00000
4.376245643e-01  0.63396  1.00000  1.00000  1.00000  1.00000  1.00000  1.00000  1.00000  1.00000  1.00000  1.00000  1.00000  1.00000  1.00000  1.00000  0.63396  1.00000
4.398126872e-01  0.63963  1.00000  1.00000  1.00000  1.00000  1.00000  1.00000  1.00000  1.00000  1.00000  1.00000  1.00000  1.00000  1.00000  1.00000  0.63963  1.00000
4.420117506e-01  0.64525  1.00000  1.00000  1.00000  1.00000  1.00000  1.00000  1.00000  1.00000  1.00000  1.00000  1.00000  1.00000  1.00000  1.00000  0.64525  1.00000
4.442218094e-01  0.65080  1.00000  1.00000  1.00000  1.00000  1.00000  1.00000  1.00000  1.00000  1.00000  1.00000  1.00000  1.00000  1.00000  1.00000  0.65080  1.00000
4.464429184e-01  0.65630  1.00000  1.00000  1.00000  1.00000  1.00000  1.00000  1.00000  1.00000  1.00000  1.00000  1.00000  1.00000  1.00000  1.00000  0.65630  1.00000
4.486751330e-01  0.66173  1.00000  1.00000  1.00000  1.00000  1.00000  1.00000  1.00000  1.00000  1.00000  1.00000  1.00000  1.00000  1.00000  1.00000  0.66173  1.00000
4.509185087e-01  0.66690  1.00000  1.00000  1.00000  1.00000  1.00000  1.00000  1.00000  1.00000  1.00000  1.00000  1.00000  1.00000  1.00000  1.00000  0.66690  1.00000
4.531731012e-01  0.67221  1.00000  1.00000  1.00000  1.00000  1.00000  1.00000  1.00000  1.00000  1.00000  1.00000  1.00000  1.00000  1.00000  1.00000  0.67221  1.00000
4.554389667e-01  0.67747  1.00000  1.00000  1.00000  1.00000  1.00000  1.00000  1.00000  1.00000  1.00000  1.00000  1.00000  1.00000  1.00000  1.00000  0.67747  1.00000
4.577161615e-01  0.68267  1.00000  1.00000  1.00000  1.00000  1.00000  1.00000  1.00000  1.00000  1.00000  1.00000  1.00000  1.00000  1.00000  1.00000  0.68267  1.00000
4.600047424e-01  0.68781  1.00000  1.00000  1.00000  1.00000  1.00000  1.00000  1.00000  1.00000  1.00000  1.00000  1.00000  1.00000  1.00000  1.00000  0.68781  1.00000
4.623047661e-01  0.69288  1.00000  1.00000  1.00000  1.00000  1.00000  1.00000  1.00000  1.00000  1.00000  1.00000  1.00000  1.00000  1.00000  1.00000  0.69288  1.00000
4.646162899e-01  0.69789  1.00000  1.00000  1.00000  1.00000  1.00000  1.00000  1.00000  1.00000  1.00000  1.00000  1.00000  1.00000  1.00000  1.00000  0.69789  1.00000
4.669393713e-01  0.70285  1.00000  1.00000  1.00000  1.00000  1.00000  1.00000  1.00000  1.00000  1.00000  1.00000  1.00000  1.00000  1.00000  1.00000  0.70285  1.00000
4.692740682e-01  0.70773  1.00000  1.00000  1.00000  1.00000  1.00000  1.00000  1.00000  1.00000  1.00000  1.00000  1.00000  1.00000  1.00000  1.00000  0.70773  1.00000
4.716204385e-01  0.71256  1.00000  1.00000  1.00000  1.00000  1.00000  1.00000  1.00000  1.00000  1.00000  1.00000  1.00000  1.00000  1.00000  1.00000  0.71256  1.00000
4.739785407e-01  0.71732  1.00000  1.00000  1.00000  1.00000  1.00000  1.00000  1.00000  1.00000  1.00000  1.00000  1.00000  1.00000  1.00000  1.00000  0.71732  1.00000
4.763484334e-01  0.72202  1.00000  1.00000  1.00000  1.00000  1.00000  1.00000  1.00000  1.00000  1.00000  1.00000  1.00000  1.00000  1.00000  1.00000  0.72202  1.00000
4.787301756e-01  0.72666  1.00000  1.00000  1.00000  1.00000  1.00000  1.00000  1.00000  1.00000  1.00000  1.00000  1.00000  1.00000  1.00000  1.00000  0.72666  1.00000
4.811238265e-01  0.73124  1.00000  1.00000  1.00000  1.00000  1.00000  1.00000  1.00000  1.00000  1.00000  1.00000  1.00000  1.00000  1.00000  1.00000  0.73124  1.00000
4.835294456e-01  0.73575  1.00000  0.99999  1.00000  1.00000  1.00000  1.00000  1.00000  1.00000  1.00000  1.00000  1.00000  1.00000  1.00000  1.00000  0.73576  1.00000
4.859470928e-01  0.74021  1.00000  0.99999  1.00000  1.00000  1.00000  1.00000  1.00000  1.00000  1.00000  1.00000  1.00000  1.00000  1.00000  1.00000  0.74021  1.00000
4.883768283e-01  0.74461  1.00000  1.00000  1.00000  1.00000  1.00000  1.00000  1.00000  1.00000  1.00000  1.00000  1.00000  1.00000  1.00000  1.00000  0.74461  1.00000
4.908187124e-01  0.74894  1.00000  1.00000  1.00000  1.00000  1.00000  1.00000  1.00000  1.00000  1.00000  1.00000  1.00000  1.00000  1.00000  1.00000  0.74894  1.00000
4.932728060e-01  0.75322  1.00000  1.00000  1.00000  1.00000  1.00000  1.00000  1.00000  1.00000  1.00000  1.00000  1.00000  1.00000  1.00000  1.00000  0.75322  1.00000
4.957391700e-01  0.75743  1.00000  1.00000  1.00000  1.00000  1.00000  1.00000  1.00000  1.00000  1.00000  1.00000  1.00000  1.00000  1.00000  1.00000  0.75743  1.00000
4.982178659e-01  0.76158  1.00000  1.00000  1.00000  1.00000  1.00000  1.00000  1.00000  1.00000  1.00000  1.00000  1.00000  1.00000  1.00000  1.00000  0.76158  1.00000
5.007089552e-01  0.76568  1.00000  1.00000  1.00000  1.00000  1.00000  1.00000  1.00000  1.00000  1.00000  1.00000  1.00000  1.00000  1.00000  1.00000  0.76568  1.00000
5.032125000e-01  0.76972  1.00000  1.00000  1.00000  1.00000  1.00000  1.00000  1.00000  1.00000  1.00000  1.00000  1.00000  1.00000  1.00000  1.00000  0.76972  1.00000
5.057285625e-01  0.77370  1.00000  1.00000  1.00000  1.00000  1.00000  1.00000  1.00000  1.00000  1.00000  1.00000  1.00000  1.00000  1.00000  1.00000  0.77370  1.00000
5.082572053e-01  0.77754  1.00000  1.00000  1.00000  1.00000  1.00000  1.00000  1.00000  1.00000  1.00000  1.00000  1.00000  1.00000  1.00000  1.00000  0.77754  1.00000
5.107984913e-01  0.78125  1.00000  1.00000  1.00000  1.00000  1.00000  1.00000  1.00000  1.00000  1.00000  1.00000  1.00000  1.00000  1.00000  1.00000  0.78125  1.00000
5.133524838e-01  0.78505  1.00000  1.00000  1.00000  1.00000  1.00000  1.00000  1.00000  1.00000  1.00000  1.00000  1.00000  1.00000  1.00000  1.00000  0.78505  1.00000
5.159192462e-01  0.78881  1.00000  1.00000  1.00000  1.00000  1.00000  1.00000  1.00000  1.00000  1.00000  1.00000  1.00000  1.00000  1.00000  1.00000  0.78881  1.00000
5.184988424e-01  0.79252  1.00000  1.00000  1.00000  1.00000  1.00000  1.00000  1.00000  1.00000  1.00000  1.00000  1.00000  1.00000  1.00000  1.00000  0.79252  1.00000
5.210913367e-01  0.79617  1.00000  1.00000  1.00000  1.00000  1.00000  1.00000  1.00000  1.00000  1.00000  1.00000  1.00000  1.00000  1.00000  1.00000  0.79617  1.00000
5.236967933e-01  0.79976  1.00000  1.00000  1.00000  1.00000  1.00000  1.00000  1.00000  1.00000  1.00000  1.00000  1.00000  1.00000  1.00000  1.00000  0.79976  1.00000
5.263152773e-01  0.80330  1.00000  1.00000  1.00000  1.00000  1.00000  1.00000  1.00000  1.00000  1.00000  1.00000  1.00000  1.00000  1.00000  1.00000  0.80330  1.00000
5.289468537e-01  0.80678  1.00000  1.00000  1.00000  1.00000  1.00000  1.00000  1.00000  1.00000  1.00000  1.00000  1.00000  1.00000  1.00000  1.00000  0.80678  1.00000
5.315915880e-01  0.81021  1.00000  1.00000  1.00000  1.00000  1.00000  1.00000  1.00000  1.00000  1.00000  1.00000  1.00000  1.00000  1.00000  1.00000  0.81021  1.00000
5.342495459e-01  0.81358  1.00000  0.99999  1.00000  1.00000  1.00000  1.00000  1.00000  1.00000  1.00000  1.00000  1.00000  1.00000  1.00000  1.00000  0.81358  1.00000
5.369207936e-01  0.81690  1.00000  0.99999  1.00000  1.00000  1.00000  1.00000  1.00000  1.00000  1.00000  1.00000  1.00000  1.00000  1.00000  1.00000  0.81691  1.00000
5.396053976e-01  0.82016  1.00000  0.99998  1.00000  1.00000  1.00000  1.00000  1.00000  1.00000  1.00000  1.00000  1.00000  1.00000  1.00000  1.00000  0.82017  1.00000
5.423034246e-01  0.82336  1.00000  0.99996  1.00000  1.00000  1.00000  1.00000  1.00000  1.00000  1.00000  1.00000  1.00000  1.00000  1.00000  1.00000  0.82339  1.00000
5.450149417e-01  0.82654  1.00000  0.99997  1.00000  1.00000  1.00000  1.00000  1.00000  1.00000  1.00000  1.00000  1.00000  1.00000  1.00000  1.00000  0.82656  1.00000
5.477400164e-01  0.82967  1.00000  1.00000  1.00000  1.00000  1.00000  1.00000  1.00000  1.00000  1.00000  1.00000  1.00000  1.00000  1.00000  1.00000  0.82967  1.00000
5.504787165e-01  0.83274  1.00000  1.00000  1.00000  1.00000  1.00000  1.00000  1.00000  1.00000  1.00000  1.00000  1.00000  1.00000  1.00000  1.00000  0.83274  1.00000
5.532311101e-01  0.83576  1.00000  1.00000  1.00000  1.00000  1.00000  1.00000  1.00000  1.00000  1.00000  1.00000  1.00000  1.00000  1.00000  1.00000  0.83576  1.00000
5.559972656e-01  0.83872  1.00000  1.00000  1.00000  1.00000  1.00000  1.00000  1.00000  1.00000  1.00000  1.00000  1.00000  1.00000  1.00000  1.00000  0.83873  1.00000
5.587772520e-01  0.84164  1.00000  1.00000  1.00000  1.00000  1.00000  1.00000  1.00000  1.00000  1.00000  1.00000  1.00000  1.00000  1.00000  1.00000  0.84164  1.00000
5.615711382e-01  0.84451  1.00000  1.00000  1.00000  1.00000  1.00000  1.00000  1.00000  1.00000  1.00000  1.00000  1.00000  1.00000  1.00000  1.00000  0.84451  1.00000
5.643789939e-01  0.84734  1.00000  1.00000  1.00000  1.00000  1.00000  1.00000  1.00000  1.00000  1.00000  1.00000  1.00000  1.00000  1.00000  1.00000  0.84734  1.00000
5.672008889e-01  0.85011  1.00000  1.00000  1.00000  1.00000  1.00000  1.00000  1.00000  1.00000  1.00000  1.00000  1.00000  1.00000  1.00000  1.00000  0.85012  1.00000
5.700368933e-01  0.85284  1.00000  0.99999  1.00000  1.00000  1.00000  1.00000  1.00000  1.00000  1.00000  1.00000  1.00000  1.00000  1.00000  1.00000  0.85285  1.00000
5.728870778e-01  0.85553  1.00000  0.99999  1.00000  1.00000  1.00000  1.00000  1.00000  1.00000  1.00000  1.00000  1.00000  1.00000  1.00000  1.00000  0.85553  1.00000
5.757515132e-01  0.85816  1.00000  0.99999  1.00000  1.00000  1.00000  1.00000  1.00000  1.00000  1.00000  1.00000  1.00000  1.00000  1.00000  1.00000  0.85817  1.00000
5.786302707e-01  0.86076  1.00000  0.99999  1.00000  1.00000  1.00000  1.00000  1.00000  1.00000  1.00000  1.00000  1.00000  1.00000  1.00000  1.00000  0.86077  1.00000
5.815234221e-01  0.86332  1.00000  1.00000  1.00000  1.00000  1.00000  1.00000  1.00000  1.00000  1.00000  1.00000  1.00000  1.00000  1.00000  1.00000  0.86332  1.00000
5.844310392e-01  0.86583  1.00000  1.00000  1.00000  1.00000  1.00000  1.00000  1.00000  1.00000  1.00000  1.00000  1.00000  1.00000  1.00000  1.00000  0.86583  1.00000
5.873531944e-01  0.86830  1.00000  1.00000  1.00000  1.00000  1.00000  1.00000  1.00000  1.00000  1.00000  1.00000  1.00000  1.00000  1.00000  1.00000  0.86830  1.00000
5.902899604e-01  0.87072  1.00000  1.00000  1.00000  1.00000  1.00000  1.00000  1.00000  1.00000  1.00000  1.00000  1.00000  1.00000  1.00000  1.00000  0.87073  1.00000
5.932414102e-01  0.87310  1.00000  0.99999  1.00000  1.00000  1.00000  1.00000  1.00000  1.00000  1.00000  1.00000  1.00000  1.00000  1.00000  1.00000  0.87311  1.00000
5.962076172e-01  0.87545  1.00000  0.99999  1.00000  1.00000  1.00000  1.00000  1.00000  1.00000  1.00000  1.00000  1.00000  1.00000  1.00000  1.00000  0.87545  1.00000
5.991886553e-01  0.87775  1.00000  0.99999  1.00000  1.00000  1.00000  1.00000  1.00000  1.00000  1.00000  1.00000  1.00000  1.00000  1.00000  1.00000  0.87775  1.00000
6.021845986e-01  0.88002  1.00000  1.00000  1.00000  1.00000  1.00000  1.00000  1.00000  1.00000  1.00000  1.00000  1.00000  1.00000  1.00000  1.00000  0.88002  1.00000
6.051955216e-01  0.88224  1.00000  1.00000  1.00000  1.00000  1.00000  1.00000  1.00000  1.00000  1.00000  1.00000  1.00000  1.00000  1.00000  1.00000  0.88224  1.00000
6.082214992e-01  0.88442  1.00000  0.99999  1.00000  1.00000  1.00000  1.00000  1.00000  1.00000  1.00000  1.00000  1.00000  1.00000  1.00000  1.00000  0.88443  1.00000
6.112626067e-01  0.88656  1.00000  0.99998  1.00000  1.00000  1.00000  1.00000  1.00000  1.00000  1.00000  1.00000  1.00000  1.00000  1.00000  1.00000  0.88658  1.00000
6.143189197e-01  0.88862  1.00000  0.99992  1.00000  1.00000  1.00000  1.00000  1.00000  1.00000  1.00000  1.00000  1.00000  1.00000  1.00000  1.00000  0.88869  1.00000
6.173905143e-01  0.89063  1.00000  0.99985  1.00000  1.00000  1.00000  1.00000  1.00000  1.00000  1.00000  1.00000  1.00000  1.00000  1.00000  1.00000  0.89076  1.00000
6.204774669e-01  0.89264  1.00000  0.99982  1.00000  1.00000  1.00000  1.00000  1.00000  1.00000  1.00000  1.00000  1.00000  1.00000  1.00000  1.00000  0.89280  1.00000
6.235798542e-01  0.89473  1.00000  0.99992  1.00000  1.00000  1.00000  1.00000  1.00000  1.00000  1.00000  1.00000  1.00000  1.00000  1.00000  1.00000  0.89480  1.00000
6.266977535e-01  0.89675  1.00000  0.99998  1.00000  1.00000  1.00000  1.00000  1.00000  1.00000  1.00000  1.00000  1.00000  1.00000  1.00000  1.00000  0.89677  1.00000
6.298312423e-01  0.89870  1.00000  1.00000  1.00000  1.00000  1.00000  1.00000  1.00000  1.00000  1.00000  1.00000  1.00000  1.00000  1.00000  1.00000  0.89870  1.00000
6.329803985e-01  0.90060  1.00000  1.00000  1.00000  1.00000  1.00000  1.00000  1.00000  1.00000  1.00000  1.00000  1.00000  1.00000  1.00000  1.00000  0.90060  1.00000
6.361453005e-01  0.90246  1.00000  1.00000  1.00000  1.00000  1.00000  1.00000  1.00000  1.00000  1.00000  1.00000  1.00000  1.00000  1.00000  1.00000  0.90246  1.00000
6.393260270e-01  0.90429  1.00000  1.00000  1.00000  1.00000  1.00000  1.00000  1.00000  1.00000  1.00000  1.00000  1.00000  1.00000  1.00000  1.00000  0.90429  1.00000
6.425226571e-01  0.90609  1.00000  0.99999  1.00000  1.00000  1.00000  1.00000  1.00000  1.00000  1.00000  1.00000  1.00000  1.00000  1.00000  1.00000  0.90609  1.00000
6.457352704e-01  0.90785  1.00000  0.99999  1.00000  1.00000  1.00000  1.00000  1.00000  1.00000  1.00000  1.00000  1.00000  1.00000  1.00000  1.00000  0.90786  1.00000
6.489639467e-01  0.90959  1.00000  0.99999  1.00000  1.00000  1.00000  1.00000  1.00000  1.00000  1.00000  1.00000  1.00000  1.00000  1.00000  1.00000  0.90959  1.00000
6.522087665e-01  0.91129  1.00000  0.99999  1.00000  1.00000  1.00000  1.00000  1.00000  1.00000  1.00000  1.00000  1.00000  1.00000  1.00000  1.00000  0.91130  1.00000
6.554698103e-01  0.91295  1.00000  0.99998  1.00000  1.00000  1.00000  1.00000  1.00000  1.00000  1.00000  1.00000  1.00000  1.00000  1.00000  1.00000  0.91297  1.00000
6.587471594e-01  0.91459  1.00000  0.99997  1.00000  1.00000  1.00000  1.00000  1.00000  1.00000  1.00000  1.00000  1.00000  1.00000  1.00000  1.00000  0.91462  1.00000
6.620408952e-01  0.91620  1.00000  0.99996  1.00000  1.00000  1.00000  1.00000  1.00000  1.00000  1.00000  1.00000  1.00000  1.00000  1.00000  1.00000  0.91623  1.00000
6.653510996e-01  0.91776  1.00000  0.99994  1.00000  1.00000  1.00000  1.00000  1.00000  1.00000  1.00000  1.00000  1.00000  1.00000  1.00000  1.00000  0.91781  1.00000
6.686778551e-01  0.91933  1.00000  0.99995  1.00000  1.00000  1.00000  1.00000  1.00000  1.00000  1.00000  1.00000  1.00000  1.00000  1.00000  1.00000  0.91937  1.00000
6.720212444e-01  0.92088  1.00000  0.99998  1.00000  1.00000  1.00000  1.00000  1.00000  1.00000  1.00000  1.00000  1.00000  1.00000  1.00000  1.00000  0.92090  1.00000
6.753813506e-01  0.92239  1.00000  0.99999  1.00000  1.00000  1.00000  1.00000  1.00000  1.00000  1.00000  1.00000  1.00000  1.00000  1.00000  1.00000  0.92240  1.00000
6.787582574e-01  0.92387  1.00000  1.00000  1.00000  1.00000  1.00000  1.00000  1.00000  1.00000  1.00000  1.00000  1.00000  1.00000  1.00000  1.00000  0.92387  1.00000
6.821520487e-01  0.92530  1.00000  0.99999  1.00000  1.00000  1.00000  1.00000  1.00000  1.00000  1.00000  1.00000  1.00000  1.00000  1.00000  1.00000  0.92532  1.00000
6.855628089e-01  0.92673  1.00000  0.99999  1.00000  1.00000  1.00000  1.00000  1.00000  1.00000  1.00000  1.00000  1.00000  1.00000  1.00000  1.00000  0.92674  1.00000
6.889906230e-01  0.92812  1.00000  0.99999  1.00000  1.00000  1.00000  1.00000  1.00000  1.00000  1.00000  1.00000  1.00000  1.00000  1.00000  1.00000  0.92813  1.00000
6.924355761e-01  0.92949  1.00000  0.99999  1.00000  1.00000  1.00000  1.00000  1.00000  1.00000  1.00000  1.00000  1.00000  1.00000  1.00000  1.00000  0.92950  1.00000
6.958977540e-01  0.93082  1.00000  0.99998  1.00000  1.00000  1.00000  1.00000  1.00000  1.00000  1.00000  1.00000  1.00000  1.00000  1.00000  1.00000  0.93084  1.00000
6.993772427e-01  0.93211  1.00000  0.99994  1.00000  1.00000  1.00000  1.00000  1.00000  1.00000  1.00000  1.00000  1.00000  1.00000  1.00000  1.00000  0.93216  1.00000
7.028741289e-01  0.93336  1.00000  0.99990  1.00000  1.00000  1.00000  1.00000  1.00000  1.00000  1.00000  1.00000  1.00000  1.00000  1.00000  1.00000  0.93346  1.00000
7.063884996e-01  0.93466  1.00000  0.99993  1.00000  1.00000  1.00000  1.00000  1.00000  1.00000  1.00000  1.00000  1.00000  1.00000  1.00000  0.99999  0.93473  1.00000
7.099204421e-01  0.93563  1.00000  0.99996  1.00000  1.00000  1.00000  1.00000  1.00000  1.00000  1.00000  1.00000  1.00000  1.00000  1.00000  0.99967  0.93597  1.00000
7.134700443e-01  0.93612  1.00000  0.99997  1.00000  1.00000  1.00000  1.00000  1.00000  1.00000  1.00000  1.00000  1.00000  1.00000  1.00000  0.99888  0.93720  1.00000
7.170373945e-01  0.93599  1.00000  0.99986  1.00000  1.00000  1.00000  1.00000  1.00000  1.00000  1.00000  1.00000  1.00000  1.00000  1.00000  0.99758  0.93840  1.00000
7.206225815e-01  0.93843  1.00000  0.99960  1.00000  1.00000  1.00000  1.00000  1.00000  1.00000  1.00000  1.00000  1.00000  1.00000  1.00000  0.99918  0.93958  1.00000
7.242256944e-01  0.93949  1.00000  0.99924  1.00000  1.00000  1.00000  1.00000  1.00000  1.00000  1.00000  1.00000  1.00000  1.00000  1.00000  0.99943  0.94074  1.00000
7.278468229e-01  0.94068  1.00000  0.99883  1.00000  1.00000  1.00000  1.00000  1.00000  1.00000  1.00000  1.00000  1.00000  1.00000  1.00000  0.99990  0.94187  1.00000
7.314860570e-01  0.94240  1.00000  0.99942  1.00000  1.00000  1.00000  1.00000  1.00000  1.00000  1.00000  1.00000  1.00000  1.00000  1.00000  0.99996  0.94299  1.00000
7.351434873e-01  0.94384  1.00000  0.99978  1.00000  1.00000  1.00000  1.00000  1.00000  1.00000  1.00000  1.00000  1.00000  1.00000  1.00000  0.99997  0.94408  1.00000
7.388192047e-01  0.94508  1.00000  0.99992  1.00000  1.00000  1.00000  1.00000  1.00000  1.00000  1.00000  1.00000  1.00000  1.00000  1.00000  0.99999  0.94515  1.00000
7.425133007e-01  0.94620  1.00000  0.99999  1.00000  1.00000  1.00000  1.00000  1.00000  1.00000  1.00000  1.00000  1.00000  1.00000  1.00000  1.00000  0.94621  1.00000
7.462258672e-01  0.94724  1.00000  0.99999  1.00000  1.00000  1.00000  1.00000  1.00000  1.00000  1.00000  1.00000  1.00000  1.00000  1.00000  1.00000  0.94724  1.00000
7.499569966e-01  0.94825  1.00000  1.00000  1.00000  1.00000  1.00000  1.00000  1.00000  1.00000  1.00000  1.00000  1.00000  1.00000  1.00000  1.00000  0.94826  1.00000
7.537067815e-01  0.94925  1.00000  1.00000  1.00000  1.00000  1.00000  1.00000  1.00000  1.00000  1.00000  1.00000  1.00000  1.00000  1.00000  1.00000  0.94925  1.00000
7.574753155e-01  0.95022  1.00000  0.99999  1.00000  1.00000  1.00000  1.00000  1.00000  1.00000  1.00000  1.00000  1.00000  1.00000  1.00000  1.00000  0.95023  1.00000
7.612626920e-01  0.95116  1.00000  0.99997  1.00000  1.00000  1.00000  1.00000  1.00000  1.00000  1.00000  1.00000  1.00000  1.00000  1.00000  1.00000  0.95119  1.00000
7.650690055e-01  0.95209  1.00000  0.99996  1.00000  1.00000  1.00000  1.00000  1.00000  1.00000  1.00000  1.00000  1.00000  1.00000  1.00000  1.00000  0.95213  1.00000
7.688943505e-01  0.95301  1.00000  0.99995  1.00000  1.00000  1.00000  1.00000  1.00000  1.00000  1.00000  1.00000  1.00000  1.00000  1.00000  1.00000  0.95305  1.00000
7.727388223e-01  0.95390  1.00000  0.99994  1.00000  1.00000  1.00000  1.00000  1.00000  1.00000  1.00000  1.00000  1.00000  1.00000  1.00000  1.00000  0.95396  1.00000
7.766025164e-01  0.95476  1.00000  0.99991  1.00000  1.00000  1.00000  1.00000  1.00000  1.00000  1.00000  1.00000  1.00000  1.00000  1.00000  1.00000  0.95485  1.00000
7.804855290e-01  0.95554  1.00000  0.99981  1.00000  1.00000  1.00000  1.00000  1.00000  1.00000  1.00000  1.00000  1.00000  1.00000  1.00000  1.00000  0.95572  1.00000
7.843879566e-01  0.93829  1.00000  0.99977  1.00000  1.00000  1.00000  1.00000  1.00000  1.00000  1.00000  1.00000  1.00000  1.00000  1.00000  0.98112  0.95657  1.00000
7.883098964e-01  0.95504  1.00000  0.99982  1.00000  1.00000  1.00000  1.00000  1.00000  1.00000  1.00000  1.00000  1.00000  1.00000  1.00000  0.99770  0.95741  1.00000
7.922514459e-01  0.94870  1.00000  0.99979  1.00000  1.00000  1.00000  1.00000  1.00000  1.00000  1.00000  1.00000  1.00000  1.00000  1.00000  0.99026  0.95823  1.00000
7.962127031e-01  0.95797  1.00000  0.99970  1.00000  1.00000  1.00000  1.00000  1.00000  1.00000  1.00000  1.00000  1.00000  1.00000  1.00000  0.99917  0.95904  1.00000
8.001937666e-01  0.95951  1.00000  0.99973  1.00000  1.00000  1.00000  1.00000  1.00000  1.00000  1.00000  1.00000  1.00000  1.00000  1.00000  0.99993  0.95984  1.00000
8.041947355e-01  0.96017  1.00000  0.99981  1.00000  1.00000  1.00000  1.00000  1.00000  1.00000  1.00000  1.00000  1.00000  1.00000  1.00000  0.99973  0.96061  1.00000
8.082157091e-01  0.96120  1.00000  0.99988  1.00000  1.00000  1.00000  1.00000  1.00000  1.00000  1.00000  1.00000  1.00000  1.00000  1.00000  0.99994  0.96138  1.00000
8.122567877e-01  0.96198  1.00000  0.99993  1.00000  1.00000  1.00000  1.00000  1.00000  1.00000  1.00000  1.00000  1.00000  1.00000  1.00000  0.99992  0.96212  1.00000
8.163180716e-01  0.96282  1.00000  0.99996  1.00000  1.00000  1.00000  1.00000  1.00000  1.00000  1.00000  1.00000  1.00000  1.00000  1.00000  0.99999  0.96286  1.00000
8.203996620e-01  0.96349  1.00000  0.99998  1.00000  1.00000  1.00000  1.00000  1.00000  1.00000  1.00000  1.00000  1.00000  1.00000  1.00000  0.99992  0.96358  1.00000
8.245016603e-01  0.96419  1.00000  0.99999  1.00000  1.00000  1.00000  1.00000  1.00000  1.00000  1.00000  1.00000  1.00000  1.00000  1.00000  0.99991  0.96428  1.00000
8.286241686e-01  0.96497  1.00000  0.99999  1.00000  1.00000  1.00000  1.00000  1.00000  1.00000  1.00000  1.00000  1.00000  1.00000  1.00000  1.00000  0.96498  1.00000
8.327672894e-01  0.96527  1.00000  0.99999  1.00000  1.00000  1.00000  1.00000  1.00000  1.00000  1.00000  1.00000  1.00000  1.00000  1.00000  0.99961  0.96566  1.00000
8.369311259e-01  0.96619  1.00000  0.99988  1.00000  1.00000  1.00000  1.00000  1.00000  1.00000  1.00000  1.00000  1.00000  1.00000  1.00000  0.99999  0.96632  1.00000
8.411157815e-01  0.96665  1.00000  0.99980  1.00000  1.00000  1.00000  1.00000  1.00000  1.00000  1.00000  1.00000  1.00000  1.00000  1.00000  0.99986  0.96698  1.00000
8.453213604e-01  0.96749  1.00000  0.99987  1.00000  1.00000  1.00000  1.00000  1.00000  1.00000  1.00000  1.00000  1.00000  1.00000  1.00000  0.99999  0.96762  1.00000
8.495479672e-01  0.96816  1.00000  0.99991  1.00000  1.00000  1.00000  1.00000  1.00000  1.00000  1.00000  1.00000  1.00000  1.00000  1.00000  1.00000  0.96825  1.00000
8.537957071e-01  0.96867  1.00000  0.99981  1.00000  1.00000  1.00000  1.00000  1.00000  1.00000  1.00000  1.00000  1.00000  1.00000  1.00000  0.99999  0.96887  1.00000
8.580646856e-01  0.96895  1.00000  0.99946  1.00000  1.00000  1.00000  1.00000  1.00000  1.00000  1.00000  1.00000  1.00000  1.00000  1.00000  1.00000  0.96947  1.00000
8.623550090e-01  0.96885  1.00000  0.99874  1.00000  1.00000  1.00000  1.00000  1.00000  1.00000  1.00000  1.00000  1.00000  1.00000  1.00000  1.00000  0.97007  1.00000
8.666667841e-01  0.96965  1.00000  0.99898  1.00000  1.00000  1.00000  1.00000  1.00000  1.00000  1.00000  1.00000  1.00000  1.00000  1.00000  0.99999  0.97065  1.00000
8.710001180e-01  0.90629  1.00000  0.99926  1.00000  1.00000  1.00000  1.00000  1.00000  1.00000  1.00000  1.00000  1.00000  1.00000  1.00000  0.93381  0.97122  1.00000
8.753551186e-01  0.94929  1.00000  0.99932  1.00000  1.00000  1.00000  1.00000  1.00000  1.00000  1.00000  1.00000  1.00000  1.00000  1.00000  0.97751  0.97178  1.00000
8.797318942e-01  0.96893  1.00000  0.99855  1.00000  1.00000  1.00000  1.00000  1.00000  1.00000  1.00000  1.00000  1.00000  1.00000  1.00000  0.99795  0.97233  1.00000
8.841305536e-01  0.96194  1.00000  0.98887  1.00000  1.00000  1.00000  1.00000  1.00000  1.00000  1.00000  1.00000  1.00000  1.00000  1.00000  0.99990  0.97287  1.00000
8.885512064e-01  0.95813  1.00000  0.98431  1.00000  1.00000  1.00000  1.00000  1.00000  1.00000  1.00000  1.00000  1.00000  1.00000  1.00000  1.00000  0.97340  1.00000
8.929939624e-01  0.96175  1.00000  0.98798  1.00000  1.00000  1.00000  1.00000  1.00000  1.00000  1.00000  1.00000  1.00000  1.00000  1.00000  0.99952  0.97392  1.00000
8.974589322e-01  0.96516  1.00000  0.99117  1.00000  1.00000  1.00000  1.00000  1.00000  1.00000  1.00000  1.00000  1.00000  1.00000  1.00000  0.99931  0.97442  1.00000
9.019462269e-01  0.97052  1.00000  0.99558  1.00000  1.00000  1.00000  1.00000  1.00000  1.00000  1.00000  1.00000  1.00000  1.00000  1.00000  0.99990  0.97492  1.00000
9.064559580e-01  0.97401  1.00000  0.99856  1.00000  1.00000  1.00000  1.00000  1.00000  1.00000  1.00000  1.00000  1.00000  1.00000  1.00000  1.00000  0.97541  1.00000
9.109882378e-01  0.97359  1.00000  0.99943  1.00000  1.00000  1.00000  1.00000  1.00000  1.00000  1.00000  1.00000  1.00000  1.00000  1.00000  0.99821  0.97589  1.00000
9.155431790e-01  0.97550  1.00000  0.99960  1.00000  1.00000  1.00000  1.00000  1.00000  1.00000  1.00000  1.00000  1.00000  1.00000  1.00000  0.99952  0.97636  1.00000
9.201208949e-01  0.97400  1.00000  0.99986  1.00000  1.00000  1.00000  1.00000  1.00000  1.00000  1.00000  1.00000  1.00000  1.00000  1.00000  0.99724  0.97682  1.00000
9.247214994e-01  0.95840  1.00000  0.99994  1.00000  1.00000  1.00000  1.00000  1.00000  1.00000  1.00000  1.00000  1.00000  1.00000  1.00000  0.98075  0.97728  1.00000
9.293451069e-01  0.97534  1.00000  0.99997  1.00000  1.00000  1.00000  1.00000  1.00000  1.00000  1.00000  1.00000  1.00000  1.00000  1.00000  0.99760  0.97772  1.00000
9.339918324e-01  0.96245  1.00000  0.99999  1.00000  1.00000  1.00000  1.00000  1.00000  1.00000  1.00000  1.00000  1.00000  1.00000  1.00000  0.98395  0.97816  1.00000
9.386617916e-01  0.97506  1.00000  0.99999  1.00000  1.00000  1.00000  1.00000  1.00000  1.00000  1.00000  1.00000  1.00000  1.00000  1.00000  0.99641  0.97858  1.00000
9.433551005e-01  0.97851  1.00000  0.99998  1.00000  1.00000  1.00000  1.00000  1.00000  1.00000  1.00000  1.00000  1.00000  1.00000  1.00000  0.99952  0.97900  1.00000
9.480718760e-01  0.97829  1.00000  0.99992  1.00000  1.00000  1.00000  1.00000  1.00000  1.00000  1.00000  1.00000  1.00000  1.00000  1.00000  0.99893  0.97941  1.00000
9.528122354e-01  0.97937  1.00000  0.99977  1.00000  1.00000  1.00000  1.00000  1.00000  1.00000  1.00000  1.00000  1.00000  1.00000  1.00000  0.99977  0.97981  1.00000
9.575762966e-01  0.97986  1.00000  0.99970  1.00000  1.00000  1.00000  1.00000  1.00000  1.00000  1.00000  1.00000  1.00000  1.00000  1.00000  0.99994  0.98021  1.00000
9.623641781e-01  0.97976  1.00000  0.99916  1.00000  0.99999  1.00000  1.00000  1.00000  1.00000  1.00000  1.00000  1.00000  1.00000  1.00000  1.00000  0.98060  1.00000
9.671759990e-01  0.97940  1.00000  0.99855  1.00000  1.00000  1.00000  1.00000  1.00000  1.00000  1.00000  1.00000  1.00000  1.00000  1.00000  0.99984  0.98097  1.00000
9.720118790e-01  0.97816  1.00000  0.99678  1.00000  1.00000  1.00000  1.00000  1.00000  1.00000  1.00000  1.00000  1.00000  1.00000  1.00000  0.99998  0.98135  1.00000
9.768719384e-01  0.97859  1.00000  0.99682  1.00000  1.00000  1.00000  1.00000  1.00000  1.00000  1.00000  1.00000  1.00000  1.00000  1.00000  1.00000  0.98171  1.00000
9.817562981e-01  0.97716  1.00000  0.99593  1.00000  1.00000  1.00000  1.00000  1.00000  1.00000  1.00000  1.00000  1.00000  1.00000  1.00000  0.99907  0.98207  1.00000
9.866650795e-01  0.97771  1.00000  0.99552  1.00000  1.00000  1.00000  1.00000  1.00000  1.00000  1.00000  1.00000  1.00000  1.00000  1.00000  0.99968  0.98242  1.00000
9.915984049e-01  0.97688  1.00000  0.99403  1.00000  1.00000  1.00000  1.00000  1.00000  1.00000  1.00000  1.00000  1.00000  1.00000  1.00000  0.99997  0.98277  1.00000
9.965563970e-01  0.97640  1.00000  0.99385  1.00000  1.00000  1.00000  1.00000  1.00000  1.00000  1.00000  1.00000  1.00000  1.00000  1.00000  0.99932  0.98310  1.00000
1.001539179e+00  0.97708  1.00000  0.99362  1.00000  1.00000  1.00000  1.00000  1.00000  1.00000  1.00000  1.00000  1.00000  1.00000  1.00000  0.99992  0.98343  1.00000
1.006546875e+00  0.97830  1.00000  0.99445  1.00000  1.00000  1.00000  1.00000  1.00000  1.00000  1.00000  1.00000  1.00000  1.00000  1.00000  1.00000  0.98376  1.00000
1.011579609e+00  0.97877  1.00000  0.99469  1.00000  1.00000  1.00000  1.00000  1.00000  1.00000  1.00000  1.00000  1.00000  1.00000  1.00000  0.99991  0.98408  1.00000
1.016637507e+00  0.97997  1.00000  0.99557  1.00000  1.00000  1.00000  1.00000  1.00000  1.00000  1.00000  1.00000  1.00000  1.00000  1.00000  0.99993  0.98439  1.00000
1.021720695e+00  0.98143  1.00000  0.99669  1.00000  1.00000  1.00000  1.00000  1.00000  1.00000  1.00000  1.00000  1.00000  1.00000  1.00000  0.99999  0.98469  1.00000
1.026829298e+00  0.98287  1.00000  0.99784  1.00000  1.00000  1.00000  1.00000  1.00000  1.00000  1.00000  1.00000  1.00000  1.00000  1.00000  1.00000  0.98499  1.00000
1.031963445e+00  0.98405  1.00000  0.99875  1.00000  1.00000  1.00000  1.00000  1.00000  1.00000  1.00000  1.00000  1.00000  1.00000  1.00000  0.99999  0.98529  1.00000
1.037123262e+00  0.89297  1.00000  0.99927  1.00000  1.00000  1.00000  1.00000  1.00000  1.00000  1.00000  1.00000  1.00000  1.00000  1.00000  0.90671  0.98558  1.00000
1.042308878e+00  0.86120  1.00000  0.99961  1.00000  1.00000  1.00000  1.00000  1.00000  1.00000  1.00000  1.00000  1.00000  1.00000  1.00000  0.87386  0.98586  1.00000
1.047520423e+00  0.96330  1.00000  0.99978  1.00000  1.00000  1.00000  1.00000  1.00000  1.00000  1.00000  1.00000  1.00000  1.00000  1.00000  0.97705  0.98614  1.00000
1.052758025e+00  0.63780  1.00000  0.99997  1.00000  1.00000  1.00000  1.00000  1.00000  1.00000  1.00000  1.00000  1.00000  1.00000  1.00000  0.64661  0.98641  1.00000
1.058021815e+00  0.87015  1.00000  1.00000  1.00000  1.00000  1.00000  1.00000  1.00000  1.00000  1.00000  1.00000  1.00000  1.00000  1.00000  0.88189  0.98668  1.00000
1.063311924e+00  0.92269  1.00000  1.00000  1.00000  1.00000  1.00000  1.00000  1.00000  1.00000  1.00000  1.00000  1.00000  1.00000  1.00000  0.93490  0.98694  1.00000
1.068628484e+00  0.87680  1.00000  1.00000  1.00000  1.00000  1.00000  1.00000  1.00000  1.00000  1.00000  1.00000  1.00000  1.00000  1.00000  0.88818  0.98719  1.00000
1.073971626e+00  0.96549  1.00000  1.00000  1.00000  1.00000  1.00000  1.00000  1.00000  1.00000  1.00000  1.00000  1.00000  1.00000  1.00000  0.97777  0.98745  1.00000
1.079341484e+00  0.97849  1.00000  1.00000  1.00000  1.00000  1.00000  1.00000  1.00000  1.00000  1.00000  1.00000  1.00000  1.00000  1.00000  0.99068  0.98769  1.00000
1.084738192e+00  0.98705  1.00000  0.99999  1.00000  1.00000  1.00000  1.00000  1.00000  1.00000  1.00000  1.00000  1.00000  1.00000  1.00000  0.99912  0.98793  1.00000
1.090161883e+00  0.98732  1.00000  0.99990  1.00000  1.00000  1.00000  1.00000  1.00000  1.00000  1.00000  1.00000  1.00000  1.00000  1.00000  0.99924  0.98817  1.00000
1.095612692e+00  0.98308  1.00000  0.99943  1.00000  1.00000  1.00000  1.00000  1.00000  1.00000  1.00000  1.00000  1.00000  1.00000  1.00000  0.99517  0.98840  1.00000
1.101090755e+00  0.98645  1.00000  0.99927  1.00000  1.00000  1.00000  1.00000  1.00000  1.00000  1.00000  1.00000  1.00000  1.00000  1.00000  0.99851  0.98863  1.00000
1.106596209e+00  0.98809  1.00000  0.99927  1.00000  1.00000  1.00000  1.00000  1.00000  1.00000  1.00000  1.00000  1.00000  1.00000  1.00000  0.99995  0.98885  1.00000
1.112129190e+00  0.98334  1.00000  0.99760  1.00000  1.00000  1.00000  1.00000  1.00000  1.00000  1.00000  1.00000  1.00000  1.00000  1.00000  0.99652  0.98907  1.00000
1.117689836e+00  0.94773  1.00000  0.99311  1.00000  1.00000  1.00000  1.00000  1.00000  1.00000  1.00000  1.00000  1.00000  1.00000  1.00000  0.96402  0.98929  1.00000
1.123278285e+00  0.97048  1.00000  0.98568  1.00000  1.00000  1.00000  1.00000  1.00000  1.00000  1.00000  1.00000  1.00000  1.00000  1.00000  0.99485  0.98950  1.00000
1.128894677e+00  0.95593  1.00000  0.97240  1.00000  1.00000  1.00000  1.00000  1.00000  1.00000  1.00000  1.00000  1.00000  1.00000  1.00000  0.99300  0.98970  1.00000
1.134539150e+00  0.91222  1.00000  0.97867  1.00000  1.00000  1.00000  1.00000  1.00000  1.00000  1.00000  1.00000  1.00000  1.00000  1.00000  0.93932  0.98991  1.00000
1.140211846e+00  0.95139  1.00000  0.97488  1.00000  1.00000  1.00000  1.00000  1.00000  1.00000  1.00000  1.00000  1.00000  1.00000  1.00000  0.98438  0.99010  1.00000
1.145912905e+00  0.97231  1.00000  0.98259  1.00000  1.00000  1.00000  1.00000  1.00000  1.00000  1.00000  1.00000  1.00000  1.00000  1.00000  0.99919  0.99030  1.00000
1.151642470e+00  0.94986  1.00000  0.96647  1.00000  1.00000  1.00000  1.00000  1.00000  1.00000  1.00000  1.00000  1.00000  1.00000  1.00000  0.99180  0.99049  1.00000
1.157400682e+00  0.91834  1.00000  0.93508  1.00000  1.00000  1.00000  1.00000  1.00000  1.00000  1.00000  1.00000  1.00000  1.00000  1.00000  0.99025  0.99068  1.00000
1.163187685e+00  0.93395  1.00000  0.94335  1.00000  1.00000  1.00000  1.00000  1.00000  1.00000  1.00000  1.00000  1.00000  1.00000  1.00000  0.99911  0.99086  1.00000
1.169003624e+00  0.93718  1.00000  0.94576  1.00000  1.00000  1.00000  1.00000  1.00000  1.00000  1.00000  1.00000  1.00000  1.00000  1.00000  0.99987  0.99104  1.00000
1.174848642e+00  0.95581  1.00000  0.96452  1.00000  1.00000  1.00000  1.00000  1.00000  1.00000  1.00000  1.00000  1.00000  1.00000  1.00000  0.99975  0.99122  1.00000
1.180722885e+00  0.96989  1.00000  0.97917  1.00000  0.99978  1.00000  1.00000  1.00000  1.00000  1.00000  1.00000  1.00000  1.00000  1.00000  0.99932  0.99139  1.00000
1.186626500e+00  0.97350  1.00000  0.98507  1.00000  0.99687  1.00000  1.00000  1.00000  1.00000  1.00000  1.00000  1.00000  1.00000  1.00000  0.99971  0.99156  1.00000
1.192559632e+00  0.97589  1.00000  0.98523  1.00000  0.99881  1.00000  1.00000  1.00000  1.00000  1.00000  1.00000  1.00000  1.00000  1.00000  0.99994  0.99172  1.00000
1.198522430e+00  0.96976  1.00000  0.99357  1.00000  0.99923  1.00000  1.00000  1.00000  1.00000  1.00000  1.00000  1.00000  1.00000  1.00000  0.98475  0.99189  1.00000
1.204515042e+00  0.71164  1.00000  0.99561  1.00000  0.99992  1.00000  1.00000  1.00000  1.00000  1.00000  1.00000  1.00000  1.00000  1.00000  0.72022  0.99205  1.00000
1.210537618e+00  0.15206  1.00000  0.99811  1.00000  0.99997  1.00000  1.00000  1.00000  1.00000  1.00000  1.00000  1.00000  1.00000  1.00000  0.15336  0.99220  1.00000
1.216590306e+00  0.62449  1.00000  0.99881  1.00000  0.99997  1.00000  1.00000  1.00000  1.00000  1.00000  1.00000  1.00000  1.00000  1.00000  0.62985  0.99236  1.00000
1.222673257e+00  0.28023  1.00000  0.99933  1.00000  0.99998  1.00000  1.00000  1.00000  1.00000  1.00000  1.00000  1.00000  1.00000  1.00000  0.28249  0.99251  1.00000
1.228786624e+00  0.37478  1.00000  0.99939  1.00000  1.00000  1.00000  1.00000  1.00000  1.00000  1.00000  1.00000  1.00000  1.00000  1.00000  0.37770  0.99265  1.00000
1.234930557e+00  0.63535  1.00000  0.99925  1.00000  1.00000  1.00000  1.00000  1.00000  1.00000  1.00000  1.00000  1.00000  1.00000  1.00000  0.64031  0.99280  1.00000
1.241105209e+00  0.82467  1.00000  0.99960  1.00000  1.00000  1.00000  1.00000  1.00000  1.00000  1.00000  1.00000  1.00000  1.00000  1.00000  0.83081  0.99294  1.00000
1.247310736e+00  0.95836  1.00000  0.99974  1.00000  1.00000  1.00000  1.00000  1.00000  1.00000  1.00000  1.00000  1.00000  1.00000  1.00000  0.96528  0.99308  1.00000
1.253547289e+00  0.92708  1.00000  0.99986  1.00000  1.00000  1.00000  1.00000  1.00000  1.00000  1.00000  1.00000  1.00000  1.00000  1.00000  0.93353  0.99322  1.00000
1.259815026e+00  0.92629  1.00000  0.99992  1.00000  1.00000  1.00000  1.00000  1.00000  1.00000  1.00000  1.00000  1.00000  1.00000  1.00000  0.93255  0.99335  1.00000
1.266114101e+00  0.89997  1.00000  0.99994  1.00000  1.00000  1.00000  1.00000  1.00000  1.00000  1.00000  1.00000  1.00000  1.00000  1.00000  0.90593  0.99348  1.00000
1.272444671e+00  0.97065  1.00000  0.99995  1.00000  1.00000  1.00000  1.00000  1.00000  1.00000  1.00000  1.00000  1.00000  1.00000  1.00000  0.97693  0.99361  1.00000
1.278806895e+00  0.99254  1.00000  0.99997  1.00000  1.00000  1.00000  1.00000  1.00000  1.00000  1.00000  1.00000  1.00000  1.00000  1.00000  0.99882  0.99373  1.00000
1.285200929e+00  0.97351  1.00000  0.99998  1.00000  1.00000  1.00000  1.00000  1.00000  1.00000  1.00000  1.00000  1.00000  1.00000  1.00000  0.97954  0.99386  1.00000
1.291626934e+00  0.70018  1.00000  0.99997  1.00000  1.00000  1.00000  1.00000  1.00000  1.00000  1.00000  1.00000  1.00000  1.00000  1.00000  0.70444  0.99398  1.00000
1.298085068e+00  0.70390  1.00000  0.99983  1.00000  1.00000  1.00000  1.00000  1.00000  1.00000  1.00000  1.00000  1.00000  1.00000  1.00000  0.70816  0.99410  1.00000
1.304575494e+00  0.97779  1.00000  0.99922  1.00000  1.00000  1.00000  1.00000  1.00000  1.00000  1.00000  1.00000  1.00000  1.00000  1.00000  0.98423  0.99421  1.00000
1.311098371e+00  0.94807  1.00000  0.99571  1.00000  1.00000  1.00000  1.00000  1.00000  1.00000  1.00000  1.00000  1.00000  1.00000  1.00000  0.95691  0.99433  1.00000
1.317653863e+00  0.33760  1.00000  0.98438  1.00000  1.00000  1.00000  1.00000  1.00000  1.00000  1.00000  1.00000  1.00000  1.00000  1.00000  0.34047  0.99444  1.00000
1.324242132e+00  0.56445  1.00000  0.97526  1.00000  1.00000  1.00000  1.00000  1.00000  1.00000  1.00000  1.00000  1.00000  1.00000  1.00000  0.57099  0.99455  1.00000
1.330863343e+00  0.95157  1.00000  0.98099  1.00000  1.00000  1.00000  1.00000  1.00000  1.00000  1.00000  1.00000  1.00000  1.00000  1.00000  0.97316  0.99466  1.00000
1.337517660e+00  0.72837  1.00000  0.94972  1.00000  1.00000  1.00000  1.00000  1.00000  1.00000  1.00000  1.00000  1.00000  1.00000  1.00000  0.76870  0.99476  1.00000
1.344205248e+00  0.55528  1.00000  0.95064  1.00000  1.00000  1.00000  1.00000  1.00000  1.00000  1.00000  1.00000  1.00000  1.00000  1.00000  0.57049  0.99486  1.00000
1.350926274e+00  0.81015  1.00000  0.95684  1.00000  1.00000  1.00000  1.00000  1.00000  1.00000  1.00000  1.00000  1.00000  1.00000  1.00000  0.84269  0.99497  1.00000
1.357680906e+00  0.92218  1.00000  0.94557  1.00000  1.00000  1.00000  1.00000  1.00000  1.00000  1.00000  1.00000  1.00000  1.00000  1.00000  0.97878  0.99506  1.00000
1.364469310e+00  0.92808  1.00000  0.94877  1.00000  1.00000  1.00000  1.00000  1.00000  1.00000  1.00000  1.00000  1.00000  1.00000  1.00000  0.98201  0.99516  1.00000
1.371291657e+00  0.89209  1.00000  0.95657  1.00000  1.00000  1.00000  1.00000  1.00000  1.00000  1.00000  1.00000  1.00000  1.00000  1.00000  0.93325  0.99526  1.00000
1.378148115e+00  0.88479  1.00000  0.94347  1.00000  1.00000  1.00000  1.00000  1.00000  1.00000  1.00000  1.00000  1.00000  1.00000  1.00000  0.93718  0.99535  1.00000
1.385038856e+00  0.92182  1.00000  0.93355  1.00000  1.00000  1.00000  1.00000  1.00000  1.00000  1.00000  1.00000  1.00000  1.00000  1.00000  0.99132  0.99544  1.00000
1.391964050e+00  0.92758  1.00000  0.93867  1.00000  1.00000  1.00000  1.00000  1.00000  1.00000  1.00000  1.00000  1.00000  1.00000  1.00000  0.99216  0.99553  1.00000
1.398923870e+00  0.94060  1.00000  0.94922  1.00000  1.00000  1.00000  1.00000  1.00000  1.00000  1.00000  1.00000  1.00000  1.00000  1.00000  0.99499  0.99562  1.00000
1.405918490e+00  0.93744  1.00000  0.94239  1.00000  1.00000  1.00000  1.00000  1.00000  1.00000  1.00000  1.00000  1.00000  1.00000  1.00000  0.99897  0.99571  1.00000
1.412948082e+00  0.93919  1.00000  0.94343  1.00000  1.00000  1.00000  1.00000  1.00000  1.00000  1.00000  1.00000  1.00000  1.00000  1.00000  0.99970  0.99579  1.00000
1.420012822e+00  0.96126  1.00000  0.96703  1.00000  1.00000  1.00000  1.00000  1.00000  1.00000  1.00000  1.00000  1.00000  1.00000  1.00000  0.99808  0.99587  1.00000
1.427112886e+00  0.92690  1.00000  0.97678  1.00000  1.00000  1.00000  1.00000  1.00000  1.00000  1.00000  1.00000  1.00000  1.00000  1.00000  0.95176  0.99596  1.00000
1.434248451e+00  0.12012  1.00000  0.98443  1.00000  1.00000  1.00000  1.00000  1.00000  1.00000  1.00000  1.00000  1.00000  1.00000  1.00000  0.12219  0.99604  1.00000
1.441419693e+00  0.00118  1.00000  0.99141  1.00000  1.00000  1.00000  1.00000  1.00000  1.00000  1.00000  1.00000  1.00000  1.00000  1.00000  0.00119  0.99611  1.00000
1.448626792e+00  0.03202  1.00000  0.99384  1.00000  1.00000  1.00000  1.00000  1.00000  1.00000  1.00000  1.00000  1.00000  1.00000  1.00000  0.03222  0.99619  1.00000
1.455869926e+00  0.38047  1.00000  0.99558  1.00000  1.00000  1.00000  1.00000  1.00000  1.00000  1.00000  1.00000  1.00000  1.00000  1.00000  0.38293  0.99626  1.00000
1.463149275e+00  0.89422  1.00000  0.99689  1.00000  1.00000  1.00000  1.00000  1.00000  1.00000  1.00000  1.00000  1.00000  1.00000  1.00000  0.89998  0.99634  1.00000
1.470465022e+00  0.97392  1.00000  0.99709  1.00000  1.00000  1.00000  1.00000  1.00000  1.00000  1.00000  1.00000  1.00000  1.00000  1.00000  0.98023  0.99641  1.00000
1.477817347e+00  0.29497  1.00000  0.99475  1.00000  1.00000  1.00000  1.00000  1.00000  1.00000  1.00000  1.00000  1.00000  1.00000  1.00000  0.29646  0.99648  1.00000
1.485206433e+00  0.50987  1.00000  0.99725  1.00000  1.00000  1.00000  1.00000  1.00000  1.00000  1.00000  1.00000  1.00000  1.00000  1.00000  0.51230  0.99655  1.00000
1.492632466e+00  0.73073  1.00000  0.99869  1.00000  1.00000  1.00000  1.00000  1.00000  1.00000  1.00000  1.00000  1.00000  1.00000  1.00000  0.73387  0.99662  1.00000
1.500095628e+00  0.48049  1.00000  0.99928  1.00000  1.00000  1.00000  1.00000  1.00000  1.00000  1.00000  1.00000  1.00000  1.00000  1.00000  0.48228  0.99669  1.00000
1.507596106e+00  0.91971  1.00000  0.99949  1.00000  1.00000  1.00000  1.00000  1.00000  1.00000  1.00000  1.00000  1.00000  1.00000  1.00000  0.92312  0.99675  1.00000
1.515134087e+00  0.98474  1.00000  0.99959  1.00000  1.00000  1.00000  1.00000  1.00000  1.00000  1.00000  1.00000  1.00000  1.00000  1.00000  0.98829  0.99681  1.00000
1.522709757e+00  0.93579  1.00000  0.99975  1.00000  1.00000  1.00000  1.00000  1.00000  1.00000  1.00000  1.00000  1.00000  1.00000  1.00000  0.93894  0.99688  1.00000
1.530323306e+00  0.31202  1.00000  0.99984  1.00000  1.00000  1.00000  1.00000  1.00000  1.00000  1.00000  1.00000  1.00000  1.00000  1.00000  0.31301  0.99694  1.00000
1.537974922e+00  0.09434  1.00000  0.99990  1.00000  1.00000  1.00000  1.00000  1.00000  1.00000  1.00000  1.00000  1.00000  1.00000  1.00000  0.09463  0.99700  1.00000
1.545664797e+00  0.18795  1.00000  0.99991  1.00000  1.00000  1.00000  1.00000  1.00000  1.00000  1.00000  1.00000  1.00000  1.00000  1.00000  0.18851  0.99706  1.00000
1.553393121e+00  0.83657  1.00000  0.99994  1.00000  1.00000  1.00000  1.00000  1.00000  1.00000  1.00000  1.00000  1.00000  1.00000  1.00000  0.83903  0.99712  1.00000
1.561160087e+00  0.88240  1.00000  0.99992  1.00000  0.98051  1.00000  1.00000  1.00000  1.00000  1.00000  1.00000  1.00000  1.00000  1.00000  0.89434  0.99717  1.00000
1.568965887e+00  0.41764  1.00000  0.99992  1.00000  0.77728  1.00000  1.00000  1.00000  1.00000  1.00000  1.00000  1.00000  1.00000  1.00000  0.47537  0.99723  1.00000
1.576810716e+00  0.01062  1.00000  0.99996  1.00000  0.86066  1.00000  1.00000  1.00000  1.00000  1.00000  1.00000  1.00000  1.00000  1.00000  0.01177  0.99728  1.00000
1.584694770e+00  0.05320  1.00000  0.99997  1.00000  0.85685  1.00000  1.00000  1.00000  1.00000  1.00000  1.00000  1.00000  1.00000  1.00000  0.05439  0.99734  1.00000
1.592618244e+00  0.60669  1.00000  0.99994  1.00000  0.91914  1.00000  1.00000  1.00000  1.00000  1.00000  1.00000  1.00000  1.00000  1.00000  0.62184  0.99739  1.00000
1.600581335e+00  0.22558  1.00000  0.99970  1.00000  0.96911  1.00000  1.00000  1.00000  1.00000  1.00000  1.00000  1.00000  1.00000  1.00000  0.22784  0.99744  1.00000
1.608584242e+00  0.00999  1.00000  0.99914  1.00000  0.98679  1.00000  1.00000  1.00000  1.00000  1.00000  1.00000  1.00000  1.00000  1.00000  0.01005  0.99749  1.00000
1.616627163e+00  0.02586  1.00000  0.99451  1.00000  0.99419  1.00000  1.00000  1.00000  1.00000  1.00000  1.00000  1.00000  1.00000  1.00000  0.02599  0.99754  1.00000
1.624710299e+00  0.34960  1.00000  0.97985  1.00000  0.99546  1.00000  1.00000  1.00000  1.00000  1.00000  1.00000  1.00000  1.00000  1.00000  0.35371  0.99759  1.00000
1.632833850e+00  0.37810  1.00000  0.93352  1.00000  0.99879  1.00000  1.00000  1.00000  1.00000  1.00000  1.00000  1.00000  1.00000  1.00000  0.38884  0.99764  1.00000
1.640998020e+00  0.19186  1.00000  0.89234  1.00000  0.99985  1.00000  1.00000  1.00000  1.00000  1.00000  1.00000  1.00000  1.00000  1.00000  0.19685  0.99768  1.00000
1.649203010e+00  0.09725  1.00000  0.87875  1.00000  0.99997  1.00000  1.00000  1.00000  1.00000  1.00000  1.00000  1.00000  1.00000  1.00000  0.10048  0.99773  1.00000
1.657449025e+00  0.28572  1.00000  0.90341  1.00000  0.99999  1.00000  1.00000  1.00000  1.00000  1.00000  1.00000  1.00000  1.00000  1.00000  0.29574  0.99777  1.00000
1.665736270e+00  0.46935  1.00000  0.85097  1.00000  0.99999  1.00000  1.00000  1.00000  1.00000  1.00000  1.00000  1.00000  1.00000  1.00000  0.50759  0.99782  1.00000
1.674064951e+00  0.67193  1.00000  0.92690  1.00000  1.00000  1.00000  1.00000  1.00000  1.00000  1.00000  1.00000  1.00000  1.00000  1.00000  0.71097  0.99786  1.00000
1.682435276e+00  0.75979  1.00000  0.92292  1.00000  1.00000  1.00000  1.00000  1.00000  1.00000  1.00000  1.00000  1.00000  1.00000  1.00000  0.80190  0.99790  1.00000
1.690847452e+00  0.86734  1.00000  0.91635  1.00000  1.00000  1.00000  1.00000  1.00000  1.00000  1.00000  1.00000  1.00000  1.00000  1.00000  0.93736  0.99794  1.00000
1.699301690e+00  0.87288  1.00000  0.88959  1.00000  1.00000  1.00000  1.00000  1.00000  1.00000  1.00000  1.00000  1.00000  1.00000  1.00000  0.98030  0.99799  1.00000
