# ------------------------------------------------------------------------
# NASA-GSFC Planetary Spectrum Generator (PSG, Villanueva et al. 2018)
# Atmospheric transmittance spectrum synthesized with PUMAS (Villanueva et al. 2018, Smith et al. 2009, Edwards 1992)
# Synthesized on Fri May  7 15:16:31 2021
# Molecules considered: N2,CO2,H2,SO2,CH4,H2S,CO,C2H6,O2,S8,C2H2,H,H2SO4,O
# Molecular sources: HIT[22],HIT[2],HIT[45],HIT[9],HIT[6],HIT[31],HIT[5],HIT[27],HIT[7],NIST[10544-50-0],HIT[26],KZ[01],JPL[98001],HIT[34]
# Molecular abundances: 99,130,450,8.9,31,0.011,7700,9,340,300,15,1.2,0.093,20
# Molecular abundance units: pct,ppm,ppm,ppt,ppm,ppt,ppm,ppb,ppt,ppt,ppt,ppb,ppt,ppb
# Collissional partners: Air:1%, H2:0%, He:0%, CO2:0%
# UV cross-sections included:  N2 CO2 H2 SO2 CH4 H2S CO C2H6 O2 C2H2
# Collision-Induced-Absorption:  H2-H2 
# Rayleigh scattering included
# ------------------------------------------------------------------------
# Spectral unit: Wavelength [um]
# Wave/freq Total N2 CO2 H2 SO2 CH4 H2S CO C2H6 O2 S8 C2H2 H H2SO4 O Rayleigh CIA
2.000000000e-01  0.02736  1.00000  1.00000  1.00000  0.99883  1.00000  1.00000  1.00000  1.00000  1.00000  1.00000  0.99996  1.00000  1.00000  1.00000  0.02740  1.00000
2.010000000e-01  0.02830  1.00000  1.00000  1.00000  0.99861  1.00000  1.00000  1.00000  1.00000  1.00000  1.00000  0.99997  1.00000  1.00000  1.00000  0.02834  1.00000
2.020050000e-01  0.02942  1.00000  1.00000  1.00000  0.99850  1.00000  1.00000  1.00000  1.00000  1.00000  1.00000  0.99997  1.00000  1.00000  1.00000  0.02947  1.00000
2.030150250e-01  0.03060  1.00000  1.00000  1.00000  0.99919  1.00000  1.00000  1.00000  1.00000  1.00000  1.00000  0.99997  1.00000  1.00000  1.00000  0.03063  1.00000
2.040301001e-01  0.03177  1.00000  1.00000  1.00000  0.99855  1.00000  1.00000  1.00000  1.00000  1.00000  1.00000  0.99997  1.00000  1.00000  1.00000  0.03182  1.00000
2.050502506e-01  0.03300  1.00000  1.00000  1.00000  0.99852  1.00000  1.00000  1.00000  1.00000  1.00000  1.00000  0.99998  1.00000  1.00000  1.00000  0.03305  1.00000
2.060755019e-01  0.03428  1.00000  1.00000  1.00000  0.99911  1.00000  1.00000  1.00000  1.00000  1.00000  1.00000  0.99998  1.00000  1.00000  1.00000  0.03431  1.00000
2.071058794e-01  0.03556  1.00000  1.00000  1.00000  0.99862  1.00000  1.00000  1.00000  1.00000  1.00000  1.00000  0.99998  1.00000  1.00000  1.00000  0.03561  1.00000
2.081414088e-01  0.03690  1.00000  1.00000  1.00000  0.99908  1.00000  1.00000  1.00000  1.00000  1.00000  1.00000  0.99998  1.00000  1.00000  1.00000  0.03694  1.00000
2.091821158e-01  0.03828  1.00000  1.00000  1.00000  0.99929  1.00000  1.00000  1.00000  1.00000  1.00000  1.00000  0.99998  1.00000  1.00000  1.00000  0.03830  1.00000
2.102280264e-01  0.03967  1.00000  1.00000  1.00000  0.99902  1.00000  1.00000  1.00000  1.00000  1.00000  1.00000  0.99998  1.00000  1.00000  1.00000  0.03971  1.00000
2.112791665e-01  0.04113  1.00000  1.00000  1.00000  0.99956  1.00000  1.00000  1.00000  1.00000  1.00000  1.00000  0.99998  1.00000  1.00000  1.00000  0.04115  1.00000
2.123355624e-01  0.04259  1.00000  1.00000  1.00000  0.99927  1.00000  1.00000  1.00000  1.00000  1.00000  1.00000  0.99998  1.00000  1.00000  1.00000  0.04262  1.00000
2.133972402e-01  0.04410  1.00000  1.00000  1.00000  0.99930  1.00000  1.00000  1.00000  1.00000  1.00000  1.00000  0.99999  1.00000  1.00000  1.00000  0.04413  1.00000
2.144642264e-01  0.04579  1.00000  1.00000  1.00000  0.99957  1.00000  1.00000  1.00000  1.00000  1.00000  1.00000  0.99999  1.00000  1.00000  1.00000  0.04581  1.00000
2.155365475e-01  0.04778  1.00000  1.00000  1.00000  0.99942  1.00000  1.00000  1.00000  1.00000  1.00000  1.00000  0.99999  1.00000  1.00000  1.00000  0.04781  1.00000
2.166142303e-01  0.04988  1.00000  1.00000  1.00000  0.99958  1.00000  1.00000  1.00000  1.00000  1.00000  1.00000  0.99999  1.00000  1.00000  1.00000  0.04990  1.00000
2.176973014e-01  0.05206  1.00000  1.00000  1.00000  0.99974  1.00000  1.00000  1.00000  1.00000  1.00000  1.00000  0.99999  1.00000  1.00000  1.00000  0.05207  1.00000
2.187857879e-01  0.05430  1.00000  1.00000  1.00000  0.99969  1.00000  1.00000  1.00000  1.00000  1.00000  1.00000  0.99999  1.00000  1.00000  1.00000  0.05432  1.00000
2.198797169e-01  0.05663  1.00000  1.00000  1.00000  0.99984  1.00000  1.00000  1.00000  1.00000  1.00000  1.00000  0.99999  1.00000  1.00000  1.00000  0.05664  1.00000
2.209791154e-01  0.05903  1.00000  1.00000  1.00000  0.99970  1.00000  1.00000  1.00000  1.00000  1.00000  1.00000  0.99999  1.00000  1.00000  1.00000  0.05905  1.00000
2.220840110e-01  0.06152  1.00000  1.00000  1.00000  0.99983  1.00000  1.00000  1.00000  1.00000  1.00000  1.00000  0.99999  1.00000  1.00000  1.00000  0.06153  1.00000
2.231944311e-01  0.06410  1.00000  1.00000  1.00000  0.99988  1.00000  1.00000  1.00000  1.00000  1.00000  1.00000  0.99999  1.00000  1.00000  1.00000  0.06411  1.00000
2.243104032e-01  0.06675  1.00000  1.00000  1.00000  0.99986  1.00000  1.00000  1.00000  1.00000  1.00000  1.00000  1.00000  1.00000  1.00000  1.00000  0.06676  1.00000
2.254319552e-01  0.06948  1.00000  1.00000  1.00000  0.99990  1.00000  1.00000  1.00000  1.00000  1.00000  1.00000  1.00000  1.00000  1.00000  1.00000  0.06949  1.00000
2.265591150e-01  0.07230  1.00000  1.00000  1.00000  0.99992  1.00000  1.00000  1.00000  1.00000  1.00000  1.00000  1.00000  1.00000  1.00000  1.00000  0.07231  1.00000
2.276919106e-01  0.07522  1.00000  1.00000  1.00000  0.99994  1.00000  1.00000  1.00000  1.00000  1.00000  1.00000  1.00000  1.00000  1.00000  1.00000  0.07523  1.00000
2.288303701e-01  0.07823  1.00000  1.00000  1.00000  0.99998  1.00000  1.00000  1.00000  1.00000  1.00000  1.00000  1.00000  1.00000  1.00000  1.00000  0.07823  1.00000
2.299745220e-01  0.08133  1.00000  1.00000  1.00000  0.99998  1.00000  1.00000  1.00000  1.00000  1.00000  1.00000  1.00000  1.00000  1.00000  1.00000  0.08133  1.00000
2.311243946e-01  0.08452  1.00000  1.00000  1.00000  0.99999  1.00000  1.00000  1.00000  1.00000  1.00000  1.00000  1.00000  1.00000  1.00000  1.00000  0.08452  1.00000
2.322800166e-01  0.08781  1.00000  1.00000  1.00000  0.99999  1.00000  1.00000  1.00000  1.00000  1.00000  1.00000  1.00000  1.00000  1.00000  1.00000  0.08781  1.00000
2.334414167e-01  0.09119  1.00000  1.00000  1.00000  0.99999  1.00000  1.00000  1.00000  1.00000  1.00000  1.00000  1.00000  1.00000  1.00000  1.00000  0.09119  1.00000
2.346086237e-01  0.09466  1.00000  1.00000  1.00000  1.00000  1.00000  1.00000  1.00000  1.00000  1.00000  1.00000  1.00000  1.00000  1.00000  1.00000  0.09466  1.00000
2.357816669e-01  0.09823  1.00000  1.00000  1.00000  0.99999  1.00000  1.00000  1.00000  1.00000  1.00000  1.00000  1.00000  1.00000  1.00000  1.00000  0.09823  1.00000
2.369605752e-01  0.10190  1.00000  1.00000  1.00000  1.00000  1.00000  1.00000  1.00000  1.00000  1.00000  1.00000  1.00000  1.00000  1.00000  1.00000  0.10190  1.00000
2.381453781e-01  0.10566  1.00000  1.00000  1.00000  0.99999  1.00000  1.00000  1.00000  1.00000  1.00000  1.00000  1.00000  1.00000  1.00000  1.00000  0.10566  1.00000
2.393361050e-01  0.10952  1.00000  1.00000  1.00000  0.99999  1.00000  1.00000  1.00000  1.00000  1.00000  1.00000  1.00000  1.00000  1.00000  1.00000  0.10952  1.00000
2.405327855e-01  0.11348  1.00000  1.00000  1.00000  0.99999  1.00000  1.00000  1.00000  1.00000  1.00000  1.00000  1.00000  1.00000  1.00000  1.00000  0.11348  1.00000
2.417354494e-01  0.11754  1.00000  1.00000  1.00000  0.99999  1.00000  1.00000  1.00000  1.00000  1.00000  1.00000  1.00000  1.00000  1.00000  1.00000  0.11754  1.00000
2.429441267e-01  0.12169  1.00000  1.00000  1.00000  0.99999  1.00000  1.00000  1.00000  1.00000  1.00000  1.00000  1.00000  1.00000  1.00000  1.00000  0.12169  1.00000
2.441588473e-01  0.12595  1.00000  1.00000  1.00000  0.99999  1.00000  1.00000  1.00000  1.00000  1.00000  1.00000  1.00000  1.00000  1.00000  1.00000  0.12595  1.00000
2.453796415e-01  0.13030  1.00000  1.00000  1.00000  0.99999  1.00000  1.00000  1.00000  1.00000  1.00000  1.00000  1.00000  1.00000  1.00000  1.00000  0.13030  1.00000
2.466065397e-01  0.13475  1.00000  1.00000  1.00000  0.99999  1.00000  1.00000  1.00000  1.00000  1.00000  1.00000  1.00000  1.00000  1.00000  1.00000  0.13475  1.00000
2.478395724e-01  0.13930  1.00000  1.00000  1.00000  0.99999  1.00000  1.00000  1.00000  1.00000  1.00000  1.00000  1.00000  1.00000  1.00000  1.00000  0.13930  1.00000
2.490787703e-01  0.14394  1.00000  1.00000  1.00000  0.99998  1.00000  1.00000  1.00000  1.00000  1.00000  1.00000  1.00000  1.00000  1.00000  1.00000  0.14395  1.00000
2.503241642e-01  0.14868  1.00000  1.00000  1.00000  0.99998  1.00000  1.00000  1.00000  1.00000  1.00000  1.00000  1.00000  1.00000  1.00000  1.00000  0.14869  1.00000
2.515757850e-01  0.15352  1.00000  1.00000  1.00000  0.99997  1.00000  1.00000  1.00000  1.00000  1.00000  1.00000  1.00000  1.00000  1.00000  1.00000  0.15353  1.00000
2.528336639e-01  0.15845  1.00000  1.00000  1.00000  0.99997  1.00000  1.00000  1.00000  1.00000  1.00000  1.00000  1.00000  1.00000  1.00000  1.00000  0.15846  1.00000
2.540978322e-01  0.16347  1.00000  1.00000  1.00000  0.99997  1.00000  1.00000  1.00000  1.00000  1.00000  1.00000  1.00000  1.00000  1.00000  1.00000  0.16347  1.00000
2.553683214e-01  0.16855  1.00000  1.00000  1.00000  0.99996  1.00000  1.00000  1.00000  1.00000  1.00000  1.00000  1.00000  1.00000  1.00000  1.00000  0.16855  1.00000
2.566451630e-01  0.17376  1.00000  1.00000  1.00000  0.99996  1.00000  1.00000  1.00000  1.00000  1.00000  1.00000  1.00000  1.00000  1.00000  1.00000  0.17377  1.00000
2.579283888e-01  0.17906  1.00000  1.00000  1.00000  0.99996  1.00000  1.00000  1.00000  1.00000  1.00000  1.00000  1.00000  1.00000  1.00000  1.00000  0.17907  1.00000
2.592180307e-01  0.18446  1.00000  1.00000  1.00000  0.99995  1.00000  1.00000  1.00000  1.00000  1.00000  1.00000  1.00000  1.00000  1.00000  1.00000  0.18447  1.00000
2.605141209e-01  0.18994  1.00000  1.00000  1.00000  0.99995  1.00000  1.00000  1.00000  1.00000  1.00000  1.00000  1.00000  1.00000  1.00000  1.00000  0.18995  1.00000
2.618166915e-01  0.19550  1.00000  1.00000  1.00000  0.99994  1.00000  1.00000  1.00000  1.00000  1.00000  1.00000  1.00000  1.00000  1.00000  1.00000  0.19552  1.00000
2.631257750e-01  0.20115  1.00000  1.00000  1.00000  0.99994  1.00000  1.00000  1.00000  1.00000  1.00000  1.00000  1.00000  1.00000  1.00000  1.00000  0.20117  1.00000
2.644414038e-01  0.20689  1.00000  1.00000  1.00000  0.99993  1.00000  1.00000  1.00000  1.00000  1.00000  1.00000  1.00000  1.00000  1.00000  1.00000  0.20690  1.00000
2.657636109e-01  0.21270  1.00000  1.00000  1.00000  0.99992  1.00000  1.00000  1.00000  1.00000  1.00000  1.00000  1.00000  1.00000  1.00000  1.00000  0.21271  1.00000
2.670924289e-01  0.21859  1.00000  1.00000  1.00000  0.99991  1.00000  1.00000  1.00000  1.00000  1.00000  1.00000  1.00000  1.00000  1.00000  1.00000  0.21861  1.00000
2.684278911e-01  0.22455  1.00000  1.00000  1.00000  0.99991  1.00000  1.00000  1.00000  1.00000  1.00000  1.00000  1.00000  1.00000  1.00000  1.00000  0.22458  1.00000
2.697700305e-01  0.23060  1.00000  1.00000  1.00000  0.99990  1.00000  1.00000  1.00000  1.00000  1.00000  1.00000  1.00000  1.00000  1.00000  1.00000  0.23062  1.00000
2.711188807e-01  0.23671  1.00000  1.00000  1.00000  0.99990  1.00000  1.00000  1.00000  1.00000  1.00000  1.00000  1.00000  1.00000  1.00000  1.00000  0.23673  1.00000
2.724744751e-01  0.24289  1.00000  1.00000  1.00000  0.99988  1.00000  1.00000  1.00000  1.00000  1.00000  1.00000  1.00000  1.00000  1.00000  1.00000  0.24292  1.00000
2.738368474e-01  0.24913  1.00000  1.00000  1.00000  0.99987  1.00000  1.00000  1.00000  1.00000  1.00000  1.00000  1.00000  1.00000  1.00000  1.00000  0.24916  1.00000
2.752060317e-01  0.25545  1.00000  1.00000  1.00000  0.99987  1.00000  1.00000  1.00000  1.00000  1.00000  1.00000  1.00000  1.00000  1.00000  1.00000  0.25548  1.00000
2.765820618e-01  0.26182  1.00000  1.00000  1.00000  0.99987  1.00000  1.00000  1.00000  1.00000  1.00000  1.00000  1.00000  1.00000  1.00000  1.00000  0.26185  1.00000
2.779649721e-01  0.26825  1.00000  1.00000  1.00000  0.99986  1.00000  1.00000  1.00000  1.00000  1.00000  1.00000  1.00000  1.00000  1.00000  1.00000  0.26829  1.00000
2.793547970e-01  0.27474  1.00000  1.00000  1.00000  0.99985  1.00000  1.00000  1.00000  1.00000  1.00000  1.00000  1.00000  1.00000  1.00000  1.00000  0.27478  1.00000
2.807515710e-01  0.28128  1.00000  1.00000  1.00000  0.99985  1.00000  1.00000  1.00000  1.00000  1.00000  1.00000  1.00000  1.00000  1.00000  1.00000  0.28132  1.00000
2.821553288e-01  0.28787  1.00000  1.00000  1.00000  0.99984  1.00000  1.00000  1.00000  1.00000  1.00000  1.00000  1.00000  1.00000  1.00000  1.00000  0.28791  1.00000
2.835661055e-01  0.29451  1.00000  1.00000  1.00000  0.99983  1.00000  1.00000  1.00000  1.00000  1.00000  1.00000  1.00000  1.00000  1.00000  1.00000  0.29456  1.00000
2.849839360e-01  0.30119  1.00000  1.00000  1.00000  0.99983  1.00000  1.00000  1.00000  1.00000  1.00000  1.00000  1.00000  1.00000  1.00000  1.00000  0.30124  1.00000
2.864088557e-01  0.30792  1.00000  1.00000  1.00000  0.99984  1.00000  1.00000  1.00000  1.00000  1.00000  1.00000  1.00000  1.00000  1.00000  1.00000  0.30797  1.00000
2.878409000e-01  0.31468  1.00000  1.00000  1.00000  0.99984  1.00000  1.00000  1.00000  1.00000  1.00000  1.00000  1.00000  1.00000  1.00000  1.00000  0.31473  1.00000
2.892801045e-01  0.32148  1.00000  1.00000  1.00000  0.99983  1.00000  1.00000  1.00000  1.00000  1.00000  1.00000  1.00000  1.00000  1.00000  1.00000  0.32153  1.00000
2.907265050e-01  0.32827  1.00000  1.00000  1.00000  0.99984  1.00000  1.00000  1.00000  1.00000  1.00000  1.00000  1.00000  1.00000  1.00000  1.00000  0.32833  1.00000
2.921801375e-01  0.33507  1.00000  1.00000  1.00000  0.99984  1.00000  1.00000  1.00000  1.00000  1.00000  1.00000  1.00000  1.00000  1.00000  1.00000  0.33513  1.00000
2.936410382e-01  0.34197  1.00000  1.00000  1.00000  0.99985  1.00000  1.00000  1.00000  1.00000  1.00000  1.00000  1.00000  1.00000  1.00000  1.00000  0.34202  1.00000
2.951092434e-01  0.34890  1.00000  1.00000  1.00000  0.99988  1.00000  1.00000  1.00000  1.00000  1.00000  1.00000  1.00000  1.00000  1.00000  1.00000  0.34894  1.00000
2.965847896e-01  0.35583  1.00000  1.00000  1.00000  0.99986  1.00000  1.00000  1.00000  1.00000  1.00000  1.00000  1.00000  1.00000  1.00000  1.00000  0.35588  1.00000
2.980677136e-01  0.36278  1.00000  1.00000  1.00000  0.99985  1.00000  1.00000  1.00000  1.00000  1.00000  1.00000  1.00000  1.00000  1.00000  1.00000  0.36284  1.00000
2.995580521e-01  0.36976  1.00000  1.00000  1.00000  0.99988  1.00000  1.00000  1.00000  1.00000  1.00000  1.00000  1.00000  1.00000  1.00000  1.00000  0.36981  1.00000
3.010558424e-01  0.37676  1.00000  1.00000  1.00000  0.99992  1.00000  1.00000  1.00000  1.00000  1.00000  1.00000  1.00000  1.00000  1.00000  1.00000  0.37679  1.00000
3.025611216e-01  0.38375  1.00000  1.00000  1.00000  0.99991  1.00000  1.00000  1.00000  1.00000  1.00000  1.00000  1.00000  1.00000  1.00000  1.00000  0.38378  1.00000
3.040739272e-01  0.39075  1.00000  1.00000  1.00000  0.99991  1.00000  1.00000  1.00000  1.00000  1.00000  1.00000  1.00000  1.00000  1.00000  1.00000  0.39078  1.00000
3.055942969e-01  0.39776  1.00000  1.00000  1.00000  0.99994  1.00000  1.00000  1.00000  1.00000  1.00000  1.00000  1.00000  1.00000  1.00000  1.00000  0.39779  1.00000
3.071222683e-01  0.40476  1.00000  1.00000  1.00000  0.99993  1.00000  1.00000  1.00000  1.00000  1.00000  1.00000  1.00000  1.00000  1.00000  1.00000  0.40479  1.00000
3.086578797e-01  0.41177  1.00000  1.00000  1.00000  0.99994  1.00000  1.00000  1.00000  1.00000  1.00000  1.00000  1.00000  1.00000  1.00000  1.00000  0.41179  1.00000
3.102011691e-01  0.41877  1.00000  1.00000  1.00000  0.99996  1.00000  1.00000  1.00000  1.00000  1.00000  1.00000  1.00000  1.00000  1.00000  1.00000  0.41879  1.00000
3.117521749e-01  0.42576  1.00000  1.00000  1.00000  0.99996  1.00000  1.00000  1.00000  1.00000  1.00000  1.00000  1.00000  1.00000  1.00000  1.00000  0.42577  1.00000
3.133109358e-01  0.43274  1.00000  1.00000  1.00000  0.99997  1.00000  1.00000  1.00000  1.00000  1.00000  1.00000  1.00000  1.00000  1.00000  1.00000  0.43276  1.00000
3.148774905e-01  0.43971  1.00000  1.00000  1.00000  0.99998  1.00000  1.00000  1.00000  1.00000  1.00000  1.00000  1.00000  1.00000  1.00000  1.00000  0.43972  1.00000
3.164518779e-01  0.44667  1.00000  1.00000  1.00000  0.99998  1.00000  1.00000  1.00000  1.00000  1.00000  1.00000  1.00000  1.00000  1.00000  1.00000  0.44667  1.00000
3.180341373e-01  0.45360  1.00000  1.00000  1.00000  0.99998  1.00000  1.00000  1.00000  1.00000  1.00000  1.00000  1.00000  1.00000  1.00000  1.00000  0.45361  1.00000
3.196243080e-01  0.46052  1.00000  1.00000  1.00000  0.99999  1.00000  1.00000  1.00000  1.00000  1.00000  1.00000  1.00000  1.00000  1.00000  1.00000  0.46052  1.00000
3.212224295e-01  0.46741  1.00000  1.00000  1.00000  0.99999  1.00000  1.00000  1.00000  1.00000  1.00000  1.00000  1.00000  1.00000  1.00000  1.00000  0.46742  1.00000
3.228285417e-01  0.47428  1.00000  1.00000  1.00000  0.99999  1.00000  1.00000  1.00000  1.00000  1.00000  1.00000  1.00000  1.00000  1.00000  1.00000  0.47429  1.00000
3.244426844e-01  0.48113  1.00000  1.00000  1.00000  1.00000  1.00000  1.00000  1.00000  1.00000  1.00000  1.00000  1.00000  1.00000  1.00000  1.00000  0.48113  1.00000
3.260648978e-01  0.48794  1.00000  1.00000  1.00000  1.00000  1.00000  1.00000  1.00000  1.00000  1.00000  1.00000  1.00000  1.00000  1.00000  1.00000  0.48794  1.00000
3.276952223e-01  0.49472  1.00000  1.00000  1.00000  1.00000  1.00000  1.00000  1.00000  1.00000  1.00000  1.00000  1.00000  1.00000  1.00000  1.00000  0.49472  1.00000
3.293336984e-01  0.50132  1.00000  1.00000  1.00000  1.00000  1.00000  1.00000  1.00000  1.00000  1.00000  1.00000  1.00000  1.00000  1.00000  1.00000  0.50132  1.00000
3.309803669e-01  0.50804  1.00000  1.00000  1.00000  1.00000  1.00000  1.00000  1.00000  1.00000  1.00000  1.00000  1.00000  1.00000  1.00000  1.00000  0.50804  1.00000
3.326352688e-01  0.51473  1.00000  1.00000  1.00000  1.00000  1.00000  1.00000  1.00000  1.00000  1.00000  1.00000  1.00000  1.00000  1.00000  1.00000  0.51473  1.00000
3.342984451e-01  0.52138  1.00000  1.00000  1.00000  1.00000  1.00000  1.00000  1.00000  1.00000  1.00000  1.00000  1.00000  1.00000  1.00000  1.00000  0.52138  1.00000
3.359699373e-01  0.52799  1.00000  1.00000  1.00000  1.00000  1.00000  1.00000  1.00000  1.00000  1.00000  1.00000  1.00000  1.00000  1.00000  1.00000  0.52799  1.00000
3.376497870e-01  0.53456  1.00000  1.00000  1.00000  1.00000  1.00000  1.00000  1.00000  1.00000  1.00000  1.00000  1.00000  1.00000  1.00000  1.00000  0.53456  1.00000
3.393380359e-01  0.54109  1.00000  1.00000  1.00000  1.00000  1.00000  1.00000  1.00000  1.00000  1.00000  1.00000  1.00000  1.00000  1.00000  1.00000  0.54109  1.00000
3.410347261e-01  0.54757  1.00000  1.00000  1.00000  1.00000  1.00000  1.00000  1.00000  1.00000  1.00000  1.00000  1.00000  1.00000  1.00000  1.00000  0.54757  1.00000
3.427398998e-01  0.55400  1.00000  1.00000  1.00000  1.00000  1.00000  1.00000  1.00000  1.00000  1.00000  1.00000  1.00000  1.00000  1.00000  1.00000  0.55400  1.00000
3.444535992e-01  0.56039  1.00000  1.00000  1.00000  1.00000  1.00000  1.00000  1.00000  1.00000  1.00000  1.00000  1.00000  1.00000  1.00000  1.00000  0.56039  1.00000
3.461758672e-01  0.56673  1.00000  1.00000  1.00000  1.00000  1.00000  1.00000  1.00000  1.00000  1.00000  1.00000  1.00000  1.00000  1.00000  1.00000  0.56673  1.00000
3.479067466e-01  0.57302  1.00000  1.00000  1.00000  1.00000  1.00000  1.00000  1.00000  1.00000  1.00000  1.00000  1.00000  1.00000  1.00000  1.00000  0.57302  1.00000
3.496462803e-01  0.57927  1.00000  1.00000  1.00000  1.00000  1.00000  1.00000  1.00000  1.00000  1.00000  1.00000  1.00000  1.00000  1.00000  1.00000  0.57927  1.00000
3.513945117e-01  0.58545  1.00000  1.00000  1.00000  1.00000  1.00000  1.00000  1.00000  1.00000  1.00000  1.00000  1.00000  1.00000  1.00000  1.00000  0.58545  1.00000
3.531514843e-01  0.59159  1.00000  1.00000  1.00000  1.00000  1.00000  1.00000  1.00000  1.00000  1.00000  1.00000  1.00000  1.00000  1.00000  1.00000  0.59159  1.00000
3.549172417e-01  0.59767  1.00000  1.00000  1.00000  1.00000  1.00000  1.00000  1.00000  1.00000  1.00000  1.00000  1.00000  1.00000  1.00000  1.00000  0.59767  1.00000
3.566918279e-01  0.60370  1.00000  1.00000  1.00000  1.00000  1.00000  1.00000  1.00000  1.00000  1.00000  1.00000  1.00000  1.00000  1.00000  1.00000  0.60370  1.00000
3.584752870e-01  0.60967  1.00000  1.00000  1.00000  1.00000  1.00000  1.00000  1.00000  1.00000  1.00000  1.00000  1.00000  1.00000  1.00000  1.00000  0.60967  1.00000
3.602676635e-01  0.61559  1.00000  1.00000  1.00000  1.00000  1.00000  1.00000  1.00000  1.00000  1.00000  1.00000  1.00000  1.00000  1.00000  1.00000  0.61559  1.00000
3.620690018e-01  0.62144  1.00000  1.00000  1.00000  1.00000  1.00000  1.00000  1.00000  1.00000  1.00000  1.00000  1.00000  1.00000  1.00000  1.00000  0.62144  1.00000
3.638793468e-01  0.62725  1.00000  1.00000  1.00000  1.00000  1.00000  1.00000  1.00000  1.00000  1.00000  1.00000  1.00000  1.00000  1.00000  1.00000  0.62725  1.00000
3.656987435e-01  0.63299  1.00000  1.00000  1.00000  1.00000  1.00000  1.00000  1.00000  1.00000  1.00000  1.00000  1.00000  1.00000  1.00000  1.00000  0.63299  1.00000
3.675272373e-01  0.63867  1.00000  1.00000  1.00000  1.00000  1.00000  1.00000  1.00000  1.00000  1.00000  1.00000  1.00000  1.00000  1.00000  1.00000  0.63867  1.00000
3.693648734e-01  0.64430  1.00000  1.00000  1.00000  1.00000  1.00000  1.00000  1.00000  1.00000  1.00000  1.00000  1.00000  1.00000  1.00000  1.00000  0.64430  1.00000
3.712116978e-01  0.64986  1.00000  1.00000  1.00000  1.00000  1.00000  1.00000  1.00000  1.00000  1.00000  1.00000  1.00000  1.00000  1.00000  1.00000  0.64986  1.00000
3.730677563e-01  0.65537  1.00000  1.00000  1.00000  1.00000  1.00000  1.00000  1.00000  1.00000  1.00000  1.00000  1.00000  1.00000  1.00000  1.00000  0.65537  1.00000
3.749330951e-01  0.66081  1.00000  1.00000  1.00000  1.00000  1.00000  1.00000  1.00000  1.00000  1.00000  1.00000  1.00000  1.00000  1.00000  1.00000  0.66081  1.00000
3.768077606e-01  0.66605  1.00000  1.00000  1.00000  1.00000  1.00000  1.00000  1.00000  1.00000  1.00000  1.00000  1.00000  1.00000  1.00000  1.00000  0.66605  1.00000
3.786917994e-01  0.67131  1.00000  1.00000  1.00000  1.00000  1.00000  1.00000  1.00000  1.00000  1.00000  1.00000  1.00000  1.00000  1.00000  1.00000  0.67131  1.00000
3.805852584e-01  0.67658  1.00000  1.00000  1.00000  1.00000  1.00000  1.00000  1.00000  1.00000  1.00000  1.00000  1.00000  1.00000  1.00000  1.00000  0.67658  1.00000
3.824881846e-01  0.68179  1.00000  1.00000  1.00000  1.00000  1.00000  1.00000  1.00000  1.00000  1.00000  1.00000  1.00000  1.00000  1.00000  1.00000  0.68179  1.00000
3.844006256e-01  0.68694  1.00000  1.00000  1.00000  1.00000  1.00000  1.00000  1.00000  1.00000  1.00000  1.00000  1.00000  1.00000  1.00000  1.00000  0.68694  1.00000
3.863226287e-01  0.69203  1.00000  1.00000  1.00000  1.00000  1.00000  1.00000  1.00000  1.00000  1.00000  1.00000  1.00000  1.00000  1.00000  1.00000  0.69203  1.00000
3.882542418e-01  0.69705  1.00000  1.00000  1.00000  1.00000  1.00000  1.00000  1.00000  1.00000  1.00000  1.00000  1.00000  1.00000  1.00000  1.00000  0.69705  1.00000
3.901955131e-01  0.70201  1.00000  1.00000  1.00000  1.00000  1.00000  1.00000  1.00000  1.00000  1.00000  1.00000  1.00000  1.00000  1.00000  1.00000  0.70201  1.00000
3.921464906e-01  0.70691  1.00000  1.00000  1.00000  1.00000  1.00000  1.00000  1.00000  1.00000  1.00000  1.00000  1.00000  1.00000  1.00000  1.00000  0.70691  1.00000
3.941072231e-01  0.71174  1.00000  1.00000  1.00000  1.00000  1.00000  1.00000  1.00000  1.00000  1.00000  1.00000  1.00000  1.00000  1.00000  1.00000  0.71174  1.00000
3.960777592e-01  0.71652  1.00000  1.00000  1.00000  1.00000  1.00000  1.00000  1.00000  1.00000  1.00000  1.00000  1.00000  1.00000  1.00000  1.00000  0.71652  1.00000
3.980581480e-01  0.72123  1.00000  1.00000  1.00000  1.00000  1.00000  1.00000  1.00000  1.00000  1.00000  1.00000  1.00000  1.00000  1.00000  1.00000  0.72123  1.00000
4.000484387e-01  0.72588  1.00000  1.00000  1.00000  1.00000  1.00000  1.00000  1.00000  1.00000  1.00000  1.00000  1.00000  1.00000  1.00000  1.00000  0.72588  1.00000
4.020486809e-01  0.73047  1.00000  1.00000  1.00000  1.00000  1.00000  1.00000  1.00000  1.00000  1.00000  1.00000  1.00000  1.00000  1.00000  1.00000  0.73047  1.00000
4.040589243e-01  0.73499  1.00000  1.00000  1.00000  1.00000  1.00000  1.00000  1.00000  1.00000  1.00000  1.00000  1.00000  1.00000  1.00000  1.00000  0.73499  1.00000
4.060792189e-01  0.73946  1.00000  1.00000  1.00000  1.00000  1.00000  1.00000  1.00000  1.00000  1.00000  1.00000  1.00000  1.00000  1.00000  1.00000  0.73946  1.00000
4.081096150e-01  0.74387  1.00000  1.00000  1.00000  1.00000  1.00000  1.00000  1.00000  1.00000  1.00000  1.00000  1.00000  1.00000  1.00000  1.00000  0.74387  1.00000
4.101501631e-01  0.74821  1.00000  1.00000  1.00000  1.00000  1.00000  1.00000  1.00000  1.00000  1.00000  1.00000  1.00000  1.00000  1.00000  1.00000  0.74821  1.00000
4.122009139e-01  0.75249  1.00000  1.00000  1.00000  1.00000  1.00000  1.00000  1.00000  1.00000  1.00000  1.00000  1.00000  1.00000  1.00000  1.00000  0.75249  1.00000
4.142619185e-01  0.75672  1.00000  1.00000  1.00000  1.00000  1.00000  1.00000  1.00000  1.00000  1.00000  1.00000  1.00000  1.00000  1.00000  1.00000  0.75672  1.00000
4.163332281e-01  0.76088  1.00000  1.00000  1.00000  1.00000  1.00000  1.00000  1.00000  1.00000  1.00000  1.00000  1.00000  1.00000  1.00000  1.00000  0.76088  1.00000
4.184148942e-01  0.76499  1.00000  1.00000  1.00000  1.00000  1.00000  1.00000  1.00000  1.00000  1.00000  1.00000  1.00000  1.00000  1.00000  1.00000  0.76499  1.00000
4.205069687e-01  0.76904  1.00000  1.00000  1.00000  1.00000  1.00000  1.00000  1.00000  1.00000  1.00000  1.00000  1.00000  1.00000  1.00000  1.00000  0.76904  1.00000
4.226095035e-01  0.77303  1.00000  1.00000  1.00000  1.00000  1.00000  1.00000  1.00000  1.00000  1.00000  1.00000  1.00000  1.00000  1.00000  1.00000  0.77303  1.00000
4.247225511e-01  0.77687  1.00000  1.00000  1.00000  1.00000  1.00000  1.00000  1.00000  1.00000  1.00000  1.00000  1.00000  1.00000  1.00000  1.00000  0.77687  1.00000
4.268461638e-01  0.78059  1.00000  1.00000  1.00000  1.00000  1.00000  1.00000  1.00000  1.00000  1.00000  1.00000  1.00000  1.00000  1.00000  1.00000  0.78059  1.00000
4.289803946e-01  0.78441  1.00000  1.00000  1.00000  1.00000  1.00000  1.00000  1.00000  1.00000  1.00000  1.00000  1.00000  1.00000  1.00000  1.00000  0.78441  1.00000
4.311252966e-01  0.78818  1.00000  1.00000  1.00000  1.00000  1.00000  1.00000  1.00000  1.00000  1.00000  1.00000  1.00000  1.00000  1.00000  1.00000  0.78818  1.00000
4.332809231e-01  0.79189  1.00000  1.00000  1.00000  1.00000  1.00000  1.00000  1.00000  1.00000  1.00000  1.00000  1.00000  1.00000  1.00000  1.00000  0.79189  1.00000
4.354473277e-01  0.79555  1.00000  1.00000  1.00000  1.00000  1.00000  1.00000  1.00000  1.00000  1.00000  1.00000  1.00000  1.00000  1.00000  1.00000  0.79555  1.00000
4.376245643e-01  0.79915  1.00000  1.00000  1.00000  1.00000  1.00000  1.00000  1.00000  1.00000  1.00000  1.00000  1.00000  1.00000  1.00000  1.00000  0.79915  1.00000
4.398126872e-01  0.80270  1.00000  1.00000  1.00000  1.00000  1.00000  1.00000  1.00000  1.00000  1.00000  1.00000  1.00000  1.00000  1.00000  1.00000  0.80270  1.00000
4.420117506e-01  0.80619  1.00000  1.00000  1.00000  1.00000  1.00000  1.00000  1.00000  1.00000  1.00000  1.00000  1.00000  1.00000  1.00000  1.00000  0.80619  1.00000
4.442218094e-01  0.80963  1.00000  1.00000  1.00000  1.00000  1.00000  1.00000  1.00000  1.00000  1.00000  1.00000  1.00000  1.00000  1.00000  1.00000  0.80963  1.00000
4.464429184e-01  0.81301  1.00000  1.00000  1.00000  1.00000  1.00000  1.00000  1.00000  1.00000  1.00000  1.00000  1.00000  1.00000  1.00000  1.00000  0.81301  1.00000
4.486751330e-01  0.81635  1.00000  1.00000  1.00000  1.00000  1.00000  1.00000  1.00000  1.00000  1.00000  1.00000  1.00000  1.00000  1.00000  1.00000  0.81635  1.00000
4.509185087e-01  0.81962  1.00000  1.00000  1.00000  1.00000  1.00000  1.00000  1.00000  1.00000  1.00000  1.00000  1.00000  1.00000  1.00000  1.00000  0.81962  1.00000
4.531731012e-01  0.82285  1.00000  1.00000  1.00000  1.00000  1.00000  1.00000  1.00000  1.00000  1.00000  1.00000  1.00000  1.00000  1.00000  1.00000  0.82285  1.00000
4.554389667e-01  0.82602  1.00000  1.00000  1.00000  1.00000  1.00000  1.00000  1.00000  1.00000  1.00000  1.00000  1.00000  1.00000  1.00000  1.00000  0.82602  1.00000
4.577161615e-01  0.82915  1.00000  1.00000  1.00000  1.00000  1.00000  1.00000  1.00000  1.00000  1.00000  1.00000  1.00000  1.00000  1.00000  1.00000  0.82915  1.00000
4.600047424e-01  0.83222  1.00000  1.00000  1.00000  1.00000  1.00000  1.00000  1.00000  1.00000  1.00000  1.00000  1.00000  1.00000  1.00000  1.00000  0.83222  1.00000
4.623047661e-01  0.83525  1.00000  1.00000  1.00000  1.00000  1.00000  1.00000  1.00000  1.00000  1.00000  1.00000  1.00000  1.00000  1.00000  1.00000  0.83525  1.00000
4.646162899e-01  0.83822  1.00000  1.00000  1.00000  1.00000  1.00000  1.00000  1.00000  1.00000  1.00000  1.00000  1.00000  1.00000  1.00000  1.00000  0.83822  1.00000
4.669393713e-01  0.84115  1.00000  1.00000  1.00000  1.00000  1.00000  1.00000  1.00000  1.00000  1.00000  1.00000  1.00000  1.00000  1.00000  1.00000  0.84115  1.00000
4.692740682e-01  0.84403  1.00000  1.00000  1.00000  1.00000  1.00000  1.00000  1.00000  1.00000  1.00000  1.00000  1.00000  1.00000  1.00000  1.00000  0.84403  1.00000
4.716204385e-01  0.84686  1.00000  1.00000  1.00000  1.00000  1.00000  1.00000  1.00000  1.00000  1.00000  1.00000  1.00000  1.00000  1.00000  1.00000  0.84686  1.00000
4.739785407e-01  0.84965  1.00000  1.00000  1.00000  1.00000  1.00000  1.00000  1.00000  1.00000  1.00000  1.00000  1.00000  1.00000  1.00000  1.00000  0.84965  1.00000
4.763484334e-01  0.85239  1.00000  1.00000  1.00000  1.00000  1.00000  1.00000  1.00000  1.00000  1.00000  1.00000  1.00000  1.00000  1.00000  1.00000  0.85239  1.00000
4.787301756e-01  0.85508  1.00000  1.00000  1.00000  1.00000  1.00000  1.00000  1.00000  1.00000  1.00000  1.00000  1.00000  1.00000  1.00000  1.00000  0.85508  1.00000
4.811238265e-01  0.85773  1.00000  1.00000  1.00000  1.00000  1.00000  1.00000  1.00000  1.00000  1.00000  1.00000  1.00000  1.00000  1.00000  1.00000  0.85773  1.00000
4.835294456e-01  0.86033  1.00000  1.00000  1.00000  1.00000  1.00000  1.00000  1.00000  1.00000  1.00000  1.00000  1.00000  1.00000  1.00000  1.00000  0.86033  1.00000
4.859470928e-01  0.86289  1.00000  1.00000  1.00000  1.00000  0.99999  1.00000  1.00000  1.00000  1.00000  1.00000  1.00000  1.00000  1.00000  1.00000  0.86289  1.00000
4.883768283e-01  0.86541  1.00000  1.00000  1.00000  1.00000  1.00000  1.00000  1.00000  1.00000  1.00000  1.00000  1.00000  1.00000  1.00000  1.00000  0.86541  1.00000
4.908187124e-01  0.86788  1.00000  1.00000  1.00000  1.00000  1.00000  1.00000  1.00000  1.00000  1.00000  1.00000  1.00000  1.00000  1.00000  1.00000  0.86788  1.00000
4.932728060e-01  0.87031  1.00000  1.00000  1.00000  1.00000  1.00000  1.00000  1.00000  1.00000  1.00000  1.00000  1.00000  1.00000  1.00000  1.00000  0.87031  1.00000
4.957391700e-01  0.87271  1.00000  1.00000  1.00000  1.00000  1.00000  1.00000  1.00000  1.00000  1.00000  1.00000  1.00000  1.00000  1.00000  1.00000  0.87271  1.00000
4.982178659e-01  0.87506  1.00000  1.00000  1.00000  1.00000  1.00000  1.00000  1.00000  1.00000  1.00000  1.00000  1.00000  1.00000  1.00000  1.00000  0.87506  1.00000
5.007089552e-01  0.87737  1.00000  1.00000  1.00000  1.00000  1.00000  1.00000  1.00000  1.00000  1.00000  1.00000  1.00000  1.00000  1.00000  1.00000  0.87737  1.00000
5.032125000e-01  0.87963  1.00000  1.00000  1.00000  1.00000  1.00000  1.00000  1.00000  1.00000  1.00000  1.00000  1.00000  1.00000  1.00000  1.00000  0.87964  1.00000
5.057285625e-01  0.88187  1.00000  1.00000  1.00000  1.00000  1.00000  1.00000  1.00000  1.00000  1.00000  1.00000  1.00000  1.00000  1.00000  1.00000  0.88187  1.00000
5.082572053e-01  0.88406  1.00000  1.00000  1.00000  1.00000  1.00000  1.00000  1.00000  1.00000  1.00000  1.00000  1.00000  1.00000  1.00000  1.00000  0.88406  1.00000
5.107984913e-01  0.88621  1.00000  1.00000  1.00000  1.00000  1.00000  1.00000  1.00000  1.00000  1.00000  1.00000  1.00000  1.00000  1.00000  1.00000  0.88622  1.00000
5.133524838e-01  0.88833  1.00000  1.00000  1.00000  1.00000  1.00000  1.00000  1.00000  1.00000  1.00000  1.00000  1.00000  1.00000  1.00000  1.00000  0.88833  1.00000
5.159192462e-01  0.89041  1.00000  1.00000  1.00000  1.00000  1.00000  1.00000  1.00000  1.00000  1.00000  1.00000  1.00000  1.00000  1.00000  1.00000  0.89041  1.00000
5.184988424e-01  0.89245  1.00000  1.00000  1.00000  1.00000  1.00000  1.00000  1.00000  1.00000  1.00000  1.00000  1.00000  1.00000  1.00000  1.00000  0.89245  1.00000
5.210913367e-01  0.89446  1.00000  1.00000  1.00000  1.00000  1.00000  1.00000  1.00000  1.00000  1.00000  1.00000  1.00000  1.00000  1.00000  1.00000  0.89446  1.00000
5.236967933e-01  0.89643  1.00000  1.00000  1.00000  1.00000  1.00000  1.00000  1.00000  1.00000  1.00000  1.00000  1.00000  1.00000  1.00000  1.00000  0.89644  1.00000
5.263152773e-01  0.89837  1.00000  1.00000  1.00000  1.00000  1.00000  1.00000  1.00000  1.00000  1.00000  1.00000  1.00000  1.00000  1.00000  1.00000  0.89837  1.00000
5.289468537e-01  0.90028  1.00000  1.00000  1.00000  1.00000  1.00000  1.00000  1.00000  1.00000  1.00000  1.00000  1.00000  1.00000  1.00000  1.00000  0.90028  1.00000
5.315915880e-01  0.90215  1.00000  1.00000  1.00000  1.00000  1.00000  1.00000  1.00000  1.00000  1.00000  1.00000  1.00000  1.00000  1.00000  1.00000  0.90215  1.00000
5.342495459e-01  0.90398  1.00000  1.00000  1.00000  1.00000  1.00000  1.00000  1.00000  1.00000  1.00000  1.00000  1.00000  1.00000  1.00000  1.00000  0.90398  1.00000
5.369207936e-01  0.90578  1.00000  1.00000  1.00000  1.00000  0.99999  1.00000  1.00000  1.00000  1.00000  1.00000  1.00000  1.00000  1.00000  1.00000  0.90579  1.00000
5.396053976e-01  0.90754  1.00000  1.00000  1.00000  1.00000  0.99998  1.00000  1.00000  1.00000  1.00000  1.00000  1.00000  1.00000  1.00000  1.00000  0.90756  1.00000
5.423034246e-01  0.90927  1.00000  1.00000  1.00000  1.00000  0.99996  1.00000  1.00000  1.00000  1.00000  1.00000  1.00000  1.00000  1.00000  1.00000  0.90930  1.00000
5.450149417e-01  0.91099  1.00000  1.00000  1.00000  1.00000  0.99998  1.00000  1.00000  1.00000  1.00000  1.00000  1.00000  1.00000  1.00000  1.00000  0.91101  1.00000
5.477400164e-01  0.91269  1.00000  1.00000  1.00000  1.00000  1.00000  1.00000  1.00000  1.00000  1.00000  1.00000  1.00000  1.00000  1.00000  1.00000  0.91269  1.00000
5.504787165e-01  0.91434  1.00000  1.00000  1.00000  1.00000  1.00000  1.00000  1.00000  1.00000  1.00000  1.00000  1.00000  1.00000  1.00000  1.00000  0.91434  1.00000
5.532311101e-01  0.91596  1.00000  1.00000  1.00000  1.00000  1.00000  1.00000  1.00000  1.00000  1.00000  1.00000  1.00000  1.00000  1.00000  1.00000  0.91596  1.00000
5.559972656e-01  0.91755  1.00000  1.00000  1.00000  1.00000  1.00000  1.00000  1.00000  1.00000  1.00000  1.00000  1.00000  1.00000  1.00000  1.00000  0.91755  1.00000
5.587772520e-01  0.91911  1.00000  1.00000  1.00000  1.00000  1.00000  1.00000  1.00000  1.00000  1.00000  1.00000  1.00000  1.00000  1.00000  1.00000  0.91911  1.00000
5.615711382e-01  0.92064  1.00000  1.00000  1.00000  1.00000  1.00000  1.00000  1.00000  1.00000  1.00000  1.00000  1.00000  1.00000  1.00000  1.00000  0.92064  1.00000
5.643789939e-01  0.92214  1.00000  1.00000  1.00000  1.00000  1.00000  1.00000  1.00000  1.00000  1.00000  1.00000  1.00000  1.00000  1.00000  1.00000  0.92214  1.00000
5.672008889e-01  0.92362  1.00000  1.00000  1.00000  1.00000  1.00000  1.00000  1.00000  1.00000  1.00000  1.00000  1.00000  1.00000  1.00000  1.00000  0.92362  1.00000
5.700368933e-01  0.92507  1.00000  1.00000  1.00000  1.00000  0.99999  1.00000  1.00000  1.00000  1.00000  1.00000  1.00000  1.00000  1.00000  1.00000  0.92507  1.00000
5.728870778e-01  0.92649  1.00000  1.00000  1.00000  1.00000  0.99999  1.00000  1.00000  1.00000  1.00000  1.00000  1.00000  1.00000  1.00000  1.00000  0.92650  1.00000
5.757515132e-01  0.92788  1.00000  1.00000  1.00000  1.00000  0.99999  1.00000  1.00000  1.00000  1.00000  1.00000  1.00000  1.00000  1.00000  1.00000  0.92789  1.00000
5.786302707e-01  0.92926  1.00000  1.00000  1.00000  1.00000  0.99999  1.00000  1.00000  1.00000  1.00000  1.00000  1.00000  1.00000  1.00000  1.00000  0.92927  1.00000
5.815234221e-01  0.93061  1.00000  1.00000  1.00000  1.00000  1.00000  1.00000  1.00000  1.00000  1.00000  1.00000  1.00000  1.00000  1.00000  1.00000  0.93061  1.00000
5.844310392e-01  0.93194  1.00000  1.00000  1.00000  1.00000  1.00000  1.00000  1.00000  1.00000  1.00000  1.00000  1.00000  1.00000  1.00000  1.00000  0.93194  1.00000
5.873531944e-01  0.93324  1.00000  1.00000  1.00000  1.00000  1.00000  1.00000  1.00000  1.00000  1.00000  1.00000  1.00000  1.00000  1.00000  1.00000  0.93324  1.00000
5.902899604e-01  0.93451  1.00000  1.00000  1.00000  1.00000  1.00000  1.00000  1.00000  1.00000  1.00000  1.00000  1.00000  1.00000  1.00000  1.00000  0.93451  1.00000
5.932414102e-01  0.93576  1.00000  1.00000  1.00000  1.00000  1.00000  1.00000  1.00000  1.00000  1.00000  1.00000  1.00000  1.00000  1.00000  1.00000  0.93576  1.00000
5.962076172e-01  0.93698  1.00000  1.00000  1.00000  1.00000  0.99999  1.00000  1.00000  1.00000  1.00000  1.00000  1.00000  1.00000  1.00000  1.00000  0.93699  1.00000
5.991886553e-01  0.93819  1.00000  1.00000  1.00000  1.00000  0.99999  1.00000  1.00000  1.00000  1.00000  1.00000  1.00000  1.00000  1.00000  1.00000  0.93819  1.00000
6.021845986e-01  0.93938  1.00000  1.00000  1.00000  1.00000  1.00000  1.00000  1.00000  1.00000  1.00000  1.00000  1.00000  1.00000  1.00000  1.00000  0.93938  1.00000
6.051955216e-01  0.94054  1.00000  1.00000  1.00000  1.00000  1.00000  1.00000  1.00000  1.00000  1.00000  1.00000  1.00000  1.00000  1.00000  1.00000  0.94054  1.00000
6.082214992e-01  0.94167  1.00000  1.00000  1.00000  1.00000  0.99999  1.00000  1.00000  1.00000  1.00000  1.00000  1.00000  1.00000  1.00000  1.00000  0.94168  1.00000
6.112626067e-01  0.94278  1.00000  1.00000  1.00000  1.00000  0.99998  1.00000  1.00000  1.00000  1.00000  1.00000  1.00000  1.00000  1.00000  1.00000  0.94280  1.00000
6.143189197e-01  0.94384  1.00000  1.00000  1.00000  1.00000  0.99994  1.00000  1.00000  1.00000  1.00000  1.00000  1.00000  1.00000  1.00000  1.00000  0.94390  1.00000
6.173905143e-01  0.94486  1.00000  1.00000  1.00000  1.00000  0.99988  1.00000  1.00000  1.00000  1.00000  1.00000  1.00000  1.00000  1.00000  1.00000  0.94497  1.00000
6.204774669e-01  0.94589  1.00000  1.00000  1.00000  1.00000  0.99985  1.00000  1.00000  1.00000  1.00000  1.00000  1.00000  1.00000  1.00000  1.00000  0.94603  1.00000
6.235798542e-01  0.94700  1.00000  1.00000  1.00000  1.00000  0.99993  1.00000  1.00000  1.00000  1.00000  1.00000  1.00000  1.00000  1.00000  1.00000  0.94707  1.00000
6.266977535e-01  0.94807  1.00000  1.00000  1.00000  1.00000  0.99999  1.00000  1.00000  1.00000  1.00000  1.00000  1.00000  1.00000  1.00000  1.00000  0.94808  1.00000
6.298312423e-01  0.94908  1.00000  1.00000  1.00000  1.00000  1.00000  1.00000  1.00000  1.00000  1.00000  1.00000  1.00000  1.00000  1.00000  1.00000  0.94908  1.00000
6.329803985e-01  0.95006  1.00000  1.00000  1.00000  1.00000  1.00000  1.00000  1.00000  1.00000  1.00000  1.00000  1.00000  1.00000  1.00000  1.00000  0.95006  1.00000
6.361453005e-01  0.95102  1.00000  1.00000  1.00000  1.00000  1.00000  1.00000  1.00000  1.00000  1.00000  1.00000  1.00000  1.00000  1.00000  1.00000  0.95102  1.00000
6.393260270e-01  0.95197  1.00000  1.00000  1.00000  1.00000  1.00000  1.00000  1.00000  1.00000  1.00000  1.00000  1.00000  1.00000  1.00000  1.00000  0.95197  1.00000
6.425226571e-01  0.95289  1.00000  1.00000  1.00000  1.00000  0.99999  1.00000  1.00000  1.00000  1.00000  1.00000  1.00000  1.00000  1.00000  1.00000  0.95289  1.00000
6.457352704e-01  0.95380  1.00000  1.00000  1.00000  1.00000  0.99999  1.00000  1.00000  1.00000  1.00000  1.00000  1.00000  1.00000  1.00000  1.00000  0.95380  1.00000
6.489639467e-01  0.95469  1.00000  1.00000  1.00000  1.00000  0.99999  1.00000  1.00000  1.00000  1.00000  1.00000  1.00000  1.00000  1.00000  1.00000  0.95469  1.00000
6.522087665e-01  0.95556  1.00000  1.00000  1.00000  1.00000  0.99999  1.00000  1.00000  1.00000  1.00000  1.00000  1.00000  1.00000  1.00000  1.00000  0.95557  1.00000
6.554698103e-01  0.95641  1.00000  1.00000  1.00000  1.00000  0.99998  1.00000  1.00000  1.00000  1.00000  1.00000  1.00000  1.00000  1.00000  1.00000  0.95643  1.00000
6.587471594e-01  0.95725  1.00000  1.00000  1.00000  1.00000  0.99998  1.00000  1.00000  1.00000  1.00000  1.00000  1.00000  1.00000  1.00000  1.00000  0.95727  1.00000
6.620408952e-01  0.95807  1.00000  1.00000  1.00000  1.00000  0.99997  1.00000  1.00000  1.00000  1.00000  1.00000  1.00000  1.00000  1.00000  1.00000  0.95810  1.00000
6.653510996e-01  0.95886  1.00000  1.00000  1.00000  1.00000  0.99995  1.00000  1.00000  1.00000  1.00000  1.00000  1.00000  1.00000  1.00000  1.00000  0.95891  1.00000
6.686778551e-01  0.95967  1.00000  1.00000  1.00000  1.00000  0.99996  1.00000  1.00000  1.00000  1.00000  1.00000  1.00000  1.00000  1.00000  1.00000  0.95970  1.00000
6.720212444e-01  0.96047  1.00000  1.00000  1.00000  1.00000  0.99998  1.00000  1.00000  1.00000  1.00000  1.00000  1.00000  1.00000  1.00000  1.00000  0.96048  1.00000
6.753813506e-01  0.96124  1.00000  1.00000  1.00000  1.00000  0.99999  1.00000  1.00000  1.00000  1.00000  1.00000  1.00000  1.00000  1.00000  1.00000  0.96125  1.00000
6.787582574e-01  0.96200  1.00000  1.00000  1.00000  1.00000  1.00000  1.00000  1.00000  1.00000  1.00000  1.00000  1.00000  1.00000  1.00000  1.00000  0.96200  1.00000
6.821520487e-01  0.96272  1.00000  1.00000  1.00000  1.00000  0.99999  1.00000  1.00000  1.00000  1.00000  1.00000  1.00000  1.00000  1.00000  1.00000  0.96273  1.00000
6.855628089e-01  0.96345  1.00000  1.00000  1.00000  1.00000  0.99999  1.00000  1.00000  1.00000  1.00000  1.00000  1.00000  1.00000  1.00000  1.00000  0.96346  1.00000
6.889906230e-01  0.96416  1.00000  1.00000  1.00000  1.00000  0.99999  1.00000  1.00000  1.00000  1.00000  1.00000  1.00000  1.00000  1.00000  1.00000  0.96417  1.00000
6.924355761e-01  0.96486  1.00000  1.00000  1.00000  1.00000  0.99999  1.00000  1.00000  1.00000  1.00000  1.00000  1.00000  1.00000  1.00000  1.00000  0.96486  1.00000
6.958977540e-01  0.96553  1.00000  1.00000  1.00000  1.00000  0.99998  1.00000  1.00000  1.00000  1.00000  1.00000  1.00000  1.00000  1.00000  1.00000  0.96554  1.00000
6.993772427e-01  0.96617  1.00000  1.00000  1.00000  1.00000  0.99995  1.00000  1.00000  1.00000  1.00000  1.00000  1.00000  1.00000  1.00000  1.00000  0.96621  1.00000
7.028741289e-01  0.96679  1.00000  1.00000  1.00000  1.00000  0.99992  1.00000  1.00000  1.00000  1.00000  1.00000  1.00000  1.00000  1.00000  1.00000  0.96687  1.00000
7.063884996e-01  0.96746  1.00000  1.00000  1.00000  1.00000  0.99994  1.00000  1.00000  1.00000  1.00000  1.00000  1.00000  1.00000  1.00000  1.00000  0.96751  1.00000
7.099204421e-01  0.96811  1.00000  1.00000  1.00000  1.00000  0.99997  1.00000  1.00000  1.00000  1.00000  1.00000  1.00000  1.00000  1.00000  1.00000  0.96814  1.00000
7.134700443e-01  0.96874  1.00000  1.00000  1.00000  1.00000  0.99998  1.00000  1.00000  1.00000  1.00000  1.00000  1.00000  1.00000  1.00000  1.00000  0.96876  1.00000
7.170373945e-01  0.96925  1.00000  1.00000  1.00000  1.00000  0.99988  1.00000  1.00000  1.00000  1.00000  1.00000  1.00000  1.00000  1.00000  1.00000  0.96937  1.00000
7.206225815e-01  0.96964  1.00000  1.00000  1.00000  1.00000  0.99966  1.00000  1.00000  1.00000  1.00000  1.00000  1.00000  1.00000  1.00000  1.00000  0.96997  1.00000
7.242256944e-01  0.96993  1.00000  1.00000  1.00000  1.00000  0.99936  1.00000  1.00000  1.00000  1.00000  1.00000  1.00000  1.00000  1.00000  1.00000  0.97055  1.00000
7.278468229e-01  0.97017  1.00000  1.00000  1.00000  1.00000  0.99902  1.00000  1.00000  1.00000  1.00000  1.00000  1.00000  1.00000  1.00000  1.00000  0.97112  1.00000
7.314860570e-01  0.97121  1.00000  1.00000  1.00000  1.00000  0.99951  1.00000  1.00000  1.00000  1.00000  1.00000  1.00000  1.00000  1.00000  1.00000  0.97169  1.00000
7.351434873e-01  0.97206  1.00000  1.00000  1.00000  1.00000  0.99981  1.00000  1.00000  1.00000  1.00000  1.00000  1.00000  1.00000  1.00000  1.00000  0.97224  1.00000
7.388192047e-01  0.97272  1.00000  1.00000  1.00000  1.00000  0.99994  1.00000  1.00000  1.00000  1.00000  1.00000  1.00000  1.00000  1.00000  1.00000  0.97278  1.00000
7.425133007e-01  0.97330  1.00000  1.00000  1.00000  1.00000  0.99999  1.00000  1.00000  1.00000  1.00000  1.00000  1.00000  1.00000  1.00000  1.00000  0.97331  1.00000
7.462258672e-01  0.97382  1.00000  1.00000  1.00000  1.00000  1.00000  1.00000  1.00000  1.00000  1.00000  1.00000  1.00000  1.00000  1.00000  1.00000  0.97383  1.00000
7.499569966e-01  0.97434  1.00000  1.00000  1.00000  1.00000  1.00000  1.00000  1.00000  1.00000  1.00000  1.00000  1.00000  1.00000  1.00000  1.00000  0.97434  1.00000
7.537067815e-01  0.97484  1.00000  1.00000  1.00000  1.00000  1.00000  1.00000  1.00000  1.00000  1.00000  1.00000  1.00000  1.00000  1.00000  1.00000  0.97484  1.00000
7.574753155e-01  0.97532  1.00000  1.00000  1.00000  1.00000  0.99999  1.00000  1.00000  1.00000  1.00000  1.00000  1.00000  1.00000  1.00000  1.00000  0.97533  1.00000
7.612626920e-01  0.97579  1.00000  1.00000  1.00000  1.00000  0.99998  1.00000  1.00000  1.00000  1.00000  1.00000  1.00000  1.00000  1.00000  1.00000  0.97581  1.00000
7.650690055e-01  0.97625  1.00000  1.00000  1.00000  1.00000  0.99996  1.00000  1.00000  1.00000  1.00000  1.00000  1.00000  1.00000  1.00000  1.00000  0.97628  1.00000
7.688943505e-01  0.97671  1.00000  1.00000  1.00000  1.00000  0.99996  1.00000  1.00000  1.00000  1.00000  1.00000  1.00000  1.00000  1.00000  1.00000  0.97675  1.00000
7.727388223e-01  0.97715  1.00000  1.00000  1.00000  1.00000  0.99995  1.00000  1.00000  1.00000  1.00000  1.00000  1.00000  1.00000  1.00000  1.00000  0.97720  1.00000
7.766025164e-01  0.97757  1.00000  1.00000  1.00000  1.00000  0.99992  1.00000  1.00000  1.00000  1.00000  1.00000  1.00000  1.00000  1.00000  1.00000  0.97765  1.00000
7.804855290e-01  0.97793  1.00000  1.00000  1.00000  1.00000  0.99984  1.00000  1.00000  1.00000  1.00000  1.00000  1.00000  1.00000  1.00000  1.00000  0.97808  1.00000
7.843879566e-01  0.97832  1.00000  1.00000  1.00000  1.00000  0.99981  1.00000  1.00000  1.00000  1.00000  1.00000  1.00000  1.00000  1.00000  1.00000  0.97851  1.00000
7.883098964e-01  0.97878  1.00000  1.00000  1.00000  1.00000  0.99985  1.00000  1.00000  1.00000  1.00000  1.00000  1.00000  1.00000  1.00000  1.00000  0.97893  1.00000
7.922514459e-01  0.97917  1.00000  1.00000  1.00000  1.00000  0.99982  1.00000  1.00000  1.00000  1.00000  1.00000  1.00000  1.00000  1.00000  1.00000  0.97934  1.00000
7.962127031e-01  0.97950  1.00000  1.00000  1.00000  1.00000  0.99975  1.00000  1.00000  1.00000  1.00000  1.00000  1.00000  1.00000  1.00000  1.00000  0.97975  1.00000
8.001937666e-01  0.97992  1.00000  1.00000  1.00000  1.00000  0.99977  1.00000  1.00000  1.00000  1.00000  1.00000  1.00000  1.00000  1.00000  1.00000  0.98014  1.00000
8.041947355e-01  0.98037  1.00000  1.00000  1.00000  1.00000  0.99984  1.00000  1.00000  1.00000  1.00000  1.00000  1.00000  1.00000  1.00000  1.00000  0.98053  1.00000
8.082157091e-01  0.98081  1.00000  1.00000  1.00000  1.00000  0.99990  1.00000  1.00000  1.00000  1.00000  1.00000  1.00000  1.00000  1.00000  1.00000  0.98091  1.00000
8.122567877e-01  0.98122  1.00000  1.00000  1.00000  1.00000  0.99994  1.00000  1.00000  1.00000  1.00000  1.00000  1.00000  1.00000  1.00000  1.00000  0.98128  1.00000
8.163180716e-01  0.98162  1.00000  1.00000  1.00000  1.00000  0.99997  1.00000  1.00000  1.00000  1.00000  1.00000  1.00000  1.00000  1.00000  1.00000  0.98165  1.00000
8.203996620e-01  0.98200  1.00000  1.00000  1.00000  1.00000  0.99999  1.00000  1.00000  1.00000  1.00000  1.00000  1.00000  1.00000  1.00000  1.00000  0.98201  1.00000
8.245016603e-01  0.98235  1.00000  1.00000  1.00000  1.00000  0.99999  1.00000  1.00000  1.00000  1.00000  1.00000  1.00000  1.00000  1.00000  1.00000  0.98236  1.00000
8.286241686e-01  0.98270  1.00000  1.00000  1.00000  1.00000  0.99999  1.00000  1.00000  1.00000  1.00000  1.00000  1.00000  1.00000  1.00000  1.00000  0.98271  1.00000
8.327672894e-01  0.98304  1.00000  1.00000  1.00000  1.00000  0.99999  1.00000  1.00000  1.00000  1.00000  1.00000  1.00000  1.00000  1.00000  1.00000  0.98305  1.00000
8.369311259e-01  0.98328  1.00000  1.00000  1.00000  1.00000  0.99990  1.00000  1.00000  1.00000  1.00000  1.00000  1.00000  1.00000  1.00000  1.00000  0.98338  1.00000
8.411157815e-01  0.98354  1.00000  1.00000  1.00000  1.00000  0.99983  1.00000  1.00000  1.00000  1.00000  1.00000  1.00000  1.00000  1.00000  1.00000  0.98370  1.00000
8.453213604e-01  0.98392  1.00000  1.00000  1.00000  1.00000  0.99989  1.00000  1.00000  1.00000  1.00000  1.00000  1.00000  1.00000  1.00000  1.00000  0.98402  1.00000
8.495479672e-01  0.98426  1.00000  1.00000  1.00000  1.00000  0.99992  1.00000  1.00000  1.00000  1.00000  1.00000  1.00000  1.00000  1.00000  1.00000  0.98434  1.00000
8.537957071e-01  0.98449  1.00000  1.00000  1.00000  1.00000  0.99984  1.00000  1.00000  1.00000  1.00000  1.00000  1.00000  1.00000  1.00000  1.00000  0.98464  1.00000
8.580646856e-01  0.98450  1.00000  1.00000  1.00000  1.00000  0.99955  1.00000  1.00000  1.00000  1.00000  1.00000  1.00000  1.00000  1.00000  1.00000  0.98494  1.00000
8.623550090e-01  0.98420  1.00000  1.00000  1.00000  1.00000  0.99895  1.00000  1.00000  1.00000  1.00000  1.00000  1.00000  1.00000  1.00000  1.00000  0.98524  1.00000
8.666667841e-01  0.98469  1.00000  1.00000  1.00000  1.00000  0.99915  1.00000  1.00000  1.00000  1.00000  1.00000  1.00000  1.00000  1.00000  1.00000  0.98553  1.00000
8.710001180e-01  0.98519  1.00000  0.99999  1.00000  1.00000  0.99938  1.00000  1.00000  1.00000  1.00000  1.00000  1.00000  1.00000  1.00000  1.00000  0.98581  1.00000
8.753551186e-01  0.98552  1.00000  0.99999  1.00000  1.00000  0.99943  1.00000  1.00000  1.00000  1.00000  1.00000  1.00000  1.00000  1.00000  1.00000  0.98609  1.00000
8.797318942e-01  0.98517  1.00000  1.00000  1.00000  1.00000  0.99878  1.00000  1.00000  1.00000  1.00000  1.00000  1.00000  1.00000  1.00000  1.00000  0.98636  1.00000
8.841305536e-01  0.97742  1.00000  1.00000  1.00000  1.00000  0.99066  1.00000  1.00000  1.00000  1.00000  1.00000  1.00000  1.00000  1.00000  1.00000  0.98663  1.00000
8.885512064e-01  0.97391  1.00000  1.00000  1.00000  1.00000  0.98684  1.00000  1.00000  1.00000  1.00000  1.00000  1.00000  1.00000  1.00000  1.00000  0.98689  1.00000
8.929939624e-01  0.97720  1.00000  1.00000  1.00000  1.00000  0.98992  1.00000  1.00000  1.00000  1.00000  1.00000  1.00000  1.00000  1.00000  1.00000  0.98715  1.00000
8.974589322e-01  0.98009  1.00000  1.00000  1.00000  1.00000  0.99259  1.00000  1.00000  1.00000  1.00000  1.00000  1.00000  1.00000  1.00000  1.00000  0.98740  1.00000
9.019462269e-01  0.98399  1.00000  1.00000  1.00000  1.00000  0.99630  1.00000  1.00000  1.00000  1.00000  1.00000  1.00000  1.00000  1.00000  1.00000  0.98765  1.00000
9.064559580e-01  0.98670  1.00000  1.00000  1.00000  1.00000  0.99879  1.00000  1.00000  1.00000  1.00000  1.00000  1.00000  1.00000  1.00000  1.00000  0.98789  1.00000
9.109882378e-01  0.98766  1.00000  1.00000  1.00000  1.00000  0.99953  1.00000  1.00000  1.00000  1.00000  1.00000  1.00000  1.00000  1.00000  1.00000  0.98813  1.00000
9.155431790e-01  0.98803  1.00000  1.00000  1.00000  1.00000  0.99966  1.00000  1.00000  1.00000  1.00000  1.00000  1.00000  1.00000  1.00000  1.00000  0.98836  1.00000
9.201208949e-01  0.98848  1.00000  1.00000  1.00000  1.00000  0.99988  1.00000  1.00000  1.00000  1.00000  1.00000  1.00000  1.00000  1.00000  1.00000  0.98859  1.00000
9.247214994e-01  0.98876  1.00000  1.00000  1.00000  1.00000  0.99995  1.00000  1.00000  1.00000  1.00000  1.00000  1.00000  1.00000  1.00000  1.00000  0.98882  1.00000
9.293451069e-01  0.98901  1.00000  1.00000  1.00000  1.00000  0.99997  1.00000  1.00000  1.00000  1.00000  1.00000  1.00000  1.00000  1.00000  1.00000  0.98904  1.00000
9.339918324e-01  0.98924  1.00000  1.00000  1.00000  1.00000  0.99999  1.00000  1.00000  1.00000  1.00000  1.00000  1.00000  1.00000  1.00000  1.00000  0.98925  1.00000
9.386617916e-01  0.98946  1.00000  1.00000  1.00000  1.00000  1.00000  1.00000  1.00000  1.00000  1.00000  1.00000  1.00000  1.00000  1.00000  1.00000  0.98946  1.00000
9.433551005e-01  0.98965  1.00000  1.00000  1.00000  1.00000  0.99998  1.00000  1.00000  1.00000  1.00000  1.00000  1.00000  1.00000  1.00000  1.00000  0.98967  1.00000
9.480718760e-01  0.98981  1.00000  1.00000  1.00000  1.00000  0.99993  1.00000  1.00000  1.00000  1.00000  1.00000  1.00000  1.00000  1.00000  1.00000  0.98987  1.00000
9.528122354e-01  0.98988  1.00000  1.00000  1.00000  1.00000  0.99981  1.00000  1.00000  1.00000  1.00000  1.00000  1.00000  1.00000  1.00000  1.00000  0.99007  1.00000
9.575762966e-01  0.99002  1.00000  1.00000  1.00000  1.00000  0.99975  1.00000  1.00000  1.00000  1.00000  1.00000  1.00000  1.00000  1.00000  1.00000  0.99027  1.00000
9.623641781e-01  0.98975  1.00000  1.00000  1.00000  1.00000  0.99929  1.00000  0.99999  1.00000  1.00000  1.00000  1.00000  1.00000  1.00000  1.00000  0.99046  1.00000
9.671759990e-01  0.98944  1.00000  1.00000  1.00000  1.00000  0.99878  1.00000  1.00000  1.00000  1.00000  1.00000  1.00000  1.00000  1.00000  1.00000  0.99065  1.00000
9.720118790e-01  0.98815  1.00000  1.00000  1.00000  1.00000  0.99730  1.00000  1.00000  1.00000  1.00000  1.00000  1.00000  1.00000  1.00000  1.00000  0.99083  1.00000
9.768719384e-01  0.98837  1.00000  1.00000  1.00000  1.00000  0.99734  1.00000  1.00000  1.00000  1.00000  1.00000  1.00000  1.00000  1.00000  1.00000  0.99101  1.00000
9.817562981e-01  0.98780  1.00000  1.00000  1.00000  1.00000  0.99659  1.00000  1.00000  1.00000  1.00000  1.00000  1.00000  1.00000  1.00000  1.00000  0.99119  1.00000
9.866650795e-01  0.98763  1.00000  1.00000  1.00000  1.00000  0.99624  1.00000  1.00000  1.00000  1.00000  1.00000  1.00000  1.00000  1.00000  1.00000  0.99136  1.00000
9.915984049e-01  0.98657  1.00000  1.00000  1.00000  1.00000  0.99500  1.00000  1.00000  1.00000  1.00000  1.00000  1.00000  1.00000  1.00000  1.00000  0.99153  1.00000
9.965563970e-01  0.98658  1.00000  1.00000  1.00000  1.00000  0.99484  1.00000  1.00000  1.00000  1.00000  1.00000  1.00000  1.00000  1.00000  1.00000  0.99170  1.00000
1.001539179e+00  0.98655  1.00000  1.00000  1.00000  1.00000  0.99465  1.00000  1.00000  1.00000  1.00000  1.00000  1.00000  1.00000  1.00000  1.00000  0.99186  1.00000
1.006546875e+00  0.98741  1.00000  1.00000  1.00000  1.00000  0.99535  1.00000  1.00000  1.00000  1.00000  1.00000  1.00000  1.00000  1.00000  1.00000  0.99202  1.00000
1.011579609e+00  0.98776  1.00000  1.00000  1.00000  1.00000  0.99555  1.00000  1.00000  1.00000  1.00000  1.00000  1.00000  1.00000  1.00000  1.00000  0.99218  1.00000
1.016637507e+00  0.98865  1.00000  1.00000  1.00000  1.00000  0.99629  1.00000  1.00000  1.00000  1.00000  1.00000  1.00000  1.00000  1.00000  1.00000  0.99233  1.00000
1.021720695e+00  0.98973  1.00000  1.00000  1.00000  1.00000  0.99723  1.00000  1.00000  1.00000  1.00000  1.00000  1.00000  1.00000  1.00000  1.00000  0.99248  1.00000
1.026829298e+00  0.99084  1.00000  1.00000  1.00000  1.00000  0.99819  1.00000  1.00000  1.00000  1.00000  1.00000  1.00000  1.00000  1.00000  1.00000  0.99263  1.00000
1.031963445e+00  0.99173  1.00000  1.00000  1.00000  1.00000  0.99895  1.00000  1.00000  1.00000  1.00000  1.00000  1.00000  1.00000  1.00000  1.00000  0.99277  1.00000
1.037123262e+00  0.99229  1.00000  0.99997  1.00000  1.00000  0.99939  1.00000  1.00000  1.00000  1.00000  1.00000  1.00000  1.00000  1.00000  1.00000  0.99292  1.00000
1.042308878e+00  0.99270  1.00000  0.99997  1.00000  1.00000  0.99967  1.00000  1.00000  1.00000  1.00000  1.00000  1.00000  1.00000  1.00000  1.00000  0.99306  1.00000
1.047520423e+00  0.99301  1.00000  0.99999  1.00000  1.00000  0.99982  1.00000  1.00000  1.00000  1.00000  1.00000  1.00000  1.00000  1.00000  1.00000  0.99319  1.00000
1.052758025e+00  0.99315  1.00000  0.99984  1.00000  1.00000  0.99998  1.00000  1.00000  1.00000  1.00000  1.00000  1.00000  1.00000  1.00000  1.00000  0.99333  1.00000
1.058021815e+00  0.99342  1.00000  0.99996  1.00000  1.00000  1.00000  1.00000  1.00000  1.00000  1.00000  1.00000  1.00000  1.00000  1.00000  1.00000  0.99346  1.00000
1.063311924e+00  0.99357  1.00000  0.99999  1.00000  1.00000  1.00000  1.00000  1.00000  1.00000  1.00000  1.00000  1.00000  1.00000  1.00000  1.00000  0.99359  1.00000
1.068628484e+00  0.99369  1.00000  0.99998  1.00000  1.00000  1.00000  1.00000  1.00000  1.00000  1.00000  1.00000  1.00000  1.00000  1.00000  1.00000  0.99371  1.00000
1.073971626e+00  0.99383  1.00000  1.00000  1.00000  1.00000  1.00000  1.00000  1.00000  1.00000  1.00000  1.00000  1.00000  1.00000  1.00000  1.00000  0.99384  1.00000
1.079341484e+00  0.99396  1.00000  1.00000  1.00000  1.00000  1.00000  1.00000  1.00000  1.00000  1.00000  1.00000  1.00000  1.00000  1.00000  1.00000  0.99396  1.00000
1.084738192e+00  0.99407  1.00000  1.00000  1.00000  1.00000  0.99999  1.00000  1.00000  1.00000  1.00000  1.00000  1.00000  1.00000  1.00000  1.00000  0.99408  1.00000
1.090161883e+00  0.99411  1.00000  1.00000  1.00000  1.00000  0.99991  1.00000  1.00000  1.00000  1.00000  1.00000  1.00000  1.00000  1.00000  1.00000  0.99419  1.00000
1.095612692e+00  0.99383  1.00000  1.00000  1.00000  1.00000  0.99952  1.00000  1.00000  1.00000  1.00000  1.00000  1.00000  1.00000  1.00000  1.00000  0.99431  1.00000
1.101090755e+00  0.99381  1.00000  1.00000  1.00000  1.00000  0.99939  1.00000  1.00000  1.00000  1.00000  1.00000  1.00000  1.00000  1.00000  1.00000  0.99442  1.00000
1.106596209e+00  0.99392  1.00000  1.00000  1.00000  1.00000  0.99939  1.00000  1.00000  1.00000  1.00000  1.00000  1.00000  1.00000  1.00000  1.00000  0.99453  1.00000
1.112129190e+00  0.99264  1.00000  1.00000  1.00000  1.00000  0.99799  1.00000  1.00000  1.00000  1.00000  1.00000  1.00000  1.00000  1.00000  1.00000  0.99464  1.00000
1.117689836e+00  0.98899  1.00000  0.99999  1.00000  1.00000  0.99422  1.00000  1.00000  1.00000  1.00000  1.00000  1.00000  1.00000  1.00000  1.00000  0.99474  1.00000
1.123278285e+00  0.98287  1.00000  1.00000  1.00000  1.00000  0.98796  1.00000  1.00000  1.00000  1.00000  1.00000  1.00000  1.00000  1.00000  1.00000  0.99485  1.00000
1.128894677e+00  0.97185  1.00000  1.00000  1.00000  1.00000  0.97678  1.00000  1.00000  1.00000  1.00000  1.00000  1.00000  1.00000  1.00000  1.00000  0.99495  1.00000
1.134539150e+00  0.97719  1.00000  0.99999  1.00000  1.00000  0.98206  1.00000  1.00000  1.00000  1.00000  1.00000  1.00000  1.00000  1.00000  1.00000  0.99505  1.00000
1.140211846e+00  0.97410  1.00000  1.00000  1.00000  1.00000  0.97886  1.00000  1.00000  1.00000  1.00000  1.00000  1.00000  1.00000  1.00000  1.00000  0.99515  1.00000
1.145912905e+00  0.98068  1.00000  1.00000  1.00000  1.00000  0.98537  1.00000  1.00000  1.00000  1.00000  1.00000  1.00000  1.00000  1.00000  1.00000  0.99524  1.00000
1.151642470e+00  0.96725  1.00000  1.00000  1.00000  1.00000  0.97178  1.00000  1.00000  1.00000  1.00000  1.00000  1.00000  1.00000  1.00000  1.00000  0.99533  1.00000
1.157400682e+00  0.94077  1.00000  1.00000  1.00000  1.00000  0.94509  1.00000  1.00000  1.00000  1.00000  1.00000  1.00000  1.00000  1.00000  1.00000  0.99543  1.00000
1.163187685e+00  0.94787  1.00000  1.00000  1.00000  1.00000  0.95214  1.00000  1.00000  1.00000  1.00000  1.00000  1.00000  1.00000  1.00000  1.00000  0.99552  1.00000
1.169003624e+00  0.95005  1.00000  1.00000  1.00000  1.00000  0.95424  1.00000  1.00000  1.00000  1.00000  1.00000  1.00000  1.00000  1.00000  1.00000  0.99561  1.00000
1.174848642e+00  0.96594  1.00000  1.00000  1.00000  1.00000  0.97012  1.00000  1.00000  1.00000  1.00000  1.00000  1.00000  1.00000  1.00000  1.00000  0.99569  1.00000
1.180722885e+00  0.97815  1.00000  1.00000  1.00000  1.00000  0.98251  1.00000  0.99978  1.00000  1.00000  1.00000  1.00000  1.00000  1.00000  1.00000  0.99578  1.00000
1.186626500e+00  0.98039  1.00000  1.00000  1.00000  1.00000  0.98747  1.00000  0.99689  1.00000  1.00000  1.00000  1.00000  1.00000  1.00000  1.00000  0.99586  1.00000
1.192559632e+00  0.98246  1.00000  1.00000  1.00000  1.00000  0.98760  1.00000  0.99881  1.00000  1.00000  1.00000  1.00000  1.00000  1.00000  1.00000  0.99594  1.00000
1.198522430e+00  0.98983  1.00000  0.99992  1.00000  1.00000  0.99461  1.00000  0.99924  1.00000  1.00000  1.00000  1.00000  1.00000  1.00000  1.00000  0.99602  1.00000
1.204515042e+00  0.99100  1.00000  0.99862  1.00000  1.00000  0.99632  1.00000  0.99992  1.00000  1.00000  1.00000  1.00000  1.00000  1.00000  1.00000  0.99610  1.00000
1.210537618e+00  0.99209  1.00000  0.99749  1.00000  1.00000  0.99842  1.00000  0.99997  1.00000  1.00000  1.00000  1.00000  1.00000  1.00000  1.00000  0.99618  1.00000
1.216590306e+00  0.99495  1.00000  0.99972  1.00000  1.00000  0.99900  1.00000  0.99997  1.00000  1.00000  1.00000  1.00000  1.00000  1.00000  1.00000  0.99625  1.00000
1.222673257e+00  0.99385  1.00000  0.99809  1.00000  1.00000  0.99944  1.00000  0.99998  1.00000  1.00000  1.00000  1.00000  1.00000  1.00000  1.00000  0.99633  1.00000
1.228786624e+00  0.99527  1.00000  0.99938  1.00000  1.00000  0.99949  1.00000  1.00000  1.00000  1.00000  1.00000  1.00000  1.00000  1.00000  1.00000  0.99640  1.00000
1.234930557e+00  0.99575  1.00000  0.99991  1.00000  1.00000  0.99937  1.00000  1.00000  1.00000  1.00000  1.00000  1.00000  1.00000  1.00000  1.00000  0.99647  1.00000
1.241105209e+00  0.99617  1.00000  0.99996  1.00000  1.00000  0.99967  1.00000  1.00000  1.00000  1.00000  1.00000  1.00000  1.00000  1.00000  1.00000  0.99654  1.00000
1.247310736e+00  0.99638  1.00000  0.99999  1.00000  1.00000  0.99978  1.00000  1.00000  1.00000  1.00000  1.00000  1.00000  1.00000  1.00000  1.00000  0.99661  1.00000
1.253547289e+00  0.99654  1.00000  0.99999  1.00000  1.00000  0.99988  1.00000  1.00000  1.00000  1.00000  1.00000  1.00000  1.00000  1.00000  1.00000  0.99667  1.00000
1.259815026e+00  0.99666  1.00000  0.99999  1.00000  1.00000  0.99994  1.00000  1.00000  1.00000  1.00000  1.00000  1.00000  1.00000  1.00000  1.00000  0.99674  1.00000
1.266114101e+00  0.99674  1.00000  0.99998  1.00000  1.00000  0.99995  1.00000  1.00000  1.00000  1.00000  1.00000  1.00000  1.00000  1.00000  1.00000  0.99680  1.00000
1.272444671e+00  0.99682  1.00000  1.00000  1.00000  1.00000  0.99996  1.00000  1.00000  1.00000  1.00000  1.00000  1.00000  1.00000  1.00000  1.00000  0.99687  1.00000
1.278806895e+00  0.99690  1.00000  1.00000  1.00000  1.00000  0.99997  1.00000  1.00000  1.00000  1.00000  1.00000  1.00000  1.00000  1.00000  1.00000  0.99693  1.00000
1.285200929e+00  0.99697  1.00000  0.99999  1.00000  1.00000  0.99998  1.00000  1.00000  1.00000  1.00000  1.00000  1.00000  1.00000  1.00000  1.00000  0.99699  1.00000
1.291626934e+00  0.99691  1.00000  0.99988  1.00000  1.00000  0.99997  1.00000  1.00000  1.00000  1.00000  1.00000  1.00000  1.00000  1.00000  1.00000  0.99705  1.00000
1.298085068e+00  0.99685  1.00000  0.99988  1.00000  1.00000  0.99986  1.00000  1.00000  1.00000  1.00000  1.00000  1.00000  1.00000  1.00000  1.00000  0.99711  1.00000
1.304575494e+00  0.99651  1.00000  1.00000  1.00000  1.00000  0.99934  1.00000  1.00000  1.00000  1.00000  1.00000  1.00000  1.00000  1.00000  1.00000  0.99716  1.00000
1.311098371e+00  0.99361  1.00000  0.99998  1.00000  1.00000  0.99640  1.00000  1.00000  1.00000  1.00000  1.00000  1.00000  1.00000  1.00000  1.00000  0.99722  1.00000
1.317653863e+00  0.98359  1.00000  0.99944  1.00000  1.00000  0.98679  1.00000  1.00000  1.00000  1.00000  1.00000  1.00000  1.00000  1.00000  1.00000  0.99727  1.00000
1.324242132e+00  0.97578  1.00000  0.99969  1.00000  1.00000  0.97865  1.00000  1.00000  1.00000  1.00000  1.00000  1.00000  1.00000  1.00000  1.00000  0.99733  1.00000
1.330863343e+00  0.98119  1.00000  0.99999  1.00000  1.00000  0.98377  1.00000  1.00000  1.00000  1.00000  1.00000  1.00000  1.00000  1.00000  1.00000  0.99738  1.00000
1.337517660e+00  0.95379  1.00000  0.99989  1.00000  1.00000  0.95634  1.00000  1.00000  1.00000  1.00000  1.00000  1.00000  1.00000  1.00000  1.00000  0.99743  1.00000
1.344205248e+00  0.95537  1.00000  0.99978  1.00000  1.00000  0.95796  1.00000  1.00000  1.00000  1.00000  1.00000  1.00000  1.00000  1.00000  1.00000  0.99748  1.00000
1.350926274e+00  0.96112  1.00000  0.99995  1.00000  1.00000  0.96354  1.00000  1.00000  1.00000  1.00000  1.00000  1.00000  1.00000  1.00000  1.00000  0.99753  1.00000
1.357680906e+00  0.95171  1.00000  1.00000  1.00000  1.00000  0.95402  1.00000  1.00000  1.00000  1.00000  1.00000  1.00000  1.00000  1.00000  1.00000  0.99758  1.00000
1.364469310e+00  0.95447  1.00000  1.00000  1.00000  1.00000  0.95674  1.00000  1.00000  1.00000  1.00000  1.00000  1.00000  1.00000  1.00000  1.00000  0.99763  1.00000
1.371291657e+00  0.96113  1.00000  0.99999  1.00000  1.00000  0.96337  1.00000  1.00000  1.00000  1.00000  1.00000  1.00000  1.00000  1.00000  1.00000  0.99768  1.00000
1.378148115e+00  0.95008  1.00000  0.99999  1.00000  1.00000  0.95226  1.00000  1.00000  1.00000  1.00000  1.00000  1.00000  1.00000  1.00000  1.00000  0.99772  1.00000
1.385038856e+00  0.94169  1.00000  1.00000  1.00000  1.00000  0.94380  1.00000  1.00000  1.00000  1.00000  1.00000  1.00000  1.00000  1.00000  1.00000  0.99777  1.00000
1.391964050e+00  0.94609  1.00000  1.00000  1.00000  1.00000  0.94816  1.00000  1.00000  1.00000  1.00000  1.00000  1.00000  1.00000  1.00000  1.00000  0.99781  1.00000
1.398923870e+00  0.95504  1.00000  1.00000  1.00000  1.00000  0.95709  1.00000  1.00000  1.00000  1.00000  1.00000  1.00000  1.00000  1.00000  1.00000  0.99785  1.00000
1.405918490e+00  0.94931  1.00000  1.00000  1.00000  1.00000  0.95131  1.00000  1.00000  1.00000  1.00000  1.00000  1.00000  1.00000  1.00000  1.00000  0.99790  1.00000
1.412948082e+00  0.95024  1.00000  1.00000  1.00000  1.00000  0.95220  1.00000  1.00000  1.00000  1.00000  1.00000  1.00000  1.00000  1.00000  1.00000  0.99794  1.00000
1.420012822e+00  0.97023  1.00000  1.00000  1.00000  1.00000  0.97219  1.00000  1.00000  1.00000  1.00000  1.00000  1.00000  1.00000  1.00000  1.00000  0.99798  1.00000
1.427112886e+00  0.97801  1.00000  0.99945  1.00000  1.00000  0.98048  1.00000  1.00000  1.00000  1.00000  1.00000  1.00000  1.00000  1.00000  1.00000  0.99802  1.00000
1.434248451e+00  0.93707  1.00000  0.95061  1.00000  1.00000  0.98692  1.00000  1.00000  1.00000  1.00000  1.00000  1.00000  1.00000  1.00000  1.00000  0.99806  1.00000
1.441419693e+00  0.94539  1.00000  0.95334  1.00000  1.00000  0.99279  1.00000  1.00000  1.00000  1.00000  1.00000  1.00000  1.00000  1.00000  1.00000  0.99810  1.00000
1.448626792e+00  0.98725  1.00000  0.99413  1.00000  1.00000  0.99484  1.00000  1.00000  1.00000  1.00000  1.00000  1.00000  1.00000  1.00000  1.00000  0.99813  1.00000
1.455869926e+00  0.99417  1.00000  0.99969  1.00000  1.00000  0.99630  1.00000  1.00000  1.00000  1.00000  1.00000  1.00000  1.00000  1.00000  1.00000  0.99817  1.00000
1.463149275e+00  0.99558  1.00000  0.99998  1.00000  1.00000  0.99739  1.00000  1.00000  1.00000  1.00000  1.00000  1.00000  1.00000  1.00000  1.00000  0.99821  1.00000
1.470465022e+00  0.99581  1.00000  0.99999  1.00000  1.00000  0.99756  1.00000  1.00000  1.00000  1.00000  1.00000  1.00000  1.00000  1.00000  1.00000  0.99824  1.00000
1.477817347e+00  0.99294  1.00000  0.99904  1.00000  1.00000  0.99559  1.00000  1.00000  1.00000  1.00000  1.00000  1.00000  1.00000  1.00000  1.00000  0.99828  1.00000
1.485206433e+00  0.99569  1.00000  0.99968  1.00000  1.00000  0.99770  1.00000  1.00000  1.00000  1.00000  1.00000  1.00000  1.00000  1.00000  1.00000  0.99831  1.00000
1.492632466e+00  0.99718  1.00000  0.99992  1.00000  1.00000  0.99890  1.00000  1.00000  1.00000  1.00000  1.00000  1.00000  1.00000  1.00000  1.00000  0.99834  1.00000
1.500095628e+00  0.99751  1.00000  0.99973  1.00000  1.00000  0.99940  1.00000  1.00000  1.00000  1.00000  1.00000  1.00000  1.00000  1.00000  1.00000  0.99838  1.00000
1.507596106e+00  0.99797  1.00000  0.99998  1.00000  1.00000  0.99957  1.00000  1.00000  1.00000  1.00000  1.00000  1.00000  1.00000  1.00000  1.00000  0.99841  1.00000
1.515134087e+00  0.99810  1.00000  1.00000  1.00000  1.00000  0.99966  1.00000  1.00000  1.00000  1.00000  1.00000  1.00000  1.00000  1.00000  1.00000  0.99844  1.00000
1.522709757e+00  0.99825  1.00000  0.99999  1.00000  1.00000  0.99979  1.00000  1.00000  1.00000  1.00000  1.00000  1.00000  1.00000  1.00000  1.00000  0.99847  1.00000
1.530323306e+00  0.99802  1.00000  0.99965  1.00000  1.00000  0.99987  1.00000  1.00000  1.00000  1.00000  1.00000  1.00000  1.00000  1.00000  1.00000  0.99850  1.00000
1.537974922e+00  0.99618  1.00000  0.99773  1.00000  1.00000  0.99992  1.00000  1.00000  1.00000  1.00000  1.00000  1.00000  1.00000  1.00000  1.00000  0.99853  1.00000
1.545664797e+00  0.99653  1.00000  0.99804  1.00000  1.00000  0.99993  1.00000  1.00000  1.00000  1.00000  1.00000  1.00000  1.00000  1.00000  1.00000  0.99856  1.00000
1.553393121e+00  0.99846  1.00000  0.99992  1.00000  1.00000  0.99995  1.00000  1.00000  1.00000  1.00000  1.00000  1.00000  1.00000  1.00000  1.00000  0.99859  1.00000
1.561160087e+00  0.97972  1.00000  0.99998  1.00000  1.00000  0.99994  1.00000  0.98115  1.00000  1.00000  1.00000  1.00000  1.00000  1.00000  1.00000  0.99862  1.00000
1.568965887e+00  0.79645  1.00000  0.99679  1.00000  1.00000  0.99993  1.00000  0.79850  1.00000  1.00000  1.00000  1.00000  1.00000  1.00000  1.00000  0.99864  1.00000
1.576810716e+00  0.86685  1.00000  0.97556  1.00000  1.00000  0.99997  1.00000  0.87847  1.00000  1.00000  1.00000  1.00000  1.00000  1.00000  1.00000  0.99867  1.00000
1.584694770e+00  0.86837  1.00000  0.98729  1.00000  1.00000  0.99997  1.00000  0.87391  1.00000  1.00000  1.00000  1.00000  1.00000  1.00000  1.00000  0.99870  1.00000
1.592618244e+00  0.92418  1.00000  0.99957  1.00000  1.00000  0.99995  1.00000  0.92556  1.00000  1.00000  1.00000  1.00000  1.00000  1.00000  1.00000  0.99872  1.00000
1.600581335e+00  0.96098  1.00000  0.99053  1.00000  1.00000  0.99975  1.00000  0.97038  1.00000  1.00000  1.00000  1.00000  1.00000  1.00000  1.00000  0.99875  1.00000
1.608584242e+00  0.96541  1.00000  0.97805  1.00000  1.00000  0.99928  1.00000  0.98701  1.00000  1.00000  1.00000  1.00000  1.00000  1.00000  1.00000  0.99877  1.00000
1.616627163e+00  0.97920  1.00000  0.98995  1.00000  1.00000  0.99539  1.00000  0.99425  1.00000  1.00000  1.00000  1.00000  1.00000  1.00000  1.00000  0.99880  1.00000
1.624710299e+00  0.97716  1.00000  0.99933  1.00000  1.00000  0.98303  1.00000  0.99550  1.00000  1.00000  1.00000  1.00000  1.00000  1.00000  1.00000  0.99882  1.00000
1.632833850e+00  0.94086  1.00000  0.99976  1.00000  1.00000  0.94299  1.00000  0.99879  1.00000  1.00000  1.00000  1.00000  1.00000  1.00000  1.00000  0.99884  1.00000
1.640998020e+00  0.90119  1.00000  0.99890  1.00000  1.00000  0.90283  1.00000  0.99985  1.00000  1.00000  1.00000  1.00000  1.00000  1.00000  1.00000  0.99887  1.00000
1.649203010e+00  0.88897  1.00000  0.99764  1.00000  1.00000  0.89105  1.00000  0.99997  1.00000  1.00000  1.00000  1.00000  1.00000  1.00000  1.00000  0.99889  1.00000
1.657449025e+00  0.91338  1.00000  0.99920  1.00000  1.00000  0.91478  1.00000  0.99999  1.00000  1.00000  1.00000  1.00000  1.00000  1.00000  1.00000  0.99891  1.00000
1.665736270e+00  0.86244  1.00000  0.99983  1.00000  1.00000  0.86347  1.00000  0.99999  1.00000  1.00000  1.00000  1.00000  1.00000  1.00000  1.00000  0.99893  1.00000
1.674064951e+00  0.93605  1.00000  0.99994  1.00000  1.00000  0.93708  1.00000  1.00000  1.00000  1.00000  1.00000  1.00000  1.00000  1.00000  1.00000  0.99895  1.00000
1.682435276e+00  0.92998  1.00000  0.99996  1.00000  1.00000  0.93096  1.00000  1.00000  1.00000  1.00000  1.00000  1.00000  1.00000  1.00000  1.00000  0.99897  1.00000
1.690847452e+00  0.92510  1.00000  0.99999  1.00000  1.00000  0.92603  1.00000  1.00000  1.00000  1.00000  1.00000  1.00000  1.00000  1.00000  1.00000  0.99899  1.00000
1.699301690e+00  0.90333  1.00000  1.00000  1.00000  1.00000  0.90423  1.00000  1.00000  1.00000  1.00000  1.00000  1.00000  1.00000  1.00000  1.00000  0.99901  1.00000
