# ------------------------------------------------------------------------
# NASA-GSFC Planetary Spectrum Generator (PSG, Villanueva et al. 2018)
# Atmospheric transmittance spectrum synthesized with PUMAS (Villanueva et al. 2018, Smith et al. 2009, Edwards 1992)
# Synthesized on Fri May  7 15:21:47 2021
# Molecules considered: N2,CO2,H2,SO2,CH4,H2S,CO,C2H6,O2,S8,C2H2,H,H2SO4,O
# Molecular sources: HIT[22],HIT[2],HIT[45],HIT[9],HIT[6],HIT[31],HIT[5],HIT[27],HIT[7],NIST[10544-50-0],HIT[26],KZ[01],JPL[98001],HIT[34]
# Molecular abundances: 99,130,450,8.9,31,0.011,7700,9,340,300,15,1.2,0.093,20
# Molecular abundance units: pct,ppm,ppm,ppt,ppm,ppt,ppm,ppb,ppt,ppt,ppt,ppb,ppt,ppb
# Collissional partners: Air:1%, H2:0%, He:0%, CO2:0%
# UV cross-sections included:  N2 CO2 H2 SO2 CH4 H2S CO C2H6 O2 C2H2
# Collision-Induced-Absorption:  H2-H2 
# Rayleigh scattering included
# ------------------------------------------------------------------------
# Spectral unit: Wavelength [um]
# Wave/freq Total N2 CO2 H2 SO2 CH4 H2S CO C2H6 O2 S8 C2H2 H H2SO4 O Rayleigh CIA
2.000000000e-01  0.02730  1.00000  1.00000  1.00000  0.99882  1.00000  1.00000  1.00000  1.00000  1.00000  1.00000  0.99996  1.00000  1.00000  1.00000  0.02734  1.00000
2.010000000e-01  0.02825  1.00000  1.00000  1.00000  0.99860  1.00000  1.00000  1.00000  1.00000  1.00000  1.00000  0.99997  1.00000  1.00000  1.00000  0.02829  1.00000
2.020050000e-01  0.02937  1.00000  1.00000  1.00000  0.99849  1.00000  1.00000  1.00000  1.00000  1.00000  1.00000  0.99997  1.00000  1.00000  1.00000  0.02941  1.00000
2.030150250e-01  0.03055  1.00000  1.00000  1.00000  0.99919  1.00000  1.00000  1.00000  1.00000  1.00000  1.00000  0.99997  1.00000  1.00000  1.00000  0.03058  1.00000
2.040301001e-01  0.03173  1.00000  1.00000  1.00000  0.99854  1.00000  1.00000  1.00000  1.00000  1.00000  1.00000  0.99997  1.00000  1.00000  1.00000  0.03177  1.00000
2.050502506e-01  0.03295  1.00000  1.00000  1.00000  0.99851  1.00000  1.00000  1.00000  1.00000  1.00000  1.00000  0.99998  1.00000  1.00000  1.00000  0.03300  1.00000
2.060755019e-01  0.03424  1.00000  1.00000  1.00000  0.99910  1.00000  1.00000  1.00000  1.00000  1.00000  1.00000  0.99998  1.00000  1.00000  1.00000  0.03427  1.00000
2.071058794e-01  0.03552  1.00000  1.00000  1.00000  0.99861  1.00000  1.00000  1.00000  1.00000  1.00000  1.00000  0.99998  1.00000  1.00000  1.00000  0.03557  1.00000
2.081414088e-01  0.03687  1.00000  1.00000  1.00000  0.99907  1.00000  1.00000  1.00000  1.00000  1.00000  1.00000  0.99998  1.00000  1.00000  1.00000  0.03691  1.00000
2.091821158e-01  0.03825  1.00000  1.00000  1.00000  0.99928  1.00000  1.00000  1.00000  1.00000  1.00000  1.00000  0.99998  1.00000  1.00000  1.00000  0.03828  1.00000
2.102280264e-01  0.03965  1.00000  1.00000  1.00000  0.99902  1.00000  1.00000  1.00000  1.00000  1.00000  1.00000  0.99998  1.00000  1.00000  1.00000  0.03969  1.00000
2.112791665e-01  0.04111  1.00000  1.00000  1.00000  0.99955  1.00000  1.00000  1.00000  1.00000  1.00000  1.00000  0.99998  1.00000  1.00000  1.00000  0.04113  1.00000
2.123355624e-01  0.04258  1.00000  1.00000  1.00000  0.99926  1.00000  1.00000  1.00000  1.00000  1.00000  1.00000  0.99998  1.00000  1.00000  1.00000  0.04261  1.00000
2.133972402e-01  0.04409  1.00000  1.00000  1.00000  0.99929  1.00000  1.00000  1.00000  1.00000  1.00000  1.00000  0.99999  1.00000  1.00000  1.00000  0.04413  1.00000
2.144642264e-01  0.04566  1.00000  1.00000  1.00000  0.99956  1.00000  1.00000  1.00000  1.00000  1.00000  1.00000  0.99999  1.00000  1.00000  1.00000  0.04568  1.00000
2.155365475e-01  0.04732  1.00000  1.00000  1.00000  0.99941  1.00000  1.00000  1.00000  1.00000  1.00000  1.00000  0.99999  1.00000  1.00000  1.00000  0.04735  1.00000
2.166142303e-01  0.04939  1.00000  1.00000  1.00000  0.99957  1.00000  1.00000  1.00000  1.00000  1.00000  1.00000  0.99999  1.00000  1.00000  1.00000  0.04941  1.00000
2.176973014e-01  0.05154  1.00000  1.00000  1.00000  0.99974  1.00000  1.00000  1.00000  1.00000  1.00000  1.00000  0.99999  1.00000  1.00000  1.00000  0.05156  1.00000
2.187857879e-01  0.05377  1.00000  1.00000  1.00000  0.99969  1.00000  1.00000  1.00000  1.00000  1.00000  1.00000  0.99999  1.00000  1.00000  1.00000  0.05379  1.00000
2.198797169e-01  0.05608  1.00000  1.00000  1.00000  0.99984  1.00000  1.00000  1.00000  1.00000  1.00000  1.00000  0.99999  1.00000  1.00000  1.00000  0.05609  1.00000
2.209791154e-01  0.05846  1.00000  1.00000  1.00000  0.99970  1.00000  1.00000  1.00000  1.00000  1.00000  1.00000  0.99999  1.00000  1.00000  1.00000  0.05848  1.00000
2.220840110e-01  0.06093  1.00000  1.00000  1.00000  0.99983  1.00000  1.00000  1.00000  1.00000  1.00000  1.00000  0.99999  1.00000  1.00000  1.00000  0.06094  1.00000
2.231944311e-01  0.06348  1.00000  1.00000  1.00000  0.99988  1.00000  1.00000  1.00000  1.00000  1.00000  1.00000  0.99999  1.00000  1.00000  1.00000  0.06349  1.00000
2.243104032e-01  0.06611  1.00000  1.00000  1.00000  0.99986  1.00000  1.00000  1.00000  1.00000  1.00000  1.00000  1.00000  1.00000  1.00000  1.00000  0.06612  1.00000
2.254319552e-01  0.06882  1.00000  1.00000  1.00000  0.99990  1.00000  1.00000  1.00000  1.00000  1.00000  1.00000  1.00000  1.00000  1.00000  1.00000  0.06882  1.00000
2.265591150e-01  0.07161  1.00000  1.00000  1.00000  0.99992  1.00000  1.00000  1.00000  1.00000  1.00000  1.00000  1.00000  1.00000  1.00000  1.00000  0.07162  1.00000
2.276919106e-01  0.07451  1.00000  1.00000  1.00000  0.99994  1.00000  1.00000  1.00000  1.00000  1.00000  1.00000  1.00000  1.00000  1.00000  1.00000  0.07451  1.00000
2.288303701e-01  0.07749  1.00000  1.00000  1.00000  0.99998  1.00000  1.00000  1.00000  1.00000  1.00000  1.00000  1.00000  1.00000  1.00000  1.00000  0.07749  1.00000
2.299745220e-01  0.08056  1.00000  1.00000  1.00000  0.99998  1.00000  1.00000  1.00000  1.00000  1.00000  1.00000  1.00000  1.00000  1.00000  1.00000  0.08056  1.00000
2.311243946e-01  0.08372  1.00000  1.00000  1.00000  0.99999  1.00000  1.00000  1.00000  1.00000  1.00000  1.00000  1.00000  1.00000  1.00000  1.00000  0.08373  1.00000
2.322800166e-01  0.08698  1.00000  1.00000  1.00000  0.99999  1.00000  1.00000  1.00000  1.00000  1.00000  1.00000  1.00000  1.00000  1.00000  1.00000  0.08698  1.00000
2.334414167e-01  0.09033  1.00000  1.00000  1.00000  0.99999  1.00000  1.00000  1.00000  1.00000  1.00000  1.00000  1.00000  1.00000  1.00000  1.00000  0.09033  1.00000
2.346086237e-01  0.09378  1.00000  1.00000  1.00000  1.00000  1.00000  1.00000  1.00000  1.00000  1.00000  1.00000  1.00000  1.00000  1.00000  1.00000  0.09378  1.00000
2.357816669e-01  0.09732  1.00000  1.00000  1.00000  0.99999  1.00000  1.00000  1.00000  1.00000  1.00000  1.00000  1.00000  1.00000  1.00000  1.00000  0.09732  1.00000
2.369605752e-01  0.10095  1.00000  1.00000  1.00000  1.00000  1.00000  1.00000  1.00000  1.00000  1.00000  1.00000  1.00000  1.00000  1.00000  1.00000  0.10095  1.00000
2.381453781e-01  0.10468  1.00000  1.00000  1.00000  0.99999  1.00000  1.00000  1.00000  1.00000  1.00000  1.00000  1.00000  1.00000  1.00000  1.00000  0.10468  1.00000
2.393361050e-01  0.10852  1.00000  1.00000  1.00000  0.99999  1.00000  1.00000  1.00000  1.00000  1.00000  1.00000  1.00000  1.00000  1.00000  1.00000  0.10852  1.00000
2.405327855e-01  0.11244  1.00000  1.00000  1.00000  0.99999  1.00000  1.00000  1.00000  1.00000  1.00000  1.00000  1.00000  1.00000  1.00000  1.00000  0.11244  1.00000
2.417354494e-01  0.11647  1.00000  1.00000  1.00000  0.99999  1.00000  1.00000  1.00000  1.00000  1.00000  1.00000  1.00000  1.00000  1.00000  1.00000  0.11647  1.00000
2.429441267e-01  0.12059  1.00000  1.00000  1.00000  0.99999  1.00000  1.00000  1.00000  1.00000  1.00000  1.00000  1.00000  1.00000  1.00000  1.00000  0.12059  1.00000
2.441588473e-01  0.12481  1.00000  1.00000  1.00000  0.99999  1.00000  1.00000  1.00000  1.00000  1.00000  1.00000  1.00000  1.00000  1.00000  1.00000  0.12481  1.00000
2.453796415e-01  0.12913  1.00000  1.00000  1.00000  0.99999  1.00000  1.00000  1.00000  1.00000  1.00000  1.00000  1.00000  1.00000  1.00000  1.00000  0.12913  1.00000
2.466065397e-01  0.13354  1.00000  1.00000  1.00000  0.99999  1.00000  1.00000  1.00000  1.00000  1.00000  1.00000  1.00000  1.00000  1.00000  1.00000  0.13355  1.00000
2.478395724e-01  0.13806  1.00000  1.00000  1.00000  0.99999  1.00000  1.00000  1.00000  1.00000  1.00000  1.00000  1.00000  1.00000  1.00000  1.00000  0.13806  1.00000
2.490787703e-01  0.14267  1.00000  1.00000  1.00000  0.99998  1.00000  1.00000  1.00000  1.00000  1.00000  1.00000  1.00000  1.00000  1.00000  1.00000  0.14267  1.00000
2.503241642e-01  0.14737  1.00000  1.00000  1.00000  0.99998  1.00000  1.00000  1.00000  1.00000  1.00000  1.00000  1.00000  1.00000  1.00000  1.00000  0.14737  1.00000
2.515757850e-01  0.15218  1.00000  1.00000  1.00000  0.99997  1.00000  1.00000  1.00000  1.00000  1.00000  1.00000  1.00000  1.00000  1.00000  1.00000  0.15218  1.00000
2.528336639e-01  0.15707  1.00000  1.00000  1.00000  0.99997  1.00000  1.00000  1.00000  1.00000  1.00000  1.00000  1.00000  1.00000  1.00000  1.00000  0.15708  1.00000
2.540978322e-01  0.16207  1.00000  1.00000  1.00000  0.99997  1.00000  1.00000  1.00000  1.00000  1.00000  1.00000  1.00000  1.00000  1.00000  1.00000  0.16207  1.00000
2.553683214e-01  0.16715  1.00000  1.00000  1.00000  0.99996  1.00000  1.00000  1.00000  1.00000  1.00000  1.00000  1.00000  1.00000  1.00000  1.00000  0.16715  1.00000
2.566451630e-01  0.17228  1.00000  1.00000  1.00000  0.99996  1.00000  1.00000  1.00000  1.00000  1.00000  1.00000  1.00000  1.00000  1.00000  1.00000  0.17228  1.00000
2.579283888e-01  0.17754  1.00000  1.00000  1.00000  0.99996  1.00000  1.00000  1.00000  1.00000  1.00000  1.00000  1.00000  1.00000  1.00000  1.00000  0.17755  1.00000
2.592180307e-01  0.18290  1.00000  1.00000  1.00000  0.99995  1.00000  1.00000  1.00000  1.00000  1.00000  1.00000  1.00000  1.00000  1.00000  1.00000  0.18291  1.00000
2.605141209e-01  0.18834  1.00000  1.00000  1.00000  0.99995  1.00000  1.00000  1.00000  1.00000  1.00000  1.00000  1.00000  1.00000  1.00000  1.00000  0.18835  1.00000
2.618166915e-01  0.19388  1.00000  1.00000  1.00000  0.99994  1.00000  1.00000  1.00000  1.00000  1.00000  1.00000  1.00000  1.00000  1.00000  1.00000  0.19389  1.00000
2.631257750e-01  0.19949  1.00000  1.00000  1.00000  0.99994  1.00000  1.00000  1.00000  1.00000  1.00000  1.00000  1.00000  1.00000  1.00000  1.00000  0.19950  1.00000
2.644414038e-01  0.20519  1.00000  1.00000  1.00000  0.99993  1.00000  1.00000  1.00000  1.00000  1.00000  1.00000  1.00000  1.00000  1.00000  1.00000  0.20521  1.00000
2.657636109e-01  0.21097  1.00000  1.00000  1.00000  0.99992  1.00000  1.00000  1.00000  1.00000  1.00000  1.00000  1.00000  1.00000  1.00000  1.00000  0.21099  1.00000
2.670924289e-01  0.21683  1.00000  1.00000  1.00000  0.99991  1.00000  1.00000  1.00000  1.00000  1.00000  1.00000  1.00000  1.00000  1.00000  1.00000  0.21685  1.00000
2.684278911e-01  0.22276  1.00000  1.00000  1.00000  0.99991  1.00000  1.00000  1.00000  1.00000  1.00000  1.00000  1.00000  1.00000  1.00000  1.00000  0.22278  1.00000
2.697700305e-01  0.22877  1.00000  1.00000  1.00000  0.99990  1.00000  1.00000  1.00000  1.00000  1.00000  1.00000  1.00000  1.00000  1.00000  1.00000  0.22880  1.00000
2.711188807e-01  0.23485  1.00000  1.00000  1.00000  0.99990  1.00000  1.00000  1.00000  1.00000  1.00000  1.00000  1.00000  1.00000  1.00000  1.00000  0.23488  1.00000
2.724744751e-01  0.24100  1.00000  1.00000  1.00000  0.99988  1.00000  1.00000  1.00000  1.00000  1.00000  1.00000  1.00000  1.00000  1.00000  1.00000  0.24103  1.00000
2.738368474e-01  0.24722  1.00000  1.00000  1.00000  0.99987  1.00000  1.00000  1.00000  1.00000  1.00000  1.00000  1.00000  1.00000  1.00000  1.00000  0.24725  1.00000
2.752060317e-01  0.25350  1.00000  1.00000  1.00000  0.99987  1.00000  1.00000  1.00000  1.00000  1.00000  1.00000  1.00000  1.00000  1.00000  1.00000  0.25354  1.00000
2.765820618e-01  0.25985  1.00000  1.00000  1.00000  0.99986  1.00000  1.00000  1.00000  1.00000  1.00000  1.00000  1.00000  1.00000  1.00000  1.00000  0.25988  1.00000
2.779649721e-01  0.26625  1.00000  1.00000  1.00000  0.99986  1.00000  1.00000  1.00000  1.00000  1.00000  1.00000  1.00000  1.00000  1.00000  1.00000  0.26629  1.00000
2.793547970e-01  0.27271  1.00000  1.00000  1.00000  0.99985  1.00000  1.00000  1.00000  1.00000  1.00000  1.00000  1.00000  1.00000  1.00000  1.00000  0.27276  1.00000
2.807515710e-01  0.27923  1.00000  1.00000  1.00000  0.99985  1.00000  1.00000  1.00000  1.00000  1.00000  1.00000  1.00000  1.00000  1.00000  1.00000  0.27927  1.00000
2.821553288e-01  0.28580  1.00000  1.00000  1.00000  0.99984  1.00000  1.00000  1.00000  1.00000  1.00000  1.00000  1.00000  1.00000  1.00000  1.00000  0.28584  1.00000
2.835661055e-01  0.29241  1.00000  1.00000  1.00000  0.99983  1.00000  1.00000  1.00000  1.00000  1.00000  1.00000  1.00000  1.00000  1.00000  1.00000  0.29246  1.00000
2.849839360e-01  0.29907  1.00000  1.00000  1.00000  0.99983  1.00000  1.00000  1.00000  1.00000  1.00000  1.00000  1.00000  1.00000  1.00000  1.00000  0.29912  1.00000
2.864088557e-01  0.30578  1.00000  1.00000  1.00000  0.99984  1.00000  1.00000  1.00000  1.00000  1.00000  1.00000  1.00000  1.00000  1.00000  1.00000  0.30583  1.00000
2.878409000e-01  0.31252  1.00000  1.00000  1.00000  0.99983  1.00000  1.00000  1.00000  1.00000  1.00000  1.00000  1.00000  1.00000  1.00000  1.00000  0.31257  1.00000
2.892801045e-01  0.31925  1.00000  1.00000  1.00000  0.99983  1.00000  1.00000  1.00000  1.00000  1.00000  1.00000  1.00000  1.00000  1.00000  1.00000  0.31930  1.00000
2.907265050e-01  0.32602  1.00000  1.00000  1.00000  0.99984  1.00000  1.00000  1.00000  1.00000  1.00000  1.00000  1.00000  1.00000  1.00000  1.00000  0.32607  1.00000
2.921801375e-01  0.33287  1.00000  1.00000  1.00000  0.99984  1.00000  1.00000  1.00000  1.00000  1.00000  1.00000  1.00000  1.00000  1.00000  1.00000  0.33292  1.00000
2.936410382e-01  0.33975  1.00000  1.00000  1.00000  0.99985  1.00000  1.00000  1.00000  1.00000  1.00000  1.00000  1.00000  1.00000  1.00000  1.00000  0.33980  1.00000
2.951092434e-01  0.34666  1.00000  1.00000  1.00000  0.99988  1.00000  1.00000  1.00000  1.00000  1.00000  1.00000  1.00000  1.00000  1.00000  1.00000  0.34671  1.00000
2.965847896e-01  0.35358  1.00000  1.00000  1.00000  0.99986  1.00000  1.00000  1.00000  1.00000  1.00000  1.00000  1.00000  1.00000  1.00000  1.00000  0.35363  1.00000
2.980677136e-01  0.36052  1.00000  1.00000  1.00000  0.99985  1.00000  1.00000  1.00000  1.00000  1.00000  1.00000  1.00000  1.00000  1.00000  1.00000  0.36057  1.00000
2.995580521e-01  0.36749  1.00000  1.00000  1.00000  0.99988  1.00000  1.00000  1.00000  1.00000  1.00000  1.00000  1.00000  1.00000  1.00000  1.00000  0.36753  1.00000
3.010558424e-01  0.37448  1.00000  1.00000  1.00000  0.99992  1.00000  1.00000  1.00000  1.00000  1.00000  1.00000  1.00000  1.00000  1.00000  1.00000  0.37451  1.00000
3.025611216e-01  0.38146  1.00000  1.00000  1.00000  0.99991  1.00000  1.00000  1.00000  1.00000  1.00000  1.00000  1.00000  1.00000  1.00000  1.00000  0.38149  1.00000
3.040739272e-01  0.38845  1.00000  1.00000  1.00000  0.99991  1.00000  1.00000  1.00000  1.00000  1.00000  1.00000  1.00000  1.00000  1.00000  1.00000  0.38848  1.00000
3.055942969e-01  0.39545  1.00000  1.00000  1.00000  0.99994  1.00000  1.00000  1.00000  1.00000  1.00000  1.00000  1.00000  1.00000  1.00000  1.00000  0.39548  1.00000
3.071222683e-01  0.40245  1.00000  1.00000  1.00000  0.99993  1.00000  1.00000  1.00000  1.00000  1.00000  1.00000  1.00000  1.00000  1.00000  1.00000  0.40248  1.00000
3.086578797e-01  0.40945  1.00000  1.00000  1.00000  0.99994  1.00000  1.00000  1.00000  1.00000  1.00000  1.00000  1.00000  1.00000  1.00000  1.00000  0.40947  1.00000
3.102011691e-01  0.41645  1.00000  1.00000  1.00000  0.99996  1.00000  1.00000  1.00000  1.00000  1.00000  1.00000  1.00000  1.00000  1.00000  1.00000  0.41646  1.00000
3.117521749e-01  0.42343  1.00000  1.00000  1.00000  0.99996  1.00000  1.00000  1.00000  1.00000  1.00000  1.00000  1.00000  1.00000  1.00000  1.00000  0.42345  1.00000
3.133109358e-01  0.43041  1.00000  1.00000  1.00000  0.99997  1.00000  1.00000  1.00000  1.00000  1.00000  1.00000  1.00000  1.00000  1.00000  1.00000  0.43043  1.00000
3.148774905e-01  0.43738  1.00000  1.00000  1.00000  0.99998  1.00000  1.00000  1.00000  1.00000  1.00000  1.00000  1.00000  1.00000  1.00000  1.00000  0.43739  1.00000
3.164518779e-01  0.44434  1.00000  1.00000  1.00000  0.99998  1.00000  1.00000  1.00000  1.00000  1.00000  1.00000  1.00000  1.00000  1.00000  1.00000  0.44435  1.00000
3.180341373e-01  0.45127  1.00000  1.00000  1.00000  0.99998  1.00000  1.00000  1.00000  1.00000  1.00000  1.00000  1.00000  1.00000  1.00000  1.00000  0.45128  1.00000
3.196243080e-01  0.45820  1.00000  1.00000  1.00000  0.99999  1.00000  1.00000  1.00000  1.00000  1.00000  1.00000  1.00000  1.00000  1.00000  1.00000  0.45820  1.00000
3.212224295e-01  0.46509  1.00000  1.00000  1.00000  0.99999  1.00000  1.00000  1.00000  1.00000  1.00000  1.00000  1.00000  1.00000  1.00000  1.00000  0.46509  1.00000
3.228285417e-01  0.47197  1.00000  1.00000  1.00000  0.99999  1.00000  1.00000  1.00000  1.00000  1.00000  1.00000  1.00000  1.00000  1.00000  1.00000  0.47197  1.00000
3.244426844e-01  0.47881  1.00000  1.00000  1.00000  1.00000  1.00000  1.00000  1.00000  1.00000  1.00000  1.00000  1.00000  1.00000  1.00000  1.00000  0.47882  1.00000
3.260648978e-01  0.48564  1.00000  1.00000  1.00000  1.00000  1.00000  1.00000  1.00000  1.00000  1.00000  1.00000  1.00000  1.00000  1.00000  1.00000  0.48564  1.00000
3.276952223e-01  0.49243  1.00000  1.00000  1.00000  1.00000  1.00000  1.00000  1.00000  1.00000  1.00000  1.00000  1.00000  1.00000  1.00000  1.00000  0.49243  1.00000
3.293336984e-01  0.49918  1.00000  1.00000  1.00000  1.00000  1.00000  1.00000  1.00000  1.00000  1.00000  1.00000  1.00000  1.00000  1.00000  1.00000  0.49918  1.00000
3.309803669e-01  0.50580  1.00000  1.00000  1.00000  1.00000  1.00000  1.00000  1.00000  1.00000  1.00000  1.00000  1.00000  1.00000  1.00000  1.00000  0.50580  1.00000
3.326352688e-01  0.51245  1.00000  1.00000  1.00000  1.00000  1.00000  1.00000  1.00000  1.00000  1.00000  1.00000  1.00000  1.00000  1.00000  1.00000  0.51245  1.00000
3.342984451e-01  0.51910  1.00000  1.00000  1.00000  1.00000  1.00000  1.00000  1.00000  1.00000  1.00000  1.00000  1.00000  1.00000  1.00000  1.00000  0.51910  1.00000
3.359699373e-01  0.52573  1.00000  1.00000  1.00000  1.00000  1.00000  1.00000  1.00000  1.00000  1.00000  1.00000  1.00000  1.00000  1.00000  1.00000  0.52573  1.00000
3.376497870e-01  0.53231  1.00000  1.00000  1.00000  1.00000  1.00000  1.00000  1.00000  1.00000  1.00000  1.00000  1.00000  1.00000  1.00000  1.00000  0.53231  1.00000
3.393380359e-01  0.53885  1.00000  1.00000  1.00000  1.00000  1.00000  1.00000  1.00000  1.00000  1.00000  1.00000  1.00000  1.00000  1.00000  1.00000  0.53885  1.00000
3.410347261e-01  0.54534  1.00000  1.00000  1.00000  1.00000  1.00000  1.00000  1.00000  1.00000  1.00000  1.00000  1.00000  1.00000  1.00000  1.00000  0.54534  1.00000
3.427398998e-01  0.55179  1.00000  1.00000  1.00000  1.00000  1.00000  1.00000  1.00000  1.00000  1.00000  1.00000  1.00000  1.00000  1.00000  1.00000  0.55179  1.00000
3.444535992e-01  0.55819  1.00000  1.00000  1.00000  1.00000  1.00000  1.00000  1.00000  1.00000  1.00000  1.00000  1.00000  1.00000  1.00000  1.00000  0.55819  1.00000
3.461758672e-01  0.56455  1.00000  1.00000  1.00000  1.00000  1.00000  1.00000  1.00000  1.00000  1.00000  1.00000  1.00000  1.00000  1.00000  1.00000  0.56455  1.00000
3.479067466e-01  0.57085  1.00000  1.00000  1.00000  1.00000  1.00000  1.00000  1.00000  1.00000  1.00000  1.00000  1.00000  1.00000  1.00000  1.00000  0.57085  1.00000
3.496462803e-01  0.57711  1.00000  1.00000  1.00000  1.00000  1.00000  1.00000  1.00000  1.00000  1.00000  1.00000  1.00000  1.00000  1.00000  1.00000  0.57711  1.00000
3.513945117e-01  0.58332  1.00000  1.00000  1.00000  1.00000  1.00000  1.00000  1.00000  1.00000  1.00000  1.00000  1.00000  1.00000  1.00000  1.00000  0.58332  1.00000
3.531514843e-01  0.58947  1.00000  1.00000  1.00000  1.00000  1.00000  1.00000  1.00000  1.00000  1.00000  1.00000  1.00000  1.00000  1.00000  1.00000  0.58947  1.00000
3.549172417e-01  0.59557  1.00000  1.00000  1.00000  1.00000  1.00000  1.00000  1.00000  1.00000  1.00000  1.00000  1.00000  1.00000  1.00000  1.00000  0.59557  1.00000
3.566918279e-01  0.60161  1.00000  1.00000  1.00000  1.00000  1.00000  1.00000  1.00000  1.00000  1.00000  1.00000  1.00000  1.00000  1.00000  1.00000  0.60161  1.00000
3.584752870e-01  0.60760  1.00000  1.00000  1.00000  1.00000  1.00000  1.00000  1.00000  1.00000  1.00000  1.00000  1.00000  1.00000  1.00000  1.00000  0.60760  1.00000
3.602676635e-01  0.61354  1.00000  1.00000  1.00000  1.00000  1.00000  1.00000  1.00000  1.00000  1.00000  1.00000  1.00000  1.00000  1.00000  1.00000  0.61354  1.00000
3.620690018e-01  0.61941  1.00000  1.00000  1.00000  1.00000  1.00000  1.00000  1.00000  1.00000  1.00000  1.00000  1.00000  1.00000  1.00000  1.00000  0.61941  1.00000
3.638793468e-01  0.62524  1.00000  1.00000  1.00000  1.00000  1.00000  1.00000  1.00000  1.00000  1.00000  1.00000  1.00000  1.00000  1.00000  1.00000  0.62524  1.00000
3.656987435e-01  0.63099  1.00000  1.00000  1.00000  1.00000  1.00000  1.00000  1.00000  1.00000  1.00000  1.00000  1.00000  1.00000  1.00000  1.00000  0.63099  1.00000
3.675272373e-01  0.63670  1.00000  1.00000  1.00000  1.00000  1.00000  1.00000  1.00000  1.00000  1.00000  1.00000  1.00000  1.00000  1.00000  1.00000  0.63670  1.00000
3.693648734e-01  0.64234  1.00000  1.00000  1.00000  1.00000  1.00000  1.00000  1.00000  1.00000  1.00000  1.00000  1.00000  1.00000  1.00000  1.00000  0.64234  1.00000
3.712116978e-01  0.64793  1.00000  1.00000  1.00000  1.00000  1.00000  1.00000  1.00000  1.00000  1.00000  1.00000  1.00000  1.00000  1.00000  1.00000  0.64793  1.00000
3.730677563e-01  0.65345  1.00000  1.00000  1.00000  1.00000  1.00000  1.00000  1.00000  1.00000  1.00000  1.00000  1.00000  1.00000  1.00000  1.00000  0.65345  1.00000
3.749330951e-01  0.65871  1.00000  1.00000  1.00000  1.00000  1.00000  1.00000  1.00000  1.00000  1.00000  1.00000  1.00000  1.00000  1.00000  1.00000  0.65871  1.00000
3.768077606e-01  0.66412  1.00000  1.00000  1.00000  1.00000  1.00000  1.00000  1.00000  1.00000  1.00000  1.00000  1.00000  1.00000  1.00000  1.00000  0.66412  1.00000
3.786917994e-01  0.66947  1.00000  1.00000  1.00000  1.00000  1.00000  1.00000  1.00000  1.00000  1.00000  1.00000  1.00000  1.00000  1.00000  1.00000  0.66947  1.00000
3.805852584e-01  0.67476  1.00000  1.00000  1.00000  1.00000  1.00000  1.00000  1.00000  1.00000  1.00000  1.00000  1.00000  1.00000  1.00000  1.00000  0.67476  1.00000
3.824881846e-01  0.67999  1.00000  1.00000  1.00000  1.00000  1.00000  1.00000  1.00000  1.00000  1.00000  1.00000  1.00000  1.00000  1.00000  1.00000  0.67999  1.00000
3.844006256e-01  0.68516  1.00000  1.00000  1.00000  1.00000  1.00000  1.00000  1.00000  1.00000  1.00000  1.00000  1.00000  1.00000  1.00000  1.00000  0.68516  1.00000
3.863226287e-01  0.69027  1.00000  1.00000  1.00000  1.00000  1.00000  1.00000  1.00000  1.00000  1.00000  1.00000  1.00000  1.00000  1.00000  1.00000  0.69027  1.00000
3.882542418e-01  0.69531  1.00000  1.00000  1.00000  1.00000  1.00000  1.00000  1.00000  1.00000  1.00000  1.00000  1.00000  1.00000  1.00000  1.00000  0.69531  1.00000
3.901955131e-01  0.70029  1.00000  1.00000  1.00000  1.00000  1.00000  1.00000  1.00000  1.00000  1.00000  1.00000  1.00000  1.00000  1.00000  1.00000  0.70029  1.00000
3.921464906e-01  0.70521  1.00000  1.00000  1.00000  1.00000  1.00000  1.00000  1.00000  1.00000  1.00000  1.00000  1.00000  1.00000  1.00000  1.00000  0.70521  1.00000
3.941072231e-01  0.71007  1.00000  1.00000  1.00000  1.00000  1.00000  1.00000  1.00000  1.00000  1.00000  1.00000  1.00000  1.00000  1.00000  1.00000  0.71007  1.00000
3.960777592e-01  0.71486  1.00000  1.00000  1.00000  1.00000  1.00000  1.00000  1.00000  1.00000  1.00000  1.00000  1.00000  1.00000  1.00000  1.00000  0.71486  1.00000
3.980581480e-01  0.71959  1.00000  1.00000  1.00000  1.00000  1.00000  1.00000  1.00000  1.00000  1.00000  1.00000  1.00000  1.00000  1.00000  1.00000  0.71959  1.00000
4.000484387e-01  0.72426  1.00000  1.00000  1.00000  1.00000  1.00000  1.00000  1.00000  1.00000  1.00000  1.00000  1.00000  1.00000  1.00000  1.00000  0.72426  1.00000
4.020486809e-01  0.72887  1.00000  1.00000  1.00000  1.00000  1.00000  1.00000  1.00000  1.00000  1.00000  1.00000  1.00000  1.00000  1.00000  1.00000  0.72887  1.00000
4.040589243e-01  0.73342  1.00000  1.00000  1.00000  1.00000  1.00000  1.00000  1.00000  1.00000  1.00000  1.00000  1.00000  1.00000  1.00000  1.00000  0.73342  1.00000
4.060792189e-01  0.73791  1.00000  1.00000  1.00000  1.00000  1.00000  1.00000  1.00000  1.00000  1.00000  1.00000  1.00000  1.00000  1.00000  1.00000  0.73791  1.00000
4.081096150e-01  0.74233  1.00000  1.00000  1.00000  1.00000  1.00000  1.00000  1.00000  1.00000  1.00000  1.00000  1.00000  1.00000  1.00000  1.00000  0.74233  1.00000
4.101501631e-01  0.74670  1.00000  1.00000  1.00000  1.00000  1.00000  1.00000  1.00000  1.00000  1.00000  1.00000  1.00000  1.00000  1.00000  1.00000  0.74670  1.00000
4.122009139e-01  0.75100  1.00000  1.00000  1.00000  1.00000  1.00000  1.00000  1.00000  1.00000  1.00000  1.00000  1.00000  1.00000  1.00000  1.00000  0.75100  1.00000
4.142619185e-01  0.75525  1.00000  1.00000  1.00000  1.00000  1.00000  1.00000  1.00000  1.00000  1.00000  1.00000  1.00000  1.00000  1.00000  1.00000  0.75525  1.00000
4.163332281e-01  0.75943  1.00000  1.00000  1.00000  1.00000  1.00000  1.00000  1.00000  1.00000  1.00000  1.00000  1.00000  1.00000  1.00000  1.00000  0.75943  1.00000
4.184148942e-01  0.76356  1.00000  1.00000  1.00000  1.00000  1.00000  1.00000  1.00000  1.00000  1.00000  1.00000  1.00000  1.00000  1.00000  1.00000  0.76356  1.00000
4.205069687e-01  0.76762  1.00000  1.00000  1.00000  1.00000  1.00000  1.00000  1.00000  1.00000  1.00000  1.00000  1.00000  1.00000  1.00000  1.00000  0.76762  1.00000
4.226095035e-01  0.77163  1.00000  1.00000  1.00000  1.00000  1.00000  1.00000  1.00000  1.00000  1.00000  1.00000  1.00000  1.00000  1.00000  1.00000  0.77163  1.00000
4.247225511e-01  0.77558  1.00000  1.00000  1.00000  1.00000  1.00000  1.00000  1.00000  1.00000  1.00000  1.00000  1.00000  1.00000  1.00000  1.00000  0.77558  1.00000
4.268461638e-01  0.77948  1.00000  1.00000  1.00000  1.00000  1.00000  1.00000  1.00000  1.00000  1.00000  1.00000  1.00000  1.00000  1.00000  1.00000  0.77948  1.00000
4.289803946e-01  0.78306  1.00000  1.00000  1.00000  1.00000  1.00000  1.00000  1.00000  1.00000  1.00000  1.00000  1.00000  1.00000  1.00000  1.00000  0.78306  1.00000
4.311252966e-01  0.78685  1.00000  1.00000  1.00000  1.00000  1.00000  1.00000  1.00000  1.00000  1.00000  1.00000  1.00000  1.00000  1.00000  1.00000  0.78685  1.00000
4.332809231e-01  0.79058  1.00000  1.00000  1.00000  1.00000  1.00000  1.00000  1.00000  1.00000  1.00000  1.00000  1.00000  1.00000  1.00000  1.00000  0.79058  1.00000
4.354473277e-01  0.79426  1.00000  1.00000  1.00000  1.00000  1.00000  1.00000  1.00000  1.00000  1.00000  1.00000  1.00000  1.00000  1.00000  1.00000  0.79426  1.00000
4.376245643e-01  0.79788  1.00000  1.00000  1.00000  1.00000  1.00000  1.00000  1.00000  1.00000  1.00000  1.00000  1.00000  1.00000  1.00000  1.00000  0.79788  1.00000
4.398126872e-01  0.80145  1.00000  1.00000  1.00000  1.00000  1.00000  1.00000  1.00000  1.00000  1.00000  1.00000  1.00000  1.00000  1.00000  1.00000  0.80145  1.00000
4.420117506e-01  0.80496  1.00000  1.00000  1.00000  1.00000  1.00000  1.00000  1.00000  1.00000  1.00000  1.00000  1.00000  1.00000  1.00000  1.00000  0.80496  1.00000
4.442218094e-01  0.80842  1.00000  1.00000  1.00000  1.00000  1.00000  1.00000  1.00000  1.00000  1.00000  1.00000  1.00000  1.00000  1.00000  1.00000  0.80842  1.00000
4.464429184e-01  0.81182  1.00000  1.00000  1.00000  1.00000  1.00000  1.00000  1.00000  1.00000  1.00000  1.00000  1.00000  1.00000  1.00000  1.00000  0.81182  1.00000
4.486751330e-01  0.81517  1.00000  1.00000  1.00000  1.00000  1.00000  1.00000  1.00000  1.00000  1.00000  1.00000  1.00000  1.00000  1.00000  1.00000  0.81517  1.00000
4.509185087e-01  0.81847  1.00000  1.00000  1.00000  1.00000  1.00000  1.00000  1.00000  1.00000  1.00000  1.00000  1.00000  1.00000  1.00000  1.00000  0.81847  1.00000
4.531731012e-01  0.82171  1.00000  1.00000  1.00000  1.00000  1.00000  1.00000  1.00000  1.00000  1.00000  1.00000  1.00000  1.00000  1.00000  1.00000  0.82171  1.00000
4.554389667e-01  0.82491  1.00000  1.00000  1.00000  1.00000  1.00000  1.00000  1.00000  1.00000  1.00000  1.00000  1.00000  1.00000  1.00000  1.00000  0.82491  1.00000
4.577161615e-01  0.82805  1.00000  1.00000  1.00000  1.00000  1.00000  1.00000  1.00000  1.00000  1.00000  1.00000  1.00000  1.00000  1.00000  1.00000  0.82805  1.00000
4.600047424e-01  0.83114  1.00000  1.00000  1.00000  1.00000  1.00000  1.00000  1.00000  1.00000  1.00000  1.00000  1.00000  1.00000  1.00000  1.00000  0.83114  1.00000
4.623047661e-01  0.83418  1.00000  1.00000  1.00000  1.00000  1.00000  1.00000  1.00000  1.00000  1.00000  1.00000  1.00000  1.00000  1.00000  1.00000  0.83418  1.00000
4.646162899e-01  0.83717  1.00000  1.00000  1.00000  1.00000  1.00000  1.00000  1.00000  1.00000  1.00000  1.00000  1.00000  1.00000  1.00000  1.00000  0.83717  1.00000
4.669393713e-01  0.84012  1.00000  1.00000  1.00000  1.00000  1.00000  1.00000  1.00000  1.00000  1.00000  1.00000  1.00000  1.00000  1.00000  1.00000  0.84012  1.00000
4.692740682e-01  0.84301  1.00000  1.00000  1.00000  1.00000  1.00000  1.00000  1.00000  1.00000  1.00000  1.00000  1.00000  1.00000  1.00000  1.00000  0.84301  1.00000
4.716204385e-01  0.84586  1.00000  1.00000  1.00000  1.00000  1.00000  1.00000  1.00000  1.00000  1.00000  1.00000  1.00000  1.00000  1.00000  1.00000  0.84586  1.00000
4.739785407e-01  0.84866  1.00000  1.00000  1.00000  1.00000  1.00000  1.00000  1.00000  1.00000  1.00000  1.00000  1.00000  1.00000  1.00000  1.00000  0.84866  1.00000
4.763484334e-01  0.85142  1.00000  1.00000  1.00000  1.00000  1.00000  1.00000  1.00000  1.00000  1.00000  1.00000  1.00000  1.00000  1.00000  1.00000  0.85142  1.00000
4.787301756e-01  0.85413  1.00000  1.00000  1.00000  1.00000  1.00000  1.00000  1.00000  1.00000  1.00000  1.00000  1.00000  1.00000  1.00000  1.00000  0.85413  1.00000
4.811238265e-01  0.85679  1.00000  1.00000  1.00000  1.00000  1.00000  1.00000  1.00000  1.00000  1.00000  1.00000  1.00000  1.00000  1.00000  1.00000  0.85679  1.00000
4.835294456e-01  0.85941  1.00000  1.00000  1.00000  1.00000  1.00000  1.00000  1.00000  1.00000  1.00000  1.00000  1.00000  1.00000  1.00000  1.00000  0.85941  1.00000
4.859470928e-01  0.86198  1.00000  1.00000  1.00000  1.00000  0.99999  1.00000  1.00000  1.00000  1.00000  1.00000  1.00000  1.00000  1.00000  1.00000  0.86199  1.00000
4.883768283e-01  0.86452  1.00000  1.00000  1.00000  1.00000  1.00000  1.00000  1.00000  1.00000  1.00000  1.00000  1.00000  1.00000  1.00000  1.00000  0.86452  1.00000
4.908187124e-01  0.86701  1.00000  1.00000  1.00000  1.00000  1.00000  1.00000  1.00000  1.00000  1.00000  1.00000  1.00000  1.00000  1.00000  1.00000  0.86701  1.00000
4.932728060e-01  0.86946  1.00000  1.00000  1.00000  1.00000  1.00000  1.00000  1.00000  1.00000  1.00000  1.00000  1.00000  1.00000  1.00000  1.00000  0.86946  1.00000
4.957391700e-01  0.87186  1.00000  1.00000  1.00000  1.00000  1.00000  1.00000  1.00000  1.00000  1.00000  1.00000  1.00000  1.00000  1.00000  1.00000  0.87186  1.00000
4.982178659e-01  0.87423  1.00000  1.00000  1.00000  1.00000  1.00000  1.00000  1.00000  1.00000  1.00000  1.00000  1.00000  1.00000  1.00000  1.00000  0.87423  1.00000
5.007089552e-01  0.87655  1.00000  1.00000  1.00000  1.00000  1.00000  1.00000  1.00000  1.00000  1.00000  1.00000  1.00000  1.00000  1.00000  1.00000  0.87655  1.00000
5.032125000e-01  0.87884  1.00000  1.00000  1.00000  1.00000  1.00000  1.00000  1.00000  1.00000  1.00000  1.00000  1.00000  1.00000  1.00000  1.00000  0.87884  1.00000
5.057285625e-01  0.88108  1.00000  1.00000  1.00000  1.00000  1.00000  1.00000  1.00000  1.00000  1.00000  1.00000  1.00000  1.00000  1.00000  1.00000  0.88108  1.00000
5.082572053e-01  0.88328  1.00000  1.00000  1.00000  1.00000  1.00000  1.00000  1.00000  1.00000  1.00000  1.00000  1.00000  1.00000  1.00000  1.00000  0.88329  1.00000
5.107984913e-01  0.88545  1.00000  1.00000  1.00000  1.00000  1.00000  1.00000  1.00000  1.00000  1.00000  1.00000  1.00000  1.00000  1.00000  1.00000  0.88546  1.00000
5.133524838e-01  0.88758  1.00000  1.00000  1.00000  1.00000  1.00000  1.00000  1.00000  1.00000  1.00000  1.00000  1.00000  1.00000  1.00000  1.00000  0.88758  1.00000
5.159192462e-01  0.88968  1.00000  1.00000  1.00000  1.00000  1.00000  1.00000  1.00000  1.00000  1.00000  1.00000  1.00000  1.00000  1.00000  1.00000  0.88968  1.00000
5.184988424e-01  0.89173  1.00000  1.00000  1.00000  1.00000  1.00000  1.00000  1.00000  1.00000  1.00000  1.00000  1.00000  1.00000  1.00000  1.00000  0.89173  1.00000
5.210913367e-01  0.89376  1.00000  1.00000  1.00000  1.00000  1.00000  1.00000  1.00000  1.00000  1.00000  1.00000  1.00000  1.00000  1.00000  1.00000  0.89376  1.00000
5.236967933e-01  0.89574  1.00000  1.00000  1.00000  1.00000  1.00000  1.00000  1.00000  1.00000  1.00000  1.00000  1.00000  1.00000  1.00000  1.00000  0.89574  1.00000
5.263152773e-01  0.89769  1.00000  1.00000  1.00000  1.00000  1.00000  1.00000  1.00000  1.00000  1.00000  1.00000  1.00000  1.00000  1.00000  1.00000  0.89769  1.00000
5.289468537e-01  0.89961  1.00000  1.00000  1.00000  1.00000  1.00000  1.00000  1.00000  1.00000  1.00000  1.00000  1.00000  1.00000  1.00000  1.00000  0.89961  1.00000
5.315915880e-01  0.90149  1.00000  1.00000  1.00000  1.00000  1.00000  1.00000  1.00000  1.00000  1.00000  1.00000  1.00000  1.00000  1.00000  1.00000  0.90149  1.00000
5.342495459e-01  0.90333  1.00000  1.00000  1.00000  1.00000  1.00000  1.00000  1.00000  1.00000  1.00000  1.00000  1.00000  1.00000  1.00000  1.00000  0.90334  1.00000
5.369207936e-01  0.90515  1.00000  1.00000  1.00000  1.00000  0.99999  1.00000  1.00000  1.00000  1.00000  1.00000  1.00000  1.00000  1.00000  1.00000  0.90515  1.00000
5.396053976e-01  0.90692  1.00000  1.00000  1.00000  1.00000  0.99998  1.00000  1.00000  1.00000  1.00000  1.00000  1.00000  1.00000  1.00000  1.00000  0.90694  1.00000
5.423034246e-01  0.90866  1.00000  1.00000  1.00000  1.00000  0.99996  1.00000  1.00000  1.00000  1.00000  1.00000  1.00000  1.00000  1.00000  1.00000  0.90869  1.00000
5.450149417e-01  0.91039  1.00000  1.00000  1.00000  1.00000  0.99998  1.00000  1.00000  1.00000  1.00000  1.00000  1.00000  1.00000  1.00000  1.00000  0.91041  1.00000
5.477400164e-01  0.91209  1.00000  1.00000  1.00000  1.00000  1.00000  1.00000  1.00000  1.00000  1.00000  1.00000  1.00000  1.00000  1.00000  1.00000  0.91210  1.00000
5.504787165e-01  0.91376  1.00000  1.00000  1.00000  1.00000  1.00000  1.00000  1.00000  1.00000  1.00000  1.00000  1.00000  1.00000  1.00000  1.00000  0.91376  1.00000
5.532311101e-01  0.91539  1.00000  1.00000  1.00000  1.00000  1.00000  1.00000  1.00000  1.00000  1.00000  1.00000  1.00000  1.00000  1.00000  1.00000  0.91539  1.00000
5.559972656e-01  0.91699  1.00000  1.00000  1.00000  1.00000  1.00000  1.00000  1.00000  1.00000  1.00000  1.00000  1.00000  1.00000  1.00000  1.00000  0.91699  1.00000
5.587772520e-01  0.91856  1.00000  1.00000  1.00000  1.00000  1.00000  1.00000  1.00000  1.00000  1.00000  1.00000  1.00000  1.00000  1.00000  1.00000  0.91856  1.00000
5.615711382e-01  0.92010  1.00000  1.00000  1.00000  1.00000  1.00000  1.00000  1.00000  1.00000  1.00000  1.00000  1.00000  1.00000  1.00000  1.00000  0.92010  1.00000
5.643789939e-01  0.92161  1.00000  1.00000  1.00000  1.00000  1.00000  1.00000  1.00000  1.00000  1.00000  1.00000  1.00000  1.00000  1.00000  1.00000  0.92161  1.00000
5.672008889e-01  0.92310  1.00000  1.00000  1.00000  1.00000  1.00000  1.00000  1.00000  1.00000  1.00000  1.00000  1.00000  1.00000  1.00000  1.00000  0.92310  1.00000
5.700368933e-01  0.92456  1.00000  1.00000  1.00000  1.00000  0.99999  1.00000  1.00000  1.00000  1.00000  1.00000  1.00000  1.00000  1.00000  1.00000  0.92456  1.00000
5.728870778e-01  0.92599  1.00000  1.00000  1.00000  1.00000  0.99999  1.00000  1.00000  1.00000  1.00000  1.00000  1.00000  1.00000  1.00000  1.00000  0.92600  1.00000
5.757515132e-01  0.92739  1.00000  1.00000  1.00000  1.00000  0.99999  1.00000  1.00000  1.00000  1.00000  1.00000  1.00000  1.00000  1.00000  1.00000  0.92740  1.00000
5.786302707e-01  0.92878  1.00000  1.00000  1.00000  1.00000  0.99999  1.00000  1.00000  1.00000  1.00000  1.00000  1.00000  1.00000  1.00000  1.00000  0.92878  1.00000
5.815234221e-01  0.93014  1.00000  1.00000  1.00000  1.00000  1.00000  1.00000  1.00000  1.00000  1.00000  1.00000  1.00000  1.00000  1.00000  1.00000  0.93014  1.00000
5.844310392e-01  0.93147  1.00000  1.00000  1.00000  1.00000  1.00000  1.00000  1.00000  1.00000  1.00000  1.00000  1.00000  1.00000  1.00000  1.00000  0.93147  1.00000
5.873531944e-01  0.93278  1.00000  1.00000  1.00000  1.00000  1.00000  1.00000  1.00000  1.00000  1.00000  1.00000  1.00000  1.00000  1.00000  1.00000  0.93278  1.00000
5.902899604e-01  0.93406  1.00000  1.00000  1.00000  1.00000  1.00000  1.00000  1.00000  1.00000  1.00000  1.00000  1.00000  1.00000  1.00000  1.00000  0.93406  1.00000
5.932414102e-01  0.93532  1.00000  1.00000  1.00000  1.00000  1.00000  1.00000  1.00000  1.00000  1.00000  1.00000  1.00000  1.00000  1.00000  1.00000  0.93532  1.00000
5.962076172e-01  0.93655  1.00000  1.00000  1.00000  1.00000  0.99999  1.00000  1.00000  1.00000  1.00000  1.00000  1.00000  1.00000  1.00000  1.00000  0.93656  1.00000
5.991886553e-01  0.93776  1.00000  1.00000  1.00000  1.00000  0.99999  1.00000  1.00000  1.00000  1.00000  1.00000  1.00000  1.00000  1.00000  1.00000  0.93777  1.00000
6.021845986e-01  0.93896  1.00000  1.00000  1.00000  1.00000  1.00000  1.00000  1.00000  1.00000  1.00000  1.00000  1.00000  1.00000  1.00000  1.00000  0.93896  1.00000
6.051955216e-01  0.94013  1.00000  1.00000  1.00000  1.00000  1.00000  1.00000  1.00000  1.00000  1.00000  1.00000  1.00000  1.00000  1.00000  1.00000  0.94013  1.00000
6.082214992e-01  0.94127  1.00000  1.00000  1.00000  1.00000  0.99999  1.00000  1.00000  1.00000  1.00000  1.00000  1.00000  1.00000  1.00000  1.00000  0.94128  1.00000
6.112626067e-01  0.94238  1.00000  1.00000  1.00000  1.00000  0.99998  1.00000  1.00000  1.00000  1.00000  1.00000  1.00000  1.00000  1.00000  1.00000  0.94240  1.00000
6.143189197e-01  0.94345  1.00000  1.00000  1.00000  1.00000  0.99993  1.00000  1.00000  1.00000  1.00000  1.00000  1.00000  1.00000  1.00000  1.00000  0.94351  1.00000
6.173905143e-01  0.94448  1.00000  1.00000  1.00000  1.00000  0.99988  1.00000  1.00000  1.00000  1.00000  1.00000  1.00000  1.00000  1.00000  1.00000  0.94459  1.00000
6.204774669e-01  0.94551  1.00000  1.00000  1.00000  1.00000  0.99985  1.00000  1.00000  1.00000  1.00000  1.00000  1.00000  1.00000  1.00000  1.00000  0.94566  1.00000
6.235798542e-01  0.94664  1.00000  1.00000  1.00000  1.00000  0.99993  1.00000  1.00000  1.00000  1.00000  1.00000  1.00000  1.00000  1.00000  1.00000  0.94670  1.00000
6.266977535e-01  0.94771  1.00000  1.00000  1.00000  1.00000  0.99999  1.00000  1.00000  1.00000  1.00000  1.00000  1.00000  1.00000  1.00000  1.00000  0.94773  1.00000
6.298312423e-01  0.94873  1.00000  1.00000  1.00000  1.00000  1.00000  1.00000  1.00000  1.00000  1.00000  1.00000  1.00000  1.00000  1.00000  1.00000  0.94873  1.00000
6.329803985e-01  0.94972  1.00000  1.00000  1.00000  1.00000  1.00000  1.00000  1.00000  1.00000  1.00000  1.00000  1.00000  1.00000  1.00000  1.00000  0.94972  1.00000
6.361453005e-01  0.95068  1.00000  1.00000  1.00000  1.00000  1.00000  1.00000  1.00000  1.00000  1.00000  1.00000  1.00000  1.00000  1.00000  1.00000  0.95069  1.00000
6.393260270e-01  0.95163  1.00000  1.00000  1.00000  1.00000  1.00000  1.00000  1.00000  1.00000  1.00000  1.00000  1.00000  1.00000  1.00000  1.00000  0.95164  1.00000
6.425226571e-01  0.95256  1.00000  1.00000  1.00000  1.00000  0.99999  1.00000  1.00000  1.00000  1.00000  1.00000  1.00000  1.00000  1.00000  1.00000  0.95257  1.00000
6.457352704e-01  0.95348  1.00000  1.00000  1.00000  1.00000  0.99999  1.00000  1.00000  1.00000  1.00000  1.00000  1.00000  1.00000  1.00000  1.00000  0.95348  1.00000
6.489639467e-01  0.95437  1.00000  1.00000  1.00000  1.00000  0.99999  1.00000  1.00000  1.00000  1.00000  1.00000  1.00000  1.00000  1.00000  1.00000  0.95438  1.00000
6.522087665e-01  0.95525  1.00000  1.00000  1.00000  1.00000  0.99999  1.00000  1.00000  1.00000  1.00000  1.00000  1.00000  1.00000  1.00000  1.00000  0.95526  1.00000
6.554698103e-01  0.95611  1.00000  1.00000  1.00000  1.00000  0.99998  1.00000  1.00000  1.00000  1.00000  1.00000  1.00000  1.00000  1.00000  1.00000  0.95613  1.00000
6.587471594e-01  0.95695  1.00000  1.00000  1.00000  1.00000  0.99998  1.00000  1.00000  1.00000  1.00000  1.00000  1.00000  1.00000  1.00000  1.00000  0.95697  1.00000
6.620408952e-01  0.95778  1.00000  1.00000  1.00000  1.00000  0.99997  1.00000  1.00000  1.00000  1.00000  1.00000  1.00000  1.00000  1.00000  1.00000  0.95780  1.00000
6.653510996e-01  0.95858  1.00000  1.00000  1.00000  1.00000  0.99995  1.00000  1.00000  1.00000  1.00000  1.00000  1.00000  1.00000  1.00000  1.00000  0.95862  1.00000
6.686778551e-01  0.95939  1.00000  1.00000  1.00000  1.00000  0.99996  1.00000  1.00000  1.00000  1.00000  1.00000  1.00000  1.00000  1.00000  1.00000  0.95942  1.00000
6.720212444e-01  0.96019  1.00000  1.00000  1.00000  1.00000  0.99998  1.00000  1.00000  1.00000  1.00000  1.00000  1.00000  1.00000  1.00000  1.00000  0.96021  1.00000
6.753813506e-01  0.96097  1.00000  1.00000  1.00000  1.00000  0.99999  1.00000  1.00000  1.00000  1.00000  1.00000  1.00000  1.00000  1.00000  1.00000  0.96098  1.00000
6.787582574e-01  0.96173  1.00000  1.00000  1.00000  1.00000  1.00000  1.00000  1.00000  1.00000  1.00000  1.00000  1.00000  1.00000  1.00000  1.00000  0.96173  1.00000
6.821520487e-01  0.96246  1.00000  1.00000  1.00000  1.00000  0.99999  1.00000  1.00000  1.00000  1.00000  1.00000  1.00000  1.00000  1.00000  1.00000  0.96247  1.00000
6.855628089e-01  0.96319  1.00000  1.00000  1.00000  1.00000  0.99999  1.00000  1.00000  1.00000  1.00000  1.00000  1.00000  1.00000  1.00000  1.00000  0.96320  1.00000
6.889906230e-01  0.96391  1.00000  1.00000  1.00000  1.00000  0.99999  1.00000  1.00000  1.00000  1.00000  1.00000  1.00000  1.00000  1.00000  1.00000  0.96392  1.00000
6.924355761e-01  0.96461  1.00000  1.00000  1.00000  1.00000  0.99999  1.00000  1.00000  1.00000  1.00000  1.00000  1.00000  1.00000  1.00000  1.00000  0.96462  1.00000
6.958977540e-01  0.96529  1.00000  1.00000  1.00000  1.00000  0.99998  1.00000  1.00000  1.00000  1.00000  1.00000  1.00000  1.00000  1.00000  1.00000  0.96530  1.00000
6.993772427e-01  0.96593  1.00000  1.00000  1.00000  1.00000  0.99995  1.00000  1.00000  1.00000  1.00000  1.00000  1.00000  1.00000  1.00000  1.00000  0.96598  1.00000
7.028741289e-01  0.96656  1.00000  1.00000  1.00000  1.00000  0.99992  1.00000  1.00000  1.00000  1.00000  1.00000  1.00000  1.00000  1.00000  1.00000  0.96664  1.00000
7.063884996e-01  0.96723  1.00000  1.00000  1.00000  1.00000  0.99994  1.00000  1.00000  1.00000  1.00000  1.00000  1.00000  1.00000  1.00000  1.00000  0.96729  1.00000
7.099204421e-01  0.96789  1.00000  1.00000  1.00000  1.00000  0.99997  1.00000  1.00000  1.00000  1.00000  1.00000  1.00000  1.00000  1.00000  1.00000  0.96792  1.00000
7.134700443e-01  0.96852  1.00000  1.00000  1.00000  1.00000  0.99998  1.00000  1.00000  1.00000  1.00000  1.00000  1.00000  1.00000  1.00000  1.00000  0.96854  1.00000
7.170373945e-01  0.96904  1.00000  1.00000  1.00000  1.00000  0.99988  1.00000  1.00000  1.00000  1.00000  1.00000  1.00000  1.00000  1.00000  1.00000  0.96916  1.00000
7.206225815e-01  0.96943  1.00000  1.00000  1.00000  1.00000  0.99966  1.00000  1.00000  1.00000  1.00000  1.00000  1.00000  1.00000  1.00000  1.00000  0.96976  1.00000
7.242256944e-01  0.96972  1.00000  1.00000  1.00000  1.00000  0.99936  1.00000  1.00000  1.00000  1.00000  1.00000  1.00000  1.00000  1.00000  1.00000  0.97034  1.00000
7.278468229e-01  0.96996  1.00000  1.00000  1.00000  1.00000  0.99901  1.00000  1.00000  1.00000  1.00000  1.00000  1.00000  1.00000  1.00000  1.00000  0.97092  1.00000
7.314860570e-01  0.97101  1.00000  1.00000  1.00000  1.00000  0.99951  1.00000  1.00000  1.00000  1.00000  1.00000  1.00000  1.00000  1.00000  1.00000  0.97149  1.00000
7.351434873e-01  0.97186  1.00000  1.00000  1.00000  1.00000  0.99981  1.00000  1.00000  1.00000  1.00000  1.00000  1.00000  1.00000  1.00000  1.00000  0.97204  1.00000
7.388192047e-01  0.97252  1.00000  1.00000  1.00000  1.00000  0.99994  1.00000  1.00000  1.00000  1.00000  1.00000  1.00000  1.00000  1.00000  1.00000  0.97259  1.00000
7.425133007e-01  0.97311  1.00000  1.00000  1.00000  1.00000  0.99999  1.00000  1.00000  1.00000  1.00000  1.00000  1.00000  1.00000  1.00000  1.00000  0.97312  1.00000
7.462258672e-01  0.97364  1.00000  1.00000  1.00000  1.00000  1.00000  1.00000  1.00000  1.00000  1.00000  1.00000  1.00000  1.00000  1.00000  1.00000  0.97364  1.00000
7.499569966e-01  0.97416  1.00000  1.00000  1.00000  1.00000  1.00000  1.00000  1.00000  1.00000  1.00000  1.00000  1.00000  1.00000  1.00000  1.00000  0.97416  1.00000
7.537067815e-01  0.97466  1.00000  1.00000  1.00000  1.00000  1.00000  1.00000  1.00000  1.00000  1.00000  1.00000  1.00000  1.00000  1.00000  1.00000  0.97466  1.00000
7.574753155e-01  0.97515  1.00000  1.00000  1.00000  1.00000  0.99999  1.00000  1.00000  1.00000  1.00000  1.00000  1.00000  1.00000  1.00000  1.00000  0.97516  1.00000
7.612626920e-01  0.97562  1.00000  1.00000  1.00000  1.00000  0.99998  1.00000  1.00000  1.00000  1.00000  1.00000  1.00000  1.00000  1.00000  1.00000  0.97564  1.00000
7.650690055e-01  0.97608  1.00000  1.00000  1.00000  1.00000  0.99996  1.00000  1.00000  1.00000  1.00000  1.00000  1.00000  1.00000  1.00000  1.00000  0.97612  1.00000
7.688943505e-01  0.97655  1.00000  1.00000  1.00000  1.00000  0.99996  1.00000  1.00000  1.00000  1.00000  1.00000  1.00000  1.00000  1.00000  1.00000  0.97658  1.00000
7.727388223e-01  0.97699  1.00000  1.00000  1.00000  1.00000  0.99995  1.00000  1.00000  1.00000  1.00000  1.00000  1.00000  1.00000  1.00000  1.00000  0.97704  1.00000
7.766025164e-01  0.97741  1.00000  1.00000  1.00000  1.00000  0.99992  1.00000  1.00000  1.00000  1.00000  1.00000  1.00000  1.00000  1.00000  1.00000  0.97749  1.00000
7.804855290e-01  0.97778  1.00000  1.00000  1.00000  1.00000  0.99984  1.00000  1.00000  1.00000  1.00000  1.00000  1.00000  1.00000  1.00000  1.00000  0.97793  1.00000
7.843879566e-01  0.97817  1.00000  1.00000  1.00000  1.00000  0.99980  1.00000  1.00000  1.00000  1.00000  1.00000  1.00000  1.00000  1.00000  1.00000  0.97836  1.00000
7.883098964e-01  0.97863  1.00000  1.00000  1.00000  1.00000  0.99985  1.00000  1.00000  1.00000  1.00000  1.00000  1.00000  1.00000  1.00000  1.00000  0.97878  1.00000
7.922514459e-01  0.97902  1.00000  1.00000  1.00000  1.00000  0.99982  1.00000  1.00000  1.00000  1.00000  1.00000  1.00000  1.00000  1.00000  1.00000  0.97920  1.00000
7.962127031e-01  0.97936  1.00000  1.00000  1.00000  1.00000  0.99975  1.00000  1.00000  1.00000  1.00000  1.00000  1.00000  1.00000  1.00000  1.00000  0.97960  1.00000
8.001937666e-01  0.97978  1.00000  1.00000  1.00000  1.00000  0.99977  1.00000  1.00000  1.00000  1.00000  1.00000  1.00000  1.00000  1.00000  1.00000  0.98000  1.00000
8.041947355e-01  0.98024  1.00000  1.00000  1.00000  1.00000  0.99984  1.00000  1.00000  1.00000  1.00000  1.00000  1.00000  1.00000  1.00000  1.00000  0.98039  1.00000
8.082157091e-01  0.98068  1.00000  1.00000  1.00000  1.00000  0.99990  1.00000  1.00000  1.00000  1.00000  1.00000  1.00000  1.00000  1.00000  1.00000  0.98078  1.00000
8.122567877e-01  0.98109  1.00000  1.00000  1.00000  1.00000  0.99994  1.00000  1.00000  1.00000  1.00000  1.00000  1.00000  1.00000  1.00000  1.00000  0.98115  1.00000
8.163180716e-01  0.98149  1.00000  1.00000  1.00000  1.00000  0.99997  1.00000  1.00000  1.00000  1.00000  1.00000  1.00000  1.00000  1.00000  1.00000  0.98152  1.00000
8.203996620e-01  0.98187  1.00000  1.00000  1.00000  1.00000  0.99999  1.00000  1.00000  1.00000  1.00000  1.00000  1.00000  1.00000  1.00000  1.00000  0.98188  1.00000
8.245016603e-01  0.98223  1.00000  1.00000  1.00000  1.00000  0.99999  1.00000  1.00000  1.00000  1.00000  1.00000  1.00000  1.00000  1.00000  1.00000  0.98224  1.00000
8.286241686e-01  0.98258  1.00000  1.00000  1.00000  1.00000  0.99999  1.00000  1.00000  1.00000  1.00000  1.00000  1.00000  1.00000  1.00000  1.00000  0.98259  1.00000
8.327672894e-01  0.98292  1.00000  1.00000  1.00000  1.00000  0.99999  1.00000  1.00000  1.00000  1.00000  1.00000  1.00000  1.00000  1.00000  1.00000  0.98293  1.00000
8.369311259e-01  0.98316  1.00000  1.00000  1.00000  1.00000  0.99990  1.00000  1.00000  1.00000  1.00000  1.00000  1.00000  1.00000  1.00000  1.00000  0.98326  1.00000
8.411157815e-01  0.98343  1.00000  1.00000  1.00000  1.00000  0.99983  1.00000  1.00000  1.00000  1.00000  1.00000  1.00000  1.00000  1.00000  1.00000  0.98359  1.00000
8.453213604e-01  0.98380  1.00000  1.00000  1.00000  1.00000  0.99989  1.00000  1.00000  1.00000  1.00000  1.00000  1.00000  1.00000  1.00000  1.00000  0.98391  1.00000
8.495479672e-01  0.98415  1.00000  1.00000  1.00000  1.00000  0.99992  1.00000  1.00000  1.00000  1.00000  1.00000  1.00000  1.00000  1.00000  1.00000  0.98423  1.00000
8.537957071e-01  0.98438  1.00000  1.00000  1.00000  1.00000  0.99984  1.00000  1.00000  1.00000  1.00000  1.00000  1.00000  1.00000  1.00000  1.00000  0.98454  1.00000
8.580646856e-01  0.98439  1.00000  1.00000  1.00000  1.00000  0.99955  1.00000  1.00000  1.00000  1.00000  1.00000  1.00000  1.00000  1.00000  1.00000  0.98484  1.00000
8.623550090e-01  0.98409  1.00000  1.00000  1.00000  1.00000  0.99894  1.00000  1.00000  1.00000  1.00000  1.00000  1.00000  1.00000  1.00000  1.00000  0.98514  1.00000
8.666667841e-01  0.98458  1.00000  1.00000  1.00000  1.00000  0.99914  1.00000  1.00000  1.00000  1.00000  1.00000  1.00000  1.00000  1.00000  1.00000  0.98543  1.00000
8.710001180e-01  0.98512  1.00000  0.99999  1.00000  1.00000  0.99941  1.00000  1.00000  1.00000  1.00000  1.00000  1.00000  1.00000  1.00000  1.00000  0.98571  1.00000
8.753551186e-01  0.98545  1.00000  0.99999  1.00000  1.00000  0.99945  1.00000  1.00000  1.00000  1.00000  1.00000  1.00000  1.00000  1.00000  1.00000  0.98599  1.00000
8.797318942e-01  0.98508  1.00000  1.00000  1.00000  1.00000  0.99880  1.00000  1.00000  1.00000  1.00000  1.00000  1.00000  1.00000  1.00000  1.00000  0.98627  1.00000
8.841305536e-01  0.97788  1.00000  1.00000  1.00000  1.00000  0.99122  1.00000  1.00000  1.00000  1.00000  1.00000  1.00000  1.00000  1.00000  1.00000  0.98654  1.00000
8.885512064e-01  0.97462  1.00000  1.00000  1.00000  1.00000  0.98765  1.00000  1.00000  1.00000  1.00000  1.00000  1.00000  1.00000  1.00000  1.00000  0.98680  1.00000
8.929939624e-01  0.97764  1.00000  1.00000  1.00000  1.00000  0.99046  1.00000  1.00000  1.00000  1.00000  1.00000  1.00000  1.00000  1.00000  1.00000  0.98706  1.00000
8.974589322e-01  0.98044  1.00000  1.00000  1.00000  1.00000  0.99303  1.00000  1.00000  1.00000  1.00000  1.00000  1.00000  1.00000  1.00000  1.00000  0.98731  1.00000
9.019462269e-01  0.98419  1.00000  1.00000  1.00000  1.00000  0.99658  1.00000  1.00000  1.00000  1.00000  1.00000  1.00000  1.00000  1.00000  1.00000  0.98756  1.00000
9.064559580e-01  0.98669  1.00000  1.00000  1.00000  1.00000  0.99887  1.00000  1.00000  1.00000  1.00000  1.00000  1.00000  1.00000  1.00000  1.00000  0.98781  1.00000
9.109882378e-01  0.98760  1.00000  1.00000  1.00000  1.00000  0.99955  1.00000  1.00000  1.00000  1.00000  1.00000  1.00000  1.00000  1.00000  1.00000  0.98805  1.00000
9.155431790e-01  0.98797  1.00000  1.00000  1.00000  1.00000  0.99968  1.00000  1.00000  1.00000  1.00000  1.00000  1.00000  1.00000  1.00000  1.00000  0.98828  1.00000
9.201208949e-01  0.98840  1.00000  1.00000  1.00000  1.00000  0.99988  1.00000  1.00000  1.00000  1.00000  1.00000  1.00000  1.00000  1.00000  1.00000  0.98851  1.00000
9.247214994e-01  0.98868  1.00000  1.00000  1.00000  1.00000  0.99995  1.00000  1.00000  1.00000  1.00000  1.00000  1.00000  1.00000  1.00000  1.00000  0.98874  1.00000
9.293451069e-01  0.98893  1.00000  1.00000  1.00000  1.00000  0.99997  1.00000  1.00000  1.00000  1.00000  1.00000  1.00000  1.00000  1.00000  1.00000  0.98896  1.00000
9.339918324e-01  0.98916  1.00000  1.00000  1.00000  1.00000  0.99999  1.00000  1.00000  1.00000  1.00000  1.00000  1.00000  1.00000  1.00000  1.00000  0.98918  1.00000
9.386617916e-01  0.98938  1.00000  1.00000  1.00000  1.00000  1.00000  1.00000  1.00000  1.00000  1.00000  1.00000  1.00000  1.00000  1.00000  1.00000  0.98939  1.00000
9.433551005e-01  0.98958  1.00000  1.00000  1.00000  1.00000  0.99998  1.00000  1.00000  1.00000  1.00000  1.00000  1.00000  1.00000  1.00000  1.00000  0.98960  1.00000
9.480718760e-01  0.98974  1.00000  1.00000  1.00000  1.00000  0.99993  1.00000  1.00000  1.00000  1.00000  1.00000  1.00000  1.00000  1.00000  1.00000  0.98980  1.00000
9.528122354e-01  0.98981  1.00000  1.00000  1.00000  1.00000  0.99980  1.00000  1.00000  1.00000  1.00000  1.00000  1.00000  1.00000  1.00000  1.00000  0.99000  1.00000
9.575762966e-01  0.98995  1.00000  1.00000  1.00000  1.00000  0.99975  1.00000  1.00000  1.00000  1.00000  1.00000  1.00000  1.00000  1.00000  1.00000  0.99020  1.00000
9.623641781e-01  0.98966  1.00000  1.00000  1.00000  1.00000  0.99928  1.00000  0.99999  1.00000  1.00000  1.00000  1.00000  1.00000  1.00000  1.00000  0.99039  1.00000
9.671759990e-01  0.98933  1.00000  1.00000  1.00000  1.00000  0.99874  1.00000  1.00000  1.00000  1.00000  1.00000  1.00000  1.00000  1.00000  1.00000  0.99058  1.00000
9.720118790e-01  0.98800  1.00000  1.00000  1.00000  1.00000  0.99721  1.00000  1.00000  1.00000  1.00000  1.00000  1.00000  1.00000  1.00000  1.00000  0.99076  1.00000
9.768719384e-01  0.98823  1.00000  1.00000  1.00000  1.00000  0.99726  1.00000  1.00000  1.00000  1.00000  1.00000  1.00000  1.00000  1.00000  1.00000  0.99095  1.00000
9.817562981e-01  0.98763  1.00000  1.00000  1.00000  1.00000  0.99648  1.00000  1.00000  1.00000  1.00000  1.00000  1.00000  1.00000  1.00000  1.00000  0.99112  1.00000
9.866650795e-01  0.98746  1.00000  1.00000  1.00000  1.00000  0.99612  1.00000  1.00000  1.00000  1.00000  1.00000  1.00000  1.00000  1.00000  1.00000  0.99130  1.00000
9.915984049e-01  0.98633  1.00000  1.00000  1.00000  1.00000  0.99481  1.00000  1.00000  1.00000  1.00000  1.00000  1.00000  1.00000  1.00000  1.00000  0.99147  1.00000
9.965563970e-01  0.98636  1.00000  1.00000  1.00000  1.00000  0.99468  1.00000  1.00000  1.00000  1.00000  1.00000  1.00000  1.00000  1.00000  1.00000  0.99164  1.00000
1.001539179e+00  0.98633  1.00000  1.00000  1.00000  1.00000  0.99448  1.00000  1.00000  1.00000  1.00000  1.00000  1.00000  1.00000  1.00000  1.00000  0.99180  1.00000
1.006546875e+00  0.98720  1.00000  1.00000  1.00000  1.00000  0.99520  1.00000  1.00000  1.00000  1.00000  1.00000  1.00000  1.00000  1.00000  1.00000  0.99196  1.00000
1.011579609e+00  0.98757  1.00000  1.00000  1.00000  1.00000  0.99541  1.00000  1.00000  1.00000  1.00000  1.00000  1.00000  1.00000  1.00000  1.00000  0.99212  1.00000
1.016637507e+00  0.98847  1.00000  1.00000  1.00000  1.00000  0.99616  1.00000  1.00000  1.00000  1.00000  1.00000  1.00000  1.00000  1.00000  1.00000  0.99228  1.00000
1.021720695e+00  0.98958  1.00000  1.00000  1.00000  1.00000  0.99713  1.00000  1.00000  1.00000  1.00000  1.00000  1.00000  1.00000  1.00000  1.00000  0.99243  1.00000
1.026829298e+00  0.99072  1.00000  1.00000  1.00000  1.00000  0.99813  1.00000  1.00000  1.00000  1.00000  1.00000  1.00000  1.00000  1.00000  1.00000  0.99258  1.00000
1.031963445e+00  0.99165  1.00000  1.00000  1.00000  1.00000  0.99891  1.00000  1.00000  1.00000  1.00000  1.00000  1.00000  1.00000  1.00000  1.00000  0.99272  1.00000
1.037123262e+00  0.99222  1.00000  0.99997  1.00000  1.00000  0.99937  1.00000  1.00000  1.00000  1.00000  1.00000  1.00000  1.00000  1.00000  1.00000  0.99287  1.00000
1.042308878e+00  0.99264  1.00000  0.99997  1.00000  1.00000  0.99966  1.00000  1.00000  1.00000  1.00000  1.00000  1.00000  1.00000  1.00000  1.00000  0.99301  1.00000
1.047520423e+00  0.99295  1.00000  0.99999  1.00000  1.00000  0.99981  1.00000  1.00000  1.00000  1.00000  1.00000  1.00000  1.00000  1.00000  1.00000  0.99314  1.00000
1.052758025e+00  0.99311  1.00000  0.99985  1.00000  1.00000  0.99998  1.00000  1.00000  1.00000  1.00000  1.00000  1.00000  1.00000  1.00000  1.00000  0.99328  1.00000
1.058021815e+00  0.99337  1.00000  0.99995  1.00000  1.00000  1.00000  1.00000  1.00000  1.00000  1.00000  1.00000  1.00000  1.00000  1.00000  1.00000  0.99341  1.00000
1.063311924e+00  0.99352  1.00000  0.99998  1.00000  1.00000  1.00000  1.00000  1.00000  1.00000  1.00000  1.00000  1.00000  1.00000  1.00000  1.00000  0.99354  1.00000
1.068628484e+00  0.99365  1.00000  0.99998  1.00000  1.00000  1.00000  1.00000  1.00000  1.00000  1.00000  1.00000  1.00000  1.00000  1.00000  1.00000  0.99367  1.00000
1.073971626e+00  0.99379  1.00000  0.99999  1.00000  1.00000  1.00000  1.00000  1.00000  1.00000  1.00000  1.00000  1.00000  1.00000  1.00000  1.00000  0.99379  1.00000
1.079341484e+00  0.99391  1.00000  1.00000  1.00000  1.00000  1.00000  1.00000  1.00000  1.00000  1.00000  1.00000  1.00000  1.00000  1.00000  1.00000  0.99392  1.00000
1.084738192e+00  0.99403  1.00000  1.00000  1.00000  1.00000  0.99999  1.00000  1.00000  1.00000  1.00000  1.00000  1.00000  1.00000  1.00000  1.00000  0.99404  1.00000
1.090161883e+00  0.99406  1.00000  1.00000  1.00000  1.00000  0.99991  1.00000  1.00000  1.00000  1.00000  1.00000  1.00000  1.00000  1.00000  1.00000  0.99415  1.00000
1.095612692e+00  0.99375  1.00000  1.00000  1.00000  1.00000  0.99948  1.00000  1.00000  1.00000  1.00000  1.00000  1.00000  1.00000  1.00000  1.00000  0.99427  1.00000
1.101090755e+00  0.99373  1.00000  1.00000  1.00000  1.00000  0.99934  1.00000  1.00000  1.00000  1.00000  1.00000  1.00000  1.00000  1.00000  1.00000  0.99438  1.00000
1.106596209e+00  0.99384  1.00000  1.00000  1.00000  1.00000  0.99935  1.00000  1.00000  1.00000  1.00000  1.00000  1.00000  1.00000  1.00000  1.00000  0.99449  1.00000
1.112129190e+00  0.99249  1.00000  1.00000  1.00000  1.00000  0.99788  1.00000  1.00000  1.00000  1.00000  1.00000  1.00000  1.00000  1.00000  1.00000  0.99460  1.00000
1.117689836e+00  0.98865  1.00000  0.99999  1.00000  1.00000  0.99391  1.00000  1.00000  1.00000  1.00000  1.00000  1.00000  1.00000  1.00000  1.00000  0.99471  1.00000
1.123278285e+00  0.98242  1.00000  1.00000  1.00000  1.00000  0.98754  1.00000  1.00000  1.00000  1.00000  1.00000  1.00000  1.00000  1.00000  1.00000  0.99481  1.00000
1.128894677e+00  0.97036  1.00000  1.00000  1.00000  1.00000  0.97532  1.00000  1.00000  1.00000  1.00000  1.00000  1.00000  1.00000  1.00000  1.00000  0.99491  1.00000
1.134539150e+00  0.97583  1.00000  0.99999  1.00000  1.00000  0.98073  1.00000  1.00000  1.00000  1.00000  1.00000  1.00000  1.00000  1.00000  1.00000  0.99501  1.00000
1.140211846e+00  0.97255  1.00000  1.00000  1.00000  1.00000  0.97733  1.00000  1.00000  1.00000  1.00000  1.00000  1.00000  1.00000  1.00000  1.00000  0.99511  1.00000
1.145912905e+00  0.97958  1.00000  1.00000  1.00000  1.00000  0.98430  1.00000  1.00000  1.00000  1.00000  1.00000  1.00000  1.00000  1.00000  1.00000  0.99521  1.00000
1.151642470e+00  0.96519  1.00000  1.00000  1.00000  1.00000  0.96974  1.00000  1.00000  1.00000  1.00000  1.00000  1.00000  1.00000  1.00000  1.00000  0.99530  1.00000
1.157400682e+00  0.93688  1.00000  1.00000  1.00000  1.00000  0.94121  1.00000  1.00000  1.00000  1.00000  1.00000  1.00000  1.00000  1.00000  1.00000  0.99539  1.00000
1.163187685e+00  0.94449  1.00000  1.00000  1.00000  1.00000  0.94878  1.00000  1.00000  1.00000  1.00000  1.00000  1.00000  1.00000  1.00000  1.00000  0.99549  1.00000
1.169003624e+00  0.94679  1.00000  1.00000  1.00000  1.00000  0.95100  1.00000  1.00000  1.00000  1.00000  1.00000  1.00000  1.00000  1.00000  1.00000  0.99557  1.00000
1.174848642e+00  0.96375  1.00000  1.00000  1.00000  1.00000  0.96795  1.00000  1.00000  1.00000  1.00000  1.00000  1.00000  1.00000  1.00000  1.00000  0.99566  1.00000
1.180722885e+00  0.97684  1.00000  1.00000  1.00000  1.00000  0.98124  1.00000  0.99977  1.00000  1.00000  1.00000  1.00000  1.00000  1.00000  1.00000  0.99575  1.00000
1.186626500e+00  0.97931  1.00000  1.00000  1.00000  1.00000  0.98655  1.00000  0.99674  1.00000  1.00000  1.00000  1.00000  1.00000  1.00000  1.00000  0.99583  1.00000
1.192559632e+00  0.98167  1.00000  1.00000  1.00000  1.00000  0.98669  1.00000  0.99897  1.00000  1.00000  1.00000  1.00000  1.00000  1.00000  1.00000  0.99591  1.00000
1.198522430e+00  0.98935  1.00000  0.99991  1.00000  1.00000  0.99421  1.00000  0.99918  1.00000  1.00000  1.00000  1.00000  1.00000  1.00000  1.00000  0.99599  1.00000
1.204515042e+00  0.99051  1.00000  0.99849  1.00000  1.00000  0.99604  1.00000  0.99986  1.00000  1.00000  1.00000  1.00000  1.00000  1.00000  1.00000  0.99607  1.00000
1.210537618e+00  0.99205  1.00000  0.99761  1.00000  1.00000  0.99830  1.00000  0.99996  1.00000  1.00000  1.00000  1.00000  1.00000  1.00000  1.00000  0.99615  1.00000
1.216590306e+00  0.99472  1.00000  0.99958  1.00000  1.00000  0.99893  1.00000  0.99997  1.00000  1.00000  1.00000  1.00000  1.00000  1.00000  1.00000  0.99623  1.00000
1.222673257e+00  0.99389  1.00000  0.99819  1.00000  1.00000  0.99939  1.00000  0.99998  1.00000  1.00000  1.00000  1.00000  1.00000  1.00000  1.00000  0.99630  1.00000
1.228786624e+00  0.99503  1.00000  0.99920  1.00000  1.00000  0.99945  1.00000  1.00000  1.00000  1.00000  1.00000  1.00000  1.00000  1.00000  1.00000  0.99637  1.00000
1.234930557e+00  0.99560  1.00000  0.99983  1.00000  1.00000  0.99932  1.00000  1.00000  1.00000  1.00000  1.00000  1.00000  1.00000  1.00000  1.00000  0.99644  1.00000
1.241105209e+00  0.99611  1.00000  0.99995  1.00000  1.00000  0.99964  1.00000  1.00000  1.00000  1.00000  1.00000  1.00000  1.00000  1.00000  1.00000  0.99651  1.00000
1.247310736e+00  0.99634  1.00000  0.99999  1.00000  1.00000  0.99976  1.00000  1.00000  1.00000  1.00000  1.00000  1.00000  1.00000  1.00000  1.00000  0.99658  1.00000
1.253547289e+00  0.99651  1.00000  0.99999  1.00000  1.00000  0.99987  1.00000  1.00000  1.00000  1.00000  1.00000  1.00000  1.00000  1.00000  1.00000  0.99665  1.00000
1.259815026e+00  0.99664  1.00000  0.99999  1.00000  1.00000  0.99993  1.00000  1.00000  1.00000  1.00000  1.00000  1.00000  1.00000  1.00000  1.00000  0.99672  1.00000
1.266114101e+00  0.99671  1.00000  0.99998  1.00000  1.00000  0.99994  1.00000  1.00000  1.00000  1.00000  1.00000  1.00000  1.00000  1.00000  1.00000  0.99678  1.00000
1.272444671e+00  0.99680  1.00000  0.99999  1.00000  1.00000  0.99996  1.00000  1.00000  1.00000  1.00000  1.00000  1.00000  1.00000  1.00000  1.00000  0.99684  1.00000
1.278806895e+00  0.99688  1.00000  1.00000  1.00000  1.00000  0.99997  1.00000  1.00000  1.00000  1.00000  1.00000  1.00000  1.00000  1.00000  1.00000  0.99691  1.00000
1.285200929e+00  0.99693  1.00000  0.99999  1.00000  1.00000  0.99997  1.00000  1.00000  1.00000  1.00000  1.00000  1.00000  1.00000  1.00000  1.00000  0.99697  1.00000
1.291626934e+00  0.99685  1.00000  0.99987  1.00000  1.00000  0.99995  1.00000  1.00000  1.00000  1.00000  1.00000  1.00000  1.00000  1.00000  1.00000  0.99703  1.00000
1.298085068e+00  0.99676  1.00000  0.99989  1.00000  1.00000  0.99978  1.00000  1.00000  1.00000  1.00000  1.00000  1.00000  1.00000  1.00000  1.00000  0.99709  1.00000
1.304575494e+00  0.99614  1.00000  0.99999  1.00000  1.00000  0.99900  1.00000  1.00000  1.00000  1.00000  1.00000  1.00000  1.00000  1.00000  1.00000  0.99714  1.00000
1.311098371e+00  0.99208  1.00000  0.99997  1.00000  1.00000  0.99489  1.00000  1.00000  1.00000  1.00000  1.00000  1.00000  1.00000  1.00000  1.00000  0.99720  1.00000
1.317653863e+00  0.98214  1.00000  0.99944  1.00000  1.00000  0.98535  1.00000  1.00000  1.00000  1.00000  1.00000  1.00000  1.00000  1.00000  1.00000  0.99726  1.00000
1.324242132e+00  0.97747  1.00000  0.99968  1.00000  1.00000  0.98037  1.00000  1.00000  1.00000  1.00000  1.00000  1.00000  1.00000  1.00000  1.00000  0.99731  1.00000
1.330863343e+00  0.98051  1.00000  0.99999  1.00000  1.00000  0.98311  1.00000  1.00000  1.00000  1.00000  1.00000  1.00000  1.00000  1.00000  1.00000  0.99736  1.00000
1.337517660e+00  0.95276  1.00000  0.99989  1.00000  1.00000  0.95533  1.00000  1.00000  1.00000  1.00000  1.00000  1.00000  1.00000  1.00000  1.00000  0.99741  1.00000
1.344205248e+00  0.95628  1.00000  0.99981  1.00000  1.00000  0.95886  1.00000  1.00000  1.00000  1.00000  1.00000  1.00000  1.00000  1.00000  1.00000  0.99747  1.00000
1.350926274e+00  0.95730  1.00000  0.99993  1.00000  1.00000  0.95975  1.00000  1.00000  1.00000  1.00000  1.00000  1.00000  1.00000  1.00000  1.00000  0.99752  1.00000
1.357680906e+00  0.94981  1.00000  0.99999  1.00000  1.00000  0.95214  1.00000  1.00000  1.00000  1.00000  1.00000  1.00000  1.00000  1.00000  1.00000  0.99756  1.00000
1.364469310e+00  0.95513  1.00000  1.00000  1.00000  1.00000  0.95742  1.00000  1.00000  1.00000  1.00000  1.00000  1.00000  1.00000  1.00000  1.00000  0.99761  1.00000
1.371291657e+00  0.95984  1.00000  0.99999  1.00000  1.00000  0.96211  1.00000  1.00000  1.00000  1.00000  1.00000  1.00000  1.00000  1.00000  1.00000  0.99766  1.00000
1.378148115e+00  0.94609  1.00000  0.99999  1.00000  1.00000  0.94827  1.00000  1.00000  1.00000  1.00000  1.00000  1.00000  1.00000  1.00000  1.00000  0.99771  1.00000
1.385038856e+00  0.93892  1.00000  1.00000  1.00000  1.00000  0.94104  1.00000  1.00000  1.00000  1.00000  1.00000  1.00000  1.00000  1.00000  1.00000  0.99775  1.00000
1.391964050e+00  0.94391  1.00000  1.00000  1.00000  1.00000  0.94600  1.00000  1.00000  1.00000  1.00000  1.00000  1.00000  1.00000  1.00000  1.00000  0.99780  1.00000
1.398923870e+00  0.95482  1.00000  1.00000  1.00000  1.00000  0.95689  1.00000  1.00000  1.00000  1.00000  1.00000  1.00000  1.00000  1.00000  1.00000  0.99784  1.00000
1.405918490e+00  0.94939  1.00000  1.00000  1.00000  1.00000  0.95140  1.00000  1.00000  1.00000  1.00000  1.00000  1.00000  1.00000  1.00000  1.00000  0.99788  1.00000
1.412948082e+00  0.94966  1.00000  1.00000  1.00000  1.00000  0.95163  1.00000  1.00000  1.00000  1.00000  1.00000  1.00000  1.00000  1.00000  1.00000  0.99792  1.00000
1.420012822e+00  0.97006  1.00000  1.00000  1.00000  1.00000  0.97204  1.00000  1.00000  1.00000  1.00000  1.00000  1.00000  1.00000  1.00000  1.00000  0.99796  1.00000
1.427112886e+00  0.97644  1.00000  0.99948  1.00000  1.00000  0.97889  1.00000  1.00000  1.00000  1.00000  1.00000  1.00000  1.00000  1.00000  1.00000  0.99800  1.00000
1.434248451e+00  0.93761  1.00000  0.95319  1.00000  1.00000  0.98481  1.00000  1.00000  1.00000  1.00000  1.00000  1.00000  1.00000  1.00000  1.00000  0.99804  1.00000
1.441419693e+00  0.94233  1.00000  0.95208  1.00000  1.00000  0.99079  1.00000  1.00000  1.00000  1.00000  1.00000  1.00000  1.00000  1.00000  1.00000  0.99808  1.00000
1.448626792e+00  0.98209  1.00000  0.98982  1.00000  1.00000  0.99389  1.00000  1.00000  1.00000  1.00000  1.00000  1.00000  1.00000  1.00000  1.00000  0.99812  1.00000
1.455869926e+00  0.99294  1.00000  0.99891  1.00000  1.00000  0.99585  1.00000  1.00000  1.00000  1.00000  1.00000  1.00000  1.00000  1.00000  1.00000  0.99816  1.00000
1.463149275e+00  0.99536  1.00000  0.99989  1.00000  1.00000  0.99727  1.00000  1.00000  1.00000  1.00000  1.00000  1.00000  1.00000  1.00000  1.00000  0.99819  1.00000
1.470465022e+00  0.99536  1.00000  0.99999  1.00000  1.00000  0.99714  1.00000  1.00000  1.00000  1.00000  1.00000  1.00000  1.00000  1.00000  1.00000  0.99823  1.00000
1.477817347e+00  0.99324  1.00000  0.99910  1.00000  1.00000  0.99585  1.00000  1.00000  1.00000  1.00000  1.00000  1.00000  1.00000  1.00000  1.00000  0.99826  1.00000
1.485206433e+00  0.99543  1.00000  0.99960  1.00000  1.00000  0.99753  1.00000  1.00000  1.00000  1.00000  1.00000  1.00000  1.00000  1.00000  1.00000  0.99830  1.00000
1.492632466e+00  0.99693  1.00000  0.99987  1.00000  1.00000  0.99872  1.00000  1.00000  1.00000  1.00000  1.00000  1.00000  1.00000  1.00000  1.00000  0.99833  1.00000
1.500095628e+00  0.99733  1.00000  0.99974  1.00000  1.00000  0.99923  1.00000  1.00000  1.00000  1.00000  1.00000  1.00000  1.00000  1.00000  1.00000  0.99836  1.00000
1.507596106e+00  0.99785  1.00000  0.99998  1.00000  1.00000  0.99948  1.00000  1.00000  1.00000  1.00000  1.00000  1.00000  1.00000  1.00000  1.00000  0.99840  1.00000
1.515134087e+00  0.99803  1.00000  1.00000  1.00000  1.00000  0.99961  1.00000  1.00000  1.00000  1.00000  1.00000  1.00000  1.00000  1.00000  1.00000  0.99843  1.00000
1.522709757e+00  0.99816  1.00000  0.99996  1.00000  1.00000  0.99974  1.00000  1.00000  1.00000  1.00000  1.00000  1.00000  1.00000  1.00000  1.00000  0.99846  1.00000
1.530323306e+00  0.99778  1.00000  0.99945  1.00000  1.00000  0.99984  1.00000  1.00000  1.00000  1.00000  1.00000  1.00000  1.00000  1.00000  1.00000  0.99849  1.00000
1.537974922e+00  0.99617  1.00000  0.99774  1.00000  1.00000  0.99990  1.00000  1.00000  1.00000  1.00000  1.00000  1.00000  1.00000  1.00000  1.00000  0.99852  1.00000
1.545664797e+00  0.99653  1.00000  0.99805  1.00000  1.00000  0.99992  1.00000  1.00000  1.00000  1.00000  1.00000  1.00000  1.00000  1.00000  1.00000  0.99855  1.00000
1.553393121e+00  0.99840  1.00000  0.99988  1.00000  1.00000  0.99995  1.00000  1.00000  1.00000  1.00000  1.00000  1.00000  1.00000  1.00000  1.00000  0.99858  1.00000
1.561160087e+00  0.96248  1.00000  0.99997  1.00000  1.00000  0.99994  1.00000  0.96390  1.00000  1.00000  1.00000  1.00000  1.00000  1.00000  1.00000  0.99861  1.00000
1.568965887e+00  0.79362  1.00000  0.99524  1.00000  1.00000  0.99993  1.00000  0.79636  1.00000  1.00000  1.00000  1.00000  1.00000  1.00000  1.00000  0.99863  1.00000
1.576810716e+00  0.88230  1.00000  0.97769  1.00000  1.00000  0.99996  1.00000  0.89370  1.00000  1.00000  1.00000  1.00000  1.00000  1.00000  1.00000  0.99866  1.00000
1.584694770e+00  0.87739  1.00000  0.98675  1.00000  1.00000  0.99996  1.00000  0.88346  1.00000  1.00000  1.00000  1.00000  1.00000  1.00000  1.00000  0.99869  1.00000
1.592618244e+00  0.91826  1.00000  0.99928  1.00000  1.00000  0.99991  1.00000  0.91980  1.00000  1.00000  1.00000  1.00000  1.00000  1.00000  1.00000  0.99871  1.00000
1.600581335e+00  0.94957  1.00000  0.98979  1.00000  1.00000  0.99956  1.00000  0.95888  1.00000  1.00000  1.00000  1.00000  1.00000  1.00000  1.00000  0.99874  1.00000
1.608584242e+00  0.96553  1.00000  0.98121  1.00000  1.00000  0.99864  1.00000  0.98415  1.00000  1.00000  1.00000  1.00000  1.00000  1.00000  1.00000  0.99876  1.00000
1.616627163e+00  0.97500  1.00000  0.98833  1.00000  1.00000  0.99254  1.00000  0.99417  1.00000  1.00000  1.00000  1.00000  1.00000  1.00000  1.00000  0.99879  1.00000
1.624710299e+00  0.96656  1.00000  0.99856  1.00000  1.00000  0.97314  1.00000  0.99518  1.00000  1.00000  1.00000  1.00000  1.00000  1.00000  1.00000  0.99881  1.00000
1.632833850e+00  0.92250  1.00000  0.99967  1.00000  1.00000  0.92476  1.00000  0.99829  1.00000  1.00000  1.00000  1.00000  1.00000  1.00000  1.00000  0.99883  1.00000
1.640998020e+00  0.89656  1.00000  0.99869  1.00000  1.00000  0.89831  1.00000  0.99969  1.00000  1.00000  1.00000  1.00000  1.00000  1.00000  1.00000  0.99886  1.00000
1.649203010e+00  0.89408  1.00000  0.99792  1.00000  1.00000  0.89605  1.00000  0.99994  1.00000  1.00000  1.00000  1.00000  1.00000  1.00000  1.00000  0.99888  1.00000
1.657449025e+00  0.91769  1.00000  0.99891  1.00000  1.00000  0.91931  1.00000  0.99998  1.00000  1.00000  1.00000  1.00000  1.00000  1.00000  1.00000  0.99890  1.00000
1.665736270e+00  0.86579  1.00000  0.99968  1.00000  1.00000  0.86692  1.00000  0.99999  1.00000  1.00000  1.00000  1.00000  1.00000  1.00000  1.00000  0.99892  1.00000
1.674064951e+00  0.92005  1.00000  0.99987  1.00000  1.00000  0.92112  1.00000  1.00000  1.00000  1.00000  1.00000  1.00000  1.00000  1.00000  1.00000  0.99895  1.00000
1.682435276e+00  0.92881  1.00000  0.99995  1.00000  1.00000  0.92981  1.00000  1.00000  1.00000  1.00000  1.00000  1.00000  1.00000  1.00000  1.00000  0.99897  1.00000
1.690847452e+00  0.91992  1.00000  0.99998  1.00000  1.00000  0.92086  1.00000  1.00000  1.00000  1.00000  1.00000  1.00000  1.00000  1.00000  1.00000  0.99899  1.00000
1.699301690e+00  0.89052  1.00000  0.99999  1.00000  1.00000  0.89141  1.00000  1.00000  1.00000  1.00000  1.00000  1.00000  1.00000  1.00000  1.00000  0.99901  1.00000
