# ------------------------------------------------------------------------
# NASA-GSFC Planetary Spectrum Generator (PSG, Villanueva et al. 2018)
# Atmospheric transmittance spectrum synthesized with PUMAS (Villanueva et al. 2018, Smith et al. 2009, Edwards 1992)
# Synthesized on Fri May  7 15:55:38 2021
# Molecules considered: N2,CO2,H2,SO2,CH4,H2S,CO,C2H6,O2,S8,C2H2,H,H2SO4,O
# Molecular sources: HIT[22],HIT[2],HIT[45],HIT[9],HIT[6],HIT[31],HIT[5],HIT[27],HIT[7],NIST[10544-50-0],HIT[26],KZ[01],JPL[98001],HIT[34]
# Molecular abundances: 99,130,450,8.9,31,0.011,7700,9,340,300,15,1.2,0.093,20
# Molecular abundance units: pct,ppm,ppm,ppt,ppm,ppt,ppm,ppb,ppt,ppt,ppt,ppb,ppt,ppb
# Collissional partners: Air:1%, H2:0%, He:0%, CO2:0%
# UV cross-sections included:  N2 CO2 H2 SO2 CH4 H2S CO C2H6 O2 C2H2
# Collision-Induced-Absorption:  H2-H2  O2-N2 
# Rayleigh scattering included
# ------------------------------------------------------------------------
# Spectral unit: Wavelength [um]
# Wave/freq Total N2 CO2 H2 SO2 CH4 H2S CO C2H6 O2 S8 C2H2 H H2SO4 O Rayleigh CIA
2.000000000e-01  0.02682  1.00000  1.00000  1.00000  0.99881  1.00000  1.00000  1.00000  1.00000  1.00000  1.00000  0.99996  1.00000  1.00000  1.00000  0.02685  1.00000
2.010000000e-01  0.02774  1.00000  1.00000  1.00000  0.99859  1.00000  1.00000  1.00000  1.00000  1.00000  1.00000  0.99997  1.00000  1.00000  1.00000  0.02778  1.00000
2.020050000e-01  0.02885  1.00000  1.00000  1.00000  0.99848  1.00000  1.00000  1.00000  1.00000  1.00000  1.00000  0.99997  1.00000  1.00000  1.00000  0.02889  1.00000
2.030150250e-01  0.03001  1.00000  1.00000  1.00000  0.99918  1.00000  1.00000  1.00000  1.00000  1.00000  1.00000  0.99997  1.00000  1.00000  1.00000  0.03004  1.00000
2.040301001e-01  0.03117  1.00000  1.00000  1.00000  0.99853  1.00000  1.00000  1.00000  1.00000  1.00000  1.00000  0.99997  1.00000  1.00000  1.00000  0.03122  1.00000
2.050502506e-01  0.03238  1.00000  1.00000  1.00000  0.99850  1.00000  1.00000  1.00000  1.00000  1.00000  1.00000  0.99998  1.00000  1.00000  1.00000  0.03243  1.00000
2.060755019e-01  0.03364  1.00000  1.00000  1.00000  0.99910  1.00000  1.00000  1.00000  1.00000  1.00000  1.00000  0.99998  1.00000  1.00000  1.00000  0.03367  1.00000
2.071058794e-01  0.03490  1.00000  1.00000  1.00000  0.99860  1.00000  1.00000  1.00000  1.00000  1.00000  1.00000  0.99998  1.00000  1.00000  1.00000  0.03495  1.00000
2.081414088e-01  0.03624  1.00000  1.00000  1.00000  0.99907  1.00000  1.00000  1.00000  1.00000  1.00000  1.00000  0.99998  1.00000  1.00000  1.00000  0.03627  1.00000
2.091821158e-01  0.03759  1.00000  1.00000  1.00000  0.99928  1.00000  1.00000  1.00000  1.00000  1.00000  1.00000  0.99998  1.00000  1.00000  1.00000  0.03762  1.00000
2.102280264e-01  0.03897  1.00000  1.00000  1.00000  0.99901  1.00000  1.00000  1.00000  1.00000  1.00000  1.00000  0.99998  1.00000  1.00000  1.00000  0.03901  1.00000
2.112791665e-01  0.04041  1.00000  1.00000  1.00000  0.99955  1.00000  1.00000  1.00000  1.00000  1.00000  1.00000  0.99998  1.00000  1.00000  1.00000  0.04043  1.00000
2.123355624e-01  0.04186  1.00000  1.00000  1.00000  0.99926  1.00000  1.00000  1.00000  1.00000  1.00000  1.00000  0.99998  1.00000  1.00000  1.00000  0.04189  1.00000
2.133972402e-01  0.04336  1.00000  1.00000  1.00000  0.99929  1.00000  1.00000  1.00000  1.00000  1.00000  1.00000  0.99999  1.00000  1.00000  1.00000  0.04339  1.00000
2.144642264e-01  0.04490  1.00000  1.00000  1.00000  0.99956  1.00000  1.00000  1.00000  1.00000  1.00000  1.00000  0.99999  1.00000  1.00000  1.00000  0.04492  1.00000
2.155365475e-01  0.04654  1.00000  1.00000  1.00000  0.99941  1.00000  1.00000  1.00000  1.00000  1.00000  1.00000  0.99999  1.00000  1.00000  1.00000  0.04657  1.00000
2.166142303e-01  0.04858  1.00000  1.00000  1.00000  0.99957  1.00000  1.00000  1.00000  1.00000  1.00000  1.00000  0.99999  1.00000  1.00000  1.00000  0.04860  1.00000
2.176973014e-01  0.05071  1.00000  1.00000  1.00000  0.99973  1.00000  1.00000  1.00000  1.00000  1.00000  1.00000  0.99999  1.00000  1.00000  1.00000  0.05072  1.00000
2.187857879e-01  0.05290  1.00000  1.00000  1.00000  0.99969  1.00000  1.00000  1.00000  1.00000  1.00000  1.00000  0.99999  1.00000  1.00000  1.00000  0.05292  1.00000
2.198797169e-01  0.05518  1.00000  1.00000  1.00000  0.99984  1.00000  1.00000  1.00000  1.00000  1.00000  1.00000  0.99999  1.00000  1.00000  1.00000  0.05519  1.00000
2.209791154e-01  0.05753  1.00000  1.00000  1.00000  0.99970  1.00000  1.00000  1.00000  1.00000  1.00000  1.00000  0.99999  1.00000  1.00000  1.00000  0.05755  1.00000
2.220840110e-01  0.05997  1.00000  1.00000  1.00000  0.99983  1.00000  1.00000  1.00000  1.00000  1.00000  1.00000  0.99999  1.00000  1.00000  1.00000  0.05998  1.00000
2.231944311e-01  0.06249  1.00000  1.00000  1.00000  0.99987  1.00000  1.00000  1.00000  1.00000  1.00000  1.00000  0.99999  1.00000  1.00000  1.00000  0.06250  1.00000
2.243104032e-01  0.06509  1.00000  1.00000  1.00000  0.99986  1.00000  1.00000  1.00000  1.00000  1.00000  1.00000  1.00000  1.00000  1.00000  1.00000  0.06510  1.00000
2.254319552e-01  0.06776  1.00000  1.00000  1.00000  0.99990  1.00000  1.00000  1.00000  1.00000  1.00000  1.00000  1.00000  1.00000  1.00000  1.00000  0.06777  1.00000
2.265591150e-01  0.07052  1.00000  1.00000  1.00000  0.99992  1.00000  1.00000  1.00000  1.00000  1.00000  1.00000  1.00000  1.00000  1.00000  1.00000  0.07053  1.00000
2.276919106e-01  0.07339  1.00000  1.00000  1.00000  0.99994  1.00000  1.00000  1.00000  1.00000  1.00000  1.00000  1.00000  1.00000  1.00000  1.00000  0.07339  1.00000
2.288303701e-01  0.07634  1.00000  1.00000  1.00000  0.99998  1.00000  1.00000  1.00000  1.00000  1.00000  1.00000  1.00000  1.00000  1.00000  1.00000  0.07634  1.00000
2.299745220e-01  0.07938  1.00000  1.00000  1.00000  0.99998  1.00000  1.00000  1.00000  1.00000  1.00000  1.00000  1.00000  1.00000  1.00000  1.00000  0.07938  1.00000
2.311243946e-01  0.08250  1.00000  1.00000  1.00000  0.99999  1.00000  1.00000  1.00000  1.00000  1.00000  1.00000  1.00000  1.00000  1.00000  1.00000  0.08251  1.00000
2.322800166e-01  0.08573  1.00000  1.00000  1.00000  0.99999  1.00000  1.00000  1.00000  1.00000  1.00000  1.00000  1.00000  1.00000  1.00000  1.00000  0.08573  1.00000
2.334414167e-01  0.08904  1.00000  1.00000  1.00000  0.99999  1.00000  1.00000  1.00000  1.00000  1.00000  1.00000  1.00000  1.00000  1.00000  1.00000  0.08904  1.00000
2.346086237e-01  0.09245  1.00000  1.00000  1.00000  1.00000  1.00000  1.00000  1.00000  1.00000  1.00000  1.00000  1.00000  1.00000  1.00000  1.00000  0.09246  1.00000
2.357816669e-01  0.09596  1.00000  1.00000  1.00000  0.99999  1.00000  1.00000  1.00000  1.00000  1.00000  1.00000  1.00000  1.00000  1.00000  1.00000  0.09596  1.00000
2.369605752e-01  0.09956  1.00000  1.00000  1.00000  1.00000  1.00000  1.00000  1.00000  1.00000  1.00000  1.00000  1.00000  1.00000  1.00000  1.00000  0.09956  1.00000
2.381453781e-01  0.10326  1.00000  1.00000  1.00000  0.99999  1.00000  1.00000  1.00000  1.00000  1.00000  1.00000  1.00000  1.00000  1.00000  1.00000  0.10326  1.00000
2.393361050e-01  0.10705  1.00000  1.00000  1.00000  0.99999  1.00000  1.00000  1.00000  1.00000  1.00000  1.00000  1.00000  1.00000  1.00000  1.00000  0.10705  1.00000
2.405327855e-01  0.11094  1.00000  1.00000  1.00000  0.99999  1.00000  1.00000  1.00000  1.00000  1.00000  1.00000  1.00000  1.00000  1.00000  1.00000  0.11094  1.00000
2.417354494e-01  0.11494  1.00000  1.00000  1.00000  0.99999  1.00000  1.00000  1.00000  1.00000  1.00000  1.00000  1.00000  1.00000  1.00000  1.00000  0.11494  1.00000
2.429441267e-01  0.11902  1.00000  1.00000  1.00000  0.99999  1.00000  1.00000  1.00000  1.00000  1.00000  1.00000  1.00000  1.00000  1.00000  1.00000  0.11902  1.00000
2.441588473e-01  0.12321  1.00000  1.00000  1.00000  0.99999  1.00000  1.00000  1.00000  1.00000  1.00000  1.00000  1.00000  1.00000  1.00000  1.00000  0.12321  1.00000
2.453796415e-01  0.12749  1.00000  1.00000  1.00000  0.99999  1.00000  1.00000  1.00000  1.00000  1.00000  1.00000  1.00000  1.00000  1.00000  1.00000  0.12749  1.00000
2.466065397e-01  0.13188  1.00000  1.00000  1.00000  0.99999  1.00000  1.00000  1.00000  1.00000  1.00000  1.00000  1.00000  1.00000  1.00000  1.00000  0.13188  1.00000
2.478395724e-01  0.13635  1.00000  1.00000  1.00000  0.99999  1.00000  1.00000  1.00000  1.00000  1.00000  1.00000  1.00000  1.00000  1.00000  1.00000  0.13635  1.00000
2.490787703e-01  0.14093  1.00000  1.00000  1.00000  0.99998  1.00000  1.00000  1.00000  1.00000  1.00000  1.00000  1.00000  1.00000  1.00000  1.00000  0.14093  1.00000
2.503241642e-01  0.14560  1.00000  1.00000  1.00000  0.99998  1.00000  1.00000  1.00000  1.00000  1.00000  1.00000  1.00000  1.00000  1.00000  1.00000  0.14561  1.00000
2.515757850e-01  0.15038  1.00000  1.00000  1.00000  0.99997  1.00000  1.00000  1.00000  1.00000  1.00000  1.00000  1.00000  1.00000  1.00000  1.00000  0.15038  1.00000
2.528336639e-01  0.15524  1.00000  1.00000  1.00000  0.99997  1.00000  1.00000  1.00000  1.00000  1.00000  1.00000  1.00000  1.00000  1.00000  1.00000  0.15524  1.00000
2.540978322e-01  0.16020  1.00000  1.00000  1.00000  0.99997  1.00000  1.00000  1.00000  1.00000  1.00000  1.00000  1.00000  1.00000  1.00000  1.00000  0.16021  1.00000
2.553683214e-01  0.16525  1.00000  1.00000  1.00000  0.99996  1.00000  1.00000  1.00000  1.00000  1.00000  1.00000  1.00000  1.00000  1.00000  1.00000  0.16526  1.00000
2.566451630e-01  0.17035  1.00000  1.00000  1.00000  0.99996  1.00000  1.00000  1.00000  1.00000  1.00000  1.00000  1.00000  1.00000  1.00000  1.00000  0.17036  1.00000
2.579283888e-01  0.17558  1.00000  1.00000  1.00000  0.99996  1.00000  1.00000  1.00000  1.00000  1.00000  1.00000  1.00000  1.00000  1.00000  1.00000  0.17559  1.00000
2.592180307e-01  0.18091  1.00000  1.00000  1.00000  0.99995  1.00000  1.00000  1.00000  1.00000  1.00000  1.00000  1.00000  1.00000  1.00000  1.00000  0.18092  1.00000
2.605141209e-01  0.18633  1.00000  1.00000  1.00000  0.99994  1.00000  1.00000  1.00000  1.00000  1.00000  1.00000  1.00000  1.00000  1.00000  1.00000  0.18634  1.00000
2.618166915e-01  0.19184  1.00000  1.00000  1.00000  0.99994  1.00000  1.00000  1.00000  1.00000  1.00000  1.00000  1.00000  1.00000  1.00000  1.00000  0.19185  1.00000
2.631257750e-01  0.19742  1.00000  1.00000  1.00000  0.99994  1.00000  1.00000  1.00000  1.00000  1.00000  1.00000  1.00000  1.00000  1.00000  1.00000  0.19744  1.00000
2.644414038e-01  0.20310  1.00000  1.00000  1.00000  0.99993  1.00000  1.00000  1.00000  1.00000  1.00000  1.00000  1.00000  1.00000  1.00000  1.00000  0.20311  1.00000
2.657636109e-01  0.20885  1.00000  1.00000  1.00000  0.99992  1.00000  1.00000  1.00000  1.00000  1.00000  1.00000  1.00000  1.00000  1.00000  1.00000  0.20887  1.00000
2.670924289e-01  0.21469  1.00000  1.00000  1.00000  0.99991  1.00000  1.00000  1.00000  1.00000  1.00000  1.00000  1.00000  1.00000  1.00000  1.00000  0.21470  1.00000
2.684278911e-01  0.22060  1.00000  1.00000  1.00000  0.99991  1.00000  1.00000  1.00000  1.00000  1.00000  1.00000  1.00000  1.00000  1.00000  1.00000  0.22062  1.00000
2.697700305e-01  0.22658  1.00000  1.00000  1.00000  0.99990  1.00000  1.00000  1.00000  1.00000  1.00000  1.00000  1.00000  1.00000  1.00000  1.00000  0.22661  1.00000
2.711188807e-01  0.23264  1.00000  1.00000  1.00000  0.99989  1.00000  1.00000  1.00000  1.00000  1.00000  1.00000  1.00000  1.00000  1.00000  1.00000  0.23267  1.00000
2.724744751e-01  0.23877  1.00000  1.00000  1.00000  0.99988  1.00000  1.00000  1.00000  1.00000  1.00000  1.00000  1.00000  1.00000  1.00000  1.00000  0.23880  1.00000
2.738368474e-01  0.24497  1.00000  1.00000  1.00000  0.99987  1.00000  1.00000  1.00000  1.00000  1.00000  1.00000  1.00000  1.00000  1.00000  1.00000  0.24500  1.00000
2.752060317e-01  0.25123  1.00000  1.00000  1.00000  0.99987  1.00000  1.00000  1.00000  1.00000  1.00000  1.00000  1.00000  1.00000  1.00000  1.00000  0.25127  1.00000
2.765820618e-01  0.25756  1.00000  1.00000  1.00000  0.99986  1.00000  1.00000  1.00000  1.00000  1.00000  1.00000  1.00000  1.00000  1.00000  1.00000  0.25759  1.00000
2.779649721e-01  0.26395  1.00000  1.00000  1.00000  0.99985  1.00000  1.00000  1.00000  1.00000  1.00000  1.00000  1.00000  1.00000  1.00000  1.00000  0.26398  1.00000
2.793547970e-01  0.27039  1.00000  1.00000  1.00000  0.99984  1.00000  1.00000  1.00000  1.00000  1.00000  1.00000  1.00000  1.00000  1.00000  1.00000  0.27043  1.00000
2.807515710e-01  0.27689  1.00000  1.00000  1.00000  0.99985  1.00000  1.00000  1.00000  1.00000  1.00000  1.00000  1.00000  1.00000  1.00000  1.00000  0.27693  1.00000
2.821553288e-01  0.28344  1.00000  1.00000  1.00000  0.99984  1.00000  1.00000  1.00000  1.00000  1.00000  1.00000  1.00000  1.00000  1.00000  1.00000  0.28349  1.00000
2.835661055e-01  0.29004  1.00000  1.00000  1.00000  0.99983  1.00000  1.00000  1.00000  1.00000  1.00000  1.00000  1.00000  1.00000  1.00000  1.00000  0.29009  1.00000
2.849839360e-01  0.29669  1.00000  1.00000  1.00000  0.99983  1.00000  1.00000  1.00000  1.00000  1.00000  1.00000  1.00000  1.00000  1.00000  1.00000  0.29674  1.00000
2.864088557e-01  0.30339  1.00000  1.00000  1.00000  0.99984  1.00000  1.00000  1.00000  1.00000  1.00000  1.00000  1.00000  1.00000  1.00000  1.00000  0.30344  1.00000
2.878409000e-01  0.31012  1.00000  1.00000  1.00000  0.99983  1.00000  1.00000  1.00000  1.00000  1.00000  1.00000  1.00000  1.00000  1.00000  1.00000  0.31017  1.00000
2.892801045e-01  0.31689  1.00000  1.00000  1.00000  0.99983  1.00000  1.00000  1.00000  1.00000  1.00000  1.00000  1.00000  1.00000  1.00000  1.00000  0.31694  1.00000
2.907265050e-01  0.32366  1.00000  1.00000  1.00000  0.99984  1.00000  1.00000  1.00000  1.00000  1.00000  1.00000  1.00000  1.00000  1.00000  1.00000  0.32371  1.00000
2.921801375e-01  0.33044  1.00000  1.00000  1.00000  0.99984  1.00000  1.00000  1.00000  1.00000  1.00000  1.00000  1.00000  1.00000  1.00000  1.00000  0.33049  1.00000
2.936410382e-01  0.33731  1.00000  1.00000  1.00000  0.99985  1.00000  1.00000  1.00000  1.00000  1.00000  1.00000  1.00000  1.00000  1.00000  1.00000  0.33736  1.00000
2.951092434e-01  0.34422  1.00000  1.00000  1.00000  0.99988  1.00000  1.00000  1.00000  1.00000  1.00000  1.00000  1.00000  1.00000  1.00000  1.00000  0.34426  1.00000
2.965847896e-01  0.35113  1.00000  1.00000  1.00000  0.99986  1.00000  1.00000  1.00000  1.00000  1.00000  1.00000  1.00000  1.00000  1.00000  1.00000  0.35118  1.00000
2.980677136e-01  0.35807  1.00000  1.00000  1.00000  0.99985  1.00000  1.00000  1.00000  1.00000  1.00000  1.00000  1.00000  1.00000  1.00000  1.00000  0.35812  1.00000
2.995580521e-01  0.36504  1.00000  1.00000  1.00000  0.99987  1.00000  1.00000  1.00000  1.00000  1.00000  1.00000  1.00000  1.00000  1.00000  1.00000  0.36508  1.00000
3.010558424e-01  0.37202  1.00000  1.00000  1.00000  0.99992  1.00000  1.00000  1.00000  1.00000  1.00000  1.00000  1.00000  1.00000  1.00000  1.00000  0.37205  1.00000
3.025611216e-01  0.37900  1.00000  1.00000  1.00000  0.99990  1.00000  1.00000  1.00000  1.00000  1.00000  1.00000  1.00000  1.00000  1.00000  1.00000  0.37904  1.00000
3.040739272e-01  0.38599  1.00000  1.00000  1.00000  0.99991  1.00000  1.00000  1.00000  1.00000  1.00000  1.00000  1.00000  1.00000  1.00000  1.00000  0.38603  1.00000
3.055942969e-01  0.39300  1.00000  1.00000  1.00000  0.99994  1.00000  1.00000  1.00000  1.00000  1.00000  1.00000  1.00000  1.00000  1.00000  1.00000  0.39302  1.00000
3.071222683e-01  0.40000  1.00000  1.00000  1.00000  0.99993  1.00000  1.00000  1.00000  1.00000  1.00000  1.00000  1.00000  1.00000  1.00000  1.00000  0.40002  1.00000
3.086578797e-01  0.40700  1.00000  1.00000  1.00000  0.99994  1.00000  1.00000  1.00000  1.00000  1.00000  1.00000  1.00000  1.00000  1.00000  1.00000  0.40702  1.00000
3.102011691e-01  0.41400  1.00000  1.00000  1.00000  0.99996  1.00000  1.00000  1.00000  1.00000  1.00000  1.00000  1.00000  1.00000  1.00000  1.00000  0.41402  1.00000
3.117521749e-01  0.42100  1.00000  1.00000  1.00000  0.99996  1.00000  1.00000  1.00000  1.00000  1.00000  1.00000  1.00000  1.00000  1.00000  1.00000  0.42101  1.00000
3.133109358e-01  0.42798  1.00000  1.00000  1.00000  0.99997  1.00000  1.00000  1.00000  1.00000  1.00000  1.00000  1.00000  1.00000  1.00000  1.00000  0.42799  1.00000
3.148774905e-01  0.43496  1.00000  1.00000  1.00000  0.99998  1.00000  1.00000  1.00000  1.00000  1.00000  1.00000  1.00000  1.00000  1.00000  1.00000  0.43497  1.00000
3.164518779e-01  0.44192  1.00000  1.00000  1.00000  0.99998  1.00000  1.00000  1.00000  1.00000  1.00000  1.00000  1.00000  1.00000  1.00000  1.00000  0.44193  1.00000
3.180341373e-01  0.44886  1.00000  1.00000  1.00000  0.99998  1.00000  1.00000  1.00000  1.00000  1.00000  1.00000  1.00000  1.00000  1.00000  1.00000  0.44887  1.00000
3.196243080e-01  0.45579  1.00000  1.00000  1.00000  0.99999  1.00000  1.00000  1.00000  1.00000  1.00000  1.00000  1.00000  1.00000  1.00000  1.00000  0.45580  1.00000
3.212224295e-01  0.46270  1.00000  1.00000  1.00000  0.99999  1.00000  1.00000  1.00000  1.00000  1.00000  1.00000  1.00000  1.00000  1.00000  1.00000  0.46270  1.00000
3.228285417e-01  0.46958  1.00000  1.00000  1.00000  0.99999  1.00000  1.00000  1.00000  1.00000  1.00000  1.00000  1.00000  1.00000  1.00000  1.00000  0.46959  1.00000
3.244426844e-01  0.47644  1.00000  1.00000  1.00000  1.00000  1.00000  1.00000  1.00000  1.00000  1.00000  1.00000  1.00000  1.00000  1.00000  1.00000  0.47644  1.00000
3.260648978e-01  0.48328  1.00000  1.00000  1.00000  1.00000  1.00000  1.00000  1.00000  1.00000  1.00000  1.00000  1.00000  1.00000  1.00000  1.00000  0.48328  1.00000
3.276952223e-01  0.49008  1.00000  1.00000  1.00000  1.00000  1.00000  1.00000  1.00000  1.00000  1.00000  1.00000  1.00000  1.00000  1.00000  1.00000  0.49008  1.00000
3.293336984e-01  0.49685  1.00000  1.00000  1.00000  1.00000  1.00000  1.00000  1.00000  1.00000  1.00000  1.00000  1.00000  1.00000  1.00000  1.00000  0.49685  1.00000
3.309803669e-01  0.50348  1.00000  1.00000  1.00000  1.00000  1.00000  1.00000  1.00000  1.00000  1.00000  1.00000  1.00000  1.00000  1.00000  1.00000  0.50348  1.00000
3.326352688e-01  0.51014  1.00000  1.00000  1.00000  1.00000  1.00000  1.00000  1.00000  1.00000  1.00000  1.00000  1.00000  1.00000  1.00000  1.00000  0.51014  1.00000
3.342984451e-01  0.51681  1.00000  1.00000  1.00000  1.00000  1.00000  1.00000  1.00000  1.00000  1.00000  1.00000  1.00000  1.00000  1.00000  1.00000  0.51681  1.00000
3.359699373e-01  0.52345  1.00000  1.00000  1.00000  1.00000  1.00000  1.00000  1.00000  1.00000  1.00000  1.00000  1.00000  1.00000  1.00000  1.00000  0.52345  1.00000
3.376497870e-01  0.53004  1.00000  1.00000  1.00000  1.00000  1.00000  1.00000  1.00000  1.00000  1.00000  1.00000  1.00000  1.00000  1.00000  1.00000  0.53004  1.00000
3.393380359e-01  0.53660  1.00000  1.00000  1.00000  1.00000  1.00000  1.00000  1.00000  1.00000  1.00000  1.00000  1.00000  1.00000  1.00000  1.00000  0.53660  1.00000
3.410347261e-01  0.54311  1.00000  1.00000  1.00000  1.00000  1.00000  1.00000  1.00000  1.00000  1.00000  1.00000  1.00000  1.00000  1.00000  1.00000  0.54311  1.00000
3.427398998e-01  0.54958  1.00000  1.00000  1.00000  1.00000  1.00000  1.00000  1.00000  1.00000  1.00000  1.00000  1.00000  1.00000  1.00000  1.00000  0.54958  1.00000
3.444535992e-01  0.55600  1.00000  1.00000  1.00000  1.00000  1.00000  1.00000  1.00000  1.00000  1.00000  1.00000  1.00000  1.00000  1.00000  1.00000  0.55600  1.00000
3.461758672e-01  0.56237  1.00000  1.00000  1.00000  1.00000  1.00000  1.00000  1.00000  1.00000  1.00000  1.00000  1.00000  1.00000  1.00000  1.00000  0.56237  1.00000
3.479067466e-01  0.56869  1.00000  1.00000  1.00000  1.00000  1.00000  1.00000  1.00000  1.00000  1.00000  1.00000  1.00000  1.00000  1.00000  1.00000  0.56869  1.00000
3.496462803e-01  0.57497  1.00000  1.00000  1.00000  1.00000  1.00000  1.00000  1.00000  1.00000  1.00000  1.00000  1.00000  1.00000  1.00000  1.00000  0.57497  1.00000
3.513945117e-01  0.58119  1.00000  1.00000  1.00000  1.00000  1.00000  1.00000  1.00000  1.00000  1.00000  1.00000  1.00000  1.00000  1.00000  1.00000  0.58119  1.00000
3.531514843e-01  0.58737  1.00000  1.00000  1.00000  1.00000  1.00000  1.00000  1.00000  1.00000  1.00000  1.00000  1.00000  1.00000  1.00000  1.00000  0.58737  1.00000
3.549172417e-01  0.59348  1.00000  1.00000  1.00000  1.00000  1.00000  1.00000  1.00000  1.00000  1.00000  1.00000  1.00000  1.00000  1.00000  1.00000  0.59348  1.00000
3.566918279e-01  0.59955  1.00000  1.00000  1.00000  1.00000  1.00000  1.00000  1.00000  1.00000  1.00000  1.00000  1.00000  1.00000  1.00000  1.00000  0.59955  1.00000
3.584752870e-01  0.60555  1.00000  1.00000  1.00000  1.00000  1.00000  1.00000  1.00000  1.00000  1.00000  1.00000  1.00000  1.00000  1.00000  1.00000  0.60555  1.00000
3.602676635e-01  0.61151  1.00000  1.00000  1.00000  1.00000  1.00000  1.00000  1.00000  1.00000  1.00000  1.00000  1.00000  1.00000  1.00000  1.00000  0.61151  1.00000
3.620690018e-01  0.61741  1.00000  1.00000  1.00000  1.00000  1.00000  1.00000  1.00000  1.00000  1.00000  1.00000  1.00000  1.00000  1.00000  1.00000  0.61741  1.00000
3.638793468e-01  0.62325  1.00000  1.00000  1.00000  1.00000  1.00000  1.00000  1.00000  1.00000  1.00000  1.00000  1.00000  1.00000  1.00000  1.00000  0.62325  1.00000
3.656987435e-01  0.62903  1.00000  1.00000  1.00000  1.00000  1.00000  1.00000  1.00000  1.00000  1.00000  1.00000  1.00000  1.00000  1.00000  1.00000  0.62903  1.00000
3.675272373e-01  0.63475  1.00000  1.00000  1.00000  1.00000  1.00000  1.00000  1.00000  1.00000  1.00000  1.00000  1.00000  1.00000  1.00000  1.00000  0.63475  1.00000
3.693648734e-01  0.64042  1.00000  1.00000  1.00000  1.00000  1.00000  1.00000  1.00000  1.00000  1.00000  1.00000  1.00000  1.00000  1.00000  1.00000  0.64042  1.00000
3.712116978e-01  0.64603  1.00000  1.00000  1.00000  1.00000  1.00000  1.00000  1.00000  1.00000  1.00000  1.00000  1.00000  1.00000  1.00000  1.00000  0.64603  1.00000
3.730677563e-01  0.65157  1.00000  1.00000  1.00000  1.00000  1.00000  1.00000  1.00000  1.00000  1.00000  1.00000  1.00000  1.00000  1.00000  1.00000  0.65157  1.00000
3.749330951e-01  0.65705  1.00000  1.00000  1.00000  1.00000  1.00000  1.00000  1.00000  1.00000  1.00000  1.00000  1.00000  1.00000  1.00000  1.00000  0.65705  1.00000
3.768077606e-01  0.66234  1.00000  1.00000  1.00000  1.00000  1.00000  1.00000  1.00000  1.00000  1.00000  1.00000  1.00000  1.00000  1.00000  1.00000  0.66234  1.00000
3.786917994e-01  0.66764  1.00000  1.00000  1.00000  1.00000  1.00000  1.00000  1.00000  1.00000  1.00000  1.00000  1.00000  1.00000  1.00000  1.00000  0.66764  1.00000
3.805852584e-01  0.67295  1.00000  1.00000  1.00000  1.00000  1.00000  1.00000  1.00000  1.00000  1.00000  1.00000  1.00000  1.00000  1.00000  1.00000  0.67295  1.00000
3.824881846e-01  0.67821  1.00000  1.00000  1.00000  1.00000  1.00000  1.00000  1.00000  1.00000  1.00000  1.00000  1.00000  1.00000  1.00000  1.00000  0.67821  1.00000
3.844006256e-01  0.68339  1.00000  1.00000  1.00000  1.00000  1.00000  1.00000  1.00000  1.00000  1.00000  1.00000  1.00000  1.00000  1.00000  1.00000  0.68339  1.00000
3.863226287e-01  0.68852  1.00000  1.00000  1.00000  1.00000  1.00000  1.00000  1.00000  1.00000  1.00000  1.00000  1.00000  1.00000  1.00000  1.00000  0.68852  1.00000
3.882542418e-01  0.69358  1.00000  1.00000  1.00000  1.00000  1.00000  1.00000  1.00000  1.00000  1.00000  1.00000  1.00000  1.00000  1.00000  1.00000  0.69358  1.00000
3.901955131e-01  0.69859  1.00000  1.00000  1.00000  1.00000  1.00000  1.00000  1.00000  1.00000  1.00000  1.00000  1.00000  1.00000  1.00000  1.00000  0.69859  1.00000
3.921464906e-01  0.70353  1.00000  1.00000  1.00000  1.00000  1.00000  1.00000  1.00000  1.00000  1.00000  1.00000  1.00000  1.00000  1.00000  1.00000  0.70353  1.00000
3.941072231e-01  0.70841  1.00000  1.00000  1.00000  1.00000  1.00000  1.00000  1.00000  1.00000  1.00000  1.00000  1.00000  1.00000  1.00000  1.00000  0.70841  1.00000
3.960777592e-01  0.71322  1.00000  1.00000  1.00000  1.00000  1.00000  1.00000  1.00000  1.00000  1.00000  1.00000  1.00000  1.00000  1.00000  1.00000  0.71322  1.00000
3.980581480e-01  0.71798  1.00000  1.00000  1.00000  1.00000  1.00000  1.00000  1.00000  1.00000  1.00000  1.00000  1.00000  1.00000  1.00000  1.00000  0.71798  1.00000
4.000484387e-01  0.72267  1.00000  1.00000  1.00000  1.00000  1.00000  1.00000  1.00000  1.00000  1.00000  1.00000  1.00000  1.00000  1.00000  1.00000  0.72267  1.00000
4.020486809e-01  0.72730  1.00000  1.00000  1.00000  1.00000  1.00000  1.00000  1.00000  1.00000  1.00000  1.00000  1.00000  1.00000  1.00000  1.00000  0.72730  1.00000
4.040589243e-01  0.73187  1.00000  1.00000  1.00000  1.00000  1.00000  1.00000  1.00000  1.00000  1.00000  1.00000  1.00000  1.00000  1.00000  1.00000  0.73187  1.00000
4.060792189e-01  0.73638  1.00000  1.00000  1.00000  1.00000  1.00000  1.00000  1.00000  1.00000  1.00000  1.00000  1.00000  1.00000  1.00000  1.00000  0.73638  1.00000
4.081096150e-01  0.74082  1.00000  1.00000  1.00000  1.00000  1.00000  1.00000  1.00000  1.00000  1.00000  1.00000  1.00000  1.00000  1.00000  1.00000  0.74082  1.00000
4.101501631e-01  0.74521  1.00000  1.00000  1.00000  1.00000  1.00000  1.00000  1.00000  1.00000  1.00000  1.00000  1.00000  1.00000  1.00000  1.00000  0.74521  1.00000
4.122009139e-01  0.74954  1.00000  1.00000  1.00000  1.00000  1.00000  1.00000  1.00000  1.00000  1.00000  1.00000  1.00000  1.00000  1.00000  1.00000  0.74954  1.00000
4.142619185e-01  0.75380  1.00000  1.00000  1.00000  1.00000  1.00000  1.00000  1.00000  1.00000  1.00000  1.00000  1.00000  1.00000  1.00000  1.00000  0.75380  1.00000
4.163332281e-01  0.75801  1.00000  1.00000  1.00000  1.00000  1.00000  1.00000  1.00000  1.00000  1.00000  1.00000  1.00000  1.00000  1.00000  1.00000  0.75801  1.00000
4.184148942e-01  0.76216  1.00000  1.00000  1.00000  1.00000  1.00000  1.00000  1.00000  1.00000  1.00000  1.00000  1.00000  1.00000  1.00000  1.00000  0.76216  1.00000
4.205069687e-01  0.76624  1.00000  1.00000  1.00000  1.00000  1.00000  1.00000  1.00000  1.00000  1.00000  1.00000  1.00000  1.00000  1.00000  1.00000  0.76624  1.00000
4.226095035e-01  0.77027  1.00000  1.00000  1.00000  1.00000  1.00000  1.00000  1.00000  1.00000  1.00000  1.00000  1.00000  1.00000  1.00000  1.00000  0.77027  1.00000
4.247225511e-01  0.77424  1.00000  1.00000  1.00000  1.00000  1.00000  1.00000  1.00000  1.00000  1.00000  1.00000  1.00000  1.00000  1.00000  1.00000  0.77424  1.00000
4.268461638e-01  0.77815  1.00000  1.00000  1.00000  1.00000  1.00000  1.00000  1.00000  1.00000  1.00000  1.00000  1.00000  1.00000  1.00000  1.00000  0.77815  1.00000
4.289803946e-01  0.78176  1.00000  1.00000  1.00000  1.00000  1.00000  1.00000  1.00000  1.00000  1.00000  1.00000  1.00000  1.00000  1.00000  1.00000  0.78176  1.00000
4.311252966e-01  0.78557  1.00000  1.00000  1.00000  1.00000  1.00000  1.00000  1.00000  1.00000  1.00000  1.00000  1.00000  1.00000  1.00000  1.00000  0.78557  1.00000
4.332809231e-01  0.78932  1.00000  1.00000  1.00000  1.00000  1.00000  1.00000  1.00000  1.00000  1.00000  1.00000  1.00000  1.00000  1.00000  1.00000  0.78932  1.00000
4.354473277e-01  0.79302  1.00000  1.00000  1.00000  1.00000  1.00000  1.00000  1.00000  1.00000  1.00000  1.00000  1.00000  1.00000  1.00000  1.00000  0.79302  1.00000
4.376245643e-01  0.79666  1.00000  1.00000  1.00000  1.00000  1.00000  1.00000  1.00000  1.00000  1.00000  1.00000  1.00000  1.00000  1.00000  1.00000  0.79666  1.00000
4.398126872e-01  0.80025  1.00000  1.00000  1.00000  1.00000  1.00000  1.00000  1.00000  1.00000  1.00000  1.00000  1.00000  1.00000  1.00000  1.00000  0.80025  1.00000
4.420117506e-01  0.80377  1.00000  1.00000  1.00000  1.00000  1.00000  1.00000  1.00000  1.00000  1.00000  1.00000  1.00000  1.00000  1.00000  1.00000  0.80377  1.00000
4.442218094e-01  0.80725  1.00000  1.00000  1.00000  1.00000  1.00000  1.00000  1.00000  1.00000  1.00000  1.00000  1.00000  1.00000  1.00000  1.00000  0.80725  1.00000
4.464429184e-01  0.81067  1.00000  1.00000  1.00000  1.00000  1.00000  1.00000  1.00000  1.00000  1.00000  1.00000  1.00000  1.00000  1.00000  1.00000  0.81067  1.00000
4.486751330e-01  0.81404  1.00000  1.00000  1.00000  1.00000  1.00000  1.00000  1.00000  1.00000  1.00000  1.00000  1.00000  1.00000  1.00000  1.00000  0.81404  1.00000
4.509185087e-01  0.81735  1.00000  1.00000  1.00000  1.00000  1.00000  1.00000  1.00000  1.00000  1.00000  1.00000  1.00000  1.00000  1.00000  1.00000  0.81735  1.00000
4.531731012e-01  0.82062  1.00000  1.00000  1.00000  1.00000  1.00000  1.00000  1.00000  1.00000  1.00000  1.00000  1.00000  1.00000  1.00000  1.00000  0.82062  1.00000
4.554389667e-01  0.82383  1.00000  1.00000  1.00000  1.00000  1.00000  1.00000  1.00000  1.00000  1.00000  1.00000  1.00000  1.00000  1.00000  1.00000  0.82383  1.00000
4.577161615e-01  0.82699  1.00000  1.00000  1.00000  1.00000  1.00000  1.00000  1.00000  1.00000  1.00000  1.00000  1.00000  1.00000  1.00000  1.00000  0.82699  1.00000
4.600047424e-01  0.83009  1.00000  1.00000  1.00000  1.00000  1.00000  1.00000  1.00000  1.00000  1.00000  1.00000  1.00000  1.00000  1.00000  1.00000  0.83010  1.00000
4.623047661e-01  0.83316  1.00000  1.00000  1.00000  1.00000  1.00000  1.00000  1.00000  1.00000  1.00000  1.00000  1.00000  1.00000  1.00000  1.00000  0.83316  1.00000
4.646162899e-01  0.83616  1.00000  1.00000  1.00000  1.00000  1.00000  1.00000  1.00000  1.00000  1.00000  1.00000  1.00000  1.00000  1.00000  1.00000  0.83616  1.00000
4.669393713e-01  0.83913  1.00000  1.00000  1.00000  1.00000  1.00000  1.00000  1.00000  1.00000  1.00000  1.00000  1.00000  1.00000  1.00000  1.00000  0.83913  1.00000
4.692740682e-01  0.84204  1.00000  1.00000  1.00000  1.00000  1.00000  1.00000  1.00000  1.00000  1.00000  1.00000  1.00000  1.00000  1.00000  1.00000  0.84204  1.00000
4.716204385e-01  0.84490  1.00000  1.00000  1.00000  1.00000  1.00000  1.00000  1.00000  1.00000  1.00000  1.00000  1.00000  1.00000  1.00000  1.00000  0.84490  1.00000
4.739785407e-01  0.84772  1.00000  1.00000  1.00000  1.00000  1.00000  1.00000  1.00000  1.00000  1.00000  1.00000  1.00000  1.00000  1.00000  1.00000  0.84772  1.00000
4.763484334e-01  0.85049  1.00000  1.00000  1.00000  1.00000  1.00000  1.00000  1.00000  1.00000  1.00000  1.00000  1.00000  1.00000  1.00000  1.00000  0.85049  1.00000
4.787301756e-01  0.85321  1.00000  1.00000  1.00000  1.00000  1.00000  1.00000  1.00000  1.00000  1.00000  1.00000  1.00000  1.00000  1.00000  1.00000  0.85321  1.00000
4.811238265e-01  0.85589  1.00000  1.00000  1.00000  1.00000  1.00000  1.00000  1.00000  1.00000  1.00000  1.00000  1.00000  1.00000  1.00000  1.00000  0.85589  1.00000
4.835294456e-01  0.85852  1.00000  1.00000  1.00000  1.00000  1.00000  1.00000  1.00000  1.00000  1.00000  1.00000  1.00000  1.00000  1.00000  1.00000  0.85853  1.00000
4.859470928e-01  0.86111  1.00000  1.00000  1.00000  1.00000  0.99999  1.00000  1.00000  1.00000  1.00000  1.00000  1.00000  1.00000  1.00000  1.00000  0.86112  1.00000
4.883768283e-01  0.86366  1.00000  1.00000  1.00000  1.00000  1.00000  1.00000  1.00000  1.00000  1.00000  1.00000  1.00000  1.00000  1.00000  1.00000  0.86366  1.00000
4.908187124e-01  0.86617  1.00000  1.00000  1.00000  1.00000  1.00000  1.00000  1.00000  1.00000  1.00000  1.00000  1.00000  1.00000  1.00000  1.00000  0.86617  1.00000
4.932728060e-01  0.86863  1.00000  1.00000  1.00000  1.00000  1.00000  1.00000  1.00000  1.00000  1.00000  1.00000  1.00000  1.00000  1.00000  1.00000  0.86863  1.00000
4.957391700e-01  0.87105  1.00000  1.00000  1.00000  1.00000  1.00000  1.00000  1.00000  1.00000  1.00000  1.00000  1.00000  1.00000  1.00000  1.00000  0.87105  1.00000
4.982178659e-01  0.87343  1.00000  1.00000  1.00000  1.00000  1.00000  1.00000  1.00000  1.00000  1.00000  1.00000  1.00000  1.00000  1.00000  1.00000  0.87343  1.00000
5.007089552e-01  0.87577  1.00000  1.00000  1.00000  1.00000  1.00000  1.00000  1.00000  1.00000  1.00000  1.00000  1.00000  1.00000  1.00000  1.00000  0.87577  1.00000
5.032125000e-01  0.87806  1.00000  1.00000  1.00000  1.00000  1.00000  1.00000  1.00000  1.00000  1.00000  1.00000  1.00000  1.00000  1.00000  1.00000  0.87806  1.00000
5.057285625e-01  0.88032  1.00000  1.00000  1.00000  1.00000  1.00000  1.00000  1.00000  1.00000  1.00000  1.00000  1.00000  1.00000  1.00000  1.00000  0.88032  1.00000
5.082572053e-01  0.88254  1.00000  1.00000  1.00000  1.00000  1.00000  1.00000  1.00000  1.00000  1.00000  1.00000  1.00000  1.00000  1.00000  1.00000  0.88254  1.00000
5.107984913e-01  0.88472  1.00000  1.00000  1.00000  1.00000  1.00000  1.00000  1.00000  1.00000  1.00000  1.00000  1.00000  1.00000  1.00000  1.00000  0.88472  1.00000
5.133524838e-01  0.88686  1.00000  1.00000  1.00000  1.00000  1.00000  1.00000  1.00000  1.00000  1.00000  1.00000  1.00000  1.00000  1.00000  1.00000  0.88687  1.00000
5.159192462e-01  0.88897  1.00000  1.00000  1.00000  1.00000  1.00000  1.00000  1.00000  1.00000  1.00000  1.00000  1.00000  1.00000  1.00000  1.00000  0.88897  1.00000
5.184988424e-01  0.89104  1.00000  1.00000  1.00000  1.00000  1.00000  1.00000  1.00000  1.00000  1.00000  1.00000  1.00000  1.00000  1.00000  1.00000  0.89104  1.00000
5.210913367e-01  0.89307  1.00000  1.00000  1.00000  1.00000  1.00000  1.00000  1.00000  1.00000  1.00000  1.00000  1.00000  1.00000  1.00000  1.00000  0.89307  1.00000
5.236967933e-01  0.89507  1.00000  1.00000  1.00000  1.00000  1.00000  1.00000  1.00000  1.00000  1.00000  1.00000  1.00000  1.00000  1.00000  1.00000  0.89507  1.00000
5.263152773e-01  0.89703  1.00000  1.00000  1.00000  1.00000  1.00000  1.00000  1.00000  1.00000  1.00000  1.00000  1.00000  1.00000  1.00000  1.00000  0.89703  1.00000
5.289468537e-01  0.89896  1.00000  1.00000  1.00000  1.00000  1.00000  1.00000  1.00000  1.00000  1.00000  1.00000  1.00000  1.00000  1.00000  1.00000  0.89896  1.00000
5.315915880e-01  0.90085  1.00000  1.00000  1.00000  1.00000  1.00000  1.00000  1.00000  1.00000  1.00000  1.00000  1.00000  1.00000  1.00000  1.00000  0.90085  1.00000
5.342495459e-01  0.90271  1.00000  1.00000  1.00000  1.00000  1.00000  1.00000  1.00000  1.00000  1.00000  1.00000  1.00000  1.00000  1.00000  1.00000  0.90271  1.00000
5.369207936e-01  0.90453  1.00000  1.00000  1.00000  1.00000  0.99999  1.00000  1.00000  1.00000  1.00000  1.00000  1.00000  1.00000  1.00000  1.00000  0.90454  1.00000
5.396053976e-01  0.90632  1.00000  1.00000  1.00000  1.00000  0.99998  1.00000  1.00000  1.00000  1.00000  1.00000  1.00000  1.00000  1.00000  1.00000  0.90633  1.00000
5.423034246e-01  0.90806  1.00000  1.00000  1.00000  1.00000  0.99996  1.00000  1.00000  1.00000  1.00000  1.00000  1.00000  1.00000  1.00000  1.00000  0.90810  1.00000
5.450149417e-01  0.90981  1.00000  1.00000  1.00000  1.00000  0.99998  1.00000  1.00000  1.00000  1.00000  1.00000  1.00000  1.00000  1.00000  1.00000  0.90983  1.00000
5.477400164e-01  0.91152  1.00000  1.00000  1.00000  1.00000  1.00000  1.00000  1.00000  1.00000  1.00000  1.00000  1.00000  1.00000  1.00000  1.00000  0.91153  1.00000
5.504787165e-01  0.91320  1.00000  1.00000  1.00000  1.00000  1.00000  1.00000  1.00000  1.00000  1.00000  1.00000  1.00000  1.00000  1.00000  1.00000  0.91320  1.00000
5.532311101e-01  0.91483  1.00000  1.00000  1.00000  1.00000  1.00000  1.00000  1.00000  1.00000  1.00000  1.00000  1.00000  1.00000  1.00000  1.00000  0.91484  1.00000
5.559972656e-01  0.91645  1.00000  1.00000  1.00000  1.00000  1.00000  1.00000  1.00000  1.00000  1.00000  1.00000  1.00000  1.00000  1.00000  1.00000  0.91645  1.00000
5.587772520e-01  0.91803  1.00000  1.00000  1.00000  1.00000  1.00000  1.00000  1.00000  1.00000  1.00000  1.00000  1.00000  1.00000  1.00000  1.00000  0.91803  1.00000
5.615711382e-01  0.91958  1.00000  1.00000  1.00000  1.00000  1.00000  1.00000  1.00000  1.00000  1.00000  1.00000  1.00000  1.00000  1.00000  1.00000  0.91958  1.00000
5.643789939e-01  0.92110  1.00000  1.00000  1.00000  1.00000  1.00000  1.00000  1.00000  1.00000  1.00000  1.00000  1.00000  1.00000  1.00000  1.00000  0.92110  1.00000
5.672008889e-01  0.92260  1.00000  1.00000  1.00000  1.00000  1.00000  1.00000  1.00000  1.00000  1.00000  1.00000  1.00000  1.00000  1.00000  1.00000  0.92260  1.00000
5.700368933e-01  0.92406  1.00000  1.00000  1.00000  1.00000  0.99999  1.00000  1.00000  1.00000  1.00000  1.00000  1.00000  1.00000  1.00000  1.00000  0.92407  1.00000
5.728870778e-01  0.92550  1.00000  1.00000  1.00000  1.00000  0.99999  1.00000  1.00000  1.00000  1.00000  1.00000  1.00000  1.00000  1.00000  1.00000  0.92551  1.00000
5.757515132e-01  0.92692  1.00000  1.00000  1.00000  1.00000  0.99999  1.00000  1.00000  1.00000  1.00000  1.00000  1.00000  1.00000  1.00000  1.00000  0.92693  1.00000
5.786302707e-01  0.92831  1.00000  1.00000  1.00000  1.00000  0.99999  1.00000  1.00000  1.00000  1.00000  1.00000  1.00000  1.00000  1.00000  1.00000  0.92832  1.00000
5.815234221e-01  0.92968  1.00000  1.00000  1.00000  1.00000  1.00000  1.00000  1.00000  1.00000  1.00000  1.00000  1.00000  1.00000  1.00000  1.00000  0.92968  1.00000
5.844310392e-01  0.93102  1.00000  1.00000  1.00000  1.00000  1.00000  1.00000  1.00000  1.00000  1.00000  1.00000  1.00000  1.00000  1.00000  1.00000  0.93102  1.00000
5.873531944e-01  0.93234  1.00000  1.00000  1.00000  1.00000  1.00000  1.00000  1.00000  1.00000  1.00000  1.00000  1.00000  1.00000  1.00000  1.00000  0.93234  1.00000
5.902899604e-01  0.93363  1.00000  1.00000  1.00000  1.00000  1.00000  1.00000  1.00000  1.00000  1.00000  1.00000  1.00000  1.00000  1.00000  1.00000  0.93363  1.00000
5.932414102e-01  0.93489  1.00000  1.00000  1.00000  1.00000  1.00000  1.00000  1.00000  1.00000  1.00000  1.00000  1.00000  1.00000  1.00000  1.00000  0.93490  1.00000
5.962076172e-01  0.93613  1.00000  1.00000  1.00000  1.00000  0.99999  1.00000  1.00000  1.00000  1.00000  1.00000  1.00000  1.00000  1.00000  1.00000  0.93614  1.00000
5.991886553e-01  0.93735  1.00000  1.00000  1.00000  1.00000  0.99999  1.00000  1.00000  1.00000  1.00000  1.00000  1.00000  1.00000  1.00000  1.00000  0.93736  1.00000
6.021845986e-01  0.93856  1.00000  1.00000  1.00000  1.00000  1.00000  1.00000  1.00000  1.00000  1.00000  1.00000  1.00000  1.00000  1.00000  1.00000  0.93856  1.00000
6.051955216e-01  0.93973  1.00000  1.00000  1.00000  1.00000  1.00000  1.00000  1.00000  1.00000  1.00000  1.00000  1.00000  1.00000  1.00000  1.00000  0.93974  1.00000
6.082214992e-01  0.94088  1.00000  1.00000  1.00000  1.00000  0.99999  1.00000  1.00000  1.00000  1.00000  1.00000  1.00000  1.00000  1.00000  1.00000  0.94089  1.00000
6.112626067e-01  0.94200  1.00000  1.00000  1.00000  1.00000  0.99998  1.00000  1.00000  1.00000  1.00000  1.00000  1.00000  1.00000  1.00000  1.00000  0.94202  1.00000
6.143189197e-01  0.94307  1.00000  1.00000  1.00000  1.00000  0.99993  1.00000  1.00000  1.00000  1.00000  1.00000  1.00000  1.00000  1.00000  1.00000  0.94314  1.00000
6.173905143e-01  0.94411  1.00000  1.00000  1.00000  1.00000  0.99988  1.00000  1.00000  1.00000  1.00000  1.00000  1.00000  1.00000  1.00000  1.00000  0.94423  1.00000
6.204774669e-01  0.94515  1.00000  1.00000  1.00000  1.00000  0.99985  1.00000  1.00000  1.00000  1.00000  1.00000  1.00000  1.00000  1.00000  1.00000  0.94530  1.00000
6.235798542e-01  0.94629  1.00000  1.00000  1.00000  1.00000  0.99993  1.00000  1.00000  1.00000  1.00000  1.00000  1.00000  1.00000  1.00000  1.00000  0.94635  1.00000
6.266977535e-01  0.94737  1.00000  1.00000  1.00000  1.00000  0.99999  1.00000  1.00000  1.00000  1.00000  1.00000  1.00000  1.00000  1.00000  1.00000  0.94738  1.00000
6.298312423e-01  0.94839  1.00000  1.00000  1.00000  1.00000  1.00000  1.00000  1.00000  1.00000  1.00000  1.00000  1.00000  1.00000  1.00000  1.00000  0.94839  1.00000
6.329803985e-01  0.94938  1.00000  1.00000  1.00000  1.00000  1.00000  1.00000  1.00000  1.00000  1.00000  1.00000  1.00000  1.00000  1.00000  1.00000  0.94939  1.00000
6.361453005e-01  0.95036  1.00000  1.00000  1.00000  1.00000  1.00000  1.00000  1.00000  1.00000  1.00000  1.00000  1.00000  1.00000  1.00000  1.00000  0.95036  1.00000
6.393260270e-01  0.95131  1.00000  1.00000  1.00000  1.00000  1.00000  1.00000  1.00000  1.00000  1.00000  1.00000  1.00000  1.00000  1.00000  1.00000  0.95132  1.00000
6.425226571e-01  0.95225  1.00000  1.00000  1.00000  1.00000  0.99999  1.00000  1.00000  1.00000  1.00000  1.00000  1.00000  1.00000  1.00000  1.00000  0.95225  1.00000
6.457352704e-01  0.95317  1.00000  1.00000  1.00000  1.00000  0.99999  1.00000  1.00000  1.00000  1.00000  1.00000  1.00000  1.00000  1.00000  1.00000  0.95318  1.00000
6.489639467e-01  0.95407  1.00000  1.00000  1.00000  1.00000  0.99999  1.00000  1.00000  1.00000  1.00000  1.00000  1.00000  1.00000  1.00000  1.00000  0.95408  1.00000
6.522087665e-01  0.95495  1.00000  1.00000  1.00000  1.00000  0.99999  1.00000  1.00000  1.00000  1.00000  1.00000  1.00000  1.00000  1.00000  1.00000  0.95496  1.00000
6.554698103e-01  0.95582  1.00000  1.00000  1.00000  1.00000  0.99998  1.00000  1.00000  1.00000  1.00000  1.00000  1.00000  1.00000  1.00000  1.00000  0.95583  1.00000
6.587471594e-01  0.95667  1.00000  1.00000  1.00000  1.00000  0.99998  1.00000  1.00000  1.00000  1.00000  1.00000  1.00000  1.00000  1.00000  1.00000  0.95669  1.00000
6.620408952e-01  0.95749  1.00000  1.00000  1.00000  1.00000  0.99997  1.00000  1.00000  1.00000  1.00000  1.00000  1.00000  1.00000  1.00000  1.00000  0.95752  1.00000
6.653510996e-01  0.95830  1.00000  1.00000  1.00000  1.00000  0.99995  1.00000  1.00000  1.00000  1.00000  1.00000  1.00000  1.00000  1.00000  1.00000  0.95835  1.00000
6.686778551e-01  0.95911  1.00000  1.00000  1.00000  1.00000  0.99996  1.00000  1.00000  1.00000  1.00000  1.00000  1.00000  1.00000  1.00000  1.00000  0.95915  1.00000
6.720212444e-01  0.95993  1.00000  1.00000  1.00000  1.00000  0.99998  1.00000  1.00000  1.00000  1.00000  1.00000  1.00000  1.00000  1.00000  1.00000  0.95994  1.00000
6.753813506e-01  0.96071  1.00000  1.00000  1.00000  1.00000  0.99999  1.00000  1.00000  1.00000  1.00000  1.00000  1.00000  1.00000  1.00000  1.00000  0.96072  1.00000
6.787582574e-01  0.96148  1.00000  1.00000  1.00000  1.00000  1.00000  1.00000  1.00000  1.00000  1.00000  1.00000  1.00000  1.00000  1.00000  1.00000  0.96148  1.00000
6.821520487e-01  0.96221  1.00000  1.00000  1.00000  1.00000  0.99999  1.00000  1.00000  1.00000  1.00000  1.00000  1.00000  1.00000  1.00000  1.00000  0.96222  1.00000
6.855628089e-01  0.96295  1.00000  1.00000  1.00000  1.00000  0.99999  1.00000  1.00000  1.00000  1.00000  1.00000  1.00000  1.00000  1.00000  1.00000  0.96296  1.00000
6.889906230e-01  0.96367  1.00000  1.00000  1.00000  1.00000  0.99999  1.00000  1.00000  1.00000  1.00000  1.00000  1.00000  1.00000  1.00000  1.00000  0.96367  1.00000
6.924355761e-01  0.96437  1.00000  1.00000  1.00000  1.00000  0.99999  1.00000  1.00000  1.00000  1.00000  1.00000  1.00000  1.00000  1.00000  1.00000  0.96438  1.00000
6.958977540e-01  0.96505  1.00000  1.00000  1.00000  1.00000  0.99998  1.00000  1.00000  1.00000  1.00000  1.00000  1.00000  1.00000  1.00000  1.00000  0.96507  1.00000
6.993772427e-01  0.96570  1.00000  1.00000  1.00000  1.00000  0.99995  1.00000  1.00000  1.00000  1.00000  1.00000  1.00000  1.00000  1.00000  1.00000  0.96575  1.00000
7.028741289e-01  0.96633  1.00000  1.00000  1.00000  1.00000  0.99992  1.00000  1.00000  1.00000  1.00000  1.00000  1.00000  1.00000  1.00000  1.00000  0.96641  1.00000
7.063884996e-01  0.96701  1.00000  1.00000  1.00000  1.00000  0.99994  1.00000  1.00000  1.00000  1.00000  1.00000  1.00000  1.00000  1.00000  1.00000  0.96707  1.00000
7.099204421e-01  0.96768  1.00000  1.00000  1.00000  1.00000  0.99997  1.00000  1.00000  1.00000  1.00000  1.00000  1.00000  1.00000  1.00000  1.00000  0.96771  1.00000
7.134700443e-01  0.96831  1.00000  1.00000  1.00000  1.00000  0.99998  1.00000  1.00000  1.00000  1.00000  1.00000  1.00000  1.00000  1.00000  1.00000  0.96833  1.00000
7.170373945e-01  0.96883  1.00000  1.00000  1.00000  1.00000  0.99988  1.00000  1.00000  1.00000  1.00000  1.00000  1.00000  1.00000  1.00000  1.00000  0.96895  1.00000
7.206225815e-01  0.96922  1.00000  1.00000  1.00000  1.00000  0.99966  1.00000  1.00000  1.00000  1.00000  1.00000  1.00000  1.00000  1.00000  1.00000  0.96955  1.00000
7.242256944e-01  0.96952  1.00000  1.00000  1.00000  1.00000  0.99936  1.00000  1.00000  1.00000  1.00000  1.00000  1.00000  1.00000  1.00000  1.00000  0.97015  1.00000
7.278468229e-01  0.96976  1.00000  1.00000  1.00000  1.00000  0.99901  1.00000  1.00000  1.00000  1.00000  1.00000  1.00000  1.00000  1.00000  1.00000  0.97073  1.00000
7.314860570e-01  0.97082  1.00000  1.00000  1.00000  1.00000  0.99951  1.00000  1.00000  1.00000  1.00000  1.00000  1.00000  1.00000  1.00000  1.00000  0.97130  1.00000
7.351434873e-01  0.97167  1.00000  1.00000  1.00000  1.00000  0.99981  1.00000  1.00000  1.00000  1.00000  1.00000  1.00000  1.00000  1.00000  1.00000  0.97186  1.00000
7.388192047e-01  0.97234  1.00000  1.00000  1.00000  1.00000  0.99993  1.00000  1.00000  1.00000  1.00000  1.00000  1.00000  1.00000  1.00000  1.00000  0.97240  1.00000
7.425133007e-01  0.97293  1.00000  1.00000  1.00000  1.00000  0.99999  1.00000  1.00000  1.00000  1.00000  1.00000  1.00000  1.00000  1.00000  1.00000  0.97294  1.00000
7.462258672e-01  0.97346  1.00000  1.00000  1.00000  1.00000  1.00000  1.00000  1.00000  1.00000  1.00000  1.00000  1.00000  1.00000  1.00000  1.00000  0.97347  1.00000
7.499569966e-01  0.97398  1.00000  1.00000  1.00000  1.00000  1.00000  1.00000  1.00000  1.00000  1.00000  1.00000  1.00000  1.00000  1.00000  1.00000  0.97399  1.00000
7.537067815e-01  0.97449  1.00000  1.00000  1.00000  1.00000  1.00000  1.00000  1.00000  1.00000  1.00000  1.00000  1.00000  1.00000  1.00000  1.00000  0.97449  1.00000
7.574753155e-01  0.97498  1.00000  1.00000  1.00000  1.00000  0.99999  1.00000  1.00000  1.00000  1.00000  1.00000  1.00000  1.00000  1.00000  1.00000  0.97499  1.00000
7.612626920e-01  0.97545  1.00000  1.00000  1.00000  1.00000  0.99997  1.00000  1.00000  1.00000  1.00000  1.00000  1.00000  1.00000  1.00000  1.00000  0.97548  1.00000
7.650690055e-01  0.97592  1.00000  1.00000  1.00000  1.00000  0.99996  1.00000  1.00000  1.00000  1.00000  1.00000  1.00000  1.00000  1.00000  1.00000  0.97596  1.00000
7.688943505e-01  0.97639  1.00000  1.00000  1.00000  1.00000  0.99996  1.00000  1.00000  1.00000  1.00000  1.00000  1.00000  1.00000  1.00000  1.00000  0.97643  1.00000
7.727388223e-01  0.97683  1.00000  1.00000  1.00000  1.00000  0.99995  1.00000  1.00000  1.00000  1.00000  1.00000  1.00000  1.00000  1.00000  1.00000  0.97689  1.00000
7.766025164e-01  0.97726  1.00000  1.00000  1.00000  1.00000  0.99992  1.00000  1.00000  1.00000  1.00000  1.00000  1.00000  1.00000  1.00000  1.00000  0.97734  1.00000
7.804855290e-01  0.97763  1.00000  1.00000  1.00000  1.00000  0.99984  1.00000  1.00000  1.00000  1.00000  1.00000  1.00000  1.00000  1.00000  1.00000  0.97778  1.00000
7.843879566e-01  0.97802  1.00000  1.00000  1.00000  1.00000  0.99980  1.00000  1.00000  1.00000  1.00000  1.00000  1.00000  1.00000  1.00000  1.00000  0.97821  1.00000
7.883098964e-01  0.97849  1.00000  1.00000  1.00000  1.00000  0.99985  1.00000  1.00000  1.00000  1.00000  1.00000  1.00000  1.00000  1.00000  1.00000  0.97864  1.00000
7.922514459e-01  0.97888  1.00000  1.00000  1.00000  1.00000  0.99982  1.00000  1.00000  1.00000  1.00000  1.00000  1.00000  1.00000  1.00000  1.00000  0.97906  1.00000
7.962127031e-01  0.97922  1.00000  1.00000  1.00000  1.00000  0.99975  1.00000  1.00000  1.00000  1.00000  1.00000  1.00000  1.00000  1.00000  1.00000  0.97947  1.00000
8.001937666e-01  0.97964  1.00000  1.00000  1.00000  1.00000  0.99977  1.00000  1.00000  1.00000  1.00000  1.00000  1.00000  1.00000  1.00000  1.00000  0.97987  1.00000
8.041947355e-01  0.98010  1.00000  1.00000  1.00000  1.00000  0.99984  1.00000  1.00000  1.00000  1.00000  1.00000  1.00000  1.00000  1.00000  1.00000  0.98026  1.00000
8.082157091e-01  0.98055  1.00000  1.00000  1.00000  1.00000  0.99990  1.00000  1.00000  1.00000  1.00000  1.00000  1.00000  1.00000  1.00000  1.00000  0.98065  1.00000
8.122567877e-01  0.98097  1.00000  1.00000  1.00000  1.00000  0.99994  1.00000  1.00000  1.00000  1.00000  1.00000  1.00000  1.00000  1.00000  1.00000  0.98103  1.00000
8.163180716e-01  0.98137  1.00000  1.00000  1.00000  1.00000  0.99997  1.00000  1.00000  1.00000  1.00000  1.00000  1.00000  1.00000  1.00000  1.00000  0.98140  1.00000
8.203996620e-01  0.98175  1.00000  1.00000  1.00000  1.00000  0.99999  1.00000  1.00000  1.00000  1.00000  1.00000  1.00000  1.00000  1.00000  1.00000  0.98176  1.00000
8.245016603e-01  0.98211  1.00000  1.00000  1.00000  1.00000  0.99999  1.00000  1.00000  1.00000  1.00000  1.00000  1.00000  1.00000  1.00000  1.00000  0.98212  1.00000
8.286241686e-01  0.98246  1.00000  1.00000  1.00000  1.00000  0.99999  1.00000  1.00000  1.00000  1.00000  1.00000  1.00000  1.00000  1.00000  1.00000  0.98247  1.00000
8.327672894e-01  0.98280  1.00000  1.00000  1.00000  1.00000  0.99999  1.00000  1.00000  1.00000  1.00000  1.00000  1.00000  1.00000  1.00000  1.00000  0.98281  1.00000
8.369311259e-01  0.98305  1.00000  1.00000  1.00000  1.00000  0.99989  1.00000  1.00000  1.00000  1.00000  1.00000  1.00000  1.00000  1.00000  1.00000  0.98315  1.00000
8.411157815e-01  0.98331  1.00000  1.00000  1.00000  1.00000  0.99983  1.00000  1.00000  1.00000  1.00000  1.00000  1.00000  1.00000  1.00000  1.00000  0.98348  1.00000
8.453213604e-01  0.98369  1.00000  1.00000  1.00000  1.00000  0.99989  1.00000  1.00000  1.00000  1.00000  1.00000  1.00000  1.00000  1.00000  1.00000  0.98380  1.00000
8.495479672e-01  0.98404  1.00000  1.00000  1.00000  1.00000  0.99992  1.00000  1.00000  1.00000  1.00000  1.00000  1.00000  1.00000  1.00000  1.00000  0.98412  1.00000
8.537957071e-01  0.98427  1.00000  1.00000  1.00000  1.00000  0.99984  1.00000  1.00000  1.00000  1.00000  1.00000  1.00000  1.00000  1.00000  1.00000  0.98443  1.00000
8.580646856e-01  0.98429  1.00000  1.00000  1.00000  1.00000  0.99954  1.00000  1.00000  1.00000  1.00000  1.00000  1.00000  1.00000  1.00000  1.00000  0.98474  1.00000
8.623550090e-01  0.98398  1.00000  1.00000  1.00000  1.00000  0.99893  1.00000  1.00000  1.00000  1.00000  1.00000  1.00000  1.00000  1.00000  1.00000  0.98504  1.00000
8.666667841e-01  0.98448  1.00000  1.00000  1.00000  1.00000  0.99914  1.00000  1.00000  1.00000  1.00000  1.00000  1.00000  1.00000  1.00000  1.00000  0.98533  1.00000
8.710001180e-01  0.98499  1.00000  0.99999  1.00000  1.00000  0.99938  1.00000  1.00000  1.00000  1.00000  1.00000  1.00000  1.00000  1.00000  1.00000  0.98562  1.00000
8.753551186e-01  0.98533  1.00000  0.99999  1.00000  1.00000  0.99943  1.00000  1.00000  1.00000  1.00000  1.00000  1.00000  1.00000  1.00000  1.00000  0.98590  1.00000
8.797318942e-01  0.98496  1.00000  1.00000  1.00000  1.00000  0.99877  1.00000  1.00000  1.00000  1.00000  1.00000  1.00000  1.00000  1.00000  1.00000  0.98617  1.00000
8.841305536e-01  0.97727  1.00000  1.00000  1.00000  1.00000  0.99070  1.00000  1.00000  1.00000  1.00000  1.00000  1.00000  1.00000  1.00000  1.00000  0.98645  1.00000
8.885512064e-01  0.97379  1.00000  1.00000  1.00000  1.00000  0.98691  1.00000  1.00000  1.00000  1.00000  1.00000  1.00000  1.00000  1.00000  1.00000  0.98671  1.00000
8.929939624e-01  0.97705  1.00000  1.00000  1.00000  1.00000  0.98995  1.00000  1.00000  1.00000  1.00000  1.00000  1.00000  1.00000  1.00000  1.00000  0.98697  1.00000
8.974589322e-01  0.97995  1.00000  1.00000  1.00000  1.00000  0.99263  1.00000  1.00000  1.00000  1.00000  1.00000  1.00000  1.00000  1.00000  1.00000  0.98723  1.00000
9.019462269e-01  0.98386  1.00000  1.00000  1.00000  1.00000  0.99633  1.00000  1.00000  1.00000  1.00000  1.00000  1.00000  1.00000  1.00000  1.00000  0.98748  1.00000
9.064559580e-01  0.98654  1.00000  1.00000  1.00000  1.00000  0.99880  1.00000  1.00000  1.00000  1.00000  1.00000  1.00000  1.00000  1.00000  1.00000  0.98772  1.00000
9.109882378e-01  0.98750  1.00000  1.00000  1.00000  1.00000  0.99953  1.00000  1.00000  1.00000  1.00000  1.00000  1.00000  1.00000  1.00000  1.00000  0.98797  1.00000
9.155431790e-01  0.98787  1.00000  1.00000  1.00000  1.00000  0.99966  1.00000  1.00000  1.00000  1.00000  1.00000  1.00000  1.00000  1.00000  1.00000  0.98820  1.00000
9.201208949e-01  0.98832  1.00000  1.00000  1.00000  1.00000  0.99988  1.00000  1.00000  1.00000  1.00000  1.00000  1.00000  1.00000  1.00000  1.00000  0.98843  1.00000
9.247214994e-01  0.98860  1.00000  1.00000  1.00000  1.00000  0.99994  1.00000  1.00000  1.00000  1.00000  1.00000  1.00000  1.00000  1.00000  1.00000  0.98866  1.00000
9.293451069e-01  0.98886  1.00000  1.00000  1.00000  1.00000  0.99997  1.00000  1.00000  1.00000  1.00000  1.00000  1.00000  1.00000  1.00000  1.00000  0.98888  1.00000
9.339918324e-01  0.98909  1.00000  1.00000  1.00000  1.00000  0.99999  1.00000  1.00000  1.00000  1.00000  1.00000  1.00000  1.00000  1.00000  1.00000  0.98910  1.00000
9.386617916e-01  0.98931  1.00000  1.00000  1.00000  1.00000  1.00000  1.00000  1.00000  1.00000  1.00000  1.00000  1.00000  1.00000  1.00000  1.00000  0.98932  1.00000
9.433551005e-01  0.98951  1.00000  1.00000  1.00000  1.00000  0.99998  1.00000  1.00000  1.00000  1.00000  1.00000  1.00000  1.00000  1.00000  1.00000  0.98953  1.00000
9.480718760e-01  0.98967  1.00000  1.00000  1.00000  1.00000  0.99993  1.00000  1.00000  1.00000  1.00000  1.00000  1.00000  1.00000  1.00000  1.00000  0.98973  1.00000
9.528122354e-01  0.98974  1.00000  1.00000  1.00000  1.00000  0.99980  1.00000  1.00000  1.00000  1.00000  1.00000  1.00000  1.00000  1.00000  1.00000  0.98993  1.00000
9.575762966e-01  0.98988  1.00000  1.00000  1.00000  1.00000  0.99975  1.00000  1.00000  1.00000  1.00000  1.00000  1.00000  1.00000  1.00000  1.00000  0.99013  1.00000
9.623641781e-01  0.98960  1.00000  1.00000  1.00000  1.00000  0.99928  1.00000  0.99999  1.00000  1.00000  1.00000  1.00000  1.00000  1.00000  1.00000  0.99033  1.00000
9.671759990e-01  0.98928  1.00000  1.00000  1.00000  1.00000  0.99875  1.00000  1.00000  1.00000  1.00000  1.00000  1.00000  1.00000  1.00000  1.00000  0.99052  1.00000
9.720118790e-01  0.98796  1.00000  1.00000  1.00000  1.00000  0.99723  1.00000  1.00000  1.00000  1.00000  1.00000  1.00000  1.00000  1.00000  1.00000  0.99070  1.00000
9.768719384e-01  0.98818  1.00000  1.00000  1.00000  1.00000  0.99727  1.00000  1.00000  1.00000  1.00000  1.00000  1.00000  1.00000  1.00000  1.00000  0.99088  1.00000
9.817562981e-01  0.98759  1.00000  1.00000  1.00000  1.00000  0.99650  1.00000  1.00000  1.00000  1.00000  1.00000  1.00000  1.00000  1.00000  1.00000  0.99106  1.00000
9.866650795e-01  0.98742  1.00000  1.00000  1.00000  1.00000  0.99614  1.00000  1.00000  1.00000  1.00000  1.00000  1.00000  1.00000  1.00000  1.00000  0.99124  1.00000
9.915984049e-01  0.98631  1.00000  1.00000  1.00000  1.00000  0.99486  1.00000  1.00000  1.00000  1.00000  1.00000  1.00000  1.00000  1.00000  1.00000  0.99141  1.00000
9.965563970e-01  0.98633  1.00000  1.00000  1.00000  1.00000  0.99471  1.00000  1.00000  1.00000  1.00000  1.00000  1.00000  1.00000  1.00000  1.00000  0.99158  1.00000
1.001539179e+00  0.98631  1.00000  1.00000  1.00000  1.00000  0.99451  1.00000  1.00000  1.00000  1.00000  1.00000  1.00000  1.00000  1.00000  1.00000  0.99175  1.00000
1.006546875e+00  0.98718  1.00000  1.00000  1.00000  1.00000  0.99523  1.00000  1.00000  1.00000  1.00000  1.00000  1.00000  1.00000  1.00000  1.00000  0.99191  1.00000
1.011579609e+00  0.98754  1.00000  1.00000  1.00000  1.00000  0.99544  1.00000  1.00000  1.00000  1.00000  1.00000  1.00000  1.00000  1.00000  1.00000  0.99207  1.00000
1.016637507e+00  0.98844  1.00000  1.00000  1.00000  1.00000  0.99619  1.00000  1.00000  1.00000  1.00000  1.00000  1.00000  1.00000  1.00000  1.00000  0.99222  1.00000
1.021720695e+00  0.98955  1.00000  1.00000  1.00000  1.00000  0.99715  1.00000  1.00000  1.00000  1.00000  1.00000  1.00000  1.00000  1.00000  1.00000  0.99238  1.00000
1.026829298e+00  0.99069  1.00000  1.00000  1.00000  1.00000  0.99815  1.00000  1.00000  1.00000  1.00000  1.00000  1.00000  1.00000  1.00000  1.00000  0.99253  1.00000
1.031963445e+00  0.99160  1.00000  1.00000  1.00000  1.00000  0.99892  1.00000  1.00000  1.00000  1.00000  1.00000  1.00000  1.00000  1.00000  1.00000  0.99267  1.00000
1.037123262e+00  0.99217  1.00000  0.99997  1.00000  1.00000  0.99938  1.00000  1.00000  1.00000  1.00000  1.00000  1.00000  1.00000  1.00000  1.00000  0.99282  1.00000
1.042308878e+00  0.99259  1.00000  0.99997  1.00000  1.00000  0.99966  1.00000  1.00000  1.00000  1.00000  1.00000  1.00000  1.00000  1.00000  1.00000  0.99296  1.00000
1.047520423e+00  0.99291  1.00000  0.99999  1.00000  1.00000  0.99981  1.00000  1.00000  1.00000  1.00000  1.00000  1.00000  1.00000  1.00000  1.00000  0.99310  1.00000
1.052758025e+00  0.99305  1.00000  0.99984  1.00000  1.00000  0.99998  1.00000  1.00000  1.00000  1.00000  1.00000  1.00000  1.00000  1.00000  1.00000  0.99323  1.00000
1.058021815e+00  0.99333  1.00000  0.99996  1.00000  1.00000  1.00000  1.00000  1.00000  1.00000  1.00000  1.00000  1.00000  1.00000  1.00000  1.00000  0.99337  1.00000
1.063311924e+00  0.99348  1.00000  0.99998  1.00000  1.00000  1.00000  1.00000  1.00000  1.00000  1.00000  1.00000  1.00000  1.00000  1.00000  1.00000  0.99350  1.00000
1.068628484e+00  0.99360  1.00000  0.99998  1.00000  1.00000  1.00000  1.00000  1.00000  1.00000  1.00000  1.00000  1.00000  1.00000  1.00000  1.00000  0.99363  1.00000
1.073971626e+00  0.99375  1.00000  0.99999  1.00000  1.00000  1.00000  1.00000  1.00000  1.00000  1.00000  1.00000  1.00000  1.00000  1.00000  1.00000  0.99375  1.00000
1.079341484e+00  0.99387  1.00000  1.00000  1.00000  1.00000  1.00000  1.00000  1.00000  1.00000  1.00000  1.00000  1.00000  1.00000  1.00000  1.00000  0.99387  1.00000
1.084738192e+00  0.99399  1.00000  1.00000  1.00000  1.00000  0.99999  1.00000  1.00000  1.00000  1.00000  1.00000  1.00000  1.00000  1.00000  1.00000  0.99399  1.00000
1.090161883e+00  0.99402  1.00000  1.00000  1.00000  1.00000  0.99991  1.00000  1.00000  1.00000  1.00000  1.00000  1.00000  1.00000  1.00000  1.00000  0.99411  1.00000
1.095612692e+00  0.99373  1.00000  1.00000  1.00000  1.00000  0.99950  1.00000  1.00000  1.00000  1.00000  1.00000  1.00000  1.00000  1.00000  1.00000  0.99423  1.00000
1.101090755e+00  0.99371  1.00000  1.00000  1.00000  1.00000  0.99936  1.00000  1.00000  1.00000  1.00000  1.00000  1.00000  1.00000  1.00000  1.00000  0.99434  1.00000
1.106596209e+00  0.99382  1.00000  1.00000  1.00000  1.00000  0.99936  1.00000  1.00000  1.00000  1.00000  1.00000  1.00000  1.00000  1.00000  1.00000  0.99445  1.00000
1.112129190e+00  0.99248  1.00000  1.00000  1.00000  1.00000  0.99791  1.00000  1.00000  1.00000  1.00000  1.00000  1.00000  1.00000  1.00000  1.00000  0.99456  1.00000
1.117689836e+00  0.98869  1.00000  0.99999  1.00000  1.00000  0.99399  1.00000  1.00000  1.00000  1.00000  1.00000  1.00000  1.00000  1.00000  1.00000  0.99467  1.00000
1.123278285e+00  0.98240  1.00000  1.00000  1.00000  1.00000  0.98756  1.00000  1.00000  1.00000  1.00000  1.00000  1.00000  1.00000  1.00000  1.00000  0.99478  1.00000
1.128894677e+00  0.97078  1.00000  1.00000  1.00000  1.00000  0.97578  1.00000  1.00000  1.00000  1.00000  1.00000  1.00000  1.00000  1.00000  1.00000  0.99488  1.00000
1.134539150e+00  0.97628  1.00000  0.99999  1.00000  1.00000  0.98122  1.00000  1.00000  1.00000  1.00000  1.00000  1.00000  1.00000  1.00000  1.00000  0.99498  1.00000
1.140211846e+00  0.97307  1.00000  1.00000  1.00000  1.00000  0.97789  1.00000  1.00000  1.00000  1.00000  1.00000  1.00000  1.00000  1.00000  1.00000  0.99508  1.00000
1.145912905e+00  0.97994  1.00000  1.00000  1.00000  1.00000  0.98469  1.00000  1.00000  1.00000  1.00000  1.00000  1.00000  1.00000  1.00000  1.00000  0.99518  1.00000
1.151642470e+00  0.96590  1.00000  1.00000  1.00000  1.00000  0.97049  1.00000  1.00000  1.00000  1.00000  1.00000  1.00000  1.00000  1.00000  1.00000  0.99527  1.00000
1.157400682e+00  0.93819  1.00000  1.00000  1.00000  1.00000  0.94257  1.00000  1.00000  1.00000  1.00000  1.00000  1.00000  1.00000  1.00000  1.00000  0.99536  1.00000
1.163187685e+00  0.94562  1.00000  1.00000  1.00000  1.00000  0.94994  1.00000  1.00000  1.00000  1.00000  1.00000  1.00000  1.00000  1.00000  1.00000  0.99545  1.00000
1.169003624e+00  0.94789  1.00000  1.00000  1.00000  1.00000  0.95213  1.00000  1.00000  1.00000  1.00000  1.00000  1.00000  1.00000  1.00000  1.00000  0.99554  1.00000
1.174848642e+00  0.96450  1.00000  1.00000  1.00000  1.00000  0.96873  1.00000  1.00000  1.00000  1.00000  1.00000  1.00000  1.00000  1.00000  1.00000  0.99563  1.00000
1.180722885e+00  0.97729  1.00000  1.00000  1.00000  1.00000  0.98171  1.00000  0.99977  1.00000  1.00000  1.00000  1.00000  1.00000  1.00000  1.00000  0.99572  1.00000
1.186626500e+00  0.97965  1.00000  1.00000  1.00000  1.00000  0.98689  1.00000  0.99678  1.00000  1.00000  1.00000  1.00000  1.00000  1.00000  1.00000  0.99580  1.00000
1.192559632e+00  0.98185  1.00000  1.00000  1.00000  1.00000  0.98703  1.00000  0.99883  1.00000  1.00000  1.00000  1.00000  1.00000  1.00000  1.00000  0.99589  1.00000
1.198522430e+00  0.98949  1.00000  0.99991  1.00000  1.00000  0.99436  1.00000  0.99920  1.00000  1.00000  1.00000  1.00000  1.00000  1.00000  1.00000  0.99597  1.00000
1.204515042e+00  0.99068  1.00000  0.99855  1.00000  1.00000  0.99615  1.00000  0.99990  1.00000  1.00000  1.00000  1.00000  1.00000  1.00000  1.00000  0.99605  1.00000
1.210537618e+00  0.99194  1.00000  0.99747  1.00000  1.00000  0.99834  1.00000  0.99997  1.00000  1.00000  1.00000  1.00000  1.00000  1.00000  1.00000  0.99612  1.00000
1.216590306e+00  0.99481  1.00000  0.99968  1.00000  1.00000  0.99895  1.00000  0.99997  1.00000  1.00000  1.00000  1.00000  1.00000  1.00000  1.00000  0.99620  1.00000
1.222673257e+00  0.99376  1.00000  0.99807  1.00000  1.00000  0.99941  1.00000  0.99998  1.00000  1.00000  1.00000  1.00000  1.00000  1.00000  1.00000  0.99627  1.00000
1.228786624e+00  0.99513  1.00000  0.99932  1.00000  1.00000  0.99946  1.00000  1.00000  1.00000  1.00000  1.00000  1.00000  1.00000  1.00000  1.00000  0.99635  1.00000
1.234930557e+00  0.99565  1.00000  0.99989  1.00000  1.00000  0.99934  1.00000  1.00000  1.00000  1.00000  1.00000  1.00000  1.00000  1.00000  1.00000  0.99642  1.00000
1.241105209e+00  0.99610  1.00000  0.99996  1.00000  1.00000  0.99965  1.00000  1.00000  1.00000  1.00000  1.00000  1.00000  1.00000  1.00000  1.00000  0.99649  1.00000
1.247310736e+00  0.99632  1.00000  0.99999  1.00000  1.00000  0.99977  1.00000  1.00000  1.00000  1.00000  1.00000  1.00000  1.00000  1.00000  1.00000  0.99656  1.00000
1.253547289e+00  0.99649  1.00000  0.99999  1.00000  1.00000  0.99987  1.00000  1.00000  1.00000  1.00000  1.00000  1.00000  1.00000  1.00000  1.00000  0.99663  1.00000
1.259815026e+00  0.99662  1.00000  0.99999  1.00000  1.00000  0.99993  1.00000  1.00000  1.00000  1.00000  1.00000  1.00000  1.00000  1.00000  1.00000  0.99669  1.00000
1.266114101e+00  0.99669  1.00000  0.99998  1.00000  1.00000  0.99994  1.00000  1.00000  1.00000  1.00000  1.00000  1.00000  1.00000  1.00000  1.00000  0.99676  1.00000
1.272444671e+00  0.99678  1.00000  1.00000  1.00000  1.00000  0.99996  1.00000  1.00000  1.00000  1.00000  1.00000  1.00000  1.00000  1.00000  1.00000  0.99682  1.00000
1.278806895e+00  0.99686  1.00000  1.00000  1.00000  1.00000  0.99997  1.00000  1.00000  1.00000  1.00000  1.00000  1.00000  1.00000  1.00000  1.00000  0.99689  1.00000
1.285200929e+00  0.99692  1.00000  0.99999  1.00000  1.00000  0.99998  1.00000  1.00000  1.00000  1.00000  1.00000  1.00000  1.00000  1.00000  1.00000  0.99695  1.00000
1.291626934e+00  0.99685  1.00000  0.99988  1.00000  1.00000  0.99997  1.00000  1.00000  1.00000  1.00000  1.00000  1.00000  1.00000  1.00000  1.00000  0.99701  1.00000
1.298085068e+00  0.99679  1.00000  0.99988  1.00000  1.00000  0.99983  1.00000  1.00000  1.00000  1.00000  1.00000  1.00000  1.00000  1.00000  1.00000  0.99707  1.00000
1.304575494e+00  0.99637  1.00000  1.00000  1.00000  1.00000  0.99925  1.00000  1.00000  1.00000  1.00000  1.00000  1.00000  1.00000  1.00000  1.00000  0.99712  1.00000
1.311098371e+00  0.99310  1.00000  0.99997  1.00000  1.00000  0.99593  1.00000  1.00000  1.00000  1.00000  1.00000  1.00000  1.00000  1.00000  1.00000  0.99718  1.00000
1.317653863e+00  0.98280  1.00000  0.99943  1.00000  1.00000  0.98604  1.00000  1.00000  1.00000  1.00000  1.00000  1.00000  1.00000  1.00000  1.00000  0.99724  1.00000
1.324242132e+00  0.97573  1.00000  0.99968  1.00000  1.00000  0.97864  1.00000  1.00000  1.00000  1.00000  1.00000  1.00000  1.00000  1.00000  1.00000  0.99729  1.00000
1.330863343e+00  0.98072  1.00000  0.99999  1.00000  1.00000  0.98334  1.00000  1.00000  1.00000  1.00000  1.00000  1.00000  1.00000  1.00000  1.00000  0.99734  1.00000
1.337517660e+00  0.95283  1.00000  0.99989  1.00000  1.00000  0.95541  1.00000  1.00000  1.00000  1.00000  1.00000  1.00000  1.00000  1.00000  1.00000  0.99740  1.00000
1.344205248e+00  0.95465  1.00000  0.99978  1.00000  1.00000  0.95727  1.00000  1.00000  1.00000  1.00000  1.00000  1.00000  1.00000  1.00000  1.00000  0.99745  1.00000
1.350926274e+00  0.95949  1.00000  0.99994  1.00000  1.00000  0.96194  1.00000  1.00000  1.00000  1.00000  1.00000  1.00000  1.00000  1.00000  1.00000  0.99750  1.00000
1.357680906e+00  0.95079  1.00000  0.99999  1.00000  1.00000  0.95313  1.00000  1.00000  1.00000  1.00000  1.00000  1.00000  1.00000  1.00000  1.00000  0.99755  1.00000
1.364469310e+00  0.95421  1.00000  1.00000  1.00000  1.00000  0.95651  1.00000  1.00000  1.00000  1.00000  1.00000  1.00000  1.00000  1.00000  1.00000  0.99760  1.00000
1.371291657e+00  0.96024  1.00000  0.99999  1.00000  1.00000  0.96252  1.00000  1.00000  1.00000  1.00000  1.00000  1.00000  1.00000  1.00000  1.00000  0.99764  1.00000
1.378148115e+00  0.94843  1.00000  0.99999  1.00000  1.00000  0.95063  1.00000  1.00000  1.00000  1.00000  1.00000  1.00000  1.00000  1.00000  1.00000  0.99769  1.00000
1.385038856e+00  0.94017  1.00000  1.00000  1.00000  1.00000  0.94231  1.00000  1.00000  1.00000  1.00000  1.00000  1.00000  1.00000  1.00000  1.00000  0.99774  1.00000
1.391964050e+00  0.94483  1.00000  1.00000  1.00000  1.00000  0.94694  1.00000  1.00000  1.00000  1.00000  1.00000  1.00000  1.00000  1.00000  1.00000  0.99778  1.00000
1.398923870e+00  0.95459  1.00000  1.00000  1.00000  1.00000  0.95667  1.00000  1.00000  1.00000  1.00000  1.00000  1.00000  1.00000  1.00000  1.00000  0.99782  1.00000
1.405918490e+00  0.94876  1.00000  1.00000  1.00000  1.00000  0.95079  1.00000  1.00000  1.00000  1.00000  1.00000  1.00000  1.00000  1.00000  1.00000  0.99787  1.00000
1.412948082e+00  0.94957  1.00000  1.00000  1.00000  1.00000  0.95156  1.00000  1.00000  1.00000  1.00000  1.00000  1.00000  1.00000  1.00000  1.00000  0.99791  1.00000
1.420012822e+00  0.96975  1.00000  1.00000  1.00000  1.00000  0.97174  1.00000  1.00000  1.00000  1.00000  1.00000  1.00000  1.00000  1.00000  1.00000  0.99795  1.00000
1.427112886e+00  0.97718  1.00000  0.99943  1.00000  1.00000  0.97970  1.00000  1.00000  1.00000  1.00000  1.00000  1.00000  1.00000  1.00000  1.00000  0.99799  1.00000
1.434248451e+00  0.93509  1.00000  0.94938  1.00000  1.00000  0.98619  1.00000  1.00000  1.00000  1.00000  1.00000  1.00000  1.00000  1.00000  1.00000  0.99803  1.00000
1.441419693e+00  0.94251  1.00000  0.95102  1.00000  1.00000  0.99222  1.00000  1.00000  1.00000  1.00000  1.00000  1.00000  1.00000  1.00000  1.00000  0.99807  1.00000
1.448626792e+00  0.98575  1.00000  0.99291  1.00000  1.00000  0.99456  1.00000  1.00000  1.00000  1.00000  1.00000  1.00000  1.00000  1.00000  1.00000  0.99811  1.00000
1.455869926e+00  0.99388  1.00000  0.99955  1.00000  1.00000  0.99617  1.00000  1.00000  1.00000  1.00000  1.00000  1.00000  1.00000  1.00000  1.00000  0.99814  1.00000
1.463149275e+00  0.99550  1.00000  0.99997  1.00000  1.00000  0.99734  1.00000  1.00000  1.00000  1.00000  1.00000  1.00000  1.00000  1.00000  1.00000  0.99818  1.00000
1.470465022e+00  0.99564  1.00000  0.99999  1.00000  1.00000  0.99743  1.00000  1.00000  1.00000  1.00000  1.00000  1.00000  1.00000  1.00000  1.00000  0.99822  1.00000
1.477817347e+00  0.99292  1.00000  0.99904  1.00000  1.00000  0.99560  1.00000  1.00000  1.00000  1.00000  1.00000  1.00000  1.00000  1.00000  1.00000  0.99825  1.00000
1.485206433e+00  0.99556  1.00000  0.99965  1.00000  1.00000  0.99762  1.00000  1.00000  1.00000  1.00000  1.00000  1.00000  1.00000  1.00000  1.00000  0.99829  1.00000
1.492632466e+00  0.99707  1.00000  0.99991  1.00000  1.00000  0.99883  1.00000  1.00000  1.00000  1.00000  1.00000  1.00000  1.00000  1.00000  1.00000  0.99832  1.00000
1.500095628e+00  0.99743  1.00000  0.99973  1.00000  1.00000  0.99934  1.00000  1.00000  1.00000  1.00000  1.00000  1.00000  1.00000  1.00000  1.00000  0.99835  1.00000
1.507596106e+00  0.99791  1.00000  0.99998  1.00000  1.00000  0.99955  1.00000  1.00000  1.00000  1.00000  1.00000  1.00000  1.00000  1.00000  1.00000  0.99839  1.00000
1.515134087e+00  0.99806  1.00000  1.00000  1.00000  1.00000  0.99964  1.00000  1.00000  1.00000  1.00000  1.00000  1.00000  1.00000  1.00000  1.00000  0.99842  1.00000
1.522709757e+00  0.99821  1.00000  0.99998  1.00000  1.00000  0.99978  1.00000  1.00000  1.00000  1.00000  1.00000  1.00000  1.00000  1.00000  1.00000  0.99845  1.00000
1.530323306e+00  0.99794  1.00000  0.99960  1.00000  1.00000  0.99986  1.00000  1.00000  1.00000  1.00000  1.00000  1.00000  1.00000  1.00000  1.00000  0.99848  1.00000
1.537974922e+00  0.99611  1.00000  0.99768  1.00000  1.00000  0.99991  1.00000  1.00000  1.00000  1.00000  1.00000  1.00000  1.00000  1.00000  1.00000  0.99851  1.00000
1.545664797e+00  0.99646  1.00000  0.99799  1.00000  1.00000  0.99992  1.00000  1.00000  1.00000  1.00000  1.00000  1.00000  1.00000  1.00000  1.00000  0.99854  1.00000
1.553393121e+00  0.99843  1.00000  0.99991  1.00000  1.00000  0.99995  1.00000  1.00000  1.00000  1.00000  1.00000  1.00000  1.00000  1.00000  1.00000  0.99857  1.00000
1.561160087e+00  0.97448  1.00000  0.99998  1.00000  1.00000  0.99994  1.00000  0.97592  1.00000  1.00000  1.00000  1.00000  1.00000  1.00000  1.00000  0.99860  1.00000
1.568965887e+00  0.78112  1.00000  0.99631  1.00000  1.00000  0.99993  1.00000  0.78336  1.00000  1.00000  1.00000  1.00000  1.00000  1.00000  1.00000  0.99862  1.00000
1.576810716e+00  0.86274  1.00000  0.97550  1.00000  1.00000  0.99997  1.00000  0.87482  1.00000  1.00000  1.00000  1.00000  1.00000  1.00000  1.00000  0.99865  1.00000
1.584694770e+00  0.86177  1.00000  0.98676  1.00000  1.00000  0.99997  1.00000  0.86770  1.00000  1.00000  1.00000  1.00000  1.00000  1.00000  1.00000  0.99868  1.00000
1.592618244e+00  0.91688  1.00000  0.99950  1.00000  1.00000  0.99994  1.00000  0.91831  1.00000  1.00000  1.00000  1.00000  1.00000  1.00000  1.00000  0.99870  1.00000
1.600581335e+00  0.95577  1.00000  0.99001  1.00000  1.00000  0.99969  1.00000  0.96557  1.00000  1.00000  1.00000  1.00000  1.00000  1.00000  1.00000  0.99873  1.00000
1.608584242e+00  0.96467  1.00000  0.97838  1.00000  1.00000  0.99910  1.00000  0.98619  1.00000  1.00000  1.00000  1.00000  1.00000  1.00000  1.00000  0.99875  1.00000
1.616627163e+00  0.97761  1.00000  0.98923  1.00000  1.00000  0.99456  1.00000  0.99419  1.00000  1.00000  1.00000  1.00000  1.00000  1.00000  1.00000  0.99878  1.00000
1.624710299e+00  0.97421  1.00000  0.99915  1.00000  1.00000  0.98043  1.00000  0.99530  1.00000  1.00000  1.00000  1.00000  1.00000  1.00000  1.00000  0.99880  1.00000
1.632833850e+00  0.93458  1.00000  0.99974  1.00000  1.00000  0.93681  1.00000  0.99863  1.00000  1.00000  1.00000  1.00000  1.00000  1.00000  1.00000  0.99883  1.00000
1.640998020e+00  0.89574  1.00000  0.99881  1.00000  1.00000  0.89745  1.00000  0.99981  1.00000  1.00000  1.00000  1.00000  1.00000  1.00000  1.00000  0.99885  1.00000
1.649203010e+00  0.88560  1.00000  0.99767  1.00000  1.00000  0.88771  1.00000  0.99996  1.00000  1.00000  1.00000  1.00000  1.00000  1.00000  1.00000  0.99887  1.00000
1.657449025e+00  0.91109  1.00000  0.99911  1.00000  1.00000  0.91257  1.00000  0.99999  1.00000  1.00000  1.00000  1.00000  1.00000  1.00000  1.00000  0.99889  1.00000
1.665736270e+00  0.85756  1.00000  0.99979  1.00000  1.00000  0.85862  1.00000  0.99999  1.00000  1.00000  1.00000  1.00000  1.00000  1.00000  1.00000  0.99892  1.00000
1.674064951e+00  0.93021  1.00000  0.99993  1.00000  1.00000  0.93126  1.00000  1.00000  1.00000  1.00000  1.00000  1.00000  1.00000  1.00000  1.00000  0.99894  1.00000
1.682435276e+00  0.92670  1.00000  0.99996  1.00000  1.00000  0.92769  1.00000  1.00000  1.00000  1.00000  1.00000  1.00000  1.00000  1.00000  1.00000  0.99896  1.00000
1.690847452e+00  0.92106  1.00000  0.99999  1.00000  1.00000  0.92201  1.00000  1.00000  1.00000  1.00000  1.00000  1.00000  1.00000  1.00000  1.00000  0.99898  1.00000
1.699301690e+00  0.89756  1.00000  1.00000  1.00000  1.00000  0.89846  1.00000  1.00000  1.00000  1.00000  1.00000  1.00000  1.00000  1.00000  1.00000  0.99900  1.00000
